omo-	0.242385379929	0.575825585123	0.181789034947	0.0
ye'-	0.0177252584933	0.224519940916	0.0354505169867	0.722304283604
jac-	0.000952199581032	0.977718529804	0.0152351932965	0.00609407731861
oje-	0.796983184807	0.021631825376	0.00662019661453	0.174764793202
kxn-	0.490196078431	0.382445722769	0.0520814003835	0.0752767984165
oxl-	0.0805369127517	0.0201342281879	0.0402684563758	0.859060402685
qni-	0.423654618017	0.148665703988	0.115407793153	0.312271884842
inp-	0.344707520891	0.275766016713	0.0870473537604	0.292479108635
a'l-	0.927272727273	0.0727272727273	0.0	0.0
txa-	0.276801166288	0.551793775676	0.0924125296988	0.0789925283376
der-	0.238167822575	0.371541803216	0.0595229022178	0.330767471991
nme-	0.198262243286	0.602685624013	0.103475513428	0.0955766192733
tib-	0.141251134848	0.173376569783	0.0485562993306	0.636815996038
níg-	0.0350877192982	0.929824561404	0.0350877192982	0.0
atk-	0.302470888952	0.471456972451	0.0940073842658	0.132064754331
swa-	0.370705694901	0.434064041941	0.0547594572369	0.140470805921
ikx-	0.437092424109	0.0512532439059	0.0151242671726	0.496530064812
xhp-	0.00694370259588	0.981234198625	0.00576861446427	0.00605348431436
abr-	0.00706231887587	0.964038996988	0.0255704648954	0.00332821924035
tzu-	0.507284205434	0.113430716342	0.0279496519048	0.35133542632
ate-	0.353944489003	0.148256865227	0.0710845000375	0.426714145732
xhb-	0.151079487304	0.721136507627	0.085871631171	0.0419123738974
aqe-	0.20240998422	0.318103571941	0.0670635489887	0.41242289485
ety-	0.218809980806	0.550863723609	0.184261036468	0.0460652591171
dor-	0.0304568527919	0.63959390863	0.116751269035	0.213197969543
pat-	0.256320836966	0.564952048823	0.0924149956408	0.0863121185702
laj-	0.601621580349	0.132633039398	0.0144160390324	0.251329341221
oma-	0.596774193548	0.286866359447	0.0645161290322	0.0518433179724
noy-	0.0632603406326	0.768856447689	0.0802919708028	0.0875912408759
q'o-	0.283956763943	0.367981853886	0.162486113005	0.185575269166
chw-	0.564019448947	0.155591572123	0.163695299838	0.116693679092
jam-	0.317073170732	0.634146341463	0.0487804878049	0.0
rek-	0.225806451613	0.317419354839	0.193548387097	0.263225806452
qmo-	0.952380952381	0.047619047619	0.0	0.0
eso-	0.0655737704918	0.147540983607	0.655737704918	0.131147540984
che-	0.0321691834252	0.912831890074	0.0423316395906	0.0126672869105
oql-	0.477586788001	0.301145938659	0.13582743512	0.0854398382204
asi-	0.369983356957	0.0556057007956	0.0161422380409	0.558268704207
tip-	0.48493543759	0.400286944046	0.0860832137733	0.0286944045911
pij-	0.0	1.0	0.0	0.0
tér-	0.0264900662251	0.960264900662	0.0132450331126	0.0
amu-	0.123529411765	0.876470588235	0.0	0.0
exq-	0.470588235294	0.264705882353	0.161764705882	0.102941176471
tol-	0.706753006476	0.193339500463	0.049953746531	0.049953746531
nju-	0.496831432193	0.453738910013	0.0342205323194	0.0152091254753
pud-	0.0	1.0	0.0	0.0
moi-	0.0525262631316	0.934967483742	0.00141737535434	0.0110888777722
oni-	0.41935483871	0.270967741935	0.309677419355	0.0
wor-	0.572952404716	0.246927827335	0.18011976795	0.0
kyj-	0.386808063582	0.400477854833	0.0895200789246	0.12319400266
nli-	0.565800502934	0.326068734283	0.0704107292539	0.0377200335289
oyl-	0.295302013423	0.241610738255	0.201342281879	0.261744966443
aki-	0.123850991775	0.802128688921	0.011611030479	0.0624092888244
qb'-	0.366866371451	0.398499609273	0.101088825215	0.133545194061
jeq-	0.947882736156	0.0195439739414	0.0	0.0325732899023
qoy-	0.195739014647	0.645805592543	0.0532623169108	0.105193075899
ta'-	0.130590546631	0.775944759043	0.0631283947764	0.0303362995493
apa-	0.347235429969	0.278087216411	0.0747181089526	0.299959244668
ana-	0.350112766665	0.526879136318	0.0379339667985	0.0850741302178
kix-	0.358576556543	0.105546610086	0.0265066859046	0.509370147466
mna-	0.0714285714286	0.785714285714	0.142857142857	0.0
arm-	0.0	1.0	0.0	0.0
qya-	0.0565801028729	0.901768912307	0.0351273365952	0.00652364822481
nke-	0.223632283525	0.234310918517	0.130387680879	0.411669117078
tel-	0.443033490703	0.200549670433	0.0549471586873	0.301469680176
jwi-	0.0241164817872	0.763528994019	0.18322051935	0.0291340048436
xpa-	0.218533201189	0.687809712587	0.0728444003964	0.0208126858275
lum-	0.724137931034	0.172413793103	0.103448275862	0.0
axn-	0.449518484001	0.39039039039	0.0376928652791	0.122398260329
mes-	0.262896649005	0.6937490369	0.0	0.043354314095
qxk-	0.0	0.981132075472	0.0188679245283	0.0
sed-	0.0375	0.775	0.1875	0.0
qyo-	0.313651776717	0.311405931884	0.128418221237	0.246524070162
adi-	0.0	1.0	0.0	0.0
ami-	0.06237006237	0.912681912682	0.012474012474	0.012474012474
kax-	0.0749808722265	0.865340474369	0.0413159908187	0.0183626625861
str-	0.36640611121	0.60916681471	0.00977082963226	0.0146562444484
win-	0.275966210006	0.0468770516917	0.0172889219591	0.659867816343
wan-	0.131748315287	0.399821447752	0.0276808809986	0.440749355962
at--	0.401069518717	0.336898395722	0.048128342246	0.213903743315
gól-	0.0	0.996575342466	0.00342465753424	0.0
nni-	0.448115642746	0.276716572019	0.0485286525555	0.226639132679
ili-	0.535490605428	0.262004175365	0.180584551148	0.0219206680584
kaj-	0.431417624521	0.0961337513062	0.0181121560432	0.45433646813
tba-	0.0780760994894	0.379014989293	0.504035578982	0.0388733322352
sat-	0.0648202710667	0.92221567472	0.00942840306423	0.00353565114909
eya-	0.240506329114	0.658227848101	0.0759493670886	0.0253164556962
ani-	0.325735294118	0.479595588235	0.120404411765	0.0742647058823
poq-	0.519176136364	0.372159090909	0.0511363636364	0.0575284090909
tni-	0.631966546306	0.217077939686	0.0452709549432	0.105684559065
ban-	0.0751341681574	0.774597495528	0.150268336315	0.0
xuj-	0.0176062040503	0.66577385799	0.0149660027802	0.301653935179
wen-	0.51748702191	0.0527950606917	0.00584491182533	0.423873005573
ale-	0.20370040918	0.493417541363	0.260185020459	0.0426970289984
sid-	0.0	0.996316758748	0.0	0.0036832412523
eky-	0.207399195657	0.202306341277	0.0375573644925	0.552737098574
nsp-	0.297709923664	0.328244274809	0.358778625954	0.0152671755725
qaw-	0.295918367347	0.642857142857	0.0612244897959	0.0
dec-	0.354591836735	0.343367346939	0.185714285714	0.116326530612
xli-	0.92214532872	0.0467128027682	0.0311418685121	0.0
e'o-	0.587812579392	0.147098319602	0.0222843247559	0.242804776249
ksi-	0.282779388871	0.0928020748544	0.0136255172435	0.610793019031
ina-	0.630136986301	0.315068493151	0.0	0.054794520548
oxk-	0.139634801289	0.21589688507	0.0322234156821	0.612244897959
kxm-	0.406573561963	0.43412568569	0.05278323436	0.106517517988
txp-	0.133333333333	0.819047619048	0.0333333333333	0.0142857142857
txb-	0.227142132838	0.608179820855	0.153320939665	0.0113571066419
kni-	0.0335195530726	0.86592178771	0.0335195530726	0.0670391061452
fre-	0.0645161290323	0.903225806452	0.0322580645161	0.0
ti'-	0.0492012539906	0.0308208771206	0.0067687646098	0.913209104279
qta-	0.030619541386	0.901449306426	0.0144472259834	0.0534839262051
ub'-	0.0714241826632	0.879128306262	0.0439533431774	0.00549416789717
wi'-	0.0506527093104	0.116878311782	0.0081862964542	0.824282682453
atj-	0.0558497291563	0.488555134081	0.340997110377	0.114598026386
otq-	0.564041449025	0.185100664334	0.048007843535	0.202850043106
oné-	0.00999999999999	0.97	0.0	0.02
qus-	0.372093023256	0.37984496124	0.232558139535	0.015503875969
iky-	0.397058823529	0.132352941176	0.441176470588	0.0294117647059
kyw-	0.266802524366	0.274338213282	0.0404455702871	0.418413692065
xhq-	0.226426799007	0.442928039702	0.291563275434	0.0390818858561
sod-	0.00481916651367	0.995180833486	0.0	0.0
xhc-	0.368197568729	0.465769571715	0.0567758680997	0.109256991455
xoq-	0.0125523012552	0.987447698745	0.0	0.0
osi-	0.0	1.0	0.0	0.0
etx-	0.439334447919	0.401246862849	0.0826417954216	0.076776893811
xme-	0.0963139120095	0.829845422117	0.0684898929845	0.00535077288941
daw-	0.00174003828084	0.986659706514	0.00208804593701	0.00951220926859
kyy-	0.433563872823	0.3384837262	0.0788743778442	0.149078023133
we'-	0.549514563107	0.182524271845	0.073786407767	0.194174757282
tju-	0.512110140579	0.386750223814	0.0433109922815	0.0578286433255
omb-	0.14953271028	0.682242990654	0.0	0.168224299065
rej-	0.0283018867925	0.971698113208	0.0	0.0
jal-	0.305454545455	0.465454545455	0.185454545455	0.0436363636364
ksu-	0.4372248368	0.499013207834	0.0455442538333	0.0182177015333
nti-	0.325226860254	0.589836660617	0.0718693284936	0.0130671506352
tga-	0.435735760853	0.265927049405	0.0383649027433	0.259972286999
tmo-	0.0655826642285	0.903928542716	0.0166735587021	0.0138152343532
tre-	0.238574748257	0.476374903176	0.269558481797	0.01549186677
txl-	0.0524170064065	0.894001164822	0.00116482236458	0.0524170064066
wuk-	0.0829290686458	0.0528978235232	0.0416311700938	0.822541937737
eba-	0.111561234029	0.766593954503	0.0863197257713	0.0355250856964
elm-	0.0	1.0	0.0	0.0
xik-	0.536314692465	0.0576136794205	0.0049628119997	0.401108816115
agr-	0.0	0.993285586392	0.00402864816472	0.00268576544315
eni-	0.649485239822	0.100054140802	0.0341628496233	0.216297769753
exb-	0.138790035587	0.797153024911	0.0640569395017	0.0
moj-	0.23594836147	0.585733200927	0.0943396226415	0.083978814962
kyk-	0.391202257243	0.28314191811	0.0445948163154	0.281061008332
ron-	0.0	1.0	0.0	0.0
kew-	0.446233097231	0.11204121056	0.108177720541	0.333547971668
tky-	0.354096805757	0.484669882395	0.0477920432639	0.113441268585
qal-	0.406355077337	0.304724277068	0.110205110962	0.178715534634
nxa-	0.571428571429	0.32967032967	0.0659340659341	0.032967032967
qji-	0.340989399293	0.420242301868	0.116607773852	0.122160524987
eq'-	0.572975259233	0.204077974815	0.0605233149402	0.162423451012
maj-	0.0883230098647	0.896796483039	0.00672022901144	0.00816027808533
kiy-	0.0	0.962962962963	0.037037037037	0.0
xtx-	0.305650388293	0.425914210032	0.135115072974	0.133320328701
tec-	0.383167700692	0.560353768693	0.0408267174565	0.0156518131588
sek-	0.452910958904	0.336044520548	0.0633561643836	0.147688356164
min-	0.16534808542	0.0955186931425	0.039377175659	0.699756045779
apr-	0.0	0.3	0.7	0.0
est-	0.0775265343793	0.803414859253	0.119058606368	0.0
je'-	0.314328210213	0.422905304908	0.0327218641547	0.230044620724
ajl-	0.344951008903	0.630888998255	0.0241599928415	0.0
kay-	0.00548112058465	0.987210718636	0.00730816077954	0.0
nwi-	0.254606276782	0.179605923418	0.041227016828	0.524560782972
max-	0.0834832823543	0.169912659515	0.0142131870036	0.732390871127
kak-	0.209912536443	0.163265306122	0.0	0.626822157434
sto-	0.291338582677	0.602362204725	0.0236220472441	0.0826771653542
gog-	0.0	0.965517241379	0.0344827586207	0.0
jup-	0.882352941176	0.117647058824	0.0	0.0
nye-	0.649237354194	0.187100340653	0.02351362651	0.140148678643
pic-	0.0492040287736	0.946779315816	0.00200832770505	0.00200832770505
qxj-	0.140417498015	0.61946750767	0.0993327755251	0.14078221879
qot-	0.433478275525	0.323996359591	0.117302052786	0.125223312098
ród-	0.0196078431372	0.980392156863	0.0	0.0
qul-	0.603773584906	0.325471698113	0.0283018867925	0.0424528301887
o'a-	0.44776119403	0.507462686567	0.044776119403	0.0
nep-	0.0	1.0	0.0	0.0
sau-	0.0157704239917	0.953464322647	0.0	0.0307652533609
pri-	0.0	0.939597315436	0.0469798657718	0.0134228187919
twe-	0.218772053634	0.697953422724	0.0105857445307	0.0726887791108
o'o-	0.35065748278	0.510997182217	0.036983406387	0.101361928616
sew-	0.472222222222	0.344982078853	0.11917562724	0.0636200716846
sky-	0.892348025561	0.0525970834016	0.0550548910372	0.0
orj-	0.0381379697139	0.58805384184	0.132080762759	0.241727425687
men-	0.215333596526	0.266450848796	0.490359257797	0.0278562968812
ald-	0.0208926875594	0.930357708136	0.005698005698	0.0430515986071
ank-	0.100415315469	0.0922967514365	0.031802924276	0.775485008818
nsw-	0.540208193827	0.304924818896	0.117611249772	0.0372557375054
kx'-	0.633609382233	0.201481405277	0.0449565351577	0.119952677331
axu-	0.196201397599	0.699874574449	0.0483784268052	0.0555456011468
skw-	0.0	1.0	0.0	0.0
n'e-	0.552463876033	0.199945186192	0.0535228175517	0.194068120223
iqt-	0.291604754829	0.691679049034	0.00557206537891	0.0111441307578
jub-	0.491348470468	0.382346499233	0.0613272979485	0.0649777323502
tze-	0.0920903450999	0.862176588237	0.0285353953554	0.0171976713079
nwu-	0.114285714286	0.857142857143	0.0285714285714	0.0
nqy-	0.456140350877	0.140350877193	0.315789473684	0.0877192982456
tqe-	0.285847182738	0.117480003662	0.0273319080671	0.569340905532
pit-	0.027027027027	0.837837837838	0.135135135135	0.0
oxj-	0.0984499985349	0.0216531395587	0.0184593747253	0.861437487181
kxl-	0.519143110187	0.440758736685	0.0349792399633	0.00511891316537
txq-	0.0913738568429	0.301653197496	0.205287610266	0.401685335395
eti-	0.21484735917	0.180233540068	0.0510491706962	0.553869930066
a'n-	0.17697228145	0.733475479744	0.00639658848614	0.0831556503198
ebr-	0.0127048659637	0.954262482531	0.0292211917164	0.0038114597891
pet-	0.38264946827	0.133855109154	0.0155106479707	0.467984774605
anf-	0.0	1.0	0.0	0.0
páf-	0.0	1.0	0.0	0.0
atu-	0.121059972106	0.753974895398	0.0156206415621	0.109344490934
tu'-	0.271186123533	0.660267325312	0.0349593648061	0.033587186348
awa-	0.19746431356	0.672441353933	0.0371590234779	0.0929353090288
ere-	0.123937915572	0.694196664838	0.157616696978	0.0242487226119
tje-	0.102127659574	0.71914893617	0.0255319148936	0.153191489362
xop-	0.294930875576	0.451612903226	0.253456221198	0.0
chu-	0.134522693554	0.411310978085	0.26328803726	0.1908782911
lep-	0.0113378684807	0.9410430839	0.0385487528344	0.00907029478458
pát-	0.0848056537103	0.840989399293	0.0636042402827	0.0106007067138
oqe-	0.539727887108	0.0357653105737	0.00913800659328	0.415368795725
tan-	0.179457281439	0.530292471902	0.0319276651235	0.258322581535
ojq-	0.258620689655	0.124281609195	0.0387931034483	0.578304597701
qju-	0.633027522936	0.330275229358	0.0366972477064	0.0
rem-	0.137330298988	0.842894137958	0.0197755630542	0.0
q'i-	0.0298718725208	0.805003211681	0.112408847306	0.0527160684921
220-	0.0	0.529411764706	0.0352941176471	0.435294117647
jay-	0.0703126126516	0.882283600813	0.00638058571614	0.041023200819
tpr-	0.115702479339	0.735537190083	0.132231404959	0.0165289256198
xit-	0.371690218177	0.532865320788	0.0419024463081	0.053542014727
jún-	0.0	1.0	0.0	0.0
chk-	0.222831856855	0.646937781651	0.11116236464	0.0190679968542
ntn-	0.405008347245	0.269115191987	0.205676126878	0.12020033389
ok'-	0.422171934075	0.365347363631	0.0976314680077	0.114849234287
nak-	0.0	1.0	0.0	0.0
xto-	0.72380952381	0.219047619048	0.0571428571429	0.0
jko-	0.341522735863	0.440091370725	0.0989959080376	0.119389985374
esi-	0.328522502234	0.12508519066	0.0412989739724	0.505093333134
aya-	0.399317406143	0.455631399317	0.056313993174	0.0887372013651
oqn-	0.762645914397	0.0972762645914	0.0933852140078	0.0466926070039
txm-	0.282962885847	0.693300713133	0.0199885482276	0.00374785279267
olu-	0.478827361564	0.0162866449511	0.42345276873	0.0814332247557
noe-	0.0182648401826	0.972602739726	0.0	0.00913242009132
put-	0.0	1.0	0.0	0.0
tin-	0.457410900769	0.0605429781771	0.0138321802687	0.468213940785
wul-	0.454661225788	0.427252978556	0.0294287113782	0.0886570842779
ayo-	0.341647894054	0.418745306847	0.0622568093386	0.17734998976
oqx-	0.0375	0.859375	0.075	0.028125
mok-	0.254323410215	0.239978446574	0.479897217537	0.025800925674
top-	0.327756653992	0.377186311787	0.272243346008	0.0228136882129
tun-	0.32	0.62	0.0	0.06
muq-	0.393379018279	0.498842813013	0.0793084637657	0.0284697049415
in'-	0.684108182075	0.185979906742	0.0682652109709	0.0616467002119
kyl-	0.623236245618	0.241641498024	0.106860599508	0.0282616568505
nku-	0.534090909091	0.420454545455	0.0227272727273	0.0227272727273
onk-	0.443490460157	0.235970819304	0.0848484848485	0.23569023569
rom-	0.0266646350754	0.66265427396	0.287216212098	0.0234648788664
nlo-	0.285370944279	0.513503257226	0.155587881854	0.0455379166403
nxn-	0.384833123489	0.459748740466	0.0157397984913	0.139678337554
keb-	0.131985294118	0.210845588235	0.154779411765	0.502389705882
can-	0.019955654102	0.860310421286	0.113082039911	0.00665188470067
txu-	0.0984608154154	0.852896251909	0.0250264363765	0.0236164962989
jes-	0.00877426351741	0.809146833985	0.0031233663995	0.178955536098
to'-	0.339788089149	0.660211910851	0.0	0.0
qam-	0.225993567654	0.605157362738	0.0505398575695	0.118309212038
epr-	0.382352941176	0.487616099071	0.0743034055728	0.0557275541796
mak-	0.418829910887	0.518403719489	0.00697404106935	0.0557923285549
nik-	0.187623877368	0.682755253079	0.113954462298	0.0156664072554
miy-	0.225	0.3625	0.15	0.2625
teb-	0.726854983305	0.117778421962	0.10914634801	0.0462202467227
yun-	0.0432692307692	0.913461538462	0.0	0.0432692307692
ega-	0.503473993427	0.347475860769	0.0348946829642	0.11415546284
apu-	0.339622641509	0.490566037736	0.169811320755	0.0
oq'-	0.406022982433	0.468762382776	0.0150574560824	0.110157178708
cap-	0.00479616306954	0.992805755396	0.0	0.00239808153477
tiy-	0.181818181818	0.359504132231	0.359504132231	0.099173553719
tsj-	0.407079646018	0.557522123894	0.0	0.0353982300885
xno-	0.373029772329	0.532399299475	0.0420315236427	0.0525394045534
ara-	0.0701219512195	0.923780487805	0.00609756097563	0.0
gad-	0.02849002849	0.94301994302	0.0	0.02849002849
tqa-	0.538409213954	0.280393508771	0.116155423008	0.0650418542666
amo-	0.0	1.0	0.0	0.0
teó-	0.0934065934065	0.873626373626	0.032967032967	0.0
kal-	0.0135440180587	0.972911963883	0.0135440180587	0.0
qeq-	0.528262017961	0.305335446381	0.053882725832	0.112519809826
ajq-	0.36058440713	0.515786653282	0.104609102728	0.0190198368596
b'e-	0.142397715637	0.428060038233	0.0435208286263	0.386021417504
jus-	0.00719424460431	0.992805755396	0.0	0.0
alu-	0.360288230584	0.411529223379	0.228182546037	0.0
jos-	0.0	1.0	0.0	0.0
meq-	0.388936905791	0.533275713051	0.0	0.0777873811582
qxm-	0.246127366609	0.609294320138	0.0981067125645	0.0464716006885
ewe-	0.216254416961	0.718021201413	0.0339222614841	0.0318021201413
eb'-	0.615839344639	0.170745897517	0.075272697126	0.138142060718
nko-	0.472870378978	0.43699021137	0.0426595601831	0.0474798494693
pos-	0.0473862354268	0.92365550959	0.0289582549831	0.0
eró-	0.0230291702824	0.922777184434	0.042804218677	0.011389426607
bur-	0.0337437300502	0.963520291838	0.00273597811218	0.0
bol-	0.0622837370242	0.418685121107	0.498269896194	0.0207612456747
efe-	0.0254777070064	0.940552016985	0.00530785562633	0.0286624203822
atz-	0.572089666299	0.340462341853	0.0327651354335	0.0546828564151
e'a-	0.661768821718	0.068289952421	0.028827315981	0.24111390988
luw-	0.117043046337	0.550797592951	0.0363121876575	0.295847173054
oxi-	0.326970063156	0.00823358419068	0.00107164546546	0.663724707188
web-	0.840857912398	0.0420566937478	0.0424982338396	0.0745871600141
t'a-	0.218005418297	0.329775163822	0.413318822794	0.0389005950865
jk'-	0.293859011906	0.485557660701	0.0544724373207	0.166110890072
nle-	0.191655801825	0.430247718383	0.299869621903	0.0782268578879
kxc-	0.464657842861	0.205857504928	0.240777245846	0.0887074063644
a'o-	0.172206312704	0.0789813667656	0.0793633199307	0.6694490006
pak-	0.625898375714	0.229504249274	0.0560876888342	0.0885096861772
tli-	0.348851426019	0.340387011827	0.227293033317	0.0834685288378
oxw-	0.752512044047	0.0821748107364	0.00550584996559	0.159807295251
exh-	0.0	0.986899563319	0.0131004366812	0.0
qsu-	0.666666666667	0.1875	0.145833333333	0.0
ber-	0.00519855595668	0.98440433213	0.0103971119133	0.0
inm-	0.1749672346	0.60747051114	0.0996068152031	0.117955439056
quq-	0.0	1.0	0.0	0.0
emi-	0.766666666667	0.15	0.0	0.0833333333333
wa'-	0.196650726036	0.54903809184	0.059915276048	0.194395906076
qwe-	0.0588235294117	0.876431109357	0.0386893012238	0.0260560600079
pye-	0.0105629576281	0.953346937142	0.0360901052295	0.0
nax-	0.0	1.0	0.0	0.0
ote-	0.552156862745	0.286274509804	0.101960784314	0.0596078431373
xhe-	0.0	1.0	0.0	0.0
jen-	0.00714285714285	0.992857142857	0.0	0.0
lew-	0.0564242012237	0.886471787899	0.0312712440517	0.0258327668253
oso-	0.132659303861	0.658048105097	0.205428727823	0.00386386321925
pay-	0.399061032864	0.417840375587	0.056338028169	0.12676056338
abe-	0.458545213354	0.405261994252	0.0212248507628	0.114967941632
señ-	0.624145785877	0.280182232346	0.0546697038724	0.0410022779043
tam-	0.184571473876	0.70681043368	0.033933243479	0.0746848489654
opu-	0.733037218563	0.215500076581	0.0385970286414	0.0128656762138
jan-	0.23785237293	0.389240034287	0.117067752845	0.255839839938
liy-	0.00395537525355	0.848377281947	0.0	0.147667342799
rel-	0.0722891566265	0.855421686747	0.0722891566265	0.0
jax-	0.856911883589	0.0703314470493	0.0	0.0727566693614
tji-	0.532276085552	0.356184485706	0.0733409942416	0.0381984345008
chj-	0.310230378758	0.12124170246	0.0478328777821	0.520695041
esj-	0.0151209677419	0.0700604838709	0.914818548387	0.0
nto-	0.0512259657066	0.045885282549	0.0028521924123	0.900036559332
eja-	0.480111949792	0.19184123484	0.0376558391994	0.290390976168
etz-	0.547475341483	0.203267257132	0.0471869050446	0.20207049634
txn-	0.19345510627	0.779245815633	0.0101209696853	0.0171781084114
ebo-	0.0560747663551	0.943925233645	0.0	0.0
oqo-	0.526000288533	0.295581965704	0.0528313525722	0.125586393191
tim-	0.0135408005701	0.977194441145	0.0	0.00926475828483
tri-	0.0451826670683	0.949395412884	0.00361461336546	0.00180730668273
ja'-	0.141710086393	0.190105880909	0.0202315470811	0.647952485617
ejo-	0.534357531277	0.333079818991	0.0878427197019	0.0447199300301
mír-	0.0512820512821	0.948717948718	0.0	0.0
mol-	0.365296803653	0.579908675799	0.027397260274	0.027397260274
elo-	0.535564853557	0.414225941423	0.0251046025104	0.0251046025105
tes-	0.140163934426	0.827049180328	0.0155737704918	0.0172131147541
woq-	0.0568797399784	0.779523293608	0.0195016251354	0.144095341278
kym-	0.488563142856	0.39634383017	0.0648350676557	0.0502579593181
naj-	0.350287423189	0.245911528306	0.0384488869324	0.365352161573
otk-	0.521320182521	0.171708603508	0.0510138618146	0.255957352157
nkt-	0.78	0.14	0.04	0.04
oyo-	0.607650756287	0.263551747709	0.0557642789962	0.0730332170078
qoj-	0.314159292035	0.573008849558	0.0553097345133	0.0575221238938
akl-	0.44262295082	0.0327868852459	0.0	0.524590163934
jon-	0.0	0.991549680183	0.0	0.00845031981749
jer-	0.00757139694488	0.985787026788	0.00199247288023	0.0046491033872
nxo-	0.408334331218	0.362950544845	0.205963357682	0.0227517662555
tku-	0.594827586207	0.301724137931	0.0247376311844	0.0787106446776
qaj-	0.0218290466794	0.871098129133	0.00888175375616	0.098191070431
nij-	0.0286118780368	0.303079869274	0.0076859358648	0.660622316824
tmu-	0.408816425121	0.468599033816	0.0821256038647	0.0404589371981
tum-	0.203094030578	0.461751816735	0.161624250762	0.173529901925
eno-	0.25606386245	0.658581516733	0.0650905741479	0.0202640466687
nbr-	0.327794561934	0.539274924471	0.114803625378	0.0181268882175
qpo-	0.310106716886	0.28028876334	0.0395480225988	0.370056497175
ajb-	0.149302707137	0.552912223134	0.112387202625	0.185397867104
seg-	0.0	1.0	0.0	0.0
byu-	0.0455996934474	0.880189040746	0.0131881466343	0.0610231191723
mil-	0.0654356193813	0.22593959002	0.0130915996368	0.695533190962
wuq-	0.0183597471205	0.0332553910107	0.00545596258768	0.942928899281
nb'-	0.356527248185	0.263977636129	0.19458674718	0.184908368506
oko-	0.61467512696	0.299331029348	0.0443387525142	0.0416550911778
kam-	0.179036429736	0.314556879235	0.485283845093	0.021122845936
kúb-	0.0	0.701986754967	0.0496688741722	0.248344370861
occ-	0.0	1.0	0.0	0.0
nwe-	0.348299319728	0.531972789116	0.0326530612245	0.087074829932
tqi-	0.843243243243	0.0108108108108	0.12972972973	0.0162162162162
jor-	0.00771538791256	0.987141020146	0.0051435919417	0.0
erm-	0.0185785520472	0.88577335844	0.0148460664215	0.0808020230911
naí-	0.0	1.0	0.0	0.0
saw-	0.00422832980972	0.99577167019	0.0	0.0
twu-	0.128690386071	0.0772142316427	0.725208175625	0.0688872066616
por-	0.222222222222	0.777777777778	0.0	0.0
alf-	0.0	1.0	0.0	0.0
lix-	0.116788321168	0.883211678832	0.0	0.0
ped-	0.0850840336134	0.829831932773	0.0693277310924	0.015756302521
epa-	0.296027385579	0.43480697309	0.120055550818	0.149110090514
nqi-	0.443569553806	0.477690288714	0.0629921259843	0.0157480314961
imé-	0.0181818181818	0.909090909091	0.0	0.0727272727273
nsu-	0.377941209145	0.505410269514	0.0746550536583	0.0419934676828
axe-	0.26433915212	0.546134663342	0.11970074813	0.0698254364089
mel-	0.424086948241	0.347828674825	0.0103566496833	0.217727727251
weq-	0.676890811378	0.0793026608992	0.0353912701533	0.20841525757
tyi-	0.519313304721	0.480686695279	0.0	0.0
n'u-	0.630402546204	0.276383495704	0.0372855832366	0.0559283748549
wec-	0.176470588235	0.329411764706	0.458823529412	0.0352941176471
oxh-	0.476874713847	0.300784060436	0.127052128982	0.0952890967361
oja-	0.482188509454	0.0612752814865	0.0133229167689	0.443213292291
axw-	0.507936507937	0.269841269841	0.15873015873	0.0634920634921
tzk-	0.914616497829	0.0448625180897	0.0	0.040520984081
jud-	0.0242940637983	0.963382860362	0.00295753820154	0.00936553763819
ikj-	0.585706675409	0.111010941278	0.00991681350654	0.293365569807
oks-	0.453713153629	0.325208621	0.168847931801	0.0522302935703
kxb-	0.513813757319	0.236198096018	0.184456005867	0.0655321407963
nyi-	0.761363636364	0.238636363636	0.0	0.0
qla-	0.552580013063	0.247550620509	0.176355323318	0.0235140431091
gra-	0.1	0.9	0.0	0.0
paj-	0.788392289769	0.161618301207	0.0349502224105	0.015039186613
etk-	0.727272727273	0.218181818182	0.0363636363636	0.0181818181818
tzy-	0.436769231889	0.345173565384	0.155412140482	0.0626450622449
pix-	0.337667161961	0.607540861813	0.0483841010401	0.00640787518574
nma-	0.111032962071	0.619712104905	0.134866761689	0.134388171335
uwj-	0.282352941177	0.541176470588	0.141176470588	0.0352941176471
pre-	0.24667873507	0.410428533568	0.0846417472247	0.258250984137
sám-	0.0	1.0	0.0	0.0
per-	0.0298525968206	0.035004115807	0.0059709910685	0.929172296304
xht-	0.121338912134	0.830998726578	0.00654902674186	0.0411133345461
lid-	0.0	1.0	0.0	0.0
ata-	0.180719980672	0.674317467987	0.0449383909157	0.100024160425
saú-	0.586046511628	0.358139534884	0.0	0.0558139534884
ome-	0.506032762306	0.271651588982	0.0351024708492	0.187213177863
lís-	0.0689655172414	0.896551724138	0.0344827586207	0.0
nsi-	0.434212827258	0.0309475489144	0.0037715552892	0.531068068538
oe'-	0.425531914894	0.553191489362	0.0	0.0212765957447
tal-	0.090704579793	0.545020496395	0.126334271724	0.237940652088
450-	0.0975609756098	0.243902439024	0.0487804878049	0.609756097561
q'u-	0.528459734342	0.289001016618	0.0257888822997	0.156750366741
esk-	0.00937499999998	0.946875	0.01875	0.025
chi-	0.115443981071	0.758071302177	0.0995658096547	0.0269189070973
nga-	0.538728206282	0.100328117642	0.0363707788114	0.324572897264
txo-	0.295955604972	0.36229003693	0.22761783743	0.114136520669
tex-	0.595604108066	0.14129652646	0.0091581081965	0.253941257277
pax-	0.624224539754	0.333858690185	0.00419167700613	0.0377250930552
aqa-	0.628601180146	0.214508851093	0.0159666782367	0.140923290524
til-	0.338440679029	0.336834020409	0.108845243507	0.215880057056
ray-	0.0703944083874	0.914628057913	0.0149775336994	0.0
pur-	0.223309966155	0.202868374722	0.314088237895	0.259733421228
rak-	0.0623916811091	0.916811091854	0.0	0.0207972270364
tsa-	0.618181818182	0.224935064935	0.0867532467533	0.0701298701299
exo-	0.06668883605	0.0652824188923	0.0706113499157	0.797417395142
ax--	0.0873015873016	0.089947089947	0.0	0.822751322751
ter-	0.036970022984	0.912367352927	0.0153357132378	0.0353269108514
nag-	0.0	1.0	0.0	0.0
otj-	0.478260869565	0.260869565217	0.0372670807453	0.223602484472
itz-	0.406553080091	0.289662488338	0.208985909408	0.0947985221626
gry-	0.110157494249	0.208370199965	0.681472305787	0.0
ker-	0.0	0.813333333333	0.08	0.106666666667
qok-	0.403680814843	0.316166688125	0.0909474557601	0.189205041272
oli-	0.0163654960791	0.969996590522	0.0102284350494	0.00340947834982
won-	0.475130890052	0.396596858639	0.0671902268761	0.0610820244328
kyn-	0.48354360153	0.312455418579	0.0766332110872	0.127367768803
kox-	0.190914007572	0.0530016224987	0.751216873986	0.00486749594375
ula-	0.666666666667	0.205128205128	0.102564102564	0.025641025641
kon-	0.362353462543	0.318016576996	0.246369887202	0.0732600732601
nxl-	0.962962962963	0.037037037037	0.0	0.0
joc-	0.793103448276	0.206896551724	0.0	0.0
nim-	0.110583600054	0.0806809861112	0.341422231701	0.467313182133
tor-	0.00461538461538	0.976923076923	0.00923076923077	0.00923076923077
tul-	0.506725913957	0.329682167291	0.0258119312856	0.137779987467
ntr-	0.307692307692	0.602564102564	0.0897435897436	0.0
alp-	0.0	1.0	0.0	0.0
ese-	0.0	1.0	0.0	0.0
ka'-	0.0476975594647	0.830751533229	0.0629599478872	0.058590959419
ape-	0.0	1.0	0.0	0.0
esw-	0.248780487805	0.634146341463	0.0585365853659	0.0585365853659
wij-	0.150510204082	0.688775510204	0.0535714285714	0.107142857143
aja-	0.167630793859	0.387961143855	0.0642145092047	0.380193553082
b'u-	0.0705660147963	0.853579135842	0.0185109209785	0.0573439283831
pól-	0.0	0.956204379562	0.0	0.043795620438
oqt-	0.200739039912	0.241493592691	0.0567838699853	0.500983497412
pun-	0.738805970149	0.246268656716	0.0	0.0149253731343
qiy-	0.636565836299	0.205960854093	0.0587188612099	0.0987544483986
kan-	0.469550811921	0.455555747295	0.0175154014737	0.0573780393104
qew-	0.680672268908	0.0	0.117647058824	0.201680672269
waj-	0.158872019085	0.523483525015	0.063273041352	0.254371414549
qow-	0.365361803084	0.322419928826	0.0797153024911	0.232502965599
100-	0.0484188496532	0.132841459305	0.186847099303	0.631892591739
qxo-	0.144679100384	0.178015758241	0.0557273225952	0.62157781878
qay-	0.169660086092	0.14457473653	0.0601157785365	0.625649398842
alw-	0.370162647224	0.629837352776	0.0	0.0
wu'-	0.188925081433	0.674267100977	0.117263843648	0.0195439739414
xpe-	0.796407185629	0.167664670659	0.0224550898204	0.0134730538922
jqe-	0.454750375689	0.299173484722	0.0409083319419	0.205167807647
tbe-	0.0392857142857	0.960714285714	0.0	0.0
exw-	0.669357442686	0.255731352922	0.0193735873426	0.0555376170487
bye-	0.164024067508	0.292839048983	0.182462370179	0.36067451333
ewi-	0.270293834022	0.210237516224	0.0489688388741	0.47049981088
ala-	0.463829346987	0.469577289252	0.0428461096127	0.0237472541485
pom-	0.00979591836734	0.977959183673	0.00979591836735	0.00244897959183
eye-	0.430208161233	0.466452019358	0.0600943515039	0.0432454679047
pec-	0.063829787234	0.617021276596	0.127659574468	0.191489361702
kxs-	0.375	0.0625	0.53125	0.03125
sír-	0.196319018405	0.766871165644	0.0368098159509	0.0
apy-	0.030303030303	0.969696969697	0.0	0.0
gob-	0.09272467903	0.867332382311	0.0171184022825	0.0228245363766
nst-	0.581180811808	0.30258302583	0.0940959409594	0.0221402214022
ser-	0.0212765957447	0.978723404255	0.0	0.0
wer-	0.0433228201952	0.423264956151	0.0333946739005	0.500017549754
aq'-	0.199068204984	0.586096174928	0.0385642223255	0.176271397762
fél-	0.0716272600834	0.907510431154	0.0083449235049	0.0125173852573
bit-	0.0	1.0	0.0	0.0
uri-	0.0	1.0	0.0	0.0
qik-	0.361643835616	0.334246575342	0.221917808219	0.0821917808219
kxa-	0.484848484848	0.469696969697	0.0454545454545	0.0
loy-	0.0	1.0	0.0	0.0
tfa-	0.171186440678	0.783050847458	0.0101694915254	0.035593220339
a'i-	0.547135734283	0.181892978199	0.0127938622734	0.258177425245
sur-	0.211621856028	0.304423243712	0.187337380746	0.296617519514
xb'-	0.280271853886	0.682544483907	0.0241693804346	0.0130142817725
ink-	0.415135781362	0.335290068827	0.0871698401249	0.162404309687
bet-	0.0170357751278	0.97352902634	0.0	0.00943519853231
law-	0.0	1.0	0.0	0.0
peq-	0.031007751938	0.767441860465	0.170542635659	0.031007751938
xji-	0.978723404255	0.0212765957447	0.0	0.0
sal-	0.0163785259327	0.972702456779	0.00454959053685	0.0063694267516
isk-	0.0	1.0	0.0	0.0
eme-	0.641505204163	0.232730184147	0.052842273819	0.0729223378703
ket-	0.198682766191	0.279363336992	0.431394072448	0.0905598243688
sla-	0.5830078125	0.21875	0.1044921875	0.09375
ma'-	0.745984917687	0.0604047500353	0.00924994741074	0.184360384867
lok-	0.0778258184064	0.539015853408	0.324891908585	0.0582664196005
kli-	0.0103448275862	0.979310344828	0.0103448275862	0.0
qsw-	0.429577464789	0.366197183099	0.176056338028	0.0281690140845
e'u-	0.509040333797	0.390820584145	0.0667593880389	0.0333796940194
tpo-	0.532674721314	0.224079071586	0.0580973995633	0.185148807537
tak-	0.254408060453	0.387909319899	0.290931989924	0.0667506297229
tjo-	0.729181444176	0.14034412176	0.0522870518615	0.0781873822021
ija-	0.217134536945	0.745798144614	0.0256200583341	0.0114472601067
xma-	0.331699808521	0.526317985618	0.112606577062	0.0293756287989
nk'-	0.359082522012	0.242753716826	0.0397272165481	0.358436544614
qsi-	0.336378049646	0.109799096051	0.0330698786057	0.520752975697
tik-	0.892374394287	0.0520275439939	0.0193828105075	0.0362152512114
iny-	0.507194244604	0.26618705036	0.205035971223	0.021582733813
oqi-	0.747304366393	0.157325362087	0.0612077861998	0.0341624853208
yaj-	0.0815229151997	0.0568416144442	0.0138402797699	0.847795190586
tro-	0.151025790378	0.848974209622	0.0	0.0
ela-	0.407761103532	0.560406245263	0.0272851296044	0.00454752160074
iyo-	0.801890169686	0.0703085845206	0.0902126440896	0.037588601704
xko-	0.12962962963	0.787037037037	0.0648148148148	0.0185185185185
itu-	0.0	0.989898989899	0.010101010101	0.0
teq-	0.461464354528	0.223827874117	0.0239242132306	0.290783558125
spa-	0.0	0.0999999999999	0.9	0.0
oti-	0.794282908734	0.122470132562	0.0282581419453	0.0549888167585
rob-	0.0	1.0	0.0	0.0
slo-	0.0389105058366	0.692607003891	0.24513618677	0.0233463035019
kyo-	0.529766892032	0.269879437528	0.0759103804436	0.124443289996
tsu-	0.185410334346	0.623100303952	0.185410334346	0.00607902735562
jet-	0.0	1.0	0.0	0.0
tx'-	0.0559277563357	0.880783269949	0.0200106425352	0.0432783311799
com-	0.289156626506	0.469879518072	0.216867469879	0.0240963855421
nxm-	0.406950028719	0.514646754739	0.0180930499713	0.0603101665709
job-	0.149501661129	0.830564784053	0.0199335548173	0.0
tkw-	0.215269152536	0.49185927206	0.00992277783778	0.282948797566
exn-	0.461963633082	0.454563912828	0.0315841718179	0.0518882822723
taw-	0.452695876772	0.460694460356	0.0469135673891	0.0396960954831
qpa-	0.349717404344	0.402367213835	0.0763726376439	0.171542744177
nts-	0.203102961918	0.413963328632	0.35754583921	0.0253878702397
atx-	0.17143615551	0.289057730043	0.0435444964759	0.495961617971
man-	0.194980871394	0.395641766683	0.0357336513766	0.373643710547
wiy-	0.553571428571	0.196428571429	0.0357142857143	0.214285714286
tma-	0.369892644092	0.353797195788	0.175805500947	0.100504659173
wik-	0.65959306111	0.15920005397	0.0347917219047	0.146415163016
esp-	0.0849377123443	0.894677236693	0.0135900339751	0.00679501698754
way-	0.651531151003	0.162618796198	0.141499472017	0.0443505807814
tuq-	0.751815273844	0.0083799232822	0.00175805419078	0.238046748683
jit-	0.364705882353	0.442352941177	0.0423529411765	0.150588235294
owi-	0.619599723948	0.287922705314	0.0207039337474	0.0717736369911
ch'-	0.187511367672	0.190212116928	0.115379377912	0.506897137488
kor-	0.0347166799681	0.931364724661	0.0291300877893	0.0047885075818
rub-	0.0	1.0	0.0	0.0
okc-	0.633196721312	0.206967213115	0.0245901639344	0.135245901639
na'-	0.293434817519	0.585071916971	0.0480891939657	0.0734040715439
wak-	0.279879154893	0.667675957084	0.0306361227064	0.0218087653164
jop-	0.0117403314917	0.977900552486	0.00828729281769	0.00207182320442
qxn-	0.511729746637	0.355645918048	0.0544260243979	0.0781983109165
tka-	0.376820894618	0.305966869996	0.147595784725	0.169616450661
mu'-	0.136736025957	0.851801073663	0.00655022878836	0.00491267159129
ktz-	0.574555143793	0.274300940247	0.0354659887906	0.115677927169
boa-	0.046511627907	0.906976744186	0.046511627907	0.0
mej-	0.461530077021	0.191359052123	0.0509053522795	0.296205518576
ewj-	0.29791432754	0.236744908113	0.231821220195	0.233519544152
ant-	0.0166622360626	0.978709365031	0.0	0.00462839890628
twi-	0.0589506896168	0.254292349436	0.0538946821665	0.632862278781
o'k-	0.485338725986	0.317492416582	0.0303336703741	0.166835187058
pol-	0.0210896309314	0.978910369069	0.0	0.0
iqb-	0.788461538462	0.0384615384615	0.173076923077	0.0
sís-	0.0608108108108	0.736486486486	0.0810810810811	0.121621621622
mar-	0.021897810219	0.748175182482	0.229927007299	0.0
qet-	0.147165453447	0.052608833347	0.0137364615797	0.786489251627
ses-	0.00485618229362	0.972730668659	0.00560328726186	0.0168098617856
sós-	0.0	1.0	0.0	0.0
omu-	0.774193548387	0.225806451613	0.0	0.0
sqi-	0.0777622696328	0.0838009513772	0.7945708833	0.0438658956903
n'a-	0.412031672643	0.424602312	0.045516665186	0.117849350171
cés-	0.0739975196362	0.910293509715	0.0157089706491	0.0
tzi-	0.137005833177	0.127167069094	0.0289342585948	0.706892839134
lox-	0.0773694390716	0.912959381044	0.0	0.00967117988395
kef-	0.221052631579	0.778947368421	0.0	0.0
xob-	0.275933609958	0.38122406639	0.283713692946	0.0591286307054
bro-	0.04	0.914285714286	0.0457142857143	0.0
bla-	0.164556962025	0.772151898734	0.0632911392405	0.0
inj-	0.413472706156	0.23643603783	0.0962336153974	0.253857640617
a'j-	0.231884057971	0.710144927536	0.0579710144927	0.0
sam-	0.12375249501	0.735728542914	0.0632069194943	0.0773120425815
lit-	0.0201342281879	0.738255033557	0.0402684563758	0.201342281879
isl-	0.0	0.924528301887	0.0	0.0754716981132
jab-	0.14464032943	0.805559130099	0.0378329687299	0.0119675717411
xaj-	0.491781130376	0.39473091646	0.113487953164	0.0
q'e-	0.0462892564201	0.524039106595	0.202384679374	0.227286957611
bri-	0.0	1.0	0.0	0.0
lib-	0.195150798344	0.661147250148	0.12596096984	0.0177409816676
chy-	0.362895005097	0.255861365953	0.253822629969	0.127420998981
lad-	0.379023883697	0.574247144341	0.0218068535826	0.0249221183801
jak-	0.311955245327	0.247427116839	0.352289884248	0.0883277535867
awo-	0.432999551636	0.394470183829	0.0633687042295	0.109161560305
otz-	0.418650058211	0.0807123785491	0.0264048812704	0.474232681969
cla-	0.0	1.0	0.0	0.0
nso-	0.136268343816	0.622641509434	0.0524109014675	0.188679245283
qna-	0.357847398629	0.458008446553	0.0843597317319	0.0997844230869
300-	0.141509433962	0.367924528302	0.0377358490566	0.452830188679
taj-	0.0928212604222	0.564121130824	0.0818175613329	0.261240047421
kil-	0.00719942404609	0.992800575954	0.0	0.0
res-	0.0828025477708	0.821656050955	0.0955414012739	0.0
eqa-	0.731579588879	0.125607743318	0.00473412158463	0.138078546218
aqo-	0.221804005915	0.117572926469	0.214242505713	0.446380561903
txi-	0.205620765109	0.0515248608389	0.0073722801151	0.735482093937
let-	0.178125	0.609375	0.19375	0.01875
oqj-	0.230071289695	0.692158133506	0.0194426441996	0.0583279325989
aso-	0.0202702702703	0.969594594595	0.0	0.0101351351351
tij-	0.0292544206786	0.758827404142	0.11265814067	0.09926003451
inx-	0.54375444659	0.17776196768	0.0540705356235	0.224413050107
ako-	0.500099542106	0.320724666534	0.0708739796934	0.108301811666
olo-	0.762711864407	0.237288135593	0.0	0.0
idu-	0.0	1.0	0.0	0.0
asa-	0.284148397976	0.422428330523	0.164418212479	0.129005059022
tix-	0.278145695364	0.437086092715	0.0	0.284768211921
ntb-	0.304258407936	0.563271231551	0.0671425114929	0.0653278490201
nky-	0.476746544106	0.292646755449	0.0929516599289	0.137655040516
cho-	0.108451026629	0.773877235628	0.0888464179695	0.0288253197733
qma-	0.765517241379	0.172413793103	0.0	0.0620689655172
ono-	0.9296875	0.05078125	0.0078125	0.01171875
qdi-	0.134228187919	0.825503355705	0.0	0.0402684563758
nla-	0.178453496278	0.043724840306	0.0134319106394	0.764389752776
kol-	0.259637279231	0.635942697707	0.0561657911178	0.0482542319441
nxj-	0.0762946847539	0.252431533146	0.130492278816	0.540781503285
qop-	0.345205479452	0.379726027397	0.0372602739726	0.237808219178
exi-	0.481253371696	0.0955238865911	0.0195932985674	0.403629443146
tot-	0.645492542234	0.149199960161	0.168525241008	0.0367822565966
pa'-	0.0174600353383	0.942273847237	0.00111521183797	0.0391509055868
yak-	0.455043002346	0.488663017983	0.0375293197811	0.0187646598905
ntp-	0.55266579974	0.174252275683	0.206762028609	0.0663198959688
ky'-	0.153906803113	0.22529499471	0.482114850432	0.138683351745
enb-	0.191244239631	0.324884792627	0.345622119816	0.138248847926
yup-	0.135814889336	0.780684104628	0.0211267605634	0.0623742454728
wit-	0.306493251141	0.505354984179	0.0337078856244	0.154443879056
bid-	0.0322580645161	0.838709677419	0.0967741935484	0.0322580645161
pul-	0.297418630752	0.612794612795	0.0852974186307	0.00448933782267
eju-	0.388579965142	0.319279608266	0.125321603453	0.166818823139
pón-	0.0225988700565	0.960451977401	0.00564971751412	0.0112994350282
erá-	0.037037037037	0.962962962963	0.0	0.0
