koi-	0.0137923486188	0.00485457140523	0.00290667567255	0.978446404303
kud-	0.345727111036	0.527229609554	0.011857372745	0.115185906666
ivi-	0.536265012155	0.312615652553	0.02975218606	0.121367149233
tut-	0.457716354064	0.410661401777	0.00504551935944	0.1265767248
siu-	0.606574805332	0.242718987514	0.0379497643778	0.112756442776
gin-	0.226433512274	0.449927553925	0.0204281489556	0.303210784845
fig-	0.140186915888	0.796728971963	0.0630841121495	0.0
del-	0.177998356472	0.785779161801	0.00713636953419	0.0290861121924
son-	0.087073948258	0.772825723249	0.0864122464061	0.0536880820866
mou-	0.560071689176	0.367599052679	0.0646482749793	0.00768098316585
dok-	0.0213481842441	0.585334725606	0.0382875043509	0.355029585799
ied-	0.738975954141	0.0832062026562	0.00818919686432	0.169628646339
ipu-	0.471386965495	0.478465484985	0.00501475495207	0.0451327945686
000-	0.326704545454	0.3125	0.0	0.360795454546
lel-	0.360326062615	0.514847494065	0.0760066287455	0.0488198145743
ogo-	0.272727272727	0.727272727273	0.0	0.0
nas-	0.00687372708758	0.967922606925	0.00229124236253	0.0229124236252
lau-	0.428460543338	0.320051746442	0.0688227684346	0.182664941785
tum-	0.0630765056972	0.722599023332	0.185838307108	0.0284861638632
eka-	0.0556688514327	0.794217799994	0.0266440285695	0.123469320003
emu-	0.274240940255	0.252693437806	0.379040156709	0.0940254652302
iwo-	0.679929604106	0.0985540999976	0.0343459359454	0.187170359951
ooo-	0.0216244842119	0.700346433063	0.139014541362	0.139014541362
lis-	0.0213295414148	0.977248489158	0.0	0.00142196942766
ana-	0.0553722328264	0.0282274509386	0.00212301879009	0.914277297445
iuv-	0.667885823328	0.123956428401	0.0712411544884	0.136916593782
yal-	0.280644158108	0.479554790553	0.0609258082494	0.178875243089
sak-	0.118554291946	0.817884405671	0.0214986758062	0.0420626265774
seg-	0.0	0.974444782476	0.0255552175236	0.0
kat-	0.235817341262	0.449371137432	0.0604032298801	0.254408291426
abi-	0.0	0.985401459854	0.0	0.014598540146
mil-	0.0485074626865	0.738805970149	0.0335820895522	0.179104477612
dis-	0.098607888631	0.777648878577	0.100541376643	0.0232018561485
igi-	0.60155474531	0.138219051499	0.0541806806659	0.206045522525
gan-	0.112368919568	0.476878974538	0.184192352693	0.226559753201
kik-	0.214805947235	0.142777508704	0.223362663838	0.419053880222
gae-	0.367200302534	0.526755325854	0.0789423925375	0.0271019790747
yut-	0.0338983050848	0.830508474576	0.135593220339	0.0
sen-	0.142623504063	0.821032683471	0.00623036785129	0.0301134446146
yau-	0.138475520599	0.602155616058	0.0146456220219	0.244723241321
ini-	0.613880961851	0.325298599392	0.00729845265081	0.0535219861059
ked-	0.080175671535	0.705852313349	0.187927688694	0.0260443264222
uga-	0.515632702994	0.339299951918	0.0757289885152	0.0693383565729
tai-	0.119483919222	0.849289454002	0.0104712041885	0.0207554225879
mey-	0.245150819323	0.462369179226	0.0938713428553	0.198608658596
dek-	0.0848146242722	0.714760340989	0.012116374896	0.188308659842
kum-	0.474322979474	0.265627764495	0.120376963489	0.139672292542
bik-	0.133616737847	0.360474649966	0.353113608432	0.152795003756
sug-	0.099976857209	0.66257810692	0.179125202499	0.0583198333719
val-	0.233429394813	0.213753353871	0.108615720958	0.444201530359
mul-	0.140736071398	0.324125555805	0.0513691589097	0.483769213887
ate-	0.0255102040816	0.925170068027	0.00680272108844	0.0425170068027
kam-	0.214168449412	0.375401026445	0.0511402873926	0.35929023675
ibi-	0.1925795053	0.257361601885	0.458186101296	0.0918727915194
ies-	0.844827586207	0.155172413793	0.0	0.0
sin-	0.220115179794	0.447759535447	0.055002596645	0.277122688115
bod-	0.160900872705	0.476692793381	0.018831645983	0.343574687931
tag-	0.470274563109	0.233879438917	0.114800229065	0.181045768909
mew-	0.123920465957	0.861016268327	0.0090379594296	0.0060253062864
pat-	0.146406648912	0.792415867413	0.0333656009328	0.0278118827423
toe-	0.151291139367	0.728776998198	0.053094060334	0.0668378021012
luw-	0.133899197263	0.223884721674	0.0215817870772	0.620634293986
aoa-	0.1920997921	0.698128898129	0.109771309771	0.0
lom-	0.0785409516743	0.499026064373	0.29245895557	0.129974028383
gen-	0.42871261648	0.257472468803	0.0827499233289	0.231064991389
saw-	0.492537313433	0.261194029851	0.201492537313	0.044776119403
ake-	0.195979899497	0.788944723618	0.0	0.0150753768844
niu-	0.155751238305	0.751788662631	0.0792515134838	0.0132085855806
kiv-	0.0	1.0	0.0	0.0
pas-	0.241353001017	0.41531027467	0.30976602238	0.0335707019329
sig-	0.538824895625	0.200306734227	0.0718538823683	0.18901448778
yod-	0.0822481151473	0.917751884853	0.0	0.0
bak-	0.318397469689	0.401686874012	0.121244069584	0.158671586716
276-	0.0	0.121827411168	0.0	0.878172588832
eso-	0.0231194540925	0.117579376281	0.169598915058	0.689702254569
gug-	0.335397316821	0.395658263305	0.0365251363703	0.232419283503
epa-	0.0082944530845	0.960601347849	0.0124416796268	0.0186625194401
bwa-	0.184309079441	0.101641814227	0.0255542066078	0.688494899724
yei-	0.00819441980723	0.632526602045	0.00270717365975	0.356571804488
sap-	0.146790936824	0.775751114963	0.0433331178816	0.0341248303317
asi-	0.0	1.0	0.0	0.0
gun-	0.109389971255	0.421909932929	0.398435004791	0.0702650910252
153-	0.0	0.182926829268	0.0365853658537	0.780487804878
pok-	0.0174165457185	0.952104499274	0.0174165457184	0.0130624092888
geg-	0.239347032416	0.57337850905	0.148044896148	0.0392295623862
nog-	0.112380952381	0.546666666667	0.171428571429	0.169523809524
mog-	0.774410774411	0.175084175084	0.0505050505051	0.0
tol-	0.194813360883	0.540941622371	0.086555322309	0.177689694438
mel-	0.124462353023	0.7070957438	0.039553257205	0.128888645971
tew-	0.0	1.0	0.0	0.0
isa-	0.436920677548	0.205652033084	0.0917823036273	0.265644985741
luv-	0.330490405117	0.3539445629	0.245202558635	0.0703624733476
pud-	0.0	1.0	0.0	0.0
dio-	0.0	1.0	0.0	0.0
yom-	0.159692481834	0.423532442923	0.125402626146	0.291372449097
bab-	0.128641373183	0.590370328362	0.0390177508081	0.241970547647
ita-	0.530737235936	0.211126217108	0.0596874721511	0.198449074805
siy-	0.3091218451	0.119251154241	0.0281003992916	0.543526601368
aku-	0.0449657869013	0.949169110459	0.0	0.0058651026393
ila-	0.445186486451	0.105504930136	0.090436213077	0.358872370336
kom-	0.132847371139	0.0580664797156	0.00742463521095	0.801661513935
tow-	0.134521794438	0.206419405217	0.265156556856	0.393902243488
ali-	0.0215105423672	0.031597446511	0.00758125867968	0.939310752442
oni-	0.0	0.876923076923	0.123076923077	0.0
non-	0.479721171766	0.324006640491	0.0238591745526	0.172413013191
uba-	0.0	1.0	0.0	0.0
tau-	0.208821810278	0.487486890954	0.0387541054131	0.264937193355
pou-	0.625	0.0865384615385	0.0	0.288461538462
mal-	0.0847069922677	0.612762109295	0.141911175587	0.16061972285
tod-	0.098741445934	0.212723700969	0.529974310817	0.158560542279
sab-	0.0460603500868	0.445656764747	0.0221033366183	0.486179548548
aki-	0.0603070175438	0.917763157895	0.0	0.0219298245614
ole-	0.260089686099	0.476966979209	0.134019567876	0.128923766816
nin-	0.0	1.0	0.0	0.0
toy-	0.193082190392	0.577447369004	0.0711041969637	0.158366243641
tub-	0.0939521594085	0.726436448126	0.0261407461073	0.153470646358
sad-	0.0364169108414	0.907911259941	0.0138133110088	0.0418585182085
yav-	0.187977786336	0.379236147449	0.260108797372	0.172677268844
emo-	0.0	1.0	0.0	0.0
gub-	0.270347481156	0.0341014744062	0.0048256803405	0.690725364098
and-	0.0124439639086	0.152901847327	0.0221226025042	0.81253158626
apa-	0.0	1.0	0.0	0.0
ALL	0.222524566864	0.269095340826	0.0499911331083	0.458388959202
san-	0.0768606773474	0.199918880552	0.178300547556	0.544919894545
dud-	0.233075840024	0.392808579728	0.165284067126	0.208831513122
ine-	0.702456796907	0.10110340526	0.014796223968	0.181643573865
top-	0.0678447082841	0.770567279164	0.090456895454	0.0711311170981
sok-	0.153351238669	0.647864015092	0.149864446159	0.04892030008
kub-	0.217797066763	0.209042117793	0.157074668407	0.416086147037
kui-	0.128865979381	0.840206185567	0.0103092783505	0.020618556701
big-	0.0915805022158	0.435745937961	0.415952732644	0.0567208271788
liv-	0.155954402134	0.217196216347	0.596774193548	0.0300751879699
tel-	0.0	1.0	0.0	0.0
lid-	0.0651558073654	0.759206798867	0.0	0.175637393768
guy-	0.0101704494623	0.969678939274	0.00389095664992	0.0162596546137
gas-	0.0906432748537	0.805555555556	0.0	0.103801169591
ata-	0.0	1.0	0.0	0.0
yov-	0.410256410256	0.025641025641	0.410256410256	0.153846153846
pig-	0.162262980113	0.541144145213	0.257047158051	0.0395457166233
lol-	0.198972654185	0.65258309386	0.0659600493968	0.0824842025584
mes-	0.151579000759	0.294212126912	0.0151359210785	0.539072951251
num-	0.0870829037741	0.765272037648	0.0137381874524	0.133906871126
ebw-	0.149289099526	0.760663507109	0.0758293838862	0.0142180094787
iwu-	0.752258064516	0.116129032258	0.0154838709677	0.116129032258
adi-	0.0	1.0	0.0	0.0
ami-	0.0408679686763	0.0394783676167	0.00625240008386	0.913401263623
iku-	0.507899224557	0.254705749863	0.090318221307	0.147076804273
win-	0.463157894737	0.494736842105	0.0421052631579	0.0
tal-	0.299631242619	0.32008379072	0.127312903241	0.252972063421
gid-	0.0714285714286	0.928571428571	0.0	0.0
woi-	0.518289786223	0.323040380047	0.049406175772	0.109263657957
uke-	0.401631937812	0.363911420447	0.10023663977	0.134220001971
lem-	0.0	1.0	0.0	0.0
450-	0.15	0.2	0.05	0.6
lud-	0.0	1.0	0.0	0.0
wan-	0.136975918972	0.221138939608	0.024597788266	0.617287353154
pon-	0.0094191522763	0.985871271586	0.0	0.00470957613816
ilu-	0.497355443719	0.0708913196627	0.0436442483326	0.388108988285
sik-	0.511924885821	0.233024529854	0.0841031448258	0.170947439499
bui-	0.629866666667	0.1304	0.0016	0.238133333333
ben-	0.222881677989	0.577503496903	0.0930674115215	0.106547413587
bog-	0.0112781954887	0.968671679198	0.0031328320802	0.0169172932331
mat-	0.149414581377	0.527843857787	0.253082542178	0.0696590186577
iun-	0.548149770368	0.341477581101	0.0328711065407	0.0775015419902
pin-	0.0625	0.708333333333	0.21875	0.0104166666667
bun-	0.352371936468	0.635005785211	0.0126222783212	0.0
ili-	0.492869528353	0.239199177146	0.212289638924	0.055641655576
lam-	0.102248484794	0.814337103123	0.0552971945265	0.0281172175559
til-	0.0196292257361	0.489640130862	0.150802305655	0.339928337747
idi-	0.261545556361	0.542789380064	0.0959219974965	0.0997430660781
yem-	0.001994396695	0.975568640486	0.0089747851275	0.0134621776913
sat-	0.0371134020618	0.748453608248	0.0680412371134	0.146391752577
eya-	0.299820466786	0.560143626571	0.0538599640933	0.0861759425494
peg-	0.136363636364	0.340909090909	0.136363636364	0.386363636364
ani-	0.0207448137965	0.968757810547	0.0	0.0104973756561
dik-	0.152241918665	0.725755995829	0.113660062565	0.00834202294056
nad-	0.0111731843575	0.837988826816	0.150837988827	0.0
yad-	0.43489010989	0.248901098901	0.21456043956	0.101648351648
kis-	0.240052794017	0.0934560749782	0.0728917389363	0.593599392069
kuv-	0.43384532471	0.46645109135	0.0188628402048	0.0808407437348
wel-	0.523178807947	0.165562913907	0.271523178808	0.0397350993378
yae-	0.472745009514	0.12337950525	0.0375436341649	0.366331851071
wow-	0.206278026906	0.578475336323	0.139013452915	0.0762331838565
ded-	0.149109605973	0.342236178106	0.0177816135047	0.490872602417
ban-	0.0600164428611	0.891203069334	0.00803873207271	0.0407417557322
iig-	0.186991869919	0.243902439024	0.0325203252033	0.536585365854
ise-	0.519806061036	0.367712885241	0.0614258236645	0.0510552300587
tey-	0.281690140845	0.535211267606	0.0	0.183098591549
iin-	0.535904255319	0.37396572104	0.0265957446808	0.0635342789597
wen-	0.116268339947	0.418935129648	0.197194795608	0.267601734797
dab-	0.0573083751207	0.851901454511	0.030522938923	0.0602672314449
did-	0.129925844212	0.557516700374	0.172825887112	0.139731568303
nam-	0.154168088514	0.188680775226	0.379587580383	0.277563555877
ebe-	0.212971519785	0.621187935814	0.0373015206251	0.128539023776
ale-	0.0219819953952	0.913677863269	0.0595013373179	0.00483880401781
ugw-	0.343215507412	0.492588369441	0.0136830102622	0.150513112885
sid-	0.301298227479	0.350861937916	0.186069137454	0.161770697151
bon-	0.0448150758544	0.815420399745	0.0528605123208	0.0869040120797
oli-	0.0349054090061	0.895550226485	0.0639488409273	0.00559552358113
yis-	0.0507460216774	0.929396839405	0.0132380926115	0.00661904630577
tok-	0.21023779161	0.571776513373	0.134808561794	0.0831771332226
ula-	0.021315180091	0.334653907318	0.606868844684	0.0371620679072
kue-	0.491895269796	0.269745316346	0.0736503806864	0.164709033171
gib-	0.171294038029	0.349439983341	0.464972864635	0.0142931139946
kon-	0.518321085731	0.106184527249	0.0167305377081	0.358763849311
eli-	0.0946783736598	0.706695113566	0.0984021255946	0.10022438718
eis-	0.00353356890459	0.992049469965	0.0017667844523	0.00265017667844
imu-	0.614423278247	0.179976297996	0.111163176134	0.0944372476228
waw-	0.172147001934	0.769825918762	0.0116054158607	0.0464216634429
tuk-	0.304469881865	0.687188477536	0.00417082029951	0.00417082029952
siv-	0.632926106578	0.232142043123	0.0599443861968	0.0749874641018
pan-	0.114289112208	0.735218330657	0.0950922677449	0.0554002893897
nim-	0.0996286552631	0.70926844742	0.0132746261555	0.177828271161
ukw-	0.490762767234	0.26665680314	0.0586404522117	0.183939977414
tul-	0.0738891662506	0.882176734898	0.0379430853719	0.00599101347977
yam-	0.301542791868	0.392062083903	0.076294711338	0.230100412891
ina-	0.259847391077	0.162046768985	0.298836506069	0.279269333869
baa-	0.0	1.0	0.0	0.0
mai-	0.304744250668	0.301352897997	0.0746405701275	0.319262281207
ese-	0.0	1.0	0.0	0.0
ape-	0.214285714286	0.785714285714	0.0	0.0
uwe-	0.214381548393	0.505270145675	0.0655640978957	0.214784208037
ba--	0.0	0.977635782748	0.0223642172524	0.0
ipo-	0.262443811158	0.227707255386	0.293757639399	0.216091294057
dun-	0.0934891485809	0.791875347802	0.039510294936	0.0751252086811
pae-	0.189393939394	0.41571969697	0.262941919192	0.131944444444
kos-	0.0	1.0	0.0	0.0
lab-	0.0789606425495	0.0798898936267	0.154403890511	0.686745573313
tuu-	0.18547595682	0.787046123651	0.027477919529	0.0
kau-	0.147269281694	0.583325898195	0.0309420737257	0.238462746386
iba-	0.782955369269	0.02823565562	0.0132897556262	0.175519219485
ino-	0.109499168361	0.880521160599	0.00997967104049	0.0
bas-	0.0	1.0	0.0	0.0
sit-	0.495526280392	0.289528446633	0.0724870191297	0.142458253845
koy-	0.148410540028	0.787051214663	0.0244075233677	0.0401307219416
yes-	0.0153374233129	0.984662576687	0.0	0.0
mid-	0.0	0.977443609023	0.0225563909774	0.0
yay-	0.556098630114	0.204160202024	0.0823425803115	0.15739858755
dug-	0.00901233997319	0.965337153949	0.00346628460507	0.0221842214725
ito-	0.528297092099	0.199886109738	0.0740721082586	0.197744689904
666-	0.0	0.0	0.0	1.0
sod-	0.00515522969412	0.989689540612	0.0	0.00515522969412
kun-	0.571822274467	0.214148108796	0.0772317116138	0.136797905123
ide-	0.511485302706	0.305934073065	0.0833008889754	0.0992797352541
kan-	0.153067096709	0.060119982229	0.00715189675135	0.77966102431
nei-	0.0218181818182	0.803636363636	0.174545454545	0.0
agi-	0.00716845878137	0.992831541219	0.0	0.0
lig-	0.254070384921	0.559913797548	0.0436683474082	0.142347470123
diy-	0.229021803412	0.648716355525	0.0729880122879	0.0492738287759
sey-	0.0144927536232	0.985507246377	0.0	0.0
osi-	0.0892474888852	0.885394368516	0.0138317141446	0.0115264284538
sio-	0.615445408296	0.31216691801	0.0399483842378	0.0324392894563
pwa-	0.132164627695	0.548834921179	0.0701562552995	0.248844195827
eib-	0.0524623455746	0.947537654425	0.0	0.0
mum-	0.32632990606	0.259473747016	0.0794164824333	0.33477986449
log-	0.25115686406	0.517738582255	0.097310710214	0.133793843471
iuw-	0.539578445641	0.415300011866	0.0169205784347	0.0282009640579
uka-	0.45948303761	0.27212729685	0.150398589465	0.117991076075
met-	0.26248051281	0.696031658256	0.0162260680646	0.0252617608693
tao-	0.215630793248	0.67063453345	0.0345399551176	0.0791947181839
100-	0.358682051995	0.494508549979	0.0633949673294	0.0834144306965
kuw-	0.504755995019	0.234009462032	0.044730027473	0.216504515476
giy-	0.0703814500813	0.835776616477	0.0625612889611	0.0312806444806
ken-	0.177153080864	0.722451137195	0.0197890970208	0.0806066849196
pib-	0.075	0.925	0.0	0.0
bub-	0.138779527559	0.711614173228	0.137795275591	0.011811023622
eta-	0.142123287671	0.645547945206	0.186643835616	0.0256849315069
lai-	0.246131659976	0.604981096777	0.0954905094127	0.0533967338348
nen-	0.115107913669	0.546762589928	0.338129496403	0.0
aka-	0.0343102215869	0.952823445318	0.00857755539672	0.00428877769837
mad-	0.0431539690996	0.940863079382	0.0	0.0159829515184
bem-	0.256532066508	0.743467933492	0.0	0.0
mem-	0.197277228576	0.611703796674	0.118480123579	0.0725388511708
too-	0.424742268041	0.383505154639	0.142268041237	0.0494845360825
ala-	0.0510370425437	0.0379336276842	0.00816578078206	0.90286354899
yoe-	0.0	1.0	0.0	0.0
mow-	0.251043308285	0.161565672621	0.0194795971511	0.567911421943
net-	0.0	1.0	0.0	0.0
aim-	0.0	0.955555555556	0.0	0.0444444444444
wai-	0.0841587822815	0.805749352772	0.0181480021828	0.0919438627634
gay-	0.284603421462	0.695178849145	0.0124416796267	0.00777604976673
ipa-	0.438427350283	0.26255143951	0.0932199312658	0.205801278942
kin-	0.0696072686659	0.835059144171	0.0290584107027	0.0662751764607
iyu-	0.602017538734	0.287983214413	0.0901437871323	0.0198554597207
dan-	0.0	0.957552175451	0.042447824549	0.0
lug-	0.107142857143	0.857142857143	0.0357142857143	0.0
tio-	0.0186335403727	0.944099378882	0.0372670807453	0.0
eba-	0.0720673876872	0.638415141431	0.266430948419	0.0230865224626
kag-	0.259884933996	0.136093554345	0.0380389335171	0.565982578141
mis-	0.0	1.0	0.0	0.0
wed-	0.218053400241	0.635683311337	0.0435816739424	0.10268161448
din-	0.0609480812641	0.851015801354	0.0812641083521	0.00677200902935
yai-	0.0879452775264	0.177082420376	0.0954631711272	0.639509130971
yon-	0.0900973575171	0.76219587954	0.0115587943798	0.136147968563
kob-	0.0764585013241	0.776833845663	0.0644675390591	0.082240113954
was-	0.274844327025	0.4861577992	0.0565893089407	0.182408564834
sos-	0.159010600707	0.819787985866	0.0212014134275	0.0
don-	0.0829302004146	0.860400829302	0.054595715273	0.00207325501036
ibw-	0.330365240333	0.46186824965	0.0989364333416	0.108830076676
tat-	0.269196032447	0.450206827964	0.0800885808955	0.200508558694
dog-	0.240854645516	0.689219812237	0.0699255422467	0.0
tov-	0.353535353535	0.237373737374	0.10101010101	0.308080808081
leg-	0.690721649485	0.298969072165	0.0103092783505	0.0
kip-	0.119469607457	0.502428777734	0.367598792175	0.0105028226336
pot-	0.0156444301817	0.067391391552	0.0637811384332	0.853183039833
pam-	0.0293176972281	0.954690831557	0.0	0.0159914712153
mam-	0.179162956367	0.221015138023	0.149955476402	0.449866429208
utu-	0.0431941384688	0.930072526548	0.0141092601302	0.0126240748533
esa-	0.275977148006	0.366044613506	0.0385764177092	0.319401820778
kew-	0.226411984659	0.418827835558	0.114167402031	0.240592777753
ipe-	0.475492374526	0.178063446717	0.0679818037807	0.278462374976
boi-	0.20395635297	0.48747031558	0.141324749238	0.167248582212
sis-	0.462990030028	0.351433930177	0.072133971257	0.113442068538
gil-	0.078435732108	0.592158897206	0.304577682255	0.024827688431
pai-	0.265639557545	0.401054156421	0.0333505880614	0.299955697972
mos-	0.0871846719179	0.792335813838	0.0186963233709	0.101783190873
kok-	0.110405241864	0.78382577081	0.0676297680354	0.0381392192904
yaw-	0.305416929079	0.241250709868	0.0774373279257	0.375895033127
ink-	0.538461538462	0.369230769231	0.0923076923077	0.0
oin-	0.0670167800165	0.842190777347	0.00166846755228	0.0891239750843
bet-	0.0	0.998323554065	0.0	0.00167644593462
law-	0.00348276033634	0.912930991592	0.0	0.0835862480721
sal-	0.157360393478	0.484817872727	0.0442179922723	0.313603741523
kiy-	0.125	0.875	0.0	0.0
yui-	0.766784452297	0.148409893993	0.0636042402827	0.0212014134275
gab-	0.158247968916	0.795831861533	0.0268456375839	0.0190745319675
sek-	0.0432736438739	0.896624072968	0.0	0.0601022831583
400-	0.427046263345	0.288256227758	0.0	0.284697508897
pip-	0.0	0.190171793847	0.00719137035558	0.802636835797
yan-	0.150340834591	0.500977128002	0.0334761417075	0.315205895699
emw-	0.00809472108548	0.413132721304	0.570677836525	0.00809472108545
eme-	0.0188087774295	0.705329153605	0.275862068966	0.0
min-	0.0779220779221	0.25974025974	0.051948051948	0.61038961039
diu-	0.141592920354	0.654867256637	0.0	0.203539823009
kas-	0.28601845037	0.552294846669	0.0699730522162	0.0917136507443
kut-	0.539177329818	0.210088137747	0.0402148837157	0.210519648719
age-	0.0	1.0	0.0	0.0
lul-	0.529761904762	0.345238095238	0.0119047619047	0.113095238095
das-	0.0	0.737298636927	0.262701363073	0.0
tab-	0.196240609786	0.158297688358	0.0523168936223	0.593144808233
lok-	0.307210031348	0.523063143753	0.101656963726	0.0680698611734
igo-	0.320715311317	0.549841186964	0.104642561894	0.0248009398251
gal-	0.0873543582272	0.818547239017	0.0697573148877	0.024341087868
ida-	0.561151079137	0.0575539568345	0.151079136691	0.230215827338
sel-	0.0608519269777	0.880775298625	0.0313274735181	0.027045300879
kay-	0.490728871646	0.257055599041	0.0844718210888	0.167743708225
ibe-	0.61825083852	0.237153574752	0.0400538161642	0.104541770564
kus-	0.552095627937	0.26109365178	0.10264668143	0.0841640388528
wad-	0.245678462166	0.408476287718	0.19427881605	0.151566434066
ati-	0.0402684563758	0.919463087248	0.0	0.0402684563758
imo-	0.472936496662	0.471657905952	0.0468816593266	0.00852393805938
lop-	0.317888932179	0.498096922109	0.125573171097	0.0584409746156
ugo-	0.280373831776	0.456074766355	0.128971962617	0.134579439252
tak-	0.391073295275	0.332886320501	0.0706150496787	0.205425334545
lob-	0.227314559175	0.491073071968	0.219031842444	0.0625805264126
mun-	0.065383171278	0.747633906029	0.123282882556	0.0637000401362
tay-	0.388429147237	0.387406610754	0.134493393683	0.0896708483271
mei-	0.0327868852459	0.327868852459	0.0	0.639344262295
kop-	0.119577960141	0.84876905041	0.010550996483	0.021101992966
kak-	0.508171823318	0.262215298306	0.0463681607247	0.183244717651
nel-	0.323972805203	0.510493644694	0.0382796334614	0.127253916642
one-	0.0700194498472	0.883578771881	0.0	0.0464017782718
ioo-	0.896702432202	0.0592425864819	0.011013745329	0.033041235987
gog-	0.311219011549	0.477001662188	0.0350438688784	0.176735457384
vek-	0.0691791602477	0.834086914409	0.0350697010308	0.0616642243125
unu-	0.332188200106	0.572710873737	0.0209488054121	0.0741521207445
sil-	0.486364255584	0.160349163403	0.0391233935595	0.314163187454
430-	0.222857142857	0.0	0.0	0.777142857143
lal-	0.176876322194	0.135517163599	0.275337692497	0.41226882171
iet-	0.505776641963	0.192359101567	0.0961037224681	0.205760534002
yoi-	0.129164235276	0.0804489932402	0.0742530438831	0.716133727601
nis-	0.6375	0.325	0.0375	0.0
leu-	0.0	1.0	0.0	0.0
ule-	0.0774142059058	0.858206969939	0.0	0.0643788241554
tik-	0.0871212121212	0.912878787879	0.0	0.0
nuw-	0.313616928559	0.216122751103	0.0517470531227	0.418513267215
neg-	0.0976744186046	0.576744186047	0.325581395349	0.0
gel-	0.116244411326	0.844411326378	0.0357675111773	0.00357675111774
sau-	0.152840563922	0.179328142155	0.0112563408993	0.656574953024
sag-	0.340332186994	0.311010653413	0.0815969101042	0.267060249488
bom-	0.121535181237	0.417910447761	0.434968017058	0.0255863539445
kit-	0.108834612636	0.0694147900612	0.0122167647551	0.809533832547
gol-	0.0146704695283	0.725191363903	0.258696070173	0.00144209639613
ela-	0.0	1.0	0.0	0.0
iyo-	0.644463101311	0.1347513499	0.071781583968	0.149003964821
yud-	0.0731529802873	0.737231614649	0.0974748356302	0.0921405694334
sow-	0.326384296095	0.0682515782083	0.102151796889	0.503212328807
dup-	0.272373540856	0.645914396887	0.0583657587549	0.0233463035019
nag-	0.230176918181	0.0600690700477	0.0173615591721	0.692392452599
bai-	0.321444067529	0.295805064689	0.0618294414642	0.320921426317
itu-	0.47770185582	0.314478631788	0.0956212347875	0.112198277605
kad-	0.29452217216	0.217453165758	0.355703106474	0.132321555608
oda-	0.476067209488	0.434979055867	0.0494187414694	0.0395349931755
yek-	0.0	1.0	0.0	0.0
tam-	0.106027902347	0.709279952903	0.0260843981541	0.158607746596
gul-	0.137917620003	0.657494795601	0.0578667120523	0.146720872344
man-	0.190931678829	0.426644068226	0.0408741021312	0.341550150814
uko-	0.179401993355	0.270431893688	0.486378737542	0.0637873754153
men-	0.00784427760619	0.00270045645911	0.0012577896261	0.988197476309
iko-	0.356797722617	0.393043617695	0.116130797217	0.13402786247
sie-	0.500921457822	0.20951413502	0.0985145533716	0.191049853787
bus-	0.262411347518	0.581560283688	0.0496453900709	0.106382978723
ain-	0.0384615384615	0.961538461538	0.0	0.0
lub-	0.0	1.0	0.0	0.0
noi-	0.0179964007199	0.9400119976	0.0419916016797	0.0
tap-	0.20114557421	0.597066301943	0.0694412571943	0.132346866653
lup-	0.0	1.0	0.0	0.0
deb-	0.24358974359	0.653846153846	0.0128205128205	0.0897435897436
sol-	0.163859649123	0.787719298246	0.0326315789474	0.0157894736842
ame-	0.0	0.632183908046	0.367816091954	0.0
ike-	0.568071681989	0.216618078466	0.0520151011755	0.16329513837
iso-	0.555408101277	0.279803394243	0.103812123352	0.0609763811272
bos-	0.040466555582	0.959533444418	0.0	0.0
nig-	0.156423637608	0.0366328048096	0.00840778891813	0.798535768664
mag-	0.061090093877	0.884545327168	0.0193358554014	0.0350287235533
ika-	0.520420307424	0.227814955143	0.0929237263763	0.158841011057
siw-	0.521073266436	0.160957933514	0.0355641461896	0.28240465386
ket-	0.0429487876481	0.840708926824	0.0967706860933	0.0195715994346
bot-	0.0182648401826	0.771689497717	0.2100456621	0.0
taw-	0.161037970086	0.0845352945823	0.0182482717735	0.736178463558
meg-	0.445219123506	0.317729083665	0.231075697211	0.00597609561753
mon-	0.0545454545455	0.945454545455	0.0	0.0
tou-	0.224168126095	0.69176882662	0.0122591943958	0.0718038528897
alo-	0.125	0.6875	0.09375	0.09375
iut-	0.451987015852	0.305978380763	0.0819387980209	0.160095805364
pit-	0.0376189558516	0.883631713555	0.00620260286588	0.0725467277275
lit-	0.078947368421	0.81052631579	0.0157894736842	0.0947368421052
lap-	0.0	1.0	0.0	0.0
las-	0.0232640112795	0.87381036306	0.0324286217836	0.0704970038773
wiy-	0.0353634577603	0.94695481336	0.0176817288802	0.0
kek-	0.311699772862	0.553334008478	0.017650207607	0.117316011053
wik-	0.05814252637	0.834319526627	0.0061744275791	0.101363519424
bes-	0.108145648643	0.0448602699369	0.0327998463692	0.81419423505
sip-	0.473424707702	0.313555123139	0.0546391566534	0.158381012506
yus-	0.0636042402826	0.936395759717	0.0	0.0
yos-	0.0480763075347	0.926701235516	0.00614557326676	0.0190768836822
gou-	0.0244869402985	0.921641791045	0.0146921641791	0.0391791044776
dum-	0.0984458220554	0.785863965773	0.071815244914	0.0438749672575
aaa-	0.255292652553	0.513075965131	0.0	0.231631382316
pis-	0.320987654321	0.626102292769	0.026455026455	0.026455026455
okw-	0.500715307582	0.211731044349	0.0557939914163	0.231759656652
ten-	0.211441625509	0.630013352853	0.116797245773	0.0417477758651
nai-	0.0545454545455	0.836363636364	0.0272727272727	0.0818181818182
sai-	0.027461625391	0.959568120035	0.00303310378617	0.00993715078822
apo-	0.0776060893596	0.804429884405	0.0260418470319	0.0919221792039
yas-	0.386693678853	0.430452489727	0.106323745996	0.0765300854238
suw-	0.18448877908	0.785431528678	0.00401062563218	0.0260690666092
bie-	0.0195121951219	0.980487804878	0.0	0.0
lot-	0.373197986863	0.294762432824	0.0577923739657	0.274247206347
gag-	0.224230557432	0.486552860171	0.171829658125	0.117386924272
awa-	0.351104341203	0.23610053313	0.027418126428	0.385376999238
dei-	0.0123178807947	0.969271523179	0.00158940397351	0.016821192053
ima-	0.346363915873	0.21949416923	0.225330850084	0.208811064813
nay-	0.0	1.0	0.0	0.0
kao-	0.445205479452	0.272260273973	0.0907534246576	0.191780821918
ibo-	0.291020256798	0.148536113513	0.173869954766	0.386573674922
kuy-	0.569378623581	0.240552601462	0.0653949121974	0.124673862759
loy-	0.574468085106	0.265957446809	0.0106382978723	0.148936170213
300-	0.121107266436	0.544405997693	0.0576701268743	0.276816608997
lep-	0.191206336312	0.702883834281	0.0931153533712	0.0127944760357
tog-	0.250844561174	0.565966826287	0.0756321745506	0.107556437989
bul-	0.0592308323646	0.830020039459	0.081132505024	0.029616623152
ilo-	0.454966817094	0.165829150581	0.0576305954052	0.32157343692
wak-	0.540292126782	0.234945335646	0.0705590415984	0.154203495974
tae-	0.285269102731	0.215466538092	0.0759394044677	0.423324954709
now-	0.00233516254399	0.963415786811	0.0	0.0342490506452
tan-	0.271278039147	0.577698752092	0.0571389643596	0.0938842444014
ley-	0.163167214774	0.760941057425	0.0	0.0758917278017
ema-	0.365566037736	0.591981132076	0.0141509433962	0.0283018867924
bil-	0.140739943302	0.670865181039	0.128108515448	0.060286360211
kup-	0.433981746849	0.341975854176	0.0421447060493	0.181897692926
aga-	0.0	1.0	0.0	0.0
ipi-	0.500238972479	0.190524589966	0.0557199121549	0.253516525401
iob-	0.677958893305	0.127797281205	0.15527133821	0.0389724872798
inu-	0.537003943972	0.27700426423	0.0869279157417	0.0990638760564
osa-	0.0367924528302	0.76320754717	0.159433962264	0.0405660377358
gwe-	0.0475435816165	0.952456418384	0.0	0.0
bel-	0.0644682778926	0.793825753678	0.106089660729	0.0356163077008
wal-	0.307056219564	0.320537318523	0.0708015637254	0.301604898187
ton-	0.190054587518	0.438824188056	0.254742624683	0.116378599742
ant-	0.0557869462956	0.918340846727	0.0	0.0258722069777
dia-	0.121827411167	0.645939086294	0.232233502538	0.0
kul-	0.453322246923	0.342141334604	0.0463857232223	0.158150695251
ven-	0.243306640783	0.740516055974	0.013750707757	0.00242659548653
niy-	0.0	1.0	0.0	0.0
pol-	0.228651591146	0.462759721245	0.0869528566931	0.221635830916
wau-	0.101665065642	0.805075248159	0.0359430035222	0.0573166826769
esi-	0.0104759054175	0.976055073331	0.00448967375037	0.00897934750075
gei-	0.276150627615	0.723849372385	0.0	0.0
yeo-	0.0562596599691	0.838021638331	0.00185471406492	0.103863987635
lao-	0.344675622057	0.440844083421	0.051521462341	0.16295883218
110-	0.146551724138	0.465517241379	0.051724137931	0.336206896552
wit-	0.0717948717949	0.88367071525	0.0307692307692	0.0137651821862
dub-	0.0814814814815	0.324074074074	0.594444444445	0.0
wes-	0.0617563561682	0.897372527856	0.0333764125569	0.00749470341848
teu-	0.447368421053	0.526315789474	0.0	0.0263157894737
dam-	0.0953557312253	0.886363636364	0.00370553359684	0.0145750988142
put-	0.200267022697	0.679572763685	0.0600801068091	0.060080106809
nap-	0.0	1.0	0.0	0.0
ses-	0.0705882352941	0.929411764706	0.0	0.0
ido-	0.687830687831	0.312169312169	0.0	0.0
nab-	0.104615384615	0.421538461538	0.08	0.393846153846
bal-	0.0947147531753	0.705521356954	0.186108656063	0.0136552338069
ipw-	0.536345280162	0.259969712266	0.130657916877	0.0730270906949
obi-	0.272230732528	0.485510157957	0.0370156450114	0.205243464504
pei-	0.248462187914	0.671631890001	0.0271378603305	0.0527680617538
ank-	0.603773584906	0.320754716981	0.0251572327044	0.0503144654088
dim-	0.140152585476	0.768013563154	0.0596213619667	0.0322124894038
uku-	0.575498575499	0.273504273504	0.150997150997	0.0
nes-	0.0	1.0	0.0	0.0
tun-	0.330882352941	0.0845588235294	0.377757352941	0.206801470588
eit-	0.0497934103189	0.159232969594	0.187661122294	0.603312497793
woy-	0.441847173801	0.366577127508	0.0977310396067	0.0938446590844
sop-	0.177244403416	0.679898453727	0.0166166628202	0.126240480037
kuo-	0.366485013624	0.460490463215	0.0367847411444	0.136239782016
tas-	0.377764751721	0.406347903744	0.104221476672	0.111665867863
amp-	0.0	1.0	0.0	0.0
set-	0.0	1.0	0.0	0.0
iwe-	0.419383163209	0.445285918121	0.0536713862364	0.0816595324334
ele-	0.236011536877	0.13926658426	0.0296662546354	0.595055624228
ais-	0.0480700923514	0.928092193543	0.0023679848449	0.0214697292604
pow-	0.0477360219981	0.048615948671	0.0431164069661	0.860531622365
toi-	0.120630488697	0.0703691312045	0.00411181895857	0.80488856114
kep-	0.180156657963	0.76501305483	0.0313315926893	0.023498694517
ugu-	0.334379128137	0.378797886394	0.235303830911	0.0515191545575
sib-	0.42393166296	0.0826221444345	0.210200828373	0.283245364232
gim-	0.0587905935051	0.910974244121	0.030235162374	0.0
keb-	0.795620437956	0.131386861314	0.0729927007299	0.0
uki-	0.598662207358	0.267558528428	0.0	0.133779264214
eki-	0.0	1.0	0.0	0.0
soi-	0.0790574381927	0.830163043478	0.0118552855925	0.0789242327366
lus-	0.412147278972	0.469908446514	0.049545364387	0.0683989101272
lei-	0.0650759219089	0.895878524946	0.0390455531454	0.0
kuk-	0.152974504249	0.650613786591	0.157695939566	0.0387157695939
bla-	0.212279463656	0.228416843096	0.0500117619383	0.50929193131
yat-	0.360238166813	0.424442889872	0.0514558239391	0.163863119376
ves-	0.15164644714	0.615622678881	0.170215399851	0.0625154741272
gum-	0.283018867924	0.65038845727	0.0332963374029	0.0332963374029
kwa-	0.446999567993	0.307751753419	0.0838506190386	0.161398059549
mak-	0.0615419224218	0.763312658675	0.126618889996	0.048526528907
pep-	0.188962420232	0.600598435286	0.182364995135	0.0280741493473
get-	0.0886363636363	0.775	0.0954545454545	0.0409090909091
sam-	0.181011246398	0.696068407845	0.0514685379682	0.0714518077888
bow-	0.0947667684532	0.834684637254	0.0579130251658	0.0126355691271
nik-	0.106499180775	0.847624249044	0.0163844893501	0.0294920808301
miy-	0.262471385012	0.37281931355	0.192622464614	0.172086836823
yun-	0.0294117647059	0.911764705882	0.0588235294117	0.0
imw-	0.373885970607	0.150956147081	0.0695567490999	0.405601133211
yao-	0.602646738067	0.240107938816	0.0636552389475	0.0935900841699
mas-	0.162126189721	0.693054930905	0.0389134817122	0.105905397662
bag-	0.255609748231	0.157809044451	0.248990350413	0.337590856905
ega-	0.133204633205	0.758687258687	0.027027027027	0.0810810810811
lib-	0.0528239646949	0.894129184683	0.0182766460126	0.0347702046092
yot-	0.0	1.0	0.0	0.0
may-	0.104564986729	0.656226794891	0.154686610912	0.0845216074683
uya-	0.180074587107	0.751731486415	0.042621204049	0.0255727224294
kuu-	0.516709142467	0.305538605119	0.0608420977063	0.116910154708
eim-	0.0	1.0	0.0	0.0
les-	0.0	1.0	0.0	0.0
gam-	0.163934735512	0.611120369526	0.0411126029387	0.183832292024
ime-	0.572242802972	0.248132430565	0.0371327890689	0.142491977394
yop-	0.0434782608696	0.93115942029	0.0108695652174	0.0144927536232
kow-	0.15810490096	0.0597601791839	0.00636069457301	0.775774225283
gad-	0.114786252396	0.690589756163	0.167877680203	0.0267463112379
sem-	0.0	1.0	0.0	0.0
amo-	0.226917057903	0.428794992175	0.33489827856	0.00938967136151
aey-	0.0328565906455	0.920757634326	0.0	0.046385775029
lik-	0.409731113956	0.451984635083	0.0460947503201	0.0921895006402
isu-	0.514876703893	0.345704929045	0.0560080611303	0.0834103059311
tei-	0.079721776351	0.881219903692	0.00588550026752	0.0331728196896
kid-	0.0	0.953488372093	0.0	0.046511627907
ose-	0.0	0.938712972421	0.0	0.0612870275792
pag-	0.172090112641	0.183667083855	0.392365456821	0.251877346683
nub-	0.0	0.924528301887	0.0754716981132	0.0
iva-	0.686318344405	0.160066428206	0.0587634133878	0.094851814001
ikw-	0.445888370741	0.286946349801	0.179090834269	0.0880744451897
igu-	0.591748576667	0.198970973465	0.153088108768	0.0561923411005
los-	0.301204819277	0.487951807229	0.174698795181	0.0361445783133
dai-	0.0859232175503	0.91407678245	0.0	0.0
gip-	0.171428571429	0.828571428571	0.0	0.0
wew-	0.32384341637	0.642941874259	0.0332147093713	0.0
kal-	0.14235673638	0.402231798378	0.0285952677099	0.426816197532
aba-	0.0	0.988571428571	0.0114285714286	0.0
kil-	0.146263875441	0.643736430621	0.139333259814	0.0706664341239
tob-	0.106251269647	0.606239331887	0.167787682413	0.119721716053
mev-	0.0338983050847	0.0847457627119	0.0	0.881355932203
pau-	0.0407019741385	0.844291800948	0.00580400270803	0.109202222205
gwa-	0.150037019294	0.632202430208	0.0988632899265	0.118897260572
sim-	0.472915771113	0.189142703742	0.0922064506756	0.245735074469
buk-	0.383065662308	0.557707188428	0.0103831090898	0.0488440401743
meu-	0.0829677433567	0.132350920775	0.0814925013782	0.70318883449
eas-	0.0	1.0	0.0	0.0
lak-	0.517014476708	0.47791049898	0.00406001944913	0.00101500486228
wag-	0.439920934512	0.3388932158	0.0649245289662	0.156261320721
kel-	0.0446907153851	0.88578665964	0.0110347177698	0.0584879072046
ugi-	0.523557427371	0.210009756414	0.0427417579315	0.223691058284
let-	0.315716170649	0.516011477161	0.018577083377	0.149695268813
leb-	0.550525785974	0.360894252541	0.0220241499027	0.0665558115819
kot-	0.0958904109589	0.554794520548	0.308219178082	0.041095890411
aso-	0.0121212121212	0.933333333333	0.0121212121212	0.0424242424242
kib-	0.364341085271	0.341085271318	0.15503875969	0.139534883721
gav-	0.109970406635	0.806145190165	0.0287165247891	0.0551678784115
bey-	0.364965714856	0.107267595193	0.154065747644	0.373700942307
iul-	0.447526070557	0.384734856889	0.11360106501	0.0541380075438
pil-	0.125439964094	0.818161954031	0.0229135662486	0.0334845156261
gom-	0.0128205128205	0.987179487179	0.0	0.0
pos-	0.169230769231	0.830769230769	0.0	0.0
usa-	0.0	1.0	0.0	0.0
ile-	0.601810341864	0.213640123386	0.0364546305647	0.148094904185
bol-	0.0368856905218	0.847665714389	0.0680757964777	0.0473727986114
olo-	0.0601888276947	0.86191974823	0.0590086546027	0.0188827694729
kiu-	0.0164835164835	0.763736263736	0.0989010989011	0.120879120879
bek-	0.552225587529	0.350892730449	0.0193763364045	0.077505345618
idu-	0.251073330403	0.255889905182	0.278517664939	0.214519099475
sum-	0.104100803902	0.835380724415	0.0325173877698	0.0280010839129
liy-	0.374990827035	0.563366845234	0.0396272106847	0.022015117047
asa-	0.0	0.857142857143	0.0	0.142857142857
yok-	0.435158501441	0.356195965418	0.0737752161383	0.134870317003
yab-	0.0826683549302	0.158373540349	0.0373431644887	0.721614940232
wui-	0.403225806452	0.451612903226	0.0483870967742	0.0967741935484
yob-	0.0	1.0	0.0	0.0
sep-	0.119850187266	0.498127340824	0.38202247191	0.0
iwa-	0.646689684251	0.0862122338902	0.0172011502158	0.249896931643
dib-	0.205714285714	0.768571428571	0.0128571428571	0.0128571428571
bis-	0.13463198126	0.79805202811	0.06731599063	0.0
tom-	0.0858081669032	0.506469687233	0.0504690507396	0.357253095124
lod-	0.0734265734265	0.884615384615	0.041958041958	0.0
wol-	0.579952267303	0.143198090692	0.0620525059666	0.214797136038
iye-	0.493543013093	0.221498301049	0.0312696221094	0.253689063749
yub-	0.142857142857	0.857142857143	0.0	0.0
luk-	0.0130718954248	0.97385620915	0.0	0.0130718954248
iga-	0.560409928352	0.274461249027	0.0892243445112	0.0759044781102
yol-	0.201665226042	0.402542759329	0.0458322840594	0.349959730569
lat-	0.0	0.960784313725	0.0392156862745	0.0
kod-	0.0451014783262	0.744424956151	0.0789275870709	0.131545978451
pal-	0.0460625687819	0.907955554515	0.0140580730804	0.0319238036229
260-	0.231910946197	0.319109461967	0.0556586270872	0.393320964749
kol-	0.0270762760351	0.0331076537586	0.00777151274313	0.932044557463
pen-	0.0424164524422	0.922879177378	0.0192802056555	0.0154241645244
ede-	0.349419882049	0.362533245962	0.0641560343831	0.223890837606
iki-	0.47819449156	0.277273501741	0.142541594203	0.101990412496
dag-	0.237251895207	0.54439428954	0.0671691756118	0.151184639641
tav-	0.0833333333333	0.547619047619	0.238095238095	0.130952380952
doe-	0.1725	0.8125	0.0	0.015
tot-	0.181727158949	0.579807562	0.160598837719	0.0778664413319
med-	0.105095541401	0.856687898089	0.0286624203822	0.00955414012738
pel-	0.0363334124911	0.962241747803	0.0	0.00142483970554
ibu-	0.449438202247	0.375611499542	0.0968347220051	0.0781155762057
iuu-	0.333333333333	0.164351851852	0.0833333333333	0.418981481481
epi-	0.0829145728643	0.489949748744	0.329145728643	0.0979899497487
yak-	0.225222888439	0.16527657731	0.0511988355434	0.558301698708
mwa-	0.179712106887	0.118442802698	0.0544859979632	0.647359092452
kwe-	0.0	0.965517241379	0.0344827586207	0.0
ulo-	0.126756540589	0.31782066464	0.189569899441	0.365852895329
tup-	0.133971590753	0.180445474896	0.0727075049286	0.612875429423
low-	0.28	0.68	0.00800000000002	0.032
yow-	0.0	1.0	0.0	0.0
lin-	0.0	1.0	0.0	0.0
eom-	0.235294117647	0.695501730104	0.0276816608997	0.0415224913494
gai-	0.164542204259	0.638232550909	0.157974506451	0.0392507383803
yup-	0.0	1.0	0.0	0.0
api-	0.026755000637	0.954134284622	0.0	0.0191107147407
dul-	0.325915290739	0.542713567839	0.0559942569993	0.0753768844222
piy-	0.0	0.968253968254	0.031746031746	0.0
yap-	0.472738023386	0.270102822603	0.0364564508777	0.220702703133
emi-	0.0	0.992890995261	0.0	0.00710900473933
iti-	0.0136143606293	0.928524606696	0.0381958450988	0.0196651875757
lay-	0.499540652274	0.410886541112	0.0620119430409	0.0275608635737
