-ṇeɣ	0.257627118644	0.122033898305	0.122033898305	0.498305084746
-rba	0.0	1.0	0.0	0.0
-uft	1.0	0.0	0.0	0.0
-ɣin	0.62783171521	0.294498381877	0.0	0.0776699029126
-ɣim	0.562182460791	0.351667771151	0.0	0.0861497680583
-ɣil	0.0860531478508	0.501070090958	0.343320848939	0.0695559122525
-zen	1.0	0.0	0.0	0.0
-ɣif	0.0	1.0	0.0	0.0
-ufa	0.35294117647	0.485294117647	0.161764705882	0.0
-ɣis	0.333333333333	0.333333333333	0.0	0.333333333333
-ɣir	0.00746268656716	0.962686567164	0.0298507462687	0.0
-ɣit	0.15	0.85	0.0	0.0
-i-s	0.0504201680673	0.672268907563	0.0504201680672	0.226890756302
-seɣ	0.672316384181	0.175141242938	0.0677966101695	0.0847457627119
-i-d	0.706201901313	0.09008601177	0.0	0.203712086917
-war	0.529177162887	0.362254328568	0.0335346744541	0.0750338340912
-'in	0.303985171455	0.332715477294	0.0315106580167	0.331788693234
-'ik	0.290229885058	0.408045977012	0.215517241379	0.0862068965519
-'id	0.555555555556	0.0	0.111111111111	0.333333333333
-waz	0.777777777778	0.0	0.0	0.222222222222
-šəd	0.868852459016	0.131147540984	0.0	0.0
-idi	0.083717394403	0.711977954103	0.0769705896327	0.127334061862
-idd	0.0	0.857142857143	0.142857142857	0.0
-šək	0.0242326332794	0.751211631664	0.0	0.224555735056
-ida	0.0	1.0	0.0	0.0
-šəw	0.700865775369	0.20637257789	0.0556569880441	0.037104658696
-ṣəɣ	0.0	0.6	0.0	0.4
-idu	0.564428203439	0.128616785479	0.0394177200024	0.26753729108
-uta	0.0	1.0	0.0	0.0
-uti	0.0221402214022	0.911439114391	0.0	0.0664206642066
-uts	0.0	1.0	0.0	0.0
-raɣ	0.568605434539	0.272593115396	0.0606332809342	0.0981681691315
-wəz	0.333333333333	0.0	0.0	0.666666666667
-wəy	0.560806249397	0.167084579034	0.0920050149484	0.180104156621
-id'	0.363636363636	0.515151515152	0.0606060606061	0.0606060606061
-wəs	0.026402640264	0.973597359736	0.0	0.0
-wər	0.158715455197	0.0181002499666	0.00705989961266	0.816124395223
-wəl	0.246279172171	0.426992514311	0.0693527080581	0.25737560546
-wəd	0.253117206983	0.493765586035	0.0748129675811	0.178304239401
-ḍay	0.25	0.0	0.5	0.25
--əs	0.172484371725	0.0857181608572	0.0110600101106	0.730737457307
-ḍas	0.441860465116	0.0	0.0	0.558139534884
-ḍar	0.0	1.0	0.0	0.0
-ḍal	0.217394572653	0.638277080358	0.0270615650605	0.117266781929
-ḍan	0.247582205029	0.700193423598	0.0464216634429	0.00580270793037
--ək	0.304608162733	0.0828895553527	0.00788629547529	0.604615986439
-ḍab	0.0	1.0	0.0	0.0
--əm	0.866666666667	0.0537634408603	0.0	0.0795698924731
-ḍaf	0.377358490566	0.452830188679	0.0	0.169811320755
-š-i	0.0618556701031	0.896907216495	0.0164948453608	0.0247422680412
-âra	0.536261491318	0.0132788559755	0.0	0.450459652707
-aṃa	0.0	1.0	0.0	0.0
-ṇət	0.25	0.0	0.375	0.375
-təɣ	0.268206039076	0.380106571936	0.0106571936057	0.341030195382
-roɣ	0.0382165605095	0.96178343949	0.0	0.0
-keq	0.181818181818	0.272727272727	0.0	0.545454545455
-rḍe	0.333333333333	0.0	0.0	0.666666666667
-yat	0.37396293143	0.208888597813	0.0856559041195	0.331492566638
-yaw	0.924892703863	0.00429184549356	0.0128755364807	0.0579399141631
-yaq	0.538690476191	0.252976190476	0.0744047619049	0.133928571428
-yas	0.113797152061	0.817713821236	0.0	0.0684890267032
-yar	1.0	0.0	0.0	0.0
-yay	0.0	0.94099207081	0.0479439424673	0.0110639867232
-yad	0.119194630872	0.33033557047	0.17355704698	0.376912751678
-ḍod	1.0	0.0	0.0	0.0
-yam	0.637194846045	0.141349521473	0.0418162851314	0.17963934735
-yal	0.0	1.0	0.0	0.0
-yan	0.308798683202	0.178469291991	0.057649005714	0.455083019093
-yak	0.317782285328	0.601081812035	0.0811359026369	0.0
-ofa	0.120590648072	0.191960623462	0.123051681706	0.56439704676
-lâɣ	0.438502673797	0.433155080214	0.0320855614973	0.096256684492
-noš	0.0	1.0	0.0	0.0
-add	0.0708809489367	0.281064660784	0.0708809489368	0.577173441342
-ade	0.464285714286	0.15	0.0857142857143	0.3
-ada	0.29419186498	0.143664427044	0.0140400678634	0.548103640113
-adi	0.223759638041	0.0397291945529	0.0259256391252	0.710585528281
-adu	0.165811592621	0.55605283266	0.140596004803	0.137539569916
-sen	0.631806219652	0.129749064087	0.0217298639683	0.216714852292
-sel	0.0	1.0	0.0	0.0
-sed	0.0	1.0	0.0	0.0
-set	0.0487804878048	0.951219512195	0.0	0.0
-ses	0.0	1.0	0.0	0.0
-ser	0.0	1.0	0.0	0.0
-seq	0.0	1.0	0.0	0.0
-ṇsu	0.275932549821	0.356157383751	0.122636688809	0.245273377619
-ənt	0.2	0.8	0.0	0.0
-əni	0.167902149741	0.0852483320979	0.0189028910304	0.727946627131
-nad	0.357082701701	0.362472629274	0.206333164898	0.0741115041266
-əna	0.4123103259	0.364825513783	0.0939183343102	0.128945826007
-ṇsa	0.580152671756	0.273047563124	0.0675278919553	0.0792718731651
-er-	0.130434782609	0.836956521739	0.0326086956521	0.0
-qub	0.0304612706702	0.877887713191	0.00400806193028	0.0876429542089
-ṣəq	0.285714285714	0.714285714286	0.0	0.0
-zog	0.0	0.75	0.25	0.0
-qur	0.3125	0.0	0.5625	0.125
-ṣən	0.523206751055	0.164556962025	0.0	0.31223628692
-ṣəm	0.545196134167	0.441159749858	0.0	0.013644115975
-xor	0.0	1.0	0.0	0.0
-raz	0.148854961832	0.511450381679	0.0458015267176	0.293893129771
-rax	0.000376449462983	0.999623550537	0.0	0.0
-ray	0.0756135763517	0.778160509194	0.105701411604	0.0405245028512
-raw	0.342787850492	0.269239747879	0.032358052551	0.355614349078
-rat	0.25483475097	0.173670548413	0.0582769239775	0.513217776639
-ert	0.366260041654	0.339184766438	0.0847961916096	0.209759000298
-ras	0.414441147379	0.39762611276	0.0342894823607	0.153643257501
-raq	0.425	0.425	0.0	0.15
-ran	0.21984397245	0.264567325891	0.0424706780919	0.473118023567
-eri	0.0	1.0	0.0	0.0
-ram	0.415082544726	0.399243627824	0.0501657802031	0.135508047247
-rak	0.10199299597	0.261892792324	0.544857320575	0.0912568911308
-era	0.0	0.938775510204	0.030612244898	0.030612244898
-iwi	0.526200873362	0.288209606987	0.172489082969	0.0131004366812
-rab	0.25	0.75	0.0	0.0
-oza	1.0	0.0	0.0	0.0
-azt	0.588235294118	0.411764705882	0.0	0.0
-azo	0.0	1.0	0.0	0.0
-azi	0.333333333333	0.0	0.0	0.666666666667
-aza	0.167922821827	0.583358456437	0.0180886343081	0.230630087428
-ikf	0.804347826087	0.0652173913042	0.130434782609	0.0
-gl'	0.75	0.0	0.0	0.25
-iki	0.73417721519	0.101265822785	0.0216998191681	0.142857142857
-ikh	0.160493827161	0.473251028807	0.0246913580247	0.341563786008
-nok	0.0190249702735	0.980975029727	0.0	0.0
-non	0.0	1.0	0.0	0.0
-nod	0.0	1.0	0.0	0.0
--id	0.557692307692	0.398351648352	0.0	0.043956043956
--ik	0.234154929577	0.607394366197	0.0	0.158450704225
-ṇəɣ	0.8	0.0	0.0	0.2
--in	0.227200731594	0.419481327452	0.0399991663956	0.313318774558
--is	0.0	1.0	0.0	0.0
--ir	0.0	1.0	0.0	0.0
-gla	0.523717934865	0.126439589619	0.0080899839234	0.341752491593
-gle	0.591110255917	0.0631133346161	0.0225129882625	0.323263421204
-tom	0.0	1.0	0.0	0.0
-tor	0.0	1.0	0.0	0.0
-tos	0.0236686390533	0.869822485207	0.0266272189349	0.0798816568048
-von	0.0	1.0	0.0	0.0
-ngu	0.6	0.4	0.0	0.0
-təf	0.580152671756	0.198473282443	0.0458015267176	0.175572519084
-təg	0.630391506304	0.270072992701	0.0398142003981	0.0597213005972
-təb	0.237983587339	0.490035169988	0.103165298945	0.168815943728
-ros	0.00167410714286	0.998325892857	0.0	0.0
-təl	0.639175257732	0.0927835051545	0.0824742268041	0.185567010309
-xya	0.098986975398	0.875832127352	0.00434153400869	0.0208393632417
-tən	0.803762738437	0.135484713875	0.0143715704207	0.0463809772668
-roy	0.615384615385	0.384615384615	0.0	0.0
-tək	0.106382978723	0.638297872341	0.0	0.255319148936
-rod	0.0	1.0	0.0	0.0
-rog	0.375	0.107142857143	0.0	0.517857142857
-təq	0.75	0.25	0.0	0.0
-tər	0.0106382978723	0.663120567376	0.241134751773	0.0851063829787
-təs	0.0368461515795	0.893399301919	0.0182824416234	0.0514721048782
-ron	0.0	1.0	0.0	0.0
-təy	0.591549295775	0.394366197183	0.0140845070423	0.0
-ṇwa	0.367346938776	0.367346938776	0.0	0.265306122449
-nəɣ	0.6	0.0	0.0	0.4
-saq	0.391470401018	0.198599618078	0.129853596435	0.280076384469
-eft	0.881632653061	0.0204081632653	0.0979591836735	0.0
-ṇ-i	0.479838709678	0.520161290322	0.0	0.0
-yaɣ	0.58915016682	0.214170199746	0.0971414834564	0.0995381499774
-ddi	0.250599157973	0.191287861441	0.0298464629072	0.528266517679
-lâm	0.577059519117	0.0149783208514	0.24241229799	0.165549862042
-lân	0.0	0.675889328063	0.276679841897	0.0474308300395
-tim	0.858504398827	0.0480205278592	0.0	0.0934750733137
-tin	0.129668049793	0.83726659751	0.0233402489626	0.00972510373443
-oli	0.0	1.0	0.0	0.0
-tit	0.71250971251	0.24864024864	0.01554001554	0.02331002331
--wa	0.345454545454	0.0	0.190909090909	0.463636363636
-mud	0.0144398603618	0.777530942558	0.00872738813077	0.19930180895
-lek	0.344702467344	0.552491533624	0.0169327527818	0.0858732462506
-šay	0.4	0.6	0.0	0.0
-lem	0.185832052536	0.240603604862	0.522565320665	0.0509990219365
-len	0.16417032865	0.22333972891	0.0782942377917	0.534195704648
-šat	0.344827586207	0.0	0.241379310345	0.413793103448
-sfa	0.0	1.0	0.0	0.0
-led	0.0	1.0	0.0	0.0
-ḍze	0.0	1.0	0.0	0.0
-lef	0.4	0.4	0.0666666666666	0.133333333333
-leg	0.0	1.0	0.0	0.0
-šam	0.674304383099	0.170982524612	0.0552546758173	0.0994584164711
-šal	0.0	1.0	0.0	0.0
-šan	0.154261711077	0.0346655391898	0.00240224343967	0.808670506294
-fsa	0.777777777778	0.222222222222	0.0	0.0
-šak	0.319936331078	0.159968165539	0.0429765220851	0.477118981297
-mur	0.296610169492	0.457627118644	0.0932203389831	0.152542372881
-leq	0.2	0.2	0.6	0.0
-les	0.135220548938	0.823692644564	0.011739087571	0.0293477189275
-let	0.518537074148	0.135771543086	0.345691382766	0.0
-fsi	0.0895522388059	0.872068230277	0.0127931769723	0.0255863539446
-muz	0.174863387978	0.808743169399	0.0163934426229	0.0
-ṇta	0.333333333333	0.333333333334	0.166666666667	0.166666666667
-ŋaɣ	0.8	0.0	0.2	0.0
-əga	0.368145573046	0.179126048357	0.0599188656819	0.392809512915
-neṭ	0.0	0.25	0.25	0.5
-lse	0.818181818182	0.181818181818	0.0	0.0
-jab	0.228615863141	0.738724727838	0.0	0.0326594090203
-ogd	0.062015503876	0.209302325581	0.015503875969	0.713178294574
-tš'	0.461016949153	0.467796610169	0.0	0.071186440678
-rid	0.666666666667	0.333333333333	0.0	0.0
-est	0.410468319559	0.539944903581	0.0165289256198	0.0330578512397
-iti	0.0	1.0	0.0	0.0
-esa	1.0	0.0	0.0	0.0
-ita	0.25	0.75	0.0	0.0
-šwi	0.0232558139535	0.418604651163	0.558139534884	0.0
-fad	0.0	0.362892223738	0.592087312415	0.0450204638472
-šwa	0.353650645754	0.552139141238	0.0	0.0942102130083
-fan	0.572686437479	0.24900546575	0.0566633236319	0.121644773139
-fal	0.383798882682	0.231284916201	0.0491620111732	0.335754189944
-fam	0.860712771529	0.0988852033818	0.0	0.0404020250891
-far	0.530661587765	0.441111732035	0.0	0.0282266802003
-fas	0.05548098434	0.868456375839	0.0	0.076062639821
-faq	0.344720496894	0.506211180124	0.111801242236	0.0372670807453
-faw	0.0731737760165	0.13058944675	0.102505694761	0.693731082473
-fat	0.359973285842	0.312778272484	0.113535173642	0.213713268032
-faz	0.399380804954	0.582043343653	0.0185758513932	0.0
-n'i	0.573529411765	0.161764705883	0.0441176470588	0.220588235294
-fay	0.230662983425	0.540055248619	0.0276243093923	0.201657458563
-tši	0.526315789474	0.473684210526	0.0	0.0
-tše	0.600000000001	0.0999999999999	0.3	0.0
-tša	0.625656414104	0.288822205551	0.0180045011253	0.0675168792196
-ṇfa	0.124481327801	0.248962655602	0.477178423237	0.149377593361
-tšu	0.68202764977	0.248847926267	0.0	0.0691244239631
-šon	0.0	1.0	0.0	0.0
-ələ	0.413793103449	0.413793103448	0.0517241379312	0.120689655172
-tna	0.0	1.0	0.0	0.0
-xri	0.0	1.0	0.0	0.0
-gma	0.242951907131	0.0547263681592	0.0348258706468	0.667495854063
-muš	0.117506567948	0.853833293528	0.0	0.028660138524
-kra	0.565597667639	0.300291545189	0.0758017492711	0.0583090379008
-əkṇ	0.327445652174	0.122282608696	0.55027173913	0.0
-izt	0.5	0.0	0.5	0.0
-rnu	0.514285714286	0.4	0.0857142857141	0.0
-riz	0.0	0.828828828829	0.0900900900902	0.081081081081
-ṣen	0.785714285714	0.0428571428573	0.0	0.171428571428
-rne	0.666666666667	0.333333333333	0.0	0.0
-iza	0.621125143513	0.309988518944	0.0516647531573	0.0172215843858
-rna	0.232974673706	0.544077950814	0.149129392785	0.0738179826945
-uri	0.333333333333	0.666666666667	0.0	0.0
-ura	0.415488976823	0.567552289429	0.0	0.0169587337479
-urt	0.134056554641	0.829092024646	0.00423954397585	0.0326118767373
-uru	0.0	0.857142857143	0.0	0.142857142857
-kaḍ	0.285714285714	0.714285714286	0.0	0.0
-zni	0.00984144341171	0.950792782942	0.00656096227446	0.0328048113723
-lɣa	0.220905923345	0.121254355401	0.025087108014	0.63275261324
-lɣi	0.0	0.736842105263	0.263157894737	0.0
-ɣâl	0.594202898551	0.115942028986	0.0	0.289855072464
-t'i	1.0	0.0	0.0	0.0
-nn'	0.539440203562	0.142493638677	0.027989821883	0.290076335878
-t'a	0.484249536751	0.355157504632	0.0185299567634	0.142063001853
--tu	0.547133755758	0.214858444044	0.0764322569705	0.161575543228
--ta	0.699588477366	0.115226337449	0.0	0.185185185185
-ɣâd	0.306691449814	0.17750929368	0.195167286245	0.32063197026
-iha	0.376275696699	0.0927566745621	0.00672573617569	0.524241892564
-nnu	0.398687779488	0.160362143538	0.0194267282457	0.421523348728
-taɣ	0.654900272636	0.244654900273	0.0267852872244	0.0736595398671
-hêɣ	0.272727272727	0.545454545455	0.181818181818	0.0
-kli	0.0292049756625	0.868577609519	0.0340724716063	0.0681449432126
-ihu	0.417686072218	0.421370670597	0.0229918938835	0.137951363301
-nna	0.542850287143	0.122324220275	0.0171513152489	0.317674177333
-kla	0.0	1.0	0.0	0.0
-nne	0.619451152833	0.0852643393608	0.010906541328	0.284377966478
--t'	0.150197628459	0.529644268775	0.177865612648	0.142292490119
-leɣ	0.513517326803	0.182350415839	0.0395149940217	0.264617263336
-ḍzə	0.0	1.0	0.0	0.0
-əṇṇ	0.0	0.833333333333	0.0	0.166666666667
-d-i	0.375	0.175	0.025	0.425
-iɣa	0.221269296741	0.464837049743	0.0783304745569	0.235563178959
-ŋan	0.75	0.25	0.0	0.0
-ŋaq	0.545454545455	0.454545454545	0.0	0.0
-z'a	0.428571428571	0.571428571429	0.0	0.0
-ərt	0.208485201924	0.505758856976	0.1341303397	0.1516256014
-əru	0.161434977578	0.538116591928	0.0	0.300448430493
-əl-	0.0714893764876	0.525512065461	0.220635499731	0.182363058321
-əri	0.0	0.236319877945	0.328666745458	0.435013376597
-əre	0.457932951523	0.209939852867	0.120773525676	0.211353669934
-əra	0.449146349919	0.208113542661	0.0477894703156	0.294950637104
-kəs	0.543352601156	0.21387283237	0.0260115606937	0.21676300578
-faɣ	0.551933154628	0.194498780458	0.0811417807723	0.172426284141
-kət	0.514740290126	0.379971923257	0.0140383715489	0.0912494150679
-ɣəs	0.0	1.0	0.0	0.0
-ɣəl	0.300548241312	0.305945047458	0.263919158483	0.129587552746
-ər-	0.506024096386	0.174698795181	0.0361445783133	0.28313253012
-kəm	0.548191329322	0.228631017505	0.0275232494529	0.19565440372
-kəl	0.216649557608	0.263821674732	0.0170112919783	0.502517475681
-əle	0.474051951201	0.234728176418	0.0825444406485	0.208675431733
-mre	0.0	1.0	0.0	0.0
-əla	0.434655373967	0.224256594075	0.048881697621	0.292206334337
-lda	0.0	1.0	0.0	0.0
-əlk	0.4	0.168	0.096	0.336
-əli	0.00694371383484	0.977064702788	0.0022093634929	0.0137822198843
-šfi	0.0	1.0	0.0	0.0
-əlt	0.579822979839	0.410342566792	0.00983445336829	0.0
-əlu	0.278869944667	0.355841468352	0.163750056233	0.201538530748
-fra	0.0	1.0	0.0	0.0
-ṇur	0.0526315789473	0.71052631579	0.131578947368	0.105263157895
-âla	0.924528301887	0.0377358490566	0.0	0.0377358490566
-usa	0.0716244002741	0.904043865661	0.0089102124743	0.0154215215901
-šši	0.245398773006	0.239263803681	0.515337423313	0.0
-šše	0.0	1.0	0.0	0.0
-šša	0.00791034937376	0.24719841793	0.705339485827	0.0395517468688
-ust	0.382807852469	0.590422367638	0.0178465199286	0.00892325996431
-l-i	0.278258143296	0.101248721164	0.0155935447675	0.604899590773
-a-s	0.0	1.0	0.0	0.0
-bor	1.0	0.0	0.0	0.0
-l-t	0.285714285714	0.0	0.0	0.714285714286
-ṣeɣ	0.5	0.5	0.0	0.0
-win	0.0950411458618	0.0175883723605	0.000965799869877	0.886404681908
-wid	0.0	0.347826086956	0.0	0.652173913044
-h-i	0.636363636364	0.159090909091	0.102272727273	0.102272727273
-xil	0.0	0.986301369863	0.0	0.013698630137
-xin	0.0	1.0	0.0	0.0
-wit	0.184449029697	0.510355995508	0.0945490636508	0.210645911145
-ssa	0.374071105436	0.0724639650042	0.0247252374031	0.528739692157
-kmu	0.666666666667	0.333333333333	0.0	0.0
-kma	0.176291793313	0.273556231003	0.31914893617	0.231003039514
-tal	0.333050729888	0.370369799454	0.0340665608188	0.262512909839
-tam	0.0184331797235	0.161290322581	0.0276497695852	0.792626728111
-tan	0.208440547318	0.508876845344	0.0466847404047	0.235997866933
-kər	0.656818375886	0.130561011015	0.0471351720604	0.165485441038
-tad	0.328358208955	0.626865671642	0.044776119403	0.0
-taf	0.664652567976	0.199395770393	0.0	0.135951661631
-tag	0.332205301748	0.426959954879	0.0648618161309	0.175972927242
-tab	0.524980038782	0.360385536671	0.0342192312079	0.0804151933387
-tay	0.159056143699	0.652990443304	0.0481621154982	0.139791297499
-tat	0.304386384015	0.140443481619	0.117585459877	0.43758467449
-taq	0.762247838617	0.172910662824	0.064841498559	0.0
-tar	0.6	0.0	0.0	0.4
-tas	0.289631721063	0.208228294847	0.0371416086854	0.464998375405
-ent	0.857142857143	0.142857142857	0.0	0.0
-rma	0.0	0.909589041096	0.0739726027397	0.0164383561644
-rmi	0.338235294118	0.661764705882	0.0	0.0
-ena	0.439972558884	0.135058976269	0.131673096641	0.293295368205
-hel	0.0	1.0	0.0	0.0
-hem	0.0	1.0	0.0	0.0
-hen	0.438860971524	0.323841429369	0.173087660525	0.0642099385818
-gaɣ	0.516904099554	0.193077981606	0.0561325004207	0.23388541842
-nsu	0.142857142857	0.571428571429	0.0	0.285714285714
-eša	0.0	1.0	0.0	0.0
-nsa	0.462850182704	0.249695493301	0.0560292326431	0.231425091352
-dâd	0.359550561798	0.286516853933	0.219101123595	0.134831460674
-dân	0.547445255474	0.386861313869	0.0	0.0656934306569
-dât	0.342007587831	0.141958236086	0.103638662979	0.412395513104
-nan	0.523907546239	0.221947215582	0.047890739109	0.20625449907
-y-i	0.409574468085	0.11170212766	0.303191489362	0.175531914894
-nam	0.693204658117	0.130181114158	0.00895689975295	0.167657327972
-ɣ-i	0.266462414775	0.059722102356	0.0129455424182	0.660869940451
-zuk	0.346878097126	0.415262636273	0.0297324083251	0.208126858276
-əma	0.663933081843	0.137608659997	0.0262424143021	0.172215843858
-ded	0.65963060686	0.234828496042	0.0	0.105540897098
-mse	0.257452728161	0.722400048842	0.0201472229975	0.0
-əmi	0.349344978166	0.515283842795	0.0174672489083	0.117903930131
-zun	0.211901650573	0.147089829662	0.00482142549653	0.636187094269
-dek	0.0	1.0	0.0	0.0
-del	0.519973231751	0.281118089159	0.0172964068774	0.181612272212
-den	0.267032829468	0.188824210559	0.0373830313273	0.506759928645
-kin	0.281252245563	0.332151668303	0.054612086517	0.331983999617
-der	0.463414634147	0.463414634146	0.0	0.0731707317073
-des	0.25166163142	0.316918429003	0.0697885196375	0.36163141994
-det	0.8	0.2	0.0	0.0
-əmt	0.232718894009	0.665898617511	0.00691244239631	0.094470046083
-dew	0.393063583815	0.0990916597853	0.027250206441	0.480594549959
-kil	0.0779661016949	0.477966101695	0.0610169491526	0.383050847458
-oka	0.771046550017	0.0473753714097	0.0561241333774	0.125453945196
-zur	0.092715231788	0.688741721854	0.0	0.218543046358
-bit	0.0	1.0	0.0	0.0
-ḍəz	0.5	0.5	0.0	0.0
-bib	0.0	0.978073089701	0.021926910299	0.0
-yeɣ	0.316697463076	0.0783934717027	0.0616659118399	0.543243153382
-nsâ	0.494219653179	0.0173410404624	0.0	0.488439306359
-ḍən	0.777777777778	0.0	0.0	0.222222222222
-zuz	0.0	1.0	0.0	0.0
-zaɣ	0.477256822953	0.2722183345	0.1455563331	0.104968509447
-lux	0.0	1.0	0.0	0.0
-met	0.683026584867	0.19427402863	0.0490797546013	0.0736196319018
-jil	0.228571428571	0.657142857143	0.114285714286	0.0
-meq	0.401592718999	0.113765642776	0.163822525597	0.320819112628
-mer	0.0	1.0	0.0	0.0
-jib	0.0	0.967663702506	0.0	0.0323362974939
-gdu	0.0833333333333	0.416666666667	0.166666666667	0.333333333333
-g'a	0.220588235294	0.183823529411	0.0	0.595588235294
-med	0.381656804734	0.373203719358	0.156382079459	0.0887573964497
-luk	0.355308293719	0.366783332463	0.0475369586793	0.230371415139
-lul	0.362068965517	0.534482758621	0.0	0.103448275862
-lum	0.295336787565	0.689119170985	0.0	0.0155440414508
-lun	0.0	1.0	0.0	0.0
-g'i	0.0967741935484	0.774193548387	0.0645161290322	0.0645161290322
-mel	0.4682841051	0.162083641275	0.0538749713296	0.315757282296
-men	0.760672703752	0.208279430789	0.0155239327296	0.0155239327296
-lud	0.0	1.0	0.0	0.0
-mek	0.0	1.0	0.0	0.0
-yda	0.0	1.0	0.0	0.0
-ayd	0.444444444444	0.555555555556	0.0	0.0
-aya	0.386314723592	0.445843147258	0.0311815026706	0.136660626479
-aym	0.0	1.0	0.0	0.0
-ayt	0.177536339146	0.548032801445	0.0596820509784	0.214748808431
-ays	0.0999999999999	0.7	0.2	0.0
-mâr	0.0989010989011	0.131868131868	0.0	0.769230769231
-šur	0.127551020408	0.676020408163	0.145408163265	0.0510204081633
-ɣet	0.387337057728	0.389199255121	0.0	0.223463687151
-sra	0.0152781282161	0.984721871784	0.0	0.0
-ɣen	0.470588235294	0.529411764706	0.0	0.0
-ɣem	0.0	1.0	0.0	0.0
-šub	0.0	1.0	0.0	0.0
-šud	0.21003464113	0.554770318021	0.091160868546	0.144034172303
-šul	0.0	1.0	0.0	0.0
-nəf	0.148054145516	0.61717428088	0.0317258883248	0.203045685279
-nəg	0.0535117056857	0.0702341137124	0.645484949833	0.230769230769
-lma	0.0	1.0	0.0	0.0
-əst	0.235136171845	0.557057920982	0.118622938243	0.0891829689298
-əss	0.319872958258	0.114488808227	0.0468844525105	0.518753781004
-saɣ	0.671470520125	0.143100820048	0.0396688177739	0.145759842053
-nəs	0.0628140703518	0.777412704548	0.0843963406777	0.0753768844222
-nəz	0.5165846691	0.363434375496	0.0	0.119980955404
-nəy	0.583206084291	0.187383303693	0.0453955565744	0.184015055441
-əsa	0.376049431447	0.404385978229	0.059094566488	0.160470023835
-akk	0.102739726027	0.198630136986	0.041095890411	0.657534246575
-akf	0.8	0.2	0.0	0.0
-ake	0.636882129278	0.134980988593	0.0	0.228136882129
-aka	0.626641966992	0.288312563153	0.014314584035	0.0707308858202
-deš	0.0	1.0	0.0	0.0
-zza	1.0	0.0	0.0	0.0
-gom	0.333333333333	0.0	0.0	0.666666666667
-gog	0.0	1.0	0.0	0.0
-amt	0.10864789295	0.855402436589	0.0119832234871	0.0239664469742
-zzu	0.8	0.1	0.0	0.1
-gor	0.0	0.529411764706	0.352941176471	0.117647058823
-k'i	0.583657587548	0.077821011673	0.338521400779	0.0
-šim	0.314465408805	0.603773584906	0.0440251572327	0.0377358490565
-ṣuf	0.0703695969932	0.736688243892	0.0292336604719	0.163708498643
-kn'	0.0	0.0	1.0	0.0
-heɣ	0.404677352273	0.0549764852673	0.0214991841827	0.518846978277
-gag	0.447255871882	0.447279371159	0.0822004723355	0.0232642846233
-gad	0.374804965742	0.545824570925	0.0458584899261	0.0335119734075
-gab	0.0	0.744680851064	0.255319148936	0.0
-gan	0.280783340134	0.314922928464	0.0723160410795	0.331977690323
-gam	0.540863031264	0.142512040212	0.176589779205	0.140035149318
-gal	0.0183422132937	0.886889684689	0.0947681020177	0.0
-tri	0.0	1.0	0.0	0.0
--d'	0.668639053254	0.207100591716	0.0	0.12426035503
-aṇu	0.0882352941178	0.558823529412	0.0	0.35294117647
-jəq	0.435684647303	0.253112033195	0.0	0.311203319502
-gaw	0.519417475728	0.334951456311	0.0291262135922	0.116504854369
-gat	0.399665999638	0.225262831471	0.0724900274647	0.302581141426
-gas	0.1324828263	0.647595682041	0.0353287536801	0.184592737978
-gar	0.0655233249908	0.0818938989866	0.191605465064	0.660977310959
-gaq	0.335436382755	0.401682439537	0.189274447949	0.0736067297582
-lêɣ	0.739130434783	0.217391304348	0.0	0.0434782608695
-jəd	0.428571428571	0.0	0.0	0.571428571429
-jəb	0.020202020202	0.949494949495	0.030303030303	0.0
-gaz	0.469046395667	0.201801924078	0.0535632919369	0.275588388319
-gay	0.823927765237	0.10835214447	0.0474040632054	0.020316027088
-ini	0.0	1.0	0.0	0.0
-inn	0.265225933202	0.388998035364	0.0864440078585	0.259332023576
-ina	0.0474853552171	0.864632641317	0.00505623397057	0.0828257694956
-rza	0.433701372407	0.520070168197	0.0462284593953	0.0
-knu	0.571640682999	0.221297237298	0.0935412026726	0.11352087703
-ḍon	0.0	0.869565217391	0.130434782609	0.0
-kna	0.375159410159	0.0932466771837	0.144361839806	0.387232072852
-int	0.20054200542	0.682926829268	0.0921409214092	0.0243902439024
--di	0.428571428571	0.0	0.571428571429	0.0
--da	0.279683377309	0.184696569921	0.0197889182058	0.515831134565
--du	0.504398223311	0.198016097472	0.0704085136289	0.227177165587
-deɣ	0.332369942197	0.0781157149803	0.0370050240398	0.552509318783
-iru	0.639294790343	0.139453621347	0.017789072427	0.203462515883
-yet	0.8	0.2	0.0	0.0
-yew	0.197132616487	0.182795698925	0.0	0.620071684588
-yem	0.199757869249	0.461259079903	0.0	0.338983050847
-yel	0.0262779080755	0.914684652088	0.00437314369162	0.0546642961451
-yen	0.555012055126	0.321360889797	0.0791768779704	0.0444501771062
-lta	0.11320754717	0.88679245283	0.0	0.0
-dri	0.452296819788	0.547703180212	0.0	0.0
-ṃut	0.235294117647	0.411764705883	0.352941176471	0.0
-meɣ	0.178170144462	0.016051364366	0.0385232744784	0.767255216693
-luɣ	0.429133858268	0.318241469816	0.252624671916	0.0
-dd'	0.363184079602	0.135323383085	0.0119402985075	0.489552238806
-'na	0.87922705314	0.0144927536232	0.0	0.106280193237
-ṇin	0.469387755102	0.122448979592	0.0816326530612	0.326530612245
-ṇim	0.379310344827	0.48275862069	0.0	0.137931034483
-waḍ	0.0	1.0	0.0	0.0
-sa-	0.0	0.832699619772	0.0	0.167300380228
-gaš	0.0	1.0	0.0	0.0
-aha	0.510688836105	0.308788598575	0.0950118764845	0.085510688836
-ɣta	0.344086021505	0.623655913979	0.0322580645161	0.0
-ahe	0.5	0.0	0.5	0.0
-ɣeɣ	0.75	0.0	0.0	0.25
-ahu	0.111271659868	0.754081638618	0.0793453776783	0.0553013238364
-sas	0.116339193382	0.187176835574	0.0139607032058	0.682523267839
-sar	0.142527246614	0.812526401757	0.0106451885437	0.0343011630854
-dda	0.159956539033	0.0367715356766	0.0125137310687	0.790758194221
-kfə	0.571428571428	0.0	0.0	0.428571428572
-saw	0.0631434748175	0.843104518504	0.0329630343115	0.0607889723667
-əbi	0.0451209240765	0.784021176754	0.0180483696306	0.152809529539
-sat	0.226288701903	0.140715627808	0.0646189036844	0.568376766604
-say	0.171787872949	0.666230064769	0.0999199694536	0.0620620928284
-olt	0.25	0.75	0.0	0.0
-əba	0.495942290352	0.480012022844	0.0180342651037	0.00601142170122
-lfa	0.0	1.0	0.0	0.0
-sab	0.118545127975	0.881454872025	0.0	0.0
-saf	0.0	1.0	0.0	0.0
-ddu	0.579152062227	0.14164305949	0.0797042300859	0.199500648197
-sad	0.769230769231	0.102564102564	0.025641025641	0.102564102564
-ola	0.278917318672	0.234721928526	0.0317191795306	0.454641573271
-san	0.341472568196	0.137731851766	0.0397357746349	0.481059805404
-sam	0.422487406656	0.119033859363	0.0618274253642	0.396651308617
-sal	0.191235059761	0.689243027888	0.0717131474104	0.0478087649402
-hag	0.4	0.0	0.0	0.6
-sâr	0.0	0.360000000001	0.48	0.16
-mat	0.148755848372	0.60113434546	0.110550940514	0.139558865654
-sân	0.725832700445	0.121514592601	0.00650971031788	0.146142996637
-sâl	0.679117911791	0.017101710171	0.263276327633	0.040504050405
-mak	0.310344827586	0.689655172414	0.0	0.0
-mam	0.227611044418	0.236494597839	0.49843937575	0.0374549819928
-haw	0.483333333333	0.416666666667	0.0	0.1
-yye	0.366071428571	0.0982142857143	0.09375	0.441964285714
-yya	0.268756964123	0.60327387511	0.0154258241332	0.112543336634
-yyu	0.637869822485	0.158579881657	0.0923076923077	0.11124260355
-m-i	0.6401626924	0.104633543345	0.0111651646862	0.244038599569
-ṣaɣ	0.368421052631	0.526315789474	0.105263157895	0.0
-w-i	0.245409015025	0.28714524207	0.0	0.467445742905
-rya	0.0	1.0	0.0	0.0
-uni	0.0	0.857142857143	0.0	0.142857142857
--et	0.631205673759	0.209929078014	0.0567375886525	0.102127659574
--es	0.0811138014528	0.657384987893	0.164648910412	0.0968523002422
--el	0.0	1.0	0.0	0.0
--en	0.614161645308	0.129254010014	0.0466774166172	0.20990692806
--ek	0.162079510703	0.440366972477	0.201834862385	0.195718654434
-ṭut	0.0346598202824	0.872913992298	0.00385109114249	0.0885750962773
-elt	0.0	0.608695652174	0.0	0.391304347826
-xus	0.0	0.981024667932	0.0	0.0189753320683
-xul	0.0	1.0	0.0	0.0
-rki	0.0	1.0	0.0	0.0
-eli	0.0	1.0	0.0	0.0
-ela	0.30785723624	0.655536671461	0.0109818276899	0.0256242646097
-iya	0.116336941645	0.585666293393	0.0130645763345	0.284932188627
-gəɣ	0.264150943396	0.622641509434	0.11320754717	0.0
-waɣ	0.497419539582	0.157373405545	0.191720129994	0.153486924879
-hul	0.00256316661385	0.793249926795	0.0	0.204186906591
-hum	0.0182926829268	0.841463414634	0.0	0.140243902439
-hun	0.114414414414	0.836936936937	0.0	0.0486486486487
-hud	0.0400914268862	0.841348546571	0.0589850878325	0.0595749387108
-hut	0.764988009592	0.0959232613909	0.0119904076739	0.127098321343
-kol	0.0	0.582608695652	0.313043478261	0.104347826087
-tul	0.0905797101449	0.492753623188	0.0905797101449	0.326086956522
-tun	0.0	0.8	0.0	0.2
-kot	0.0	1.0	0.0	0.0
-tur	0.0	1.0	0.0	0.0
-tut	0.116466474076	0.672647103543	0.0	0.210886422381
-tux	0.0	1.0	0.0	0.0
-geš	0.0	1.0	0.0	0.0
-koz	0.0245901639344	0.0	0.151639344262	0.823770491803
-lit	0.12268907563	0.791596638655	0.0201680672269	0.0655462184874
-lis	0.14112559386	0.498903642344	0.28505299062	0.0749177731758
-lil	0.113366592121	0.324892482367	0.066402890074	0.495338035438
-lim	0.451384294545	0.469985566392	0.0431578958766	0.0354722431862
-lin	0.874435870185	0.0264467137994	0.0	0.0991174160158
-lid	0.130603341357	0.663374486361	0.0987189575516	0.10730321473
-lif	0.284605433376	0.613749768989	0.0	0.101644797634
-nân	0.0	0.0	1.0	0.0
-ləɣ	0.191929133858	0.332677165354	0.287401574803	0.187992125984
-nây	0.269922879177	0.339331619537	0.0514138817481	0.339331619537
-lwa	0.0	0.65625	0.28125	0.0625
-uši	0.0	1.0	0.0	0.0
-ušt	0.277652370203	0.668171557562	0.0270880361174	0.0270880361174
-duq	0.333333333333	0.666666666667	0.0	0.0
-duf	0.36328125	0.2109375	0.0390625	0.38671875
-req	0.150250417362	0.303839732888	0.161936560935	0.383973288815
-wla	0.0558659217877	0.810055865922	0.0	0.13407821229
-did	0.125	0.875	0.0	0.0
-slu	0.727143042407	0.0713266761769	0.0	0.201530281416
-fet	0.0359281437127	0.910179640719	0.0	0.0538922155688
-dig	0.0	0.058999253174	0.941000746826	0.0
-fer	0.0	0.8	0.2	0.0
-dib	0.47902571042	0.493910690122	0.0270635994587	0.0
-feq	0.31914893617	0.382978723404	0.0	0.297872340426
-dil	0.197368421053	0.0657894736843	0.736842105263	0.0
-dim	0.0485222761358	0.834583149537	0.0705778561976	0.0463167181297
-din	0.189056591981	0.417986937908	0.0874972657105	0.3054592044
-óra	0.104895104895	0.601398601399	0.0	0.293706293706
-dit	0.331171702284	0.507885040531	0.0680913780398	0.0928518791452
-feg	0.0	1.0	0.0	0.0
-sla	0.736248905748	0.0620805369127	0.0361103005544	0.165560256784
-dis	0.324553039333	0.0407628128724	0.0393325387366	0.595351609058
-fen	0.145161290323	0.120967741935	0.588709677419	0.145161290323
-fel	0.152444870566	0.065196548418	0.0092042186002	0.773154362416
-sli	0.0591591701693	0.875577935755	0.0112684133656	0.0539944807101
-huš	0.0	0.826086956522	0.173913043478	0.0
-ggu	0.491585925548	0.142614312426	0.0311065782764	0.33469318375
-tuš	0.0	1.0	0.0	0.0
-šed	0.8	0.2	0.0	0.0
-šek	0.24	0.68	0.08	0.0
-šem	0.292237442922	0.669710806697	0.0	0.0380517503805
-šel	0.0	1.0	0.0	0.0
-šen	0.0416666666667	0.916666666667	0.0416666666667	0.0
-šeq	1.0	0.0	0.0	0.0
-šes	0.0	0.8	0.2	0.0
-šer	0.0	1.0	0.0	0.0
-šet	0.0555555555556	0.375	0.0	0.569444444444
-ɣur	0.115710025824	0.0215440368674	0.00642040833799	0.85632552897
-ema	0.826944140197	0.140197152245	0.0	0.0328587075575
-ṣak	0.399999999999	0.600000000001	0.0	0.0
-ṣan	0.428470754052	0.241014799154	0.0429880197322	0.287526427061
-ṣam	0.25	0.75	0.0	0.0
-ṣas	0.0	0.571428571429	0.428571428571	0.0
-ṣar	0.0680529300569	0.896030245747	0.0359168241966	0.0
-ṣaq	0.347826086956	0.652173913044	0.0	0.0
-ṣat	0.333333333333	0.5	0.0	0.166666666667
-ṣay	0.0	0.411764705882	0.470588235294	0.117647058824
-ṭṭa	0.428571428571	0.571428571429	0.0	0.0
-rji	0.75	0.25	0.0	0.0
-qəl	0.290208667737	0.235098983414	0.0243980738363	0.450294275013
-qən	0.661700262927	0.167397020158	0.0394390885189	0.131463628396
-'ad	0.455782312925	0.428571428571	0.0136054421769	0.102040816326
-'ak	0.420289855073	0.304347826087	0.217391304348	0.0579710144928
-omi	0.0382775119617	0.918660287081	0.0	0.0430622009571
-gâr	0.0851187029531	0.671685002895	0.0	0.243196294152
-'as	0.307549540841	0.134944417593	0.0259449009183	0.531561140648
-'ar	0.186383928571	0.0770089285714	0.0	0.736607142857
-gât	0.333333333333	0.666666666667	0.0	0.0
-'az	0.5	0.5	0.0	0.0
-'ay	0.545519799019	0.183514774495	0.0490489292977	0.221916497189
-gən	0.423317062096	0.518409202709	0.0	0.0582737351951
-gəm	0.453154875717	0.095602294455	0.160611854685	0.290630975143
-gəl	0.631147540984	0.172131147541	0.0	0.196721311475
-gəg	0.454253611557	0.385232744783	0.0834670947031	0.0770465489567
-gəd	0.285714285714	0.714285714286	0.0	0.0
-əša	0.0349854227405	0.632653061224	0.0874635568513	0.244897959184
-gəz	0.43900407377	0.346439680866	0.0792628167585	0.135293428605
-gəy	0.307692307692	0.0	0.0	0.692307692308
-gət	0.082782819641	0.330914683012	0.420282007408	0.166020489939
-gəs	0.254054054054	0.4	0.248648648649	0.0972972972972
-gər	0.215249827179	0.246304999035	0.140121192494	0.398323981292
-tta	0.1567695962	0.8432304038	0.0	0.0
-ôra	0.428571428572	0.571428571428	0.0	0.0
-tti	0.0632570659489	0.888290713324	0.0	0.0484522207268
-tak	0.612903225807	0.387096774193	0.0	0.0
-qim	0.737329670922	0.0765874939408	0.0274680885442	0.158614746593
-ttu	0.370967741935	0.387096774194	0.0	0.241935483871
-rêɣ	0.462526766595	0.334047109208	0.0	0.203426124197
-roš	0.0	1.0	0.0	0.0
-ilt	0.296703296703	0.571428571428	0.0	0.131868131868
-ilu	0.0379746835443	0.886075949367	0.0759493670886	0.0
-ilz	0.428571428571	0.142857142857	0.0	0.428571428571
-ile	0.3	0.5	0.0	0.2
-ila	0.386923451008	0.337296210086	0.00934848606461	0.266431852842
-ilk	0.398907103825	0.502732240437	0.0655737704918	0.0327868852459
-ili	0.0	1.0	0.0	0.0
-bəg	0.307692307692	0.692307692308	0.0	0.0
-bəd	0.466666666667	0.533333333333	0.0	0.0
-bəl	0.629912663755	0.204148471616	0.126637554585	0.0393013100437
-bət	0.583333333333	0.416666666667	0.0	0.0
-bər	0.714285714286	0.0	0.0	0.285714285714
-bəz	0.733733811827	0.235372132938	0.0308940552349	0.0
-ləl	0.583590044497	0.137450491419	0.03508385898	0.243875605105
-ləm	1.0	0.0	0.0	0.0
-lək	0.498674900921	0.194971917625	0.122541272581	0.183811908872
-ləf	0.354077253219	0.399141630901	0.0965665236051	0.150214592275
-ləg	0.988957553625	0.0110424463751	0.0	0.0
-t-i	0.29836040408	0.170446232626	0.0936858247871	0.437507538507
-ləy	0.249004594181	0.512098009188	0.147013782542	0.0918836140888
-ləz	0.666666666667	0.0	0.333333333333	0.0
-lət	0.0953965612867	0.747920133111	0.0596228508044	0.0970604547977
-ləw	0.748633879782	0.0437158469945	0.0437158469945	0.163934426229
-ləq	0.364864864865	0.283783783784	0.0990990990991	0.252252252252
-ləs	0.0774931167598	0.57068145271	0.00751549623748	0.344309934293
-f-i	0.307155322862	0.546247818499	0.0	0.146596858639
-b-i	0.103448275862	0.793103448276	0.0	0.103448275862
-haḍ	0.181818181818	0.090909090909	0.0	0.727272727273
-tâf	1.0	0.0	0.0	0.0
-maḍ	0.666666666667	0.0	0.333333333333	0.0
-tâb	0.806451612903	0.161290322581	0.0230414746544	0.00921658986175
-ant	0.285595831488	0.493578569477	0.0580425708336	0.162783028202
-anu	0.306196840826	0.5042527339	0.0	0.189550425273
-ona	0.462063086104	0.537936913896	0.0	0.0
-oni	0.285714285714	0.714285714286	0.0	0.0
-ana	0.14424559835	0.208018089181	0.0229033110161	0.624833001453
-feɣ	0.674915635546	0.122609673791	0.0323959505062	0.170078740157
-ani	0.14257213303	0.730948034104	0.068509909469	0.0579699233969
-ank	0.416666666667	0.194444444444	0.333333333333	0.0555555555555
-ann	0.279084158416	0.111386138614	0.21349009901	0.39603960396
-yim	0.554621848739	0.428571428572	0.0168067226891	0.0
-yil	0.0215182307233	0.90555887627	0.00358637178721	0.0693365212194
-yin	0.12077294686	0.87922705314	0.0	0.0
-mna	0.0	1.0	0.0	0.0
-yik	0.187919463087	0.812080536913	0.0	0.0
-yif	0.0152477763659	0.977128335451	0.00762388818299	0.0
-lha	0.0	1.0	0.0	0.0
-šeɣ	0.425531914894	0.31914893617	0.127659574468	0.127659574468
-ṃad	0.0	1.0	0.0	0.0
-ṃak	0.0	1.0	0.0	0.0
-ṃan	0.104192672002	0.710771715985	0.0851751229899	0.0998604890228
-ṃas	0.104738154613	0.790523690774	0.0	0.104738154613
-ṃar	0.0	0.8125	0.0	0.1875
-ṃat	0.603773584906	0.22641509434	0.0	0.169811320755
-maṣ	0.0	0.933333333333	0.0	0.0666666666667
-ɣaɣ	0.37450049363	0.496826665413	0.01382163509	0.114851205867
-xem	0.041095890411	0.928082191781	0.0308219178082	0.0
-qâl	0.227906976744	0.33488372093	0.0186046511628	0.418604651163
-zin	0.606267029973	0.296094459582	0.0136239782017	0.0840145322434
-zil	0.86013986014	0.13986013986	0.0	0.0
-zik	0.181818181818	0.818181818182	0.0	0.0
-xet	0.0	0.957746478873	0.0	0.0422535211269
-zib	0.0	1.0	0.0	0.0
-xer	0.085393258427	0.797752808989	0.0449438202247	0.0719101123596
-lza	1.0	0.0	0.0	0.0
-ṣṣa	0.0687022900763	0.106870229008	0.0973282442747	0.727099236641
-imi	0.0124045801527	0.832061068702	0.0687022900763	0.0868320610687
-ṣṣu	0.666666666667	0.333333333333	0.0	0.0
-rwa	0.294836322879	0.0426563779799	0.00967013759617	0.652837161545
-ter	0.0	1.0	0.0	0.0
-tet	0.385925085131	0.379493000378	0.223231176693	0.011350737798
-gru	0.926829268293	0.0731707317074	0.0	0.0
-rin	0.121768215513	0.340580365214	0.449511842343	0.08813957693
-rar	0.102954545455	0.836318181818	0.00727272727273	0.0534545454545
-rim	0.215124937945	0.357934800596	0.0595730597385	0.367367201721
-ṣṣ'	0.181818181818	0.0	0.181818181818	0.636363636364
-rit	0.10275339186	0.825418994413	0.0179569034317	0.0538707102953
-gra	0.504716981132	0.21855345912	0.0471698113207	0.229559748428
-tef	0.77393510482	0.0877286687141	0.0486046201095	0.089731606356
-gre	0.0	0.538461538461	0.0	0.461538461539
-tek	0.508643617021	0.431515957447	0.0598404255319	0.0
-tel	0.219512195122	0.585365853658	0.048780487805	0.146341463415
-tem	0.307692307692	0.692307692308	0.0	0.0
-ten	0.227511429106	0.492802637617	0.0857735252629	0.193912408015
-ard	0.0	1.0	0.0	0.0
-are	0.401588342441	0.163876138434	0.0856830601092	0.348852459016
-ara	0.461623426544	0.423157933737	0.0334753572984	0.0817432824209
-arn	0.14605647517	0.123661148978	0.301850048685	0.428432327167
-ari	0.0	1.0	0.0	0.0
-ark	0.0603281853283	0.395752895753	0.312258687259	0.23166023166
-art	0.0599032441662	0.857071713147	0.020062606716	0.0629624359704
-aru	0.0711462450593	0.478260869565	0.379446640316	0.0711462450593
-maš	0.0	1.0	0.0	0.0
-rag	0.274852277048	0.38689100332	0.0430671685473	0.295189551085
-rad	0.431679823644	0.0914541734068	0.107160899539	0.36970510341
-geɣ	0.204967121205	0.0809931153084	0.0190572793207	0.694982484166
--qu	0.424665182618	0.222716099513	0.0513374567656	0.301281261103
-nak	0.15020264952	0.150731712271	0.0172810174231	0.681784620786
-zuf	0.0	0.941176470588	0.0	0.0588235294118
-nal	0.301886792453	0.584905660378	0.0	0.11320754717
-kid	0.144694533762	0.212218649518	0.016077170418	0.627009646302
-nab	0.0	1.0	0.0	0.0
-gda	0.373048479869	0.124897288414	0.341002465078	0.161051766639
-naf	0.460251046025	0.177126917713	0.0278940027894	0.334728033473
-nag	0.379310344828	0.413793103449	0.206896551724	0.0
-zul	0.0585937500001	0.8046875	0.13671875	0.0
-zum	0.545454545455	0.181818181818	0.272727272727	0.0
-naz	0.458869613878	0.457190822608	0.0167879127028	0.0671516508114
-kir	0.0	1.0	0.0	0.0
-nay	0.258118975345	0.0630708393695	0.00916854055963	0.669641644726
-zut	0.0	1.0	0.0	0.0
-kit	0.289408866995	0.553263546798	0.138854679803	0.0184729064039
-nar	0.0778752742087	0.017235976183	0.0	0.904888749608
-nas	0.261845386534	0.712504453153	0.00427502671891	0.0213751335947
-naq	0.202166064982	0.043321299639	0.653429602888	0.101083032491
-naw	0.142857142857	0.428571428571	0.0	0.428571428572
-nat	0.444647416408	0.308552914853	0.0951245557793	0.151675112959
-w'a	0.348659003831	0.603448275862	0.0287356321839	0.0191570881226
-mos	0.47357954	0.0727935774883	0.0103203400798	0.443306542432
-mor	0.030303030303	0.969696969697	0.0	0.0
-lku	0.635022450289	0.105837075048	0.143681847338	0.115458627325
-mod	0.332892998679	0.2107001321	0.0871862615587	0.369220607662
-dya	0.0	1.0	0.0	0.0
-mon	0.111111111111	0.888888888889	0.0	0.0
-lka	0.0256975036711	0.925110132159	0.0491923641703	0.0
-bez	0.31490015361	0.356374807988	0.328725038402	0.0
-ber	0.185840707965	0.750442477876	0.0	0.0637168141593
-bet	0.625	0.375	0.0	0.0
-ben	0.287336959138	0.561053087549	0.0303219906627	0.121287962651
-bel	0.590043647165	0.324489427296	0.0	0.0854669255389
-bed	0.0	1.0	0.0	0.0
-inɣ	0.789473684211	0.0	0.0	0.210526315789
-ṃaṇ	0.531043593131	0.468956406869	0.0	0.0
-aḍu	0.125	0.875	0.0	0.0
-sər	0.392774788624	0.376633358955	0.00461183704842	0.225980015373
-aḍa	1.0	0.0	0.0	0.0
-may	0.576228650801	0.148183733599	0.0514489866786	0.224138628922
-hab	0.144645853618	0.855354146382	0.0	0.0
-maz	0.93063583815	0.0346820809248	0.0	0.0346820809248
-had	0.109338216061	0.676432121371	0.0245880198797	0.189641642689
-âya	0.561508635883	0.158265773705	0.0317236517448	0.248501938668
