-бып	0.663454703191	0.026403674463	0.0201074136295	0.290034208717
-бын	0.355990127207	0.489747484336	0.025156635656	0.1291057528
-бым	0.00976562499998	0.9625	0.0	0.027734375
-мау	0.413089005236	0.471727748691	0.0785340314136	0.0366492146597
-мат	0.0392857142857	0.907142857143	0.0428571428571	0.0107142857143
-мас	0.27613775383	0.267338267064	0.0757140507381	0.380809928368
-мар	0.260330578512	0.714876033058	0.0	0.0247933884297
-быз	0.180122873294	0.469587676491	0.0348552068134	0.315434243401
-дон	0.0	1.0	0.0	0.0
-маш	0.0998336106489	0.51081530782	0.359400998336	0.0299500831946
-туа	0.4046692607	0.121919584955	0.083009079118	0.390402075227
-туе	0.120481927711	0.74297188755	0.0120481927711	0.124497991968
-туй	0.161684782609	0.822010869565	0.0	0.0163043478261
-тук	0.383121468927	0.382062146893	0.086511299435	0.148305084746
-тул	0.218045112782	0.751879699248	0.015037593985	0.0150375939849
-бый	0.0	0.855421686747	0.0963855421687	0.0481927710844
-ссе	0.197109067017	0.448094612352	0.354796320631	0.0
-ђәт	0.262144053601	0.36013400335	0.34757118928	0.0301507537688
-ђәр	0.0192307692308	0.961538461538	0.0192307692308	0.0
-ђәя	0.302491103203	0.697508896797	0.0	0.0
-ђәп	0.159914712154	0.481876332623	0.28144989339	0.0767590618337
-тур	0.00153295861012	0.808380173735	0.182422074604	0.00766479305059
-тус	0.0	0.981378026071	0.00744878957171	0.0111731843576
-тут	0.0619507908612	0.130711775044	0.807337434095	0.0
-туу	0.197183098592	0.239436619718	0.0845070422535	0.478873239437
-быњ	0.358960856591	0.280147446024	0.0982973494822	0.262594347902
-туы	0.427661510464	0.229299363057	0.290263876251	0.0527752502275
-туя	0.0431654676259	0.625899280575	0.172661870504	0.158273381295
-мае	0.128745837958	0.754716981132	0.0832408435072	0.0332963374028
-ссы	0.334890965732	0.501557632399	0.0623052959501	0.101246105919
-быш	0.184645669291	0.758661417323	0.0141732283464	0.0425196850394
-мап	0.395973154362	0.402684563758	0.201342281879	0.0
-туњ	0.73125	0.0375	0.11875	0.1125
-мам	0.357622172895	0.231841025493	0.121300059897	0.289236741714
-мал	0.205054566341	0.449167145319	0.0985066053991	0.247271682941
-мак	0.163894719845	0.691143226223	0.0884466332957	0.0565154206362
-май	0.0314371257485	0.842358760739	0.0437386097371	0.082465503775
-быр	0.181752353367	0.451846488052	0.291093410572	0.0753077480087
-њае	0.231124807396	0.508988186954	0.0929635336414	0.166923472008
-њай	0.139943427125	0.618877475063	0.192050022331	0.0491290754801
-үче	0.364482426467	0.195787166284	0.0324019104165	0.407328496832
-ача	0.607039785611	0.231137909709	0.0948258091115	0.0669964955679
-µењ	0.139175257732	0.70618556701	0.0927835051545	0.0618556701031
-µен	0.242806066548	0.608442419699	0.0972838936623	0.0514676200912
-µем	0.319444444444	0.680555555556	0.0	0.0
-µеп	0.628497072219	0.33246584255	0.0390370852309	0.0
-µек	0.0182379219822	0.071938470041	0.812877078248	0.0969465297287
-ачу	0.0290827740492	0.815809097688	0.125279642058	0.0298284862043
-ачы	0.0771430449645	0.818334209834	0.0818432816198	0.0226794635814
-уәт	0.0603351955307	0.845810055866	0.0469273743017	0.0469273743017
-сли	0.242157063769	0.729136764404	0.0287061718269	0.0
-сле	0.0461084470675	0.675396532645	0.235767859339	0.0427271609492
-яђы	0.423858841581	0.234752589183	0.172612197929	0.168776371308
-фан	0.173066522445	0.826933477555	0.0	0.0
-фам	0.177725118483	0.549763033175	0.0710900473933	0.201421800948
-фай	0.0	1.0	0.0	0.0
-ьфа	0.00725689404934	0.956458635704	0.0362844702467	0.0
-ињә	0.5961414791	0.237942122186	0.106109324759	0.059807073955
-дыр	0.32384341637	0.238757683598	0.0362342284051	0.401164671627
-ние	0.0851063829787	0.799645390071	0.0797872340425	0.0354609929078
-рид	0.0	1.0	0.0	0.0
-рик	0.369969311434	0.54173665542	0.0281329027178	0.0601611304274
-рип	0.054536906441	0.853784673249	0.0902679830748	0.00141043723554
-нил	0.0378071833648	0.848771266541	0.113421550095	0.0
-рим	0.0626145387905	0.31093463653	0.561698228467	0.0647525962126
-рит	0.48	0.32	0.04	0.16
-ишә	0.309408545569	0.664070721953	0.00884024415912	0.0176804883182
-дыз	0.0	0.98007747648	0.0132816823464	0.0066408411732
-яры	0.230097087379	0.378446601942	0.0184466019417	0.373009708738
-дык	0.393633333423	0.332071478766	0.0964026375094	0.177892550301
-ния	0.0255869282219	0.934012658796	0.040400412982	0.0
-дый	0.170600422851	0.0817992414485	0.154927671819	0.592672663881
-рия	0.0299655800769	0.916987244381	0.0506175339138	0.00242964162786
-дым	0.609995228641	0.198491634729	0.0502070154377	0.141306121193
-дµя	0.66307277628	0.33692722372	0.0	0.0
-әзә	0.297297297297	0.621621621622	0.0810810810811	0.0
-ињү	0.203963666391	0.791081750619	0.0	0.00495458298927
-фаш	0.495156868033	0.273586389788	0.158890686803	0.0723660553757
-фат	0.648519579752	0.168099331423	0.100286532951	0.0830945558739
-фас	0.0	0.996398559424	0.00360144057623	0.0
-слы	0.0654545454545	0.603636363636	0.32	0.0109090909091
-шак	0.115698340011	0.626359473383	0.212864911276	0.0450772753291
-әте	0.0789924831861	0.833544669757	0.0450603069619	0.0424025400947
-шай	0.0	1.0	0.0	0.0
-шкә	0.272390305285	0.500697559908	0.114892220155	0.112019914652
-әтә	0.549466074239	0.16263042919	0.0615791470269	0.226324349544
-йды	0.544722935958	0.183909439085	0.0282396858486	0.243127939109
-иша	0.0	1.0	0.0	0.0
-әза	0.262998624484	0.62512608895	0.0348464007336	0.0770288858323
-яне	0.248977541795	0.681423548827	0.0358757264835	0.0337231828944
-уња	0.172390738264	0.0603314800479	0.0112428742346	0.756034907453
-иња	0.0427412047403	0.0118717837306	0.000974158512599	0.944412853016
-йде	0.544554455446	0.029702970297	0.425742574257	0.0
-йда	0.291312412319	0.19117023981	0.0365788210039	0.480938526867
-әтү	0.451618045592	0.388012115415	0.0487804878049	0.111589351188
-гар	0.338610750452	0.222323976463	0.0468411538125	0.392224119273
-гау	0.262658227848	0.663502109705	0.00421940928269	0.0696202531645
-гач	0.380628439131	0.23629692889	0.0787482728112	0.304326359168
-ања	0.0938873298563	0.0263379195182	0.000762061630732	0.879012688995
-айт	0.573547589617	0.322620519159	0.0	0.103831891224
-гањ	0.0422535211268	0.957746478873	0.0	0.0
-тты	0.626834381551	0.202035191859	0.0473464772808	0.123783949309
-эше	0.164718384697	0.53560042508	0.0318809776833	0.26780021254
-нте	0.0944881889764	0.905511811024	0.0	0.0
-гыз	0.434372816031	0.322758033993	0.070327591323	0.172541558653
-нти	0.0	0.997572815534	0.00242718446602	0.0
-гыл	0.0583613916948	0.775907220352	0.0564908342686	0.109240553685
-гын	0.165090357965	0.19293140753	0.112159301538	0.529818932967
-гым	0.239025672479	0.591810508484	0.115131867169	0.0540319518678
-гып	0.312575711892	0.0775209725276	0.0344745928235	0.575428722757
-гыр	0.29314159292	0.54092920354	0.00663716814159	0.159292035398
-пка	0.109048470039	0.838068492651	0.0275356504613	0.0253473868485
-гыт	0.842071243895	0.0221918988796	0.105573111175	0.03016374605
-гыч	0.287837275059	0.306950441663	0.30701619797	0.0981960853079
-гыш	0.133961629081	0.793672164254	0.0541905082464	0.018175698418
-нты	0.153300212917	0.71611071682	0.00851667849538	0.122072391767
-тта	0.164568601166	0.160667587676	0.00622933134262	0.668534479816
-тте	0.699060195415	0.0408384842483	0.00863437526848	0.251466945069
-мгә	0.181253090124	0.513304870502	0.0249231161514	0.280518923222
-тух	0.0	1.0	0.0	0.0
-ђен	0.0611690077028	0.883099229724	0.043497961033	0.0122338015405
-газ	0.0	1.0	0.0	0.0
-гай	0.270588235294	0.282352941176	0.447058823529	0.0
-гак	0.0665631240293	0.893499001553	0.0199689372088	0.0199689372088
-гал	0.212180746562	0.787819253438	0.0	0.0
-гам	0.101265822785	0.784810126582	0.0126582278481	0.101265822785
-ган	0.413592081167	0.123642997711	0.0527163098005	0.410048611322
-гап	0.356061481567	0.45325320698	0.0416040679533	0.149081243499
-чик	0.308149815142	0.585918662594	0.0520816588973	0.0538498633661
-пкә	0.207985535634	0.460418863945	0.093234895284	0.238360705138
-кяр	0.661325966851	0.174585635359	0.0232044198895	0.140883977901
-мга	0.0372022854208	0.900590614367	0.0160493034602	0.0461577967516
-кµе	0.133333333333	0.666666666667	0.2	0.0
-ттә	0.250798693438	0.474422111273	0.07101387506	0.203765320229
-кµй	0.0	0.731543624161	0.268456375839	0.0
-кµн	0.0340452436971	0.778158760267	0.0158067202879	0.171989275748
-кµт	0.929411764706	0.0705882352941	0.0	0.0
-кµр	0.254098360656	0.344262295082	0.159836065574	0.241803278689
-кµч	0.107478949975	0.633977216444	0.0445765230312	0.21396731055
-кµя	0.130470016207	0.846839546191	0.0226904376013	0.0
-ямы	0.0	0.621843003413	0.301706484642	0.0764505119454
-ман	0.197147541125	0.324230067835	0.0228925009607	0.455729890079
-гењ	0.0933643771827	0.742491268917	0.126193247963	0.0379511059372
-чир	0.0	0.846153846154	0.153846153846	0.0
-чит	0.142737476964	0.263360696934	0.197352990451	0.396548835651
-лсә	0.572140372816	0.162100902732	0.0408964789558	0.224862245496
-ясы	0.351023788016	0.396040349292	0.158084914183	0.0948509485096
-рлы	0.177063268632	0.276189065047	0.502296636539	0.0444510297822
-ыењ	0.342105263158	0.210526315789	0.0	0.447368421053
-кар	0.551046698873	0.367149758454	0.0186795491143	0.0631239935588
-кау	0.116788321168	0.0959332638164	0.740354535975	0.0469238790407
-ках	0.413868613139	0.366423357664	0.0357664233576	0.183941605839
-кач	0.442035442035	0.0844470844471	0.04257004257	0.430947430947
-әдә	0.125938210113	0.563293318337	0.0534923221704	0.257276149379
-кая	0.237447297815	0.0887313146799	0.00804906094288	0.665772326562
-ћы-	0.0280373831776	0.906542056075	0.0654205607477	0.0
-сия	0.0144945041672	0.983089745138	0.0	0.00241575069453
-сир	0.287373004354	0.545718432511	0.123367198839	0.0435413642961
-оис	0.114285714286	0.885714285714	0.0	0.0
-сих	0.0211817168339	0.959263854425	0.00113280828568	0.0184216204553
-сик	0.514285714286	0.247619047619	0.152380952381	0.0857142857143
-сил	0.705128205128	0.0860042735043	0.128739316239	0.0801282051283
-ьче	0.26796589525	0.291108404385	0.397076735688	0.0438489646772
-сим	0.109947643979	0.890052356021	0.0	0.0
-син	0.075804130435	0.0260959110179	0.00121020482866	0.896889753718
-йчы	0.665680473373	0.165680473373	0.0	0.168639053254
-үзе	0.056541728971	0.184036276111	0.0150027804898	0.744419214428
-кай	0.0623700623701	0.54261954262	0.02079002079	0.37422037422
-кал	0.160273972603	0.364383561644	0.00821917808221	0.467123287671
-как	0.141176470588	0.210695187166	0.622459893048	0.0256684491978
-кан	0.442288854869	0.239631174224	0.0544674960554	0.263612474851
-кам	0.114849187935	0.0208816705336	0.419953596288	0.444315545244
-гет	0.0678960603521	0.2615255658	0.61357921207	0.056999161777
-рли	0.410896708286	0.561861520999	0.0272417707151	0.0
-хта	0.270893371758	0.282420749279	0.334293948127	0.112391930836
-ењә	0.398421531018	0.330869514913	0.0330672872874	0.237641666782
-ясе	0.0406101048618	0.849571020019	0.0655862726406	0.0442326024785
-рле	0.106658064	0.224534605728	0.158649181246	0.510158149026
-яса	0.368421052632	0.578947368421	0.0	0.0526315789474
-ген	0.25517708512	0.551948269195	0.0470607133375	0.145813932348
-хтә	0.0902170848605	0.583309839301	0.0118409923879	0.314632083451
-йча	0.46086953686	0.24634502979	0.109995741376	0.182789691973
-ење	0.09375	0.0	0.046875	0.859375
-рлә	0.212527964206	0.545861297539	0.0536912751678	0.187919463087
-рем	0.114979687753	0.540437100842	0.149358930704	0.195224280701
-рен	0.219148580881	0.535381574285	0.0481191218167	0.197350723018
-дүм	0.00524934383202	0.994750656168	0.0	0.0
-дүн	0.0	1.0	0.0	0.0
-хак	0.124172899131	0.401042657783	0.226395925681	0.248388517405
-рей	0.0725388601036	0.772020725389	0.129533678756	0.0259067357513
-рек	0.267439409905	0.234773445732	0.456480505796	0.041306638567
-рел	0.412955465587	0.574898785425	0.0	0.0121457489879
-прә	0.0558659217877	0.899441340782	0.0446927374302	0.0
-үзә	0.471264367816	0.270114942529	0.0948275862069	0.163793103448
-ыеп	0.362946569712	0.095478975656	0.0113815997471	0.530192854885
-ыем	0.460869565217	0.504347826087	0.0	0.0347826086957
-езе	0.0125378296585	0.901426718547	0.0393428447904	0.046692607004
-хач	0.0775594622544	0.869700103413	0.0372285418822	0.0155118924509
-хат	0.223993351968	0.755609277026	0.0	0.0203973710055
-хау	0.0996677740863	0.78073089701	0.119601328904	0.0
-хар	0.0	1.0	0.0	0.0
-хас	0.444174757281	0.235436893204	0.233009708738	0.0873786407767
-хая	0.0	0.97583081571	0.0	0.02416918429
-лса	0.240256996533	0.0830294185513	0.00501946353172	0.671694121384
-реш	0.391020999276	0.207096307024	0.391020999276	0.0108616944243
-әде	0.580348199881	0.208238873737	0.0468719290778	0.164540997304
-рењ	0.1396607837	0.604340840711	0.0450358307347	0.210962544854
-рух	0.00729565970075	0.967540497094	0.00915048843825	0.0160133547669
-рур	0.319567354966	0.542772861357	0.0196656833825	0.117994100295
-руя	0.0652173913044	0.70652173913	0.0	0.228260869565
-юып	0.866228070175	0.0328947368421	0.0219298245614	0.078947368421
-руы	0.407233816767	0.467633533781	0.0468694729395	0.0782631765122
-чак	0.431551544997	0.131715399669	0.0331571896933	0.403575865641
-екә	0.379525593009	0.233458177278	0.304619225968	0.0823970037453
-лдә	0.24625822853	0.453179453508	0.0553479131943	0.245214404768
-оер	0.361111111111	0.638888888889	0.0	0.0
-вењ	0.51968503937	0.255905511811	0.153543307087	0.0708661417323
-лкы	0.0630849220104	0.676256499133	0.0050837666089	0.255574812247
-кта	0.200701141613	0.192449298301	0.0311983387471	0.575651221339
-кте	0.450813323005	0.472501936484	0.0185902401239	0.0580945003872
-нкы	0.0437445319335	0.518810148731	0.437445319335	0.0
-шәү	0.404480398258	0.406347230865	0.0323584318606	0.156813939017
-нки	0.143302171559	0.0127549226854	0.000836657307979	0.843106248447
-вем	0.484599589322	0.342915811088	0.123203285421	0.0492813141684
-дчә	0.0201612903226	0.923387096774	0.0403225806452	0.0161290322581
-нке	0.357809583074	0.130678282514	0.306160547604	0.205351586808
-кты	0.544543911654	0.0450194090787	0.0499500586382	0.360486620629
-µзе	0.0547703180212	0.889575971732	0.0556537102473	0.0
-лки	0.0539567283568	0.0178724283479	0.00944537914342	0.918725464152
-есә	0.0	1.0	0.0	0.0
-лке	0.260650224215	0.69730941704	0.0252242152466	0.0168161434978
-µзи	0.555555555556	0.255050505051	0.143939393939	0.0454545454545
-оеп	0.504722921915	0.259445843829	0.0374685138539	0.198362720403
-руд	0.0138877803496	0.938063692234	0.041822970708	0.00622555670844
-руе	0.759259259259	0.0555555555556	0.0	0.185185185185
-ьтә	0.0778129913181	0.641146286368	0.0878410929724	0.193199629341
-руг	0.138842975207	0.75867768595	0.0628099173554	0.0396694214876
-шүе	0.326144506018	0.389643853023	0.0	0.284211640959
-үдә	0.328372571744	0.409210531821	0.129744068215	0.13267282822
-рун	0.0869047346358	0.855372563392	0.0192409006574	0.0384818013148
-руй	0.0758017492711	0.749271137026	0.139941690962	0.0349854227405
-ола	0.540540540541	0.0405405405406	0.391891891892	0.027027027027
-шлә	0.892366831411	0.0417353102691	0.00329489291598	0.0626029654036
-сей	0.0330480967837	0.931543228091	0.0	0.0354086751254
-екъ	0.0	0.978761061947	0.0	0.0212389380531
-сен	0.358664806694	0.311281979424	0.0478807804952	0.282172433387
-сем	0.183554632446	0.752707514279	0.0183035383132	0.0454343149618
-сеп	0.610512240807	0.213527609332	0.0184200707844	0.157540079077
-лды	0.64450389357	0.0828568937638	0.0148628770905	0.257776335576
-хея	0.0	1.0	0.0	0.0
-хеш	0.0699844479005	0.115085536547	0.590979782271	0.223950233281
-рыч	0.070131496556	0.701941139637	0.070131496556	0.157795867251
-үди	0.0	1.0	0.0	0.0
-хес	0.306569343066	0.569343065693	0.0437956204379	0.0802919708029
-ьта	0.116279069767	0.860465116279	0.0	0.0232558139535
-хет	0.0207888090149	0.952205168059	0.00369147075967	0.0233145521663
-нкә	0.10067114094	0.89932885906	0.0	0.0
-шәк	0.0863596102746	0.851638618246	0.0575730735164	0.00442869796279
-шәм	0.38424081452	0.606463036742	0.00929614873836	0.0
-шәп	0.173385348938	0.658864325964	0.167750325098	0.0
-шәд	0.0	1.0	0.0	0.0
-бат	0.375076452599	0.175076452599	0.00978593272171	0.440061162079
-бар	0.328714252899	0.062884958829	0.00407183867397	0.604328949598
-бас	0.734499205088	0.157392686804	0.0508744038155	0.0572337042925
-есе	0.134816659702	0.347548222587	0.292902070948	0.224733046763
-рыр	0.582581913986	0.228357267431	0.0481464989424	0.140914319641
-лкә	0.0264705882353	0.969117647059	0.00441176470588	0.0
-баш	0.0860186718868	0.459409351001	0.358003312754	0.0965686643578
-µзә	0.653594771242	0.145969498911	0.00871459694989	0.191721132898
-ктә	0.129068249866	0.64223456253	0.062921923382	0.165775264222
-µзү	0.732984293194	0.17277486911	0.0314136125654	0.0628272251309
-бал	0.0	0.526315789474	0.473684210526	0.0
-есы	0.0	0.957446808511	0.0	0.0425531914894
-бай	0.0296625741564	0.110254025635	0.794983237458	0.0651001627504
-бам	0.437689969605	0.343465045593	0.0364741641337	0.182370820669
-бан	0.328439202412	0.508637012747	0.0198868144074	0.143036970434
-рүм	0.344934261408	0.174013921114	0.146171693735	0.334880123743
-шәр	0.53371541148	0.31584131817	0.0429837915286	0.107459478822
-рүе	0.467890790233	0.321092097673	0.0812343780042	0.12978273409
-хен	0.4	0.48	0.0	0.12
-хем	0.0	1.0	0.0	0.0
-сењ	0.604660337965	0.21792510465	0.0375097964599	0.139904760925
-лде	0.73938410719	0.0785015806943	0.0283786939735	0.153735618142
-лда	0.14319899819	0.373970178916	0.0221807618014	0.460650061092
-еке	0.266968752213	0.527576086914	0.0738327038646	0.131622457008
-олу	0.75	0.203125	0.0	0.046875
-сея	0.0612244897959	0.938775510204	0.0	0.0
-олы	0.116506291636	0.713249444856	0.0974093264249	0.0728349370837
-июе	0.552631578947	0.210526315789	0.0526315789474	0.184210526316
-әбе	0.537190082645	0.245179063361	0.0550964187327	0.162534435262
-шны	0.0995078622014	0.809026527428	0.0405713599808	0.0508942503901
-шне	0.291297262349	0.381353680463	0.0325489119364	0.294800145252
-ькә	0.138189710292	0.788835556196	0.0316994317517	0.04127530176
-ядә	0.0669671788816	0.900557339747	0.00518455578438	0.0272909255872
-был	0.0395042602634	0.946553059644	0.0139426800929	0.0
-уда	0.221332014507	0.54091658424	0.0497527200792	0.187998681174
-ьне	0.100072145035	0.806604761572	0.0365379692337	0.0567851241593
-ьни	0.204819277108	0.795180722892	0.0	0.0
-ягә	0.0463878357787	0.897710570677	0.0133872837675	0.0425143097768
-њчә	0.520047637952	0.404525605399	0.011909487892	0.0635172687574
-яда	0.023588277341	0.825185691643	0.0106287099481	0.140597321068
-пис	0.0685714285713	0.931428571429	0.0	0.0
-зуы	0.670281995662	0.138828633406	0.117136659436	0.0737527114967
-ипи	0.321608040201	0.663316582915	0.0	0.0150753768844
-зур	0.0699396131145	0.0660161714033	0.582034048651	0.282010166832
-зут	0.0444444444444	0.822222222222	0.0	0.133333333333
-ипр	0.0	1.0	0.0	0.0
-шын	0.245441554379	0.682939484449	0.0207876159927	0.0508313451784
-әђә	0.0	0.906779661017	0.0847457627118	0.00847457627119
-әбә	0.051064463302	0.602054488611	0.00357302367128	0.343308024416
-уды	0.52091554854	0.353591160221	0.052091554854	0.0734017363852
-йфь	0.0160532498042	0.0959279561472	0.883320281911	0.00469851213783
-апа	0.0869565217392	0.869565217391	0.0	0.0434782608696
-зин	0.0575216925027	0.924929316564	0.0	0.017548990933
-зык	0.145822985994	0.533326711036	0.255885566703	0.064964736267
-афу	0.803996925442	0.0922367409684	0.0518831667948	0.0518831667948
-скә	0.484816370627	0.361835385622	0.0488551776565	0.104493066094
-шыњ	0.414402173913	0.415760869565	0.0271739130435	0.142663043478
-кыт	0.0976477329098	0.325698815983	0.0206501132488	0.556003337858
-ртү	0.4058820534	0.433713739313	0.110500676131	0.0499035311558
-шыр	0.44854637748	0.341024457776	0.0719889247809	0.138440239963
-шып	0.423399579547	0.290557031054	0.0415224274934	0.244520961905
-шым	0.30752688172	0.640860215054	0.0516129032259	0.0
-кыч	0.114826728167	0.735328033016	0.095223645081	0.0546215937367
-шык	0.0885496183205	0.709923664122	0.146564885496	0.054961832061
-шый	0.77944552047	0.186967235301	0.0107036272818	0.0228836169472
-кса	0.396030361461	0.135846111468	0.166039237291	0.302084289781
-ртә	0.270350564468	0.456922162805	0.0475341651812	0.225193107546
-рык	0.158571698787	0.267417666716	0.0462789769025	0.527731657594
-дек	0.491341961276	0.176806358802	0.0419201869751	0.289931492947
-нлә	0.0317789291883	0.87115716753	0.00414507772021	0.0929188255613
-бур	0.0571791613723	0.942820838628	0.0	0.0
-ллә	0.278989405053	0.119119804401	0.00508557457212	0.596805215974
-зия	0.0	1.0	0.0	0.0
-нла	0.44215134459	0.498749218261	0.0590994371482	0.0
-нле	0.240316901408	0.374559859155	0.317781690141	0.0673415492958
-хәс	0.347998022738	0.472071181414	0.0	0.179930795848
-пот	0.251184834123	0.669826224329	0.0473933649289	0.0315955766193
-хәт	0.58508714555	0.284867838867	0.0161594398061	0.113885575776
-лле	0.0989892331356	0.285926170072	0.176994067238	0.438090529554
-оди	0.0	1.0	0.0	0.0
-ђым	0.256097560976	0.439024390244	0.0609756097561	0.243902439024
-ђын	0.0457665903889	0.748283752861	0.178489702517	0.0274599542334
-ода	0.0	1.0	0.0	0.0
-рта	0.329885555212	0.452731209403	0.0876461490875	0.129737086298
-ъни	0.282259995212	0.109328864416	0.02154656452	0.586864575852
-рте	0.108745684695	0.819907940161	0.00230149597238	0.0690448791715
-ати	0.0	1.0	0.0	0.0
-рти	0.0	1.0	0.0	0.0
-окы	0.161073825503	0.511744966443	0.275167785235	0.0520134228188
-ксә	0.0520984081042	0.765557163531	0.130246020261	0.0520984081042
-рту	0.346529284165	0.471122559653	0.0989696312364	0.0833785249457
-ске	0.0425181862096	0.109461611674	0.802154127229	0.0458660748875
-рты	0.0205116894574	0.904719894133	0.00529333921483	0.0694750771946
-ска	0.303141644788	0.536382892671	0.113313088244	0.0471623742965
-ђыю	0.163870967742	0.836129032258	0.0	0.0
-ђыя	0.419203747072	0.524590163935	0.00702576112414	0.0491803278689
-ђыр	0.152905198777	0.847094801223	0.0	0.0
-мбә	0.0029076811243	0.976011630725	0.0	0.0210806881512
-үен	0.56298884963	0.25729841806	0.0442078915653	0.135504840745
-үем	0.357182473655	0.411536328342	0.081068589388	0.150212608615
-ллы	0.0664113177241	0.175881880521	0.748440106258	0.00926669549638
-хәм	0.0	1.0	0.0	0.0
-хәб	0.0441619270659	0.915690866511	0.0401472064236	0.0
-хәз	0.0	1.0	0.0	0.0
-нлы	0.123906473676	0.390070780977	0.398739462383	0.0872832829649
-дыњ	0.551641507903	0.209461525501	0.105142621795	0.133754344801
-бби	0.412162162162	0.418918918919	0.0	0.168918918919
-ьмә	0.0938023450586	0.756560580681	0.140703517588	0.00893355667225
-бба	0.0609756097561	0.801829268293	0.0	0.137195121951
-лчы	0.193899782135	0.662309368192	0.0392156862745	0.104575163399
-ћын	0.352941176471	0.310160427807	0.224598930481	0.112299465241
-ћым	0.00269179004038	0.576043068641	0.0	0.421265141319
-нид	0.19801980198	0.594059405941	0.0	0.207920792079
-ела	0.436245872492	0.47015494031	0.0196850393701	0.0739141478283
-лег	0.0	1.0	0.0	0.0
-еле	0.427042253521	0.34779342723	0.116901408451	0.108262910798
-леа	0.0	1.0	0.0	0.0
-леп	0.622083631933	0.0668552272577	0.028932904646	0.282128236163
-лен	0.514684523733	0.305630888269	0.0663213500765	0.113363237921
-лем	0.127096522778	0.751037800336	0.0374936914261	0.08437198546
-лек	0.181876892987	0.465268543243	0.184798647752	0.168055916018
-ћыњ	0.647648419429	0.287586738628	0.047802621434	0.0169622205089
-лес	0.156374501992	0.738047808765	0.0637450199203	0.0418326693227
-лер	0.546672640818	0.0699516949558	0.0198229402392	0.363552723987
-лея	0.0	1.0	0.0	0.0
-йдә	0.233702337023	0.616441164412	0.019680196802	0.130176301763
-леш	0.243031174156	0.218666792337	0.0288649591178	0.509437074389
-лењ	0.0441176470588	0.828431372549	0.0490196078432	0.078431372549
-чен	0.0664334502171	0.0333652775457	0.00167309058106	0.898528181656
-лче	0.115942028986	0.884057971014	0.0	0.0
-дµм	0.4	0.163636363636	0.436363636364	0.0
-шмә	0.154255909444	0.709799134391	0.107646210187	0.0282987459771
-ићә	0.0	0.977653631285	0.0223463687151	0.0
-ббы	0.00305267729726	0.967735931005	0.000744555438357	0.0284668362599
-лчә	0.410901467505	0.312368972746	0.213836477987	0.0628930817609
-шма	0.136174430129	0.738156590684	0.0925668979188	0.0331020812686
-лмы	0.0	0.283979631806	0.0	0.716020368194
-иос	0.0	1.0	0.0	0.0
-рис	0.144782825761	0.849226160759	0.00599101347977	0.0
-шми	0.32968881413	0.253994953743	0.254835996636	0.161480235492
-мут	0.141025641026	0.782051282051	0.0769230769231	0.0
-түе	0.418309242225	0.420596680781	0.0189808731202	0.142113203874
-мур	0.0	0.963855421687	0.0361445783133	0.0
-түз	0.175675675676	0.601351351351	0.141891891892	0.0810810810811
-лла	0.410256410256	0.538461538461	0.034188034188	0.017094017094
-түн	0.00785340314136	0.913612565445	0.0785340314137	0.0
-түк	0.0636237897649	0.622867680959	0.0387275242047	0.274781005071
-мос	0.0	0.975951903808	0.0240480961924	0.0
-нис	0.0138888888889	0.979166666667	0.0	0.00694444444444
-уын	0.424863485044	0.272760868774	0.0349139925448	0.267461653638
-уым	0.31439505446	0.341183397115	0.191345304681	0.153076243744
-уып	0.273396055526	0.0919576347941	0.0241215504335	0.610524759247
-аћы	0.0137411288965	0.734959323038	0.00436905375777	0.246930494308
-ызы	0.0457341570399	0.77649274866	0.0110647154129	0.166708378888
-ызу	0.538461538462	0.358974358974	0.102564102564	0.0
-аћи	0.125919322487	0.628928014263	0.11767327836	0.12747938489
-ђый	0.0	0.879032258064	0.0967741935484	0.0241935483871
-уыњ	0.397322183822	0.380718756797	0.0183676921961	0.203591367185
-ыза	0.690095846645	0.0607028753994	0.0319488817892	0.217252396166
-аћа	0.0	0.979702300406	0.0162381596752	0.00405953991881
-уеп	0.591719077568	0.102900069881	0.0115303983229	0.293850454228
-мон	0.0	1.0	0.0	0.0
-елә	0.685597198648	0.129034971023	0.0349022126397	0.150465617689
-дын	0.312727272727	0.538181818182	0.134545454545	0.0145454545454
-түр	0.272644927536	0.454710144927	0.152173913044	0.120471014493
-мул	0.311583577713	0.308284457478	0.0912756598241	0.288856304985
-мун	0.0162000370287	0.976085659624	0.0	0.00771430334697
-ион	0.0265486725664	0.758849557522	0.0	0.214601769912
-шмы	0.0	0.434230573895	0.224479431183	0.341289994921
-бер	0.0445366094533	0.089836158683	0.0665400045352	0.799087227329
-бет	0.0	0.962732919255	0.0	0.0372670807453
-икә	0.0402010050252	0.889447236181	0.0603015075377	0.0100502512563
-күр	0.133986928105	0.0964052287582	0.0392156862745	0.730392156863
-нсә	0.775029592071	0.18044979948	0.00742010140805	0.0371005070402
-так	0.300837683623	0.352434138643	0.282991380357	0.0637367973778
-та-	0.431179775281	0.105337078652	0.0	0.463483146067
-эчә	0.698265429609	0.268656716418	0.0137152077451	0.0193626462283
-әсе	0.144539104684	0.427265714833	0.036773072261	0.391422108222
-лут	0.0	1.0	0.0	0.0
-тап	0.533700398709	0.302259350674	0.0596164799696	0.104423770647
-луы	0.412685560054	0.145479082321	0.0385964912281	0.403238866397
-мчә	0.46098149638	0.211584875302	0.131134352373	0.196299275945
-үењ	0.494101900882	0.33140093796	0.0942474280464	0.0802497331117
-луй	0.025641025641	0.974358974359	0.0	0.0
-ихе	0.132075471698	0.377358490566	0.0	0.490566037736
-соњ	0.12718681243	0.0090755115903	0.000933481192143	0.862804194788
-лун	0.0	1.0	0.0	0.0
-лум	0.0	1.0	0.0	0.0
-эчү	0.315957708384	0.510204081633	0.07917383821	0.0946643717728
-күн	0.238236540907	0.698177193726	0.03815175922	0.0254345061467
-күп	0.0570011813276	0.0722973778977	0.711705697872	0.158995742903
-үли	0.50875273523	0.30889861415	0.0	0.18234865062
-без	0.172693808107	0.0673532443439	0.0187762493817	0.741176698167
-күл	0.0352272727273	0.948863636364	0.0125	0.00340909090909
-үле	0.0375762345072	0.417666732245	0.481605351171	0.0631516820775
-бел	0.0755725779503	0.892039174357	0.0	0.0323882476929
-бек	0.0347158878471	0.0302002936942	0.0149014607044	0.920182357754
-бен	0.299523809524	0.393333333333	0.0590476190476	0.248095238095
-бем	0.442162902122	0.345653661876	0.154004106776	0.0581793292265
-беп	0.825340014316	0.0801717967072	0.0085898353615	0.0858983536148
-шик	0.345565749235	0.584097859327	0.0336391437309	0.0366972477064
-шим	0.694382022472	0.157303370787	0.0134831460674	0.134831460674
-икс	0.0	0.784615384615	0.215384615385	0.0
-үлә	0.580447800052	0.266467065868	0.0510283780266	0.102056756053
-уча	0.0824337585868	0.090284592738	0.277723258096	0.549558390579
-икъ	0.445331608985	0.554668391015	0.0	0.0
-зәт	0.568022440393	0.287517531557	0.085553997195	0.0589060308556
-зәр	0.13217623498	0.787716955941	0.00801068090788	0.0720961281709
-әки	0.0	0.983783783784	0.0162162162162	0.0
-мчы	0.579983814405	0.250067439978	0.0647423792824	0.105206366334
-ихә	0.0	1.0	0.0	0.0
-әти	0.0953746862675	0.792757260667	0.075295804948	0.0365722481176
-әсә	0.480266026732	0.273929323989	0.0640928617848	0.181711787494
-мче	0.18064516129	0.81935483871	0.0	0.0
-зән	0.0760777683855	0.923922231615	0.0	0.0
-зәм	0.48839184598	0.358154020385	0.068516421291	0.0849377123443
-ике	0.0116874068192	0.028619162852	0.00434531791994	0.955348112409
-зәк	0.165254237288	0.799152542373	0.0203389830509	0.0152542372881
-ики	0.0	1.0	0.0	0.0
-учы	0.435143930432	0.318628713742	0.0492670277351	0.19696032809
-нси	0.0980714442252	0.37365768135	0.355577470962	0.172693403463
-нса	0.628613666229	0.228482260184	0.0936268068331	0.0492772667543
-эче	0.148726997731	0.30930173935	0.00504159314341	0.536929669776
-мды	0.539906103286	0.291079812207	0.0845070422536	0.0845070422535
-ышу	0.270055599682	0.559968228753	0.0603653693408	0.109610802224
-ышы	0.110806487545	0.794501522337	0.0415155535307	0.0531764365867
-пне	0.134662047075	0.811643592382	0.0315347831758	0.0221595773668
-яли	0.369318181818	0.605113636364	0.0	0.0255681818181
-яле	0.0915435139573	0.813013136289	0.049671592775	0.0457717569786
-яла	0.133601756955	0.552342606149	0.243777452416	0.0702781844802
-тми	0.318701284587	0.160328789909	0.0549085762754	0.466061349229
-µбә	0.0792079207921	0.861386138614	0.019801980198	0.039603960396
-ака	0.0947405586358	0.735916413851	0.0796369913171	0.0897060361962
-тма	0.324050260857	0.434197957234	0.0925857888162	0.149165993093
-ыга	0.0678095117443	0.69194059574	0.018809823488	0.221440069028
-ады	0.604726024393	0.111093046543	0.0363621661462	0.247818762918
-члы	0.261119270479	0.342291589031	0.258598391021	0.137990749468
-чле	0.100991693507	0.0760722156298	0.594422783523	0.22851330734
-ыгу	0.45930323387	0.196392011117	0.00587079321487	0.338433961799
-ада	0.295482668798	0.363179745672	0.0130643708334	0.328273214697
-ыгы	0.0949076563494	0.784106569626	0.0625943336097	0.0583914404148
-хәл	0.400404790015	0.134086692528	0.00809580030358	0.457412717153
-ади	0.179259259259	0.305925925926	0.332098765432	0.182716049383
-акы	0.271076523995	0.557717250324	0.0311284046693	0.140077821012
-акь	0.0900321543408	0.106109324759	0.649517684888	0.154340836013
-аку	0.228426395939	0.771573604061	0.0	0.0
-ялы	0.037089871612	0.763195435093	0.164051355207	0.0356633380884
-ыша	0.354554621849	0.381983193277	0.0678991596639	0.19556302521
-мда	0.0736149445398	0.789329943121	0.0136750738675	0.123380038471
-аум	0.0	0.97619047619	0.0	0.0238095238095
-аул	0.0663880501509	0.82221200184	0.00143974084665	0.109960207163
-њмы	0.679424614834	0.205626101842	0.0291269577659	0.0858223255577
-мдә	0.206731886661	0.555729287722	0.0886386206605	0.148900204957
-ђиз	0.330112721417	0.201288244767	0.396135265701	0.072463768116
-ђил	0.0177646188009	0.954478164323	0.00777202072539	0.019985196151
-зне	0.117750599915	0.13655340415	0.0291421799842	0.716553815951
-тмә	0.492601059095	0.215827522395	0.0351857899354	0.256385628574
-зны	0.362442725925	0.394249323607	0.0866916377037	0.156616312765
-ђињ	1.0	0.0	0.0	0.0
-ђир	0.0185191755064	0.833753148615	0.0115301380069	0.136197537872
-ога	0.586568311925	0.318632337444	0.00213608270913	0.0926632679217
-њме	0.64698896923	0.231619781496	0.0418272021956	0.0795640470786
-аус	0.025974025974	0.974025974026	0.0	0.0
-ауы	0.0560747663552	0.88785046729	0.0	0.0560747663551
-онт	0.04	0.5	0.0	0.46
-пур	0.0689655172414	0.862068965517	0.0689655172414	0.0
-оны	0.13157240419	0.0420202890863	0.00323232992972	0.823174976794
-мәү	0.293901156677	0.372239747634	0.115667718191	0.218191377497
-үмү	0.151079136691	0.798561151079	0.0503597122302	0.0
-хси	0.304414003044	0.182648401826	0.284627092846	0.228310502283
-кне	0.182359605063	0.75121839126	0.0215462875463	0.044875716131
-нди	0.130105783337	0.151503744885	0.0188691992896	0.699521272489
-юан	0.416597784758	0.583402215242	0.0	0.0
-нда	0.138626109127	0.168068913933	0.0174615774881	0.675843399451
-нде	0.342816197162	0.102841264608	0.0210692928173	0.533273245413
-нды	0.616678830715	0.18715988681	0.131755848346	0.0644054341284
-юаш	0.0730442978323	0.0268614514609	0.758718190386	0.141376060321
-кны	0.153652567721	0.709915518842	0.0692257925383	0.067206120899
-яфу	0.00666666666666	0.993333333333	0.0	0.0
-бкә	0.155963302752	0.706422018349	0.0550458715597	0.0825688073393
-кәү	0.0471327572663	0.212490180675	0.0	0.740377062058
-дме	0.360424028269	0.342756183746	0.0106007067138	0.286219081272
-евә	0.0	0.962264150943	0.0377358490566	0.0
-спи	0.0	1.0	0.0	0.0
-пуй	0.150943396226	0.698113207547	0.0754716981132	0.0754716981132
-мәм	0.37717796859	0.475439890573	0.0260675895357	0.121314551301
-кәя	0.194853188201	0.678828193241	0.0685345696432	0.0577840489149
-мәй	0.248648648649	0.702702702703	0.0486486486486	0.0
-мәк	0.120594093704	0.578115527843	0.018186541959	0.283103836494
-мәл	0.564130142512	0.125033611186	0.0322667383705	0.278569507932
-кәч	0.482067335519	0.0853204440606	0.00928283713815	0.423329383283
-кәт	0.354774535809	0.537135278515	0.00596816976127	0.102122015915
-кәр	0.144476773352	0.655162034715	0.163238687669	0.0371225042641
-кәс	0.0453074433656	0.954692556634	0.0	0.0
-еви	0.0796166605234	0.913748617766	0.00221157390343	0.00442314780684
-кәњ	0.453890489913	0.481268011527	0.021613832853	0.0432276657061
-ифа	0.436201780415	0.252225519288	0.0	0.311572700297
-уру	0.373280943026	0.469548133595	0.157170923379	0.0
-уры	0.172793002326	0.141546162403	0.127717666094	0.557943169178
-әйс	0.0	0.948982690556	0.0	0.0510173094443
-әйт	0.765163934426	0.0938524590164	0.00614754098361	0.134836065574
-оре	0.74025974026	0.038961038961	0.220779220779	0.0
-ора	0.476046562309	0.105394303477	0.0436017944005	0.374957339813
-бка	0.0584407994701	0.904157088869	0.0011688159894	0.0362332956715
-үме	0.0257037943696	0.835495716034	0.0359853121175	0.102815177479
-ору	0.239951278928	0.544457978075	0.0816077953715	0.133982947625
-орт	0.0812026924476	0.778570631608	0.0093007489147	0.13092592703
-орь	0.452380952381	0.380952380952	0.0680272108843	0.0986394557823
-тсә	0.401814934339	0.14041281603	0.0574703926037	0.400301857028
-оры	0.142105263158	0.761842105263	0.0881578947368	0.00789473684209
-ура	0.0996621621622	0.900337837838	0.0	0.0
-ндә	0.209110892999	0.386441354703	0.0291178245078	0.37532992779
-яза	0.746143057504	0.136044880785	0.0	0.117812061711
-әйе	0.100202722271	0.0868809730669	0.0231682594845	0.789748045178
-тау	0.25704541375	0.626278944534	0.0125650691079	0.104110572608
-евс	0.0	1.0	0.0	0.0
-ьәт	0.230769230769	0.0384615384615	0.115384615385	0.615384615385
-кәп	0.665198237885	0.229074889868	0.0528634361234	0.0528634361234
-кәм	0.233333333333	0.0666666666666	0.533333333333	0.166666666667
-кән	0.376611162329	0.0755288114296	0.0299849715015	0.51787505474
-ћта	0.0342747463669	0.814916369619	0.122018097066	0.0287907869482
-кәй	0.0	1.0	0.0	0.0
-мәч	0.0	0.911504424779	0.0884955752213	0.0
-мәр	0.15859030837	0.814977973568	0.0264317180617	0.0
-мәс	0.487459623626	0.242430764448	0.10235229208	0.167757319846
-мәт	0.315346801944	0.498984836409	0.0432842035071	0.14238415814
-ымы	0.371165928425	0.493133421057	0.0534499694201	0.0822506810979
-ува	0.285714285714	0.714285714286	0.0	0.0
-тлы	0.443132301863	0.337732870224	0.125607830755	0.0935269971582
-дак	0.208250694169	0.754726960201	0.0154259773459	0.0215963682842
-ием	0.286271113036	0.698570809874	0.00649631875272	0.00866175833696
-иен	0.369963369963	0.518315018315	0.0384615384616	0.07326007326
-иеп	0.368126094571	0.351663747811	0.0406304728546	0.239579684764
-иек	0.0326382592928	0.191296464188	0.767905711696	0.0081595648232
-иел	0.0	1.0	0.0	0.0
-нья	0.0101180438449	0.930959230235	0.0154746552921	0.043448070628
-шле	0.344940040042	0.139466242853	0.0760593613903	0.439534355714
-шла	0.811596919987	0.0905390023434	0.0134984934717	0.0843655841982
-шли	0.693455031167	0.060106856634	0.0180320569902	0.228406055209
-иењ	0.253576498853	0.662334825816	0.00218412143715	0.0819045538932
-шлы	0.17736642335	0.516433075647	0.156678372503	0.1495221285
-иеш	0.281416435677	0.0172975651008	0.0189632565549	0.682322742668
-яме	0.10843373494	0.795180722892	0.0722891566265	0.0240963855422
-тли	0.787878787879	0.121212121212	0.030303030303	0.0606060606061
-ели	0.516681812281	0.17642476957	0.0155783460989	0.29131507205
-чмә	0.44384667115	0.340954942838	0.0941492938803	0.121049092132
-тле	0.293975355037	0.326501191205	0.294029223809	0.0854942299492
-йон	0.0	0.980132450331	0.0198675496689	0.0
-ыма	0.463672606938	0.309853050319	0.0695153192641	0.156959023479
-тлә	0.393883225209	0.339820821749	0.219956750077	0.0463392029657
-аза	0.150060073746	0.306168952231	0.0604880473961	0.483282926627
-азе	0.0615384615385	0.938461538462	0.0	0.0
-чми	0.453781512605	0.495798319328	0.0	0.0504201680673
-гог	0.0	0.981132075472	0.0188679245283	0.0
-кыњ	0.245557350565	0.502423263328	0.0387722132471	0.213247172859
-уми	0.0	1.0	0.0	0.0
-кыр	0.0514342544679	0.449106304274	0.300734654806	0.198724786452
-ђүм	0.540097729233	0.292229567883	0.0392833189614	0.128389383923
-ату	0.456742315082	0.458903698367	0.0330211335255	0.051332853026
-дез	0.0537634408602	0.722911497105	0.014888337469	0.208436724566
-кыш	0.126798561151	0.670863309352	0.148381294964	0.0539568345324
-аты	0.295238547053	0.254914053481	0.169283805367	0.280563594098
-дел	0.0939915373766	0.180141043724	0.406243535496	0.319623883404
-дем	0.632802036373	0.121992188013	0.0176653307396	0.227540444875
-ать	0.144072776822	0.622951334689	0.0580611738269	0.174914714662
-кыю	0.248096983366	0.299407950381	0.126021990414	0.326473075839
-кыя	0.06598407281	0.897610921502	0.00455062571105	0.0318543799772
-дер	0.312046476182	0.326051181233	0.0874410488066	0.274461293778
-ата	0.199898205946	0.406020864489	0.0315034862818	0.362577443283
-ате	0.0917195268301	0.770958340477	0.0690896622665	0.0682324704269
-кыз	0.0321939586646	0.609300476948	0.049880763116	0.308624801272
-кый	0.185335562455	0.0952608413798	0.690743457641	0.028660138524
-кыл	0.198696720436	0.40102553146	0.307766264288	0.0925114838158
-кым	0.0801432196361	0.60218733226	0.0627653345045	0.2549041136
-кын	0.13394934184	0.383793659618	0.116824297402	0.36543270114
-кып	0.314299564606	0.308666710628	0.216773807211	0.160259917555
-бта	0.0	0.751341681574	0.0	0.248658318426
-дењ	0.655930589282	0.199939415598	0.0664408940753	0.0776891010443
-әњә	0.30890052356	0.314136125654	0.157068062827	0.219895287958
-њсә	0.729624838292	0.153945666235	0.116429495472	0.0
-гор	0.0	1.0	0.0	0.0
-азы	0.0353803386403	0.941875157948	0.00758150113722	0.0151630022744
-чмы	0.140730330388	0.539458326386	0.0813701436364	0.23844119959
-азь	0.609250398724	0.224082934609	0.0175438596491	0.149122807018
-тай	0.0346882289665	0.815390937549	0.132999746184	0.0169210873007
-нур	0.646041856233	0.299363057325	0.0545950864422	0.0
-тан	0.193357636574	0.497611204576	0.0816845791297	0.22734657972
-там	0.0964170395816	0.774627129674	0.00764281411317	0.121313016631
-нух	0.0	1.0	0.0	0.0
-µшә	0.322709163347	0.482071713147	0.0996015936255	0.0956175298805
-нуы	0.403029974524	0.354680470486	0.178871483549	0.0634180714402
-язу	0.278113663845	0.436517533253	0.0205562273277	0.264812575574
-таз	0.00483857960807	0.977823176796	0.0	0.0173382435956
-әке	0.0879629629629	0.623842592593	0.270833333333	0.0173611111111
-рәк	0.222282698118	0.126907388097	0.262280437001	0.388529476784
-рәм	0.471233544612	0.217055981561	0.0959989953164	0.21571147851
-рән	0.168802568031	0.623044339918	0.128790690664	0.0793624013875
-рәп	0.810212381383	0.111839132399	0.00677812923632	0.0711703569815
-дәс	0.119521912351	0.545816733068	0.143426294821	0.191235059761
-ухи	0.134830522625	0.16158791117	0.526172983804	0.177408582401
-ури	0.355114693119	0.268195908246	0.229138251705	0.147551146931
-уза	0.136144049188	0.17720685112	0.60101010101	0.0856389986824
-ухы	0.027869453612	0.911166116612	0.00990099009901	0.0510634396773
-йлә	0.511398717644	0.34374257896	0.0605556874852	0.0843030159107
-рәр	0.204633204633	0.392857142857	0.0202702702703	0.382239382239
-штә	0.0988008549796	0.544197369851	0.0131869724305	0.343814802739
-рәт	0.396024859303	0.437957529521	0.0220719816872	0.143945629488
-тањ	0.551522687351	0.243314188722	0.0592693469122	0.145893777015
