koi-	0.44089599772	0.299590957138	0.0308796715183	0.228633373624
toz-	0.229808391948	0.308391947611	0.0388066941547	0.422992966287
ivi-	0.748640049266	0.19121420507	0.0429025967361	0.0172431489274
tut-	0.0383501557596	0.890156864426	0.024955203497	0.0465377763174
mun-	0.209863762475	0.669358289508	0.0753654395627	0.0454125084545
tiu-	0.454930206073	0.368853594349	0.153285008542	0.0229311910368
son-	0.151270051	0.0383423272126	0.00870574579222	0.801681875996
ure-	0.567547286522	0.338250123603	0.0452358971181	0.0489666927566
maa-	0.119883922955	0.488675518856	0.020517165423	0.370923392766
uti-	0.379880152533	0.520246958417	0.0998728890503	0.0
noo-	0.306365631859	0.328002508623	0.221386014425	0.144245845092
ipu-	0.590975112557	0.0623528254849	0.0217439548815	0.324928107077
000-	0.131664333038	0.280234979394	0.0446075882422	0.543493099326
pro-	0.0651258515446	0.921112696648	0.00534680611605	0.00841464569083
ŋgu-	0.108963344788	0.687714776632	0.167812142039	0.0355097365406
aul-	0.503743315508	0.452406417112	0.0417112299465	0.00213903743315
sto-	0.31914893617	0.425531914894	0.255319148936	0.0
nas-	0.61335254644	0.177944622855	0.0339685113683	0.174734319337
tum-	0.240427426536	0.659394479074	0.10017809439	0.0
eno-	0.0972905115598	0.861491787844	0.0255256826028	0.0156920179935
aku-	0.748249555858	0.199498380186	0.0355314034904	0.0167206604661
ite-	0.121507643676	0.0951289202365	0.216977037062	0.566386399025
lis-	0.0201096892139	0.937385740402	0.0370201096892	0.00548446069469
ana-	0.291267117977	0.391548235977	0.0672981491324	0.249886496914
uŋa-	0.30033557047	0.181208053691	0.293624161074	0.224832214765
sak-	0.0563977722727	0.833737365898	0.0427450796186	0.0671197822105
sme-	0.0	1.0	0.0	0.0
pid-	0.109773509958	0.181809820893	0.0922456965564	0.616170972592
bap-	0.237719730573	0.722851979629	0.019714144899	0.019714144899
39+-	0.151515151515	0.848484848485	0.0	0.0
une-	0.348103782008	0.172644147109	0.112815031576	0.366437039306
ALL	0.232790946578	0.283619016296	0.0512554500517	0.432334587074
zaa-	0.0987886306418	0.840870945379	0.0207063888788	0.0396340351005
der-	0.164556962025	0.835443037975	0.0	0.0
kat-	0.142361849401	0.0732016923964	0.238079825572	0.54635663263
abi-	0.00367197062423	0.944920440637	0.0440636474908	0.00734394124846
zin-	0.117152466368	0.776065022422	0.0428811659193	0.0639013452915
dok-	0.0139794967381	0.846225535881	0.123019571295	0.0167753960857
tib-	0.504062348384	0.329050219097	0.036310848588	0.130576583931
yer-	0.0355814369219	0.920927419256	0.00842396028984	0.0350671835321
yut-	0.295950155763	0.666666666667	0.0373831775701	0.0
sog-	0.199482191338	0.217084089969	0.0455779499811	0.537855768712
nug-	0.0549928498395	0.462155186234	0.047949046346	0.434902917581
yau-	0.0559482862264	0.051017291819	0.000975396964686	0.89205902499
koŋ-	0.355371900826	0.48347107438	0.0	0.161157024793
ini-	0.327637165963	0.0257667491144	0.0122610852145	0.634334999708
rep-	0.0	1.0	0.0	0.0
iit-	0.132665314953	0.0698028671501	0.0270847937698	0.770447024127
gig-	0.669491525424	0.279661016949	0.0508474576271	0.0
uuv-	0.224267419052	0.715850953058	0.0183109110076	0.041570716882
uga-	0.46312786375	0.46425175067	0.0544652891848	0.0181550963949
tai-	0.0982530502977	0.738463782541	0.0294476000893	0.133835567072
mar-	0.0611543229841	0.780426714211	0.0444329141323	0.113986048673
uma-	0.326072967377	0.475560964691	0.170527670528	0.0278383974036
uli-	0.160649809327	0.669969413448	0.0980121557604	0.0713686214646
suu-	0.0352768250857	0.917687408133	0.0117589416952	0.0352768250857
iri-	0.585526315789	0.394736842105	0.0	0.0197368421053
nen-	0.660476833373	0.0394612421884	0.0363866146337	0.263675309805
iye-	0.237944162436	0.497144670051	0.152601522843	0.11230964467
aig-	0.432098765432	0.283950617284	0.283950617284	0.0
agh-	0.482704679984	0.209277923352	0.0397092066895	0.268308189975
wai-	0.386858539234	0.122974929858	0.0246176124536	0.465548918454
mul-	0.559922303928	0.334834595663	0.0166708731339	0.088572227275
ate-	0.274927110556	0.443976720286	0.149044968827	0.132051200331
tii-	0.11820532457	0.469691010033	0.148984996358	0.263118669039
kam-	0.199373491982	0.420133455162	0.340740047334	0.0397530055223
kle-	0.04	0.92	0.04	0.0
sin-	0.0810260141896	0.191995633982	0.0182645079134	0.708713843915
bod-	0.209944316033	0.5851413112	0.113718743434	0.0911956293339
tiŋ-	0.420011580092	0.377369167684	0.0747552268558	0.127864025368
dor-	0.0	1.0	0.0	0.0
tag-	0.209945688882	0.451443637468	0.0634595194049	0.275151154245
pat-	0.191372514122	0.556504837348	0.154556578482	0.0975660700485
mur-	0.185124351128	0.174384238418	0.17160537787	0.468886032584
ee--	0.240067624683	0.4539306847	0.0710059171598	0.234995773457
ror-	0.69614873838	0.110624169987	0.0572377158034	0.13598937583
tuz-	0.020979020979	0.937062937063	0.02997002997	0.011988011988
vae-	0.0496590201975	0.936355378196	0.00445917732386	0.00952642428279
gen-	0.0340206185567	0.928865979381	0.0	0.0371134020618
saw-	0.104906720182	0.344850588034	0.00397900195418	0.546263689829
loŋ-	0.416096982955	0.337229969921	0.193122778234	0.0535502688907
uzi-	0.488481228669	0.236988054607	0.016638225256	0.257892491468
ium-	0.447192944719	0.510217251022	0.042589804259	0.0
niu-	0.202141826188	0.708468823539	0.0335210063527	0.0558683439212
rek-	0.140063486458	0.0580226897872	0.0376072989361	0.764306524819
vel-	0.465377069532	0.287219983793	0.125053190966	0.122349755708
nig-	0.419067796507	0.167644083304	0.0594537532325	0.353834366957
por-	0.221453287197	0.778546712803	0.0	0.0
-53-	0.484669176977	0.35072619688	0.0	0.164604626143
pas-	0.0914876727927	0.0844772835851	0.00745754590495	0.816577497717
sig-	0.366596406409	0.142770809074	0.424480049526	0.0661527349911
zer-	0.150005949104	0.394848346391	0.0550422346704	0.400103469835
tiw-	0.590377851379	0.217117697906	0.058967160183	0.133537290532
oor-	0.0325379609544	0.9284164859	0.0390455531453	0.0
epa-	0.0521462639109	0.894117647059	0.0184419713831	0.0352941176471
500-	0.12793907663	0.098096144693	0.0159923845788	0.757972394098
oro-	0.325032064985	0.60303548525	0.0488456605387	0.0230867892262
yei-	0.0474261432883	0.0404184655256	0.0184643668478	0.893691024338
sap-	0.214348462665	0.547877013177	0.0591508052709	0.178623718887
asi-	0.0727472245018	0.88638354825	0.0266467361658	0.0142224910824
gun-	0.235668789809	0.697452229299	0.00955414012738	0.0573248407643
tip-	0.504734644309	0.290147080016	0.0534353470499	0.151682928625
uva-	0.432189755924	0.421250483148	0.052867248431	0.0936925124972
rer-	0.346570397112	0.458483754513	0.15523465704	0.0397111913357
153-	0.521739130435	0.0237154150198	0.0	0.454545454545
geg-	0.094674556213	0.633136094675	0.213017751479	0.0591715976331
usi-	0.407577996002	0.54679760146	0.0130355435822	0.0325888589554
mog-	0.0979400049468	0.131991882142	0.0496145288578	0.720453584054
tol-	0.0291199157275	0.0683974446016	0.262563641937	0.639918997734
mel-	0.00975504010405	0.93252763928	0.0186971601994	0.0390201604162
kri-	0.0169348532666	0.910473755012	0.0129918789285	0.0595995127927
ail-	0.647671237256	0.117808781179	0.0481124007981	0.186407580767
sku-	0.126373626374	0.285714285714	0.543956043956	0.043956043956
mir-	0.0872727272727	0.890909090909	0.0	0.0218181818182
isa-	0.687762315785	0.115025545471	0.0229955795336	0.174216559211
luv-	0.347409267291	0.201323898653	0.0776078520886	0.373658981968
fik-	0.00359066427289	0.960502692998	0.0359066427289	0.0
pud-	0.108695652174	0.858695652174	0.0326086956522	0.0
dio-	0.126896551724	0.794482758621	0.0165517241379	0.0620689655172
yom-	0.0990773387025	0.0344711824418	0.00207928535976	0.864372193496
bab-	0.0541590026569	0.874153028659	0.0201229385779	0.0515650301058
ita-	0.421397150592	0.187940869058	0.0614222545979	0.329239725752
uum-	0.0941832961714	0.825965648379	0.013990996895	0.0658600585547
war-	0.320487774489	0.505330441019	0.0685154154693	0.105666369022
yek-	0.0	1.0	0.0	0.0
sor-	0.234304468397	0.259345758359	0.18385161037	0.322498162875
ura-	0.347702335134	0.414777331151	0.0312037954552	0.20631653826
igh-	0.310791179329	0.0521585314058	0.0189593574114	0.618090931853
taŋ-	0.510919256769	0.349296019828	0.111758147477	0.028026575925
ivu-	0.773006134969	0.116564417178	0.110429447853	0.0
aŋa-	0.258426966292	0.314606741573	0.393258426966	0.0337078651685
kod-	0.221804511278	0.187969924812	0.511278195489	0.0789473684211
ali-	0.340959744482	0.274721421479	0.0134646879361	0.370854146103
jud-	0.298580518845	0.559634524392	0.0783162016642	0.0634687550987
tua-	0.13697202899	0.726955101948	0.118089670508	0.0179831985545
oni-	0.0	0.859649122807	0.140350877193	0.0
non-	0.188207097655	0.739951384187	0.0448142339997	0.0270272841583
uba-	0.726937269373	0.173431734317	0.0221402214022	0.0774907749078
dod-	0.29599471831	0.368031103286	0.234741784038	0.101232394366
tau-	0.131513387965	0.0425791450573	0.0347337902297	0.791173676748
moŋ-	0.157376784706	0.779704767282	0.0604985077035	0.00241994030814
mal-	0.252585458616	0.225750500841	0.0657656613125	0.455898379231
umb-	0.270361119245	0.65944923049	0.0189601139	0.0512295363652
rao-	0.290969899665	0.571906354515	0.0234113712375	0.113712374582
aki-	0.507035319546	0.289373912102	0.106510701699	0.0970800666528
nin-	0.34913619436	0.270099934968	0.0826302258371	0.298133644836
ayo-	0.488160970195	0.238106102255	0.178431575263	0.0953013522869
nau-	0.326522960003	0.503134364424	0.0946185202757	0.0757241552965
izu-	0.621641586005	0.247692744249	0.039186188445	0.091479481301
uni-	0.390057361377	0.252390057361	0.0344168260038	0.323135755258
vol-	0.0180102915952	0.959691252144	0.00514579759862	0.0171526586621
100-	0.0880058259382	0.295301058205	0.102803139744	0.513889976113
sir-	0.0979507113363	0.312418701065	0.0798100847539	0.509820502845
uŋo-	0.141287284144	0.166405023548	0.522762951334	0.169544740973
yav-	0.173421279832	0.717138954266	0.0835780671979	0.0258616987041
ghi-	0.179513029795	0.188433876653	0.0266616387167	0.605391454835
24+-	0.148528405202	0.228610540726	0.0766598220397	0.546201232033
boŋ-	0.136607264706	0.737293721719	0.119093512821	0.00700550075417
aaz-	0.197169629067	0.273455662179	0.0459583132105	0.483416395543
and-	0.175540112438	0.750437979004	0.029506133394	0.0445157751641
apa-	0.403060330298	0.400037891137	0.116082124098	0.0808196544667
uwa-	0.731887662631	0.184233635816	0.0327161740497	0.0511625275032
san-	0.593709884467	0.342105263158	0.0256739409499	0.0385109114249
dud-	0.149379649694	0.377010531915	0.25560597595	0.218003842441
ŋoo-	0.0	0.647058823529	0.352941176471	0.0
ine-	0.523589459273	0.0594550965975	0.0267288439567	0.390226600173
nii-	0.17404756902	0.619649721285	0.00992566224871	0.196377047447
mae-	0.118847889593	0.776253457132	0.0157839888371	0.0891146644384
uku-	0.0253807106599	0.284263959391	0.690355329949	0.0
per-	0.414901013047	0.221338493872	0.0422033417204	0.32155715136
ger-	0.0373056994818	0.947150259067	0.0155440414508	0.0
arm-	0.0	1.0	0.0	0.0
ike-	0.206941715783	0.250163719712	0.487884741323	0.0550098231828
mor-	0.174437119297	0.386912303762	0.334171245825	0.104479331115
rur-	0.528994909672	0.373689989021	0.0553947499751	0.0419203513325
liv-	0.0407321008879	0.510002592448	0.0202994013775	0.428965905287
iip-	0.5	0.338235294118	0.147058823529	0.0147058823529
sob-	0.25528957967	0.161608712916	0.0860457201203	0.497055987294
mii-	0.285526315789	0.667105263158	0.0473684210526	0.0
zim-	0.0458891013384	0.379859783301	0.566602931804	0.00764818355642
ata-	0.251514889074	0.459803840683	0.0447782037117	0.243903066531
tie-	0.190365801787	0.0420034028073	0.00633772862611	0.76129306678
reo-	0.0	1.0	0.0	0.0
yot-	0.0	1.0	0.0	0.0
pig-	0.100840336134	0.899159663866	0.0	0.0
wae-	0.395387149918	0.476112026359	0.0593080724876	0.0691927512356
ire-	0.437306620441	0.424206232293	0.0769910437135	0.0614961035525
lol-	0.246790674892	0.279497498188	0.043053238777	0.430658588143
mes-	0.019928589222	0.964986575881	0.000415178942125	0.014669655955
eet-	0.0307692307692	0.933333333333	0.0307692307692	0.00512820512821
sag-	0.118388192398	0.454745285308	0.248083262574	0.17878325972
.2y-	0.605839416058	0.350364963504	0.043795620438	0.0
kla-	0.0	1.0	0.0	0.0
adi-	0.257438336467	0.495354496184	0.122774029422	0.124433137927
ami-	0.476488729215	0.147362731695	0.131942898929	0.244205640162
ume-	0.577981651376	0.330275229358	0.0	0.091743119266
kur-	0.448529411765	0.333333333333	0.137254901961	0.0808823529412
iku-	0.226741750826	0.299483408573	0.442127798204	0.0316470423977
.1+-	0.78896882494	0.21103117506	0.0	0.0
rik-	0.139085665797	0.0705042545514	0.0255109903957	0.764899089256
saa-	0.0980742130826	0.314516285973	0.0180570878484	0.569352413096
vuv-	0.1875	0.51875	0.1375	0.15625
aas-	0.0	1.0	0.0	0.0
win-	0.122448979592	0.714285714286	0.0816326530613	0.0816326530612
tal-	0.38915757278	0.345807502143	0.0784846614812	0.186550263596
gid-	0.0	1.0	0.0	0.0
alp-	0.02416918429	0.97583081571	0.0	0.0
paa-	0.0846091699144	0.121328203083	0.10749005868	0.686572568323
kos-	0.0648648648649	0.902702702703	0.0324324324324	0.0
lem-	0.286077315477	0.270492752357	0.115459818454	0.327970113712
rod-	0.0	0.989031078611	0.0109689213894	0.0
ŋge-	0.0712978396108	0.524553889569	0.0190252015661	0.385123069254
taz-	0.181108647423	0.617289641368	0.0739472861984	0.12765442501
pon-	0.0172566371681	0.928761061947	0.0420353982301	0.0119469026549
azu-	0.175487033646	0.650973514001	0.0831041790004	0.090435273353
umi-	0.409129243095	0.434324267341	0.0126502213789	0.143896268185
.-8-	0.0	0.0	1.0	0.0
ilu-	0.319039203766	0.397933072258	0.113412410049	0.169615313927
sik-	0.132423208191	0.713993174062	0.145392491467	0.00819112627987
eub-	0.101694915254	0.898305084746	0.0	0.0
ari-	0.340851410136	0.264462065992	0.136754677737	0.257931846135
ben-	0.0212464589235	0.970254957507	0.0	0.00849858356941
bog-	0.110881280114	0.802803950934	0.0292142294912	0.0571005394601
ŋgo-	0.179947321903	0.661024342465	0.0931004988995	0.0659278367325
vib-	0.140859140859	0.823176823177	0.0	0.035964035964
nip-	0.432470998941	0.332225551712	0.0631766510166	0.17212679833
mat-	0.214048485562	0.321948353597	0.136743626189	0.327259534653
pog-	0.318035846799	0.247069929949	0.122113361325	0.312780861927
amp-	0.0103092783505	0.989690721649	0.0	0.0
bun-	0.670210833538	0.276838634751	0.0103747807049	0.0425757510061
ili-	0.141551113317	0.244208675487	0.30089776587	0.313342445327
lam-	0.0580059786625	0.820409867149	0.0684218519525	0.0531623022365
nar-	0.333058446437	0.396220027568	0.18457133013	0.0861501958648
nda-	0.097178307019	0.817591734928	0.0292464902883	0.0559834677645
uve-	0.253163495258	0.678099899914	0.0467576904535	0.0219789143749
usu-	0.345325318375	0.58560961795	0.0	0.0690650636751
waŋ-	0.893617021277	0.0	0.0818330605565	0.024549918167
iwe-	0.653379549393	0.279029462738	0.0311958405546	0.0363951473137
pur-	0.0	1.0	0.0	0.0
gur-	0.0679611650485	0.856310679612	0.0757281553398	0.0
ani-	0.34639315951	0.456864540994	0.0325962163621	0.164146083134
upi-	0.654813022094	0.216371301429	0.0214692794129	0.107346397065
nad-	0.282352941176	0.541176470588	0.105882352941	0.0705882352941
pak-	0.618557665326	0.227106912356	0.0851183238238	0.0692170984941
kis-	0.574980164676	0.288498240454	0.0520580991269	0.0844634957432
gha-	0.167025692193	0.160699658088	0.0243966765659	0.647877973153
aka-	0.233752570594	0.561556838355	0.146880815528	0.0578097755232
ghu-	0.17251703868	0.723432383441	0.0435514117563	0.0604991661223
ayu-	0.382978723404	0.340425531915	0.212765957447	0.063829787234
eup-	0.0	0.988269794721	0.0117302052786	0.0
sov-	0.298318925622	0.0899547712668	0.0415008435257	0.570225459586
.ju-	0.224376731302	0.371191135734	0.337950138504	0.0664819944598
ban-	0.0239065262511	0.950572680452	0.0156814513029	0.009839341994
iig-	0.0503048780488	0.923537971175	0.0114329268293	0.0147242239468
adr-	0.148148148148	0.714285714286	0.137566137566	0.0
ise-	0.456488720019	0.240950892624	0.165865975064	0.136694412293
ter-	0.34985835694	0.620396600567	0.0127478753541	0.0169971671388
mil-	0.108813235762	0.586170325591	0.277017711316	0.0279987273306
dab-	0.0814782198917	0.631336573224	0.232637658753	0.0545475481311
tra-	0.0	0.985714285714	0.0142857142857	0.0
tis-	0.265580493126	0.159827913345	0.0675848181876	0.507006775341
ale-	0.292784732007	0.423368054096	0.0762194110374	0.207627802859
sid-	0.00780234070221	0.953185955787	0.00130039011703	0.037711313394
naŋ-	0.464161321681	0.25886013805	0.148816124352	0.128162415917
led-	0.348000576564	0.117319524405	0.133030259476	0.401649639555
aŋe-	0.0148178687491	0.966823495174	0.0049473735267	0.0134112625503
tok-	0.0	1.0	0.0	0.0
ero-	0.0371949857613	0.908921491987	0.0431347367246	0.0107487855268
rir-	0.407991587802	0.511041009464	0.0462670872766	0.0347003154574
kon-	0.0588870047788	0.924310158779	0.00924926776631	0.00755356867581
itu-	0.414470263464	0.315221128721	0.116049912658	0.154258695157
eli-	0.0592975206612	0.838842975207	0.00929752066116	0.092561983471
uze-	0.600182982617	0.24428179323	0.111619396157	0.0439158279963
imu-	0.457853357026	0.091247836277	0.045729232089	0.405169574608
nal-	0.580084177026	0.198524932626	0.0240263606579	0.19736452969
soo-	0.174770697562	0.074414675356	0.01188752112	0.738927105962
mut-	0.200955538222	0.771255850234	0.00292511700468	0.0248634945397
toi-	0.0499458993203	0.336259125286	0.00551674273966	0.608278232654
var-	0.288826064545	0.493237243818	0.063283871485	0.154652820152
tuk-	0.122088353414	0.282730923695	0.322891566265	0.272289156627
ene-	0.700430149309	0.0313272269591	0.0175538495278	0.250688774204
.-1-	0.446313065977	0.340232858991	0.213454075032	0.0
pan-	0.027044859576	0.0162400061907	0.00252972851552	0.954185405718
nim-	0.227192709424	0.46427339952	0.033760651491	0.274773239565
dig-	0.255605170432	0.367864598068	0.0225005709731	0.354029660527
tor-	0.765957446809	0.234042553191	0.0	0.0
ano-	0.248455699474	0.506536799495	0.0869137740117	0.158093727019
sen-	0.0934757696715	0.381847826923	0.0141513424548	0.510525060951
tiv-	0.502590452332	0.202134628218	0.0612475073183	0.234027412131
yam-	0.0972847584743	0.0757948602692	0.0153293993746	0.811590981882
pug-	0.283414650853	0.130854015296	0.0142967677649	0.571434566086
piu-	0.315112540193	0.585852090032	0.0180064308682	0.0810289389067
baa-	0.0268456375839	0.973154362416	0.0	0.0
ese-	0.0433005299016	0.942165026495	0.00363361090083	0.0109008327025
rab-	0.163421205197	0.737168775364	0.0305221157453	0.0688879036933
ape-	0.201086956522	0.798913043478	0.0	0.0
zeu-	0.152688172043	0.812903225807	0.0344086021505	0.0
umu-	0.481042413704	0.249311951	0.0123517274741	0.257293907821
tub-	0.141891891892	0.787162162162	0.0709459459459	0.0
ipo-	0.737796811071	0.191659300149	0.0222019311169	0.0483419576628
ŋaz-	0.544378698225	0.388165680473	0.010650887574	0.0568047337278
pae-	0.148572470271	0.674318487772	0.0450134619699	0.132095579987
und-	0.606394272371	0.218046291631	0.113353336629	0.0622060993694
tuu-	0.116301942464	0.467420703221	0.235308581264	0.180968773051
azi-	0.381186047006	0.349106844263	0.0599349130513	0.209772195679
tia-	0.0292923114961	0.0378250681777	0.00550561341618	0.92737700691
zun-	0.554046713743	0.284356328083	0.138511678436	0.0230852797393
tir-	0.55517218112	0.281176232911	0.0790066699495	0.08464491602
kau-	0.283975960966	0.355081518505	0.206979650125	0.153962870403
iba-	0.629812206573	0.243192488263	0.0410798122065	0.0859154929577
ino-	0.55671260764	0.221850891641	0.101321498484	0.120115002235
zii-	0.249638403029	0.418896606382	0.00959305205456	0.321871938534
vaz-	0.183962264151	0.424528301887	0.278301886793	0.11320754717
yes-	0.020409732866	0.370353678223	0.00403605752149	0.60520053139
mid-	0.0452488687782	0.904977375566	0.0497737556561	0.0
yez-	0.0890774125132	0.664649741127	0.199114216206	0.0471586301541
rae-	0.347341337907	0.652658662093	0.0	0.0
pun-	0.0229885057471	0.862068965517	0.0	0.114942528736
ŋuk-	0.54347826087	0.413043478261	0.0	0.0434782608696
yar-	0.140864239537	0.765329134257	0.0858146656433	0.00799196056245
ito-	0.60095308365	0.237267946693	0.0636637207376	0.0981152489195
ivo-	0.641266426598	0.0791984520126	0.0471431132803	0.23239200811
kee-	0.421629797693	0.48761580639	0.0567214974475	0.0340328984685
666-	0.0	0.0	0.0333333333333	0.966666666667
sod-	0.0	1.0	0.0	0.0
suv-	0.397424400897	0.345202970478	0.174514773826	0.0828578547996
sko-	0.0112612612613	0.921171171171	0.0225225225225	0.045045045045
kan-	0.129784187699	0.289696816981	0.135047186524	0.445471808797
aid-	0.265493215988	0.321598826549	0.364503116978	0.048404840484
kuk-	0.146380270485	0.723945902944	0.0493237867939	0.0803500397773
nav-	0.454384237665	0.288133173706	0.0554690829296	0.202013505699
dek-	0.0202702702703	0.736486486487	0.0	0.243243243243
mum-	0.109375	0.875	0.015625	0.0
kum-	0.00744416873449	0.0734491315136	0.901240694789	0.0178660049628
uka-	0.338329510088	0.404637522009	0.173643099812	0.0833898680914
zee-	0.187786661906	0.443490144569	0.0887456376381	0.279977555887
lez-	0.354075279504	0.085474354947	0.124360010917	0.436090354631
daa-	0.0803675469038	0.592694783031	0.241813857941	0.0851238121243
udu-	0.553191489362	0.259574468085	0.102127659575	0.0851063829787
waa-	0.123612639943	0.690445641681	0.1336089679	0.0523327504756
ken-	0.0977198697069	0.86319218241	0.0195439739414	0.0195439739414
ŋas-	0.321047008547	0.605235042735	0.0737179487179	0.0
uup-	0.0900900900901	0.0540540540541	0.711711711712	0.144144144144
tit-	0.498855014301	0.27766278476	0.0727646244317	0.150717576507
ipa-	0.569169568765	0.248629203257	0.0748467523932	0.107354475585
bub-	0.383020185687	0.326592227882	0.256040667606	0.0343469188251
eta-	0.109507275865	0.254397361221	0.00686277284993	0.629232590064
lai-	0.210870072312	0.665966876604	0.110566829951	0.0125962211337
nit-	0.456054225685	0.23566104443	0.0890625351859	0.219222194699
aat-	0.317798747235	0.0563939381309	0.01604517873	0.609762135905
muu-	0.16354389481	0.0700569147393	0.0794261873037	0.686973003147
bob-	0.401933559601	0.253728273167	0.288182659673	0.0561555075594
olm-	0.235084975805	0.469491325387	0.155346394429	0.140077304379
par-	0.124424591819	0.72956348964	0.048444000913	0.0975679176284
too-	0.0262560954231	0.040225871992	0.00331689307735	0.930201139508
iŋg-	0.388058333209	0.276278208926	0.126982200839	0.208681257027
ala-	0.530172259235	0.247291308404	0.0411673821082	0.181369050253
niŋ-	0.519056032307	0.264512872287	0.0721857647653	0.144245330641
upe-	0.714711216218	0.192306936235	0.0166534652323	0.0763283823146
yoe-	0.0769230769231	0.923076923077	0.0	0.0
sol-	0.0134964967227	0.965193245294	0.019179232185	0.00213102579833
uvo-	0.452661336051	0.256839267958	0.0404589917849	0.250040404206
hib-	0.0258470277947	0.934469466423	0.0379793061473	0.00170419963481
rag-	0.19420437214	0.634977122522	0.152516522623	0.0183019827148
zir-	0.36375632285	0.595337585221	0.0382669892237	0.00263910270508
anu-	0.158181165776	0.664779523164	0.103779602902	0.0732597081572
wit-	0.108625066542	0.870465883091	0.00356983786757	0.0173392124996
ree-	0.255319148936	0.432624113475	0.312056737589	0.0
val-	0.336252189142	0.61295971979	0.0507880910683	0.0
puu-	0.223062381852	0.262809410228	0.0290976751551	0.485030532765
uzo-	0.557195571956	0.0948866631524	0.189773326305	0.158144438587
ira-	0.257135980436	0.0745606566124	0.0806514646741	0.587651898277
izo-	0.603917929362	0.207516123246	0.106448518689	0.0821174287029
pii-	0.056808198996	0.26354672145	0.199855350684	0.479789728869
iyu-	0.563937172775	0.350617801047	0.085445026178	0.0
dan-	0.058409951325	0.88318009735	0.058409951325	0.0
iro-	0.443496073745	0.211903949016	0.26402640264	0.0805735745989
tio-	0.0273237492741	0.0403470655353	0.0052490177528	0.927080167438
aru-	0.566847981678	0.264815344976	0.166046378471	0.00229029487546
uyu-	0.824786324786	0.0675213675213	0.0102564102564	0.0974358974359
lug-	0.0469116497264	0.931978107897	0.00938232994527	0.0117279124316
ndi-	0.137905449606	0.583945496456	0.054327054208	0.223821999731
mis-	0.0	1.0	0.0	0.0
naw-	0.797508012759	0.0628627646723	0.0218260697734	0.117803152795
eŋg-	0.150030066146	0.154990980156	0.0733613950691	0.621617558629
yai-	0.0700609225413	0.919495213229	0.0104438642298	0.0
top-	0.0	0.914634146341	0.0853658536585	0.0
yon-	0.00510386283201	0.9892354893	0.0027839251811	0.00287672268714
vot-	0.493253262159	0.308051601423	0.0729043100039	0.125790826414
agr-	0.0178107606679	0.966233766234	0.00816326530612	0.00779220779221
yaŋ-	0.116789017065	0.199161025837	0.670702640862	0.0133473162361
sos-	0.238732885216	0.458610251513	0.111077749391	0.19157911388
luu-	0.04292375914	0.919630933144	0.0211436866842	0.0163016210314
ule-	0.404218321277	0.301441589783	0.0847788187688	0.209561270171
kua-	0.0567903097996	0.437945737897	0.492245575639	0.013018376665
tat-	0.222751867156	0.525055497455	0.0956389272332	0.156553708156
bit-	0.0	1.0	0.0	0.0
uri-	0.108974358974	0.75641025641	0.0897435897436	0.0448717948718
tov-	0.121712846934	0.0453825482814	0.012057764525	0.82084684026
leg-	0.557984308998	0.109084125218	0.0280566324334	0.304874933351
rig-	0.213169435596	0.213362284474	0.210240989672	0.363227290259
kag-	0.206008583691	0.536480686695	0.206008583691	0.0515021459227
iza-	0.28286016012	0.191215365337	0.0351446956227	0.49077977892
ŋga-	0.261656188532	0.286877697237	0.0590030995306	0.3924630147
nia-	0.325084364454	0.540848091663	0.0392392811364	0.0948282627462
pot-	0.197946223483	0.379137954331	0.23442778003	0.188488042156
mam-	0.216142270862	0.457592339261	0.299589603283	0.0266757865937
sei-	0.0585945844447	0.0388863600521	0.0110764809914	0.891442574512
esa-	0.0275862068965	0.972413793103	0.0	0.0
yoŋ-	0.0951335528723	0.639407244786	0.0998902305159	0.165568971826
ipe-	0.52979056241	0.196865338785	0.167982373447	0.105361725357
sis-	0.108552720582	0.847479639601	0.0220514624313	0.0219161773858
wat-	0.0935844335339	0.879728683787	0.0225328880326	0.0041539946463
mag-	0.0979840636826	0.76441045811	0.0651869030736	0.0724185751334
aug-	0.127659574468	0.855319148936	0.0170212765957	0.0
pai-	0.138347213365	0.341022483452	0.0421717877753	0.478458515407
26+-	0.43023255814	0.238372093023	0.226744186047	0.104651162791
kok-	0.559931506849	0.414383561644	0.0256849315068	0.0
sur-	0.181950668163	0.533439363406	0.0116150280716	0.27299494036
uto-	0.444730131973	0.331093768337	0.161312692706	0.0628634069838
yaw-	0.111715632934	0.867972433805	0.00507798331519	0.0152339499456
reg-	0.0976562499999	0.87890625	0.0234375	0.0
ika-	0.596519291126	0.18824611213	0.132605267202	0.0826293295428
bet-	0.0672879481914	0.924077291634	0.00157952930027	0.00705523087452
tod-	0.0540626327148	0.0441251004192	0.00425993033692	0.897552336529
til-	0.52044928998	0.0813989238468	0.0213275950376	0.376824191136
epr-	0.047619047619	0.888888888889	0.031746031746	0.031746031746
raa-	0.436731742589	0.321041214751	0.0477223427332	0.194504699928
asu-	0.4466223913	0.403034797	0.0823177939691	0.0680250177316
ewo-	0.0	1.0	0.0	0.0
isk-	0.0	1.0	0.0	0.0
gab-	0.157399599865	0.40825218728	0.0305384098895	0.403809802966
sek-	0.283464566929	0.551181102362	0.165354330709	0.0
400-	0.317964247338	0.220767803067	0.0	0.461267949595
den-	0.0823002946245	0.779948857635	0.0758797042637	0.0618711434765
mbe-	0.118280603353	0.558559819991	0.0223354901196	0.300824086536
uŋg-	0.40794920156	0.340558155411	0.144629250775	0.106863392255
yan-	0.491803278689	0.147540983607	0.295081967213	0.0655737704918
bad-	0.157751115346	0.703859314766	0.102005457617	0.036384112271
zeg-	0.008	0.485333333333	0.444	0.0626666666666
sim-	0.0152209519713	0.982793706467	0.000330890260246	0.00165445130123
ruu-	0.113135685427	0.752389430105	0.010250281053	0.124224603415
eme-	0.0	0.614285714286	0.385714285714	0.0
gho-	0.067050297848	0.0186189741686	0.00406442923357	0.91026629875
zil-	0.0519790176442	0.843665553966	0.0179621681768	0.086393260213
rug-	0.0809412224175	0.879808631127	0.0121070103495	0.0271431361062
min-	0.432829713064	0.108891794834	0.006095353719	0.452183138383
ket-	0.189873417721	0.739602169982	0.0488245931284	0.0216998191682
apr-	0.10649627263	0.89350372737	0.0	0.0
aap-	0.157933579336	0.633948339483	0.19704797048	0.0110701107011
ant-	0.121498425327	0.840212166418	0.0154152163103	0.0228741919443
sul-	0.0	1.0	0.0	0.0
age-	0.0	1.0	0.0	0.0
tab-	0.379646017699	0.439233038348	0.0997050147492	0.0814159292035
igo-	0.802492809204	0.114093959732	0.0575263662512	0.025886864813
gal-	0.0154242281696	0.951994256146	0.0232229952217	0.00935852046247
ida-	0.537313432836	0.402985074627	0.0	0.0597014925373
kar-	0.258058555908	0.418705746123	0.252348500668	0.0708871973019
paŋ-	0.0937439406859	0.695278005522	0.081280873427	0.129697180365
ibe-	0.283435284304	0.474489086612	0.140066731545	0.102008897539
kus-	0.641176470588	0.135294117647	0.161764705882	0.0617647058823
wad-	0.0232558139535	0.860465116279	0.0	0.116279069767
lil-	0.0379061371841	0.42238267148	0.539711191336	0.0
ati-	0.367959317952	0.511811816373	0.0632191162637	0.0570097494116
imo-	0.452740908552	0.361185234152	0.142205447581	0.0438684097145
ubu-	0.5469993547	0.122607012261	0.010970101097	0.319423531942
ziŋ-	0.124533728644	0.781624991415	0.022754746452	0.0710865334894
tak-	0.171687976509	0.671062507407	0.0567004200519	0.100549096033
het-	0.0	1.0	0.0	0.0
luk-	0.0346153846154	0.919230769231	0.0230769230769	0.0230769230769
tay-	0.379373155573	0.406629250409	0.0807671599528	0.133230434065
eez-	0.150801918171	0.216320839084	0.0405968338441	0.592280408901
pav-	0.475070795756	0.382029819513	0.0290575350567	0.113841849674
kak-	0.459854014599	0.481751824818	0.0583941605839	0.0
abb-	0.103773584906	0.811320754717	0.0	0.0849056603774
aii-	0.257525083612	0.421404682274	0.0	0.321070234114
one-	0.144669180665	0.634556050737	0.0185121700377	0.20226259856
ruŋ-	0.633299925295	0.16260371095	0.138359569309	0.0657367944468
niz-	0.390196914745	0.357125886317	0.124034247536	0.128642951402
aan-	0.416576492264	0.108611411692	0.0715058637733	0.40330623227
gog-	0.0933816863099	0.802357207616	0.0838621940163	0.020398912058
ŋur-	0.612903225806	0.387096774194	0.0	0.0
poi-	0.253041593751	0.241117928887	0.258245686596	0.247594790766
gee-	0.113383871615	0.469750612495	0.256407510499	0.160458005391
kap-	0.00237953599048	0.988697204045	0.00416418798335	0.00475907198096
unu-	0.711679828615	0.0740884650928	0.056655885071	0.157575821222
sil-	0.0287480101133	0.883509691919	0.067234759809	0.020507538159
lal-	0.0774667797569	0.897087927622	0.0186598812553	0.00678541136556
abe-	0.214815381087	0.613790994572	0.13928598731	0.0321076370308
tiz-	0.437788377583	0.203574238849	0.0629272545457	0.295710129022
nis-	0.385784896173	0.234502679944	0.0708048643122	0.308907559571
-37-	0.410526315789	0.2	0.0	0.389473684211
ugh-	0.542962800904	0.191339573006	0.0332052761722	0.232492349918
nib-	0.279319463472	0.493516423997	0.128397107083	0.0987670054482
tik-	0.592492460179	0.25601840643	0.0417156119884	0.109773521403
rei-	0.305030730708	0.522194400182	0.0471204188481	0.125654450262
126-	0.0634920634921	0.126984126984	0.0	0.809523809524
600-	0.0765306122449	0.908163265306	0.015306122449	0.0
lik-	0.0461538461538	0.446153846154	0.507692307692	0.0
sau-	0.0253416731364	0.931269866846	0.00512692809117	0.0382615319261
zig-	0.170553868801	0.196223203607	0.0593430858405	0.573879841752
umo-	0.0290976271578	0.0494775128457	0.882628023786	0.0387968362104
pri-	0.00809170600134	0.983816587997	0.0	0.00809170600136
nan-	0.57433224944	0.146901956871	0.0294407409966	0.249325052693
tro-	0.0308908045977	0.958333333333	0.0	0.010775862069
ser-	0.780487804878	0.146341463415	0.0243902439024	0.0487804878049
aag-	0.112053248942	0.624539919507	0.00980358432803	0.253603247222
auu-	0.497350837882	0.313441600284	0.08698283577	0.102224726063
pop-	0.168747047826	0.316943860193	0.419277462852	0.0950316291285
gol-	0.0027776491829	0.883176704782	0.111267996852	0.0027776491829
ela-	0.0	1.0	0.0	0.0
iyo-	0.693873770215	0.150248358286	0.0335015392698	0.122376332229
yud-	0.0247049848958	0.841680685944	0.104978793088	0.0286355360721
fin-	0.141546526868	0.764089121887	0.0786369593709	0.0157273918742
nag-	0.376779300507	0.12016347637	0.0229882983412	0.480068924782
aen-	0.0	0.968992248062	0.031007751938	0.0
oot-	0.412244897959	0.428571428571	0.134693877551	0.0244897959183
sew-	0.215430083612	0.092055761213	0.00158326862037	0.690930886555
ŋor-	0.187780269058	0.783632286996	0.0	0.0285874439462
.-3-	0.295918367347	0.34693877551	0.0612244897959	0.295918367347
uso-	0.279186813013	0.581219780481	0.0398838304304	0.099709576076
kin-	0.0362647484232	0.861332427444	0.0319746164272	0.0704282077054
ave-	0.546522131888	0.40108401084	0.0469738030714	0.00542005420054
upa-	0.544937174722	0.31423371685	0.0805074378913	0.0603216705371
yoa-	0.0165843724719	0.943621502497	0.00616509052362	0.0336290345078
man-	0.197367269484	0.777694138575	0.0097585794553	0.0151800124861
men-	0.340909090909	0.659090909091	0.0	0.0
ava-	0.464385110831	0.235846870802	0.0932955756686	0.206472442698
iko-	0.297671410091	0.519534282018	0.103234152652	0.0795601552393
ain-	0.0272391505079	0.515235457064	0.454755309326	0.00277008310249
ŋar-	0.6067560943	0.141004501092	0.00802174784973	0.244217656758
tap-	0.17970843875	0.555018957843	0.161840672902	0.103431930505
uru-	0.89603960396	0.0	0.0148514851485	0.0891089108911
lup-	0.0338431786216	0.885744842944	0.0147679324894	0.0656440459447
mba-	0.0844566794836	0.739785155373	0.151333802122	0.0244243630216
bib-	0.328125	0.3046875	0.3046875	0.0625
mom-	0.0956937799043	0.832535885167	0.0717703349282	0.0
koo-	0.0778859917483	0.680456931152	0.23660501277	0.00505206432961
28+-	0.537037037037	0.259259259259	0.203703703704	0.0
iso-	0.195571389192	0.158439190881	0.0251277416785	0.620861678248
.-5-	0.561500790299	0.361542248594	0.0	0.0769569611069
4-1-	0.0	1.0	0.0	0.0
roi-	0.304902814041	0.369209941012	0.302485252877	0.0234019920704
pam-	0.390803734746	0.5669858582	0.0261575527587	0.0160528542958
vuz-	0.176532353327	0.587216170101	0.163407271296	0.0728442052762
laz-	0.268656716418	0.089552238806	0.0	0.641791044776
aza-	0.099757960936	0.833808371243	0.0278199938936	0.0386136739278
avo-	0.346284332761	0.406073583999	0.0769820754864	0.170660007754
maŋ-	0.011320754717	0.535849056604	0.430188679245	0.022641509434
buz-	0.0211124644742	0.766138855055	0.206252537556	0.00649614291514
yis-	0.0418212478921	0.891399662732	0.0613827993255	0.00539629005059
dru-	0.0322580645161	0.951612903226	0.016129032258	0.0
nil-	0.322063280795	0.153271884466	0.0511313007811	0.473533533957
lag-	0.549504863728	0.208483042678	0.0279846931324	0.214027400462
taw-	0.234851958335	0.041945904374	0.014100792383	0.709101344907
mon-	0.0837307004704	0.0793007705965	0.0548583752411	0.782110153692
aŋo-	0.227027027027	0.389189189189	0.259459459459	0.124324324324
tou-	0.393800229621	0.156142365098	0.0137772675086	0.436280137773
yop-	0.0611256056654	0.883712262393	0.0354081252329	0.0197540067089
ram-	0.212160833755	0.765506446903	0.0	0.0223327193426
eza-	0.15506909697	0.590381220018	0.127185309695	0.127364373317
pit-	0.0741616437322	0.642017226894	0.273255088734	0.0105660406393
vee-	0.108193883439	0.0657818811309	0.00519330640508	0.820830929025
ara-	0.347771702488	0.389070556593	0.149131584862	0.114026156058
las-	0.127353141302	0.782112345959	0.023814924019	0.06671958872
utu-	0.866995073892	0.133004926108	0.0	0.0
rin-	0.107831882985	0.559686477813	0.305523668456	0.0269579707462
eti-	0.00874635568513	0.737609329446	0.253644314869	0.0
laa-	0.283694905271	0.130460390694	0.0402473741043	0.54559732993
wik-	0.0296052631579	0.813048245614	0.030701754386	0.126644736842
bes-	0.0549247899077	0.879115801453	0.045936194091	0.0200232145486
sip-	0.0302630671237	0.950788021547	0.00091985006455	0.0180290612652
boz-	0.00842696629215	0.950842696629	0.0210674157303	0.0196629213483
pad-	0.0599494244588	0.11849250772	0.00725202053755	0.814306047284
yos-	0.0458790093382	0.939307151244	0.00526714290417	0.00954669651381
sea-	0.0	1.0	0.0	0.0
reb-	0.0526315789474	0.902255639098	0.0	0.0451127819549
deŋ-	0.136758214085	0.229176209978	0.379271130315	0.254794445622
igi-	0.503410341034	0.308168316832	0.0464796479648	0.141941694169
ema-	0.0168067226891	0.932773109244	0.0504201680672	0.0
zeb-	0.0	0.995837669095	0.00208116545265	0.00208116545265
pis-	0.0545769781866	0.230039529574	0.711170665689	0.00421282654987
rup-	0.0179640718563	0.892215568862	0.0898203592814	0.0
zol-	0.223801065719	0.537596210776	0.217288336294	0.0213143872113
diŋ-	0.210468738103	0.769952774632	0.0	0.0195784872654
nai-	0.0912240184757	0.811778290993	0.013856812933	0.0831408775982
pet-	0.0306007688533	0.95488099133	0.00147227220677	0.01304596761
sai-	0.113336003204	0.796155386464	0.0696836203444	0.020824989988
apo-	0.46023983816	0.402034788398	0.11377998395	0.0239453894918
yas-	0.0429799426935	0.894460362942	0.059694364852	0.00286532951289
doŋ-	0.0546748956439	0.918435811416	0.0075290020231	0.0193602909166
did-	0.0346168318074	0.942054433714	0.00526777875329	0.0180609557256
rit-	0.337385370015	0.216894696261	0.089284249553	0.356435684171
lot-	0.0	1.0	0.0	0.0
atu-	0.308516034077	0.546375981802	0.0864543014447	0.0586536826762
aro-	0.21010688168	0.47815488468	0.296549784361	0.0151884492781
awa-	0.794973828974	0.118067682495	0.0362914392042	0.0506670493274
ere-	0.55737704918	0.393442622951	0.0491803278689	0.0
ima-	0.493884589808	0.261943685656	0.169152932467	0.0750187920687
nay-	0.539293011554	0.272151874312	0.0746040803118	0.113951033822
sel-	0.0213523131673	0.957295373665	0.0213523131672	0.0
kao-	0.0200964630225	0.807475884244	0.172427652733	0.0
mbi-	0.0850690341154	0.779213787319	0.0264735467632	0.109243631803
sua-	0.0774444731103	0.130168632878	0.0189975842578	0.773389309754
gil-	0.307692307692	0.615384615385	0.0461538461538	0.0307692307692
rub-	0.0224448389551	0.942936850114	0.00266294699467	0.0319553639361
mik-	0.328671328671	0.671328671329	0.0	0.0
fes-	0.023429734463	0.955412505325	0.0106498793014	0.0105078809107
nam-	0.587674081424	0.193592367041	0.0567243830875	0.162009168447
lep-	0.364325797346	0.466923270725	0.0406274905008	0.128123441429
paz-	0.0645355407416	0.0428729580987	0.00895122445494	0.883640276705
tog-	0.254802831143	0.666329625885	0.0364004044489	0.0424671385237
iŋo-	0.498664292075	0.165627782725	0.260908281389	0.0747996438112
ilo-	0.575324793327	0.085421778987	0.018379855693	0.320873571993
dav-	0.0	0.987577050735	0.000853485064011	0.011569464201
van-	0.327868852459	0.295081967213	0.131147540984	0.245901639344
tae-	0.00223546944858	0.969821162444	0.0100596125186	0.0178837555887
now-	0.152978272651	0.39956643839	0.060600088683	0.386855200276
tan-	0.176927022224	0.0651467216584	0.00847378016734	0.74945247595
loo-	0.34618847403	0.159677850263	0.0238232139105	0.470310461796
bar-	0.0116822429907	0.970794392523	0.0128504672897	0.00467289719627
kav-	0.0258209745763	0.465439618644	0.502780720339	0.00595868644068
abo-	0.243029984219	0.683324566018	0.044187269858	0.0294581799053
aga-	0.28050372418	0.625662289795	0.0471665514858	0.0466674345389
ive-	0.594172107227	0.266301112633	0.0598179327968	0.0797088473433
mos-	0.108338354257	0.846374564167	0.0168406704661	0.0284464111099
niw-	0.789945655838	0.156856399261	0.019822808366	0.0333751365347
inu-	0.657810839532	0.247963159759	0.0665958200496	0.0276301806589
osa-	0.0594059405941	0.118811881188	0.821782178218	0.0
-10-	0.185567010309	0.783505154639	0.0309278350515	0.0
ŋoŋ-	0.106382978723	0.829787234043	0.063829787234	0.0
sii-	0.179156098686	0.551994466221	0.147106294674	0.12174314042
abu-	0.503602042318	0.338090254174	0.067682279036	0.0906254244718
-36-	0.244897959184	0.714285714286	0.0	0.0408163265306
bel-	0.179218687072	0.728956906967	0.0765203383004	0.0153040676601
boa-	0.027397260274	0.917808219178	0.0547945205479	0.0
vai-	0.156675629351	0.689707104246	0.0856024872324	0.068014779171
oli-	0.034141113607	0.916986514507	0.0342675621759	0.0146048097097
ton-	0.133892196271	0.0277416557618	0.00491921278725	0.83344693518
plm-	0.339943342776	0.441926345609	0.167138810198	0.0509915014164
rav-	0.307765132521	0.575061513276	0.0566720798106	0.0605012743924
lid-	0.0192926045016	0.980707395498	0.0	0.0
yaa-	0.183841130673	0.726043675813	0.0154725085106	0.0746426850034
asd-	0.0967741935484	0.838709677419	0.0322580645161	0.0322580645161
zet-	0.256900121017	0.407139390738	0.149551254093	0.186409234153
nak-	0.398684516594	0.412327776537	0.0970996345884	0.09188807228
ven-	0.328028698681	0.072470750858	0.0110779747532	0.588422575708
