-caa	0.12	0.8	0.0266666666667	0.0533333333334
-ãga	0.410196078431	0.312156862745	0.170196078431	0.107450980392
-ĩrĩ	0.351301925816	0.133632514488	0.028883826657	0.486181733039
-ũre	0.265294823291	0.616591307558	0.0276829380825	0.0904309310694
-épa	0.12	0.76	0.1	0.02
-eus	0.0233281493002	0.875583203733	0.101088646967	0.0
-épe	0.212926362222	0.403191089068	0.274224857838	0.109657690873
-cas	0.0248667850799	0.964476021314	0.0	0.0106571936057
-car	0.0	1.0	0.0	0.0
-ive	0.0	1.0	0.0	0.0
-rbe	0.0	1.0	0.0	0.0
-caz	0.0	1.0	0.0	0.0
-ugʉ	0.29587639713	0.353514836786	0.115479938413	0.235128827671
-átʉ	0.577361563518	0.147394136808	0.221498371335	0.0537459283387
-oye	0.0955372448871	0.695204972099	0.04981446339	0.159443319624
-áwo	0.456193353474	0.31419939577	0.012084592145	0.21752265861
-oya	0.405421475667	0.303697999555	0.0448478460388	0.246032678739
-ecã	0.319860261729	0.364928258756	0.0958691104452	0.21934236907
-áwa	0.640386278466	0.205606803113	0.09635341597	0.0576535024503
-idá	0.45282554072	0.485096319653	0.0620781396265	0.0
-aua	0.636174636175	0.251559251559	0.024948024948	0.0873180873181
-ecú	0.649635036496	0.175182481752	0.0875912408759	0.0875912408759
-oyu	0.289784946237	0.141935483871	0.387634408602	0.18064516129
-idú	0.486301369863	0.0	0.513698630137	0.0
-ecó	0.804248861912	0.146433990895	0.0151745068285	0.0341426403642
-iwʉ	0.485556555804	0.286665680899	0.0702662152231	0.157511548074
-ufo	0.0	1.0	0.0	0.0
-aum	0.0	1.0	0.0	0.0
-ecõ	0.0	1.0	0.0	0.0
-utí	0.286011682824	0.162368464662	0.140649598144	0.410970254371
-lta	0.0	1.0	0.0	0.0
-ṹũã	0.2	0.425974025974	0.0311688311689	0.342857142857
-ape	0.256248575262	0.449312883223	0.153580637017	0.140857904499
-tíi	0.357390482194	0.266939804601	0.263473053892	0.112196659313
-úña	0.0673778775968	0.36664795059	0.161706906232	0.404267265581
-tía	0.307416788172	0.174003557575	0.0943568012199	0.424222853033
-ũrí	0.224396533502	0.432234199958	0.234555062355	0.108814204185
-ũré	0.219019093972	0.416822663172	0.0349432172719	0.329215025583
-ãgã	0.188085251046	0.481601222356	0.253646395696	0.0766671309023
-dʉo	0.422150826154	0.403085722356	0.128159864426	0.046603587064
-ũrã	0.253477414297	0.320575366342	0.0604332320724	0.365513987288
-ãgõ	0.239282682513	0.482703735144	0.153331918506	0.124681663837
-ũrõ	0.369534555712	0.309943582511	0.118476727786	0.202045133992
-ido	0.118811881188	0.366336633663	0.138613861386	0.376237623762
-eco	0.0667464084764	0.674087822127	0.0702719461051	0.188893823292
-atú	0.632994620442	0.0645546921698	0.0155409444112	0.286909742977
-oyá	0.562743002191	0.260455628872	0.0243514080602	0.152449960877
-áwã	0.538098513055	0.121611686864	0.0129010837859	0.327388716295
-̃ãã	0.0	0.655555555556	0.0	0.344444444444
-rpe	0.111194365353	0.630750786753	0.17937958939	0.0786752585044
-̃mʉ	0.1250501002	0.708216432866	0.0344689378758	0.132264529058
-ida	0.0288978774864	0.94064676202	0.0304553604937	0.0
-auá	0.578181818182	0.229090909091	0.0327272727273	0.16
-ivo	0.0332982825096	0.948300035051	0.0131440588854	0.00525762355416
-oyú	0.46875	0.46875	0.03125	0.03125
-ecu	0.331472070803	0.255204210493	0.0469788707598	0.366344847944
-ẽpa	0.0	0.266816143498	0.141255605381	0.591928251121
-péa	0.30103480715	0.407337723424	0.159924741298	0.131702728128
-uta	0.0	1.0	0.0	0.0
-uti	0.332961273507	0.436474771443	0.0425711531456	0.187992801904
-áwi	0.524359281437	0.259592814371	0.0838323353293	0.132215568862
-igṍ	0.24780588539	0.257614868353	0.132163138875	0.362416107383
-péo	0.272479564033	0.451407811081	0.216167120799	0.0599455040872
-utu	0.1963807794	0.203536745829	0.457590430578	0.142492044193
-oyo	0.376415844539	0.392504961721	0.133782691113	0.0972965026273
-wai	0.121209696776	0.814905192415	0.00480038403072	0.0590847267781
-ʉye	0.302152351122	0.286351042043	0.0335300967755	0.377966510059
-ʉya	0.169539140934	0.270943976711	0.073216769829	0.486300112526
-̃cã	0.26326148754	0.30178052328	0.0942283517491	0.340729637431
-dán	0.0264680739133	0.897580061814	0.00690471493391	0.0690471493391
-ẽmʉ	0.589285714286	0.303571428571	0.0	0.107142857143
-ĩri	0.418649227647	0.438719134062	0.0710339384372	0.0715976998534
-ĩre	0.542410266694	0.273110086224	0.0942450370964	0.090234609986
-rán	0.16	0.84	0.0	0.0
-éña	0.448789571695	0.307262569832	0.0875232774674	0.156424581006
-áwĩ	0.743814982817	0.129154451711	0.00501024415993	0.122020321312
-aús	0.2	0.666666666667	0.0666666666667	0.0666666666667
-aúl	0.172413793103	0.770114942529	0.0	0.0574712643678
-cái	0.251082251082	0.645021645022	0.103896103896	0.0
-ʉoi	0.498829039813	0.187353629976	0.123861566485	0.189955763726
-̃ca	0.206896551724	0.103448275862	0.689655172414	0.0
-ʉoa	0.588570316784	0.106956506359	0.0203760369316	0.284097139926
-yaa	0.754891647381	0.145381864086	0.0208289501368	0.0788975383968
-agṍ	0.218206157965	0.55421686747	0.195448460509	0.0321285140563
-ĩrí	0.182600815587	0.405074762121	0.378794743996	0.0335296782963
-ĩré	0.277380750503	0.311982686919	0.0344808094511	0.376155753127
-ijã	0.556948500606	0.168459291972	0.224731106204	0.049861101218
-miṍ	0.101321826524	0.751010487219	0.0363229189426	0.111344767315
-ĩrã	0.309547804808	0.117993590016	0.0368164302714	0.535642174904
-ĩrõ	0.26170603855	0.380669439581	0.0556277983327	0.301996723536
-ĩyu	0.387774471406	0.33799379999	0.098066549499	0.176165179104
-õwã	0.575342465754	0.287671232877	0.13698630137	0.0
-õwá	0.469461697723	0.101966873706	0.0	0.428571428571
-ĩ́ĩ	0.411357844922	0.452129595923	0.0928285402257	0.0436840189297
-ade	0.253106111484	0.505120886501	0.131170248489	0.110602753526
-ada	0.394867018194	0.452265685218	0.0817592978114	0.071107998776
-ado	0.240147783251	0.645320197044	0.0332512315271	0.0812807881773
-quí	0.442397422354	0.154256280743	0.057215484184	0.346130812719
-adi	0.0	1.0	0.0	0.0
-lam	0.0	1.0	0.0	0.0
-́ãã	0.109289617486	0.713114754098	0.116120218579	0.061475409836
-̃́ã	0.0617189103056	0.0419834406395	0.00314273868959	0.893154910365
-ecʉ	0.265672782875	0.696100917431	0.0305810397554	0.00764525993882
-lao	0.356643356643	0.433566433566	0.0	0.20979020979
-̃ma	0.0689646532663	0.659686683746	0.0248047254254	0.246543937562
-uis	0.0	1.0	0.0	0.0
-eró	0.282485875706	0.494753833737	0.0839386602099	0.138821630347
-iwõ	0.316292754689	0.405243524405	0.00788104870485	0.270582672201
-erõ	0.185419968304	0.757527733756	0.0475435816165	0.00950871632329
-sea	0.319556847647	0.366292134831	0.0372593698437	0.276891647678
-uii	0.221112696148	0.414407988588	0.33452211127	0.0299572039943
-noĩ	0.776536312849	0.0977653631285	0.0837988826815	0.0418994413408
-iwá	0.232638297066	0.142681287048	0.026703028237	0.597977387648
-uim	0.0	1.0	0.0	0.0
-erí	0.16915167934	0.619707903083	0.0431079787476	0.168032438829
-uio	0.132882293575	0.693866108474	0.12278996748	0.0504616304714
-ẽpʉ	0.294530154278	0.473352033661	0.169004207574	0.0631136044881
-uia	0.899628252788	0.089219330855	0.0111524163569	0.0
-erá	0.21339824598	0.602572121118	0.029136885566	0.154892747336
-erã	0.156147633754	0.40451700333	0.107216256346	0.332119106571
-iwí	0.593422114609	0.0708905030939	0.0189669087974	0.3167204735
-blo	0.0434954093172	0.861221086686	0.00808798933583	0.0871955146607
-ugã	0.228346456693	0.708661417323	0.0629921259842	0.0
-átã	0.243684270389	0.278260507722	0.0516931920005	0.426362029889
-̃rĩ	0.100876793787	0.76055034738	0.0646673341221	0.073905524711
-éja	0.227956028443	0.281056763071	0.0426268036101	0.448360404876
-úaa	0.457777777778	0.302222222222	0.0533333333333	0.186666666667
-qui	0.423751335055	0.241318048875	0.0622448061475	0.272685809922
-wã́	0.540097909375	0.272378441018	0.0898507709772	0.0976728786302
-úai	0.481262327416	0.157790927022	0.337278106509	0.0236686390533
-zor	0.0	1.0	0.0	0.0
-áwʉ	0.506188581353	0.241409633522	0.0384945149164	0.213907270209
-see	0.656851642129	0.309173272933	0.0339750849377	0.0
-̃má	0.137041640771	0.428527035426	0.0130515848353	0.421379738968
-mán	0.0	0.543436905517	0.456563094483	0.0
-ras	0.102822580645	0.897177419355	0.0	0.0
-eri	0.272470049029	0.411255028531	0.0688468459017	0.247428076538
-iwa	0.478760953555	0.298508969103	0.0623380756389	0.160392001703
-ram	0.0	1.0	0.0	0.0
-ero	0.0726167419442	0.0525666172497	0.0152361460685	0.859580494738
-era	0.212203930001	0.591687279324	0.0651872127183	0.130921577956
-iwi	0.47046425416	0.296875959323	0.0688447277812	0.163815058736
-epʉ	0.10306352056	0.648055539045	0.0768988501246	0.17198209027
-iwo	0.292993630573	0.640127388535	0.0668789808917	0.0
-rac	0.0	1.0	0.0	0.0
-boa	0.0885608856089	0.889298892989	0.0221402214022	0.0
-átu	0.837837837838	0.0540540540541	0.108108108108	0.0
-õyo	0.194117647059	0.282352941176	0.0117647058823	0.511764705882
-õya	0.11673151751	0.743190661479	0.0466926070039	0.0933852140078
-ẽrẽ	0.166188844247	0.103233780735	0.00887076005446	0.721706614964
-áte	0.765765765766	0.0720720720721	0.0	0.162162162162
-áta	0.537815126051	0.348739495798	0.0504201680672	0.063025210084
-ugo	0.372807017544	0.552631578947	0.0394736842105	0.0350877192983
-aza	0.107142857143	0.892857142857	0.0	0.0
-áti	0.658990256864	0.108060230292	0.0345438441098	0.198405668733
-nor	0.0	1.0	0.0	0.0
-eói	0.95935828877	0.0181818181818	0.0	0.0224598930481
-eón	0.08322147651	0.868456375839	0.0	0.048322147651
-noo	0.250329160251	0.220113365022	0.077771082993	0.451786391734
-eóa	0.479491123023	0.270893371758	0.0318048110376	0.217810694181
-noc	0.0273348519362	0.958997722096	0.0	0.0136674259681
-dʉa	0.294172062905	0.641073080481	0.0647548566141	0.0
-fán	0.0318181818182	0.968181818182	0.0	0.0
-fás	0.0	1.0	0.0	0.0
-yáa	0.0603387895924	0.279021505097	0.0267711224675	0.633868582843
-yái	0.176079020829	0.666094051965	0.0483143654713	0.109512561735
-́pũ	0.199438202247	0.564606741573	0.134831460674	0.101123595506
-toa	0.294670339986	0.246535888357	0.021903111115	0.436890660543
-too	0.123159210217	0.0841661269347	0.0171065569675	0.775568105881
-doa	0.182741116751	0.121827411167	0.314720812183	0.380710659899
-́jã	0.149896208893	0.417240249099	0.290615098875	0.142248443133
-ãrẽ	0.0942302054671	0.14366797584	0.0327621641326	0.72933965456
-tor	0.2466367713	0.69730941704	0.0560538116592	0.0
-tos	0.0435116876318	0.0732583056614	0.0217558438159	0.861474162891
-̃ré	0.238999683444	0.434947768281	0.307059195948	0.0189933523266
-̃rã	0.150733587381	0.161911902718	0.0672544160524	0.620100093848
-iel	0.0589139818811	0.934416510736	0.0	0.00666950738277
-ien	0.0232599118943	0.741497797357	0.0301321585903	0.205110132159
-égo	0.372302158273	0.217625899281	0.302158273381	0.107913669065
-iez	0.0898876404494	0.0505617977528	0.0224719101123	0.837078651685
-ñee	0.591131998365	0.124438087454	0.0016346546792	0.282795259501
-roa	0.0347624565469	0.88180764774	0.0	0.0834298957126
-rom	0.0	1.0	0.0	0.0
-íra	0.551253406557	0.185218922577	0.0404295980512	0.223098072815
-noé	0.0	1.0	0.0	0.0
-iwĩ	0.399762701856	0.0455185102364	0.006498527419	0.548220260489
-noã	0.302845418412	0.173330952022	0.0270101610086	0.496813468557
-ẽma	0.302939412118	0.661067786443	0.0	0.0359928014397
-tĩã	0.0719433247832	0.660406742397	0.218639306217	0.0490106266031
-tia	0.349479559577	0.377774948218	0.0532003052437	0.219545186962
-ĩ́ã	0.284547124332	0.299763233704	0.25475982206	0.160929819904
-toá	0.0609391019069	0.763256100061	0.0741029321304	0.101701865901
-́ja	0.378983634798	0.419681309216	0.0753660637382	0.125968992248
-õwĩ	0.530754689545	0.3260142504	0.00436236731133	0.138868692744
-uéi	0.3359375	0.292410714286	0.318080357143	0.0535714285715
-eca	0.114982578397	0.87456445993	0.0104529616725	0.0
-urĩ	0.409215395141	0.459420532361	0.0732436250723	0.0581204474258
-ódo	0.326635056823	0.546925566343	0.126439376834	0.0
-itú	0.586319218241	0.355048859935	0.0195439739414	0.0390879478827
-lem	0.0	1.0	0.0	0.0
-̃ne	0.586750788643	0.400630914827	0.0	0.0126182965299
-lea	0.00854479362922	0.965925884421	0.0154436638954	0.0100856580542
-itõ	0.318918918919	0.418018018018	0.263063063063	0.0
-itó	0.0869107373589	0.622893892089	0.149017736191	0.141177634362
-leg	0.0	1.0	0.0	0.0
-ití	0.76	0.09	0.09	0.06
-ágo	0.466947115385	0.392427884615	0.122596153846	0.0180288461539
-esã	0.354237732879	0.547362896877	0.015743899239	0.0826554710051
-acó	0.220830586684	0.454845088991	0.305207646671	0.0191166776532
-ága	0.351557945197	0.338472501134	0.133769514802	0.176200038868
-les	0.0384615384615	0.961538461538	0.0	0.0
-itá	0.190223453483	0.588388366245	0.0662115648744	0.155176615398
-ṹrõ	0.631578947368	0.113360323887	0.0728744939271	0.182186234818
-íwo	0.28813559322	0.412429378531	0.276836158192	0.0225988700565
-udá	0.0	1.0	0.0	0.0
-íwi	0.239914605418	0.532243816254	0.101958186101	0.125883392226
-íwa	0.566989449342	0.296177193236	0.0337837837838	0.103049573638
-õná	0.131133958623	0.701460987816	0.122414945416	0.0449901081445
-ãpʉ	0.350937612621	0.385635655767	0.0317375304848	0.231689201127
-ãwõ	0.469158127386	0.383463934097	0.0660036166365	0.0813743218807
-pee	0.0858291567065	0.143372081788	0.471594036071	0.299204725435
-pea	0.0934737126274	0.815752176554	0.0180535870959	0.0727205237227
-peo	0.668975166142	0.253899965023	0.0550891920252	0.0220356768101
-pei	0.662921348315	0.269662921348	0.0674157303371	0.0
-sĩĩ	0.522621340255	0.206950607981	0.0719621907766	0.198465860988
-ãwá	0.0396444584284	0.76496499646	0.129316447731	0.0660740973806
-áwõ	0.178173719376	0.447661469933	0.160356347439	0.213808463252
-ãwã	0.53395409578	0.260711282849	0.0778368128232	0.127497808548
-ãwé	0.962962962963	0.037037037037	0.0	0.0
-íoa	0.060580665758	0.682039758844	0.0912623862674	0.166117189131
-úyo	0.257061780144	0.742938219856	0.0	0.0
-itu	0.0151076592924	0.960527222104	0.0153290954334	0.00903602317017
-ágõ	0.609567901235	0.282407407407	0.108024691358	0.0
-ito	0.208223466148	0.530443358657	0.125724770435	0.13560840476
-eso	0.0138195777351	0.960844529751	0.0138195777351	0.0115163147793
-iti	0.621327130264	0.140426052889	0.0102840352595	0.227962781587
-ágã	0.113714679531	0.886285320469	0.0	0.0
-esa	0.188235294118	0.354808590103	0.0569561157796	0.4
-ite	0.397310123427	0.244624567141	0.0568084385157	0.301256870916
-ese	0.318938533787	0.520807103367	0.046013628936	0.11424073391
-ita	0.113540755988	0.448141373963	0.0289581456015	0.409359724447
-eyé	0.160591722778	0.151281664771	0.288533717376	0.399592895076
-spe	0.066	0.838	0.096	0.0
-spo	0.0	1.0	0.0	0.0
-fas	0.102189781022	0.86496350365	0.0109489051095	0.0218978102189
-uda	0.119811724433	0.751818570817	0.0513478818999	0.0770218228498
-fat	0.0	1.0	0.0	0.0
-ṹre	0.540816326531	0.459183673469	0.0	0.0
-íwã	0.374967715274	0.370112092567	0.141019680768	0.11390051139
-ĩpũ	0.0131021971377	0.739770207619	0.0665188470067	0.180608748236
-áma	0.724770642202	0.275229357798	0.0	0.0
-rii	0.581756905356	0.164199646024	0.0836635549534	0.170379893667
-oco	0.176486360696	0.619047224968	0.0421056359988	0.162360778337
-ogó	0.207512874886	0.26779763708	0.0866404119963	0.438049076038
-ogõ	0.0342679127726	0.956831330663	0.0089007565643	0.0
-ael	0.0828085642318	0.867443324937	0.0125944584383	0.0371536523929
-ãwa	0.57968151341	0.11792085728	0.0126466714559	0.289750957854
-peó	0.477280051563	0.463100225588	0.00451176281018	0.0551079600387
-ogá	0.597300827166	0.0807575097954	0.0420113191119	0.279930343927
-ogã	0.108784534391	0.169954938492	0.241637498078	0.479623029039
-ẽñe	0.0758240600976	0.118124056587	0.0063186716748	0.79973321164
-tee	0.0866010115345	0.0429871739313	0.020153726999	0.850258087535
-ówĩ	0.630111524164	0.234200743494	0.0464684014869	0.089219330855
-tṍĩ	0.041958041958	0.895104895105	0.0629370629371	0.0
-̃sã	0.0867210749794	0.110144249752	0.00299641835367	0.800138256915
-éri	0.329275296514	0.389949118885	0.0926835194175	0.188092065184
-eas	0.0140845070422	0.93661971831	0.00704225352113	0.0422535211267
-taʉ	0.532169746749	0.284166096281	0.0558977869039	0.127766370066
-eaa	0.473723168024	0.40784603997	0.0384900074019	0.079940784604
-rne	0.211100069927	0.788899930073	0.0	0.0
-rna	0.0	1.0	0.0	0.0
-eai	0.423546302943	0.444843263939	0.0717875089735	0.0598229241445
-rni	0.0	1.0	0.0	0.0
-uri	0.305604112638	0.464782779476	0.112877032028	0.116736075858
-ĩpé	0.149937688233	0.217914766025	0.0415212059723	0.590626339769
-uro	0.388321245169	0.312298162952	0.137116840489	0.16226375139
-ura	0.436665036829	0.373846627025	0.0616906673397	0.127797668806
-muĩ	0.0480769230769	0.403846153846	0.432692307692	0.115384615385
-ure	0.210311935598	0.586872748065	0.121241933874	0.0815733824638
-cã́	0.445674907527	0.239536900851	0.0442834085095	0.270504783112
-ocṹ	0.277777777778	0.666666666667	0.0555555555556	0.0
-íwĩ	0.547231270358	0.0488599348534	0.0912052117263	0.312703583062
-ũpũ	0.457142857143	0.285714285714	0.0285714285714	0.228571428571
-ówʉ	0.199794026777	0.410916580844	0.290422245108	0.0988671472709
-ipṹ	0.200686106346	0.713550600343	0.0720411663808	0.0137221269296
-rdo	0.0514579759863	0.781303602058	0.167238421955	0.0
-zín	0.0	1.0	0.0	0.0
-sĩã	0.650867262108	0.176178278786	0.0339507677272	0.139003691379
-éwʉ	0.271739130435	0.519927536232	0.0271739130435	0.18115942029
-ãwĩ	0.528653210712	0.233534228449	0.0434201663536	0.194392394485
-uré	0.0546226137638	0.380764713474	0.0923636362764	0.472249036486
-urí	0.264234403199	0.582893945292	0.0966063908843	0.056265260625
-urá	0.448381185095	0.277947464875	0.0366524129505	0.23701893708
-urã	0.266514806378	0.21867881549	0.46013667426	0.0546697038724
-ĩpe	0.117600824854	0.195387241811	0.123643554985	0.563368378351
-rẽ́	0.189424623724	0.422012431163	0.0358032691493	0.352759675963
-itĩ	0.415424164524	0.566580976864	0.0	0.0179948586118
-uró	0.229431978977	0.529512836062	0.120780270871	0.120274914089
-urõ	0.150620637676	0.0997981000587	0.0920946149248	0.65748664734
-ṹrĩ	0.342857142857	0.342857142857	0.0571428571429	0.257142857143
-lón	0.0677966101695	0.932203389831	0.0	0.0
-ĩña	0.459607390103	0.160470314523	0.0547309726105	0.325191322764
-éwĩ	0.730383619675	0.162767710049	0.0150623676159	0.0917863026594
-ãwʉ	0.0423892100192	0.666666666667	0.210019267823	0.0809248554913
-́ye	0.483526934311	0.394108190114	0.0459660802029	0.0763987953717
-́ya	0.322363543418	0.518556895456	0.0933086452042	0.0657709159213
-́yi	0.276729559748	0.251572327044	0.22641509434	0.245283018868
-ajã	0.692421991085	0.2852897474	0.0222882615156	0.0
-́yu	0.655103863066	0.120828208973	0.0386222349512	0.18544569301
-ãpá	0.267379679144	0.711229946524	0.0213903743315	0.0
-lre	0.208293883734	0.766710850218	0.0	0.024995266048
-ãpé	0.140700865527	0.31750052776	0.0425374709732	0.49926113574
-ʉmo	0.0347722098291	0.936572913552	0.00949796472184	0.0191569118966
-nóã	0.478314758666	0.372725969024	0.100282717365	0.0486765549455
-spʉ	0.0152071980738	0.963249271322	0.0164744645799	0.00506906602457
-móĩ	0.886810352001	0.113189647999	0.0	0.0
-coo	0.0626463306081	0.110048097422	0.00590932551407	0.821396246456
-ojã	0.436730256475	0.208870302184	0.0488826815643	0.305516759776
-sĩ́	0.401394422311	0.298804780876	0.246015936255	0.0537848605578
-ũpʉ	0.471096845693	0.430004774501	0.00219557330601	0.0967028065003
-níã	0.178941137319	0.204351014422	0.141215068045	0.475492780214
-ãĩã	0.646401985112	0.164392059553	0.059553349876	0.129652605459
-ñuĩ	0.588752196837	0.294083186878	0.0702987697715	0.0468658465144
-ría	0.239898298823	0.469657165979	0.0463228771021	0.244121658096
-itʉ	0.488203085661	0.217175726618	0.0746238188342	0.219997368887
-ríi	0.509303625788	0.220739401208	0.0449385552166	0.225018417787
-cãã	0.30441844822	0.393995134171	0.210663329599	0.0909230880108
-cṍĩ	0.604265402844	0.125592417062	0.0355450236967	0.234597156398
-ogʉ	0.504425542739	0.318361589542	0.0896423877813	0.087570479938
-ĩñá	0.442370379281	0.47340804414	0.0136687476744	0.0705528289052
-áda	0.414307060639	0.228836706099	0.0803101112037	0.276546122058
-aja	0.197952595737	0.607499778898	0.0800168037498	0.114530821615
-nós	0.0	1.0	0.0	0.0
-nón	0.0425531914894	0.914893617021	0.0425531914894	0.0
-ãpe	0.186327891853	0.11567966935	0.0298797287012	0.668112710096
-ópʉ	0.17483198146	0.649571263036	0.0327230590962	0.142873696408
-iiĩ	0.654149365676	0.073255318474	0.00128605343638	0.271309262414
-lda	0.00821355236138	0.663244353183	0.328542094456	0.0
-óea	0.0648298217179	0.935170178282	0.0	0.0
-fre	0.0636692343971	0.893884609338	0.0424461562647	0.0
-íwʉ	0.378623392964	0.339264110464	0.115045247044	0.167067249528
-ẽjã	0.523279232318	0.247600995143	0.107096315602	0.122023456936
-ágʉ	0.475114215363	0.273212614622	0.0669563836847	0.18471678633
-íto	0.220685532757	0.478959432523	0.16450183061	0.13585320411
-usa	0.172131147541	0.668032786885	0.0	0.159836065574
-món	0.00393872008009	0.990891709815	0.0	0.00516957010511
-use	0.672811059908	0.216589861751	0.0552995391705	0.0552995391705
-mós	0.0	1.0	0.0	0.0
-ʉpe	0.367969870492	0.249522705407	0.117938294695	0.264569129406
-eru	0.227415048944	0.522297806132	0.0316403546356	0.218646790289
-ĩpʉ	0.22087055912	0.648720699276	0.0260676576951	0.104341083909
-epa	0.0847996851062	0.540556911136	0.0397247736223	0.334918630135
-ros	0.0558789289872	0.798253783469	0.0139697322468	0.131897555297
-tpʉ	0.094515029439	0.877595289743	0.0	0.0278896808181
-wio	0.00387847446671	0.934065934066	0.00775694893341	0.0542986425339
-cṍã	0.282494816972	0.717505183028	0.0	0.0
-wii	0.104410313976	0.656127904322	0.0170814869161	0.222380294786
-wia	0.0145739910314	0.945067264574	0.00168161434978	0.0386771300448
-éwa	0.338634600465	0.620636152056	0.0174553917766	0.0232738557021
-éwi	0.294762484775	0.5119772635	0.166463662201	0.026796589525
-éwo	0.0	0.6	0.4	0.0
-iud	0.0	1.0	0.0	0.0
-ówa	0.16955017301	0.698961937716	0.0934256055363	0.038062283737
-cui	0.394744779582	0.202511600928	0.319506960557	0.0832366589328
-éeã	0.576923076923	0.252622377622	0.170454545455	0.0
-ówi	0.692307692308	0.0961538461538	0.0384615384616	0.173076923077
-enó	0.151985849567	0.332403874376	0.10408138044	0.411528895617
-uel	0.0195577162175	0.960884567565	0.00782308648702	0.0117346297305
-ueo	0.0	0.974522292994	0.0254777070064	0.0
-uei	0.284397979977	0.30628156286	0.0398688756977	0.369451581465
-ũgõ	0.064	0.936	0.0	0.0
-uea	0.324270106784	0.487624220727	0.0385778655639	0.149527806925
-móã	0.426170008866	0.416613010933	0.100793267894	0.0564237123072
-iii	0.38716431974	0.109287247328	0.0224347709036	0.481113662028
-iia	0.583593508147	0.0864261038128	0.0124436853056	0.317536702734
-ũrĩ	0.508993523435	0.272802265263	0.0493799686915	0.16882424261
-ñuã	0.361368142398	0.277829768058	0.184193598898	0.176608490646
-aín	0.015132408575	0.894073139975	0.0	0.0907944514501
-epá	0.0769847634323	0.440256615878	0.346431435445	0.136327185245
-epé	0.505340331244	0.275940939817	0.115792268262	0.102926460678
-tam	0.0	1.0	0.0	0.0
-wií	0.257282728911	0.403647492356	0.0333371126989	0.305732666034
-ã́õ	0.861846814603	0.133858267716	0.00429491768074	0.0
-jĩĩ	0.180822482897	0.0549574062587	0.00184044053058	0.762379670314
-ãbú	0.528	0.472	0.0	0.0
-tat	0.0	1.0	0.0	0.0
-tar	0.0	1.0	0.0	0.0
-tas	0.0690528724361	0.910381084688	0.00558415733704	0.0149818855384
-õgõ	0.105405405405	0.132432432432	0.762162162162	0.0
-ówã	0.0714285714286	0.630952380952	0.047619047619	0.25
-ówõ	0.435261707989	0.404958677686	0.0247933884297	0.134986225895
-ãña	0.454138231067	0.278370591484	0.108419517336	0.159071660112
-eno	0.407472226449	0.376046263887	0.193653933952	0.0228275757114
-õgã	0.22521294957	0.529589334004	0.0887784835335	0.156419232892
-eni	0.44418872267	0.238204833142	0.0690448791714	0.248561565017
-õgá	0.269662921348	0.475655430712	0.164794007491	0.0898876404494
-ãpĩ	0.0806688837445	0.166856936089	0.101577722532	0.650896457634
-nóĩ	0.175824175824	0.395604395604	0.032967032967	0.395604395604
-ãño	0.761061946903	0.238938053097	0.0	0.0
-ena	0.200154418446	0.380751004083	0.0658693785337	0.353225198938
-ãcũ	0.278680322562	0.306727882748	0.22499852846	0.189593266231
-deó	0.364715189873	0.360759493671	0.0551160337553	0.2194092827
-ĩga	0.0	0.839572192513	0.160427807487	0.0
-biá	0.232742537313	0.137593283582	0.159514925373	0.470149253731
-rẽã	0.113162756724	0.220680802612	0.122110509581	0.544045931082
-pua	0.414788554064	0.420359584705	0.0519962859796	0.112855575251
-ʉcʉ	0.135386819484	0.142908309456	0.587750716332	0.133954154728
-eña	0.555322364003	0.311198791135	0.0982202820685	0.0352585627938
-nam	0.0	1.0	0.0	0.0
-ígã	0.202557840786	0.123221225022	0.0118465646278	0.662374369564
-sei	0.616522004623	0.185458193397	0.0248615169887	0.173158284991
-ígõ	0.223753546818	0.27563842724	0.417511147142	0.0830968788002
-dea	0.408967231852	0.377650756457	0.0273717138904	0.1860102978
-dec	0.0286944045911	0.904591104735	0.0	0.0667144906743
-dee	0.30985915493	0.214006259781	0.098200312989	0.377934272301
-dei	0.592827583962	0.256032755883	0.0272815271036	0.123858133051
-acṹ	0.3066439523	0.6933560477	0.0	0.0
-deo	0.000621375310688	0.999378624689	0.0	0.0
-des	0.0173966434711	0.892720698595	0.0460499386001	0.0438327193341
-ũri	0.134516581037	0.493694535264	0.0476412891173	0.324147594582
-ĩgõ	0.336251337419	0.25960509678	0.0442563952923	0.359887170509
-bia	0.25667798149	0.600321905018	0.125666766402	0.0173333470899
-rra	0.030870681606	0.955007002801	0.00887021475255	0.00525210084033
-ũña	0.385299255229	0.183854904449	0.0502307311266	0.380615109195
-lux	0.188470066519	0.789356984479	0.0221729490022	0.0
-mes	0.0	1.0	0.0	0.0
-íga	0.426169391019	0.217259002068	0.0998712597044	0.256700347209
-mee	0.0856324641771	0.0351051945312	0.0103067467688	0.868955594523
-mea	0.0	1.0	0.0	0.0
-mec	0.0	1.0	0.0	0.0
-meo	0.225705329153	0.774294670847	0.0	0.0
-mei	0.0	1.0	0.0	0.0
-aye	0.265669008719	0.514531897385	0.118596633397	0.101202460499
-oce	0.00654664484452	0.0124697997038	0.0	0.980983555452
-aya	0.506559678256	0.342124501966	0.0462471592156	0.105068660562
-ãco	0.313504581643	0.49496770317	0.129938410695	0.0615893044915
-goá	0.186085498743	0.387259010897	0.205364626991	0.22129086337
-ayo	0.116448326055	0.592430858806	0.247155630811	0.043965184327
-étu	0.798993282643	0.156342496588	0.0446642207688	0.0
-ayi	0.502107612199	0.417307215472	0.0334738408133	0.047111331515
-ayu	0.454954617058	0.287975395694	0.0826644662815	0.174405520966
-ucʉ	0.116836238566	0.761445846049	0.0415806543241	0.0801372610611
-́gõ	0.350206314898	0.41999062892	0.108130167319	0.121672888862
-tóa	0.547199458846	0.275361297642	0.0731403124317	0.10429893108
-ãcu	0.32541681142	0.482943139909	0.111781688964	0.0798583597074
-irṍ	0.130743973428	0.125840303019	0.0549117282903	0.688503995263
-ópe	0.645166262089	0.325973875852	0.00323662004393	0.0256232420144
-ãmí	0.618395117433	0.301811964188	0.0199482295946	0.0598446887839
-ãmé	0.139977912755	0.308393152954	0.0397570403092	0.511871893981
-õda	0.435114503817	0.24427480916	0.0	0.320610687023
-ãmó	0.506787330317	0.149321266968	0.235294117647	0.108597285068
-égʉ	0.34934383364	0.303902463091	0.207534195888	0.139219507382
-õré	0.142798343161	0.549362473622	0.0773569832489	0.230482199968
-tán	0.0	1.0	0.0	0.0
-õrí	0.574327304808	0.298632554036	0.0158800176445	0.111160123511
-õrã	0.226792937515	0.288449879605	0.205132584943	0.279624597936
-táa	0.197886434017	0.721917484829	0.0158309147213	0.0643651664329
-upá	0.0040650406504	0.991869918699	0.0	0.0040650406504
-búa	0.103126122889	0.764822134387	0.0	0.132051742724
-õrõ	0.202077728488	0.40957078813	0.0909150222685	0.297436461114
-upé	0.0207952468007	0.692260816575	0.0018281535649	0.285115783059
-ayá	0.382652198898	0.56951627624	0.0160565189467	0.0317750059156
-goa	0.290772897514	0.45216207014	0.124616956078	0.132448076268
-ãcã	0.17016200873	0.141096322343	0.0538049428494	0.634936726077
-étõ	0.568965517241	0.198275862069	0.181034482759	0.051724137931
-ayé	0.61780104712	0.38219895288	0.0	0.0
-gog	0.0196078431373	0.950980392157	0.0294117647059	0.0
-ãcú	0.510216455466	0.28860728794	0.188443582126	0.012732674468
-ãcó	0.0535519125683	0.808743169399	0.122404371585	0.0153005464481
-ãme	0.210488492161	0.578474573066	0.0239045331618	0.187132401611
-coi	0.49074893974	0.390175700238	0.0172437899054	0.101831570117
-ãma	0.171358142494	0.596930661578	0.0353053435114	0.196405852417
-mpʉ	0.00349040139616	0.996509598604	0.0	0.0
-coe	0.439545758183	0.215764863059	0.0	0.344689378757
-írʉ	0.490094064763	0.358403396321	0.0990593523682	0.0524431865479
-coa	0.507852911505	0.29652363656	0.0517029774382	0.143920474496
-eor	0.124095139607	0.875904860393	0.0	0.0
-ãmi	0.105465625299	0.851043395196	0.0163091173143	0.0271818621905
-cob	0.0	0.982985821518	0.0	0.0170141784821
-ógʉ	0.620716817645	0.206774320599	0.0897991335171	0.0827097282395
-eoa	0.0	1.0	0.0	0.0
-cor	0.0	1.0	0.0	0.0
-õri	0.0944350758853	0.777192242833	0.0752529510961	0.0531197301855
-upu	0.0509964830011	0.799531066823	0.0492379835873	0.100234466588
-guẽ	0.0	0.192660550459	0.807339449541	0.0
-õre	0.257823996861	0.502599823408	0.0806435789267	0.158932600805
-irẽ	0.104480206626	0.845974271097	0.0052153181344	0.0443302041424
-sáa	0.19888274345	0.107749582611	0.0574651252957	0.635902548643
-upe	0.450597176982	0.225298588491	0.0798045602606	0.244299674267
-ame	0.0171610169491	0.94936440678	0.00127118644068	0.0322033898305
-ígʉ	0.506733996952	0.176972119199	0.0391948947918	0.277098989058
-ĩjã	0.2632524708	0.159928122192	0.0323450134771	0.544474393531
-írĩ	0.237711258834	0.280441594881	0.432285725524	0.0495614207607
-ṍya	0.289296046287	0.551591128255	0.0	0.159112825458
-ṍye	0.653846153846	0.230769230769	0.115384615385	0.0
-pta	0.0	1.0	0.0	0.0
-pto	0.00924143242201	0.759722757027	0.217173661918	0.013862148633
-tra	0.0	1.0	0.0	0.0
-gaa	0.303507194245	0.402428057554	0.141636690647	0.152428057554
-orẽ	0.394088095387	0.413710046933	0.0647827591778	0.127419098502
-ʉcõ	0.600202910782	0.197110765943	0.0719615008215	0.130724822453
-gai	0.347650328449	0.358767054068	0.179383527034	0.11419909045
-gau	0.0	1.0	0.0	0.0
-gar	0.13230429989	0.845644983462	0.0220507166483	0.0
-ʉcã	0.3189563829	0.099662128732	0.018948677787	0.562432810581
-ino	0.235457705678	0.723638470452	0.0151796060255	0.0257242178447
-ina	0.0	0.859259259259	0.140740740741	0.0
-iiã	0.696069538617	0.0286094327127	0.00102279623046	0.27429823244
-ʉã́	0.0368389285491	0.784023976523	0.0112389951506	0.167898099777
-cũĩ	0.566799317794	0.334280841387	0.0392268334281	0.0596930073906
-dón	0.0	1.0	0.0	0.0
-són	0.0	1.0	0.0	0.0
-ãrĩ	0.353281203618	0.374506422355	0.068022226654	0.204190147372
-ũwĩ	0.560538116592	0.242152466368	0.0385650224215	0.158744394619
-dru	0.0254237288136	0.923728813559	0.0508474576271	0.0
-ʉcu	0.0	0.942583732057	0.0574162679426	0.0
-ída	0.0327149884431	0.626978012209	0.340306999348	0.0
-ʉco	0.22	0.72	0.06	0.0
-dro	0.00673739252854	0.942782442556	0.00241339433858	0.0480667705767
-ʉca	0.397456620382	0.441342577265	0.0368069485287	0.124393853824
-ũjã	0.690727699531	0.148474178404	0.0305164319249	0.130281690141
-epe	0.356313506897	0.389126171423	0.14079742287	0.11376289881
-orṍ	0.101560665721	0.0189743605656	0.251729619758	0.627735353955
-inó	0.0428477257746	0.709953856295	0.049439683586	0.197758734344
-aén	0.0	0.964705882353	0.0352941176471	0.0
-cói	0.444444444444	0.52380952381	0.031746031746	0.0
-ucũ	0.429616626216	0.506232474846	0.0116637998068	0.0524870991305
-cóa	0.357142857143	0.428571428571	0.214285714286	0.0
-ája	0.264108352144	0.654627539503	0.0270880361174	0.0541760722348
-ãri	0.252579896008	0.48838110857	0.058991453327	0.200047542096
-ãre	0.208900756035	0.488536574729	0.14215797048	0.160404698756
-upʉ	0.200392831317	0.697646920867	0.075380616413	0.0265796314031
-sas	0.0689655172414	0.83908045977	0.0	0.0919540229885
-sar	0.0	0.906479625919	0.0400801603205	0.0534402137608
-íre	0.237746996983	0.444619764798	0.258218535246	0.0594147029737
-ũwõ	0.297520661157	0.301652892562	0.301652892562	0.099173553719
-íri	0.478891469481	0.286651575934	0.152884506793	0.0815724477921
-mpe	0.451257861635	0.283018867925	0.117924528302	0.147798742138
-ãmʉ	0.777854136243	0.12112361481	0.0278326604244	0.0731895885233
-íro	0.200878008283	0.134685782435	0.0764651627816	0.5879710465
-ũwã	0.586833365892	0.315491306896	0.0273490916195	0.0703262355928
-oli	0.0	1.0	0.0	0.0
-saa	0.191994572592	0.24881275441	0.100746268657	0.458446404342
-sai	0.302764976958	0.525576036866	0.0552995391705	0.116359447005
-sam	0.0	1.0	0.0	0.0
-ucú	0.276892430279	0.109561752988	0.221115537849	0.392430278884
-naí	0.0	1.0	0.0	0.0
-ucã	0.157894736842	0.684210526316	0.0789473684211	0.0789473684211
-ṍrẽ	0.143705951139	0.680762302077	0.114218893208	0.0613128535761
-cãĩ	0.432276657061	0.325648414986	0.0864553314121	0.155619596542
-húm	0.0	1.0	0.0	0.0
-úmi	0.189973614776	0.55672823219	0.0633245382585	0.189973614776
-gáa	0.45892329236	0.232223432395	0.0739069550334	0.234946320212
-cũã	0.354131151267	0.24252755995	0.0904648255483	0.312876463234
-ãrõ	0.437574437728	0.302821537581	0.084065481445	0.175538543246
-gái	0.944567627494	0.0554323725055	0.0	0.0
-ãrí	0.0850536418982	0.83865786186	0.0053542744958	0.0709342217463
-ãré	0.119968404671	0.782735185779	0.0728960560582	0.0244003534923
-árẽ	0.23871597056	0.653099228518	0.0682805710739	0.0399042298483
-ãrã	0.104996584249	0.133046424406	0.0249102519494	0.737046739395
-írã	0.309963140347	0.211855601001	0.449253703133	0.0289275555188
-saú	0.390570021112	0.441590429275	0.0457424349049	0.122097114708
-ũwa	0.890909090909	0.0363636363636	0.0727272727273	0.0
-írõ	0.242092851266	0.427577824045	0.0430033354223	0.287325989266
-ógã	0.430327868853	0.225409836066	0.245901639344	0.0983606557377
-saí	0.0	0.995319812793	0.0	0.00468018720749
-ayʉ	0.0782004247924	0.615949024908	0.270322456073	0.0355280942267
-ucu	0.392907830683	0.391460338385	0.119035338141	0.0965964927903
-uco	0.566037735849	0.433962264151	0.0	0.0
-ion	0.0	0.754794520548	0.245205479452	0.0
-ioa	0.214925373134	0.662686567164	0.0223880597015	0.1
-ĩwa	0.235234215886	0.56517311609	0.0	0.199592668024
-rya	0.0689995071464	0.903072120913	0.0197141448989	0.00821422704124
-ʉrí	0.46214584301	0.501625638644	0.0222944728286	0.0139340455179
-ʉré	0.236356548379	0.581124482917	0.0291822435721	0.153336725131
-ʉrá	0.516918207033	0.128233941228	0.0114381901131	0.343409661626
-uãĩ	0.466666666667	0.0666666666666	0.466666666667	0.0
-ʉró	0.358465608466	0.419312169312	0.174603174603	0.047619047619
-́rĩ	0.274178484705	0.367699757173	0.158784142995	0.199337615127
-yʉʉ	0.0279753213154	0.0305420251034	0.0013687047238	0.940113948857
-cʉʉ	0.334672949002	0.287001108647	0.194013303769	0.184312638581
-ãna	0.698310621514	0.260159892184	0.00922877473365	0.0323007115678
-cho	0.0961235423889	0.0488496690829	0.139457926253	0.715568862276
-iyu	0.520833333333	0.264880952381	0.0744047619048	0.139880952381
-ãni	0.110179456312	0.273222934573	0.0117934432655	0.60480416585
-ãno	0.237737924418	0.21914560168	0.0468575161993	0.496258957702
-ncã	0.297954671089	0.604016952276	0.0386954118298	0.0593329648056
-iyo	0.258421867412	0.404792045461	0.0259909300154	0.310795157112
-elo	0.0	1.0	0.0	0.0
-iye	0.437996062456	0.369324302572	0.0358836567155	0.156795978257
-ela	0.0	1.0	0.0	0.0
-iya	0.462716825439	0.337066950701	0.0848391581256	0.115377065735
-ele	0.0389371218101	0.869420327984	0.0159607120933	0.0756818381127
-ĩwõ	0.105456054215	0.117903326188	0.0103727266441	0.766267892953
-ĩwã	0.147122841353	0.0752361626914	0.00548171425421	0.772159281701
-ʉro	0.279808983734	0.242650350694	0.432771228175	0.0447694373974
-ʉri	0.289186285096	0.496015889154	0.0367804496147	0.178017376135
-ʉre	0.155329011127	0.226166769848	0.0463137204814	0.572190498544
-ʉra	0.348423620893	0.402927383842	0.0724987578977	0.176150237368
-õpʉ	0.142639648136	0.709763106201	0.0749174426879	0.0726798029749
-́na	0.657342657343	0.125874125874	0.104895104895	0.111888111888
-́ni	0.158079625293	0.224238875878	0.0834309133489	0.53425058548
-́no	0.479959738977	0.210514434887	0.101194504126	0.20833132201
-tua	0.404096834265	0.4714925314	0.0899401719561	0.0344704623796
-nco	0.0376044568246	0.0452646239555	0.0626740947075	0.854456824513
-iyú	0.0769230769231	0.385836385836	0.32967032967	0.20757020757
-nce	0.062937062937	0.272727272727	0.013986013986	0.65034965035
-iyó	0.0380558713694	0.923888257261	0.0380558713694	0.0
-iyí	0.340471092077	0.48608137045	0.03426124197	0.139186295503
-ãnó	0.0772727272727	0.0227272727273	0.0409090909091	0.859090909091
-iyé	0.229379418696	0.318146111548	0.0801256873528	0.372348782404
-elí	0.0310344827586	0.948275862069	0.0	0.0206896551724
-iyá	0.511752984472	0.148570146306	0.0140741405619	0.32560272866
-́re	0.240788021084	0.388547194035	0.0606542550469	0.310010529834
-jea	0.574105860511	0.0774862507445	0.00588503170211	0.342522857043
-lix	0.0309164519691	0.951048951049	0.0	0.018034596982
-́ra	0.458005586228	0.328507005774	0.0445212433764	0.168966164621
-agá	0.284090909091	0.534090909091	0.0454545454545	0.136363636364
-íso	0.164046479836	0.0375939849624	0.246069719754	0.552289815448
-́ri	0.249477229107	0.23146672998	0.265101884337	0.253954156576
-lis	0.00935356474747	0.809810850135	0.00623570983163	0.174599875286
-uña	0.692932092655	0.226514551574	0.0155909720847	0.0649623836864
-lim	0.0	1.0	0.0	0.0
-cṹũ	0.559241706161	0.0398104265403	0.00663507109005	0.394312796209
-lio	0.0172939979654	0.947609359105	0.028992878942	0.0061037639878
-oma	0.102040816327	0.856893977103	0.0242658038825	0.0167994026879
-lia	0.00609756097559	0.97256097561	0.0030487804878	0.0182926829268
-ípʉ	0.118696462704	0.743870495788	0.0255799136324	0.111853127876
-órã	0.304977563276	0.309373845912	0.303490213339	0.0821583774732
-sã́	0.137108036054	0.572172146756	0.267868477847	0.0228513393424
-órõ	0.259259259259	0.333333333333	0.333333333333	0.0740740740741
-ṹña	0.630553864881	0.369446135119	0.0	0.0
-irá	0.34000054008	0.15232457675	0.0142196456624	0.493455237508
-́ʉ̃	0.470503597122	0.241726618705	0.0805755395684	0.207194244604
-anʉ	0.0554350344363	0.903283556941	0.00530760968007	0.0359737989427
-ĩwĩ	0.292543203061	0.0672431123354	0.00156363566733	0.638650048936
-pai	0.047991523575	0.874255975568	0.0163607466733	0.0613917541837
-óña	0.538772025149	0.274159745401	0.095862764884	0.0912054645656
-duu	0.290275761974	0.596516690856	0.11320754717	0.0
-órĩ	0.523353751914	0.287901990812	0.0601071975498	0.128637059724
-aiá	0.12520530638	0.779785217941	0.0331017056222	0.0619077700568
-dui	0.427717391304	0.298369565217	0.0130434782609	0.260869565217
-ãsã	0.421513750304	0.504015575566	0.00292041859333	0.0715502555366
-pas	0.0	1.0	0.0	0.0
-áye	0.181233925079	0.583161972318	0.150521000371	0.0850831022318
-seo	0.0213774875622	0.944224191542	0.00174906716418	0.0326492537313
-jeá	0.854269419086	0.0785641264773	0.0229119213731	0.0442545330631
-áya	0.414884499103	0.39542145009	0.0703457698689	0.119348280938
-́rã	0.220214713715	0.261570858436	0.115241589575	0.402972838275
-áyo	0.0735294117647	0.647058823529	0.0	0.279411764706
-áyi	0.848101265823	0.113924050633	0.0379746835443	0.0
-sem	0.0	1.0	0.0	0.0
-áyu	0.25824964132	0.591104734577	0.107604017217	0.0430416068867
-́rõ	0.518781502677	0.238010155096	0.112040134973	0.131168207254
-omé	0.006734006734	0.993265993266	0.0	0.0
-̃jã	0.284046108508	0.363993331806	0.053313950273	0.298646609413
-õã́	0.00352526439483	0.996474735605	0.0	0.0
-óro	0.360596903108	0.351363741466	0.167794837462	0.120244517963
-dia	0.380621429201	0.315197952535	0.156205135394	0.14797548287
-óri	0.561156023952	0.32077969437	0.0233790656787	0.0946852159986
-óre	0.238513888507	0.317018033877	0.111786856096	0.33268122152
-npʉ	0.0317541034551	0.941689973727	0.00135604712264	0.0251998756957
-dii	0.414552631266	0.51680560816	0.0320599192613	0.0365818413124
-óra	0.562066212685	0.224585679947	0.188395112354	0.0249529950138
-dis	0.0	1.0	0.0	0.0
-feo	0.0	1.0	0.0	0.0
-iró	0.204410916157	0.100432117656	0.120865623754	0.574291342432
-sli	0.0	1.0	0.0	0.0
-sec	0.0	1.0	0.0	0.0
-ãĩĩ	0.0245901639344	0.959016393443	0.0163934426229	0.0
-ásã	0.864583333333	0.129166666667	0.00416666666666	0.00208333333333
-iwã	0.551139150657	0.101161660618	0.0197336311042	0.327965557621
-eré	0.155379840467	0.115299026441	0.0123755584019	0.71694557469
-cʉ̃	0.0735047145662	0.49955775363	0.00862914843721	0.418308383366
-cʉ́	0.121552501605	0.648298869022	0.0908819471338	0.139266682239
-mcã	0.674567000912	0.298085688241	0.0	0.0273473108477
-ema	0.302590018951	0.457359444093	0.150031585597	0.0900189513582
-emo	0.128774145152	0.652934925298	0.148902919297	0.0693880102519
-emi	0.885371179039	0.0163755458515	0.0982532751092	0.0
-cʉó	0.125549278092	0.271814187068	0.453546767106	0.149089767734
-set	0.0	1.0	0.0	0.0
