-cac	0.227900252517	0.294963150489	0.0473029498885	0.429833647106
-cab	0.302155474015	0.421697674684	0.0388431853701	0.237303665931
-̃ír	0.438188585793	0.208664339368	0.0720371696467	0.281109905192
-hey	0.144525763288	0.771567975161	0.0395505285725	0.0443557329784
-caj	0.183406113537	0.606986899563	0.0524017467249	0.157205240175
-cai	0.175182481752	0.481751824818	0.343065693431	0.0
-can	0.217212383137	0.580949813046	0.0694149370348	0.132422866782
-cam	0.398695974081	0.208092651278	0.0384529112058	0.354758463435
-imá	0.186483901817	0.578897035384	0.225055785783	0.00956327701625
-car	0.081402572122	0.185152475875	0.0124142906374	0.721030661366
-ive	0.272245562566	0.727754437434	0.0	0.0
-rbe	0.0535714285714	0.946428571429	0.0	0.0
-cat	0.0258132210257	0.0237355172295	0.00958492963242	0.940866332112
-aan	0.164684387003	0.211473214866	0.0637926933071	0.560049704824
-caz	0.0	1.0	0.0	0.0
-cay	0.449715672793	0.276530559868	0.0724985952904	0.201255172049
-ajc	0.161606682595	0.360402852867	0.0135939843614	0.464396480176
-ivo	0.0530256536148	0.943905732171	0.0	0.00306861421381
-btu	0.0536880290206	0.143409915357	0.0957678355502	0.707134220073
-auw	0.294955489614	0.545994065282	0.086646884273	0.0724035608309
-dío	0.0484251753041	0.712180446891	0.120025553953	0.119368823852
-umi	0.0	0.876712328767	0.0	0.123287671233
-oyi	0.235836627141	0.591567852437	0.129117259552	0.0434782608696
-uru	0.0694534316898	0.873752136485	0.0383191347254	0.0184752970998
-auc	0.454247104247	0.465444015444	0.0351351351352	0.0451737451738
-nso	0.0	1.0	0.0	0.0
-bta	0.0582538962021	0.925858677561	0.015887426237	0.0
-uin	0.122752790571	0.140814897494	0.0364922553109	0.699940056623
-ufo	0.0	0.952	0.048	0.0
-aum	0.026505178164	0.919080217658	0.0270317711076	0.02738283307
-nti	0.38009804695	0.31458528797	0.10325669637	0.202059968709
-uac	0.101212522726	0.76635725085	0.0562091617843	0.0762210646401
-utá	0.256898817346	0.626149802891	0.0735873850197	0.0433639947438
-̃úc	0.376973734884	0.466764230147	0.0325425556497	0.123719479319
-nto	0.171285943069	0.222947329234	0.0541564671709	0.551610260526
-nta	0.0118637155674	0.0809883958032	0.0081563044526	0.898991584177
-nte	0.103120641562	0.75409693166	0.0	0.142782426778
-uan	0.110610799554	0.683220300476	0.0747092301454	0.131459669825
-utó	0.421358096344	0.464886825305	0.0731282646547	0.040626813697
-uas	0.104793007396	0.277398905004	0.532993948708	0.0848141388916
-uar	0.143693105833	0.0500747425973	0.0201805510087	0.786051600561
-̃úr	0.313319464741	0.468547576563	0.086957822244	0.131175136452
-uat	0.135697000819	0.0587651755423	0.0184752278088	0.78706259583
-nam	0.0	1.0	0.0	0.0
-uay	0.461021696332	0.30019687037	0.0373444825557	0.201436950742
-yta	0.0936872047701	0.0705904596822	0.0179248910688	0.817797444479
-riú	0.0986842105263	0.822368421053	0.078947368421	0.0
-dro	0.0394780804641	0.897974141927	0.00565721872655	0.0568905588821
-máy	0.293580852995	0.165925920785	0.249702818661	0.290790407559
-oán	0.120417355607	0.800976870593	0.0685709941654	0.010034779634
-pre	0.0397815912636	0.950858034321	0.0	0.00936037441497
-ará	0.134173679614	0.755925286454	0.0335534815209	0.076347552411
-iva	0.0428921568627	0.926062091503	0.0147058823529	0.016339869281
-das	0.0244912588109	0.938393532715	0.00318585480467	0.0339293536697
-tír	0.445619801737	0.109965321757	0.0151554087057	0.4292594678
-már	0.10463507947	0.111211185699	0.0989621747222	0.685191560108
-cjú	0.153424657534	0.595890410959	0.0424657534246	0.208219178082
-mát	0.276823490236	0.212762503242	0.0376962210249	0.472717785497
-opo	0.0194174757281	0.902912621359	0.0776699029126	0.0
-cwa	0.574374962528	0.184363570958	0.146531566641	0.0947298998741
-tín	0.319725278476	0.487550079755	0.0552889376939	0.137435704075
-cjá	0.0539278269048	0.776930247707	0.0187943591869	0.150347566201
-ope	0.0127659574468	0.96170212766	0.0127659574468	0.0127659574468
-mác	0.089552238806	0.880597014925	0.0298507462687	0.0
-oát	0.155223880597	0.765970149254	0.0537313432836	0.0250746268657
-cwi	0.628073612371	0.156655226114	0.0346851552127	0.180586006303
-arú	0.829787234043	0.170212765957	0.0	0.0
-dea	0.0412456227092	0.941163491045	0.0107261501498	0.00686473609585
-gan	0.0	0.573529411765	0.0	0.426470588235
-dec	0.0807182611879	0.856735313432	0.0361714267259	0.0263749986544
-uón	0.509446693657	0.441295546559	0.00202429149798	0.047233468286
-wír	0.447814586766	0.32048391293	0.117010666898	0.114690833406
-uóc	0.403558052434	0.427902621723	0.0880149812734	0.0805243445693
-mur	0.105882394604	0.818487323535	0.0327223276766	0.0429079541837
-deo	0.00222469410456	0.997775305895	0.0	0.0
-ima	0.0395582028876	0.0355152896523	0.039791219198	0.885135288262
-hra	0.21219118438	0.120337579431	0.0477580873336	0.619713148856
-uóy	0.267462824818	0.630646575252	0.0127363249913	0.0891542749392
-des	0.00707280271596	0.946576763485	0.0266408902301	0.0197095435684
-rwi	0.42696142176	0.276116168184	0.18855656697	0.108365843086
-ior	0.229111405835	0.542937665783	0.105271883289	0.122679045093
-uór	0.533678756477	0.256476683938	0.108808290155	0.10103626943
-sit	0.753205128205	0.172830374753	0.00739644970414	0.0665680473373
-rwa	0.224299065421	0.775700934579	0.0	0.0
-imo	0.0894495412843	0.743692660551	0.0292431192661	0.137614678899
-ido	0.0628272251309	0.748691099476	0.0	0.188481675393
-bit	0.0765086739484	0.788138190086	0.0560272821628	0.0793258538032
-ech	0.0381471389646	0.940054495913	0.0108991825613	0.0108991825613
-bir	0.254341688622	0.347792018018	0.0435818999726	0.354284393387
-obo	0.612244897959	0.387755102041	0.0	0.0
-jró	0.0125368174609	0.953779925987	0.00407824182464	0.029605014727
-eca	0.413325874672	0.391825390706	0.121566433727	0.0732823008947
-uír	0.323489672257	0.17144501426	0.0408110125551	0.464254300928
-llo	0.0710711731979	0.823116158326	0.0768283352727	0.0289843332037
-ida	0.0650793650794	0.926984126984	0.0031746031746	0.00476190476191
-bic	0.594026354319	0.221376281113	0.0422840409955	0.142313323572
-bia	0.0282131661442	0.971786833856	0.0	0.0
-bin	0.0365803406253	0.0961301191425	0.0077042326971	0.859585307535
-ryi	0.442307692308	0.0961538461538	0.326923076923	0.134615384615
-bij	0.262295081967	0.245901639344	0.163934426229	0.327868852459
-ecu	0.56893073302	0.293207800941	0.133826496301	0.00403496973772
-bii	0.195367573011	0.367573011078	0.171198388721	0.26586102719
-ume	0.0588718437856	0.82017857616	0.0399279336566	0.0810216463981
-ter	0.32552957892	0.148701885818	0.0190519245673	0.506716610695
-uta	0.590643274854	0.40350877193	0.0	0.00584795321637
-̃íc	0.332483572041	0.3987005073	0.0615252541407	0.207290666518
-rún	0.318480219691	0.303240532025	0.104816274835	0.273462973448
-rúm	0.252304797742	0.645468798996	0.0834117278145	0.0188146754469
-ria	0.285396825037	0.47375725789	0.0425064159239	0.198339501148
-aw̃	0.322776396531	0.14505562936	0.105775877833	0.426392096277
-̃ín	0.402691516489	0.462312691402	0.0554800854829	0.0795157066271
-uti	0.349867126784	0.35194512007	0.11697503422	0.181212718926
-rih	0.295526594717	0.602321028378	0.0155867570783	0.0865656198272
-eru	0.0559105431309	0.688498402556	0.17571884984	0.0798722044728
-riw	0.0554049120808	0.862946248475	0.0341362147294	0.0475126247147
-rit	0.303170691116	0.551002051972	0.0255900276913	0.12023722922
-tec	0.173173073863	0.41993047769	0.0671936684905	0.339702779956
-rir	0.286341617464	0.479230464503	0.103483121466	0.130944796568
-ris	0.118215271389	0.796074823674	0.0397117448635	0.0459981600736
-sib	0.167146974063	0.733429394813	0.0403458213256	0.0590778097983
-cua	0.319309496187	0.511637639826	0.095287987445	0.073764876542
-rúr	0.908629441624	0.0913705583756	0.0	0.0
-rúw	0.0280811232449	0.953198127925	0.01872074883	0.0
-gro	0.0	1.0	0.0	0.0
-ten	0.315044169219	0.43259200071	0.027078616771	0.2252852133
-riy	0.125147979029	0.524931900913	0.0703403230336	0.279579797024
-jin	0.265363128492	0.203351955307	0.363500931099	0.167783985102
-wic	0.372151249862	0.302530921785	0.0889868556982	0.236330972655
-oya	0.190908303912	0.495432601083	0.151304913207	0.162354181798
-mes	0.0	0.807692307692	0.192307692308	0.0
-rcá	0.172086225795	0.0288637194008	0.00219218122032	0.796857873584
-nzo	0.0110552763819	0.988944723618	0.0	0.0
-aro	0.470405977783	0.198834418406	0.0520563279567	0.278703275855
-ari	0.346525666073	0.362650099817	0.111454970869	0.17936926324
-rón	0.193569480662	0.726614426539	0.0251519933689	0.0546640994305
-art	0.628378378378	0.290540540541	0.0608108108108	0.0202702702703
-aru	0.0204413786795	0.932344604262	0.0066812288291	0.0405327882298
-ram	0.248812411563	0.319638164544	0.180033353548	0.251516070346
-cwá	0.575929454513	0.223334958125	0.100146231223	0.100589356139
-mec	0.0	1.0	0.0	0.0
-jiy	0.313225058005	0.338747099768	0.167053364269	0.180974477958
-meo	0.238634576058	0.508101305647	0.0849457291175	0.168318389177
-jir	0.439408866995	0.435467980296	0.0374384236454	0.0876847290641
-cji	0.549407114624	0.0	0.0474308300395	0.403162055336
-bán	0.310863239573	0.514548981571	0.0611057225994	0.113482056256
-nwa	0.786324786325	0.213675213675	0.0	0.0
-aya	0.217896396268	0.633983112864	0.0899545668778	0.0581659239903
-mos	0.0268456375839	0.953020134228	0.0201342281879	0.0
-w̃u	0.106549815498	0.807195571956	0.015221402214	0.0710332103321
-nwi	0.455406842018	0.378807479147	0.0386982414275	0.127087437408
-ayo	0.246958956857	0.745164960182	0.00525072197426	0.00262536098714
-ero	0.120326901542	0.495822206908	0.0605241622879	0.323326729262
-ayi	0.520706888302	0.307554121951	0.0747106376523	0.0970283520948
-tyi	0.376357433166	0.252406318492	0.204407623614	0.166828624728
-ayu	0.100238663484	0.498806682578	0.193317422434	0.207637231504
-w̃o	0.464	0.472	0.0	0.064
-w̃i	0.439863025844	0.163702880053	0.0405850401639	0.355849053939
-báy	0.207282892387	0.150101039429	0.296373495138	0.346242573046
-tóc	0.294871794872	0.573076923077	0.0987179487179	0.0333333333333
-bát	0.0835543766578	0.783156498674	0.0238726790451	0.109416445623
-bár	0.120459041485	0.222776898638	0.0693567985251	0.587407261352
-bás	0.0361570247934	0.929752066116	0.00929752066112	0.0247933884298
-sro	0.377795270555	0.444854798664	0.0960883065486	0.0812616242325
-xat	0.140322580645	0.767741935484	0.0241935483871	0.0677419354838
-cti	0.353117323867	0.17901936447	0.110753313486	0.357109998177
-aón	0.165457184325	0.817126269956	0.0174165457184	0.0
-neo	0.0408163265306	0.877551020408	0.0	0.0816326530612
-sra	0.377356619033	0.138219715255	0.0408138973569	0.443609768355
-ubi	0.130434782609	0.869565217391	0.0	0.0
-dán	0.0244866920152	0.969581749049	0.0	0.00593155893537
-xad	0.0	1.0	0.0	0.0
-cáj	0.391595179081	0.430282801038	0.0869985444474	0.0911234754342
-uba	0.256066111728	0.560223776648	0.078963118154	0.10474699347
-etí	0.45983295137	0.214574498055	0.175081278219	0.150511272356
-ota	0.239606294871	0.562533580827	0.112566715711	0.0852934085905
-tán	0.101921034435	0.231050582185	0.0346978811457	0.632330502234
-hwi	0.468231142718	0.357741716198	0.0483577649567	0.125669376127
-ote	0.0105517876518	0.778378902391	0.198802390744	0.0122669192136
-ráy	0.274975128538	0.168959050396	0.267958560646	0.288107260419
-oti	0.298671660981	0.34166914124	0.207946136921	0.151713060858
-rát	0.301683808319	0.281313709968	0.0582189271243	0.358783554589
-hwa	0.305555555556	0.551587301587	0.047619047619	0.0952380952381
-rár	0.225134408602	0.519794721408	0.121884164223	0.133186705767
-iji	0.103629417383	0.298073861827	0.585163960522	0.0131327602674
-isá	0.529536611249	0.208701804033	0.0318358684118	0.229925716307
-tác	0.0865915486268	0.306679885542	0.503876613277	0.102851952555
-rán	0.210370758183	0.382276837339	0.174863249316	0.232489155163
-rám	0.0832011288037	0.851018675796	0.0332358396561	0.0325443557438
-táy	0.400329346507	0.384728722482	0.0719362107818	0.143005720229
-tát	0.0614650394402	0.848052774204	0.0499486728045	0.0405335135516
-eví	0.0484822196881	0.923813654776	0.013852062768	0.013852062768
-isó	0.279084756687	0.309055752498	0.0941024814696	0.317757009346
-rác	0.611764705882	0.123529411765	0.123529411765	0.141176470588
-tár	0.310313608541	0.483556314435	0.0395109927945	0.166619084229
-hwu	0.0533739992375	0.380734527894	0.565891472868	0.0
-cás	0.0629067245119	0.780911062907	0.14967462039	0.00650759219087
ALL	0.226602723734	0.270242530662	0.0487562180171	0.454398527587
-nan	0.23902495759	0.275553699729	0.0762032625578	0.409218080123
-twi	0.324712126664	0.554291111911	0.027437927312	0.0935588341129
-nab	0.144286263948	0.664614595357	0.160318071053	0.0307810696422
-sir	0.0280140646594	0.387525215318	0.0100541645289	0.574406555493
-ron	0.467992636893	0.414380972022	0.0320799248413	0.0855464662434
-siu	0.506447902161	0.27135678392	0.0647817400254	0.157413573893
-aús	0.15313225058	0.443155452436	0.0696055684455	0.334106728538
-aúl	0.182608695652	0.739130434783	0.0521739130435	0.0260869565217
-nay	0.541638176271	0.294291861795	0.0854783965987	0.0785915653357
-sio	0.181998021761	0.782393669634	0.0	0.0356083086053
-sin	0.23408359841	0.563957458949	0.04907617208	0.152882770562
-cso	0.143754939224	0.145624004315	0.0250881220286	0.685532934432
-nar	0.278030845826	0.517529115289	0.0661825194962	0.138257519389
-nas	0.047249907715	0.910299003322	0.015873015873	0.0265780730897
-sia	0.00151095441954	0.991689750693	0.00151095441954	0.0052883404684
-nat	0.118982620483	0.319117028257	0.0413035339725	0.520596817288
-các	0.238970588235	0.595588235294	0.0772058823529	0.0882352941177
-aní	0.0	1.0	0.0	0.0
-mot	0.120879120879	0.762362637363	0.0961538461538	0.0206043956044
-ayá	0.164102564103	0.682051282051	0.14358974359	0.0102564102564
-mor	0.19459601138	0.0900046998192	0.102708672472	0.612690616329
-w̃ú	0.335598832582	0.478794375166	0.0751074555584	0.110499336694
-ayí	0.100636889647	0.190708903967	0.693002539233	0.0156516671523
-jca	0.34515425575	0.341353198282	0.0574320532725	0.256060492696
-cán	0.117408332255	0.519431581213	0.171868541848	0.191291544685
-cám	0.308764940239	0.442231075697	0.0836653386454	0.165338645418
-w̃í	0.226654766599	0.549305714108	0.171734573154	0.0523049461384
-cár	0.485065163442	0.34909633612	0.103586811084	0.0622516893535
-hrí	0.323979137063	0.302235269956	0.129971132585	0.243814460396
-aán	0.0444444444444	0.874074074074	0.0296296296296	0.0518518518519
-moa	0.271901225343	0.409916489681	0.180229126455	0.137953158521
-cát	0.118834325228	0.687233962676	0.153135597917	0.0407961141791
-iwó	0.662785588752	0.211994727592	0.0263620386643	0.0988576449912
-wur	0.257142857143	0.742857142857	0.0	0.0
-cáy	0.170089377898	0.0705949047084	0.0191440535728	0.740171663821
-lmo	0.0812923397603	0.899947889526	0.0	0.0187597707139
-w̃á	0.0854148302974	0.571733831893	0.0316079816989	0.311243356111
-moi	0.540845070423	0.391549295775	0.0676056338029	0.0
-ayú	0.291724891868	0.443566709444	0.203266948683	0.0614414500055
-yau	0.599481669456	0.226823605637	0.0724582905891	0.101236434318
-yat	0.308984980998	0.198465874467	0.0367704218488	0.455778722686
-bey	0.405425963489	0.195740365111	0.0207910750507	0.378042596349
-coh	0.361463030563	0.554147877747	0.0231908954262	0.0611981962637
-yar	0.244172592533	0.39829073418	0.116587737555	0.240948935732
-ber	0.0	1.0	0.0	0.0
-bes	0.448073777677	0.441578257872	0.0641849454072	0.0461630190432
-̃ot	0.359205776173	0.524368231047	0.0198555956679	0.0965703971119
-yay	0.496333290359	0.400965259952	0.0417250459315	0.0609764037574
-eor	0.0	1.0	0.0	0.0
-cob	0.0123871881083	0.975815489884	0.0106175898071	0.0011797322008
-iw̃	0.260625864135	0.307293759794	0.0333210434141	0.398759332657
-̃ún	0.436896337678	0.410031036623	0.0263190564866	0.126753569212
-coy	0.0866677450893	0.104220986287	0.166313947776	0.642797320848
-beo	0.158852950984	0.663487829276	0.108502834278	0.0691563854618
-bel	0.0521227071977	0.920025464529	0.0119364978315	0.015915330442
-cou	0.0	1.0	0.0	0.0
-cot	0.491857273559	0.32241537054	0.101189387008	0.084537968893
-yan	0.340855381581	0.241882587783	0.14155556515	0.275706465486
-rla	0.0166777851901	0.957749610852	0.0189014898822	0.00667111407605
-sró	0.393258426966	0.166047304682	0.13771695886	0.302977309492
-bed	0.390057361377	0.609942638623	0.0	0.0
-cor	0.181084157359	0.0835390514847	0.0141302498105	0.721246541346
-sár	0.13565229149	0.270622036377	0.147426827644	0.446298844488
-reh	0.420848953924	0.513846898053	0.0435360986818	0.0217680493409
-reo	0.0324064394732	0.896508467489	0.0601087183776	0.0109763746603
-isi	0.248912097476	0.379336068631	0.258609971404	0.113141862489
-sát	0.108100368687	0.796470630347	0.0624977628235	0.032931238143
-sáy	0.200659457152	0.183732472414	0.590620288977	0.0249877814568
-hwá	0.44447307395	0.4721077042	0.0570085029632	0.0264107188868
-isa	0.223535987348	0.420656666101	0.0268276001454	0.328979746406
-uán	0.34957248183	0.464274077582	0.126954457611	0.0591989829768
-eve	0.2	0.266666666667	0.0266666666667	0.506666666667
-rey	0.127336608109	0.754584963783	0.0311714261927	0.086907001915
-umá	0.50254246009	0.379773401892	0.0308763370652	0.0868078009534
-uát	0.26992150333	0.476986203616	0.106951712655	0.1461405804
-uáy	0.765193370166	0.234806629834	0.0	0.0
-res	0.0638841567291	0.387331578132	0.026870063497	0.521914201642
-isu	0.089096006057	0.427805649989	0.331965118864	0.151133225089
-utí	0.375321336761	0.45501285347	0.0	0.169665809769
-móy	0.596685082873	0.323204419889	0.0801104972375	0.0
-sán	0.265214003143	0.423216537577	0.0288771693967	0.282692289883
-ret	0.0407334422763	0.945568585985	0.00288378352398	0.0108141882149
-nac	0.498849671736	0.312608720049	0.0	0.188541608215
-may	0.440971992319	0.290273455605	0.16347745481	0.105277097265
-sic	0.36813400857	0.544215037008	0.0292169848072	0.0584339696143
-hab	0.0208333333333	0.979166666667	0.0	0.0
-hac	0.36525332156	0.19509089623	0.0629797572035	0.376676025007
-rau	0.465457455321	0.394949764382	0.0306748466258	0.108917933671
-avo	0.240807802697	0.646883755704	0.104598479933	0.00770996166585
-hai	0.48464803273	0.51535196727	0.0	0.0
-mas	0.21676300578	0.739884393064	0.014450867052	0.028901734104
-mar	0.176401379004	0.168548902154	0.0755340790703	0.579515639772
-mat	0.156077698136	0.65253257236	0.113488145902	0.0779015836022
-han	0.192565840004	0.473995845788	0.0363596216481	0.297078692561
-̃ca	0.550403225807	0.364919354839	0.0846774193548	0.0
-har	0.531099333787	0.398066302339	0.018563925416	0.052270438458
-hat	0.109109131423	0.0641404825955	0.00873066383868	0.818019722142
-sés	0.0830385347605	0.834291063484	0.0236218678017	0.0590485339542
-gog	0.0232558139535	0.958139534884	0.0186046511628	0.0
-man	0.275542530267	0.341124712908	0.0868795247866	0.296453232039
-hay	0.68700265252	0.270557029178	0.00530503978781	0.0371352785146
-mac	0.145408791153	0.180571705015	0.545988474237	0.128031029595
-ích	0.102520750077	0.736089763295	0.00461112818936	0.156778358438
-yon	0.651055300694	0.141513101625	0.00181427053366	0.205617327147
-iír	0.60733422639	0.221366376423	0.0100468854655	0.161252511721
-uni	0.272627134202	0.388654305122	0.0660914264733	0.272627134202
-una	0.29777080919	0.44167973277	0.0715795214397	0.188969936601
-cyi	0.619819130735	0.209262359593	0.0197808040127	0.151137705659
-pta	0.079458505003	0.920541494997	0.0	0.0
-pto	0.032310177706	0.951938610662	0.00363489499192	0.0121163166397
-cya	0.846501128668	0.133182844244	0.00677200902935	0.0135440180587
-cye	0.529008169636	0.14796914271	0.0187259529075	0.304296734746
-iín	0.59040959041	0.249084249084	0.055278055278	0.105228105228
-sús	0.0752706448783	0.429255703312	0.0044220945778	0.491051557232
-igo	0.0	0.925373134328	0.0746268656717	0.0
-yíb	0.0497500227167	0.871876653825	0.0157042954377	0.0626690280202
-tra	0.311788661558	0.311849705292	0.129585242606	0.246776390544
-asá	0.0647220302535	0.804663467274	0.062310828392	0.0683036740802
-ada	0.012025386928	0.963144415989	0.0244961585569	0.000334038525777
-hw̃	0.389761469658	0.228928558625	0.0199247909252	0.361385180792
-tro	0.340457121856	0.16729335177	0.0726499351325	0.419599591241
-dan	0.165061898212	0.761577258138	0.041265474553	0.0320953690967
-quí	0.352815040144	0.332020146611	0.156086371117	0.159078442128
-gai	0.0	1.0	0.0	0.0
-adi	0.0	1.0	0.0	0.0
-gau	0.0	1.0	0.0	0.0
-gar	0.0692137014427	0.849915552661	0.0371568291956	0.0437139167006
-toc	0.651174590289	0.145957007797	0.0114161043178	0.191452297597
-aat	0.0435194538597	0.0435558598812	0.00882195787458	0.904102728385
-ben	0.712088909528	0.127502427492	0.0069447376198	0.15346392536
-ywi	0.527348419219	0.196979727318	0.0455044157856	0.230167437677
-asú	0.0742439319863	0.739021329988	0.0787435642279	0.107991173798
-uiy	0.525	0.35	0.0416666666666	0.0833333333333
-ini	0.294616008232	0.293140185474	0.240133694754	0.17211011154
-sem	0.0	1.0	0.0	0.0
-ohw	0.47510373444	0.406639004149	0.0124481327801	0.105809128631
-ohr	0.506451069874	0.362844143536	0.025181656132	0.105523130458
-ino	0.0724810801005	0.100648747735	0.0284756394928	0.798394532672
-ina	0.314224488779	0.410405488463	0.121712985266	0.153657037492
-uis	0.0737037624672	0.608521766724	0.0341806225004	0.283593848309
-uir	0.355982575876	0.217831884214	0.089019169849	0.337166370061
-sec	0.615322580645	0.384677419355	0.0	0.0
-uit	0.120368181747	0.221159274953	0.0320521093743	0.626420433926
-sea	0.0307692307692	0.969230769231	0.0	0.0
-ira	0.285861439812	0.278149735223	0.0444116248278	0.391577200138
-uih	0.768292682927	0.0650406504065	0.0569105691057	0.109756097561
-iwá	0.168831168831	0.805194805195	0.025974025974	0.0
-uez	0.163627066644	0.50063443365	0.185595515406	0.1501429843
-uim	0.0	1.0	0.0	0.0
-oha	0.44	0.333333333333	0.0	0.226666666667
-ohc	0.225576486183	0.417570743189	0.245021537399	0.111831233228
-uia	0.106424911313	0.361450532125	0.366574694521	0.165549862042
-erá	0.142664295609	0.785948537575	0.0243459123822	0.0470412544335
-ohn	0.445635881471	0.379876244283	0.101848649064	0.0726392251815
-uib	0.118848035943	0.793984705243	0.0215122688824	0.065654989932
-inu	0.0811353620725	0.754291745975	0.0541006725292	0.110472219423
-hsa	0.0454039646834	0.628665705096	0.0861752484174	0.239755081804
-rsa	0.275287025147	0.206142360843	0.110730982079	0.40783963193
-blo	0.0901893297966	0.620342175438	0.0108306451841	0.278637849581
-eda	0.0	0.547169811321	0.452830188679	0.0
-dón	0.00336134453782	0.976470588235	0.0	0.0201680672269
-són	0.117951668585	0.528193325662	0.250287686996	0.103567318757
-rsi	0.213106912222	0.486964840947	0.0631427888065	0.236785458024
-sóc	0.258889332801	0.533892662139	0.0857637501665	0.121454254894
-ian	0.291687157942	0.363887947279	0.19743717673	0.146987718048
-bla	0.021582733813	0.791366906475	0.0575539568345	0.129496402878
-nes	0.06696384201	0.863521312475	0.013392768402	0.0561220771132
-rso	0.00881057268722	0.991189427313	0.0	0.0
-sóy	0.271028037383	0.532710280374	0.14953271028	0.0467289719626
-iat	0.139152435168	0.592030360531	0.246046805819	0.022770398482
-mti	0.314279029868	0.406730094362	0.11717226858	0.16181860719
-ixu	0.331914893617	0.489361702128	0.153191489362	0.0255319148936
-cos	0.0963565191208	0.887834989461	0.00677506775068	0.00903342366758
-ias	0.234971467394	0.460429845756	0.0741331566038	0.230465530247
-cha	0.213284606605	0.595122585071	0.0585000684911	0.133092739833
-ooz	0.041237113402	0.958762886598	0.0	0.0
-iay	0.480946244477	0.461064064801	0.0	0.0579896907216
-más	0.193502340984	0.721422861711	0.0205549845838	0.0645198127212
-nrá	0.0986842105263	0.276315789474	0.0789473684211	0.546052631579
-htá	0.0956622059475	0.154969836166	0.0214612432932	0.727906714593
-ban	0.184594535338	0.707198078629	0.0640120966571	0.0441952893756
-uní	0.219931621438	0.332033196475	0.129490125939	0.318545056148
-baj	0.628482972136	0.266253869969	0.0	0.105263157895
-bah	0.0338133558783	0.0464318749877	0.0038141975456	0.915940571588
-bai	0.39544618507	0.219255406862	0.13096974694	0.254328661128
-tít	0.555555555556	0.277777777778	0.0277777777778	0.138888888889
-hon	0.0974025974026	0.675324675325	0.194805194805	0.0324675324675
-bac	0.181028428543	0.595415416832	0.0507435295542	0.172812625071
-jor	0.102130008703	0.108856949591	0.0717398599634	0.717273181742
-aré	0.0	1.0	0.0	0.0
-hor	0.615901455767	0.23516237402	0.0298618887645	0.119074281448
-iha	0.310126582278	0.59282700422	0.090717299578	0.00632911392405
-bay	0.0328075731533	0.0480114611007	0.121463876328	0.797717089418
-tút	0.0937383713338	0.88119206424	0.00217996212404	0.0228896023024
-bat	0.166318947138	0.723067221797	0.0426939272277	0.067919903838
-bar	0.309828363293	0.117716302249	0.0307021742577	0.541753160201
-bas	0.0434889758711	0.913368206198	0.0129809227527	0.0301618951783
-job	0.0588235294118	0.794117647059	0.117647058824	0.0294117647059
-joc	0.21640981857	0.616636072572	0.0572849519744	0.109669156884
-yey	0.637566644958	0.19473363424	0.0500474612	0.117652259602
-nya	0.321989528796	0.261780104712	0.0471204188482	0.369109947644
-trá	0.260767408414	0.162955379236	0.0416477443654	0.534629467985
-asa	0.252145743915	0.187426468639	0.0147889785521	0.545638808894
-qui	0.426614705677	0.300336026182	0.0838121418019	0.189237126339
-eus	0.0766773162939	0.923322683706	0.0	0.0
-nyi	0.726787902417	0.125786732762	0.0528433775203	0.0945819873009
-asi	0.123594987315	0.189312637325	0.0269652373418	0.660127138019
-oru	0.075	0.775	0.1125	0.0375
-asu	0.0817438692098	0.885558583106	0.0	0.0326975476839
-tró	0.155440414508	0.744448556625	0.0312731310141	0.0688378978535
-lta	0.421052631579	0.269005847953	0.263157894737	0.046783625731
-cia	0.0375288050038	0.94447492593	0.0120706682761	0.00592560079008
-zor	0.0	1.0	0.0	0.0
-uít	0.187665010558	0.0596140811884	0.0938325328914	0.658888375362
-rea	0.0219160926738	0.947292477744	0.00234134654651	0.0284500830361
-hsú	0.528187075653	0.22431172783	0.0146208915583	0.232880304959
-iní	0.479041916168	0.374251497006	0.119760479042	0.0269461077844
-uís	0.328666878778	0.301622653516	0.150811326758	0.218899140948
-ray	0.192605140316	0.528702526566	0.133950330775	0.144742002343
-rat	0.206016335772	0.556132906425	0.021639144513	0.21621161329
-aró	0.196063869291	0.632157445228	0.0597103601931	0.112068325288
-rar	0.194131252491	0.126525719828	0.0135892740926	0.665753753588
-ras	0.0318302387268	0.920424403183	0.0159151193634	0.0318302387268
-ran	0.198488696664	0.560166683074	0.108953161225	0.132391459037
-eri	0.0433025404157	0.956697459584	0.0	0.0
-iwa	0.0765065347011	0.57384520902	0.0119509371127	0.337697319166
-hsí	0.256682728734	0.50862468997	0.05156709752	0.183125483776
-uía	0.0734578281264	0.875298699	0.00708027259051	0.0441632002832
-uíc	0.405279969664	0.272931850727	0.0608685785584	0.260919601051
-rai	0.394760764833	0.325675078131	0.105579899831	0.173984257205
-era	0.144822512774	0.617970826842	0.0497141430131	0.187492517371
-iwi	0.682365523343	0.25363089792	0.00865257128058	0.0553510074566
-uín	0.367775362507	0.238964787585	0.0507530654289	0.342506784478
-rab	0.0699672667758	0.786633933443	0.0421440261865	0.101254773595
-rac	0.342624568881	0.266012123136	0.138800807731	0.252562500252
-uíj	0.0792438563327	0.816574669187	0.0318941398866	0.0722873345936
-ría	0.00823699610306	0.72191014897	0.0234597990277	0.2463930559
-suw	0.0649052935697	0.265666725169	0.115521594146	0.553906387115
-cjí	0.265464973372	0.433656516	0.0498429605353	0.251035550093
-swa	0.342347763945	0.455673825554	0.141046376048	0.0609320344529
-bob	0.267803410231	0.732196589769	0.0	0.0
-hwí	0.492307692308	0.207692307692	0.3	0.0
-por	0.0210526315789	0.315789473684	0.0315789473684	0.631578947368
-pos	0.0296400846859	0.970359915314	0.0	0.0
-cór	0.654751957511	0.307547164078	0.0226606343641	0.015040244047
-yór	0.00270047837046	0.988349364745	0.0030862609948	0.00586389589013
-tám	0.368808567604	0.364123159304	0.190763052209	0.0763052208835
-nro	0.378488172902	0.249296523063	0.0560464865853	0.316168817449
-uár	0.526412325752	0.396929351344	0.0324759397523	0.0441823831514
-stá	0.454994309165	0.175598339238	0.253506676712	0.115900674885
-cón	0.103448275862	0.827586206897	0.0689655172414	0.0
-cóc	0.273816314889	0.69195664575	0.0	0.0342270393611
-aza	0.0777544280997	0.868237766436	0.0403482437707	0.0136595616932
-nra	0.320799904083	0.277706976009	0.108986845061	0.292506274848
-eva	0.151618398637	0.783645655877	0.0545144804088	0.0102214650767
-aay	0.429423459245	0.385685884692	0.161033797217	0.0238568588469
-nce	0.0170224263713	0.527425020265	0.0356660362065	0.419886517157
-lam	0.037037037037	0.962962962963	0.0	0.0
-lan	0.292008196721	0.467213114754	0.0717213114754	0.169057377049
-nos	0.159121073588	0.72290222681	0.117976699602	0.0
-not	0.0	0.799554565702	0.200445434298	0.0
-uíb	0.0	0.589473684211	0.0	0.410526315789
-lak	0.0642398286938	0.935760171306	0.0	0.0
-lat	0.218224949902	0.666523869993	0.0321981103688	0.0830530697364
-noi	0.424394196067	0.168667599617	0.0408779553657	0.36606024895
-fos	0.0	1.0	0.0	0.0
-eón	0.111269614836	0.850213980029	0.0256776034237	0.0128388017118
-las	0.00429491768075	0.973116996739	0.00349956255468	0.0190885230255
-noa	0.256998612241	0.697061779203	0.0272766425803	0.018662965976
-aín	0.0869298425036	0.821026794846	0.0122724483534	0.0797709142973
-noc	0.0142629130302	0.97147417394	0.0	0.0142629130302
-lay	0.181818181818	0.818181818182	0.0	0.0
-aac	0.188193044355	0.740297379032	0.0144909274194	0.0570186491936
-ách	0.157140686244	0.129861578892	0.159904138479	0.553093596385
-yát	0.0999068299835	0.258791788663	0.0444207096462	0.596880671707
-ahn	0.463839235625	0.456587595443	0.0355495715745	0.0440235973568
-dos	0.0791787604576	0.120816971146	0.0179272665187	0.782077001878
-awí	0.492430988424	0.0356188780054	0.240427426536	0.231522707035
-yár	0.272764516894	0.624296526295	0.0426935765573	0.0602453802532
-ahc	0.482142857143	0.267857142857	0.160714285714	0.0892857142857
-awá	0.122448979592	0.816326530612	0.0612244897959	0.0
-aha	0.372422505961	0.233341530832	0.0498801866733	0.344355776533
-yáy	0.351647755035	0.437048699712	0.102611433845	0.108692111407
-bot	0.310520118073	0.281089767849	0.0278708232929	0.380519290785
-fás	0.0639431616341	0.912078152753	0.0133214920071	0.0106571936057
-ahy	0.772436588345	0.165409211755	0.0294603722067	0.0326938276927
-doc	0.0	1.0	0.0	0.0
-bor	0.169811320755	0.528301886792	0.22641509434	0.0754716981132
-bos	0.0869565217391	0.106719367589	0.758893280632	0.0474308300395
-ahr	0.490318132499	0.223962811958	0.0375889761978	0.248130079346
-ahs	0.0533041595866	0.729056586206	0.142920323084	0.0747189311236
-túr	0.254512635379	0.543321299639	0.072202166065	0.129963898917
-ahu	0.639663173581	0.254563063813	0.041432118993	0.0643416436126
-sas	0.201741912549	0.408105225738	0.161749022396	0.228403839318
-sar	0.212803008669	0.180657419638	0.0274834770193	0.579056094674
-wra	0.141365130643	0.129390705524	0.12165968819	0.607584475643
-saw	0.637566137566	0.362433862434	0.0	0.0
-̃in	0.31998695642	0.543637761163	0.0355321081685	0.100843174248
-stú	0.268562401264	0.620853080569	0.0	0.110584518167
-sat	0.0256136934797	0.420724654597	0.00451247727822	0.549149174645
-̃ic	0.407375283349	0.263918689761	0.0601466923916	0.268559334498
-ibu	0.0109133519876	0.958152398493	0.000942159883824	0.0299920896351
-say	0.48930817063	0.397311783528	0.0524479123625	0.06093213348
-wro	0.378958430168	0.333043671564	0.0716609744761	0.216336923792
-sac	0.164850324183	0.446130500759	0.300041385019	0.08897779004
-ges	0.102040816327	0.857142857143	0.0408163265306	0.0
-tot	0.613911933631	0.290363752393	0.044671346522	0.0510529674538
-ibo	0.211375864719	0.657955418909	0.0476556495004	0.0830130668716
-tor	0.322345042338	0.564194344298	0.0419496500747	0.0715109632902
-tos	0.108463201681	0.168472045008	0.0439225380883	0.679142215223
-olo	0.0252525252525	0.974747474747	0.0	0.0
-̃ir	0.307995098221	0.512830034535	0.116045898474	0.0631289687697
-sai	0.296718412262	0.35056003144	0.160149341717	0.19257221458
-sah	0.0746133244082	0.704093647121	0.060892541294	0.160400487176
-inú	0.167628815556	0.743739856678	0.0231212159388	0.0655101118267
-san	0.198095335255	0.156213597152	0.0197477001833	0.62594336741
-sam	0.0	1.0	0.0	0.0
-rot	0.327874898576	0.551043741241	0.0792579479236	0.0418234122593
-ucú	0.188238964842	0.645637330736	0.0365206135383	0.129603090884
-hyú	0.296460176991	0.34697640118	0.0641592920354	0.292404129793
-yán	0.268987153827	0.459486747002	0.0952104503584	0.176315648812
-iel	0.0957149168016	0.904285083198	0.0	0.0
-ror	0.463293052179	0.202441197112	0.0494241802685	0.28484157044
-ros	0.190852205006	0.775625744934	0.0111740166865	0.022348033373
-uío	0.0	1.0	0.0	0.0
-naí	0.100208201322	0.878247488006	0.0	0.0215443106726
-roy	0.630625868982	0.131236891628	0.159673851934	0.0784633874556
-cuá	0.395431599203	0.434350659235	0.0977517697618	0.0724659717997
-loa	0.266129032258	0.675806451613	0.00967741935484	0.0483870967742
-iey	0.202959830867	0.262156448203	0.344608879493	0.190274841438
-hár	0.308931126801	0.209627293159	0.166111738998	0.315329841042
-iez	0.0916808149406	0.132427843803	0.0407470288625	0.735144312394
-oca	0.116847854465	0.781603433692	0.0425974080224	0.0589513038211
-roa	0.399317280869	0.454210101307	0.109326824255	0.0371457935692
-roc	0.262138073554	0.693094513505	0.0119379767842	0.0328294361567
-rom	0.0	1.0	0.0	0.0
-lot	0.0312506391267	0.921173761009	0.0475755998646	0.0
-lou	0.294314381271	0.1872909699	0.127090301003	0.391304347826
-och	0.306748466258	0.411042944785	0.162576687117	0.119631901841
-húc	0.366336633663	0.60396039604	0.0	0.029702970297
-rte	0.257495590829	0.742504409171	0.0	0.0
-tet	0.0112153883225	0.97728913041	0.00239246056828	0.00910302069881
-ipo	0.060606060606	0.924242424242	0.0151515151515	0.0
-ión	0.0	0.983372921615	0.0142517814727	0.00237529691211
-iti	0.370314615012	0.229394422538	0.122562716347	0.277728246103
-isí	0.395101171459	0.5303514377	0.0745473908413	0.0
-wóc	0.819277108434	0.10843373494	0.0722891566265	0.0
-ipe	0.0	0.996569468268	0.00171526586621	0.00171526586621
-noé	0.0	1.0	0.0	0.0
-húr	0.328950596085	0.302261688662	0.129078153363	0.23970956189
-rís	0.321912732662	0.363039972102	0.162482019093	0.152565276143
-wót	0.44901915079	0.350320815595	0.0262050520789	0.174454981536
-rdo	0.0	0.71144278607	0.28855721393	0.0
-ují	0.285427732997	0.335723041492	0.066862300806	0.311986924706
-ewi	0.850821136535	0.0717377860235	0.0609496323782	0.0164914450629
-wór	0.572972972973	0.32972972973	0.0486486486487	0.0486486486486
-awi	0.43678163412	0.185206656177	0.0461418666408	0.331869843062
-sau	0.504072831816	0.330618112123	0.12218495448	0.0431241015812
-awa	0.467629947284	0.384545628363	0.00540821064706	0.142416213706
-toa	0.0461538461538	0.630769230769	0.249230769231	0.0738461538461
-̃án	0.362242663163	0.522777047744	0.0755584756899	0.0394218134034
-myá	0.388349514563	0.588349514563	0.0233009708738	0.0
-ibt	0.287525150905	0.537826961771	0.0245472837022	0.150100603622
-jti	0.262440522064	0.159926724802	0.062911271246	0.514721481888
-éou	0.028890842859	0.874387639744	0.0	0.0967215173973
-etá	0.024884464984	0.956985424813	0.00426590828296	0.0138642019197
-̃át	0.0678770035983	0.522898266274	0.00785083415113	0.401373895977
-̃áy	0.549725252552	0.353189317243	0.060132498293	0.0369529319119
-ita	0.284659623838	0.204238410222	0.0858285839131	0.425273382027
-jta	0.312710154674	0.640215198386	0.0470746469401	0.0
-uéy	0.331183185957	0.558697373631	0.0643394483305	0.0457799920813
-ijú	0.227701543739	0.55102915952	0.0514579759863	0.169811320755
-lla	0.0911854103344	0.872340425532	0.0364741641337	0.0
-̃ro	0.549441226968	0.243244885467	0.0505640933651	0.1567497942
-sto	0.020768793022	0.904032901615	0.00529573977826	0.069902565585
-sti	0.106345198432	0.331936144649	0.0241158594792	0.53760279744
-fre	0.138347884486	0.789120214909	0.0705171255877	0.00201477501679
-pio	0.0	1.0	0.0	0.0
-sta	0.255437714546	0.61456679971	0.0456513500536	0.084344135691
-saí	0.00473933649289	0.995260663507	0.0	0.0
-cun	0.195108422085	0.0569337808559	0.0178962593933	0.730061537666
-wát	0.277606379882	0.672623552011	0.0331800454043	0.0165900227021
-mea	0.0	1.0	0.0	0.0
-cas	0.0865800865801	0.809786173423	0.0406664043028	0.0629673356946
-loé	0.0137299771167	0.95881006865	0.0137299771167	0.0137299771167
-ank	0.325315005727	0.389747995418	0.0924971363115	0.192439862543
-cue	0.215947642919	0.407303323375	0.191232256486	0.185516777221
-ián	0.0804597701149	0.747126436782	0.0114942528736	0.16091954023
-cuc	0.158374852577	0.547115315185	0.25744337738	0.0370664548584
-cub	0.0	1.0	0.0	0.0
-wáy	0.505187349802	0.276235255851	0.0968560279418	0.121721366404
-eyi	0.497680465234	0.153303451854	0.056374648601	0.292641434311
-rpa	0.150943396226	0.849056603774	0.0	0.0
-tou	0.124528301887	0.188679245283	0.679245283019	0.0075471698113
-roá	0.0	0.446808510638	0.553191489362	0.0
-eya	0.345298459468	0.168766063386	0.0259494836682	0.459985993478
-roí	0.0333557333985	0.966644266602	0.0	0.0
-uca	0.392091118916	0.358710491865	0.0617062678068	0.187492121413
-cut	0.0114470487114	0.0131329335187	0.0205284373883	0.954891580382
-cur	0.455882354382	0.0935609952596	0.00630446323382	0.444252187124
-ibi	0.33359034089	0.528609862528	0.0551199186325	0.0826798779487
-oba	0.23275862069	0.534482758621	0.181034482759	0.051724137931
-oir	0.112341598614	0.758709783846	0.0996421135536	0.0293065039863
-yti	0.286337926171	0.116275177056	0.041973843122	0.555413053652
-ioc	0.180074257426	0.699257425743	0.102103960396	0.0185643564356
-lea	0.0172344459126	0.962208689991	0.00643419314069	0.0141226709561
-hru	0.254098360656	0.0737704918033	0.573770491803	0.0983606557377
-̃ót	0.426751592357	0.278434940855	0.0327570518653	0.262056414923
-leg	0.0	1.0	0.0	0.0
-hri	0.0571428571429	0.114285714286	0.0571428571429	0.771428571429
-ley	0.254582484725	0.672097759674	0.0488798370672	0.0244399185336
-ioy	0.670103092783	0.278350515464	0.0103092783505	0.0412371134021
-uno	0.618320610687	0.368956743003	0.0	0.0127226463104
-hro	0.25624082232	0.595447870778	0.130690161527	0.0176211453745
-dor	0.182131465026	0.728155616313	0.011961722488	0.0777511961723
-ios	0.175375805297	0.7287043665	0.0529706513958	0.0429491768074
-oin	0.0955929649079	0.739769957476	0.0702016251052	0.094435452511
-les	0.0	1.0	0.0	0.0
-itá	0.292887029289	0.598326359833	0.0836820083682	0.0251046025105
-bró	0.031718061674	0.94449339207	0.0185022026432	0.00528634361235
-eel	0.0	1.0	0.0	0.0
-rra	0.0280373831776	0.93691588785	0.0350467289719	0.0
-úro	0.163636363636	0.127272727273	0.6	0.109090909091
-uya	0.10302498904	0.384042086804	0.105217010083	0.407715914073
-rro	0.0	0.976461357395	0.0235386426049	0.0
-iud	0.0	1.0	0.0	0.0
-gio	0.0961538461539	0.884615384615	0.0192307692307	0.0
-udá	0.0498269896194	0.944636678201	0.0	0.00553633217993
-ndo	0.0	1.0	0.0	0.0
-yaj	0.384657897646	0.389852989941	0.0707416823257	0.154747430087
-gia	0.0	0.93986636971	0.0601336302895	0.0
-ala	0.0	1.0	0.0	0.0
-yoy	0.325539238183	0.525883432767	0.0409591555759	0.107618173474
-rou	0.246746417773	0.509399237544	0.0236624161956	0.220191928487
-yor	0.433372126855	0.415333139366	0.0320046552225	0.119290078557
-tca	0.244200115735	0.412646641065	0.141774948708	0.201378294492
-cuí	0.173269830566	0.0789007839501	0.0307047121301	0.717124673354
-abú	0.358884141744	0.230962553405	0.131834990845	0.278318314006
-yot	0.375286613583	0.146120815442	0.151748863968	0.326843707008
-sór	0.343727619873	0.323878835228	0.288800948847	0.0435925960523
-hác	0.770687950137	0.10946664037	0.0260448357231	0.0938005737697
-abá	0.0228156853733	0.868894615608	0.090781259404	0.017508439615
-yoc	0.442896935933	0.481894150418	0.025069637883	0.050139275766
-uey	0.365373143084	0.391093112561	0.0666528400336	0.176880904322
-abé	0.0204081632653	0.954303460515	0.0146406388643	0.0106477373558
-núb	0.0	0.995689655172	0.00431034482758	0.0
-chi	0.158745539145	0.426272476978	0.111856287369	0.303125696507
-tes	0.150537634409	0.849462365591	0.0	0.0
-rót	0.665454545455	0.334545454545	0.0	0.0
-cho	0.161214953271	0.167056074766	0.0	0.671728971963
-oró	0.0761099365751	0.752642706131	0.171247357294	0.0
-ien	0.0144254862854	0.0954017975172	0.176712206997	0.713460509201
-che	0.249498099184	0.522361283157	0.115415830165	0.112724787493
-peu	0.357142857143	0.59243697479	0.0252100840336	0.0252100840336
-iyo	0.374493295915	0.453227315248	0.0834112878079	0.088868101029
-iyi	0.303797468354	0.620253164557	0.0	0.0759493670886
-elo	0.0384615384616	0.961538461538	0.0	0.0
-mán	0.171062625147	0.641614306428	0.0724470068356	0.114876061589
-iya	0.115662256705	0.750439145945	0.0399940709628	0.093904526387
