-ãcũ	0.211573522119	0.402282419177	0.146221475089	0.239922583616
-imó	0.00222434064188	0.994915792819	0.0	0.00285986653956
-'cʉ	0.432613995653	0.281017988637	0.056973396299	0.229394619411
-ĩrĩ	0.153987376077	0.619324043152	0.143286765863	0.0834018149074
-esú	0.0335854133502	0.627360414807	0.00335334153328	0.335700830309
-jãa	0.280816326531	0.148299319728	0.0043537414966	0.566530612245
-ijĩ	0.291666666667	0.0208333333333	0.270833333333	0.416666666667
-eus	0.0701754385965	0.859649122807	0.0701754385965	0.0
-car	0.0	0.962264150943	0.0	0.0377358490566
-ive	0.303867403315	0.696132596685	0.0	0.0
-rbe	0.0	0.914634146342	0.0	0.0853658536585
-pã́	0.0343639591499	0.930656870155	0.00826141217415	0.0267177585207
-caz	0.0	1.0	0.0	0.0
-'tã	0.507293354943	0.376012965964	0.0	0.116693679092
-ugʉ	0.291164885166	0.477796266526	0.0473813351383	0.183657513169
-ivo	0.00835721107928	0.902101241643	0.0787965616046	0.0107449856734
-oye	0.0210526315789	0.978947368421	0.0	0.0
-'ba	0.0939702427565	0.827721221613	0.0783085356304	0.0
-oya	0.584195504407	0.273753331389	0.0385382691555	0.103512895049
-dío	0.0486574792265	0.652044930286	0.11665411958	0.182643470907
-ecã	0.248865533745	0.120213800977	0.0225793482215	0.608341317057
-día	0.0452716297786	0.89939637827	0.0553319919517	0.0
-úwĩ	0.20412371134	0.783505154639	0.0123711340206	0.0
-erʉ	0.101172496671	0.816980090292	0.0818474130372	0.0
-oyu	0.13345295503	0.054054054054	0.657452057867	0.155040933049
-lea	0.00146246343841	0.985862853429	0.00438739031524	0.00828729281768
-iwʉ	0.445718969471	0.334390193187	0.0778658748732	0.142024962469
-ufo	0.0	1.0	0.0	0.0
-ẽpã	0.264150943396	0.339622641509	0.396226415094	0.0
-ecõ	0.013455779672	0.979816330492	0.00672788983599	0.0
-ãpe	0.209046732367	0.684681411508	0.0653980653072	0.040873790817
-ejã	0.13405023201	0.0774839802608	0.76821094498	0.0202548427488
-ũ'u	0.427969001531	0.234623328741	0.0909438910243	0.246463778704
-nto	0.0502926252451	0.544537412624	0.00806777529973	0.397102186831
-nta	0.0197551954409	0.126598255654	0.0139784054383	0.839668143467
-óne	0.140350877193	0.157894736842	0.666666666667	0.0350877192982
-nte	0.0232889118903	0.726743433821	0.0	0.249967654289
-ĩ'a	0.568945459522	0.166906179429	0.0422911106549	0.221857250394
-asʉ	0.474392944444	0.322096834619	0.101450454449	0.102059766488
-aĩ́	0.0	1.0	0.0	0.0
-ejõ	0.199684063197	0.152503769308	0.271431633023	0.376380534472
-ʉcʉ	0.160949014141	0.541799442342	0.26887074288	0.0283808006373
-ntu	0.0155480245563	0.933487803029	0.0204203163741	0.03054385604
-óta	0.679682329583	0.255459960291	0.0158835208471	0.0489741892786
-duu	0.177981184846	0.466056445461	0.142384947877	0.213577421816
-eña	0.529583637692	0.244785325866	0.129047966886	0.096583069556
-lía	0.0437817258883	0.942258883249	0.00190355329949	0.0120558375634
-cjõ	0.122726982935	0.672728045506	0.159173177867	0.0453717936912
-pre	0.0	1.0	0.0	0.0
-meó	0.15961435458	0.75040171398	0.0128548473487	0.0771290840921
-arã	0.357201540079	0.224766795516	0.0843823082255	0.33364935618
-ópĩ	0.236111111111	0.118055555556	0.0	0.645833333333
-más	0.0199275362319	0.95652173913	0.0	0.0235507246377
-loe	0.0267857142857	0.8125	0.107142857143	0.0535714285714
-aré	0.0	1.0	0.0	0.0
-eño	0.302160373686	0.224892954457	0.0700661736084	0.402880498248
-arõ	0.192773288535	0.312858243364	0.144945969472	0.349422498629
-opo	0.0	0.916178818521	0.0838211814795	0.0
-õco	0.365044247788	0.511694058154	0.0948166877371	0.0284450063211
-zor	0.0	1.0	0.0	0.0
-tín	0.0	0.975609756098	0.0243902439024	0.0
-mán	0.0	0.558667676003	0.441332323997	0.0
-ope	0.132451377476	0.631662993247	0.0532790525223	0.182606576755
-õca	0.286230248307	0.344018058691	0.194582392776	0.175169300226
-ʉgʉ	0.202160548323	0.528010014453	0.20649862011	0.0633308171133
-'ia	0.00837598710358	0.703244905691	0.27071338895	0.0176657182548
-dea	0.0265333826978	0.95968571311	0.00555349870419	0.00822740548767
-dec	0.0815822002473	0.859703337454	0.00741656365884	0.0512978986403
-ãgã	0.125502086869	0.745951594296	0.0683864966568	0.0601598221782
-deo	0.00158311345647	0.998416886544	0.0	0.0
-ima	0.580675734616	0.192822224955	0.0604008084738	0.166101231955
-'ti	0.12261268408	0.357525087571	0.0307585275908	0.489103700758
-'to	0.306012719555	0.25063470764	0.0745161387728	0.368836434032
-imi	0.684063965247	0.143144278873	0.0276428787035	0.145148877177
-'ta	0.0934729114427	0.558493631895	0.010368993553	0.337664463109
-nae	0.0168776371308	0.983122362869	0.0	0.0
-'te	0.109630501878	0.0468867446578	0.0156627071343	0.82782004633
-imo	0.235587373006	0.48182512189	0.0774078257888	0.205179679315
-ido	0.0	0.545961002785	0.041782729805	0.41225626741
-les	0.0384615384615	0.961538461538	0.0	0.0
-eco	0.280442184019	0.388571308478	0.0334159976462	0.297570509857
-rpo	0.0	1.0	0.0	0.0
-ulṍ	0.0	1.0	0.0	0.0
-eca	0.422925859105	0.357365511355	0.0534067716068	0.166301857932
-ida	0.0171102661597	0.98288973384	0.0	0.0
-ẽjẽ	0.514770168234	0.412902371175	0.0108623658763	0.0614650947145
-ĩgõ	0.461252275786	0.236760864403	0.0918230032455	0.210163856566
-bia	0.146561443066	0.774520856821	0.0270574971815	0.0518602029312
-eja	0.287713056483	0.558109929314	0.0220834574738	0.132093556729
-ter	0.011320754717	0.943396226415	0.0452830188679	0.0
-uta	0.227762457971	0.213891056434	0.116375888985	0.44197059661
-eje	0.083418360034	0.197061986854	0.493286695171	0.226232957942
-ria	0.0378990284305	0.937906344845	0.00229584049207	0.021898786232
-alí	0.0	1.0	0.0	0.0
-rio	0.139314397649	0.742213516161	0.0197453476983	0.0987267384917
-uti	0.425328059848	0.393932425803	0.0952753249939	0.0854641893549
-uto	0.25879788228	0.143413266895	0.0177514792899	0.580037371535
-igṍ	0.256325632563	0.399889988999	0.13696369637	0.206820682068
-ejo	0.288980914656	0.465034209579	0.0942023766655	0.1517824991
-tea	0.339070695132	0.481790647854	0.0853217108665	0.0938169461477
-a'i	0.0744535060008	0.855624388532	0.00986751208	0.0600545933875
-ũña	0.382580906865	0.229717120436	0.0608115794808	0.326890393218
-ʉtʉ	0.230325811135	0.0842468077023	0.150339923738	0.535087457425
-a'a	0.421577376431	0.255330067566	0.0931629940237	0.229929561979
-teo	0.0112772627828	0.936463901482	0.0020299073009	0.0502289284345
-lux	0.0197368421053	0.763157894737	0.197368421053	0.0197368421053
-are	0.252115837944	0.514491371955	0.042128377212	0.191264412889
-e'e	0.269133184675	0.116620348355	0.0285509577425	0.585695509228
-lem	0.0	1.0	0.0	0.0
-ara	0.0937688426672	0.77977334687	0.0409037265321	0.0855540839308
-e'a	0.600814750557	0.211358881461	0.0557483288259	0.132078039156
-ũrẽ	0.228227093307	0.760854959268	0.00125976316453	0.00965818426137
-e'o	0.277594422949	0.412961989539	0.128482425224	0.180961162288
-ẽcʉ	0.523897058824	0.285692401961	0.0890522875817	0.101358251634
-aro	0.29518690312	0.247333806003	0.107073034695	0.350406256182
-ari	0.339589339272	0.41513418174	0.0707200043742	0.174556474614
-rón	0.0	1.0	0.0	0.0
-jia	0.188034188034	0.42735042735	0.35754985755	0.0270655270655
-ʉwã	0.236111111111	0.486111111111	0.277777777778	0.0
-oyo	0.131940626718	0.450247388675	0.379329301814	0.0384826827927
-mea	0.189393939394	0.810606060606	0.0	0.0
-mec	0.0	1.0	0.0	0.0
-cja	0.121119009369	0.598941965759	0.25236717037	0.0275718545026
-õcã	0.525405735976	0.253260152898	0.163973439179	0.0573606719471
-cjo	0.375105272023	0.282971197574	0.196227050699	0.145696479704
-meo	0.395348837209	0.53206483439	0.0387596899225	0.0338266384778
-mei	0.0	1.0	0.0	0.0
-ʉba	0.556841615113	0.284130468525	0.0517084636023	0.107319452759
-opã	0.411280262508	0.269950877408	0.111724755244	0.207044104841
-bán	0.25945945946	0.47027027027	0.172972972973	0.0972972972972
-aya	0.519047326712	0.341798295614	0.0405151443527	0.0986392333206
-ũrũ	0.0178571428572	0.922619047619	0.0	0.0595238095239
-ãco	0.553178986955	0.20061111764	0.0611117640146	0.18509813139
-ãca	0.406799458994	0.34962498463	0.0818886019919	0.161686954383
-óya	0.813801551654	0.0187831768069	0.0	0.167415271539
-ĩti	0.581395705474	0.207773207828	0.0588265964919	0.152004490205
-ayi	0.124913254684	0.854267869535	0.0	0.0208188757807
-ayu	0.168608292622	0.673556307153	0.0645120881874	0.0933233120381
-ucʉ	0.299980475893	0.421483851978	0.05999847375	0.21853719838
-́gõ	0.26554013277	0.58961979481	0.07242003621	0.07242003621
-'gʉ	0.547738693467	0.0879396984924	0.125628140703	0.238693467337
-mos	0.0462427745664	0.93063583815	0.0	0.0231213872832
-tʉo	0.104046242775	0.895953757225	0.0	0.0
-ũmí	0.437616617798	0.333050911999	0.079585697422	0.149746772781
-éta	0.328597358703	0.428678725668	0.0849971834512	0.157726732177
-irṍ	0.353813079882	0.261823942068	0.0769404842725	0.307422493777
-coé	0.730337078652	0.0337078651686	0.0337078651685	0.202247191011
-ʉpo	0.0180129468055	0.965099915564	0.0101322825781	0.00675485505208
-̃cã	0.256932350971	0.533020763563	0.041259209645	0.168787675821
-ʉpa	0.415384615385	0.246153846154	0.230769230769	0.107692307692
-rac	0.0	1.0	0.0	0.0
-xad	0.0	1.0	0.0	0.0
-opĩ	0.406843795938	0.305956334731	0.0647901127021	0.222409756629
-tji	0.280233284264	0.513193275018	0.0755476930832	0.131025747635
-ʉwĩ	0.274390243902	0.542682926829	0.146341463415	0.0365853658537
-égʉ	0.367327205055	0.151318835183	0.0423165515904	0.439037408171
-mʉa	0.101565927366	0.760483642391	0.0558815106904	0.0820689195534
-ota	0.196945307598	0.235386159606	0.102116456886	0.46555207591
-'ma	0.136645844118	0.382865815235	0.409408037627	0.07108030302
-ã'a	0.372544703009	0.326189778361	0.15126227763	0.150003241001
-ote	0.076424097612	0.905563488809	0.00308784232775	0.0149245712508
-isé	0.0349271789727	0.904338677416	0.0134774461769	0.0472566974344
-oti	0.551768477463	0.226362983805	0.0668106549805	0.155057883752
-'mi	0.301701522991	0.422684544196	0.153556073745	0.122057859069
-ijo	0.123326681791	0.77034474212	0.0694390700992	0.0368895059902
-'mo	0.199694115753	0.745423810674	0.0157771874748	0.0391048860984
-'co	0.403988867483	0.365047241528	0.0672728917071	0.163690999282
-oto	0.142857142857	0.666666666666	0.0952380952381	0.0952380952381
-uma	0.473865615888	0.288125646257	0.142805242713	0.0952034951419
-eví	0.115343960086	0.839668512959	0.0177582343241	0.0272292926304
-umo	0.447884416925	0.523219814242	0.0	0.0288957688338
-umi	0.284408084697	0.465351299326	0.218479307026	0.0317613089509
-õrõ	0.467509956394	0.457244377801	0.0513973127082	0.0238483530966
ALL	0.222859344769	0.274643038218	0.0516084537492	0.450889163263
-ipʉ	0.0917466215756	0.433775885964	0.0080674621166	0.466410030344
-úca	0.364279909158	0.3299254882	0.0902344729107	0.215560129731
-nam	0.0	1.0	0.0	0.0
-ĩ'i	0.578513852648	0.195290085817	0.0654943878511	0.160701673684
-ĩ'o	0.600562587904	0.163150492264	0.135021097046	0.101265822785
-aús	0.367231638418	0.564971751412	0.0677966101695	0.0
-aúl	0.41782729805	0.519498607242	0.041782729805	0.0208913649025
-juã	0.0599224231362	0.868033768752	0.0103816097199	0.0616621983914
-ene	0.0181132075472	0.978867924528	0.00301886792453	0.0
-sio	0.143401015228	0.57423857868	0.0380710659898	0.244289340102
-'ĩa	0.189189189189	0.689189189189	0.0	0.121621621622
-nas	0.00495750708215	0.975212464589	0.00283286118981	0.0169971671388
-sia	0.0451531417745	0.951057783391	0.00378907483423	0.0
-ala	0.0775757575758	0.866666666667	0.00727272727274	0.0484848484848
-ewʉ	0.515867257265	0.119963595526	0.0362959282932	0.327873218915
-nau	0.0	1.0	0.0	0.0
-ʉjo	0.234288244542	0.632724034309	0.08537483333	0.0476128878186
-ayá	0.537892791128	0.275046210721	0.0731977818854	0.113863216266
-mor	0.0539568345324	0.919064748201	0.0269784172662	0.0
-'ca	0.459243980802	0.419777081433	0.0630677085399	0.0579112292253
-ãcã	0.29728920001	0.403615582373	0.100016446708	0.199078770908
-wʉ̃	0.531363931375	0.152373784947	0.0314874640457	0.284774819632
-gog	0.0192307692308	0.961538461538	0.0192307692308	0.0
-ũma	0.407487791644	0.368149755833	0.0832881172002	0.141074335323
-cár	0.0	1.0	0.0	0.0
-moa	0.168887543059	0.696995878629	0.0877552919817	0.0463612863299
-cos	0.131147540983	0.868852459017	0.0	0.0
-ũmi	0.362046346371	0.386382987962	0.108783156347	0.142787509321
-mol	0.0	0.97247706422	0.0275229357798	0.0
-ocʉ	0.549303274055	0.220869461144	0.0572937587676	0.172533506033
-éca	0.395020464502	0.134789928419	0.0248757242842	0.445313882795
-u'u	0.317203617765	0.349979447122	0.170832775142	0.161984159971
-ópã	0.274647887324	0.253521126761	0.0	0.471830985916
-ãma	0.307626893379	0.249340358585	0.0999061167578	0.343126631279
-coe	0.661274976213	0.148430066603	0.0808753568031	0.109419600381
-icã	0.165804022508	0.134218548672	0.046306444766	0.653670984053
-ẽgõ	0.630872483221	0.295302013423	0.0402684563758	0.0335570469799
-coa	0.0470957613815	0.866562009419	0.0235478806907	0.0627943485087
-eor	0.0	1.0	0.0	0.0
-ãmi	0.255139493689	0.553231379217	0.115526489909	0.0761026371846
-cob	0.00427198291207	0.98932004272	0.0	0.0064079743681
-u'e	0.27717090708	0.352253871682	0.0871128318584	0.28346238938
-yaa	0.357454228422	0.466434176112	0.132519616391	0.0435919790758
-u'a	0.316480253724	0.453599203738	0.172056615551	0.0578639269869
-saʉ	0.400999121124	0.297999461401	0.106968170498	0.194033246977
-rla	0.0	0.969018932874	0.0309810671256	0.0
-nós	0.0	1.0	0.0	0.0
-u'i	0.222328977709	0.183128362798	0.0816679477325	0.51287471176
-cor	0.0	1.0	0.0	0.0
-iso	0.0384615384615	0.961538461538	0.0	0.0
-otá	0.180479258367	0.186247744691	0.120733177748	0.512539819194
-reo	0.0163688446324	0.894966580276	0.0832082935479	0.00545628154414
-die	0.0	1.0	0.0	0.0
-fes	0.214285714286	0.721428571429	0.0214285714286	0.0428571428571
-ise	0.147620798531	0.380502067341	0.0602401693549	0.411636964773
-rea	0.0227348712805	0.935807422267	0.0	0.0414577064527
-ãme	0.195375012325	0.689151984467	0.00265455179788	0.11281845141
-red	0.0	1.0	0.0	0.0
-ĩrã	0.394067594046	0.287252223561	0.103282574598	0.215397607795
-eve	0.0	0.248724489796	0.279336734694	0.47193877551
-mia	0.104211472763	0.650278185892	0.0761686873192	0.169341654025
-eva	0.0	1.0	0.0	0.0
-upa	0.0723684210526	0.871710526316	0.046052631579	0.00986842105262
-ĩrõ	0.145463710867	0.227472957166	0.0478922219504	0.579171110016
-upi	0.397140279911	0.559731363899	0.0	0.0431283561895
-̃'e	0.295454545455	0.212121212121	0.492424242424	0.0
-avi	0.0110678686963	0.948700264381	0.00295581063106	0.0372760562918
-hab	0.00256311674997	0.99743688325	0.0	0.0
-naé	0.0155440414508	0.922279792746	0.0621761658031	0.0
-̃co	0.436241610738	0.312080536913	0.231543624161	0.0201342281879
-naí	0.00506329113924	0.994936708861	0.0	0.0
-rʉo	0.290489913545	0.48818443804	0.0587896253602	0.162536023055
-mas	0.0	1.0	0.0	0.0
-mar	0.0	1.0	0.0	0.0
-ĩ'ó	0.454244762955	0.413450937155	0.0	0.13230429989
-ãmo	0.232530407823	0.48843310279	0.232530407823	0.0465060815645
-íca	0.329618672906	0.1389576099	0.01830007402	0.513123643174
-jua	0.642464246425	0.134213421342	0.016501650165	0.206820682068
-sés	0.0	1.0	0.0	0.0
-maa	0.0262833021385	0.874477320696	0.0107522599658	0.0884871171997
-íco	0.53026854802	0.46973145198	0.0	0.0
-ʉ̃́	0.162143565451	0.156424886355	0.135018446957	0.546413101236
-jaʉ	0.4393757503	0.166566626651	0.0300120048019	0.364045618247
-ẽca	0.255511022044	0.418837675351	0.200400801603	0.125250501002
-õwã	0.300993476549	0.557464485535	0.0101101455655	0.131431892351
-aña	0.443452197836	0.388291685345	0.0455886532303	0.122667463589
-arʉ	0.0689260870946	0.811231458247	0.0993869707461	0.0204554839119
-arĩ	0.167245592909	0.092414859309	0.00809703680585	0.732242510976
-óca	0.458721467681	0.241733627249	0.0536869800185	0.245857925052
-pta	0.0	1.0	0.0	0.0
-pto	0.0972447325769	0.886547811994	0.0162074554295	0.0
-ó'o	0.840834998985	0.0792564960398	0.0152634222987	0.0646450826768
-ímá	0.0329942260104	0.628814957382	0.338190816607	0.0
-cjʉ	0.348928776512	0.432735355162	0.0816201260828	0.136715742243
-igo	0.335533628861	0.456924888058	0.0651837550152	0.142357728066
-gad	0.0	1.0	0.0	0.0
-asã	0.0251321936241	0.188973187425	0.0121290675152	0.773765551435
-orẽ	0.119650538386	0.744267829622	0.0170567562814	0.11902487571
-ado	0.0458015267176	0.885496183206	0.0687022900763	0.0
-tro	0.145430205671	0.249117682853	0.0146038700256	0.590848241451
-tri	0.0	0.966666666667	0.0	0.0333333333333
-gai	0.0	1.0	0.0	0.0
-adi	0.0	1.0	0.0	0.0
-gau	0.0	1.0	0.0	0.0
-orĩ	0.293410816744	0.484091929682	0.0638539355175	0.158643318056
-gar	0.0391263844322	0.791325949695	0.169547665873	0.0
-ʉti	0.522967408297	0.194836522814	0.0404690615427	0.241727007346
-ʉte	0.051724137931	0.948275862069	0.0	0.0
-dré	0.00374531835206	0.995006242197	0.0	0.00124843945069
-nor	0.0	1.0	0.0	0.0
-ʉta	0.369803368192	0.301508481413	0.068021986683	0.260666163712
-seo	0.0226720052662	0.94667684963	0.00147631662198	0.029174828482
-ecʉ	0.575357551904	0.131256265844	0.0261408976595	0.267245284592
-lao	0.437037037037	0.296296296296	0.0	0.266666666667
-bel	0.045914298279	0.951998688163	0.00208701355814	0.0
-iwõ	0.16680504789	0.192994817859	0.00606806533121	0.63413206892
-̶sã	0.0695208746912	0.0817048733662	0.00263601732773	0.846138234615
-ina	0.271700233277	0.514515675953	0.146365890299	0.0674182004715
-uis	0.0	1.0	0.0	0.0
-sec	0.0	1.0	0.0	0.0
-ine	0.235602094241	0.635817677856	0.0700646750847	0.058515552818
-sea	0.0472139117427	0.927543006732	0.0014023934181	0.0238406881077
-món	0.0579710144928	0.942028985507	0.0	0.0
-iwã	0.35720785115	0.0467673143488	0.00711191793361	0.588912916568
-uim	0.0	1.0	0.0	0.0
-use	0.155796788812	0.243904941696	0.329798764092	0.2704995054
-ẽpʉ	0.177933998689	0.74306112042	0.0127485976542	0.0662562832375
-úpʉ	0.238636363636	0.556818181818	0.0454545454546	0.159090909091
-erã	0.235126479872	0.386679179361	0.018355694432	0.359838646335
-ser	0.0	1.0	0.0	0.0
-blo	0.0336973478939	0.855146097736	0.00539697263566	0.105759581735
-eda	0.0	1.0	0.0	0.0
-ñai	0.25	0.75	0.0	0.0
-són	0.0	1.0	0.0	0.0
-õrĩ	0.144673295729	0.761002264765	0.0403640619508	0.0539603775553
-ógʉ	0.391627906977	0.367441860465	0.0279069767442	0.213023255814
-baʉ	0.429638139	0.327972429638	0.0103388856979	0.232050545663
-nes	0.0267094017094	0.797602089269	0.0166191832859	0.159069325736
-'cã	0.260605178232	0.105754376727	0.0149964604306	0.61864398461
-rso	0.0276497695852	0.806451612903	0.152073732719	0.0138248847926
-ʉrẽ	0.0763153384371	0.0919756334983	0.00892511843759	0.822783909627
-áca	0.389046095903	0.272367495914	0.0745940423922	0.26399236579
-bed	0.292682926829	0.707317073171	0.0	0.0
-ias	0.0	0.993506493506	0.0064935064935	0.0
-ãrĩ	0.133477549471	0.740216623489	0.0346231473665	0.0916826796733
-'cõ	0.277783576985	0.182277565316	0.0574468271482	0.482492030551
-ẽ'e	0.316972993359	0.507038933641	0.0505601093701	0.12542796363
-ooz	0.0373831775701	0.96261682243	0.0	0.0
-ẽ'a	0.297271421733	0.51795117281	0.0134035423648	0.171373863092
-nea	0.0	1.0	0.0	0.0
-ẽcã	0.236253431264	0.259297165774	0.0721576385785	0.432291764383
-rʉ̃	0.300891933987	0.537299545107	0.0474638327991	0.114344688107
-ĩjo	0.376041988268	0.239271380055	0.293917875888	0.0907687557889
-õcʉ	0.632451565469	0.174909727447	0.0297615980045	0.16287710908
-joo	0.423924960409	0.116335729078	0.00511633572908	0.454622974784
-opʉ	0.19341018173	0.180848467329	0.0334574464432	0.592283904497
-ẽcõ	0.00450715510873	0.995492844891	0.0	0.0
-̃rĩ	0.143414634146	0.824390243902	0.0263414634146	0.00585365853658
-ũwĩ	0.413077121486	0.36561774568	0.137735362394	0.0835697704411
-bas	0.0	1.0	0.0	0.0
-ʉ̃a	0.0614264596906	0.857749251243	0.0655574789096	0.015266810157
-́ti	0.0	0.755102040816	0.0	0.244897959184
-ase	0.226278695207	0.390437764972	0.106842765638	0.276440774183
-que	0.31936440409	0.396724008182	0.0746993849576	0.209212202771
-asa	0.365682288706	0.356339100866	0.200637181811	0.0773414286174
-aso	0.83164983165	0.121212121212	0.0471380471381	0.0
-ʉco	0.0891336378673	0.617608792905	0.125835724048	0.16742184518
-asu	0.11956276139	0.114468181256	0.110669628202	0.655299429151
-̶tã	0.48	0.474285714286	0.0	0.0457142857143
-usu	0.709219858156	0.0921985815602	0.141843971631	0.0567375886524
-dro	0.0214188041773	0.94675551504	0.00778498908891	0.0240406916943
-yee	0.177922077922	0.641558441559	0.0987012987013	0.0818181818182
-ʉca	0.179682974637	0.683794448492	0.035462304842	0.101060272029
-cjã	0.0	0.645027029613	0.354972970387	0.0
-ipĩ	0.544732362398	0.323340268583	0.031208624929	0.100718744089
-ogo	0.283982612875	0.40556777359	0.11860112122	0.191848492315
-tẽo	0.428412462908	0.402818991098	0.0259643916914	0.142804154303
-ojã	0.234349919743	0.332263242376	0.404494382023	0.0288924558588
-dia	0.0854576642683	0.571591937866	0.0304950683757	0.31245532949
-ũse	0.152625292034	0.544010778182	0.0788457707369	0.224518159048
-ras	0.0911392405063	0.827848101266	0.0303797468354	0.0506329113924
-'rẽ	0.466957130367	0.416676555995	0.0320753300412	0.0842909835967
-ĩma	0.376424206948	0.334570918164	0.134621336658	0.15438353823
-eri	0.160032526637	0.614166842883	0.0934990155412	0.132301614939
-iwa	0.0833259393599	0.626002179152	0.282920631315	0.00775125017301
-ram	0.0	1.0	0.0	0.0
-uía	0.00553505535057	0.994464944649	0.0	0.0
-isa	0.140301151461	0.853321523472	0.00637732506644	0.0
-ero	0.247150581401	0.272893834585	0.0839354244809	0.396020159533
-ĩmi	0.503924954827	0.208210925519	0.159816013964	0.12804810569
-era	0.3084450888	0.510847615596	0.0377983741522	0.142908921452
-uío	0.0	1.0	0.0	0.0
-rae	0.025060772373	0.870561110693	0.00488685061273	0.0994912663208
-ere	0.264517775827	0.309285076624	0.0548004525225	0.371396695026
-ewĩ	0.525523181871	0.172382645393	0.0249667591629	0.277127413574
-boa	0.281193877303	0.468909546638	0.197770909887	0.0521256661719
-awĩ	0.565965924408	0.213454866833	0.0447413882516	0.175837820508
-irẽ	0.117718446602	0.72390776699	0.0946601941747	0.0637135922329
-quẽ	0.133015675098	0.819780904881	0.0	0.0472034200214
-ugõ	0.167411058063	0.816417680579	0.0	0.0161712613584
-oná	0.00581245156291	0.983725135624	0.0	0.0104624128132
-bbí	0.653846153846	0.269230769231	0.0	0.076923076923
-ẽrẽ	0.0156006240249	0.890795631825	0.0	0.0936037441498
-wʉa	0.201775456919	0.798224543081	0.0	0.0
-opa	0.139708015083	0.495343066164	0.0294563150601	0.335492603693
-ucũ	0.207280223659	0.531783908955	0.106746491203	0.154189376183
-poo	0.0448089617923	0.682136427285	0.273054610922	0.0
-áta	0.241623654058	0.252584678621	0.137640346611	0.368151320709
-ugo	0.5375	0.36875	0.01875	0.075
-poa	0.0732800782523	0.839229431584	0.00380393435496	0.0836865558092
-aza	0.0422419122193	0.828628339859	0.0755546397418	0.0535751081805
-áti	0.0697247706422	0.757798165138	0.165137614679	0.00733944954129
-ewõ	0.356834897286	0.421506467157	0.1501394877	0.071519147857
-lac	0.0	1.0	0.0	0.0
-íña	0.485024154589	0.27729468599	0.0579710144927	0.179710144928
-ipã	0.334638750816	0.357081889843	0.148365717729	0.159913641613
-ĩse	0.228667299786	0.534341341599	0.0750447245702	0.161946634045
-ápʉ	0.228429365311	0.673735010237	0.0122842936531	0.0855513307984
-̃'ʉ	0.341686974866	0.562834175972	0.0292801804095	0.066198668752
-'na	0.352517985612	0.230215827338	0.395683453237	0.021582733813
-uja	0.605653710248	0.37738515901	0.0	0.016961130742
-ewã	0.434076536558	0.252994784204	0.0310464072142	0.281882272024
-eón	0.0810810810811	0.918918918919	0.0	0.0
-ʉgõ	0.0	0.933333333333	0.0	0.0666666666666
-res	0.0793377640636	0.499347258486	0.200569665322	0.220745312129
-́ma	0.504975323768	0.19504528747	0.211007546003	0.0889718427591
-noa	0.117566002609	0.0816512013134	0.0233079730859	0.777474822991
-ícʉ	0.420897885333	0.305213162954	0.0940857175166	0.179803234197
-noc	0.0130718954248	0.956427015251	0.0174291938998	0.0130718954248
-dos	0.0	0.0310157663479	0.015507883174	0.953476350478
-awã	0.514588315008	0.260151499335	0.0631609912696	0.162099194388
-õmi	0.439374056008	0.500829474831	0.0415975437641	0.0181989253968
-cũa	0.284682080925	0.541907514451	0.086705202312	0.0867052023122
-fán	0.0	1.0	0.0	0.0
-ṹca	0.418918918919	0.326709062003	0.00794912559619	0.246422893482
-urõ	0.208436034666	0.188427342271	0.145361680928	0.457774942136
-liṍ	0.0	1.0	0.0	0.0
-́cã	0.20202020202	0.425685425685	0.017316017316	0.354978354978
-tĩa	0.041124561602	0.85026586718	0.0778368593732	0.0307727118452
-ãri	0.0	0.848684210526	0.0197368421053	0.131578947368
-ges	0.0236220472441	0.905511811024	0.0708661417323	0.0
-egó	0.227722772277	0.712871287129	0.0	0.0594059405941
-ãre	0.464891041162	0.484261501211	0.0	0.0508474576271
-awõ	0.383130556855	0.236137108095	0.195776789892	0.184955545157
-doc	0.0	1.0	0.0	0.0
-sar	0.0369458128079	0.830049261084	0.0295566502463	0.103448275862
-íre	0.0164962058726	0.983503794127	0.0	0.0
-ũwõ	0.452104664391	0.382707622298	0.0914675767918	0.0737201365187
-ĩ́o	0.516666666667	0.125	0.233333333333	0.125
-̃rõ	0.158826068192	0.779024600777	0.0414328873543	0.0207164436772
-ũwã	0.670418730302	0.214571139127	0.0351755965781	0.0798345339937
-oli	0.006600660066	0.81298129813	0.002200220022	0.178217821782
-saa	0.0	0.991231732777	0.00375782881002	0.00501043841336
-tor	0.0355029585799	0.91124260355	0.0355029585799	0.0177514792899
-tos	0.0535182331793	0.0800205444274	0.0215716486903	0.844889573703
-olo	0.0137028014616	0.981729598051	0.0	0.00456760048721
-ago	0.129421531354	0.819120265653	0.0263727802108	0.0250854227826
-ũrã	0.307899524404	0.291874765349	0.0509630563797	0.349262653867
-iba	0.576865678155	0.231453764229	0.0489601424295	0.142720415187
-sam	0.0	1.0	0.0	0.0
-éli	0.0374720357942	0.914988814318	0.00838926174496	0.0391498881432
-ãgõ	0.640531062124	0.196643286573	0.0976953907816	0.0651302605211
-'gõ	0.213751335946	0.62023512647	0.0356252226576	0.130388314927
-iel	0.0	1.0	0.0	0.0
-ros	0.0185528756957	0.856636869624	0.0944510035419	0.0303592511385
-rʉa	0.374437195049	0.199884456222	0.193586064416	0.232092284313
-égo	0.238095238095	0.419047619048	0.31746031746	0.0253968253968
-loc	0.0	1.0	0.0	0.0
-aní	0.0	1.0	0.0	0.0
-ámi	0.766816143498	0.195515695067	0.0161434977579	0.0215246636771
-'rʉ	0.392427513099	0.395761758536	0.111682020411	0.100128707955
-órẽ	0.0283630470016	0.94489465154	0.0194489465154	0.00729335494329
-oca	0.294721249415	0.256120178215	0.156040990775	0.293117581596
-cũu	0.547697974217	0.317403314917	0.00828729281768	0.126611418048
-écʉ	0.417475728155	0.417475728155	0.165048543689	0.0
-pãa	0.60951799878	0.109823062843	0.139109212935	0.141549725442
-áma	0.659782608696	0.288043478261	0.0130434782609	0.0391304347826
-rom	0.0	1.0	0.0	0.0
-lot	0.0	1.0	0.0	0.0
-upʉ	0.14505608573	0.49339595451	0.0268942427443	0.334653717016
-los	0.140287769784	0.794964028777	0.021582733813	0.0431654676259
-ore	0.154788964239	0.488867342982	0.0373767328873	0.318966959892
-ipi	0.28095937347	0.647087616251	0.0719530102791	0.0
-ipo	0.115608055771	0.854376452363	0.0183965917893	0.0116189000774
-ión	0.00289561314608	0.959461415955	0.034747357753	0.00289561314608
-ére	0.0613702635925	0.895535883603	0.0073105643151	0.0357832884897
-iti	0.559028987273	0.21125635539	0.0486287113507	0.181085945986
-ĩsã	0.258890469417	0.631578947368	0.0697012802276	0.0398293029872
-'nã	0.651612903226	0.232258064516	0.0774193548387	0.0387096774194
-õse	0.270695334493	0.633765135685	0.0140499308561	0.0814895989652
-ipe	0.0453659429439	0.87826573733	0.0244892724161	0.0518790473099
-erĩ	0.077577384997	0.129358406536	0.0892148114189	0.703849397048
-ujã	0.63523743978	0.119064005506	0.0185822436339	0.22711631108
-aat	0.0	1.0	0.0	0.0
-irʉ	0.302788844622	0.370517928287	0.0876494023905	0.239043824701
-lén	0.0	1.0	0.0	0.0
-ũrõ	0.22695040842	0.147543846588	0.132022602639	0.493483142353
-iwĩ	0.131999200344	0.0387490828904	0.00397089865428	0.825280818111
-rõa	0.0835266821346	0.665893271462	0.250580046404	0.0
-rdi	0.0549450549451	0.912087912088	0.0	0.032967032967
-̃pʉ	0.176817895625	0.600199579458	0.0327405348254	0.190241990092
-awi	0.0	0.934579439252	0.0654205607477	0.0
-wẽe	0.34137577002	0.360369609856	0.0269507186858	0.271303901437
-tán	0.0	1.0	0.0	0.0
-ahã	0.0182620778312	0.918962029624	0.0530493510913	0.0097265414536
-'mʉ	0.127578304049	0.142093200917	0.662337662338	0.0679908326967
-ãrõ	0.241977379909	0.255671797482	0.0872175119386	0.41513331067
-ẽma	0.316004077472	0.60754332314	0.0764525993883	0.0
-oño	0.0	1.0	0.0	0.0
-ese	0.248506646316	0.432816488646	0.0500956499871	0.268581215051
-́ca	0.335444847538	0.210476136441	0.170522015706	0.283557000315
-árẽ	0.247908714367	0.618086575165	0.0603021197109	0.0737025907577
-ita	0.234047415385	0.331710789091	0.0972849105192	0.336956885004
-ãrã	0.39275180368	0.297314676828	0.115628920526	0.194304598966
-oña	0.453445007377	0.336354390003	0.10077404629	0.10942655633
-ãjã	0.529809637967	0.218968190994	0.0246062161295	0.226615954909
-írã	0.18023233758	0.104369258453	0.014543969044	0.700854434923
-ifá	0.0	0.878063359235	0.121936640765	0.0
-saú	0.0731261425959	0.881170018282	0.0	0.0457038391225
-ãnã	0.68359375	0.0390625	0.16015625	0.1171875
-uji	0.0556492880917	0.866275591302	0.0456822514185	0.0323928691877
-ẽta	0.317332358778	0.319639062329	0.0884908068493	0.274537772044
-õwĩ	0.383530556006	0.374576869166	0.047657643054	0.194234931775
-sto	0.0264875661017	0.866997055325	0.00476318294327	0.10175219563
-írõ	0.298719487795	0.202480992397	0.0640256102441	0.434773909564
-ẽgʉ	0.545454545454	0.30303030303	0.0	0.151515151515
-́rẽ	0.0775236877935	0.895801494901	0.00916946844869	0.0175053488566
-sta	0.0	0.708582834331	0.291417165669	0.0
-saí	0.0	1.0	0.0	0.0
-ʉri	0.330583423826	0.41712723599	0.0746527496394	0.177636590544
-ãcʉ	0.603332823958	0.20760398148	0.0536630529999	0.135400141562
-ĩco	0.364601769912	0.449557522124	0.0796460176991	0.106194690265
-'cũ	0.22502967081	0.579142982073	0.0618402148791	0.133987132238
-loé	0.0481927710843	0.867469879518	0.0	0.0843373493975
-mae	0.584375	0.178125	0.13125	0.10625
-'ui	0.506172839506	0.185185185185	0.246913580247	0.0617283950617
-cua	0.00274750435022	0.956039930397	0.00274750435022	0.038465060903
-uco	0.26455906822	0.483361064892	0.191347753744	0.0607321131447
-eyo	0.0621941937588	0.827769924976	0.10285962814	0.00717625312603
-eya	0.473716726641	0.219733826184	0.0517174555732	0.254831991602
-uca	0.219287785957	0.644646996728	0.063521650844	0.072543566471
-eye	0.133172082099	0.0707211352101	0.13111362888	0.664993153811
-sté	0.0	0.992010652463	0.0	0.00798934753661
-mue	0.0	1.0	0.0	0.0
-urĩ	0.228267667292	0.512195121951	0.15676464457	0.102772566187
-apʉ	0.260991589941	0.48406443161	0.0301661576535	0.224777820795
-mua	0.0264067903175	0.920779629047	0.052813580635	0.0
-erẽ	0.124061048894	0.667577164709	0.00930415187107	0.199057634526
-ũpã	0.547631718999	0.0127727514635	0.260777009047	0.17881852049
-igʉ	0.411514127957	0.356529362663	0.0881582902641	0.143798219116
-ʉjʉ	0.33855799373	0.0658307210032	0.595611285266	0.0
-leg	0.0	1.0	0.0	0.0
-amʉ	0.1563271351	0.177225604739	0.622017442817	0.0444298173441
-ití	0.276189387008	0.471466148216	0.178922689845	0.0734217749313
-icũ	0.393901936547	0.257519571487	0.182941903585	0.165636588381
-'re	0.663389618339	0.202826583859	0.112880079396	0.0209037184067
-esã	0.0870821295914	0.483697895171	0.0598431696244	0.369376805613
-sʉa	0.75	0.0277777777778	0.111111111111	0.111111111111
-'ri	0.0574468085106	0.942553191489	0.0	0.0
-'ro	0.130948645435	0.0216145172594	0.00235627448451	0.845080562821
-eel	0.0	1.0	0.0	0.0
-rra	0.0113764545954	0.974113745264	0.00438668376349	0.0101231163773
-e'é	0.72850678733	0.244343891403	0.027149321267	0.0
-fas	0.0628140703518	0.930904522613	0.00628140703517	0.0
-owã	0.511006921459	0.299150378906	0.0695125185919	0.120330181043
-apĩ	0.137846023617	0.182119062293	0.110913135571	0.569121778519
-rro	0.133986928105	0.846405228758	0.00980392156863	0.00980392156863
-úre	0.1	0.9	0.0	0.0
-ʉrã	0.105207587624	0.544265667799	0.12170710883	0.228819635747
-gio	0.0600494524902	0.929353585306	0.0105969622042	0.0
-tjo	0.267080833928	0.457844497439	0.0691353094476	0.205939359185
-udá	0.0103092783505	0.989690721649	0.0	0.0
-'sʉ	0.707317073171	0.182926829268	0.0731707317073	0.0365853658537
-ĩca	0.240655793408	0.177794767244	0.438837920489	0.142711518858
-ndo	0.0	0.803278688525	0.196721311475	0.0
-tje	0.389945666989	0.36535831843	0.0964279794382	0.148268035143
-tja	0.0476155974113	0.0474901611694	0.0408671275991	0.86402711382
-gia	0.00804289544236	0.817694369973	0.128686327078	0.0455764075067
-ãjĩ	0.351351351351	0.567567567568	0.0810810810811	0.0
-o'o	0.29556947868	0.199484517975	0.0421983796957	0.46274762365
-osé	0.0431591756027	0.939843334094	0.00901209217431	0.00798539812913
-dón	0.0	1.0	0.0	0.0
-íne	0.733966745843	0.266033254157	0.0	0.0
-ṍca	0.619220176837	0.172053920858	0.0730540658066	0.135671836498
-yoo	0.173472759432	0.753056424809	0.0734708157593	0.0
-abá	0.0392910154544	0.947611979394	0.00785820309089	0.00523880206059
-óco	0.253682487725	0.672667757774	0.0490998363339	0.0245499181669
-naá	0.0738007380073	0.574415744158	0.0	0.351783517835
-ãpʉ	0.232682086845	0.491098356355	0.0673732639537	0.208846292846
-yoa	0.319502074689	0.319502074689	0.0995850622407	0.261410788382
-abé	0.0207146556188	0.937079233558	0.00310719834283	0.0390989124806
-ãwõ	0.570469798658	0.409395973154	0.0201342281879	0.0
-pea	0.00611814290831	0.96329114255	0.0122362858166	0.0183544287249
-rie	0.03125	0.96875	0.0	0.0
-cho	0.0609117731037	0.179404206719	0.0913676596554	0.668316360522
-peo	0.417905494751	0.389604886635	0.0485421877236	0.143947430891
-orõ	0.16644410111	0.0911362068195	0.204838218692	0.537581473378
-oré	0.23772463563	0.564171501344	0.0	0.198103863025
-elo	0.0	1.0	0.0	0.0
-ãwã	0.394858363774	0.440094653893	0.0773313115997	0.0877156707331
-oga	0.778625954199	0.175572519084	0.0458015267175	0.0
-orã	0.26695003562	0.317092635539	0.0544320982008	0.36152523064
-ela	0.0	1.0	0.0	0.0
-iya	0.40237761295	0.388471469484	0.132674806395	0.0764761111711
-ʉse	0.0656482765279	0.496977833036	0.135571991427	0.301801899009
-acʉ	0.384960857001	0.464255109193	0.0291828512234	0.121601182582
-cṹú	0.100334448161	0.819397993311	0.0	0.0802675585284
-ĩpĩ	0.521008403361	0.100840336134	0.176470588235	0.201680672269
-'rõ	0.240210930122	0.34635243654	0.0931072508531	0.320329382485
-asṍ	0.0673707210488	0.8689002185	0.0418790968682	0.0218499635834
-itu	0.0181808058464	0.918535826721	0.040360834082	0.0229225333505
-ũpe	0.189324099474	0.722444574358	0.0566623195575	0.0315690066106
-ĩwã	0.560980279533	0.261439785564	0.0574382538771	0.120141681026
-ito	0.225673324418	0.591935924536	0.038249716003	0.144141035043
-tes	0.0	0.958691910499	0.0413080895008	0.0
-eso	0.284463894967	0.540481400438	0.0437636761488	0.131291028446
-lás	0.0	1.0	0.0	0.0
-esa	0.133891213389	0.708507670851	0.140864714086	0.0167364016736
-ite	0.0	0.970588235294	0.0	0.0294117647059
-mía	0.0516129032258	0.938709677419	0.00967741935484	0.0
-ĩba	0.423406442769	0.240747087046	0.0887594242631	0.247087045922
-gʉa	0.207142857143	0.407142857143	0.0214285714286	0.364285714286
-atʉ	0.0260869565217	0.95652173913	0.0173913043478	0.0
-oce	0.00384480950716	0.0167773505767	0.0	0.979377839916
-ʉro	0.126709863211	0.304535637149	0.303815694744	0.264938804896
-ẽrõ	0.358541729437	0.591744501356	0.046700813498	0.00301295570955
-ẽwĩ	0.566937119675	0.408722109533	0.0243407707911	0.0
-uel	0.00983606557377	0.947540983607	0.0327868852459	0.00983606557377
-fté	0.0	1.0	0.0	0.0
-ʉre	0.176082992159	0.285314580899	0.0466011843645	0.492001242577
-ṍpʉ	0.279166666667	0.495833333333	0.0125	0.2125
-spo	0.0	1.0	0.0	0.0
-úcʉ	0.421404682274	0.160535117057	0.387959866221	0.0301003344481
-bra	0.00365096750639	0.99415845199	0.00219058050383	0.0
-ẽrã	0.0839634350955	0.178207363291	0.0635601350984	0.674269066515
-fat	0.0	1.0	0.0	0.0
-roa	0.0781627719581	0.894439967768	0.00966962127317	0.0177276390008
-pjĩ	0.0540120659745	0.859506486109	0.00466067683385	0.0818207710831
-ʉ'a	0.543942992874	0.381631037213	0.0142517814727	0.0601741884402
-ĩpũ	0.0305109040647	0.840278488789	0.067164943176	0.0620456639705
-ʉ'o	0.464525666163	0.204420126232	0.0148093331828	0.316244874422
-ucã	0.295654057968	0.273697393357	0.0781680004525	0.352480548223
-a'u	0.0366972477063	0.574923547401	0.146788990826	0.241590214067
-pão	0.540397350993	0.459602649007	0.0	0.0
-ʉmʉ	0.0450217803847	0.813890925559	0.0146101095489	0.126477184508
-tra	0.0896739130435	0.910326086957	0.0	0.0
-ócã	0.423984891407	0.209631728045	0.0623229461756	0.304060434372
-abo	0.0	0.941860465116	0.0	0.0581395348837
-oco	0.38900776753	0.397096270301	0.0710739734235	0.142821988745
-ĩmo	0.168674698795	0.132530120482	0.626506024096	0.0722891566265
-tua	0.429179387547	0.413544268665	0.0777130169303	0.0795633268573
-nco	0.154336865933	0.163494186645	0.333367630415	0.348801317008
-ãtĩ	0.071577262647	0.720673459141	0.0980166534164	0.109732624796
-abe	0.103945405267	0.790440624697	0.0120507455571	0.0935632244793
-nce	0.00785340314135	0.604712041885	0.00261780104712	0.384816753927
-ogó	0.157220496894	0.137810559006	0.489130434783	0.215838509317
-ada	0.0	0.97972972973	0.0202702702703	0.0
-ogõ	0.655882352941	0.282352941177	0.0264705882353	0.035294117647
-uwʉ	0.225218914186	0.529597197898	0.0378283712785	0.207355516637
-ṍrẽ	0.0555555555556	0.929951690821	0.00483091787439	0.00966183574881
-soo	0.381768886935	0.38616545761	0.0567890378838	0.175276617572
-ori	0.146318110075	0.505086280284	0.0809304804555	0.267665129185
-oro	0.214414407601	0.188882476017	0.145966734155	0.450736382227
-ũcʉ	0.514029911903	0.19791026429	0.0696988322065	0.2183609916
-elí	0.0132743362832	0.973451327434	0.0	0.0132743362832
-ẽña	0.3838304026	0.234761801823	0.0371814271764	0.3442263684
-ora	0.0886766712142	0.807639836289	0.00272851296043	0.100954979536
-ʉ'ʉ	0.043686482763	0.029199327851	0.00211952777186	0.924994661614
-ómi	0.214470284238	0.0723514211887	0.062015503876	0.651162790698
-aba	0.322966507177	0.221633629528	0.0982570061518	0.357142857143
-̃rẽ	0.0765293839988	0.204957876482	0.016970020987	0.701542718532
-ẽse	0.140568913992	0.79593583599	0.0213375076436	0.0421577423747
-utu	0.774778351198	0.0714569273522	0.00793965859468	0.145825062856
-íso	0.0	1.0	0.0	0.0
-rut	0.0	1.0	0.0	0.0
-ico	0.288920087109	0.316330454348	0.0653816391764	0.329367819366
-lim	0.323124042879	0.122511485452	0.0	0.554364471669
-omi	0.345508793144	0.380576220394	0.125259588339	0.148655398123
-lio	0.0851948475461	0.8773031143	0.00489157019404	0.0326104679602
-omo	0.467355898598	0.301562573762	0.132417504603	0.0986640230373
-sué	0.00358851674641	0.544258373206	0.0	0.452153110048
-lie	0.202048947069	0.789413773478	0.0	0.00853727945361
-̃sã	0.0709630222226	0.140118546215	0.0133134544179	0.775604977144
-rua	0.0836736545966	0.769186556554	0.029948271168	0.117191517682
-lia	0.013986013986	0.924630924631	0.0	0.0613830613831
-ome	0.378678755857	0.293116503025	0.0746925974021	0.253512143716
-zĩ́	0.0	1.0	0.0	0.0
-ojo	0.0686174041519	0.0150059647564	0.00124509677909	0.915131534313
-ípʉ	0.0916230366493	0.856020942408	0.0	0.0523560209424
-laã	0.0167664670658	0.983233532934	0.0	0.0
-asõ	0.259171306911	0.486406812971	0.0491320013102	0.205289878808
-i'í	0.19037037037	0.214567901235	0.0	0.595061728395
-abi	0.46932733951	0.302980465252	0.0652376514445	0.162454543793
-oda	0.0	0.880597014925	0.119402985075	0.0
-sĩo	0.517142857143	0.311428571429	0.0857142857143	0.0857142857143
-ode	0.0320707070707	0.919570707071	0.0406565656566	0.00770202020202
-ũ̶ʉ	0.0145772594752	0.0728862973761	0.00583090379009	0.906705539359
-órõ	0.0431034482759	0.48275862069	0.0	0.474137931035
-tía	0.0	1.0	0.0	0.0
-rni	0.0	1.0	0.0	0.0
-zer	0.0	1.0	0.0	0.0
-uri	0.117865491329	0.326443409205	0.103855883817	0.451835215648
-ber	0.0	1.0	0.0	0.0
-jio	0.738021046179	0.0542756436453	0.0261033919085	0.181599918267
-'wʉ	0.329268292683	0.59756097561	0.0	0.0731707317073
-húm	0.0	1.0	0.0	0.0
-õti	0.161290322581	0.838709677419	0.0	0.0
-ure	0.0894364901731	0.443650741619	0.0373430780616	0.429569690146
-egʉ	0.193515942689	0.340656233635	0.0170702412821	0.448757582394
-lco	0.217647058824	0.782352941176	0.0	0.0
-õ'o	0.424719627254	0.452066942632	0.0308033575284	0.0924100725851
-rim	0.0	1.0	0.0	0.0
-ĩwĩ	0.514492753623	0.329844337091	0.0697799248523	0.0858829844337
-'rĩ	0.183435521958	0.25711625738	0.0269968539094	0.532451366753
-uru	0.00390625	0.761848958333	0.211197916667	0.023046875
-owʉ	0.676913307228	0.212689191649	0.0362428282824	0.0741546728403
-áre	0.0939557151406	0.835427887493	0.0490724117295	0.0215439856373
-apa	0.302286002128	0.230285328208	0.0320930892026	0.435335580461
-mes	0.0	1.0	0.0	0.0
-ape	0.162558394131	0.188959753614	0.255120637368	0.393361214887
-cã́	0.298969072165	0.60824742268	0.0463917525773	0.0463917525773
