-iok	0.191234843886	0.691575510927	0.038313601127	0.0788760440594
-eus	0.118349878143	0.533139154729	0.0243713963027	0.324139570826
-hel	0.079295154185	0.920704845815	0.0	0.0
-hem	0.0348612007747	0.949644932214	0.00387346675274	0.0116204002582
-hen	0.078431372549	0.882352941176	0.0392156862745	0.0
-eun	0.185498108234	0.281039502296	0.100277058042	0.433185331427
-heh	0.911111111111	0.0222222222222	0.0444444444445	0.0222222222222
-hei	0.121640180498	0.307337649598	0.0306062389641	0.54041593094
-euk	0.110687630666	0.593531133846	0.262916179831	0.0328650556564
-hek	0.425400739827	0.500616522811	0.0	0.0739827373613
-hee	0.0727272727272	0.6	0.0	0.327272727273
-hea	0.220700152207	0.645357686454	0.0182648401826	0.115677321157
-lem	0.0617605871142	0.880034254137	0.0225709778263	0.0356341809223
-aus	0.419228545615	0.473435229618	0.0488671310839	0.0584690936829
-'ba	0.635914282791	0.237312008074	0.0464940253552	0.08027968378
-auu	0.11328125	0.65625	0.08984375	0.140625
-len	0.394511193154	0.40328645511	0.0782560447299	0.123946307006
-'be	0.753926701571	0.144851657941	0.0924956369982	0.00872600349042
-'bi	0.0910714285715	0.847619047619	0.0410714285714	0.0202380952381
-'bo	0.502949394598	0.254889785781	0.0372555107109	0.20490530891
-zim	0.0416666666667	0.958333333333	0.0	0.0
-aud	0.0	1.0	0.0	0.0
-'bu	0.294517884914	0.591149883359	0.0705919517885	0.0437402799378
-auk	0.0920292417617	0.531669470655	0.295632848092	0.0806684394911
-aat	0.0	1.0	0.0	0.0
-aum	0.129107253565	0.803898016119	0.0198000619963	0.0471946683199
-aul	0.129032258065	0.838709677419	0.0322580645161	0.0
-aun	0.265992253632	0.464666802433	0.0918872549962	0.177453688939
-puu	0.412219179613	0.553551469766	0.029828434112	0.00440091650832
-pus	0.0321390127633	0.949407965554	0.00553590650469	0.0129171151776
-nta	0.049369171695	0.917718047175	0.026330224904	0.00658255622599
-uak	0.0994491363248	0.748924652744	0.0314779202153	0.120148290716
-uam	0.27435387674	0.513585155732	0.0424121935056	0.169648774023
-kia	0.0305903711654	0.960646762095	0.00286784729675	0.00589501944332
-uao	0.669767441861	0.118604651163	0.146511627907	0.0651162790698
-uan	0.111576858677	0.612639260506	0.028641024831	0.247142855986
-uas	0.0694765563235	0.0688717883627	0.0182508849605	0.843400770353
-dus	0.509836065574	0.406557377049	0.0639344262295	0.0196721311475
-pua	0.177777777778	0.755555555556	0.0666666666667	0.0
-mbi	0.0	0.923076923077	0.0769230769231	0.0
-pum	0.563412408759	0.308850364964	0.127737226277	0.0
-pun	0.397806677019	0.38722826087	0.0701669254659	0.144798136646
-ntu	0.0621468926554	0.65725047081	0.0225988700565	0.258003766478
-pui	0.163289804394	0.810026959364	0.0266832362421	0.0
-puk	0.258381359077	0.644779913067	0.0635097038068	0.033329024049
-lai	0.350755542466	0.407288972895	0.0456056430413	0.196349841597
-opu	0.271484968114	0.651989067719	0.0109322805952	0.0655936835712
-'is	0.534558529764	0.348302037555	0.0210547343188	0.096084698362
-'in	0.610288132073	0.270703205965	0.0398776989239	0.0791309630374
-'im	0.394525104509	0.407695419607	0.0719198094125	0.125859666472
-opo	0.256985592594	0.659919857239	0.0271728584058	0.0559216917612
-'ik	0.313204205933	0.389745816633	0.257484065184	0.0395659122502
-opi	0.0571428571429	0.942857142857	0.0	0.0
-ope	0.0839440373085	0.858427714857	0.0266489007328	0.0309793471019
-kii	0.493131538142	0.39374085479	0.0753456070235	0.0377820000437
-uki	0.0717905405406	0.91722972973	0.00591216216216	0.00506756756757
-dea	0.1101640015	0.661307920488	0.031922329435	0.196605748577
-imu	0.0607022142512	0.816628727783	0.112552022257	0.0101170357085
-oia	0.361078546307	0.166471277843	0.0398593200469	0.432590855803
-oku	0.755115732976	0.106675612211	0.0395840322039	0.0986246226098
-dei	0.276164581439	0.421361946591	0.0259938139974	0.276479657972
-msi	0.0827250608272	0.917274939173	0.0	0.0
-dek	0.205479452055	0.506445093196	0.0333108765626	0.254764578187
-'tu	0.321865889213	0.54693877551	0.0524781341108	0.0787172011661
-den	0.151034151034	0.704665704666	0.101972101972	0.042328042328
-deo	0.0	1.0	0.0	0.0
-ima	0.049144349379	0.705109609203	0.032519954356	0.213226087062
-'ti	0.335261160311	0.58396474301	0.0457395487217	0.035034547957
-oko	0.396345634075	0.335405135035	0.21853201638	0.0497172145102
-des	0.0204352579789	0.907065132504	0.0506325818712	0.0218670276462
-oki	0.195152379255	0.649795045446	0.0935662092319	0.0614863660666
-kim	0.0	1.0	0.0	0.0
-'to	0.925	0.075	0.0	0.0
-oke	0.671671164394	0.123782755079	0.105774602058	0.0987714784694
-'ta	0.0225988700565	0.971751412429	0.0	0.00564971751412
-oka	0.212781610971	0.482382322247	0.0365954189082	0.268240647873
-'te	0.705089820359	0.0568862275449	0.00898203592814	0.229041916168
-nes	0.477945194785	0.17183230541	0.019517526739	0.330704973066
-foo	0.184692806607	0.796590187656	0.0165150050617	0.0022020006749
-ido	0.0	0.988392873593	0.0	0.0116071264071
-bis	0.00471475719001	0.993399339934	0.000942951438001	0.000942951438
-sus	0.00298582373306	0.611100834836	0.00381391013478	0.382099431297
-oba	0.415309446254	0.431596091205	0.0586319218241	0.0944625407166
-ida	0.0275735294117	0.950367647059	0.0	0.0220588235294
-bia	0.124712134632	0.733093761863	0.083735290396	0.058458813109
-bin	0.0537313432836	0.656716417911	0.217910447761	0.0716417910447
-idu	0.122448979592	0.755102040816	0.0	0.122448979592
-bik	0.0336403684421	0.00760913095713	0.908289947938	0.0504605526632
-bii	0.2431708889	0.27524132949	0.455480640523	0.0261071410866
-eem	0.302734375	0.48046875	0.140625	0.076171875
-ter	0.064148253742	0.844975053457	0.032074126871	0.0588025659301
-heo	0.528756957328	0.426716141002	0.0278293135436	0.0166975881262
-teu	0.418865805727	0.325472580947	0.0820699981284	0.173591615197
-ute	0.527227722772	0.215346534653	0.14603960396	0.111386138614
-uti	0.466957525985	0.331066341589	0.0600538945207	0.141922237906
-a'u	0.106758076812	0.16132149919	0.57318347412	0.158736949878
-tea	0.290552476092	0.336358652616	0.299993908753	0.0730949625389
-a'i	0.21862271063	0.541505216356	0.0905925099687	0.149279563046
-riu	0.0	1.0	0.0	0.0
-a'o	0.686940774317	0.138420076939	0.0156449245079	0.158994224237
-tee	0.125891802897	0.553142305965	0.298514909115	0.0224509820226
-utu	0.526902515952	0.324124482127	0.0842784707151	0.064694531206
-tei	0.0909718959847	0.796971288032	0.0817973305331	0.0302594854506
-a'a	0.498393503476	0.333947068198	0.114846374819	0.0528130535069
-tek	0.286346757565	0.484101583314	0.159895739603	0.0696559195181
-tel	0.0996605762981	0.761536794974	0.0296093016538	0.109193327075
-sia	0.042528468487	0.924743492339	0.0258048001179	0.00692323905601
-ten	0.465154249929	0.259996109318	0.215933991251	0.0589156495025
-teo	0.423076923077	0.333333333333	0.166666666667	0.0769230769231
-meu	0.582362183461	0.190812020631	0.0121162399898	0.214709555919
-are	0.0844155844155	0.857142857143	0.0194805194805	0.038961038961
-e'e	0.163838060278	0.261995496142	0.189044122326	0.385122321255
-duk	0.304173878501	0.537118482157	0.0915548241259	0.0671528152162
-ara	0.0861695209192	0.850422718404	0.0227617602428	0.0406460004335
-e'a	0.206706152777	0.47914349051	0.0556818058068	0.258468550906
-e'o	0.444726428941	0.482571164526	0.0414583971137	0.031244009419
-lus	0.0503196249997	0.827503811531	0.0143442065961	0.107832356873
-luu	0.31172816406	0.376344086022	0.094360452062	0.217567297857
-e'i	0.608957153415	0.215457003433	0.0979153429895	0.0776705001629
-nde	0.630040593916	0.0260628620588	0.00411948147838	0.339777062546
-mee	0.525556944905	0.443055094802	0.0137800801286	0.0176078801643
-aru	0.26213592233	0.643203883495	0.0946601941747	0.0
-e'u	0.234546417493	0.358212907619	0.180827721873	0.226412953015
-luk	0.537622015361	0.0721325660944	0.0742214307803	0.316023987765
-mea	0.0	1.0	0.0	0.0
-lum	0.195674421778	0.523504127721	0.231698164699	0.0491232858021
-lun	0.185871861028	0.56097765943	0.0719503978171	0.181200081725
-mem	0.58899785819	0.237402773081	0.17359936873	0.0
-lua	0.205344338892	0.111135049249	0.0379718711919	0.645548740667
-meo	0.849056603774	0.0943396226415	0.0566037735849	0.0
-men	0.0624798552054	0.933057297994	0.0044628468004	0.0
-mei	0.111007714706	0.846216191877	0.0162098880317	0.0265662053853
-mek	0.46875	0.125	0.25	0.15625
-aya	0.00816241105065	0.983047300126	0.0	0.00879028882378
-rah	0.0395430579965	0.881370826011	0.0197715289982	0.0593145869947
-ndu	0.0702052070629	0.871997454796	0.030224296092	0.0275730420489
-ayo	0.373271889401	0.516129032258	0.0	0.110599078341
-ila	0.0579598011134	0.0728394312904	0.0269749101503	0.842225857446
-nah	0.223404255319	0.308510638298	0.0	0.468085106383
-pau	0.64214945424	0.287321578506	0.016120906801	0.0544080604533
-mos	0.389534883721	0.34011627907	0.0196220930233	0.250726744186
-'fu	0.384105960265	0.615894039735	0.0	0.0
-alo	0.796938277248	0.104328917879	0.0354327382173	0.0633000666554
-xon	0.0099502487562	0.243781094527	0.044776119403	0.701492537313
-fuu	0.469931804092	0.466831990081	0.0371977681339	0.0260384376937
-ubu	0.0	0.774647887324	0.225352112676	0.0
-nel	0.0	1.0	0.0	0.0
-'fa	0.672268907563	0.302521008403	0.0252100840336	0.0
-ube	0.453333333333	0.4	0.0666666666667	0.08
-ifu	0.0411655781087	0.593375567348	0.0333898577993	0.332068996744
-umu	0.670552458186	0.283831728332	0.0304105423213	0.0152052711607
-ota	0.0906033708035	0.788474235808	0.0192584992693	0.101663894119
-'ma	0.89592760181	0.10407239819	0.0	0.0
-ote	0.184729765866	0.724746511659	0.0540073734092	0.0365163490665
-oti	0.0664764538047	0.879695267229	0.0130893902403	0.0407388887255
-oam	0.157613535174	0.778272484417	0.053428317008	0.0106856634016
-nee	0.105006105006	0.101343101343	0.238095238095	0.555555555556
-oto	0.144067202132	0.68029883203	0.13994598576	0.0356879800779
-nem	0.14824761649	0.778635692225	0.0338391298509	0.0392775614341
-uma	0.0863770303283	0.825488010948	0.0330583879656	0.055076570758
-otu	0.481091324908	0.352599756951	0.0709798397913	0.0953290783504
-nha	0.0	1.0	0.0	0.0
-ako	0.679062247373	0.293431433746	0.0194836425407	0.00802267634027
-nak	0.159859945345	0.398163072717	0.105813562781	0.336163419157
ALL	0.231127178874	0.287544253138	0.0541369760258	0.427191591961
-nai	0.0515766717512	0.0117878695803	0.00376470649533	0.932870752173
-nan	0.1245369662	0.751754357451	0.0327272320709	0.0909814442783
-nao	0.204915533329	0.713118253339	0.0409831066658	0.0409831066658
-nam	0.12184652702	0.755585960593	0.0632248706432	0.0593426417441
-sis	0.416683061184	0.50895140665	0.0531182372615	0.0212472949046
-sir	0.015285326087	0.90625	0.0764266304347	0.00203804347826
-ake	0.408382707256	0.275944513223	0.0745593270214	0.241113452499
-naa	0.159277341463	0.0996477197538	0.0296860994842	0.711388839299
-kio	0.599780098956	0.297232911856	0.0667949422759	0.0361920469122
-kin	0.422623178348	0.519083969466	0.0437196391395	0.0145732130465
-aka	0.169978638485	0.561105177357	0.196680532914	0.0722356512451
-nae	0.765265655571	0.017446103062	0.000710099057832	0.216578142309
-sik	0.192002062403	0.647631925021	0.0996247969087	0.0607412156673
-sii	0.280138845623	0.670019135775	0.0156646344177	0.0341773841841
-sio	0.0350877192982	0.340350877193	0.195789473684	0.428771929825
-sin	0.163433799865	0.761351698179	0.029691556055	0.0455229459018
-sim	0.258524488531	0.60818350899	0.0576565406076	0.0756354618723
-nas	0.17496994791	0.718845999733	0.0841458528115	0.0220381995459
-aku	0.577221070583	0.256840000588	0.0944147958659	0.0715241329628
-nat	0.412292877592	0.444239611347	0.12459876811	0.0188687429513
-nau	0.450313032672	0.105051537193	0.0677392779786	0.376896152157
-gok	0.133413842656	0.721487218583	0.117977641796	0.0271212969647
-gom	0.210073617341	0.689849706206	0.0205397545559	0.0795369218973
-gol	0.0319144168259	0.946109427728	0.00699877561972	0.0149773798262
-gon	0.159807975349	0.73234396084	0.079636153079	0.028211910732
-goa	0.0917499627033	0.340444577055	0.528420110398	0.0393853498434
-goe	0.240541802896	0.636151331154	0.028024287716	0.0952825782344
-gog	0.0	0.981132075472	0.0188679245283	0.0
-kub	0.0	0.993613624268	0.0	0.00638637573177
-bae	0.7147540647	0.205235258084	0.0476710322336	0.0323396449826
-moa	0.735849056604	0.179245283019	0.0	0.0849056603773
-moo	0.312094752313	0.348404945102	0.0959626523731	0.243537650212
-mon	0.0476928558767	0.906740269935	0.0105590423858	0.0350078318025
-mom	0.205128205128	0.564102564103	0.179487179487	0.0512820512821
-mol	0.213114754098	0.754098360656	0.0	0.0327868852459
-u'u	0.341560540301	0.430167514786	0.0854395220823	0.14283242283
-ber	0.0	1.0	0.0	0.0
-ofu	0.698599948146	0.301400051854	0.0	0.0
-eos	0.0364826941066	0.951356407858	0.00561272217025	0.00654817586529
-mfa	0.0	1.0	0.0	0.0
-bet	0.00511073253833	0.780238500852	0.0	0.21465076661
-beu	0.0995505316292	0.508572091539	0.35937947601	0.0324979008211
-ofo	0.0463921575059	0.13710587039	0.788666677601	0.0278352945035
-u'e	0.32320441989	0.378453038674	0.298342541436	0.0
-bei	0.409443713035	0.042562144084	0.0193538585807	0.5286402843
-ben	0.0	0.661538461538	0.0	0.338461538462
-u'a	0.612516915781	0.194129391786	0.0290867202998	0.164266972133
-ofi	0.60347826087	0.386086956522	0.0	0.0104347826087
-eoe	0.218556701031	0.744329896907	0.0371134020619	0.0
-bea	0.0122933446376	0.981771937262	0.003815175922	0.00211954217889
-u'i	0.312704552217	0.149062778935	0.498958643261	0.0392740255876
-ofa	0.10416474282	0.832856219411	0.0399852248592	0.0229938129098
-kik	0.193978633862	0.644674651991	0.0271932664293	0.134153447718
-upu	0.447062982384	0.478701467036	0.0569139221116	0.0173216284687
-ren	0.239786856128	0.717584369449	0.0159857904085	0.0266429840142
-isi	0.138105030725	0.687680430736	0.108915533557	0.0652990049819
-nte	0.309278350516	0.309278350515	0.381443298969	0.0
-rea	0.0270069375619	0.915758176412	0.0260158572844	0.0312190287413
-isa	0.54853473573	0.240405970804	0.0760743233103	0.134984970156
-upa	0.325966639948	0.492537883125	0.0465666628497	0.134928814077
-res	0.0142902508733	0.880914576056	0.0261987932677	0.0785963798031
-isu	0.0636393768645	0.751408684123	0.147828969175	0.0371229698376
-ret	0.0178723404255	0.975744680851	0.00382978723404	0.00255319148936
-dia	0.162430826947	0.0208042517155	0.00813997641908	0.808624944919
-haa	0.0824206761847	0.311919883276	0.489727754359	0.11593168618
-hab	0.0227272727273	0.977272727273	0.0	0.0
-hae	0.253637262519	0.619235115474	0.035798785225	0.0913288367823
-hai	0.650461022632	0.125134714405	0.0673572027302	0.157047060232
-mas	0.0108932461874	0.986928104575	0.0	0.00217864923747
-mar	0.0	1.0	0.0	0.0
-mau	0.506849315069	0.164383561644	0.328767123288	0.0
-ham	0.0384151325263	0.905110341338	0.0269334059861	0.0295411201495
-han	0.304559539619	0.644975652944	0.0212483399734	0.0292164674635
-hao	0.548387096774	0.451612903226	0.0	0.0
-mai	0.603737441986	0.036315060966	0.0155764225699	0.344371074479
-mak	0.175886612032	0.472749458065	0.0779032378141	0.273460692088
-has	0.00800141478517	0.611931382919	0.00400070739259	0.376066494903
-mam	0.0409435167511	0.90087558202	0.0401617187719	0.0180191824568
-man	0.076532055346	0.855452853756	0.0246246680753	0.0433904228227
-maa	0.0827542640556	0.62271004422	0.280006317119	0.0145293746052
-mae	0.193964631845	0.093641957406	0.0741462080778	0.638247202671
-din	0.341715176258	0.500153704101	0.0651519207651	0.0929791988761
-uni	0.300583468475	0.243573042569	0.0594903885201	0.396353100436
-miu	0.973941368078	0.0260586319218	0.0	0.0
-hii	0.520168537379	0.197620474024	0.0740197947251	0.208191193872
-une	0.0568720379147	0.450236966825	0.0	0.492890995261
-ung	0.279567421568	0.523240219526	0.091684573168	0.105507785738
-una	0.443669397695	0.437175184742	0.0794369450419	0.0397184725209
-eor	0.140625	0.859375	0.0	0.0
-efe	0.582317073171	0.243902439024	0.155487804878	0.0182926829268
-unu	0.420913671059	0.535787301898	0.0344624909124	0.00883653613141
-ade	0.541911577312	0.149482805351	0.0136327412328	0.294972876104
-tra	0.00546448087432	0.926229508197	0.0655737704917	0.00273224043716
-ada	0.279176201373	0.414187643021	0.126315789474	0.180320366133
-gao	0.489015817223	0.325834797891	0.139630931459	0.0455184534271
-gan	0.316167754701	0.540686258296	0.0346887901924	0.108457196811
-gam	0.176420784574	0.754664846452	0.0317006097281	0.037213759246
-gal	0.411764705882	0.143790849673	0.287581699346	0.156862745098
-gak	0.487007063667	0.437842073256	0.0275061982505	0.0476446648267
-eom	0.191446028513	0.251188051595	0.380176510523	0.177189409369
-gai	0.0	1.0	0.0	0.0
-adi	0.509925558313	0.307692307692	0.0455334987593	0.136848635236
-tru	0.294117647059	0.470588235294	0.235294117647	0.0
-ouk	0.166519287771	0.64215932484	0.106077434051	0.0852439533387
-gau	0.16100810929	0.645597092769	0.1415760961	0.0518187018406
-adu	0.137098899197	0.823533344607	0.0239510125104	0.0154167436848
-gas	0.422174840085	0.390191897655	0.0554371002132	0.132196162047
-gar	0.0650406504065	0.90243902439	0.0325203252033	0.0
-foi	0.648927720413	0.200158856235	0.0262112787927	0.124702144559
-eok	0.22032555532	0.231297629692	0.489463216676	0.0589135983125
-lan	0.243977107668	0.625232772111	0.0505876704288	0.0802024497922
-seo	0.129421915444	0.689387402934	0.0776531492666	0.103537532355
-ini	0.443480748765	0.255944371874	0.103907717059	0.196667162302
-sem	0.0	0.895104895105	0.0820918212223	0.0228032836728
-lao	0.202286536314	0.495902027219	0.219378773826	0.0824326626413
-ate	0.319781187549	0.358102975199	0.275301579117	0.046814258135
-bel	0.0759658478325	0.879165435027	0.0102176286558	0.034651088485
-sei	0.914728682171	0.0542635658914	0.0	0.031007751938
-ino	0.244026068067	0.523352643012	0.199674149167	0.0329471397538
-ina	0.0847921327692	0.51644903603	0.175873110743	0.222885720457
-see	0.0454426650985	0.128040569617	0.00496220196794	0.821554563317
-apa	0.670671232089	0.225073284115	0.0435764494068	0.060679034389
-pia	0.446917014372	0.485396383866	0.0296708391284	0.0380157626333
-sea	0.0209277990931	0.958144401814	0.0	0.0209277990931
-ing	0.240245641624	0.563278216145	0.085904504938	0.110571637293
-uik	0.248302399671	0.330971077989	0.277511419954	0.143215102387
-kah	0.000414336026517	0.989641599337	0.00497203231821	0.00497203231821
-use	0.326358481506	0.0368556614582	0.0304107239498	0.606375133086
-uin	0.493793103448	0.281655172414	0.126896551724	0.0976551724138
-uia	0.0744985673352	0.338108882522	0.587392550143	0.0
-seu	0.339943342776	0.600566572238	0.0594900849859	0.0
-'na	0.404287418678	0.487618560324	0.0923138719464	0.0157801490507
-ses	0.020920502092	0.953974895397	0.0125523012552	0.0125523012552
-inu	0.598471901611	0.314347101582	0.0523085980843	0.0348723987228
-sep	0.0	1.0	0.0	0.0
-aos	0.452587222237	0.178893919962	0.0724998037009	0.2960190541
-noh	0.024115755627	0.971061093248	0.0	0.0048231511254
-kut	0.0	1.0	0.0	0.0
-kus	0.231259186673	0.698187163155	0.0289073983341	0.0416462518373
-oon	0.274146353793	0.578829810826	0.0872654795561	0.0597583558257
-fua	0.521739130435	0.256200758681	0.0227604318646	0.199299679019
-fun	0.0259033069258	0.172228629772	0.00226890279642	0.799599160506
-ial	0.197743558469	0.802256441531	0.0	0.0
-ook	0.275430969358	0.448624172951	0.0715490677709	0.204395789919
-ian	0.544521205143	0.307522548455	0.0805987334484	0.0673575129534
-oom	0.141692384405	0.743406600811	0.0809401237147	0.0339608910691
-fuk	0.0954461435053	0.234246345152	0.623172576038	0.047134935305
-iak	0.121013437364	0.179356011835	0.053534704323	0.646095846477
--de	0.423643332661	0.195077667944	0.0	0.381278999395
-nen	0.327110729149	0.567226708078	0.0358827226598	0.0697798401132
-neo	0.137931034483	0.810344827586	0.051724137931	0.0
-kue	0.432432432432	0.567567567568	0.0	0.0
-fos	0.0178571428571	0.982142857143	0.0	0.0
-fus	0.166666666667	0.676706827309	0.150602409639	0.00602409638554
-ias	0.0796831055869	0.8630818279	0.0352330149703	0.0220020515426
-nei	0.257914545052	0.540845694045	0.104936905025	0.0963028558777
-aok	0.256919497254	0.33643777375	0.218048925062	0.188593803934
-kun	0.392571245597	0.42395132885	0.11911623439	0.0643611911623
-kum	0.173535791757	0.72885032538	0.0455531453362	0.0520607375271
-bee	0.33396742331	0.0349153584452	0.0670567110256	0.56406050722
-kuk	0.225369782346	0.646737916072	0.0549429021238	0.0729493994585
-aon	0.48228969056	0.214188102333	0.119915120812	0.183607086295
-aom	0.296996192864	0.421371478002	0.160569703649	0.121062625485
-nea	0.355093085065	0.462712797732	0.111824060045	0.0703700571579
-ban	0.277134917559	0.150691710202	0.0559300581087	0.51624331413
-eka	0.214792082658	0.197270205438	0.121011511505	0.466926200399
-uun	0.531828176422	0.313968210626	0.107394765963	0.0468088469885
-non	0.275515600211	0.401216287678	0.0363828662084	0.286885245902
-uuk	0.685376698678	0.250282793371	0.02011560474	0.0442249032109
-bai	0.196009289828	0.136930309662	0.0843864696025	0.582673930908
-eki	0.856879283079	0.0940959409594	0.0229309435951	0.0260938323669
-ekh	0.0	1.0	0.0	0.0
-eko	0.484793131793	0.218741437574	0.254452461412	0.0420129692209
-hoo	0.325581395349	0.449612403101	0.162790697674	0.062015503876
-baa	0.395752413747	0.379015221748	0.150002931017	0.0752294334888
-eks	0.590909090909	0.25	0.0340909090909	0.125
-sad	0.0	1.0	0.0	0.0
-bat	0.0130360205832	0.88782161235	0.0771869639794	0.0219554030875
-bau	0.384615384615	0.423076923077	0.0384615384615	0.153846153846
-bar	0.0	0.962962962963	0.037037037037	0.0
-bas	0.0264372362869	0.95259757384	0.0118670886076	0.00909810126582
-uus	0.101204819277	0.520481927711	0.349397590361	0.0289156626506
-ase	0.0560747663551	0.943925233645	0.0	0.0
-nya	0.587196592616	0.357257783758	0.0	0.0555456236259
-mbu	0.0406779661017	0.933898305085	0.0152542372881	0.0101694915254
-asa	0.168080206392	0.192526520483	0.0379367835993	0.601456489525
-aso	0.130027088977	0.780996040842	0.0608460095853	0.0281308605959
-asi	0.249329241247	0.611479985029	0.102597206619	0.0365935671054
-kis	0.0	0.962962962963	0.037037037037	0.0
-asu	0.0837373292199	0.888350227707	0.0279124430733	0.0
-pru	0.161572052402	0.806986899563	0.0314410480349	0.0
-lta	0.0	1.0	0.0	0.0
-mbo	0.0382513661202	0.907103825137	0.0	0.0546448087431
-rat	0.0	1.0	0.0	0.0
-ras	0.0193392425463	0.920225624496	0.0604351329573	0.0
-ran	0.0257510729614	0.974248927039	0.0	0.0
-eri	0.0	1.0	0.0	0.0
-ram	0.0	1.0	0.0	0.0
-rak	0.0	1.0	0.0	0.0
-iwe	0.0718250081619	0.928174991838	0.0	0.0
-era	0.401456531634	0.598543468366	0.0	0.0
-rae	0.0320477935397	0.936690490875	0.00616768856802	0.0250940270169
-rab	0.0243902439024	0.975609756098	0.0	0.0
-ere	0.516313571652	0.41828428697	0.0218007137925	0.043601427585
-boa	0.192980945617	0.6046741286	0.0739206092003	0.128424316583
-pos	0.665535721171	0.0470370513167	0.0777267995528	0.20970042796
-gel	0.195945945946	0.787837837838	0.0162162162162	0.0
-uka	0.52033080634	0.352684135666	0.099564496972	0.0274205610217
-pot	0.463683527886	0.487678339818	0.00972762645913	0.0389105058366
-pok	0.738559022755	0.084174930681	0.0635044918822	0.113761554681
-poi	0.254840162089	0.282305267897	0.177397568663	0.285457001351
-pon	0.642871802027	0.27643815578	0.0269669070513	0.0537231351413
-poo	0.580852038479	0.257901969766	0.10123683005	0.0600091617041
-uga	0.623762376238	0.25	0.0891089108911	0.0371287128713
-eik	0.58925256137	0.288437736368	0.0415320085264	0.0807776937358
-lae	0.624571609519	0.0191916958472	0.00336576418257	0.352870930452
-ike	0.0373831775701	0.953271028037	0.00934579439252	0.0
-aha	0.0437114541595	0.352995113863	0.284124452037	0.31916897994
-laa	0.39771586292	0.374480175127	0.179560577798	0.0482433841553
-ika	0.188661185597	0.183003921513	0.0109288056173	0.617406087273
-iko	0.0764750773185	0.913403221272	0.00337390046993	0.00674780093987
-lam	0.372710008874	0.414458319392	0.113374447144	0.0994572245902
-nor	0.0	1.0	0.0	0.0
-nos	0.15186734852	0.0521462885479	0.00278940027894	0.793196962653
-lah	0.0	1.0	0.0	0.0
-oun	0.16572077185	0.709421112372	0.080968596292	0.0438895194855
-aas	0.152527733261	0.165587861885	0.0516161258767	0.630268278977
-lak	0.540922087827	0.308210536884	0.0701648175341	0.0807025577556
-aam	0.347826086956	0.373244147157	0.184615384615	0.0943143812709
-lau	0.102354176265	0.369748968885	0.445363707084	0.0825331477658
-aao	0.483473112975	0.406018746917	0.110508140109	0.0
-aan	0.278549987524	0.425570042014	0.122050865869	0.173829104592
-iks	0.0625931445604	0.901639344262	0.0178837555887	0.0178837555887
-nom	0.123258549136	0.693841668275	0.131210713597	0.0516890689926
-aak	0.164956307476	0.557962951417	0.185041893342	0.092038847764
-las	0.33299263723	0.422257909516	0.100116669718	0.144632783536
-ahe	0.893369004395	0.0435696541181	0.0	0.0630613414867
-noe	0.43776106934	0.428571428571	0.0885547201336	0.0451127819549
-gek	0.328939910758	0.485644946877	0.0341615226868	0.151253619679
-boe	0.0357463667101	0.0443058943505	0.11381269572	0.80613504322
-ahi	0.436708860759	0.354430379747	0.0	0.208860759494
-geo	0.326249352604	0.370910265794	0.258553139168	0.0442872424349
-gen	0.664721295855	0.311696045736	0.00857551214864	0.0150071462601
-dro	0.0555555555556	0.944444444444	0.0	0.0
-boo	0.187297911695	0.544357059148	0.250554198495	0.0177908306623
-boi	0.587991718427	0.253048079135	0.102829537612	0.0561306648264
-gee	0.543624161074	0.41610738255	0.0	0.0402684563758
-bok	0.0269005847953	0.853801169591	0.0701754385965	0.0491228070175
-bou	0.354087384474	0.375461386592	0.174311139088	0.0961400898452
-dod	0.0	1.0	0.0	0.0
-doe	0.434977578475	0.300856094578	0.236581057209	0.0275852697377
-bor	0.235772357724	0.634146341463	0.0975609756098	0.0325203252033
-doa	0.757649513213	0.0695410292072	0.154207232267	0.0186022253129
-don	0.330606627596	0.582334658028	0.04561691073	0.0414418036462
-doo	0.227923966353	0.277006671937	0.106961431641	0.38810793007
-dom	0.0409836065574	0.934426229508	0.0	0.0245901639344
-dok	0.218909238731	0.4122434924	0.184712470537	0.184134798332
-ahu	0.0686708168651	0.0778767376441	0.00870487998296	0.844747565508
-sas	0.180735362645	0.138147412135	0.035984247878	0.645132977342
-mpo	0.504716981132	0.410377358491	0.0141509433962	0.0707547169811
-mia	0.0311284046692	0.929961089494	0.0	0.0389105058365
-sau	0.173031956352	0.812938425565	0.00935307872174	0.00467653936087
-toa	0.0845070422535	0.323943661972	0.591549295775	0.0
-'us	0.488079949371	0.283475031148	0.0543716005776	0.174073418903
-ibu	0.369866893231	0.546870574908	0.071367884452	0.0118946474087
-dos	0.543744889616	0.326246933769	0.0686835650041	0.0613246116108
-tom	0.36957089977	0.459935748796	0.083475973254	0.0870173781799
-tok	0.0202711179489	0.544097935251	0.420625697439	0.0150052493612
-toi	0.777443683147	0.169813180855	0.0128160891211	0.0399270468773
-'uk	0.38734706645	0.362851667831	0.162800616344	0.0870006493742
-oli	0.0589364535448	0.409108785157	0.00549564729664	0.526459114002
-saa	0.390995260664	0.482622432859	0.0315955766193	0.0947867298578
-tou	0.0597201954191	0.857464627879	0.0309307785039	0.0518843981981
-tor	0.0	0.941860465116	0.0348837209302	0.0232558139535
-'un	0.419425788966	0.370201757728	0.0686370157606	0.141735437546
-sae	0.0585365853659	0.234146341463	0.707317073171	0.0
-olo	0.354912758543	0.527397504668	0.0442451562259	0.073444580563
-sak	0.219158020974	0.237781523791	0.079300830293	0.463759624942
-ola	0.381566820566	0.460785060156	0.0644684371118	0.0931796821663
-sai	0.279965004374	0.548993875766	0.122484689414	0.0485564304462
-sao	0.398209864788	0.509617215768	0.0417063416492	0.0504665777947
-san	0.462352431916	0.232602846013	0.0553568014872	0.249687920584
-sam	0.281697341513	0.524539877301	0.0291411042945	0.164621676892
-efa	0.523080518873	0.326321530131	0.0781426512406	0.0724552997546
-lon	0.26404650467	0.0425829753585	0.0146929965164	0.678677523455
-loo	0.545202440377	0.386577925679	0.0432612312812	0.0249584026622
-lok	0.118980014851	0.372872157849	0.0459070541622	0.462240773138
-tes	0.185198858415	0.691116944063	0.0698097535609	0.0538744439613
-loi	0.0	0.963636363636	0.0181818181818	0.0181818181818
-aoo	0.173076923077	0.336538461538	0.259615384615	0.230769230769
-loe	0.526162926875	0.415749285614	0.0382255117815	0.0198622757296
-der	0.0	1.0	0.0	0.0
-loa	0.239442583824	0.607255135954	0.0786593268404	0.0746429533818
-lot	0.0273417325979	0.898835589388	0.0464809454163	0.0273417325979
-doi	0.490105234623	0.476952745791	0.00930273013069	0.0236392894559
-oci	0.150278293135	0.749536178108	0.0779220779221	0.0222634508349
-los	0.218216864697	0.690583733709	0.0333726516873	0.0578267499065
-okh	0.0	1.0	0.0	0.0
-hak	0.0789863523182	0.631559870142	0.041589182715	0.247864594825
-ipo	0.774761615519	0.103399569992	0.0507862590268	0.0710525554623
-sar	0.0	1.0	0.0	0.0
-ipa	0.643792768588	0.316413097536	0.00327075072949	0.036523383146
-rde	0.0	1.0	0.0	0.0
-imi	0.229885057471	0.536398467433	0.199233716475	0.0344827586207
-ewa	0.0	0.960784313725	0.0392156862745	0.0
-dem	0.678571428571	0.321428571429	0.0	0.0
-rdi	0.0	0.763021891876	0.219092967888	0.0178851402358
-ewi	0.0193704600484	0.958837772397	0.0130750605327	0.0087167070218
-ipu	0.552631578947	0.315789473684	0.0789473684211	0.0526315789474
-awi	0.066266665859	0.786292349909	0.104265732995	0.0431752512373
-awa	0.0662460567823	0.933753943218	0.0	0.0
-har	0.131868131868	0.604395604396	0.0	0.263736263736
-awe	0.604395604396	0.197802197802	0.0989010989011	0.0989010989011
-ton	0.221245314043	0.35577761973	0.0641290765342	0.358847989692
-too	0.351180891036	0.510601180891	0.0617283950617	0.0764895330112
-ose	0.0593430611791	0.0144167383626	0.00155501650837	0.92468518395
-tol	0.666666666667	0.269841269841	0.0	0.0634920634921
-nge	0.385273181566	0.438492994749	0.143476250797	0.032757572888
-stu	0.0549209051458	0.834338343801	0.0197687415227	0.0909720095304
-olu	0.400503581073	0.380563744587	0.146694210826	0.0722384635132
-tim	0.0187891440501	0.864300626305	0.0250521920668	0.0918580375782
-sta	0.0	0.9875	0.0125	0.0
-obo	0.0372670807453	0.888198757764	0.0	0.0745341614907
-lfa	0.0219445928059	0.978055407194	0.0	0.0
-'do	0.21481316764	0.616786612968	0.118825042586	0.0495751768061
-ihu	0.0797546012271	0.269938650307	0.650306748466	0.0
-'da	0.458255030695	0.238786180456	0.0454588002848	0.257499988564
-red	0.0	1.0	0.0	0.0
-dou	0.715219976219	0.211058263971	0.0332936979786	0.0404280618312
-ngo	0.258240690089	0.614439722103	0.0889674232653	0.0383521645429
-ofe	0.684065934066	0.277472527473	0.021978021978	0.0164835164835
-tos	0.802919708029	0.0656934306569	0.0875912408759	0.043795620438
-mue	0.089552238806	0.880597014925	0.0	0.0298507462687
-lei	0.0472972972973	0.925675675676	0.027027027027	0.0
-lek	0.1664400675	0.19982141483	0.0365948950708	0.597143622599
-ois	0.066889632107	0.896321070234	0.0367892976588	0.0
-ion	0.282099149554	0.543040862892	0.0846297448662	0.0902302426883
-iom	0.225	0.775	0.0	0.0
-leo	0.0658373786464	0.0224938733383	0.00588609620795	0.905782651807
-lea	0.0449031869208	0.879831236344	0.0306637534845	0.0446018232502
-mun	0.357142857143	0.642857142857	0.0	0.0
-lee	0.245083284927	0.613302391643	0.0996890303089	0.0419252931206
-muk	0.289915966387	0.281512605042	0.0	0.428571428571
-leg	0.0	1.0	0.0	0.0
-muu	0.453082655827	0.36195799458	0.0499661246612	0.134993224932
-mus	0.0133895363253	0.927845276469	0.0312422514257	0.0275229357798
-mur	0.0818604651163	0.918139534884	0.0	0.0
-ios	0.370437624841	0.629562375159	0.0	0.0
-oin	0.496881847295	0.358798247093	0.0763736726783	0.0679462329344
-oim	0.199814986124	0.703977798335	0.0758556891767	0.0203515263645
-les	0.539934679335	0.281027315915	0.0650237529691	0.114014251782
-oik	0.246393669663	0.539265659419	0.0394321752258	0.174908495692
-leu	0.529702357399	0.0750721590923	0.00826582705608	0.386959656452
-iot	0.0	1.0	0.0	0.0
-fta	0.0	1.0	0.0	0.0
-eel	0.0	1.0	0.0	0.0
-eeo	0.262407458185	0.288136367791	0.0891143405539	0.36034183347
-fai	0.0623489631518	0.724658023123	0.0227909145424	0.190202099183
-eek	0.085138650675	0.114258520303	0.0187601089454	0.781842720076
-bka	0.15503875969	0.531782945736	0.238759689922	0.0744186046512
-alu	0.103346996476	0.641478109689	0.105449517531	0.149725376303
-gis	0.892307692308	0.107692307692	0.0	0.0
-ole	0.140152777812	0.26726981591	0.40330772749	0.189269678788
-gio	0.767123287671	0.0821917808219	0.150684931507	0.0
-gin	0.625758889853	0.297051170859	0.0615784908934	0.0156114483955
-gim	0.647319232661	0.352680767339	0.0	0.0
-gik	0.587773870706	0.32323505545	0.0403029483365	0.0486881255072
-alk	0.184210526316	0.815789473684	0.0	0.0
-ndo	0.0821917808219	0.917808219178	0.0	0.0
-ali	0.432299779809	0.196027704656	0.0331772373211	0.338495278214
-nda	0.30888030888	0.370656370656	0.320463320463	0.0
-ale	0.158641490065	0.338249295807	0.0309595092471	0.472149704881
--ei	0.371490280778	0.233261339093	0.382289416847	0.0129589632829
-emo	0.0	0.981308411215	0.018691588785	0.0
-ees	0.767171501707	0.121906996587	0.0644197952219	0.0465017064847
-ala	0.137494613108	0.11857111127	0.0261118384479	0.717822437174
-o'o	0.54326124912	0.37818455543	0.0447154651024	0.0338387303478
-kol	0.1	0.733333333333	0.133333333333	0.0333333333333
-duu	0.0332750430793	0.948574933423	0.0060500078326	0.0121000156652
-bui	0.119685398381	0.716671017749	0.068796123002	0.0948474608679
-wei	0.336134453782	0.563025210084	0.0336134453782	0.0672268907563
-yol	0.0	1.0	0.0	0.0
-iel	0.0	0.859301719646	0.109431995831	0.0312662845231
-pee	0.415730337079	0.584269662921	0.0	0.0
-pen	0.453947368421	0.513157894737	0.0328947368421	0.0
-peo	0.261744966443	0.523489932886	0.10067114094	0.114093959732
-elu	0.223852192303	0.219539163731	0.165788893823	0.390819750143
-eli	0.323567465582	0.163073742819	0.194814746973	0.318544044626
-elo	0.0742574257426	0.866336633663	0.0594059405941	0.0
-lse	0.647319232661	0.352680767339	0.0	0.0
-ela	0.371254241707	0.17135233677	0.0394763501268	0.417917071396
-ele	0.472039966295	0.377044224688	0.0695470350596	0.0813687739573
-nsi	0.111265646732	0.859527121001	0.00834492350486	0.0208623087622
-age	0.0704225352112	0.901408450704	0.0	0.0281690140845
-hum	0.0	1.0	0.0	0.0
-osu	0.0387296203415	0.930960242	0.0303101376585	0.0
-itu	0.0412386783383	0.514770868121	0.111867294102	0.332123159439
-esu	0.127362441249	0.793133525393	0.0229003477425	0.0566036856155
-ito	0.372839506173	0.451851851852	0.135802469136	0.0395061728395
-esi	0.695766698024	0.226810912512	0.0242709313264	0.0531514581373
-uta	0.461343482385	0.433543456647	0.0200693195165	0.0850437414512
-iti	0.121666960975	0.797104008476	0.0653363941374	0.0158926364118
-fek	0.622778390815	0.160707158453	0.0791679383936	0.137346512338
-esa	0.0425797141709	0.0717341096049	0.0514792012232	0.834206975001
-ese	0.0553602486771	0.858453909633	0.0666839359064	0.019501905784
-ita	0.303643278751	0.0307311602151	0.0097743314037	0.65585122963
-'di	0.470605101656	0.215420667307	0.0697850031557	0.244189227881
-faa	0.189408274751	0.15086449322	0.284671235569	0.37505599646
-fae	0.643835616438	0.266666666667	0.0730593607306	0.0164383561644
-fak	0.111702346441	0.770635898733	0.0701395860405	0.0475221687859
-ria	0.0160209240529	0.80619445551	0.0148926899647	0.162891930473
-fan	0.18982874904	0.10899507399	0.0484940204352	0.652682156535
-'de	0.385023018876	0.525195935363	0.0303153690005	0.0594656767609
-fam	0.203369434416	0.713598074609	0.0685920577617	0.014440433213
-o'i	0.546367482858	0.27103577286	0.0949008215115	0.0876959227702
-fas	0.34092213738	0.339975741804	0.0267438920086	0.292358228807
-uda	0.115504116294	0.511626207847	0.0776811824707	0.295188493389
-fat	0.0	1.0	0.0	0.0
-o'a	0.490259682822	0.200837389518	0.0488052668571	0.260097660802
-udi	0.0227461101948	0.793642555823	0.133205675409	0.0504056585734
-o'e	0.383561643836	0.0821917808219	0.0205479452055	0.513698630137
-'du	0.375509663914	0.521728079335	0.0417711533639	0.0609911033865
-'ke	0.716666666667	0.183333333333	0.05	0.05
-abu	0.161519346823	0.788782392616	0.0	0.0496982605609
--sa	0.155172413793	0.534482758621	0.206896551724	0.103448275862
-rim	0.0	1.0	0.0	0.0
-'ka	0.2261438324	0.239325366156	0.073600877667	0.460929923776
-uek	0.041241162608	0.378633150039	0.46190102121	0.118224666143
-huk	0.641992551211	0.155959031657	0.202048417132	0.0
-hud	0.0	1.0	0.0	0.0
-uoe	0.553398058252	0.446601941748	0.0	0.0
-hua	0.14328358209	0.668656716418	0.179104477612	0.0089552238806
-abe	0.192307692308	0.807692307692	0.0	0.0
-gad	0.109090909091	0.818181818182	0.0	0.0727272727273
-aba	0.0664114716247	0.915208409284	0.0116964394216	0.00668367966946
-huu	0.135058633239	0.666194904974	0.0911847957946	0.107561665993
-ron	0.0432567528598	0.948091896568	0.00865135057194	0.0
-kem	0.144090503126	0.685620720453	0.0130991366478	0.157189639774
-hus	0.00636942675161	0.980891719745	0.0127388535032	0.0
-aea	0.222996515679	0.735191637631	0.0418118466899	0.0
-tua	0.121409334168	0.621144079559	0.149696700757	0.107749885516
-lou	0.156587178178	0.612567806569	0.136408418104	0.0944365971489
-koa	0.153886832364	0.846113167636	0.0	0.0
-kob	0.00704225352113	0.992957746479	0.0	0.0
-kom	0.222222222222	0.111111111111	0.518518518519	0.148148148148
-tui	0.595885659129	0.216475461757	0.0376544637381	0.149984415375
-aek	0.259296601688	0.479135054888	0.128626017063	0.132942326361
-tuk	0.296577242156	0.404472086538	0.101607484211	0.197343187095
-koi	0.849194729136	0.133235724744	0.01756954612	0.0
-ael	0.0282021151586	0.917743830787	0.0477869173521	0.00626713670192
-sos	0.397111913357	0.438026474128	0.0361010830325	0.128760529483
-aen	0.359644429812	0.410716490391	0.0189994101266	0.210639669671
-kou	0.156804733728	0.665680473373	0.159763313609	0.0177514792899
-soo	0.621570926143	0.304103165299	0.0607268464244	0.0135990621336
-tus	0.0190072604858	0.923509824151	0.011205225308	0.046277690055
-soi	0.599688870754	0.197184535346	0.140645720698	0.0624808732021
-tuu	0.502627559575	0.305374956487	0.129113290592	0.0628841933453
-sok	0.528923327625	0.326880970212	0.0264824054624	0.117713296701
-soe	0.146627460499	0.65022433189	0.136728804461	0.0664194031493
-ora	0.070020746888	0.901970954357	0.0280082987552	0.0
-soa	0.438986526408	0.243694753061	0.0426914744488	0.274627246081
-ris	0.0	0.962748344371	0.00745033112583	0.0298013245033
-tna	0.0	0.71	0.29	0.0
-rus	0.0305098260539	0.895282821039	0.00943642901708	0.0647709238899
-rut	0.0	1.0	0.0	0.0
-lis	0.518014171759	0.352482285301	0.0151221528402	0.1143813901
-lim	0.338178187063	0.367247309442	0.0725618550981	0.222012648397
-lin	0.463442527593	0.26905489916	0.0924174913286	0.175085081918
-ipi	0.0	0.974987974988	0.00577200577201	0.01924001924
-run	0.0	1.0	0.0	0.0
-lii	0.193820409364	0.648043171368	0.0847025238597	0.0734338954083
-lik	0.312177328397	0.341144535696	0.106619641386	0.240058494521
-oma	0.0871315259855	0.59772700367	0.273943411862	0.0411980584823
-lia	0.00352199197314	0.993037922844	0.00245720370219	0.000982881480875
-ome	0.0	1.0	0.0	0.0
-eas	0.30149255668	0.524406107772	0.127391221133	0.0467101144153
-eau	0.473684210526	0.421052631579	0.0	0.105263157895
-lno	0.0630495790458	0.925724976614	0.00449017773621	0.0067352666043
-aol	0.651282051282	0.205128205128	0.0	0.14358974359
-abi	0.0288219126783	0.953133742145	0.00566184518197	0.0123824999944
-oda	0.321299638989	0.657039711191	0.0216606498195	0.0
-ode	0.0839857651246	0.856227758007	0.0298932384342	0.0298932384342
-rna	0.0	1.0	0.0	0.0
-eak	0.182806208218	0.10942570077	0.0896829430392	0.618085147973
-eam	0.0420085654277	0.957991434572	0.0	0.0
-eao	0.386745964316	0.192523364486	0.387765505523	0.0329651656754
-odo	0.0654307524536	0.696837513632	0.103598691385	0.13413304253
-koe	0.618556701031	0.0868924889543	0.212076583211	0.0824742268041
-bua	0.356555649241	0.280138947442	0.0514685216414	0.311836881675
-zet	0.0	1.0	0.0	0.0
-uro	0.0621761658031	0.59585492228	0.341968911917	0.0
-ehe	0.542857142857	0.114285714286	0.247619047619	0.0952380952381
-rga	0.0	0.985815602837	0.0	0.0141843971631
-ehu	0.0262141995092	0.0150176893736	0.00348743740093	0.955280673716
-pah	0.0	0.8125	0.1875	0.0
-pai	0.311151375391	0.493658375885	0.168011859661	0.0271783890628
-pak	0.329258127258	0.546818560711	0.065388533852	0.0585347781791
-mes	0.0	1.0	0.0	0.0
-pan	0.670920340294	0.282675947409	0.0262954369683	0.0201082753287
-ape	0.751392405063	0.145316455696	0.0607594936709	0.0425316455696
-bus	0.0188679245283	0.962264150943	0.0188679245283	0.0
-paa	0.0371177322807	0.882413719522	0.0404308127717	0.0400377354253
-api	0.196706720071	0.772734015725	0.0234386589527	0.00712060525145
-pae	0.526595744681	0.202127659574	0.143617021277	0.127659574468
-dua	0.0364732252469	0.0374236675986	0.148823431572	0.777279675582
