-õja	0.196366622623	0.541932291365	0.0783845105048	0.183316575508
-hôn	0.533887314472	0.270137854844	0.0785340314136	0.11744079927
-jãm	0.279431350333	0.088278557789	0.0283902643869	0.603899827492
-jãn	0.745967741935	0.145161290323	0.0483870967742	0.0604838709678
-jão	0.0523630504833	0.893931256713	0.0496777658432	0.00402792696026
-byr	0.449146933373	0.210067657008	0.0253713781439	0.315414031475
-nyo	0.133275213315	0.216221497392	0.528731831232	0.121771458061
-k'õ	0.369757174393	0.441501103753	0.172185430464	0.0165562913907
-rba	0.0	1.0	0.0	0.0
-nhĩ	0.168518162358	0.699201977294	0.069154902961	0.0631249573868
-ank	0.118908175434	0.203710083477	0.0273221147476	0.650059626342
-h'ã	0.341072101055	0.41847360319	0.0922752506525	0.148179045103
-hôt	0.0455862468611	0.640911724937	0.311956731698	0.00154529650376
-umĩ	0.0	0.81679389313	0.0	0.18320610687
-mrẽ	0.687118959021	0.0478796169631	0.00562136117246	0.259380062843
-rwã	0.308893743921	0.426512395432	0.139830924078	0.124762936569
-gãm	0.126057787796	0.0791299054856	0.0179685754611	0.776843731257
-ymã	0.312793699682	0.514549575563	0.0992719078731	0.0733848168824
-gãn	0.616038001505	0.253809613938	0.059384275908	0.0707681086496
-amẽ	0.27123918646	0.512274715368	0.0722463838596	0.144239714313
-tmẽ	0.0985280283535	0.740489289565	0.108060620363	0.0529220617183
-akĩ	0.1965456645	0.499945044061	0.274985657589	0.0285236338503
-wã:	0.270796460177	0.520353982301	0.166371681416	0.0424778761062
-rôo	0.137610238761	0.833302371967	0.012661569448	0.0164258198244
-oyn	0.75520448841	0.24479551159	0.0	0.0
-tôn	0.588434467943	0.240436531892	0.132177027442	0.0389519727235
-jru	0.0425036684714	0.941557455852	0.0159388756768	0.0
-ijy	0.21888297691	0.736721989428	0.0443950336619	0.0
-êto	0.428293481539	0.18269096549	0.123527637758	0.265487915213
-xêt	0.750875656743	0.235989492119	0.00656742556916	0.00656742556919
-êti	0.137444713344	0.843778686473	0.0112659601102	0.00751064007343
-jmà	0.584841015529	0.143770027114	0.0232930736998	0.248095883658
-ỹgê	0.149130074565	0.850869925435	0.0	0.0
-idõ	0.0185373173854	0.981462682615	0.0	0.0
-xer	0.0	1.0	0.0	0.0
-ajy	0.0	0.372197309417	0.37668161435	0.251121076233
-êbê	0.266669738722	0.554444495645	0.0669093590158	0.111976406617
-utà	0.702255584958	0.173966265234	0.0289283721265	0.0948497776818
-pur	0.288317707785	0.660385913648	0.00512963785673	0.0461667407105
-grõ	0.343971631206	0.315602836879	0.0	0.340425531915
-ôxo	0.365571900785	0.394104883063	0.102055064393	0.138268151758
-õbê	0.335392875974	0.422762979624	0.118229872323	0.12361427208
-mjô	0.244897959184	0.583673469388	0.0	0.171428571429
-a'õ	0.238789224734	0.43581834602	0.053841697638	0.271550731608
-a'ê	0.0977632943267	0.858909791142	0.0122204117908	0.0311065027403
-grà	0.292030553535	0.331230972498	0.0935482713976	0.28319020257
-aij	0.058579188412	0.939326161821	0.0	0.00209464976745
-a'ã	0.311162966497	0.416591433043	0.110291980677	0.161953619783
-ngô	0.0705502025363	0.842378678258	0.0258226092475	0.0612485099579
-pun	0.617131910235	0.187465790914	0.142309797482	0.0530925013684
-puo	0.0	0.850059031877	0.0	0.149940968123
-umũ	0.45837673091	0.0796512077244	0.0254709090195	0.436501152346
-tuk	0.171815962558	0.730463708737	0.0719479343212	0.0257723943837
-ngõ	0.344833750447	0.471308544869	0.0831247765463	0.100732928137
-pra	0.711223314173	0.239261138637	0.0	0.0495155471893
-ỹnh	0.116079273315	0.214321629569	0.0837510001857	0.58584809693
-gêx	0.0423810441148	0.872856867656	0.0	0.0847620882296
-ôtã	0.620131512393	0.201062215478	0.12569549823	0.0531107738999
-e'ã	0.251313282261	0.391787646391	0.106723419887	0.250175651461
-bêm	0.0642615558061	0.904171364149	0.0	0.0315670800451
-nmo	0.824817518248	0.175182481752	0.0	0.0
-amỳ	0.541425138699	0.34886333094	0.0557964706496	0.0539150597117
-pao	0.255754475703	0.20716112532	0.506393861893	0.0306905370844
-imã	0.100049463733	0.106434302504	0.018090043885	0.775426189878
-gêt	0.222042583016	0.571930041953	0.0429007092488	0.163126665782
-arô	0.298489425982	0.268277945619	0.317220543807	0.116012084592
-arõ	0.106142859632	0.727147416628	0.0334837498482	0.133225973892
-wão	0.227130456446	0.662608929285	0.0288402672343	0.0814203470347
-wãn	0.311767084513	0.370400323494	0.274160938132	0.0436716538617
-x'ã	0.323142090971	0.409777428553	0.156428602362	0.110651878115
-pry	0.182146432684	0.691834752884	0.0294843618937	0.0965344525385
-xwã	0.413597179618	0.363424722232	0.128484330946	0.094493767204
-igu	0.0	1.0	0.0	0.0
-jõo	0.698873955685	0.144932800581	0.0661096985107	0.0900835452234
-ỳ'õ	0.308981751174	0.655352790822	0.0106996374012	0.0249658206027
-imu	0.0101351351351	0.989864864865	0.0	0.0
-upa	0.665613129819	0.225187996139	0.0229008474048	0.0862980266369
-imy	0.30544536603	0.445109799381	0.189657790347	0.0597870442424
-gõr	0.461748241711	0.444954786852	0.0258360843979	0.0674608870389
-te:	0.297689086316	0.111985215578	0.125447177905	0.464878520201
-jgo	0.259375746884	0.2120239361	0.158715617493	0.369884699524
-ỳ:x	0.176138269535	0.334022658578	0.301084838144	0.188754233744
-400	0.324675324675	0.201298701299	0.0	0.474025974026
-ima	0.521116000872	0.233404383752	0.0583673765864	0.18711223879
-yje	0.1625	0.2625	0.575	0.0
-oko	0.405268490375	0.266464032421	0.310030395137	0.0182370820669
-oki	0.0	1.0	0.0	0.0
-yja	0.244450416269	0.507933324264	0.102730536266	0.144885723201
-ỳ'ã	0.328248838288	0.428668831156	0.0992673875139	0.143814943041
-ryo	0.201807095159	0.665369480462	0.100217569906	0.0326058544724
-rẽ:	0.703257596496	0.0777443197372	0.098549137695	0.120448946072
-rbê	0.224622364089	0.485589482497	0.0417552382794	0.248032915135
-bũm	0.247706422018	0.607436021246	0.0492515692902	0.0956059874457
-ri:	0.3761853922	0.297054575143	0.240092947309	0.0866670853482
-rwa	0.420667908843	0.502293249247	0.0171993693565	0.0598394725527
-xij	0.237113402062	0.615611192931	0.020618556701	0.126656848306
-yma	0.237678065054	0.389371142619	0.176937924461	0.196012867866
-ngà	0.0	0.939430233553	0.0537257250406	0.00684404140644
-bit	0.325453757534	0.319801711452	0.136928502562	0.217816028452
-hbê	0.130336129893	0.478096186509	0.0419400821877	0.349627601411
-bir	0.183113331328	0.0767625618361	0.0268198380494	0.713304268786
-tẽn	0.451410860163	0.0468116411363	0.0187865520699	0.482990946631
-õro	0.596292460829	0.244475215109	0.0325282436567	0.126704080405
-:nh	0.298360293363	0.454420576463	0.206956713955	0.0402624162187
-nỳt	0.585106382979	0.372340425532	0.031914893617	0.0106382978723
-êtô	0.41095890411	0.474885844749	0.0525114155251	0.0616438356164
-:ne	0.310588235294	0.167058823529	0.12	0.402352941177
-ẽkà	0.188027314294	0.682011322628	0.0886647096382	0.0412966534408
-àmẽ	0.222904933314	0.517257988327	0.121341534442	0.138495543917
-hôr	0.533492275719	0.280338691262	0.0418663560615	0.144302676958
-ngã	0.646452261558	0.249608091374	0.0213241366148	0.0826155104531
-ji:	0.131578947368	0.242105263158	0.0	0.626315789474
-êtê	0.180479591106	0.275364828393	0.0712639422962	0.472891638205
-bin	0.347549454986	0.210528865563	0.0679047234558	0.374016955995
-bio	0.390572390572	0.380471380471	0.188552188552	0.040404040404
-ôja	0.21907433753	0.701589229274	0.0330039562093	0.0463324769861
-eno	0.100815129005	0.524202530481	0.113305450511	0.261676890003
-mmẽ	0.109964503056	0.715612400608	0.124944686125	0.0494784102108
-eja	0.32954283105	0.400615391046	0.183546287982	0.0862954899222
-100	0.00865245954175	0.577431501362	0.0144207659029	0.399495273193
-uta	0.85498960499	0.0592515592515	0.0566528066528	0.029106029106
-tet	0.454897620365	0.427504150526	0.0741560597676	0.0434421693414
-ute	0.186718192698	0.0147297321422	0.00552431401984	0.79302776114
-rin	0.259963424008	0.479392873866	0.239263532675	0.0213801694511
-rio	0.258518740053	0.491840328109	0.113059267003	0.136581664836
-ẽbê	0.336695808425	0.144379280556	0.0529135077232	0.466011403297
-uti	0.112869198312	0.498593530239	0.191631504923	0.196905766526
-rẽn	0.426715315596	0.21530938811	0.034317062726	0.323658233569
-uto	0.179871520343	0.727337615989	0.0271234832263	0.0656673804426
-a'u	0.275399133519	0.647468987737	0.0245927729331	0.0525391058117
-ejo	0.300859598854	0.409742120344	0.0519340974212	0.237464183381
-wao	0.26975142061	0.460650738278	0.200179907414	0.0694179336976
-rit	0.209749873913	0.494992274568	0.24093257985	0.0543252716686
-aur	0.035094980101	0.906842580516	0.00477408782315	0.0532883515601
-uaõ	0.853658536585	0.0731707317073	0.0	0.0731707317073
-eju	0.0360146759301	0.776585660737	0.00668448069489	0.180715182638
-gre	0.158097686375	0.834190231363	0.0	0.00771208226218
-emẽ	0.130682486457	0.755774818838	0.0771924237605	0.0363502709445
-mja	0.289870307562	0.34321226956	0.129736705466	0.237180717412
-rẽx	0.265604737172	0.297030208787	0.135913761181	0.301451292861
-tek	0.0269335079024	0.915084634808	0.0280557373983	0.0299261198915
-tem	0.102292250108	0.722693833404	0.0950539769439	0.0799599395446
-êbu	0.0467005076142	0.948223350254	0.0	0.00507614213199
-teo	0.089605734767	0.415770609319	0.47311827957	0.0215053763441
-jin	0.337636424122	0.353484717004	0.033612302515	0.275266556358
-are	0.10035117108	0.85002705779	0.0290198750806	0.0206018960496
-prã	0.574611748818	0.335198225137	0.050641458474	0.0395485675702
-jij	0.0236353906529	0.930877631109	0.0294327506244	0.0160542276133
-nmã	0.319613343475	0.131618287198	0.0607376183159	0.488030751011
-jii	0.0940962815505	0.349208962596	0.116647458253	0.440047297601
-môr	0.444444444444	0.388888888889	0.166666666667	0.0
-arn	0.375369885585	0.344510337297	0.116364664531	0.163755112587
-aro	0.380619897173	0.181775290628	0.0570191665677	0.380585645631
-mex	0.293282054754	0.167082600564	0.201648935679	0.337986409003
-e'i	0.166444740346	0.772303595206	0.0532623169108	0.00798934753662
-êko	0.453057789415	0.366934729755	0.0514307088087	0.128576772022
-aru	0.0286738351255	0.884707287933	0.0474910394265	0.0391278375149
-hĩo	0.305394954375	0.49516200977	0.158609201026	0.0408338348292
-xbê	0.12061770912	0.458437799921	0.0204957250007	0.400448765958
-prõ	0.296000270502	0.4488379713	0.0582850710946	0.196876687103
-prô	0.25	0.75	0.0	0.0
-kõn	0.542930923176	0.343576500968	0.0302130406714	0.083279535184
-meo	0.109541675954	0.253311790053	0.030795309095	0.606351224898
-x'õ	0.222528204673	0.409700630719	0.121702052056	0.246069112552
-jir	0.286947919457	0.34747841141	0.213515797284	0.152057871849
-rri	0.11469502597	0.599993418419	0.0613305885701	0.223980967041
-e'y	0.0555097554273	0.933498213795	0.0109920307777	0.0
-xwe	0.180771387214	0.454057393913	0.15744579407	0.207725424803
-axõ	0.0148050666228	0.965454844547	0.0098700444152	0.00987004441519
-hti	0.183001991213	0.668320743386	0.011378362148	0.137298903252
-êro	0.573426096107	0.304038877888	0.065995712625	0.0565393133801
-bẽn	0.279533668616	0.334064738585	0.0320635073354	0.354338085464
-nuo	0.277176091	0.332021496316	0.183012823806	0.207789588878
-nĩ:	0.228731902123	0.287846400216	0.353279693078	0.130142004582
-m'ã	0.369297545623	0.379414111733	0.142702126231	0.108586216412
-tyn	0.583559211256	0.0779861308077	0.177229614466	0.16122504347
-tyo	0.358627130516	0.504786364698	0.136586504786	0.0
-êpo	0.382498581216	0.0681887151916	0.0180018208106	0.531310882782
-tyk	0.296469512649	0.254987991606	0.28533277571	0.163209720035
-ynê	0.359073359073	0.490347490348	0.046332046332	0.104247104247
-ayr	0.664537583275	0.298155043628	0.0186536865481	0.0186536865481
-xmẽ	0.241866389917	0.557915075567	0.108007998455	0.092210536061
-aja	0.273791150795	0.293040893821	0.115577932635	0.317590022749
-imô	0.0	0.823529411765	0.0252100840336	0.151260504202
-uby	0.26275010558	0.494022025674	0.160018334701	0.0832095340448
-u'õ	0.3465583174	0.49592552126	0.103569152326	0.0539470090139
-ãmã	0.248800113023	0.518070420901	0.098144087954	0.134985378121
-xau	0.327731092437	0.63025210084	0.00840336134453	0.0336134453781
-prĩ	0.22959095419	0.505266441901	0.0908217249766	0.174320878933
-exu	0.0867301063989	0.885171586992	0.022478645287	0.00561966132174
-rmẽ	0.100164247356	0.777088412478	0.054232860127	0.0685144800395
-exo	0.176317028274	0.330225014816	0.312457777464	0.181000179445
-'wỳ	0.363561787294	0.538899232022	0.00122178263905	0.0963171980451
-ỹro	0.271691925119	0.165462376086	0.0188779567296	0.543967742065
-u'ã	0.178130422493	0.480187498868	0.0990493249974	0.242632753642
-exi	0.176140946986	0.241414354102	0.298468193281	0.283976505631
-uba	0.117103947065	0.844040932523	0.022312841425	0.0165422789875
-wàn	0.304278288684	0.563774490204	0.107956817273	0.0239904038385
-exe	0.296516151341	0.685329798577	0.0181540500821	0.0
-ipi	0.00364963503649	0.981143552311	0.0	0.0152068126521
-u'ê	0.598388409761	0.182332965206	0.0284306399357	0.190847985097
-rũm	0.136451332328	0.0746693805673	0.0184027048372	0.770476582268
-ota	0.364274854574	0.288748971737	0.0124676831776	0.334508490511
-kmẽ	0.179858845397	0.606260816764	0.169752866461	0.0441274713788
-upõ	0.218596491228	0.711228070175	0.0701754385965	0.0
-nhy	0.1521230084	0.705742684504	0.106600730321	0.0355335767738
-ija	0.177000306944	0.45228941135	0.0839517148217	0.286758566884
-j'ã	0.554179125443	0.212603810342	0.0133587632451	0.21985830097
-nhu	0.567444251162	0.403395850794	0.0291598980439	0.0
-ĩre	0.0704958379652	0.705066129911	0.132509544177	0.0919284879469
-ijn	0.418305431955	0.437428793035	0.074704688248	0.0695610867621
-ijo	0.206333805891	0.0738688119847	0.013628399028	0.706168983096
-ã'i	0.0	0.953667953668	0.046332046332	0.0
-k'ã	0.302933172867	0.5028455833	0.131327451786	0.0628937920463
-oto	0.116666666667	0.4	0.483333333333	0.0
-iju	0.0125195618153	0.973395931142	0.00782472613458	0.00625978090768
-nho	0.411659802805	0.309778488268	0.0587670959663	0.219794612961
-uma	0.514609272065	0.19035064374	0.0687720395455	0.226268044649
-nĩj	0.29258782556	0.367277407632	0.024984857662	0.315149909146
-upê	0.855692990802	0.0842231384572	0.0244916657857	0.0355922049547
-nĩo	0.132324123322	0.212188204871	0.0285928535282	0.626894818279
-ty:	0.359673024523	0.558583106267	0.0490463215259	0.0326975476839
-naj	0.0443457965805	0.855867907109	0.0841155728759	0.015670723435
-ynh	0.0972404730617	0.863337713535	0.0394218134034	0.0
ALL	0.228379780361	0.288446994538	0.0542951458228	0.428878079278
-õxu	0.0	0.989690721649	0.0	0.0103092783505
-nan	0.0961538461538	0.423076923077	0.0	0.480769230769
-nao	0.362989323843	0.293126053568	0.343884622589	0.0
-aki	0.195652173913	0.804347826087	0.0	0.0
-kij	0.699790972469	0.172791200849	0.0314852878187	0.0959325388636
-rja	0.395227615324	0.380913155171	0.094045919224	0.129813310281
-kin	0.792993630573	0.178343949045	0.0	0.0286624203822
-aka	0.0274387057061	0.137989105818	0.814856970302	0.019715218174
-twa	0.28254180602	0.452575250836	0.181003344482	0.0838795986622
-àko	0.617601646938	0.258878023675	0.123520329388	0.0
-jre	0.145416953825	0.668504479669	0.165403170227	0.0206753962784
-rãk	0.175453685387	0.752128666036	0.0620968435538	0.0103208050228
-êwã	0.153661292347	0.468588030632	0.0	0.377750677021
-aku	0.196390658174	0.698109392377	0.0601556970984	0.0453442523506
-jỳr	0.368304124548	0.396835026617	0.0776375490254	0.157223299809
-wỳx	0.0764705882353	0.455882352941	0.0176470588235	0.45
-nwã	0.176988326745	0.726103010541	0.0260400828381	0.070868579876
-gjê	0.243238758918	0.457607433217	0.103534096565	0.195619711299
-goo	0.223057296886	0.342647915029	0.323027219687	0.111267568398
-utã	0.382228895398	0.21683453805	0.0806452310562	0.320291335496
-ôni	0.425531914894	0.574468085106	0.0	0.0
-ônh	0.167316985423	0.621190248618	0.0830914312505	0.128401334709
-utĩ	0.131274131274	0.498069498069	0.23166023166	0.138996138996
-àri	0.165439924302	0.412856464273	0.109266103893	0.312437507532
-re:	0.454793192999	0.370676795608	0.0761372532923	0.0983927581008
-ako	0.372966240955	0.514081911495	0.041643390356	0.0713084571939
-u:n	0.351946066787	0.408090705859	0.116553567572	0.123409659782
-yno	0.043795620438	0.875912408759	0.0802919708029	0.0
-gop	0.358091226008	0.281440657816	0.0110233711755	0.349444745
-rỳo	0.496250859019	0.289948840642	0.0677034284406	0.146096871898
-kãm	0.352352714395	0.193514518242	0.0318835625966	0.422249204766
-got	0.389011470978	0.196701434313	0.0374308563595	0.37685623835
-ũmo	0.221333534546	0.492316205136	0.0871500792274	0.199200181091
-ĩ:ĩ	0.0737704918033	0.0737704918033	0.803278688525	0.0491803278689
-p'ã	0.160233393178	0.753758976661	0.0	0.0860076301616
-ãme	0.507737642215	0.195304724548	0.104950920126	0.192006713112
-ma:	0.273724186529	0.498034927228	0.113139709459	0.115101176784
-grô	0.180106753604	0.758589829642	0.0147665164446	0.0465369003101
-ixu	0.047619047619	0.904761904762	0.047619047619	0.0
-ãmo	0.414833366621	0.370464582783	0.131793053097	0.0829089974998
-mok	0.550239975228	0.032512772875	0.0232234091964	0.3940238427
-bep	0.0928309601482	0.107454104158	0.0389591892946	0.760755746399
-jio	0.0166359205723	0.942067874654	0.0261178692712	0.0151783355027
-ubô	0.342529448233	0.6388716677	0.0185988840669	0.0
-arĩ	0.570291777188	0.397877984085	0.0079575596817	0.0238726790451
-bet	0.36170212766	0.63829787234	0.0	0.0
-beu	0.0328092959672	0.880610617453	0.0	0.08658008658
-bej	0.280574234607	0.0878371788413	0.0227926889977	0.608795897554
-ubê	0.193662071022	0.14066458027	0.0301703973384	0.635502951369
-ben	0.0829556197474	0.16247762088	0.092787332909	0.661779426464
-:je	0.602941176471	0.0294117647059	0.161764705882	0.205882352941
-bem	0.212625779372	0.280402493991	0.017214905256	0.48975682138
-kêt	0.108409272812	0.046128488344	0.0167424733182	0.828719765526
-exã	0.0232558139535	0.976744186047	0.0	0.0
-mõk	0.135661360677	0.814636158509	0.030013575371	0.0196889054434
-rek	0.380114243358	0.121633253245	0.0545642334606	0.443688269936
-upu	0.271516393442	0.717917520492	0.00288165983607	0.00768442622951
-ren	0.256869419207	0.169073246103	0.0598361179369	0.514221216753
-reo	0.254428415688	0.539957967728	0.131581895217	0.0740317213669
-ã'ã	0.153963596529	0.266763274509	0.0491696926903	0.530103436272
-ijã	0.170750078819	0.121947411932	0.0419661898414	0.665336319408
-nhõ	0.112439052153	0.155362964208	0.0412766182526	0.690921365386
-nhô	0.49684132283	0.374137016961	0.0220413768047	0.106980283405
-tmo	0.278873239437	0.56338028169	0.0338028169014	0.123943661972
-õre	0.134287475176	0.62603574608	0.239676778744	0.0
-ijê	0.148829999987	0.798449221573	0.00647924431224	0.0462415341279
-êno	0.161896838602	0.753244592346	0.0274542429285	0.0574043261231
-ijõ	0.332234673698	0.256262359921	0.138431114041	0.27307185234
-rex	0.218181818182	0.0727272727273	0.709090909091	0.0
-go:	0.259406615892	0.345117653746	0.325451858588	0.0700238717745
-k'y	0.0864790665751	0.913520933425	0.0	0.0
-ỳko	0.478959610911	0.444068513428	0.0769718756608	0.0
-umã	0.25382584328	0.586053843839	0.0325086832027	0.127611629679
-tũm	0.246424409529	0.259011229842	0.219773239406	0.274791121222
-nha	0.076923076923	0.923076923077	0.0	0.0
-põn	0.528634361234	0.246696035242	0.123348017621	0.101321585903
-kbê	0.25455222197	0.319117473247	0.0570029731326	0.36932733165
-nhà	0.046511627907	0.627906976744	0.279069767442	0.0465116279069
-reu	0.430894308943	0.471544715447	0.0	0.0975609756098
-jur	0.293922261922	0.439937921172	0.160223532697	0.105916284209
-juw	0.408563630679	0.320956686054	0.0628998219645	0.207579861303
-grã	0.194142095814	0.534569618335	0.0437589107532	0.227529375098
-atê	0.0	1.0	0.0	0.0
-mar	0.436752461546	0.27959065044	0.0285089764975	0.255147911517
-twã	0.456292729071	0.239712774649	0.186610482865	0.117384013415
-akà	0.372792426876	0.446548367214	0.0908438547423	0.0898153511677
-ju:	0.5	0.5	0.0	0.0
-mak	0.301097626409	0.415673616903	0.0820009409262	0.201227815761
-maj	0.0919117647059	0.908088235294	0.0	0.0
-gàp	0.0	0.857045609258	0.142954390742	0.0
-mao	0.26770017667	0.615913799346	0.0464949449214	0.0698910790621
-man	0.439310392942	0.204918501109	0.0490514571166	0.306719648833
-akô	0.480518887316	0.494587311013	0.00548120403782	0.0194125976339
-jun	0.358574610245	0.247216035635	0.107461024499	0.286748329621
-juo	0.337832910638	0.470016135628	0.0317273582492	0.160423595485
-àkà	0.352919091421	0.620799699643	0.0262812089356	0.0
-uno	0.413860022073	0.369814898487	0.0605390831586	0.155785996282
-õwã	0.284933171324	0.356622114216	0.168894289186	0.189550425273
-hãn	0.389078498293	0.569965870307	0.0	0.0409556313993
-tàn	0.471613698163	0.27393718187	0.0821196111167	0.17232950885
-êmã	0.242413028238	0.600702814082	0.0641136301884	0.0927705274918
-tỳx	0.279319314937	0.220794200496	0.148584891743	0.351301592825
-ãta	0.497942025878	0.171846524184	0.099919760125	0.230291689813
-'ôk	0.377453784528	0.352980396803	0.0240943990563	0.245471419613
-ibĩ	0.359167242032	0.228869239849	0.0224114122809	0.389552105838
-pta	0.246478873239	0.507042253521	0.0	0.246478873239
-'ôo	0.107871720116	0.562682215744	0.32944606414	0.0
-tỹm	0.618102001445	0.110918658058	0.0140728308716	0.256906509625
-unu	0.119194594069	0.238404692824	0.403902810818	0.238497902288
-hỹ:	0.372006037142	0.149616116543	0.0446223505479	0.433755495767
-mrã	0.380841201163	0.233513233151	0.0643757540373	0.321269811649
-666	0.0810810810811	0.0	0.0	0.918918918919
-ôbê	0.0452845153753	0.885511456	0.0462134285112	0.0229906001136
-mjã	0.579439252336	0.420560747664	0.0	0.0
-nàr	0.044902332895	0.0473553210484	0.0146324921046	0.893109853952
-gao	0.247143236779	0.627125963327	0.051488174329	0.0742426255647
-gan	0.517329640617	0.210533487176	0.0672131276948	0.204923744512
-y'ã	0.411617912675	0.46648129659	0.0609821983392	0.0609185923957
-tri	0.308014393738	0.148323494296	0.0133490315734	0.530313080393
-:ja	0.468290077967	0.350485955356	0.108255900887	0.0729680657908
-u:w	0.42843518871	0.320436154668	0.0855241346283	0.165604521994
-djẽ	0.325905292479	0.192200557103	0.364902506964	0.116991643454
-õmẽ	0.224164935273	0.642224708327	0.074316765223	0.0592935911779
-jôo	0.512168141593	0.481194690266	0.0066371681416	0.0
-adu	0.0880578355166	0.727672990161	0.158993314127	0.0252758601946
-gar	0.0559990475367	0.0541086417189	0.0176123014936	0.872280009251
-mbê	0.161392521544	0.591715378178	0.0937620122265	0.153130088052
-ành	0.284036803678	0.34237955718	0.225080561231	0.148503077911
-:xi	0.244636132761	0.373106226465	0.22462562396	0.157632016814
-ràr	0.00667129951355	0.975816539263	0.00750521195275	0.0100069492703
-ũja	0.33676092545	0.498714652956	0.0616966580977	0.102827763496
-:xo	0.42289533528	0.239746505212	0.220595874361	0.116762285147
-ino	0.216615740266	0.356499924896	0.252153604114	0.174730730724
-ôpu	0.310810810811	0.599099099099	0.09009009009	0.0
-p'õ	0.201560818084	0.798439181916	0.0	0.0
-ine	0.427774903993	0.464847521222	0.00976159770774	0.0976159770775
-'ỳr	0.354369220883	0.378516286598	0.0312342353866	0.235880257132
-iwã	0.308769523399	0.648312705008	0.00715296193202	0.0357648096602
-erê	0.0	1.0	0.0	0.0
-kno	0.544152010851	0.254273273122	0.0427021256055	0.158872590421
-ỳbê	0.258583304718	0.583963800304	0.019336320436	0.138116574543
-pre	0.418899763442	0.470233540561	0.0460493431888	0.0648173528077
-ôpa	0.0756302521009	0.861344537815	0.0252100840336	0.0378151260504
-kuw	0.235294117647	0.735294117647	0.0294117647059	0.0
-eda	0.0	0.972093023256	0.0	0.0279069767442
-kur	0.305818253105	0.499739743529	0.0878788083633	0.106563195003
-uja	0.310092644175	0.44083157438	0.159505379748	0.0895704016968
-ã:n	0.257387988561	0.439466158246	0.280266920877	0.0228789323165
-ena	0.0109849871842	0.989015012816	0.0	0.0
-ã:m	0.230009822519	0.342289612131	0.249841707194	0.177858858156
-ràk	0.12636457905	0.113670425905	0.0330552778422	0.726909717203
-nep	0.563636363636	0.436363636364	0.0	0.0
-kux	0.103448275862	0.896551724138	0.0	0.0
-nen	0.1774722971	0.109060930208	0.0261309275628	0.687335845129
-neo	0.286577992745	0.677146311971	0.0217654171705	0.0145102781137
-uwã	0.309497206704	0.453072625698	0.208100558659	0.0293296089386
-mti	0.0193326010236	0.973160871331	0.00691390704182	0.000592620603584
-ỳmã	0.327469655467	0.331823436283	0.214632598698	0.126074309552
-edu	0.654750082754	0.101952995697	0.0	0.243296921549
-kuo	0.0774193548387	0.729032258065	0.193548387097	0.0
-kun	0.444810543657	0.190691927512	0.231054365733	0.133443163097
-kum	0.312817385905	0.0230630141415	0.00138184171518	0.662737758238
-kti	0.37786693814	0.516917180669	0.0526977663333	0.0525181148572
-ãnh	0.21885055856	0.400526918498	0.0595923350017	0.321030187941
-djỳ	0.107348107386	0.671173566418	0.184123728118	0.0373545980785
-nom	0.464953271028	0.322429906542	0.0584112149532	0.154205607477
-ban	0.293930418905	0.21184337531	0.0667097723431	0.427516433442
-bao	0.299835255354	0.328876719957	0.0981042763997	0.273183748289
-ptô	0.205523442518	0.00663669449797	0.787839862984	0.0
-ra:	0.577427821522	0.320209973753	0.0236220472441	0.0787401574803
-ĩja	0.243916581433	0.479810526271	0.156460574082	0.119812318214
-unê	0.470185328692	0.476079205172	0.0	0.0537354661362
-jot	0.775818639798	0.130142737196	0.0940386230059	0.0
-mõn	0.286089843786	0.105937230469	0.0300355382195	0.577937387526
-eko	0.0327421555252	0.729877216917	0.221009549795	0.0163710777626
-urê	0.269700209292	0.389972407878	0.030577953814	0.309749429016
-pĩn	0.407693703378	0.351112084872	0.148814312466	0.0923798992842
-djà	0.192831873971	0.321948041217	0.032320150896	0.452899933917
-wyo	0.265891235588	0.585654525049	0.113763901643	0.0346903377206
-tẽ:	0.332321699545	0.233097285449	0.0564828865284	0.378098128478
-àtà	0.176829268293	0.621951219512	0.201219512195	0.0
-rĩo	0.251850766425	0.612545123944	0.0638849436804	0.0717191659511
-arê	0.289484847784	0.58409884999	0.0661776615684	0.0602386406585
-ẽ:n	0.501959650781	0.183159517809	0.0303800333375	0.284500798072
-mõr	0.302367375372	0.204546697368	0.0420654042464	0.451020523013
-bar	0.0354163111595	0.0350354906094	0.00553214268516	0.924016055546
-ô'ã	0.371145889372	0.339658585039	0.0723670949587	0.21682843063
-dru	0.0299872240478	0.941615572156	0.00591375953314	0.0224834442628
-wãm	0.442761658738	0.242187253883	0.0477611861933	0.267289901186
-êja	0.290912393103	0.508133071023	0.0759760715081	0.124978464366
-õrn	0.259459459459	0.718918918919	0.0216216216216	0.0
-êje	0.421831345206	0.272062702105	0.0510134037527	0.255092548937
-ubĩ	0.497088655147	0.377122464312	0.0410405709992	0.0847483095417
-ĩ'õ	0.192118226601	0.738916256158	0.0689655172414	0.0
-jmẽ	0.162258953168	0.733801652892	0.0219283746556	0.0820110192838
-nyn	0.500726963487	0.395577867391	0.0518475845609	0.051847584561
-e'õ	0.0464708168551	0.417489781367	0.0112978699319	0.524741531846
-yko	0.425960521752	0.311074054106	0.168511854759	0.0944535693837
-adõ	0.0	1.0	0.0	0.0
-êju	0.102564102564	0.525641025641	0.371794871795	0.0
-hwã	0.432932026422	0.357447261879	0.0484764542937	0.161144257405
-mũ:	0.140096618358	0.347826086956	0.0579710144927	0.454106280193
-jkẽ	0.361995167394	0.260567521936	0.0674406897949	0.309996620875
-ywã	0.638648160981	0.201537607348	0.0825539232499	0.0772603084215
-inê	0.505489535186	0.355939974473	0.0299260213881	0.108644468953
-ĩpa	0.0	1.0	0.0	0.0
-tẽm	0.468682209499	0.144476020426	0.0426941800175	0.344147590057
-rax	0.205442146561	0.474664048257	0.126604971017	0.193288834166
-430	0.292333614153	0.050547598989	0.0	0.657118786858
-rau	0.054054054054	0.918918918919	0.027027027027	0.0
-àxo	0.15667375698	0.739322230548	0.0430917792657	0.0609122332068
-eru	0.0510005312555	0.88135293076	0.0308128209669	0.0368337170179
-ran	0.587334719492	0.213317368241	0.0792051972849	0.120142714983
-rao	0.252116952113	0.504445243585	0.110430800229	0.133007004073
-rãm	0.429292426355	0.159227602862	0.128338955772	0.283141015011
-ba:	0.367279654187	0.304637702396	0.0378049673969	0.29027767602
-rak	0.457815565729	0.526487900589	0.0	0.0156965336821
-ern	0.642825345007	0.230746401543	0.0774595637335	0.0489686897166
-ero	0.315562857628	0.482295620645	0.0801087757067	0.12203274602
-era	0.0	1.0	0.0	0.0
-inô	0.289677125966	0.447476125512	0.183265120509	0.0795816280127
-ere	0.0448325105632	0.600117468477	0.0558401436897	0.29920987727
-ĩmo	0.09765625	0.332682291667	0.05859375	0.511067708333
-mõ:	0.233403891992	0.332411327333	0.0815575082714	0.352627272404
-ã'õ	0.313356164384	0.294520547945	0.0719178082191	0.320205479452
-jbu	0.304721030043	0.4669527897	0.0909871244635	0.137339055794
-à'ã	0.345116652148	0.431108505469	0.0776102515921	0.146164590791
-mũm	0.215475778214	0.21459078841	0.0831120858824	0.486821347493
-prà	0.0	1.0	0.0	0.0
-mũn	0.662962323267	0.140977411333	0.015749140956	0.180311124444
-kãx	0.487603305785	0.462809917355	0.0495867768595	0.0
-uge	0.228070175439	0.719298245614	0.0526315789474	0.0
-raj	0.176908752328	0.63687150838	0.0279329608938	0.158286778398
-poo	0.648092369478	0.193775100402	0.0301204819277	0.128012048193
-uga	0.561374795417	0.320785597381	0.0916530278232	0.0261865793781
-ỳmo	0.573594381301	0.40308877393	0.0	0.0233168447683
-mtã	0.495795091578	0.209295273521	0.098916427445	0.195993207456
-ẽ'ã	0.255363036304	0.583745874588	0.148514851485	0.0123762376238
-ôti	0.0390517139363	0.767464794288	0.087964971796	0.105518519979
-nox	0.258303836492	0.421948504225	0.0134876684175	0.306259990865
-ràx	0.151585014409	0.808069164265	0.0265129682997	0.0138328530259
-tàm	0.295971356158	0.341737092098	0.163935597701	0.198355954043
-uju	0.0147058823529	0.897058823529	0.0882352941176	0.0
-500	0.163934426229	0.114754098361	0.0491803278688	0.672131147541
-iko	0.309660707628	0.671500618144	0.0135402971016	0.0052983771267
-ôto	0.173988028812	0.799381150452	0.0159784924419	0.0106523282946
-nor	0.497374619724	0.293371107077	0.0525185684382	0.15673570476
-ĩnã	0.231213872832	0.231213872832	0.321772639692	0.215799614644
-nê:	0.56	0.147692307692	0.184615384615	0.107692307692
-ukẽ	0.156626506024	0.807228915663	0.0120481927711	0.0240963855422
-rer	0.301512409142	0.45206437581	0.0957214269707	0.150701788077
-iku	0.0496732026144	0.937254901961	0.0130718954248	0.0
-knĩ	0.460702695075	0.166784252857	0.0578524058135	0.314660646254
-ewã	0.23666780617	0.564738056577	0.110460644389	0.0881334928639
-ro:	0.494117647059	0.505882352941	0.0	0.0
-rào	0.504974141984	0.34442877292	0.0916220028208	0.0589750822755
-tàx	0.455223880597	0.34328358209	0.201492537313	0.0
-ỳ:r	0.151018468988	0.678114920387	0.162236983827	0.0086296267993
-tàt	0.0985960629903	0.411238286988	0.254082563644	0.236083086377
-jar	0.202118698976	0.433944538033	0.0707528832449	0.293183879746
-tàr	0.304991937411	0.538706151176	0.0393364210117	0.116965490401
-ẽmo	0.412053192493	0.268508912572	0.0782797321513	0.241158162784
-ôta	0.333789329685	0.571819425445	0.0369357045143	0.0574555403557
-a:x	0.174445388056	0.358569194053	0.0938801400387	0.373105277852
-myt	0.0213634853645	0.813530556125	0.0263711472636	0.138734811247
-rem	0.428571428571	0.363095238095	0.190476190476	0.0178571428571
-ato	0.435783658055	0.178058523754	0.0502452694273	0.335912548763
-awã	0.335087114024	0.490684836985	0.0991892358117	0.0750388131792
-bon	0.479338842975	0.446280991735	0.0495867768595	0.0247933884298
-o:n	0.64406779661	0.110169491525	0.186440677966	0.0593220338983
-a:r	0.422727272727	0.345454545455	0.177272727273	0.0545454545454
-kja	0.360855501339	0.408168648255	0.105739610049	0.125236240357
-ãrn	0.271041369472	0.400855920114	0.263908701854	0.0641940085592
-ãro	0.172661870504	0.669064748201	0.0719424460432	0.0863309352518
-a:n	0.39478809016	0.354241877398	0.089648319973	0.161321712469
-a:o	0.346153846154	0.552197802198	0.032967032967	0.0686813186814
-a:k	0.36974789916	0.570934256055	0.059317844785	0.0
-àja	0.316209169499	0.455428015884	0.0944318013853	0.133931013231
-tĩn	0.250282811107	0.530087884257	0.17109357824	0.0485357263961
-ãre	0.218300679947	0.438484236003	0.0378890265959	0.305326057454
-àje	0.493972942651	0.323159381514	0.0852428431078	0.0976248327271
-:to	0.620589656839	0.333011116481	0.0463992266795	0.0
-geu	0.55305466238	0.154340836013	0.0868167202572	0.20578778135
-myn	0.19512195122	0.146341463415	0.5	0.158536585366
-ũnh	0.353476182305	0.350170892688	0.0920450372062	0.2043078878
-ĩ'ã	0.329834653917	0.410191011505	0.0884157798371	0.171558554741
-kàj	0.785729133013	0.0959054372075	0.0912357890344	0.0271296407448
-rà:	0.538854805726	0.369120654397	0.0245398773006	0.0674846625766
-unĩ	0.0322766250579	0.181892048016	0.0480717846698	0.737759542256
-kàn	0.457621550591	0.321944809461	0.192838370565	0.0275952693824
-ũno	0.545454545455	0.135938827528	0.262531860663	0.0560747663551
-ton	0.383858392442	0.105393785768	0.042902586159	0.467845235631
-too	0.301185219614	0.410178944922	0.177085754125	0.111550081339
-jbê	0.205863797255	0.247960251814	0.28928696045	0.25688899048
-tom	0.368283039795	0.402929012207	0.0673141739058	0.161473774091
-'uw	0.749565915753	0.114305841289	0.0169668058745	0.119161437083
-tok	0.717118586601	0.273259596617	0.0038487267129	0.00577309006937
-pkà	0.146788990826	0.853211009174	0.0	0.0
-hĩx	0.258522556294	0.494205091609	0.0945541617588	0.152718190338
-tor	0.455936593707	0.189909396356	0.0466026656426	0.307551344295
-tà:	0.0	0.709862879384	0.216822901965	0.0733142186501
-yka	0.0387507809755	0.676667055342	0.0320451107573	0.252537052926
-:'ã	0.197604790419	0.353293413174	0.269461077844	0.179640718563
-nêo	0.277868185517	0.256305939788	0.444467046379	0.0213588283157
-nên	0.381540609701	0.323288263493	0.226370101454	0.0688010253514
-kàr	0.422905056982	0.353750333385	0.108772902176	0.114571707457
-iba	0.206845406362	0.0830390285904	0.0200927272058	0.690022837842
-ptĩ	0.0384876210502	0.191920757627	0.668973936871	0.100617684452
-nãm	0.220537259693	0.0187954354712	0.00557507492511	0.755092229911
-nãn	0.264773599386	0.523407521105	0.202609363008	0.00920951650041
-tĩo	0.237683123076	0.267871856061	0.410993182664	0.0834518381986
-rop	0.122395453883	0.787653601438	0.0831511972413	0.00679974743796
-tir	0.413461538462	0.230769230769	0.278846153846	0.0769230769231
-ror	0.293764087152	0.587528174305	0.0781367392938	0.0405709992486
-iry	0.18045330278	0.479087495604	0.114942202761	0.225516998854
-opa	0.0	0.488764044944	0.35393258427	0.157303370787
-hỹr	0.438569245726	0.172606010371	0.0223018481509	0.366522895752
-do:	0.552111972007	0.421644588853	0.0262434391402	0.0
-aũm	0.300641482537	0.513328581611	0.0869565217391	0.0990734141126
-tĩ:	0.0831966240161	0.471218369665	0.35403240099	0.0915526053285
-àmã	0.341385390559	0.384567185202	0.0731326511589	0.20091477308
-apê	0.445205703506	0.289156480536	0.061231882741	0.204405933217
-gro	0.132056679435	0.51237151219	0.220162606427	0.135409201947
-ãoo	0.472011482469	0.491080582325	0.0123026450687	0.0246052901373
-õ:t	0.526203664252	0.354495100128	0.03408606732	0.0852151682999
-myo	0.491348448687	0.397573587908	0.0387828162291	0.0722951471759
-ràm	0.293032146564	0.300460448731	0.09885744306	0.307649961645
-ôma	0.138734914954	0.642076589275	0.200183712901	0.0190047828703
-ka:	0.143884892086	0.57793764988	0.215827338129	0.0623501199041
-roo	0.319054017737	0.518086535878	0.10767714772	0.0551822986652
-ôme	0.0349462365592	0.954301075269	0.0	0.010752688172
-nãr	0.329181494662	0.521550019771	0.0464610517991	0.102807433768
-gõn	0.381150959133	0.333611342786	0.00500417014178	0.28023352794
-ĩnh	0.366811747129	0.315966968082	0.0911042673147	0.226117017474
-rõx	0.370653419946	0.533817348108	0.0229270156668	0.0726022162782
-pôt	0.163638834775	0.771666742174	0.0199791600598	0.044715262991
-pôr	0.146295542438	0.692906574394	0.0335843680033	0.127213515164
-obê	0.164656471374	0.68609590302	0.0428175006307	0.106430124975
-rõr	0.330168776371	0.464135021097	0.189873417721	0.0158227848101
-ipa	0.113611649567	0.735142546452	0.135643704789	0.0156020991915
-itã	0.229813664596	0.293995859213	0.0786749482401	0.39751552795
-ĩne	0.14374851412	0.121006309403	0.0917840398467	0.643461136631
-rõt	0.492401131702	0.257338456333	0.0393241081895	0.210936303775
-pôx	0.203845716589	0.260061465525	0.0374477770652	0.498645040821
-ũmũ	0.189655172414	0.551724137931	0.206896551724	0.051724137931
-ikõ	0.758918629187	0.225016325498	0.00158536631399	0.0144796790011
-ikô	0.777701682131	0.0935069564972	0.0507735174639	0.078017843908
-rõn	0.530490614493	0.177715843755	0.0267852723135	0.265008269438
-urẽ	0.261525224692	0.480398653314	0.176110819169	0.0819653028254
-ewa	0.060973862614	0.144881691222	0.574638540753	0.21950590541
-ỳ:o	0.315789473684	0.368421052632	0.273684210526	0.0421052631579
-pôn	0.815540002022	0.159829595232	0.00821013424855	0.0164202684971
-pôk	0.266029272735	0.493043943478	0.0307615815955	0.210165202192
-ewi	0.0412539667276	0.941436676604	0.00288489277815	0.0144244638908
-iby	0.244218384075	0.211760831382	0.049399882904	0.494620901639
-ỳrn	0.888888888889	0.111111111111	0.0	0.0
-ỳro	0.395944972066	0.398778000166	0.149689105164	0.0555879226041
-'êx	0.314077657749	0.175323727481	0.236505410732	0.274093204038
-àxã	0.323499956891	0.168557955683	0.0716280118584	0.436314075568
-kjê	0.206539867771	0.368583487539	0.17139969415	0.25347695054
-hĩn	0.174825174825	0.353146853147	0.272727272727	0.199300699301
-nga	0.426035242209	0.218669219655	0.0535801168549	0.301715421281
-jtu	0.126050420168	0.873949579832	0.0	0.0
-mã:	0.327765741841	0.192326507792	0.157593123209	0.322314627158
-kào	0.247527485165	0.672278700339	0.0363402180413	0.0438535964549
-ĩti	0.336048879837	0.521384928717	0.0285132382892	0.114052953157
-'êk	0.347657183839	0.43897920153	0.175711212049	0.0376524025819
-mri	0.445680937668	0.0804330629943	0.0720937268878	0.40179227245
-'ên	0.313991366297	0.398334171985	0.0677798670516	0.219894594666
-'êo	0.633540372671	0.223602484472	0.0186335403727	0.124223602484
-ôtô	0.350350695642	0.365643325285	0.0873864550994	0.196619523974
-jte	0.0471683984079	0.0664180840251	0.133569825344	0.752843692223
-xeo	0.00823271130626	0.785949506037	0.205817782656	0.0
-uxu	0.0352216025829	0.93836219548	0.0264162019372	0.0
-jta	0.0	1.0	0.0	0.0
-pij	0.0186335403727	0.869565217391	0.0931677018634	0.0186335403727
-rõ:	0.675675675676	0.027027027027	0.27027027027	0.027027027027
-:no	0.560368164591	0.223064428803	0.0487276664862	0.167839740119
-gàr	0.823234134098	0.176765865902	0.0	0.0
-omẽ	0.100678463025	0.839393880413	0.0306829601599	0.0292446964024
-pmẽ	0.1875	0.410714285714	0.330357142857	0.0714285714286
-ibô	0.189174560217	0.310690121786	0.106089309878	0.394046008119
-276	0.0	0.4	0.0	0.6
-apõ	0.446952595937	0.390519187359	0.0812641083522	0.0812641083521
-rwà	0.95652173913	0.0	0.0434782608696	0.0
-ràn	0.490464463662	0.325840444419	0.0443846286009	0.139310463318
-ãri	0.198067173522	0.320618511924	0.364008343752	0.117305970802
-ixe	0.0889077053344	0.538526672312	0.198983911939	0.173581710415
-be:	0.135593220339	0.186440677966	0.610169491525	0.0677966101695
-ibê	0.467969149529	0.316548110581	0.0389626094984	0.176520130392
-ykà	0.457122390503	0.402681129759	0.0910765452313	0.0491199345067
-nỳx	0.190789473684	0.677631578947	0.105263157895	0.0263157894737
-krẽ	0.764487256213	0.183729628213	0.018348348038	0.0334347675359
-êxê	0.222222222222	0.777777777778	0.0	0.0
-tin	0.298053137884	0.181470453504	0.31070774164	0.209768666972
-'ê:	0.369784172662	0.405755395683	0.207194244604	0.0172661870504
-'uk	0.363561019407	0.568892879343	0.0617445956212	0.00580150562884
-àmo	0.221648216482	0.351291512915	0.40196801968	0.0250922509225
-:ro	0.435933515082	0.418872570574	0.0771260223375	0.068067892006
-ona	0.185328185328	0.675675675676	0.046332046332	0.0926640926641
-ybê	0.321368506483	0.410034016513	0.172741878524	0.0958555984799
-jwỳ	0.196742607375	0.432058249916	0.0798675472923	0.291331595416
-:mã	0.324965222736	0.419138817897	0.120021998641	0.135873960726
-bê:	0.363501505616	0.286886110386	0.0468283499337	0.302784034065
-:re	0.268699871013	0.377730673266	0.270917409513	0.0826520462077
-hym	0.146941713471	0.0606049278108	0.000130083856397	0.792323274861
-hyo	0.332786380884	0.0580453286842	0.0	0.609168290432
-nẽn	0.603604559575	0.183346555892	0.0259691517954	0.187079732738
-200	0.0788177339901	0.489326765189	0.0837438423645	0.348111658456
-tik	0.578661635464	0.247315676894	0.0314015155752	0.142621172066
-mão	0.009552487334	0.986361170862	0.00153901184825	0.00254732995573
-ĩxo	0.386740331492	0.381215469613	0.104972375691	0.127071823204
-nõn	0.476332622601	0.314712153518	0.0733475479744	0.135607675906
-yto	0.621939805084	0.350679197208	0.0	0.0273809977081
-ryt	0.0150085763293	0.855488850772	0.0844768439108	0.0450257289879
-atẽ	0.076136669357	0.107075598601	0.760290556901	0.0564971751413
