-бын	0.408450704225	0.544600938967	0.0	0.0469483568075
-мас	0.261526254653	0.271698872031	0.187820688698	0.278954184618
-мар	0.0	1.0	0.0	0.0
-ссе	0.433012886071	0.311311106566	0.00613622417671	0.249539783187
-док	0.0	1.0	0.0	0.0
-ций	0.0143540669856	0.985645933014	0.0	0.0
-сса	0.0248711637717	0.0616476950348	0.0110523288347	0.902428812359
-туг	0.101803421156	0.24717827474	0.301453640579	0.349564663525
-йыт	0.615384615385	0.184615384615	0.2	0.0
-йыс	0.0818181818181	0.872727272727	0.0	0.0454545454545
-йыр	0.195554069865	0.529750961056	0.00108641149925	0.27360855758
-чок	0.253927743873	0.0492177148265	0.021469273196	0.675385268105
-тук	0.16016016016	0.374374374374	0.445445445445	0.0200200200201
-тум	0.749154721566	0.127747939115	0.0436467020302	0.0794506372894
-тун	0.101401601831	0.848541189931	0.0128718535469	0.0371853546911
-туп	0.501959354088	0.268195074385	0.0489125227542	0.180933048772
-аон	0.114685314685	0.532867132867	0.335664335664	0.0167832167832
-аол	0.4176201373	0.137299771167	0.0343249427918	0.410755148741
-дой	0.128113879003	0.786476868327	0.085409252669	0.0
-гза	0.64406779661	0.203389830508	0.0169491525424	0.135593220339
-дон	0.00467107824058	0.995328921759	0.0	0.0
-дом	0.00694444444446	0.993055555556	0.0	0.0
-тур	0.362106313121	0.0606009725282	0.0241170358672	0.553175678484
-тус	0.483158682635	0.438248502994	0.0561377245508	0.0224550898203
-тут	0.0494117647059	0.908235294118	0.0	0.0423529411765
-туу	0.326043595954	0.513677161989	0.0598375837013	0.100441658356
-йыг	0.190524193548	0.597782258064	0.211693548387	0.0
-йып	0.512025841372	0.23894539264	0.156488716225	0.0925400497621
-йын	0.313602433239	0.439364674448	0.0838776215679	0.163155270745
-йыл	0.0496535796767	0.026558891455	0.0196304849885	0.90415704388
-йый	0.416861826698	0.203747072599	0.379391100703	0.0
-дос	0.0	1.0	0.0	0.0
-маа	0.77579475739	0.22420524261	0.0	0.0
-дош	0.0819672131147	0.859484777518	0.0585480093677	0.0
-мам	0.0235294117647	0.843086325439	0.00320855614973	0.130175706646
-мал	0.247447937934	0.4752960392	0.0514495712535	0.225806451613
-мак	0.109544256856	0.518151654143	0.166390162974	0.205913926027
-май	0.237226277372	0.740875912409	0.021897810219	0.0
-дою	0.193103448276	0.613793103448	0.0206896551724	0.172413793103
-рээ	0.257482579909	0.51218786421	0.0280829221117	0.202246633769
-туң	0.0619368870864	0.585297351357	0.0124657538497	0.340300007707
-үчү	0.341853035144	0.210862619808	0.261980830671	0.185303514377
-жүк	0.568489442339	0.381349724513	0.00668811108635	0.0434727220612
--чи	0.207147735033	0.362622353745	0.382426587753	0.0478033234692
-жүм	0.069905627403	0.731562390772	0.188046137714	0.0104858441105
-жүн	0.186556259133	0.659279103751	0.029225523624	0.124939113492
-жүп	0.141415605994	0.120481691642	0.0136842435262	0.724418458838
-доң	0.045871559633	0.831804281346	0.0764525993884	0.045871559633
-бың	0.0125468469936	0.975069252078	0.00977676389114	0.00260713703764
-йыы	0.195652173913	0.576086956522	0.228260869565	0.0
-ңче	0.163258043023	0.69040015092	0.0174480678817	0.128893738176
-жүү	0.232649071359	0.180840664712	0.439882697947	0.146627565982
-430	0.237037037037	0.0444444444445	0.0	0.718518518519
-ңчы	0.0715935334873	0.872979214781	0.00461893764434	0.0508083140877
-хат	0.0852390852391	0.900207900208	0.00623700623702	0.00831600831602
-маң	0.160300382699	0.752328687992	0.0418802801646	0.0454906491444
-ачы	0.0964447063445	0.597132194068	0.250441956394	0.0559811431939
-жүр	0.543669026444	0.185975429394	0.0644830510146	0.205872493147
-жүт	0.147157716595	0.775575701899	0.0330139030071	0.0442526784989
-йың	0.243243243243	0.716216216216	0.0	0.0405405405405
-фан	0.0231481481481	0.865740740741	0.111111111111	0.0
-фам	0.0	1.0	0.0	0.0
-фай	0.0	1.0	0.0	0.0
-ьфа	0.0	0.911325759075	0.0886742409247	0.0
-жың	0.14659529854	0.696365759446	0.0189206268124	0.138118315201
-риг	0.192886344519	0.57564630766	0.151747278324	0.0797200694971
-дыр	0.295066725195	0.188902695127	0.0503149169047	0.465715662774
-дыс	0.0	0.983576642336	0.0164233576643	0.0
-ниг	0.213600022083	0.646547927673	0.0987076238619	0.0411444263826
-рил	0.366740606236	0.313707364381	0.138532488703	0.181019540681
-дыы	0.0785655452069	0.153044414877	0.628999556485	0.139390483431
-рий	0.519843794564	0.310897084311	0.022816524429	0.146442596696
-нин	0.437086844047	0.161140855952	0.0334207844392	0.368351515562
-рип	0.546746559061	0.128246006305	0.0289877730349	0.296019661599
-нил	0.504035053929	0.215803158706	0.12781201849	0.152349768875
-рин	0.316581744058	0.407104243901	0.0509890395772	0.225324972464
-ний	0.0857908847185	0.911528150134	0.00268096514745	0.0
-дыг	0.205922984753	0.122174275284	0.106459807366	0.565442932597
-нит	0.00699708454811	0.977259475219	0.0157434402332	0.0
-ыып	0.414000676361	0.11024687183	0.0173148461278	0.458437605681
-нир	0.450155414517	0.351726220538	0.0249912790849	0.173127085861
-дык	0.0910399567348	0.0609531080995	0.0730498822931	0.774957052873
-ния	0.00134318334453	0.970673830311	0.0201477501679	0.00783523617641
-дый	0.416267942584	0.478468899522	0.105263157895	0.0
-рия	0.00406419341392	0.908711963318	0.00125052105044	0.0859733222176
-дып	0.540081080311	0.186175393686	0.0598026269477	0.213940899055
-дым	0.393871056159	0.215786535578	0.0244175130604	0.365924895203
-дын	0.119213587944	0.661602277748	0.150622617119	0.0685615171895
-тай	0.18406781162	0.126378598045	0.211473778419	0.478079811916
-өге	0.254071661238	0.0	0.0977198697068	0.648208469055
-фат	0.0	1.0	0.0	0.0
-фар	0.0	0.842519685039	0.0	0.157480314961
-еил	0.0	1.0	0.0	0.0
-үжү	0.103264178336	0.786868355735	0.0252891865312	0.0845782793987
-еже	0.230366607599	0.357074713086	0.114669577147	0.297889102168
-ежи	0.269265160137	0.454397658917	0.10888473419	0.167452446757
-риң	0.44719840974	0.343334575724	0.136476580942	0.0729904335943
-ниң	0.0960726556406	0.5176385798	0.0415405427057	0.344748221854
-жым	0.325534722604	0.46909880684	0.0379391873316	0.167427283224
-жын	0.166501015427	0.702863714572	0.0494311306223	0.0812041393792
-жып	0.533602125371	0.215153037579	0.0363967392496	0.214848097801
-жый	0.389111289031	0.142514011209	0.427542033627	0.0408326661329
-жык	0.277684200395	0.345950238221	0.269599114491	0.106766446894
-жыл	0.178088569319	0.126345539791	0.265157749698	0.430408141192
-жыг	0.26351051776	0.284316140368	0.187956713795	0.264216628077
-өгү	0.0130434782609	0.921739130435	0.0521739130435	0.0130434782609
-шпа	0.545863309353	0.316996402878	0.0607014388489	0.0764388489208
-жен	0.018913993705	0.570124678614	0.00410566181825	0.406855665863
-жыш	0.12948753083	0.25322006029	0.617292408879	0.0
-жыы	0.350523458705	0.356727413726	0.122528111671	0.170221015898
-жек	0.100483577215	0.304151227784	0.493625573071	0.101739621931
-жыр	0.50716362359	0.159916592552	0.0687214594809	0.264198324377
-жыт	0.241444917866	0.46217541603	0.232065814508	0.0643138515958
-пас	0.389816628421	0.213512678164	0.142357313823	0.254313379591
-дың	0.194563854723	0.676673926663	0.0570272256551	0.0717349929586
-йди	0.855072463768	0.115942028985	0.0289855072464	0.0
-йде	0.0856819799824	0.404665186984	0.0134846517861	0.496168181247
-йда	0.0623877809075	0.347137867712	0.0412019303077	0.549272421073
-уфа	0.0	1.0	0.0	0.0
-гар	0.403876680067	0.481708598225	0.0479521572508	0.0664625644571
-гат	0.363636363636	0.350649350649	0.0909090909091	0.194805194805
-тка	0.159822112324	0.673592722106	0.129356079828	0.0372290857422
-гаш	0.155812495972	0.043879645746	0.0093388920245	0.790968966258
--бо	0.159322033898	0.437288135593	0.0305084745763	0.372881355932
-гая	0.6	0.247787610619	0.00106194690265	0.151150442478
-айы	0.0846855397408	0.373464685021	0.0794194429583	0.46243033228
-666	0.0232558139535	0.046511627907	0.0	0.93023255814
-уже	0.190463940476	0.516337023881	0.037400191948	0.255798843694
-тту	0.0921635988023	0.738359137439	0.140926394466	0.0285508692927
-тты	0.175072447217	0.660861372429	0.0651668070406	0.0988993733137
-ийи	0.06872674299	0.0714097548616	0.00533762119594	0.854525880952
-пку	0.636363636364	0.280303030303	0.0833333333333	0.0
-гыг	0.191704035874	0.600616591928	0.135369955157	0.0723094170403
-ийн	0.464516129032	0.38064516129	0.0	0.154838709677
-гый	0.365296803653	0.525114155251	0.0	0.109589041096
-пкы	0.37911238684	0.342680503422	0.0971516891145	0.181055420623
-гыл	0.472800537273	0.111484217596	0.22834116857	0.187374076561
-яже	0.0294178818696	0.954972629791	0.0031519159146	0.0124575724244
-гын	0.127059462887	0.641266247	0.064670984104	0.16700330601
-ийе	0.0752795869807	0.109498090259	0.0177505844301	0.79747173833
-гып	0.638202730193	0.130879971104	0.0730463580791	0.157870940624
-гыс	0.0456732520127	0.0592552603504	0.11731084804	0.777760639597
-гыр	0.34642380085	0.340255009108	0.218117789921	0.0952034001214
-пка	0.419423240034	0.473706530958	0.0869380831212	0.0199321458863
-яжы	0.0	0.976706827309	0.0232931726908	0.0
-пке	0.0812768762263	0.90256458213	0.0161585416437	0.0
-гыш	0.234678188515	0.26027209542	0.0914156197242	0.413634096341
-пки	0.371610845295	0.247208931419	0.079744816587	0.301435406699
-гыя	0.0733349962584	0.0533798952357	0.109503616862	0.763781491644
-тта	0.262450592885	0.545454545455	0.0869565217391	0.105138339921
-тте	0.0209013716525	0.951012410189	0.00261267145656	0.0254735467015
-тти	0.153328780714	0.801123552074	0.0338225251575	0.0117251420546
-тпе	0.12389380531	0.485250737463	0.0353982300885	0.355457227139
-тпа	0.341095480395	0.360991824068	0.267742087934	0.0301706076025
-ужу	0.484507042253	0.261971830986	0.219718309859	0.0338028169014
-гия	0.0355894913938	0.956645528666	0.00776497994046	0.0
-айн	0.434855020552	0.232823744387	0.106726785772	0.225594449289
-гаа	0.213030030457	0.453792864019	0.0793305875113	0.253846518013
-гав	0.0	1.0	0.0	0.0
-гаг	0.0475617098134	0.892002037697	0.00138933913768	0.0590469133516
-гай	0.347951885691	0.115192569637	0.0988584641045	0.437997080568
-гак	0.136884637586	0.180588768863	0.660262224788	0.0222643687638
-гал	0.0993441049431	0.66485362342	0.109422492401	0.126379779235
-гам	0.191865631633	0.662962772559	0.0740803301925	0.0710912656155
-ган	0.468727026447	0.202257496753	0.0165506379686	0.312464838832
-гап	0.64734958039	0.13244986013	0.0659641553269	0.154236404153
-зуп	0.535060723386	0.150236606109	0.0248188225951	0.28988384791
-чим	0.149880585438	0.746550245974	0.0412592622834	0.0623099063055
-чин	0.207932410232	0.632480638348	0.0305092701244	0.129077681295
-чип	0.746618999973	0.162322777572	0.0429834872267	0.0480747352283
-чии	0.088567839196	0.220477386935	0.547319932998	0.143634840871
-чий	0.717921835461	0.0454528830597	0.00694881042983	0.229676471049
-чик	0.0217864923747	0.079883805374	0.334059549746	0.564270152506
-чиг	0.244497059825	0.23255402387	0.440736639164	0.0822122771406
-гың	0.532544378698	0.467455621302	0.0	0.0
-мга	0.227850043093	0.505962293189	0.0662687051981	0.19991895852
-мге	0.201435367419	0.617624082372	0.0439327425369	0.137007807673
-мги	0.140647121436	0.0552357725258	0.0226316822884	0.78148542375
-мгы	0.11649231564	0.261913986827	0.374015239571	0.247578457962
-ттү	0.357211445014	0.601238536457	0.0240990107471	0.0174510077823
-жок	0.348728380982	0.10866081211	0.162302324611	0.380308482298
-ыэң	0.0604534005038	0.879093198992	0.0	0.0604534005038
-гаң	0.297636981879	0.522360435587	0.0715361769896	0.108466405544
-чир	0.224550898203	0.229041916168	0.127245508982	0.419161676647
-чис	0.199257425743	0.555693069307	0.00742574257427	0.237623762376
-быр	0.631578947368	0.328947368421	0.0	0.0394736842105
-хты	0.301587301587	0.634920634921	0.0	0.0634920634921
-дүң	0.199480028362	0.558766924402	0.0639272489898	0.177825798247
-рең	0.634488240182	0.248455507786	0.117056252032	0.0
-дүү	0.12559945193	0.26764101393	0.116008221055	0.490751313085
-хту	0.605263157895	0.394736842105	0.0	0.0
-рлу	0.382978723404	0.446808510638	0.127659574468	0.0425531914894
-кат	0.168925964546	0.726798748697	0.0834202294056	0.0208550573514
-каш	0.390541989467	0.135050001873	0.0487261546713	0.425681853989
-үъш	0.0776754890679	0.576093210587	0.267836593786	0.0783947065592
-хөй	0.0295507275758	0.0647328467811	0.7721341848	0.133582240843
-хөл	0.0284482758621	0.9	0.0	0.0715517241379
-хөм	0.0	0.954372623574	0.0456273764259	0.0
-эви	0.635294117647	0.141176470588	0.117647058824	0.105882352941
-сир	0.212155963303	0.535550458716	0.229357798165	0.0229357798165
-сиф	0.037681798149	0.913397972675	0.0	0.0489202291759
-нээ	0.227430093209	0.131291611185	0.283355525965	0.357922769641
-сий	0.0224179343475	0.977582065653	0.0	0.0
-сип	0.0	1.0	0.0	0.0
-оил	0.04	0.96	0.0	0.0
-син	0.481129192452	0.396668958668	0.0498128199251	0.0723890289556
-ьчи	0.0	0.441605839416	0.551094890511	0.00729927007299
-үзе	0.74114870181	0.119328612641	0.00629425649096	0.133228429058
-каа	0.115942028985	0.649758454106	0.190821256039	0.0434782608695
-каг	0.548557692308	0.13125	0.0365384615385	0.283653846154
-мүн	0.10445559162	0.741516671585	0.0336382413691	0.120389495426
-кай	0.325815891596	0.279152617851	0.115147274	0.279884216553
-кал	0.0699860724235	0.831824512535	0.0348189415042	0.0633704735376
-как	0.0804342563326	0.267021954904	0.588578267407	0.0639655213565
-кан	0.5568259386	0.193465710018	0.0499121241474	0.199796227234
-кап	0.55617418299	0.202915422382	0.0409981272461	0.199912267382
-вва	0.0581449007845	0.88924780803	0.00553760959852	0.0470696815874
-рли	0.804171494786	0.130938586327	0.00695249130938	0.0579374275782
-рле	0.185468429532	0.108505610083	0.0393450999596	0.666680860426
-рла	0.40320621812	0.316978382317	0.250667962108	0.0291474374544
-шөл	0.115841329696	0.568812828355	0.0364685667561	0.278877275194
-ред	0.0	1.0	0.0	0.0
-хаз	0.0	1.0	0.0	0.0
-дүг	0.300883218842	0.236310107949	0.320314033366	0.142492639843
-рем	0.41741450697	0.22672672736	0.0183591295869	0.337499636083
-хап	0.0	1.0	0.0	0.0
-дүм	0.639396117901	0.121926671459	0.0345075485262	0.204169662114
-хан	0.0543099152964	0.826606875934	0.00697558545093	0.112107623318
-хак	0.808219178082	0.0958904109589	0.0958904109589	0.0
-рей	0.604303176944	0.308917471795	0.0325777909628	0.0542015602987
-рек	0.373936935029	0.182707848011	0.0791098676951	0.364245349265
-рел	0.0954122938531	0.845397301349	0.0262668665667	0.0329235382309
-ьды	0.0813559322033	0.890395480226	0.0169491525424	0.0112994350282
-ейи	0.0641711229947	0.160427807487	0.775401069519	0.0
-ейн	0.515624394909	0.226498185166	0.0579705472369	0.199906872688
-лзе	0.558947368421	0.233684210526	0.02	0.187368421053
-лза	0.193593763737	0.017581968026	0.00113966793333	0.787684600304
-үзү	0.102743288519	0.347824085271	0.0294039274485	0.520028698761
-276	0.0	0.225806451613	0.0	0.774193548387
-езе	0.56394595815	0.229178796773	0.00540656154568	0.201468683532
-гжу	0.0131578947368	0.75	0.236842105263	0.0
-нүң	0.180645627851	0.591423784293	0.0712878603992	0.156642727457
-ези	0.155316758139	0.595711348004	0.0916023091037	0.157369584753
-хөө	0.0894191371415	0.781091829357	0.129489033502	0.0
-рлү	0.316129032258	0.264516129032	0.225806451613	0.193548387097
-рер	0.563096893372	0.237974919058	0.0435020956159	0.155426091955
-рес	0.0	1.0	0.0	0.0
-хар	0.0	0.986725663717	0.0	0.0132743362832
-дүс	0.0213736989922	0.885449363952	0.0394432512804	0.0537336857756
-хая	0.667454223272	0.139988186651	0.015948021264	0.176609568813
-рея	0.0157294534015	0.978372001573	0.00589854502556	0.0
-дүш	0.270979020979	0.576923076923	0.115384615385	0.0367132867133
-чам	0.0649735281725	0.828162116281	0.04103591253	0.0658284430169
-чан	0.028023179125	0.0145880094036	0.00101721148425	0.956371599987
-үйн	0.787798408488	0.132625994695	0.0	0.079575596817
-руф	0.0	1.0	0.0	0.0
-рух	0.0	1.0	0.0	0.0
-руу	0.272214561543	0.364832689733	0.158409338451	0.204543410273
-рус	0.421524663677	0.497757847534	0.0538116591929	0.0269058295964
-руш	0.144230769231	0.0576923076923	0.759615384615	0.0384615384615
-үдү	0.117263843648	0.589576547231	0.0390879478827	0.254071661238
-кти	0.287829167788	0.595698048496	0.0431967271115	0.0732760566052
-кта	0.0799320663384	0.614057042273	0.0612640611678	0.244746830221
-кте	0.174138758852	0.662015364302	0.105029408234	0.0588164686112
-веш	0.0766283524904	0.869731800766	0.0114942528736	0.0421455938697
-вер	0.0	1.0	0.0	0.0
-вес	0.131979074029	0.0382772177864	0.0214815137363	0.808262194448
-вел	0.0645584889067	0.756787526222	0.00420149717867	0.174452487693
-120	0.0491803278689	0.147540983607	0.0	0.803278688525
-рүү	0.341153470186	0.192245030955	0.398175301401	0.0684261974584
-вем	0.312344656172	0.23777961889	0.0256835128418	0.424192212096
-төп	0.218837159408	0.568762068226	0.0772366444969	0.13516412787
-төл	0.104293623292	0.768152308121	0.0624327876688	0.0651212809176
-кты	0.155579967843	0.744928446007	0.0835018669478	0.0159897192028
-кту	0.166966331048	0.698951431059	0.0339448703528	0.100137367541
-260	0.0	0.100840336134	0.0336134453781	0.865546218487
-лүг	0.0993442696328	0.352870965095	0.483032324001	0.0647524412715
-лдү	0.150630049801	0.451204863169	0.0136466483005	0.384518438729
-руд	0.227272727273	0.590909090909	0.151515151515	0.030303030303
-руг	0.0552271648617	0.404582128835	0.14799154334	0.392199162963
-шүл	0.0103537532355	0.784296807593	0.194995685936	0.0103537532356
-рум	0.35385585573	0.162637883338	0.0728003121755	0.410705948756
-рун	0.509463139187	0.174478594771	0.0382676836457	0.277790582396
-рук	0.251476983002	0.479528961198	0.048706891862	0.220287163939
-рул	0.318349728137	0.127505914581	0.0106116576046	0.543532699677
-руй	0.600394843805	0.0268261525955	0.00174195796075	0.371037045639
-ола	0.374948696723	0.263737104617	0.329175738941	0.0321384597191
-лду	0.492871199202	0.0765495269948	0.0352529289179	0.395326344886
-сей	0.0382934851981	0.907948352889	0.00405027247287	0.0497078894398
-сек	0.111120608599	0.648687922045	0.219676895461	0.0205145738952
-сен	0.101218659321	0.024468941885	0.00159022473466	0.872722174059
-сеп	0.705948286598	0.199831390169	0.050630849851	0.0435894733817
-лды	0.263227560548	0.556469788574	0.0411852037348	0.139117447143
-үде	0.307446206958	0.265557572691	0.0805779589893	0.346418261361
-ьта	0.04	0.96	0.0	0.0
-дче	0.122129946263	0.863214460186	0.0146555935515	0.0
-род	0.019025185722	0.862475086066	0.0489219061424	0.0695778220693
-бар	0.433134145069	0.0271091348353	0.00427405308654	0.535482667009
-бас	0.283260993264	0.105400331795	0.0322971514967	0.579041523444
-ктү	0.250384875916	0.321427838332	0.109202126568	0.318985159185
-рон	0.0630403458213	0.863112391931	0.0252161383285	0.0486311239193
-баш	0.285289383771	0.180181282532	0.0408026881771	0.49372664552
-ээш	0.0519470218294	0.0571819260552	0.00826923426489	0.88260181785
-баг	0.342064714946	0.383667180277	0.0338983050847	0.240369799692
-ест	0.0106060606061	0.989393939394	0.0	0.0
-бак	0.289990142081	0.227153819718	0.25399856201	0.228857476192
-бай	0.00390878023721	0.108798105917	0.879475553372	0.00781756047441
-бап	0.254437869822	0.745562130178	0.0	0.0
-бан	0.327318475568	0.4074670209	0.0738120979119	0.19140240562
-рүл	0.53330206379	0.3095684803	0.0	0.15712945591
-рүй	0.628119800333	0.305324459235	0.0665557404326	0.0
-оюп	0.247211895911	0.490086741016	0.0780669144982	0.184634448575
-рүп	0.66757534262	0.146650437292	0.0234241164007	0.162350103688
-оюн	0.117941068096	0.87457061012	0.00748832178388	0.0
-рүн	0.241842961332	0.327815780491	0.1591075322	0.271233725976
-рүг	0.0798707527642	0.882667743727	0.0134295955975	0.0240319079113
-хем	0.0	0.954081632653	0.0	0.0459183673469
-хеп	0.200493015612	0.628868803068	0.0810736784442	0.089564502876
-хей	0.109036925807	0.489386390007	0.231622414852	0.169954269333
-руң	0.686542350034	0.246057065828	0.0107840934621	0.0566164906762
-сес	0.0118319858016	0.0591599290081	0.029579964504	0.899428120686
-лде	0.0220349524675	0.935455139232	0.0277679401006	0.0147419681995
-сет	0.364806866953	0.445278969957	0.00643776824035	0.18347639485
-лда	0.274159257828	0.556870892926	0.0868283726324	0.0821414766138
-олу	0.45356942288	0.291946087014	0.104588550097	0.149895940009
-еки	0.220226391029	0.623531912632	0.0223202423341	0.133921454004
-сеш	0.792682926829	0.134146341463	0.0365853658537	0.0365853658537
-лди	0.227164896572	0.610852308933	0.030408221218	0.131574573277
-сея	0.0	1.0	0.0	0.0
-олы	0.0	1.0	0.0	0.0
-ңим	0.352517985611	0.561151079137	0.0	0.0863309352518
-жир	0.467667622515	0.261623223894	0.0575120018043	0.213197151787
-эът	0.141078838174	0.850622406639	0.00829875518672	0.0
-йже	0.127514559897	0.706400521142	0.0116673634675	0.154417555493
-йжи	0.108571428571	0.537142857143	0.342857142857	0.0114285714286
-зуң	0.364855536929	0.3728429149	0.0354994576472	0.226802090524
-ыжа	0.575656557444	0.27498170583	0.11033417351	0.0390275632166
-ыже	0.221657169513	0.607044828839	0.0901017011727	0.0811963004754
-гже	0.286845321384	0.621158716945	0.0215200410918	0.0704759205795
-уда	0.11162207782	0.791941778409	0.0192828587014	0.0771532850703
-яда	0.101242607444	0.863768107649	0.0183658696393	0.0166234152678
-тыр	0.182971170192	0.0990654215857	0.0395778751519	0.67838553307
-пир	0.393173198483	0.318584070797	0.0834386852086	0.204804045512
-пия	0.0	0.980952380952	0.0	0.0190476190476
-ипп	0.0	0.995863495346	0.0	0.00413650465356
-зут	0.133602301663	0.276927147062	0.525314990575	0.0641555606998
-зун	0.327245083692	0.230463928381	0.047111275636	0.395179712291
-зум	0.53477816136	0.226921109832	0.0671269658611	0.171173762946
-ипр	0.0	0.991549295775	0.00845070422535	0.0
-000	0.0400825158167	0.0988753488074	0.00716525303867	0.853876882337
-зул	0.376923076923	0.323076923077	0.0692307692308	0.230769230769
-зуг	0.126480086114	0.67707212056	0.192411194833	0.004036598493
-шый	0.257731958763	0.40206185567	0.340206185567	0.0
-уду	0.43587469872	0.195081077069	0.110636702072	0.258407522139
-гжы	0.0550458715596	0.651376146789	0.238532110092	0.0550458715596
-ыжы	0.196769745913	0.634495436938	0.0610596809139	0.107675136235
-зим	0.503492525048	0.149467429438	0.025601314833	0.32143873068
-зин	0.188854472508	0.322545241138	0.0379360400863	0.450664246267
-зип	0.463575682596	0.179373939063	0.0201398279483	0.336910550393
-зии	0.251761614714	0.409650065687	0.241251642183	0.0973366774155
-зий	0.468577728776	0.195148842337	0.0716648291069	0.26460859978
-зик	0.217543859649	0.319298245614	0.294736842105	0.168421052632
-зил	0.311418685121	0.411764705882	0.0	0.276816608997
-зиг	0.245273242999	0.285080747851	0.354693386492	0.114952622659
-кыс	0.0618455497382	0.505562827225	0.13219895288	0.300392670157
-ксы	0.289308176101	0.465408805032	0.0896226415094	0.155660377359
-ртү	0.267580974613	0.671140939597	0.0175080245112	0.0437700612781
-шыр	0.703049397997	0.170923821312	0.102396759311	0.0236300213796
-мби	0.119601328904	0.860465116279	0.0199335548173	0.0
-эш;	0.645982783357	0.297525107604	0.0564921090387	0.0
-эди	0.0716752413841	0.434233091362	0.465900815185	0.0281908520685
-аъс	0.17472452897	0.773344960872	0.0194739413093	0.0324565688489
-шып	0.423176601259	0.341355053684	0.0536838208071	0.18178452425
-шын	0.18202128285	0.258745370098	0.194250102887	0.364983244165
-шык	0.075	0.875	0.05	0.0
-шыл	0.186322166314	0.753795955257	0.0285019173294	0.0313799610988
-өөң	0.0743115805357	0.463221425877	0.396831384383	0.0656356092041
-эде	0.225184372574	0.277383101226	0.0495603366642	0.447872189536
-скү	0.381786339755	0.160770577933	0.313835376532	0.143607705779
-афа	0.0467812047195	0.909749534258	0.027944524943	0.0155247360795
-дек	0.134167443099	0.814721150007	0.0311460135765	0.0199653933183
-бут	0.532637075718	0.413315926893	0.00704960835509	0.0469973890339
-зия	0.0	1.0	0.0	0.0
-ким	0.0	1.0	0.0	0.0
-лла	0.0	1.0	0.0	0.0
-зиң	0.567359507313	0.338722093918	0.0215550423402	0.072363356428
-үже	0.622507122507	0.207888176638	0.0324964387464	0.137108262108
-ода	0.265556030187	0.228606008828	0.0530400113911	0.452797949594
-өөр	0.44909892941	0.209799385538	0.0503027320898	0.290798952962
-рта	0.127474300305	0.296700086063	0.147672022027	0.428153591606
-рте	0.283928571428	0.224642857143	0.0871428571428	0.404285714286
-скы	0.054054054054	0.804054054054	0.141891891892	0.0
-рти	0.666539333282	0.134336720401	0.0395752158301	0.159548730486
-ску	0.0	0.275313807531	0.371548117155	0.353138075314
-рту	0.0891573195283	0.678314639057	0.0798101811907	0.152717860224
-ски	0.0688995215311	0.287081339713	0.536842105263	0.107177033493
-ске	0.0368364964142	0.1166844075	0.108254382006	0.738224714079
-рты	0.247831654928	0.139065137668	0.0547179696141	0.55838523779
-ска	0.0480577369404	0.384575127412	0.0150276409657	0.552339494681
-өөн	0.192275662466	0.176330052287	0.623749129681	0.00764515556527
-өөп	0.774818540321	0.158312853632	0.04629365034	0.0205749557067
-өөй	0.177464788732	0.746478873239	0.0760563380281	0.0
-шың	0.0314136125654	0.0314136125654	0.937172774869	0.0
-оду	0.101779495456	0.143665590759	0.0365773379767	0.717977575809
-чут	0.0330708661417	0.938582677165	0.0283464566929	0.0
-үем	0.148541645785	0.839430690588	0.00902074771975	0.00300691590658
-вда	0.146211785556	0.747452370403	0.0	0.106335844041
-түң	0.0905356951172	0.419220518129	0.458664760553	0.031579026201
-түү	0.0858505564388	0.265500794913	0.190779014308	0.45786963434
-лчы	0.379586390927	0.500333555704	0.0893929286191	0.0306871247498
-дүр	0.157508702715	0.278580962734	0.155623432401	0.408286902151
-нид	0.085146641438	0.659413434248	0.0	0.255439924314
-лег	0.375335120643	0.372654155496	0.053619302949	0.198391420912
-леб	0.0137637637638	0.962462462462	0.00125125125125	0.0225225225225
-елл	0.0	1.0	0.0	0.0
-лен	0.209485776266	0.0381600354977	0.47535703134	0.276997156897
-ели	0.191705308485	0.678106320503	0.0685541467174	0.0616342242943
-лел	0.174855731554	0.672635303617	0.0159585836757	0.136550381154
-лек	0.192533557047	0.358640939597	0.010067114094	0.438758389262
-лей	0.538973547461	0.200856605182	0.11064054746	0.149529299897
-лер	0.0563961292512	0.218657230109	0.0552518209878	0.669694819652
-лея	0.0218677643427	0.926678672498	0.0218677643427	0.0295857988166
-моң	0.0645161290323	0.677419354839	0.0	0.258064516129
-нип	0.5425039268	0.292021249985	0.053599759758	0.111875063457
-ним	0.494204400886	0.25208500212	0.0955802666918	0.158130330302
-рии	0.147916666667	0.604166666667	0.0854166666667	0.1625
-лче	0.163106933261	0.307101594572	0.0327956059516	0.496995866215
-ник	0.0860377358491	0.855094339623	0.0452830188679	0.0135849056604
-ка;	0.0698215671063	0.410395655547	0.519782777347	0.0
-лча	0.0885931596503	0.758733225353	0.0895582267489	0.0631153882477
-муң	0.0372497980432	0.318732609281	0.0327618705681	0.611255722108
-нии	0.225614591594	0.369072164948	0.211736716891	0.193576526566
-рим	0.31628867433	0.476332287787	0.129022442131	0.0783565957521
-шма	0.0315789473684	0.968421052632	0.0	0.0
-иос	0.0	1.0	0.0	0.0
-иот	0.0	1.0	0.0	0.0
-мут	0.125560538116	0.780269058296	0.0	0.0941704035875
-лён	0.0797101449276	0.811594202899	0.108695652174	0.0
-түг	0.0889361617789	0.141312175045	0.40818011852	0.361571544656
-түм	0.57886676876	0.150076569678	0.0964777947932	0.174578866769
-түп	0.560069935892	0.174589959204	0.0312213804013	0.234118724502
-лең	0.249781898336	0.535755767434	0.170196730282	0.044265603948
-мос	0.0161446561188	0.983855343881	0.0	0.0
-мор	0.0540540540541	0.891891891892	0.0540540540541	0.0
-рлы	0.522658035034	0.240099009901	0.107578065499	0.129664889566
-ызы	0.0892053722697	0.591701304901	0.0529845758288	0.266108747
-дыл	0.169568104865	0.71607277003	0.071028078083	0.0433310470218
-сус	0.0014415150323	0.679863536577	0.00203613998312	0.316658808408
-ыза	0.638009049774	0.199095022624	0.135746606335	0.027149321267
-үер	0.194881889764	0.805118110236	0.0	0.0
-мон	0.00813186125794	0.988896881744	0.0	0.00297125699809
-дыш	0.0180584375526	0.927878413998	0.0140205260501	0.0400426223992
-лүү	0.250535331906	0.27408993576	0.162740899358	0.312633832976
-йзу	0.0	0.232704402516	0.138364779874	0.62893081761
-ьма	0.0	1.0	0.0	0.0
-түр	0.28551380006	0.315925460345	0.0864047605244	0.312155979071
-йзы	0.627906976744	0.100775193798	0.046511627907	0.22480620155
-мун	0.266871165644	0.71472392638	0.00920245398773	0.00920245398773
-ион	0.0450812258041	0.954918774196	0.0	0.0
-лчү	0.0995082375869	0.181351553471	0.0237949554694	0.695345253473
-бес	0.521679727817	0.0979052955663	0.044122023909	0.336292952707
-бер	0.480428512567	0.127455019915	0.00329625051504	0.388820217003
-рар	0.359020115758	0.0647290223419	0.0077482951387	0.568502566762
-күш	0.200703981135	0.345869746151	0.129872381745	0.32355389097
-өже	0.036231884058	0.846014492754	0.0543478260869	0.0634057971014
-беш	0.0113778452174	0.00244243028078	0.00119766791762	0.984982056584
-күр	0.141614693597	0.525376208732	0.257481261086	0.0755278365852
-язы	0.2711352657	0.655193236715	0.0700483091787	0.0036231884058
-күт	0.538461538462	0.320512820513	0.141025641026	0.0
-хон	0.00446428571428	0.995535714286	0.0	0.0
-рза	0.0718406198303	0.0484661857505	0.0213590506581	0.858334143761
-хоп	0.0875	0.8375	0.075	0.0
-хой	0.0430148313924	0.937867465766	0.0	0.0191177028411
-хол	0.288331828562	0.644219023846	0.0063731478039	0.0610759997875
-рзи	0.33426183844	0.495264623955	0.0133704735376	0.157103064067
-лус	0.12223617596	0.221479790869	0.00263801010053	0.653646023071
-лур	0.567882147575	0.0301326793824	0.00469120703693	0.397293966005
-луу	0.3640371096	0.200832661058	0.118992739426	0.316137489916
-лут	0.0391341636872	0.91293636816	0.0331059213011	0.0148235468513
-еер	0.17011589404	0.656870860927	0.123344370861	0.0496688741722
-лби	0.0997566909975	0.240875912409	0.644768856448	0.014598540146
-лба	0.360284876414	0.497276916632	0.0586510263929	0.0837871805614
-сон	0.0	1.0	0.0	0.0
-лбе	0.0663798401967	0.926244622004	0.0	0.00737553779962
-соп	0.616021527634	0.14262057545	0.0157317325606	0.225626164355
-еем	0.0	1.0	0.0	0.0
-луг	0.102829590375	0.0633451000345	0.240214700556	0.593610609035
-еек	0.12	0.56	0.32	0.0
-луй	0.302325581395	0.418604651163	0.279069767442	0.0
-лул	0.0322580645161	0.806451612903	0.0322580645161	0.129032258065
-лук	0.189554165021	0.624311461595	0.175874998473	0.0102593749109
-лун	0.0866194054692	0.787089501357	0.0119534779547	0.114337615219
-лум	0.063416378591	0.724194381531	0.0161322366591	0.196257003218
-луп	0.373288987275	0.105207324136	0.0234224043213	0.498081284268
-хою	0.593516209476	0.0224438902743	0.279301745636	0.104738154613
-хор	0.0	1.0	0.0	0.0
-хос	0.176252319109	0.65306122449	0.118738404453	0.0519480519481
-күм	0.0251567304237	0.928722597133	0.0377350956355	0.00838557680789
-күн	0.274131274131	0.633204633205	0.0694980694981	0.023166023166
-күп	0.604734423426	0.136101314524	0.069733889067	0.189430372983
-күй	0.758835758836	0.178794178794	0.0	0.0623700623699
-бей	0.059450086698	0.775575922715	0.0951201387168	0.0698538518702
-бек	0.181714285714	0.242285714286	0.345142857143	0.230857142857
-бем	0.132352941177	0.602941176471	0.0882352941176	0.176470588235
-шил	0.0	0.931428571429	0.0685714285715	0.0
-шип	0.798245614035	0.0263157894737	0.149122807018	0.0263157894737
-рзү	0.212014134276	0.787985865724	0.0	0.0
-икс	0.0563787495482	0.9165160824	0.0	0.0271051680521
-мчу	0.0063911376225	0.916915210908	0.0	0.0766936514699
-вүн	0.516483516484	0.362637362637	0.120879120879	0.0
-мчы	0.338822039265	0.566181127296	0.0759974667511	0.0189993666878
-вүк	0.70965443534	0.268970431065	0.0	0.0213751335945
-луң	0.120667930032	0.690621000308	0.0541725783568	0.134538491304
-уба	0.186951066499	0.813048933501	0.0	0.0
-мче	0.195601400048	0.684528081978	0.0166980271037	0.103172490871
-вүс	0.276475571872	0.432363739057	0.0972889014403	0.193871787631
-мча	0.571090047393	0.165876777251	0.175355450237	0.0876777251184
-мчи	0.0	0.640571817563	0.175629680054	0.183798502383
-ика	0.0348692403487	0.941054379411	0.0141137401411	0.00996264009964
-үлү	0.248264412919	0.441593721702	0.0735738001811	0.236568065198
-гуп	0.402129339156	0.343826249206	0.121101679277	0.132942732361
-ики	0.0641025641026	0.350427350427	0.431623931624	0.153846153846
-шиш	0.193266832918	0.704488778055	0.102244389027	0.0
-эчи	0.0945678986537	0.787085040555	0.0142674972824	0.104079563509
-мит	0.287671232877	0.547945205479	0.0410958904109	0.123287671233
-ас;	0.327975673327	0.409209383145	0.254126846221	0.0086880973067
-гну	0.301435306818	0.654100897924	0.0269287774096	0.0175350178481
-гны	0.238121126454	0.629226921822	0.0228335326737	0.10981841905
-ыга	0.0784439716013	0.726452061432	0.0210145996166	0.17408936735
-гга	0.437760160346	0.445738112708	0.0215465559513	0.0949551709945
-гге	0.233531614893	0.642817801278	0.0947345230227	0.0289160608063
-ада	0.147421404311	0.588279202205	0.0580203843721	0.206279009111
-ыгы	0.0781426953567	0.0317100792752	0.842582106455	0.0475651189128
-акы	0.590330788804	0.379134860051	0.0	0.030534351145
-үүл	0.19429746858	0.337978431209	0.0107011640488	0.457022936162
-гни	0.373065435786	0.489003529731	0.0602769481401	0.0776540863427
-яар	0.401098901099	0.443681318681	0.0123626373626	0.142857142857
-үүм	0.265913474786	0.709286304767	0.0082667401488	0.0165334802976
-мда	0.329856418442	0.251054971264	0.0317671544892	0.387321455805
-мде	0.163081357265	0.681959910913	0.0679680335386	0.0869906982837
-үүр	0.534342990008	0.281281624003	0.102377799977	0.0819975860119
-аум	0.0	0.997690531178	0.0	0.00230946882217
-аул	0.259515570934	0.480968858131	0.0	0.259515570934
-жан	0.144378536051	0.149977486737	0.0195767506509	0.686067226562
-жам	0.454132606721	0.428701180745	0.106267029973	0.0108991825613
-жап	0.474822232209	0.425554697865	0.0395034757984	0.0601195941283
-жай	0.462765957447	0.537234042553	0.0	0.0
-жак	0.0919123071022	0.518544746393	0.223068071169	0.166474875336
-жаа	0.0	1.0	0.0	0.0
-ңээ	0.040669854671	0.0149034277326	0.00280594922281	0.941620768374
-ңуп	0.157450116611	0.780824047681	0.0544700699662	0.00725576574243
-гнү	0.121895751842	0.843326872345	0.0146946658363	0.0200827099763
-ңуу	0.780487804878	0.0914634146341	0.0731707317073	0.0548780487805
-тээ	0.113939674458	0.160842397593	0.0194399444573	0.705777983491
-жар	0.128181755114	0.469316240281	0.31813921071	0.0843627938944
-аус	0.172413793103	0.758620689655	0.0689655172414	0.0
-онт	0.0	1.0	0.0	0.0
-ону	0.0640909166812	0.0284613332864	0.00156696873238	0.9058807813
-ржы	0.581105849645	0.134901269973	0.127122252472	0.15687062791
-үмү	0.179562043796	0.693430656934	0.0233576642336	0.103649635036
-ржу	0.146690518783	0.551580202743	0.00119260584377	0.30053667263
-нди	0.277906191103	0.423918068347	0.160556167988	0.137619572561
-нда	0.145908245027	0.127406318822	0.0377017449586	0.688983691192
-нде	0.119850582933	0.393869029508	0.0301732044827	0.456107183076
-нду	0.253521126761	0.183098591549	0.507042253521	0.056338028169
-ндр	0.00724637681159	0.992753623188	0.0	0.0
-ржи	0.476190476191	0.371428571429	0.0	0.152380952381
-рже	0.144843620946	0.428176605461	0.0244241811261	0.402555592467
-пуд	0.0416666666667	0.958333333333	0.0	0.0
-спе	0.600920069005	0.203565267395	0.0385278895917	0.156986774008
-еви	0.221929772088	0.693724950649	0.0807561165281	0.00358916073458
-ева	0.80612244898	0.19387755102	0.0	0.0
-еве	0.499465668044	0.352740304357	0.0194911922241	0.128302835376
-ифа	0.0739130434783	0.710869565217	0.0	0.215217391304
-нуг	0.144680851064	0.11914893617	0.340425531915	0.395744680851
-урт	0.0881057268722	0.581497797357	0.330396475771	0.0
-уру	0.290086887836	0.485535150079	0.0782484202211	0.146129541864
-ндү	0.184391028143	0.747820014305	0.0412050526298	0.0265839049225
-шпе	0.23139158576	0.338187702265	0.386731391586	0.0436893203883
-ора	0.422935951358	0.171807874349	0.1745269736	0.230729200693
-зыт	0.158490566038	0.332075471698	0.418867924528	0.0905660377359
-бка	0.356989247312	0.481720430108	0.0	0.161290322581
-үме	0.318259482857	0.352090215286	0.0225538216198	0.307096480237
-ору	0.385964912281	0.177527151211	0.0547201336675	0.38178780284
-орт	0.324720670391	0.396648044693	0.138268156425	0.140363128492
-орь	0.00772200772201	0.992277992278	0.0	0.0
-ура	0.210815183922	0.0563794918397	0.00749676161524	0.725308562623
-нук	0.0426638917794	0.795005202914	0.00312174817898	0.159209157128
-өзү	0.114068441065	0.688059962414	0.0238188890346	0.174052707486
-мык	0.0667932857773	0.218598119581	0.040378311533	0.674230283109
-евс	0.0	1.0	0.0	0.0
-хүн	0.0190022529085	0.809716289879	0.0125260292665	0.158755427946
-ием	0.890625	0.015625	0.0703125	0.0234375
-дең	0.218568409931	0.370047543582	0.328402887833	0.0829811586546
-еле	0.181318681319	0.521978021978	0.0989010989011	0.197802197802
-ар;	0.34129940723	0.459267589794	0.149902767039	0.0495302359363
-леп	0.521027302925	0.188868237522	0.0680860061387	0.222018453414
-кың	0.150943396226	0.207547169811	0.0377358490566	0.603773584906
-лем	0.487570168404	0.290296712109	0.00962309542903	0.212510024058
-аза	0.00815171139229	0.00393370460059	0.00684469317432	0.981069890833
-зот	0.205714285714	0.52	0.0685714285714	0.205714285714
-зор	0.0	1.0	0.0	0.0
-гог	0.0	1.0	0.0	0.0
-ңзе	0.671266414422	0.200756732695	0.00556421099488	0.122412641887
-мзе	0.545323888718	0.152345755056	0.0754542654758	0.22687609075
-ңза	0.121084421969	0.0718499789296	0.0127124596151	0.794353139486
-мза	0.15852992645	0.0669578832415	0.013568543347	0.760943646961
-уми	0.0	0.830508474576	0.0	0.169491525424
-ңзи	0.03	0.97	0.0	0.0
-кыр	0.221225602755	0.135763490241	0.550947187141	0.0920637198622
-атр	0.0280373831776	0.929906542056	0.0420560747663	0.0
-дег	0.04005174412	0.0189178278569	0.011485824056	0.929544603967
-кыш	0.0576923076923	0.875	0.0480769230769	0.0192307692308
-дей	0.0680062046824	0.719057754049	0.15051405072	0.0624219905487
-аты	0.0239697224558	0.82842724979	0.124894869638	0.0227081581161
-дел	0.202039898005	0.329233538323	0.140992950352	0.327733613319
-дем	0.68778280543	0.0542986425339	0.0814479638009	0.176470588235
-ден	0.191389913754	0.460275729717	0.0610880329643	0.287246323564
-деп	0.147569485249	0.0141390086808	0.00225387005785	0.836037636012
-дер	0.360219305237	0.429512152714	0.0419254684473	0.168343073602
-дес	0.834677419355	0.0362903225806	0.104838709677	0.0241935483871
-бис	0.0279587377635	0.00365653029432	0.000862336394068	0.967522395548
-кый	0.897531632441	0.0203277328355	0.000829703381043	0.081310931342
-кыл	0.673673284028	0.282210977034	0.0103801738679	0.0337355650707
-кым	0.0238165787988	0.07013591104	0.000782704467567	0.905264805694
-кын	0.181417874827	0.682646663471	0.0476830571301	0.0882524045718
-дея	0.02574002574	0.903474903475	0.06435006435	0.006435006435
-бти	0.0632312671148	0.928553647	0.0	0.00821508588498
-тоо	0.538653366584	0.321695760599	0.0822942643391	0.0573566084787
-азы	0.100948877884	0.392298361696	0.0187256219076	0.488027138513
-аий	0.0	0.975093399751	0.0	0.024906600249
-нуу	0.154135673503	0.229321632485	0.138786062864	0.477756631148
-нут	0.0888888888889	0.777777777778	0.133333333333	0.0
-тал	0.224623444663	0.659462999345	0.0392927308448	0.0766208251473
-ииш	0.708664964709	0.0180207238324	0.273314311458	0.0
-тан	0.14650096811	0.572438789128	0.0471232350369	0.233937007725
-там	0.241935483871	0.693548387097	0.0645161290323	0.0
-тап	0.297646105433	0.212564347133	0.0666226254124	0.423166922022
-таа	0.0830769230769	0.673846153846	0.0	0.243076923077
-иир	0.514528465514	0.10116928766	0.0142442781991	0.370057968626
-рен	0.2	0.78	0.0	0.02
-даң	0.12931749102	0.705996131528	0.0685272174635	0.096159159989
-узу	0.16606011754	0.373584133878	0.0332649587045	0.427090789877
-узы	0.166666666667	0.833333333333	0.0	0.0
-уза	0.359634053773	0.275658183852	0.0970396708082	0.267668091567
-реп	0.527274073891	0.20449074817	0.12041574601	0.147819431929
-чиң	0.4	0.5625	0.0	0.0375
-мия	0.0	0.96178343949	0.0114649681529	0.0267515923567
-ьон	0.0	1.0	0.0	0.0
-йет	0.0878552971576	0.39879414298	0.0516795865633	0.461670973299
-иил	0.0303074036657	0.952374079954	0.0173185163804	0.0
-иик	0.261172373767	0.442251886245	0.296575739988	0.0
-иин	0.23322643582	0.552384203696	0.0646172768315	0.149772083653
-иим	0.276407484253	0.473357586133	0.0769917844416	0.173243145172
-тас	0.0193758894596	0.853066171598	0.088806160023	0.0387517789191
-тар	0.366660548392	0.391718231103	0.0474191152287	0.194202105276
-тат	0.0	1.0	0.0	0.0
-нуп	0.443212748354	0.333208431756	0.10292389597	0.12065492392
-нун	0.259508627993	0.53248316761	0.0622018103179	0.145806394079
-нум	0.13239229182	0.761448892842	0.0816606271827	0.0244981881549
-дап	0.518953212577	0.155970866192	0.0603693435954	0.264706577635
-дан	0.180227674689	0.487520474062	0.0626226373907	0.269629213859
-дам	0.0100307989937	0.894320253233	0.0348042328242	0.0608447149486
-дал	0.17930572822	0.467168577812	0.104192928617	0.249332765351
