-opo	0.0277777777778	0.805555555555	0.166666666667	0.0
-hex	0.422242717403	0.227802002818	0.0539887659095	0.295966513869
-cae	0.181818181818	0.758522727273	0.0170454545455	0.0426136363637
-het	0.548076923077	0.350961538462	0.0865384615384	0.0144230769231
-caj	0.213059980219	0.224040126541	0.0257444130662	0.537155480174
-can	0.460362135891	0.213429767515	0.0739484627917	0.252259633802
-cal	0.327100856065	0.298143432951	0.0977834032622	0.276972307721
-hel	0.371979082289	0.0643170205184	0.0173055785168	0.546398318676
-hem	0.352031112671	0.217239758753	0.0744019348917	0.356327193684
-hen	0.580714477572	0.228847703465	0.0282030620467	0.162234756916
-cap	0.710436829715	0.238294533089	0.0512686371959	0.0
-caw	0.591549295775	0.239436619718	0.0422535211268	0.12676056338
-ive	0.0	1.0	0.0	0.0
-rbe	0.0413961038961	0.958603896104	0.0	0.0
-cat	0.439219889909	0.255246754264	0.123016716808	0.182516639019
-aan	0.586889958133	0.341248515903	0.0303693057552	0.0414922202087
-caz	0.0	1.0	0.0	0.0
-cay	0.5054894785	0.331198536139	0.0507776761208	0.112534309241
-cax	0.122216004477	0.843312814773	0.0219362059317	0.0125349748181
-heb	0.0304893511601	0.0443587872924	0.0313671635735	0.893784697974
-ivo	0.229007633588	0.75572519084	0.0152671755725	0.0
-xel	0.359934143454	0.102975831933	0.0942420656125	0.442847959
-xem	0.145711994598	0.0845502377536	0.231176669199	0.53856109845
-oye	0.592399403875	0.29955290611	0.0558867362146	0.0521609538003
-'ba	0.0174335689268	0.737211887335	0.212506029655	0.0328485140832
-oya	0.57291746494	0.379875852556	0.0407694076174	0.00643727488697
-'be	0.583850847686	0.130468618597	0.026097674114	0.259582859602
-hbe	0.575757575758	0.233923392339	0.0954095409541	0.0949094909491
-xeb	0.0259733098048	0.0416344987317	0.0733153192897	0.859076872174
-plo	0.0134799386795	0.974837447798	0.0066342443305	0.00504836919173
-auc	0.308846402335	0.30334282501	0.111794405494	0.27601636716
-nso	0.148745415381	0.330034348256	0.495546370146	0.0256738662164
-xex	0.14422233912	0.380589163598	0.279326670174	0.195861827108
-jna	0.10128440367	0.673394495413	0.0209174311927	0.204403669725
-lea	0.00965480714818	0.986703951299	0.000993065878099	0.00264817567493
-'i'	0.689671810015	0.284862345482	0.00405291954954	0.0214129249534
-oga	0.00621761658031	0.984738577485	0.00169571361281	0.00734809232218
-op'	0.367346938776	0.571428571429	0.0204081632653	0.0408163265306
-aum	0.00480769230769	0.995192307692	0.0	0.0
-aul	0.279069767442	0.674418604651	0.0	0.0465116279069
-yel	0.343796712331	0.272544961147	0.219032017706	0.164626308816
-nti	0.13171898499	0.186614399657	0.00862545106613	0.673041164286
-uez	0.0435443944049	0.911718214083	0.0259476870769	0.018789704435
-uae	0.0	0.98250162022	0.0	0.0174983797796
-net	0.476595744681	0.114893617021	0.408510638298	0.0
-nto	0.0430285867919	0.877427069938	0.0169040876682	0.0626402556017
-nta	0.0906689136016	0.108830116379	0.0123521258385	0.788148844181
-sae	0.196503918023	0.756479807113	0.0216998191682	0.0253164556962
-nte	0.0432267279755	0.654309212424	0.0913202222884	0.211143837312
-'ub	0.508614892598	0.315785685852	0.127341329369	0.0482580921815
-uan	0.0174357699615	0.956499351929	0.0110793487332	0.0149855293763
-oil	0.0975328638067	0.818714928938	0.0574728156934	0.0262793915624
-six	0.460332266115	0.129805631885	0.0843018125898	0.325560289409
-hix	0.485080673164	0.30298733767	0.0452614643857	0.166670524781
-puc	0.429879282254	0.38106185691	0.0677397132954	0.12131914754
-pul	0.409196372073	0.457920269985	0.0569500105463	0.075933347395
-nts	0.0101058852499	0.736390051711	0.031928096528	0.221575966511
-hes	0.762019230769	0.1875	0.0360576923077	0.0144230769231
-coe	0.0383799243473	0.91733554756	0.0198357782083	0.0244487498847
-dro	0.00976242409951	0.981772092201	0.000636679832577	0.00782880386724
-pam	0.171028898638	0.504115437024	0.0714550137444	0.253400650593
-eña	0.145527270173	0.772181438193	0.0305422861107	0.0517490055234
-cas	0.0151387720774	0.982338099243	0.0	0.00252312867956
-pre	0.0109351432881	0.95173453997	0.00565610859728	0.0316742081448
-'iy	0.585189977621	0.0852298102758	0.0244234525014	0.305156759601
-'ix	0.271530994669	0.381748067745	0.108506219407	0.23821471818
-das	0.0410490307868	0.945838084379	0.00171037628278	0.0114025085519
-más	0.0589451913133	0.915201654602	0.0	0.0258531540848
-'is	0.461508381368	0.354829691068	0.0250066011214	0.158655326443
-aré	0.0	1.0	0.0	0.0
-'in	0.22120624607	0.500864598617	0.17098092643	0.106948228883
-'il	0.117116648549	0.118805407579	0.0576004921253	0.706477451746
-itu	0.00440558441656	0.948974912227	0.0443189763407	0.00230052701615
-'ij	0.235071127023	0.247824670279	0.445223669046	0.0718805336522
-tín	0.0404323283595	0.84404673347	0.101080820899	0.0144401172713
-mán	0.0243464147006	0.488725291287	0.486928294012	0.0
-xba	0.751225273103	0.0286979627989	0.0420431059935	0.178033658105
-ope	0.140266465331	0.63826618393	0.0255768819535	0.195890468785
-'ie	0.75652173913	0.182608695652	0.0608695652174	0.0
-'ic	0.537720345217	0.14236786836	0.0582259293964	0.261685857027
-opa	0.107838795394	0.818201948627	0.0312223206377	0.042736935341
-dea	0.00133179437095	0.989878362781	0.00692533072894	0.00186451211933
-dec	0.108833206783	0.868387749937	0.0167046317388	0.00607441154138
-hej	0.0526315789473	0.947368421053	0.0	0.0
-oes	0.0503311258278	0.920529801325	0.0291390728477	0.0
-den	0.5	0.5	0.0	0.0
-deo	0.00244698205546	0.955954323002	0.0	0.0415986949429
-ima	0.285550646375	0.0787105220094	0.60382916053	0.0319096710849
-des	0.0189991185976	0.928704338459	0.0417197140339	0.01057682891
-ime	0.280255196099	0.601327115408	0.056248402034	0.0621692864587
-te'	0.0819961826677	0.86925370281	0.0332460681451	0.0155040463775
-aús	0.0226244343891	0.950226244344	0.027149321267	0.0
-imo	0.0281806879403	0.956900124327	0.00248653128885	0.0124326564443
-ido	0.0466321243523	0.821243523316	0.0155440414508	0.116580310881
-lla	0.047619047619	0.952380952381	0.0	0.0
-ech	0.430145611964	0.277646595828	0.0928768201495	0.199330972058
-obo	0.0	0.998880179171	0.00111982082867	0.0
-lle	0.0353159851301	0.901486988848	0.0446096654275	0.0185873605948
-rpa	0.066889632107	0.90635451505	0.0200668896321	0.0066889632107
-eca	0.0898876404494	0.797752808989	0.0449438202247	0.0674157303371
-oba	0.566945606695	0.351464435146	0.0313807531381	0.0502092050209
-llo	0.195232851408	0.79155269795	0.0110830876345	0.00213136300664
-lo'	0.695010183299	0.255346232179	0.0	0.0496435845214
-bix	0.262650753231	0.419931545433	0.154731040753	0.162686660583
-obe	0.668830286561	0.270991847826	0.0126235177866	0.0475543478261
-vae	0.0660377358491	0.933962264151	0.0	0.0
-me'	0.0597719528677	0.884453581558	0.00970818342756	0.0460662821465
-bic	0.307767419967	0.427695250256	0.0725506815252	0.191986648252
-bia	0.0156412930135	0.96558915537	0.0125130344108	0.00625651720541
-bin	0.236196082618	0.157398297903	0.0287214654655	0.577684154013
-bil	0.435290398181	0.382859399428	0.124201529699	0.0576486726922
-eub	0.513157894737	0.269736842105	0.217105263158	0.0
-yuc	0.149897619708	0.165195173604	0.0390377256262	0.645869481062
-tep	0.0540653813914	0.83025984912	0.0854987426656	0.0301760268231
-eja	0.523164647185	0.237348538845	0.0171062009978	0.222380612972
-hle	0.104651162791	0.123206333498	0.109104403761	0.66303809995
-tes	0.648996593918	0.217371856936	0.0775602209437	0.0560713282025
-tet	0.122448979592	0.530612244898	0.34693877551	0.0
-eje	0.248467060887	0.580897056458	0.119412897691	0.0512229849641
-—te	0.0911526980626	0.0390422953006	0.00090361258078	0.868901394056
-ria	0.0131108462455	0.982121573302	0.00119189511323	0.00357568533969
-tex	0.558587797471	0.268783708272	0.0609742846687	0.111654209588
-tey	0.150075153427	0.0690219500157	0.00650150089557	0.774401395662
-ril	0.0263576415388	0.949974272182	0.0121029986658	0.011565087614
-rim	0.0	1.0	0.0	0.0
-xen	0.202807017544	0.647719298246	0.117894736842	0.0315789473684
-ejo	0.161200279135	0.778087927425	0.0502442428472	0.0104675505932
-sex	0.560386356939	0.239411049169	0.0966841843996	0.103518409492
-uts	0.84375	0.09375	0.04375	0.01875
-a'i	0.0870153654192	0.0564908079172	0.0212821622274	0.835211664436
-ris	0.0	1.0	0.0	0.0
-gre	0.0366598778004	0.615071283096	0.336048879837	0.0122199592668
-tej	0.515955401769	0.337946943483	0.0365244136871	0.109573241061
-tel	0.30589818237	0.181974467007	0.0842985460192	0.427828804604
-tem	0.512987012987	0.0876623376623	0.38961038961	0.00974025974026
-ten	0.621683690958	0.256187015836	0.0695825049702	0.0525467882361
-teo	0.00407181195632	0.991301129002	0.000925411808255	0.00370164723302
-jin	0.614552438245	0.313801523837	0.0178427324271	0.0538033054906
-met	0.245345939607	0.472222222222	0.21841102316	0.0640208150102
-jil	0.149663907488	0.517095376748	0.253489393927	0.0797513218367
-wal	0.139069834259	0.723248277734	0.020365470728	0.117316417279
-ara	0.0814376706096	0.895359417652	0.0150136487716	0.00818926296633
-mes	0.186802523047	0.667450453477	0.0246332997425	0.121113723734
-mer	0.0355618776671	0.100284495021	0.842816500711	0.0213371266003
-aro	0.00543601359004	0.941562853907	0.0319365798415	0.0210645526614
-jib	0.072598540309	0.880115054126	0.0210603318904	0.0262260736748
-jic	0.580915944998	0.225783395844	0.0733158900653	0.119984769092
-rón	0.0287206266318	0.944423722492	0.0268556508765	0.0
-mee	0.114583333333	0.822916666667	0.0	0.0625
-jt'	0.488192689783	0.188933504964	0.0717453456008	0.251128459652
-luj	0.923076923077	0.0192307692308	0.0288461538461	0.0288461538461
-ile	0.171402157256	0.713372783263	0.0637693218919	0.0514557375892
-lul	0.06910005748	0.633309950101	0.099899532825	0.197690459594
-lum	0.134079239742	0.629658167286	0.013055907854	0.223206685117
-jix	0.519050087612	0.241904246152	0.0992635095939	0.139782156642
-mel	0.322611357261	0.260240491328	0.318373912574	0.0987742388373
-lub	0.0398255813953	0.952325581395	0.00610465116279	0.00174418604651
-luc	0.304665607175	0.332946787766	0.135308082811	0.227079522248
-mei	0.0	1.0	0.0	0.0
-jip	0.0488431876607	0.14087403599	0.481748071979	0.32853470437
-aye	0.250474843411	0.420448272063	0.0549556982704	0.274121186256
-cot	0.449404761905	0.327030812325	0.110294117647	0.113270308123
-ere	0.108761329305	0.818731117825	0.0	0.07250755287
-aya	0.432633011215	0.403601696283	0.104269530566	0.0594957619357
-ayo	0.0224215246637	0.977578475336	0.0	0.0
-ila	0.135277326698	0.312037742482	0.0286702848348	0.524014645985
-eix	0.574539363484	0.338358458962	0.0603015075376	0.0268006700167
-si'	0.0909090909091	0.909090909091	0.0	0.0
-tón	0.21760391198	0.298288508557	0.0293398533007	0.454767726161
-law	0.195004128819	0.720066061107	0.0378199834847	0.0471098265896
-ch'	0.56565419854	0.153822802958	0.0437653936242	0.236757604878
-bás	0.0204081632653	0.964026288481	0.0103770321688	0.0051885160844
-món	0.0069435569755	0.98743343983	0.00178913738019	0.0038338658147
-wun	0.59792746114	0.235440414508	0.111088082902	0.0555440414507
-aoj	0.370678117332	0.339058666072	0.109580637966	0.18068257863
-xat	0.344558613689	0.227312846614	0.24095676606	0.187171773636
-aib	0.170542635659	0.829457364341	0.0	0.0
-p'e	0.250469630557	0.580463368816	0.0563556668754	0.112711333751
-aón	0.00818553888133	0.991814461119	0.0	0.0
-na'	0.694002564655	0.0680405351732	0.0345320638667	0.203424836305
-yut	0.108066962107	0.0630965727841	0.0113290932902	0.817507371819
-dán	0.00377121307354	0.988686360779	0.00754242614708	0.0
-dab	0.0	1.0	0.0	0.0
-xad	0.0	1.0	0.0	0.0
-xae	0.058064516129	0.787096774194	0.0	0.154838709677
-xaj	0.726023017903	0.164185239313	0.0612897332846	0.0485020094995
-exe	0.216109436978	0.144531807753	0.0482487660219	0.591109989247
-xal	0.065294090422	0.367993078969	0.562226977069	0.00448585354043
-xam	0.243346007604	0.636882129278	0.0285171102662	0.0912547528517
-xan	0.0847358981643	0.0434859794089	0.161947158985	0.709830963442
-eex	0.0964285714285	0.482142857143	0.378571428571	0.0428571428572
-ota	0.0234313980734	0.853553762041	0.119109606873	0.00390523301223
-tán	0.0	0.955882352941	0.0441176470588	0.0
-ote	0.0926782680719	0.84127654899	0.0441383040763	0.0219068788614
-oan	0.266390950006	0.16007784941	0.0456148886997	0.527916311884
-nub	0.257266251196	0.63507044739	0.0842582358896	0.0234050655249
-'mo	0.0	0.491379310345	0.181034482759	0.327586206897
-aín	0.00540540540542	0.948648648649	0.0027027027027	0.0432432432433
-nuc	0.367033173793	0.206644981989	0.122829587968	0.30349225625
-ume	0.0382693781126	0.904725609756	0.0206311454476	0.0363738666837
-xet	0.552049542908	0.401946328517	0.0	0.0460041285756
-ots	0.752928053542	0.175962074735	0.0711098717234	0.0
-eví	0.0245076586433	0.949234135667	0.0175054704595	0.00875273522975
-umi	0.0	0.876865671642	0.0	0.123134328358
-naj	0.64903818946	0.151520096381	0.0914564559612	0.107985258198
ALL	0.230954375529	0.325020222648	0.060673347144	0.383352054679
-ufo	0.0	0.95652173913	0.0434782608696	0.0
-nan	0.202362881661	0.747372250623	0.021389305411	0.0288755623048
-nal	0.139901177228	0.5249606099	0.0658787127596	0.269259500112
-nam	0.0368442622951	0.915532786885	0.0131967213115	0.0344262295082
-nab	0.0410805739732	0.734904934619	0.0600200686406	0.163994422767
-moe	0.156626506024	0.693234476367	0.116774791474	0.0333642261353
-sit	0.191088603446	0.495580798699	0.13781273956	0.175517858294
-aúl	0.346153846154	0.636094674556	0.0177514792899	0.0
-aúm	0.00470865214833	0.994114184815	0.0	0.00117716303708
-nax	0.195205352797	0.0473473005401	0.0597729354727	0.69767441119
-aán	0.0203735144312	0.979626485569	0.0	0.0
-sio	0.0826446280992	0.900826446281	0.0	0.0165289256198
-sin	0.691027154663	0.297284533648	0.00212514757969	0.00956316410861
-sim	0.0358111774281	0.957677699403	0.0	0.00651112316875
-sil	0.0460508678039	0.248163832378	0.066237531614	0.639547768204
-nar	0.492183683439	0.45652173913	0.0322423058134	0.019052271617
-nas	0.016168395363	0.982916412447	0.000915192190361	0.0
-sia	0.00450462528489	0.989274701703	0.00332484247218	0.00289583054029
-xes	0.922323244491	0.0618068211403	0.00840172995994	0.00746820440883
-jim	0.842323651452	0.0248962655602	0.132780082987	0.0
-naw	0.296119045839	0.424212966425	0.172736110073	0.106931877664
-nat	0.284020329379	0.574504105935	0.0617857164728	0.0796898482126
-mot	0.60081300813	0.163414634146	0.167479674797	0.0682926829268
-mos	0.0235756385069	0.970530451866	0.00589390962672	0.0
-mor	0.0	0.984293193717	0.0157068062827	0.0
-wuc	0.144090936072	0.791802694842	0.0267109871194	0.0373953819671
-goe	0.127029381484	0.766532034529	0.0782450304902	0.0281935534965
-one	0.330566278707	0.247830708819	0.0372418072754	0.384361205198
-gog	0.0193236714976	0.971014492754	0.00966183574878	0.0
-up'	0.381982031632	0.452103258976	0.0789287021883	0.0869860072034
-wuy	0.303164091244	0.434142752024	0.236203090508	0.0264900662252
-wux	0.435967302452	0.564032697548	0.0	0.0
-cán	0.0809716599189	0.626180836707	0.252361673414	0.0404858299595
-mon	0.487297257404	0.191360797072	0.0775614685711	0.243780476953
-mol	0.234604105572	0.50146627566	0.228739002933	0.0351906158358
-iin	0.172474410956	0.0960616972412	0.0297711871615	0.701692704642
-moj	0.555315781902	0.29003021148	0.102862897425	0.0517911091929
-wut	0.562625586068	0.272796861544	0.0229643096354	0.141613242752
-com	0.599479843953	0.125241020582	0.0904443746917	0.184834760773
-col	0.510669524853	0.279827150223	0.0927862919252	0.116717032999
-bex	0.332555303954	0.325065319631	0.268489810138	0.0738895662776
-con	0.535588430803	0.128900168456	0.0278910579616	0.30762034278
-uip	0.075	0.635	0.284	0.006
-coj	0.430903251553	0.236716394302	0.0612148984736	0.271165455671
-ber	0.0	1.0	0.0	0.0
-suc	0.570253598355	0.205620287868	0.159698423578	0.0644276901987
-eot	0.545454545455	0.352272727273	0.0	0.102272727273
-yax	0.0135623869801	0.0452079566004	0.94122965642	0.0
-coc	0.00381922342457	0.661998726926	0.0	0.33418204965
-cob	0.00865087538619	0.984757981462	0.00123583934089	0.00535530381051
-bej	0.336384439359	0.135011441648	0.360411899314	0.16819221968
-dae	0.0897959183673	0.755102040816	0.114285714286	0.0408163265306
-u'e	0.136103394742	0.797960126776	0.0192557857513	0.0466806927304
-ben	0.247622187246	0.342532917169	0.357525236084	0.0523196595006
-beo	0.0	0.857142857143	0.038961038961	0.103896103896
-bel	0.445604713173	0.336557583316	0.0788274173931	0.139010286118
-ixe	0.31280533463	0.373640483558	0.106148064942	0.20740611687
-yal	0.658555437231	0.0548449558653	0.11261427532	0.173985331584
-cow	0.0277008310249	0.861495844875	0.1108033241	0.0
-ixi	0.301818181818	0.12	0.0	0.578181818182
-rla	0.0135542168675	0.959337349398	0.0180722891566	0.00903614457831
-nós	0.032967032967	0.967032967033	0.0	0.0
-ma'	0.401765157329	0.0709900230238	0.48810437452	0.0391404451266
-cor	0.0	1.0	0.0	0.0
-iso	0.63380003944	0.327943206468	0.0224807730231	0.0157759810688
-jle	0.799712111865	0.092946740695	0.0189183631504	0.0884227842895
-j'a	0.634485498609	0.139054429877	0.0238379022646	0.202622169249
-yat	0.282627988884	0.265193536193	0.0537545631975	0.398423911726
-ise	0.517006802721	0.326530612245	0.0408163265306	0.115646258503
-rea	0.0122280772868	0.952844210242	0.00655316849074	0.0283745439806
-u'u	0.0765631646108	0.204593789877	0.0574223734581	0.661420672055
-red	0.0	1.0	0.0	0.0
-jc'	0.197952983543	0.636924506831	0.0906882230964	0.0744342865292
-bey	0.698660402916	0.105330262013	0.0248817414794	0.171127593592
-eva	0.0384615384615	0.928571428571	0.0	0.032967032967
-res	0.0520134228188	0.837248322148	0.010067114094	0.10067114094
-ret	0.00810893512852	0.986842105263	0.00275397796818	0.00229498164015
-dia	0.0544186046512	0.934418604651	0.00558139534883	0.00558139534883
-may	0.131993481803	0.819120043455	0.048886474742	0.0
-sic	0.549833541186	0.185503317807	0.0420914365217	0.222571704485
-hab	0.0373280943026	0.845074375526	0.109177659276	0.00841987089531
-oat	0.259337408366	0.567466446238	0.0394161536621	0.133779991734
-uee	0.091943127962	0.817061611374	0.0170616113744	0.0739336492891
-naí	0.00478468899521	0.995215311005	0.0	0.0
-ame	0.0549644621308	0.873228164536	0.059850192098	0.0119571812355
-haj	0.487456960158	0.281357599606	0.0796851942941	0.151500245942
-ha'	0.304014081492	0.661249236182	0.0145076732066	0.0202290091191
-hal	0.272794810299	0.402406449151	0.285311885322	0.0394868552278
-ham	0.405990007105	0.523990969723	0.0557802938278	0.0142387293438
-han	0.126320820858	0.809420146543	0.0393983875141	0.0248606450852
-hap	0.529904685115	0.337748725775	0.0362830074582	0.0960635816512
-juc	0.423085227938	0.288642963385	0.153586481753	0.134685326923
-maj	0.491822446167	0.371546288435	0.0613003354537	0.0753309299445
-hat	0.413001430324	0.347601434878	0.0536433640442	0.185753770754
-mal	0.241021473952	0.400182271026	0.0941579441559	0.264638310866
-man	0.463755078969	0.148039981401	0.359516552045	0.028688387585
-hay	0.0381988394972	0.901946286015	0.0388003960247	0.021054478463
-mac	0.635017090771	0.243068742879	0.0501329282188	0.0717812381314
-jun	0.127262428076	0.220031550557	0.0690604448563	0.583645576511
-jul	0.653260752232	0.134084845868	0.0542816167286	0.158372785171
-uno	0.192619926199	0.29778597786	0.0387453874539	0.470848708487
-une	0.107125219197	0.0798926281544	0.0225310498841	0.790451102764
-una	0.654955462101	0.282790820888	0.03046458492	0.0317891320905
-eor	0.0	1.0	0.0	0.0
-sba	0.164726673118	0.0289253448862	0.0368748004558	0.76947318154
-oto	0.0377358490566	0.943396226415	0.0188679245283	0.0
-bet	0.444033641801	0.483891332284	0.0530266262093	0.0190483997062
-pta	0.0518582541054	0.948141745895	0.0	0.0
-uex	0.450136075111	0.262153647004	0.115054672858	0.172655605027
-pto	0.0074834922964	0.991636096845	0.0	0.000880410858401
-666	0.136012953615	0.0	0.048004571864	0.815982474521
-eil	0.096991887429	0.838430612391	0.0489984923541	0.0155790078254
-sús	0.0121901435161	0.757962641241	0.0035000473613	0.226347167881
-yae	0.0230547550432	0.976945244957	0.0	0.0
-gae	0.0273279352226	0.971659919028	0.0	0.00101214574898
-gad	0.0	1.0	0.0	0.0
-tra	0.123566944035	0.7430369232	0.0180536119531	0.115342520812
-lab	0.459321894754	0.205730235613	0.314259912979	0.0206879566538
-ada	0.017310849127	0.930756603492	0.0483509923892	0.00358155499179
-ado	0.0907774793025	0.874955962656	0.0252664259292	0.00900013211203
-tro	0.0305241256635	0.916069827239	0.0183681049015	0.0350379421965
-oco	0.333333333333	0.583333333333	0.0833333333333	0.0
-gai	0.0	1.0	0.0	0.0
-adi	0.0	1.0	0.0	0.0
-nop	0.634809400375	0.155129088879	0.0660431169849	0.144018393761
-gau	0.0	1.0	0.0	0.0
-sna	0.0616975324388	0.872829617537	0.00516980426169	0.060303045763
-gar	0.0226575407128	0.941232003776	0.00566438517819	0.0304460703328
-sne	0.221052631579	0.739473684211	0.0236842105263	0.0157894736842
-hij	0.121669048725	0.849776844557	0.0157047586949	0.0128493480231
-'ex	0.161776217814	0.130214075085	0.0215814359148	0.686428271186
-lan	0.365978278745	0.190841287243	0.249651309575	0.193529124437
-ju'	0.216632273217	0.115924994552	0.259749311609	0.407693420623
-oht	0.716248478745	0.0640914993792	0.0180817935968	0.201578228279
-ini	0.0233031646014	0.0856584218436	0.0289733155146	0.86206509804
-sem	0.0	1.0	0.0	0.0
-sel	0.537311104858	0.264043688153	0.0628182172318	0.135826989757
-ohp	0.233333333333	0.0333333333333	0.633333333333	0.1
-yac	0.158217215306	0.0270722806381	0.00890205555641	0.8058084485
-ino	0.0189846968219	0.941374301009	0.0346261765935	0.00501482557561
-lbe	0.752341268382	0.0343213042629	0.00876466513717	0.204572762217
-ina	0.202220803129	0.661352722033	0.0685035065145	0.0679229683237
-uis	0.0	1.0	0.0	0.0
-sec	0.0206937327552	0.979306267245	0.0	0.0
-uit	0.116113152356	0.328041950558	0.510897870367	0.0449470267185
-sea	0.00970873786407	0.990291262136	0.0	0.0
-'ab	0.114811776466	0.622321936136	0.0647932519238	0.198073035474
-eoj	0.404081632653	0.130612244898	0.379591836735	0.0857142857143
-ohe	0.220749033793	0.662068301539	0.0478633419066	0.0693193227613
-uij	0.585553997195	0.239130434782	0.15603085554	0.0192847124825
-uim	0.0	1.0	0.0	0.0
-uil	0.307095394442	0.215802276055	0.341766309773	0.135336019729
-ohb	0.14352574103	0.802652106084	0.0280811232449	0.0257410296412
-ohc	0.246973365617	0.179176755448	0.55205811138	0.0217917675545
-ohl	0.236865878015	0.124123521278	0.573777846059	0.0652327546474
-ohm	0.511754749936	0.357494723295	0.0295243124963	0.101226214273
-uic	0.565520736614	0.185035378014	0.0385441525566	0.210899732815
-uib	0.0523232047963	0.595585229595	0.272516691647	0.079574873961
-ses	0.57056207036	0.307420137485	0.0649009300445	0.0571168621108
-ser	0.0	1.0	0.0	0.0
-iae	0.0584739263804	0.771088957055	0.00325920245399	0.16717791411
-rsa	0.246803036586	0.120151660051	0.126693692398	0.506351610965
-blo	0.0194614105146	0.948774065819	0.00526602872747	0.0264984949394
-yan	0.0656352165446	0.0473064470034	0.11336637113	0.773691965322
-dón	0.548348364833	0.40870177984	0.0248035828185	0.018146272509
-nex	0.429420686668	0.296345553509	0.0650794445046	0.209154315318
-són	0.0214170979832	0.958236658933	0.00642512939497	0.0139211136891
-ñae	0.38	0.24	0.02	0.36
-ena	0.0980313378867	0.877059059863	0.0204901566894	0.00441944556047
-usa	0.0352941176471	0.964705882353	0.0	0.0
-bla	0.100840336134	0.831932773109	0.0504201680672	0.0168067226891
-nes	0.0254506892895	0.955461293743	0.0190880169671	0.0
-rso	0.0081466395112	0.991853360489	0.0	0.0
-neo	0.00784313725489	0.952941176471	0.00784313725489	0.0313725490196
-nel	0.324604576846	0.579930555735	0.0378485507114	0.0576163167078
-nem	0.453464783841	0.36381216996	0.130619075058	0.0521039711419
-nej	0.305688988524	0.537217752325	0.0582653019463	0.0988279572047
-cos	0.0321637426901	0.953216374269	0.00584795321637	0.00877192982456
-ias	0.0325684678016	0.956328645448	0.00814211695042	0.00296076980015
-lap	0.516643905666	0.299854372043	0.153033511798	0.0304682104936
-ooz	0.0248962655601	0.97510373444	0.0	0.0
-neb	0.0352222934256	0.155595444219	0.0538315650747	0.755350697281
-aon	0.346695303652	0.438468625483	0.0377914312038	0.177044639661
--na	0.0933060438237	0.746568745485	0.103539609921	0.0565856007705
-ban	0.218370190586	0.394422752722	0.0791042877897	0.308102768902
-uul	0.378655492154	0.311073466476	0.246968616262	0.063302425107
-bal	0.206722771249	0.373758518341	0.168698401948	0.250820308462
-uun	0.614826334888	0.221196215656	0.0675544323484	0.0964230171073
-baj	0.572621486837	0.247322070592	0.0817690493679	0.0982873932037
-joy	0.174820988098	0.439734655267	0.181167229447	0.204277127188
-los	0.0115889775946	0.9605116319	0.0175980770882	0.0103013134175
-hoj	0.366950375638	0.383379915672	0.111863017402	0.137806691288
-bae	0.289169046835	0.502887935027	0.0957091448135	0.112233873324
-hon	0.460804411155	0.211891562789	0.0306266459141	0.296677380142
-hol	0.166903513659	0.665092949525	0.0983020694587	0.0697014673578
-jol	0.20844507339	0.132603257661	0.0165096656036	0.642442003345
-jom	0.0946170566424	0.713271960107	0.173571154584	0.0185398286664
-jon	0.558743518927	0.253142448767	0.0407663445883	0.147347687718
-nae	0.0750914102014	0.829188134885	0.0252695251183	0.0704509297956
-xo'	0.256211180124	0.0605590062112	0.548136645963	0.135093167702
-joj	0.546137613727	0.333766907669	0.091327360155	0.0287681184488
-bay	0.0575038352285	0.0668700198479	0.0114866825576	0.864139462366
-hoz	0.0299678915448	0.900107028184	0.0699250802712	0.0
-baw	0.0183486238532	0.91131498471	0.0642201834862	0.00611620795106
-bat	0.334811048709	0.420500310523	0.0228485223707	0.221840118397
-oon	0.45628886019	0.427919423771	0.0248039515904	0.090987764449
-bas	0.0	1.0	0.0	0.0
-job	0.245111731844	0.562150837989	0.0942737430167	0.0984636871508
-joc	0.188287857029	0.199577150152	0.0765916706558	0.535543322164
-sub	0.0387124836886	0.943888647238	0.00521966072205	0.0121792083515
-yex	0.545039333123	0.101320660649	0.0316318848161	0.322008121411
-ase	0.246796735047	0.659383705663	0.0209551708713	0.0728643884189
-que	0.144156745931	0.554297572222	0.0913176880759	0.210227993771
-asa	0.430400525279	0.351280367695	0.0843729481287	0.133946158897
-aso	0.0218831869317	0.911234396671	0.0391431653568	0.0277392510402
-zoe	0.00883652430044	0.815905743741	0.104565537555	0.0706921944035
-yes	0.68044788975	0.128337639966	0.0775193798449	0.113695090439
-rem	0.0646927096293	0.447872605126	0.449863150037	0.0375715352078
-yet	0.47913201869	0.259523243843	0.175813732478	0.0855310049894
-noe	0.0748218107416	0.80688336583	0.0568029503213	0.0614918731073
-mba	0.0763100156332	0.798263674576	0.0957456873443	0.0296806224461
-xi'	0.0585125885678	0.0806885068482	0.0150364038818	0.845762500702
-yej	0.468469093659	0.32190123098	0.0582857811288	0.151343894232
-yem	0.527945002268	0.229872679475	0.118082038636	0.124100279621
-mbe	0.717480614235	0.172776178685	0.044073400316	0.0656698067645
-lta	0.0752926225478	0.416664031075	0.0501720801718	0.457871266205
-yeb	0.115339296395	0.1551351615	0.0945458777262	0.634979664379
-yee	0.0222182324162	0.344562143723	0.618407468917	0.0148121549441
-'oc	0.0903614457831	0.909638554217	0.0	0.0
-zor	0.0	1.0	0.0	0.0
-'an	0.403235099433	0.290678827914	0.0432355426041	0.262850530049
-ba'	0.0183654729109	0.928374655647	0.00275482093664	0.0505050505051
-430	0.473498233216	0.0530035335689	0.0	0.473498233216
-cbe	0.704975781594	0.153530016146	0.0722148833113	0.0692793189491
-ras	0.0	1.0	0.0	0.0
-saj	0.558733115976	0.138425710293	0.115510013973	0.187331159758
-eri	0.0	1.0	0.0	0.0
-ral	0.321158463714	0.620707789057	0.0243917820542	0.033741965175
-ram	0.0	1.0	0.0	0.0
-uía	0.0259716672721	0.97021431166	0.0	0.00381402106792
-isa	0.701845593969	0.274759552898	0.0	0.0233948531323
-iwe	0.0	1.0	0.0	0.0
-ero	0.052928923336	0.0456223582904	0.0541937222483	0.847254996125
-era	0.0433302533677	0.614039780188	0.181826581724	0.16080338472
-uío	0.012987012987	0.935064935065	0.0519480519481	0.0
-rae	0.170836640073	0.532559208053	0.0739735182323	0.222630633641
-xon	0.677938346741	0.0902535815508	0.0200526013589	0.21175547035
-rac	0.0	1.0	0.0	0.0
-xom	0.245901639344	0.651639344262	0.0655737704918	0.0368852459016
-ría	0.00519870609981	0.860328096118	0.0223544362292	0.112118761553
-aén	0.0129032258065	0.961290322581	0.0	0.0258064516129
-xbe	0.346666666667	0.626666666667	0.0266666666667	0.0
-reo	0.0	0.959162303665	0.0282722513089	0.0125654450262
-boc	0.21875	0.78125	0.0	0.0
-ozo	0.0401087695445	0.562202583277	0.0265125764786	0.3711760707
-pot	0.720930232558	0.279069767442	0.0	0.0
-'ib	0.484513274336	0.371681415929	0.0730088495575	0.070796460177
-poj	0.429209166986	0.428416950262	0.0386304417212	0.103743441031
-bol	0.0350541572515	0.147496052523	0.784914613342	0.0325351768832
-azo	0.25706940874	0.725792630677	0.0171379605827	0.0
-pon	0.555217591223	0.21134509785	0.0400985705498	0.193338740377
-pol	0.114475264048	0.191223545749	0.331758904672	0.362542285531
-pom	0.015911872705	0.94043247654	0.0436556507548	0.0
-ugo	0.240921169176	0.615589016829	0.0425155004429	0.100974313552
-poc	0.753553835327	0.136664320901	0.078536242083	0.031245601689
-ele	0.284614904025	0.483965172502	0.0838285281095	0.147591395364
-aza	0.0431424261952	0.91168708484	0.0320802656323	0.0130902233327
-poe	0.16	0.8	0.04	0.0
-ouc	0.397683397683	0.110038610039	0.0173745173745	0.474903474903
-lae	0.0921456779289	0.815708644142	0.0614304519526	0.0307152259763
-foe	0.0	1.0	0.0	0.0
-500	0.030701754386	0.161184210526	0.0328947368421	0.775219298246
-lac	0.0410396716826	0.958960328317	0.0	0.0
-lal	0.129470363709	0.284755324359	0.0371172202598	0.548657091672
-aat	0.389397778211	0.262716819333	0.0245566166439	0.323328785812
-nor	0.0	1.0	0.0	0.0
-lao	0.0934579439253	0.869158878505	0.0	0.0373831775701
-not	0.658317722532	0.216219819976	0.0651924539889	0.0602700035036
-laj	0.593640579779	0.147729678524	0.0462966904543	0.212333051242
-lat	0.423161706755	0.364454168001	0.11066026238	0.101723862864
-uja	0.0432213973983	0.647025254581	0.309753348021	0.0
-noj	0.687512260883	0.149507087045	0.134660981916	0.0283196701559
-fos	0.0	1.0	0.0	0.0
-sa'	0.32	0.266666666667	0.0266666666667	0.386666666667
-eón	0.105952720023	0.891199088579	0.00113927655938	0.00170891483908
-non	0.662644810958	0.171134870388	0.0541329864967	0.112087332157
-las	0.0224411603722	0.964422550629	0.00437876299945	0.00875752599892
-noa	0.0196078431372	0.980392156863	0.0	0.0
-nob	0.429611650486	0.293689320388	0.26213592233	0.0145631067961
-noc	0.00766283524903	0.992337164751	0.0	0.0
-'u'	0.120809080212	0.784907231	0.0573296693124	0.036954019476
-lay	0.555104572532	0.279609393273	0.0754172711551	0.0898687630401
-aac	0.0	0.994971364716	0.00502863528427	0.0
-aab	0.0141509433962	0.740566037736	0.245283018868	0.0
-boe	0.0343897505057	0.93931220499	0.012137559002	0.0141604855024
-h'a	0.0371827439924	0.368271300011	0.00417724731694	0.59036870868
-ahn	0.433950223357	0.525845564773	0.00382897255903	0.0363752393108
-dos	0.0263157894737	0.868421052632	0.0	0.105263157895
-ahl	0.33415492433	0.508963881589	0.0944921477863	0.0623890462948
-ahm	0.582546157149	0.168076427651	0.0969944182052	0.152382996994
-ahb	0.434250764526	0.489296636086	0.0519877675841	0.0244648318043
-ahc	0.196861626248	0.689966714218	0.0489776509748	0.0641940085592
-bon	0.4256529328	0.170267420005	0.0268008609424	0.377278786252
-fán	0.0	1.0	0.0	0.0
-boj	0.472965724401	0.260955854744	0.0810625972215	0.185015823634
-ahe	0.323662535696	0.469326996599	0.108304871713	0.0987055959924
-bot	0.66328113225	0.157939680275	0.0368907732792	0.141888414197
--ip	0.0863309352518	0.879068174032	0.016443987667	0.018156903049
-oc'	0.413028073847	0.0809567922908	0.0349668015285	0.471048332334
-ahy	0.396226415094	0.603773584906	0.0	0.0
-doc	0.0	1.0	0.0	0.0
-tía	0.0	1.0	0.0	0.0
-ges	0.106571936057	0.861456483126	0.0319715808171	0.0
-ger	0.0	0.964285714286	0.0357142857143	0.0
-ahp	0.131452337246	0.55480456109	0.161136109215	0.152606992449
-ahw	0.0	0.725552050473	0.0	0.274447949527
-aht	0.766181184277	0.0552534121673	0.026413669556	0.152151734
-sas	0.0	1.0	0.0	0.0
-mpo	0.290721649485	0.519587628866	0.140206185567	0.0494845360825
-'uy	0.696643356643	0.226713286713	0.0432167832168	0.0334265734266
-la'	0.904185000296	0.052425958446	0.00355162684241	0.0398374144156
-saw	0.422125181951	0.407569141194	0.135371179039	0.0349344978166
-sat	0.420235706126	0.339870100092	0.13194180658	0.107952387202
-ton	0.144948700085	0.702599917084	0.0456422094021	0.106809173429
-tol	0.223740726279	0.313939867239	0.417805544709	0.0445138617728
-tom	0.0612752412215	0.938724758779	0.0	0.0
-toj	0.177589054839	0.305270240378	0.335871009515	0.181269695267
-xoe	0.326086956522	0.0434782608696	0.0	0.630434782609
-its	0.0862969723673	0.889909989299	0.00793101277774	0.0158620255555
-sac	0.681442802652	0.0911380217013	0.16672221605	0.0606969595971
-'uj	0.715372907154	0.217656012177	0.0423135464232	0.0246575342466
-tot	0.420435510888	0.294249022892	0.231714126186	0.0536013400335
-uje	0.0239584179323	0.800454803866	0.148460976204	0.0271258019979
-'un	0.0404941142214	0.0174248252458	0.00182940008445	0.940251660448
-'um	0.0384615384615	0.961538461538	0.0	0.0
-'ul	0.0398232057707	0.602711681313	0.277272354373	0.080192758543
-'uc	0.0952035733539	0.0624290783544	0.0242201593188	0.818147188973
-ibe	0.244086671271	0.721814571823	0.0228763812155	0.0112223756906
-hte	0.291338582677	0.40157480315	0.0472440944882	0.259842519685
-400	0.374280230326	0.149712092131	0.0230326295585	0.452975047985
-san	0.61348781937	0.181521093286	0.00891265597148	0.196078431373
-'ue	0.149398689566	0.734718081211	0.0752308197203	0.0406524095028
-toy	0.6581521171	0.133052740381	0.14954952083	0.0592456216899
-lon	0.489085889496	0.2849294273	0.0690543330449	0.156930350159
-lol	0.141947800986	0.51853001041	0.161790392586	0.177731796017
-lom	0.442362367537	0.226802791419	0.171879038511	0.158955802533
-loj	0.468550913095	0.373960555184	0.0458190688446	0.111669462877
-iel	0.0964300319047	0.535647329587	0.35950928002	0.00841335848832
-loi	0.0	0.962264150943	0.0188679245283	0.0188679245283
-ene	0.0782943485307	0.598255129538	0.295210349318	0.0282401726135
-ybe	0.712937257079	0.182468073293	0.0431704608551	0.0614242087729
-avo	0.0	1.0	0.0	0.0
-lob	0.497872477597	0.201792276449	0.194055831345	0.106279414609
-loc	0.0	0.960317460317	0.0	0.0396825396825
-aní	0.0	1.0	0.0	0.0
-roe	0.0470150350489	0.896367185816	0.0221759370111	0.0344418421246
-oca	0.677049180328	0.259016393443	0.0639344262295	0.0
-loy	0.736192714454	0.128084606345	0.051116333725	0.0846063454759
-rom	0.0	1.0	0.0	0.0
-lot	0.532460300697	0.340105096744	0.0741181666315	0.0533164359275
-mas	0.03519510329	0.960214231064	0.0	0.00459066564651
-ain	0.5750349371	0.278043044777	0.0886629774791	0.0582590406434
-mar	0.0216169654211	0.918721030395	0.0102137085196	0.0494482956643
-ipo	0.0	1.0	0.0	0.0
-ión	0.371120878976	0.580204552735	0.0371358654192	0.0115387028701
-aiy	0.231441512729	0.0973390020479	0.0138425488417	0.657376936382
-'to	0.0824162266199	0.123920446133	0.0358288506144	0.757834476632
-húm	0.0	1.0	0.0	0.0
-ida	0.0157961783439	0.975031847134	0.00917197452229	0.0
-mat	0.480463889656	0.291120980099	0.0846655286637	0.143749601581
-lia	0.00563380281691	0.994366197183	0.0	0.0
-noé	0.00903407135482	0.990965928645	0.0	0.0
-'ux	0.644288279073	0.179357640157	0.0844075864013	0.0919464943686
-toe	0.0185304311754	0.923839390755	0.0085186272012	0.0491115508682
-maw	0.685912240185	0.207852193995	0.0785219399538	0.027713625866
-ewa	0.304177545692	0.636640557006	0.0130548302872	0.0461270670148
-tob	0.532837146361	0.467162853639	0.0	0.0
-rdo	0.0929319371727	0.706806282723	0.180628272251	0.0196335078534
-wil	0.319378200715	0.498256745541	0.060637020902	0.121728032843
-doe	0.372854914197	0.570982839314	0.0140405616225	0.0421216848674
-jub	0.379893442089	0.510493035094	0.0893425288708	0.0202709939455
-uxe	0.0	1.0	0.0	0.0
-awe	0.338258744808	0.535208759791	0.0808801462081	0.045652349193
-uxa	0.46875	0.39375	0.04375	0.09375
-—la	0.158458924541	0.0513929599751	0.00447459209878	0.785673523385
-pbe	0.236363636364	0.763636363636	0.0	0.0
-jta	0.37366892546	0.225193610842	0.0459825750242	0.355154888674
-awu	0.0369515011547	0.916859122402	0.0	0.0461893764434
-—ay	0.114008036632	0.0753823630191	0.0507740709591	0.75983552939
-aic	0.282093948582	0.19212207795	0.0621131382171	0.463670835252
-saú	0.0	1.0	0.0	0.0
-276	0.0	0.284671532847	0.0	0.715328467153
-haw	0.331848552339	0.601336302895	0.0400890868597	0.0267260579064
-ter	0.00515907136715	0.993121238177	0.00171969045572	0.0
-sto	0.00731859729368	0.971291600403	0.00342234128765	0.0179674610154
-ste	0.161759671345	0.594317014721	0.0590551181103	0.184868195823
-e'e	0.0822337261003	0.847112310183	0.0264680283055	0.0441859354113
-hi'	0.131931166348	0.2982791587	0.546845124283	0.0229445506692
-sta	0.492853761501	0.169959066156	0.0384011535435	0.298786018799
-saí	0.0	1.0	0.0	0.0
-lfa	0.00646970023722	0.963338365322	0.0172525339659	0.0129394004744
-cum	0.282593856655	0.465529010239	0.061433447099	0.190443686007
-cul	0.694345389376	0.237085955724	0.0388477703527	0.0297208845469
-cuj	0.0930669636642	0.72741194487	0.16970625087	0.00981484059584
-sab	0.0308898109728	0.502305209774	0.0629322268327	0.40387275242
-mae	0.111451316595	0.453153704838	0.409675443968	0.0257195345989
-eic	0.498328277954	0.412312146698	0.0306769612574	0.0586826140908
-ián	0.00877192982455	0.90350877193	0.0877192982456	0.0
-cuc	0.256069281646	0.109638236703	0.165800700938	0.468491780713
-cub	0.489747383997	0.308899693478	0.101574886376	0.0997780361484
-cua	0.00547473799468	0.976536837166	0.00656968559361	0.0114187392461
-uch	0.666843350803	0.249014033317	0.0283390930824	0.055803522798
-uco	0.0381800827235	0.802736239262	0.159083678015	0.0
-cuy	0.654180602007	0.204979561501	0.0615384615385	0.0793013749535
-cux	0.589381438494	0.30834848273	0.0481983871719	0.0540716916049
-eya	0.57714919566	0.259243986003	0.0490794718528	0.114527346484
-tor	0.0508166969147	0.905626134301	0.032667876588	0.010889292196
-uca	0.4311417902	0.519067556863	0.0294217494625	0.020368903474
-cut	0.360051993068	0.275563258232	0.090554592721	0.273830155979
-eye	0.521444230013	0.255138558393	0.0483408592681	0.175076352326
-tos	0.0130277763417	0.915046195431	0.0	0.0719260282269
-oiw	0.0363636363636	0.509090909091	0.218181818182	0.236363636364
-lej	0.262220478619	0.333746567281	0.363703413103	0.0403295409965
-ide	0.0120572720422	0.968349660889	0.00301431801055	0.016578749058
-car	0.0	0.97872178737	0.0106391063151	0.0106391063151
-lem	0.340417423526	0.155990202316	0.0199936044729	0.483598769685
-muc	0.653158404288	0.155026920734	0.0788783238236	0.112936351155
-jaw	0.217161447743	0.598617324116	0.0854005693371	0.0988206588044
-eib	0.427046263345	0.402135231317	0.0640569395018	0.106761565836
-mul	0.270535445495	0.385460127413	0.134242404267	0.209762022825
-lec	0.118257781314	0.0944521465497	0.529460217506	0.25782985463
-—in	0.174644243208	0.124191461837	0.0310478654593	0.670116429496
-ioe	0.120633543068	0.800824473855	0.0481666305056	0.0303753525711
-leg	0.0	1.0	0.0	0.0
-lex	0.414768067146	0.279489856092	0.110503595541	0.195238481222
-mut	0.344860351089	0.64113780007	0.0	0.0140018488412
-gón	0.0	1.0	0.0	0.0
-oic	0.217914831131	0.191776798825	0.0440528634361	0.546255506608
-ree	0.0174587778855	0.450048496605	0.526673132881	0.00581959262851
-dor	0.0212147998485	0.969693143074	0.0075767142316	0.00151534284632
-ios	0.056419334471	0.887420285631	0.0072672075707	0.0488931723272
-oin	0.276570717893	0.138053077143	0.0313817467647	0.553994458199
-les	0.441271901363	0.473069435431	0.0584036340039	0.0272550292018
-let	0.394803017603	0.493713327745	0.109807208717	0.00167644593461
-iuc	0.505184470702	0.440559440559	0.018085362913	0.0361707258259
-eel	0.453315876131	0.128266876857	0.0758204352799	0.342596811733
-rra	0.127877932233	0.833677237185	0.015964378801	0.022480451781
-een	0.530399741154	0.102509044916	0.0397093861223	0.327381827808
-lja	0.0833333333334	0.875	0.0416666666667	0.0
-wol	0.106152938864	0.760172989975	0.0923923727147	0.0412816984471
-tab	0.068150840527	0.0572467060428	0.0	0.87460245343
-rro	0.118828036322	0.863436435868	0.0124148694665	0.00532065834278
-sum	0.20990383485	0.742155165833	0.0155484322111	0.0323925671064
-ole	0.317859701023	0.24137139479	0.0974053141112	0.343363590076
-gio	0.0142095914743	0.985790408526	0.0	0.0
-udá	0.00569259962049	0.992030360531	0.0	0.0022770398482
-sam	0.0	1.0	0.0	0.0
-ndo	0.0	1.0	0.0	0.0
-ali	0.198026315789	0.695394736842	0.0473684210526	0.0592105263157
