ris-	0.0424242424242	0.896658896659	0.0293706293706	0.0315462315463
vas-	0.375016231658	0.604726658875	0.00467471756914	0.0155823918971
fig-	0.0	1.0	0.0	0.0
rne-	0.24006363675	0.561371692152	0.154439188631	0.0441254824661
yar-	0.114746590678	0.76669041319	0.107113779768	0.0114492163648
mtq-	0.470273856757	0.336966725178	0.123028676843	0.0697307412216
jac-	0.171021501287	0.779119412007	0.019948538625	0.0299105480807
epw-	0.0619621342513	0.896729776248	0.0413080895009	0.0
oje-	0.399732716186	0.121434516872	0.0730629656553	0.405769801288
cju-	0.115456238361	0.666400638468	0.175578611333	0.0425645118382
rju-	0.148665390247	0.466831850434	0.343957652889	0.0405451064309
rce-	0.041095890411	0.205479452055	0.445205479452	0.308219178082
nyu-	0.407006543368	0.45438901735	0.024876007532	0.11372843175
ctz-	0.200483100303	0.658067471601	0.0824309785985	0.0590184494971
kba-	0.310413282801	0.22829814113	0.172532033929	0.28875654214
asó-	0.113801452784	0.818401937046	0.0	0.0677966101695
xex-	0.651478106732	0.195649298091	0.0339447605463	0.118927834631
cne-	0.551129246559	0.266995053207	0.0972022133448	0.0846734868891
jbe-	0.184397163121	0.45390070922	0.255319148936	0.106382978723
rli-	0.26141785637	0.701785260543	0.00799932241034	0.0287975606773
inb-	0.655339805825	0.199029126214	0.0946601941747	0.0509708737864
inp-	0.892435121994	0.0457841039648	0.00747850660888	0.0543022674323
a'l-	0.438461538462	0.18	0.381538461538	0.0
txa-	0.1	0.7	0.0	0.2
der-	0.0545144804089	0.936967632027	0.0	0.00851788756389
neg-	0.291726416859	0.567367042833	0.110979487499	0.0299270528088
ayu-	0.266393743203	0.434976748076	0.0621246016409	0.23650490708
nme-	0.436385582803	0.40749616139	0.038164212619	0.117954043188
jxt-	0.25	0.5	0.204545454545	0.0454545454545
tib-	0.492673029536	0.268186856956	0.0380705141277	0.20106959938
xuy-	0.608570802223	0.0586336660945	0.0148863034744	0.317909228208
ppe-	0.0585365853659	0.80487804878	0.0780487804878	0.0585365853659
xap-	0.132352941176	0.536764705882	0.0441176470588	0.286764705882
emj-	0.473827283996	0.084379009634	0.01109105539	0.43070265098
paf-	0.00921658986174	0.990783410138	0.0	0.0
abr-	0.0125968467248	0.950553990356	0.0243403586715	0.0125088042477
tzu-	0.560939367524	0.263179824457	0.0405734789906	0.135307329028
zaq-	0.104780114723	0.869216061186	0.0244741873805	0.00152963671128
c-o-	0.518718989626	0.36400541272	0.0541271989175	0.063148398737
cul-	0.0606571187869	0.871103622578	0.0623420387532	0.00589721988206
zac-	0.0521102053452	0.821999793623	0.0221855329688	0.103704468063
her-	0.114891577367	0.828983547107	0.0309885112138	0.0251363643119
ate-	0.0557531789512	0.122321492855	0.00936065393016	0.812564674264
naw-	0.500236572222	0.220503745215	0.0607406861209	0.218518996442
awq-	0.0647758163703	0.0264546248384	0.00401743976155	0.90475211903
kan-	0.14197470175	0.234055164006	0.0226858393283	0.601284294916
lxa-	0.320781032078	0.511854951185	0.0418410041841	0.125523012552
urí-	0.0	1.0	0.0	0.0
dor-	0.0804953560372	0.377708978328	0.0	0.541795665635
pat-	0.137490864779	0.744430200091	0.0652216107655	0.0528573243644
jem-	0.463413358439	0.198598253047	0.0601495894137	0.2778387991
laj-	0.346283653813	0.0588788707568	0.0124857480607	0.58235172737
rxa-	0.167774420947	0.792346424975	0.0326283987916	0.00725075528701
ver-	0.752808988764	0.134831460674	0.0674157303371	0.0449438202247
júp-	0.0	0.994871794872	0.00512820512821	0.0
cbi-	0.329688426322	0.316250576378	0.24833673671	0.105724260589
chw-	0.0606461556025	0.0958787532361	0.0122927465063	0.831182344655
jek-	0.0783358729735	0.723607391584	0.0827699789908	0.115286756451
jam-	0.204758471521	0.507570295602	0.0915645277577	0.196106705119
rek-	0.352560397642	0.56999190845	0.0277424575194	0.0497052363889
xtm-	0.568168853394	0.292184826012	0.131431831147	0.00821448944666
nig-	0.0260869565217	0.939130434783	0.0173913043478	0.0173913043478
cji-	0.0198681318681	0.0627692307693	0.0110769230769	0.906285714286
hor-	0.0561370436988	0.732891146243	0.0161824285853	0.194789381473
eso-	0.0955414012739	0.847133757962	0.0382165605096	0.0191082802548
che-	0.0651147629316	0.055251195698	0.00662157033066	0.87301247104
yac-	0.0483870967742	0.903225806452	0.0483870967742	0.0
asi-	0.0697168094801	0.888605508297	0.0104971774256	0.0311805047976
tip-	0.306404892179	0.1783070486	0.356292243322	0.1589958159
wuj-	0.138497238867	0.857977910939	0.00352485019387	0.0
al--	0.267056530214	0.463937621832	0.216374269006	0.0526315789474
tér-	0.357912178956	0.617232808616	0.019884009942	0.0049710024855
xch-	0.580935002762	0.212769953567	0.054088734918	0.152206308753
tol-	0.104693140794	0.895306859206	0.0	0.0
mle-	0.566176470588	0.389705882353	0.0	0.0441176470588
pud-	0.0555555555556	0.944444444444	0.0	0.0
enj-	0.144981412639	0.267657992565	0.475836431227	0.111524163569
war-	0.365945965699	0.233649752748	0.0514514579178	0.348952823635
lju-	0.0251587114978	0.062779214672	0.00211615330355	0.909945920527
pno-	0.331184488952	0.191378377048	0.188573396979	0.288863737021
moi-	0.0527611186346	0.924299420333	0.00103895731676	0.0219005037152
exc-	0.333333333333	0.469696969697	0.121212121212	0.0757575757576
xpn-	0.031746031746	0.126984126984	0.0	0.84126984127
wor-	0.451612903226	0.274193548387	0.0	0.274193548387
uzí-	0.0	1.0	0.0	0.0
p-i-	0.666666666667	0.140350877193	0.0350877192982	0.157894736842
wya-	0.278978900755	0.436572023965	0.255274811149	0.0291742641313
wmj-	0.0263157894737	0.407894736842	0.355263157895	0.210526315789
ewq-	0.0498608207879	0.0158307941183	0.0108450416761	0.923463343418
rsa-	0.207328707858	0.495960557973	0.0705912131257	0.226119521043
xub-	0.480935453978	0.0295232936978	0.0102375471235	0.479303705201
koj-	0.704845814978	0.162995594714	0.0188797986155	0.113278791693
ryo-	0.548760555707	0.294333968946	0.0956142740397	0.0612912013075
ta'-	0.166969164184	0.407657012776	0.329962872078	0.0954109509623
apa-	0.238659275928	0.554095260047	0.0926854033889	0.114560060636
san-	0.00978199071148	0.817048050069	0.14978094815	0.0233890110698
yaq-	0.168148708731	0.677892346987	0.108551698042	0.0454072462397
kix-	0.489208633093	0.359712230216	0.021582733813	0.129496402878
mae-	0.0105444756314	0.957822097474	0.0216630058101	0.00997042108412
koc-	0.377075739166	0.219522073714	0.27784528149	0.12555690563
arm-	0.0	1.0	0.0	0.0
cal-	0.100616564144	0.72543759927	0.0850420797545	0.0889037568319
amj-	0.466105533328	0.263833320752	0.0343473994112	0.235713746509
plo-	0.173584065873	0.754089240013	0.0723266941137	0.0
nke-	0.470901126408	0.33041301627	0.0578848560701	0.140801001252
tel-	0.432953696181	0.332879614724	0.110681962394	0.123484726701
jwi-	0.212802768166	0.427335640138	0.318339100346	0.0415224913495
lwa-	0.091999319091	0.65701549068	0.0153417312112	0.235643459018
wxm-	0.443181818182	0.102272727273	0.0	0.454545454545
oke-	0.474849094567	0.386317907445	0.0442655935614	0.0945674044266
ajm-	0.0915100422268	0.774984465617	0.103654421787	0.0298510703691
xpa-	0.403796806691	0.424420262308	0.125451435088	0.0463314959133
mes-	0.215008824674	0.234725362697	0.0405472225368	0.509718590093
xni-	0.674364896074	0.187474527917	0.0391251188697	0.099035457139
sed-	0.0	0.463414634146	0.536585365854	0.0
adi-	0.15175315568	0.680224403927	0.0126227208976	0.155399719495
ami-	0.0926269613632	0.780833473933	0.0212586468703	0.105280917834
kax-	0.0985981320891	0.120598564748	0.0520023822941	0.728800920869
nuj-	0.538335551234	0.412529429829	0.0190398198383	0.0300951990992
jli-	0.110948905109	0.722627737226	0.157664233577	0.00875912408759
win-	0.0654277952045	0.604727138918	0.0268199594034	0.303025106474
jti-	0.417935240176	0.352470020707	0.0252576967711	0.204337042346
wan-	0.224290967226	0.288159872102	0.0439248601119	0.44362430056
rpa-	0.101014924589	0.658705069938	0.16769918821	0.0725808172633
ajs-	0.128906135168	0.737748772672	0.0381951881202	0.0951499040396
gól-	0.0463378176382	0.929745889387	0.0149476831091	0.00896860986547
ged-	0.0	1.0	0.0	0.0
nni-	0.594826269442	0.246767456069	0.0487538020162	0.109652472473
ewc-	0.349884424529	0.431805274649	0.06270909181	0.155601209012
rso-	0.211516561866	0.685992969253	0.059414764569	0.0430757043125
j-o-	0.00967791478806	0.118365105647	0.086154480559	0.785802499006
ili-	0.176751713533	0.772134600655	0.0117179279716	0.03939575784
nut-	0.470668489768	0.311841473728	0.0575143322593	0.159975704245
kaj-	0.0896864271177	0.662536319381	0.0360671405644	0.211710112937
tba-	0.482641457288	0.195142371752	0.0453573721987	0.276858798761
sat-	0.133004072437	0.821159344944	0.00727839875228	0.0385581838662
eya-	0.505737608891	0.353439570232	0.022041832833	0.118780988045
ani-	0.0783975843801	0.0250669708895	0.00353299808525	0.893002446645
mtn-	0.46880733945	0.242201834862	0.0963302752294	0.192660550459
xdi-	0.266666666667	0.589743589744	0.0	0.14358974359
tni-	0.451584507042	0.234375	0.13974471831	0.174295774648
bix-	0.709155491693	0.130245195334	0.00826912102657	0.152330191946
ban-	0.531131534228	0.261092676944	0.0615524017363	0.146223387092
xuj-	0.831806732311	0.0983894359209	0.0154568353561	0.0543469964125
pme-	0.130434782609	0.789297658863	0.0602006688963	0.0200668896321
wen-	0.188723585728	0.118374077226	0.362663812839	0.330238524207
atb-	0.413985234712	0.233319403817	0.255188744951	0.0975066165203
acm-	0.625744934446	0.349225268176	0.0250297973778	0.0
arq-	0.156133828996	0.769516728625	0.00743494423791	0.0669144981413
ale-	0.0293067356237	0.864548700899	0.0972786602635	0.00886590321389
sid-	0.0	0.993024066969	0.0	0.00697593303103
luc-	0.256975036711	0.560138833267	0.0827659858497	0.100120144173
dec-	0.0202976995941	0.745151105097	0.00902119981957	0.225529995489
net-	0.504702159207	0.318580097316	0.0751852030003	0.101532540477
jpe-	0.357646360466	0.173228463308	0.0739778882541	0.395147287972
órd-	0.724137931034	0.206896551724	0.0344827586207	0.0344827586207
adu-	0.619502183185	0.340040531383	0.0404572854324	0.0
e'o-	0.56871563308	0.221532354976	0.0757437820909	0.134008229853
j-u-	0.220154043646	0.34082156611	0.259306803594	0.17971758665
jab-	0.255210026184	0.319138455575	0.0447972415074	0.380854276733
ekk-	0.821917808219	0.13698630137	0.0	0.041095890411
wbi-	0.288851351351	0.472972972973	0.0608108108108	0.177364864865
jlu-	0.253737906772	0.572999120493	0.117854001759	0.0554089709763
c'o-	0.395592919942	0.0772391684935	0.0221864795466	0.504981432018
rpw-	0.110183803637	0.710078866681	0.175605437046	0.00413189263638
juc-	0.173913043478	0.739130434783	0.0434782608696	0.0434782608696
ina-	0.615194595516	0.191212699601	0.141967983581	0.0516247213021
cre-	0.10946038625	0.828306087697	0.0347213053158	0.0275122207376
cgo-	0.377906976744	0.563953488372	0.0581395348837	0.0
fav-	0.0710876913899	0.218035394711	0.682441837343	0.028435076556
kni-	0.483394833948	0.214637146371	0.0166051660516	0.285362853629
fre-	0.0552147239264	0.672392638037	0.220858895706	0.0515337423312
tia-	0.00501162418386	0.972436066989	0.0	0.0225523088274
jo'-	0.529180151535	0.065945710877	0.0119799012271	0.392894236361
ino-	0.715786311306	0.0991942146543	0.00321884958316	0.181800624457
jxu-	0.517540536921	0.16479503428	0.0581726784922	0.259491750308
tco-	0.271414062403	0.440824394958	0.226936517679	0.0608250249601
wi'-	0.191801614245	0.0393466267265	0.00551460713639	0.763337151892
xux-	0.200250803355	0.377145544322	0.069519554824	0.3530840975
oné-	0.0544041450777	0.694948186529	0.142487046632	0.108160621762
xaw-	0.29704527715	0.459355430696	0.0730130546436	0.17058623751
emk-	0.42654028436	0.251184834123	0.189573459716	0.132701421801
ttz-	0.740222783923	0.168243070044	0.0663225077954	0.0252116382373
lne-	0.367226509306	0.334997730368	0.100771674989	0.197004085338
wru-	0.490566037736	0.201257861635	0.108490566038	0.199685534591
sod-	0.00950243401976	0.99049756598	0.0	0.0
tnu-	0.291925465839	0.484472049689	0.0	0.223602484472
cum-	0.226915129469	0.159625562613	0.0951200584819	0.518339249437
can-	0.1716002622	0.103714204055	0.0237400802462	0.700945453499
zab-	0.0067681895093	0.993231810491	0.0	0.0
xoq-	0.697313835304	0.118880937565	0.028313627878	0.155491599253
rox-	0.0552638455125	0.0310940785626	0.668696885615	0.24494519031
etx-	0.731707317073	0.0731707317073	0.146341463415	0.0487804878049
wnu-	0.491968719716	0.294808565478	0.0862989674562	0.126923747349
xme-	0.372158974148	0.411614812379	0.16074144096	0.0554847725124
jel-	0.238864753544	0.681162906063	0.0189408174616	0.0610315229319
rte-	0.111704369819	0.837064017899	0.0173474130197	0.0338841992629
nef-	0.00683371298405	0.993166287016	0.0	0.0
tju-	0.236220472441	0.204724409449	0.362204724409	0.196850393701
cwi-	0.24060822898	0.643112701252	0.0903398926654	0.0259391771019
rvi-	0.642725598527	0.232044198895	0.0423572744015	0.0828729281768
to'-	0.198684806176	0.679334143416	0.00557527816826	0.11640577224
jal-	0.209271368141	0.105756309249	0.0222047457957	0.662767576815
xtn-	0.451908304299	0.313682643064	0.120941837403	0.113467215233
nti-	0.280135641851	0.506271685323	0.103404663452	0.110188009374
nah-	0.0	1.0	0.0	0.0
feb-	0.319696969697	0.613636363636	0.00909090909091	0.0575757575757
amé-	0.0379578092674	0.10200566121	0.00354907680722	0.856487452715
tre-	0.0474042568455	0.0166012758307	0.00530266054077	0.930691806783
xec-	0.422838485811	0.130827545196	0.0422876466946	0.404046322298
mul-	0.0602963164333	0.367078972407	0.121863531331	0.450761179829
ejc-	0.025641025641	0.649572649573	0.068376068376	0.25641025641
apó-	0.0544161906803	0.872378192525	0.0224280429739	0.0507775738206
wuk-	0.0151877264667	0.00709274535502	0.0068614601804	0.970858067998
tio-	0.0449585538332	0.885496183206	0.0606472158479	0.00889804711282
eba-	0.293840982128	0.210744426892	0.077270324463	0.418144266517
jca-	0.301885256577	0.237168967613	0.0335333094556	0.427412466354
elm-	0.0	1.0	0.0	0.0
ran-	0.167579117962	0.382585616216	0.0299087627739	0.419926503048
zel-	0.0	1.0	0.0	0.0
toq-	0.503504241977	0.17373662855	0.241608262634	0.0811508668388
s-u-	0.578571428571	0.214285714286	0.207142857143	0.0
agr-	0.0178173719376	0.979319121858	0.000954502068088	0.00190900413618
was-	0.827095576864	0.118342097123	0.0	0.054562326013
eni-	0.511816802858	0.193864070069	0.133581249694	0.160737877379
moj-	0.147928994083	0.763313609468	0.0	0.0887573964497
leg-	0.0218446601942	0.861650485437	0.0218446601942	0.0946601941748
ron-	0.0924623115578	0.485427135678	0.331658291457	0.0904522613065
air-	0.077922077922	0.792207792208	0.121212121212	0.008658008658
wos-	0.0	1.0	0.0	0.0
p-h-	0.295081967213	0.614754098361	0.0901639344262	0.0
wna-	0.0286550842021	0.549610337639	0.0244841674529	0.397250410706
awá-	0.066265060241	0.728915662651	0.10843373494	0.0963855421686
ixq-	0.25065889082	0.197891549375	0.127516402176	0.423933157629
glo-	0.0230325050282	0.874781029002	0.0909946149354	0.0111918510348
jep-	0.397761645493	0.322141560798	0.143980641258	0.13611615245
bec-	0.068281408414	0.186811881175	0.0149796360316	0.729927074379
nxa-	0.233029496688	0.343712846063	0.423257657249	0.0
xdé-	0.025641025641	0.51282051282	0.179487179487	0.282051282051
ofi-	0.163410301954	0.729307282416	0.0653641207815	0.041918294849
p-f-	0.0	1.0	0.0	0.0
ac'-	0.162184846921	0.595128875064	0.070102941199	0.172583336816
eq'-	0.382971794547	0.48975087294	0.094983083965	0.0322942485481
maj-	0.212939020393	0.103165745608	0.0233572906039	0.660537943395
neá-	0.0	1.0	0.0	0.0
tec-	0.523501334689	0.281451201466	0.0865377509907	0.108509712855
cam-	0.266936194954	0.146987244044	0.0842615222628	0.50181503874
mix-	0.545838799009	0.121301559539	0.0497376475732	0.283121993878
min-	0.697247706422	0.247706422018	0.0	0.0550458715597
apr-	0.126118614035	0.848866123677	0.0	0.025015262288
est-	0.0612056862057	0.738965426465	0.0903825903826	0.109446296946
je'-	0.066113011994	0.0863998036019	0.0357310091751	0.811756175229
lla-	0.0	1.0	0.0	0.0
mxi-	0.478102189781	0.445255474452	0.0109489051095	0.065693430657
ixc-	0.319749767906	0.218850531252	0.195202348742	0.2661973521
nue-	0.00295566502463	0.0285714285714	0.446305418719	0.522167487685
kay-	0.324892475091	0.215647598844	0.0734546733681	0.386005252697
ch--	0.0927207260303	0.0782585562003	0.00376710163144	0.825253616138
wko-	0.469387755102	0.275510204082	0.214285714286	0.0408163265306
me'-	0.0461538461538	0.269230769231	0.669230769231	0.0153846153846
yo'-	0.346468684561	0.499904816295	0.0148486579098	0.138777841234
nwi-	0.232886224579	0.459807373751	0.120775208444	0.186531193227
max-	0.406689151216	0.0933877896162	0.0540443046494	0.445878754518
jc'-	0.0646183924981	0.0923499468079	0.0531300558191	0.789901604875
kak-	0.286698994879	0.433577327611	0.0681198349093	0.211603842601
ajr-	0.0901577761082	0.169491923366	0.342928249437	0.397422051089
jup-	0.391836734694	0.485714285714	0.0285714285714	0.0938775510204
nye-	0.713450292398	0.187134502924	0.046783625731	0.0526315789474
k'e-	0.122755529033	0.759729142014	0.0828938178265	0.0346215111266
nra-	0.405873471543	0.168786210523	0.0697236742291	0.355616643705
nep-	0.548463589361	0.279544961619	0.121563361276	0.0504280877437
nuw-	0.755198616563	0.130137719142	0.029160156006	0.0855035082888
sau-	0.0576602830974	0.875104079933	0.0103039134055	0.0569317235637
xwe-	0.44106167057	0.413739266198	0.0468384074941	0.0983606557377
pri-	0.0584206350492	0.878714033582	0.047159118509	0.0157062128597
twe-	0.393112410656	0.287199480182	0.230019493177	0.0896686159844
cmi-	0.180012356101	0.661758810796	0.0810220664871	0.0772067666159
rbu-	0.579310344828	0.151724137931	0.268965517241	0.0
pwá-	0.389395194698	0.188069594035	0.173985086993	0.248550124275
sow-	0.0	0.794871794872	0.205128205128	0.0
jtt-	0.554455445545	0.0721357850071	0.0678925035361	0.305516265912
ect-	0.395564878634	0.377584656877	0.154929577465	0.0719208870243
tti-	0.0982572668996	0.858146589702	0.00808153587116	0.0355146075273
yoj-	0.367145752718	0.291505435784	0.281463055095	0.0598857564031
arp-	0.0662701784197	0.9209855565	0.0	0.0127442650807
men-	0.27986198587	0.504901692316	0.078317542034	0.13691877978
pte-	0.0660276890309	0.860489882854	0.038338658147	0.035143769968
ric-	0.0674157303371	0.910112359551	0.0224719101123	0.0
sie-	0.447097722263	0.288390889052	0.17634092579	0.0881704628949
lch-	0.272428884026	0.283369803063	0.183807439825	0.260393873085
deb-	0.254826254826	0.440154440154	0.142857142857	0.162162162162
nse-	0.518518518519	0.236947791165	0.179384203481	0.0651494868362
new-	0.515489068852	0.198220260415	0.063675776034	0.222614894699
adt-	0.00770712909442	0.909441233141	0.0	0.0828516377649
squ-	0.312745648512	0.229084783829	0.42784952274	0.0303200449186
rxq-	0.186785506685	0.603952722341	0.0488277465607	0.160434024414
rim-	0.208654481392	0.758203038978	0.00506496366439	0.0280775159657
okp-	0.384046692607	0.452918287938	0.0859922178988	0.0770428015564
siw-	0.0800865800866	0.848484848485	0.0584415584415	0.012987012987
jub-	0.0421607378129	0.233201581028	0.0395256916996	0.68511198946
mq'-	0.264970645793	0.228571428571	0.26771037182	0.238747553816
nca-	0.439771261482	0.27632404991	0.0793457978967	0.204558890711
tze-	0.170256344609	0.247863794924	0.113610906647	0.46826895382
nfi-	0.853658536585	0.128048780488	0.0	0.0182926829268
pit-	0.526096033403	0.0574112734864	0.372651356994	0.0438413361169
bra-	0.22792022792	0.65811965812	0.0569800569801	0.0569800569801
mk'-	0.326388888889	0.451388888889	0.0763888888889	0.145833333333
eti-	0.317462819906	0.565557832782	0.0662147248936	0.0507646224184
elí-	0.0352227665034	0.961978073245	0.0	0.00279916025193
ent-	0.393672406888	0.334000800961	0.169803764517	0.102523027633
pad-	0.192926045016	0.733118971061	0.0257234726688	0.048231511254
arj-	0.281096104603	0.0130717053581	0.00136049652761	0.704471693511
xet-	0.659655235165	0.196424534324	0.0502269486152	0.0936932818956
cle-	0.0539090510459	0.922360648972	0.0154762825969	0.00825401738502
ejt-	0.519346770634	0.462998381639	0.0	0.0176548477269
inn-	0.236453201971	0.305418719212	0.290640394089	0.167487684729
msa-	0.375838926174	0.58389261745	0.0	0.0402684563758
tiw-	0.600280504909	0.296148451829	0.0604164419031	0.0431546013594
pet-	0.776162667039	0.0621669087307	0.0105738437137	0.151096580516
anf-	0.0	0.979591836735	0.0	0.0204081632653
rka-	0.128977985628	0.731110984373	0.0306547279571	0.109256302042
bie-	0.387081838814	0.0768447179926	0.0351575513027	0.500915891891
quí-	0.0	1.0	0.0	0.0
lot-	0.0965093689289	0.752773077646	0.0886758162562	0.0620417371686
pch-	0.428118735045	0.20932225312	0.0363771583781	0.326181853457
c'm-	0.28473774831	0.521393878652	0.0905609950402	0.103307377997
awa-	0.109417423753	0.364912076841	0.0320639970734	0.493606502332
ere-	0.275818715899	0.536740316557	0.0770244355941	0.11041653195
jco-	0.303278811371	0.263800914225	0.151930295454	0.28098997895
ers-	0.0476190476191	0.690476190476	0.261904761905	0.0
bau-	0.539799429429	0.429443334881	0.0217090402768	0.00904819541307
chu-	0.224937449048	0.425506471372	0.0637400957027	0.285815983877
lep-	0.0777498893222	0.793084971965	0.121640955875	0.00752418283764
kot-	0.5850182533	0.0301491466192	0.03494648819	0.349886111891
dav-	0.00677932471312	0.984225668838	0.00132279506597	0.00767221138266
bci-	0.295081967213	0.55737704918	0.0491803278689	0.0983606557377
pát-	0.0	1.0	0.0	0.0
y-o-	0.555536922131	0.277782436134	0.023981217508	0.142699424227
now-	0.168179719957	0.0963225111556	0.0341591014002	0.701338667487
tan-	0.435997260373	0.264229840309	0.0514040589741	0.248368840345
réy-	0.0276843978643	0.411706545383	0.532924658889	0.0276843978643
dep-	0.131712756467	0.747747546833	0.00892060660125	0.111619090098
rni-	0.43378585086	0.384015296367	0.0753154875717	0.106883365201
kup-	0.0882352941176	0.102941176471	0.544117647059	0.264705882353
niw-	0.467213114754	0.516393442623	0.0163934426229	0.0
rtn-	0.0521260569329	0.701272238042	0.154392747982	0.0922089570434
caí-	0.00570613409415	0.988587731812	0.0	0.00570613409415
law-	0.186694765557	0.391017279857	0.246228047947	0.17605990664
sur-	0.0314960629921	0.866141732283	0.0787401574803	0.0236220472441
jay-	0.150662904003	0.784212490071	0.00639512628407	0.0587294796418
xit-	0.442477589092	0.177762930867	0.22029284451	0.159466635531
chk-	0.0766903139776	0.0590016577732	0.0441261859323	0.820181842317
gui-	0.0341880341881	0.752136752137	0.196581196581	0.017094017094
ntn-	0.362720403023	0.463476070529	0.0982367758186	0.0755667506297
ok'-	0.802486971776	0.158505753057	0.014034363552	0.0249729116145
nak-	0.200959496871	0.056935490946	0.00851418212799	0.733590830055
xto-	0.496004346397	0.279676200256	0.0645482990756	0.159771154272
jko-	0.275700934579	0.408878504673	0.0981308411215	0.217289719626
esi-	0.861041770677	0.114328507239	0.0	0.0246297220836
aya-	0.698134654822	0.266205229715	0.0175789301574	0.0180811853048
xeb-	0.663701710374	0.0736274249381	0.0153172337166	0.247353630971
bee-	0.0520430410015	0.947956958999	0.0	0.0
co'-	0.151825570194	0.220493059984	0.474906041816	0.152775328006
mpe-	0.574124778659	0.186219479099	0.0274610855996	0.212194656642
put-	0.0	1.0	0.0	0.0
trz-	0.0918367346939	0.816326530612	0.0918367346939	0.0
tin-	0.0978692552342	0.731825985017	0.0270860737283	0.14321868602
ink-	0.340770791075	0.511156186613	0.0425963488844	0.105476673428
wch-	0.0576366239538	0.671487799755	0.00790500724165	0.26297056905
ayo-	0.0749227359285	0.375113164549	0.0284082040396	0.521555895483
pub-	0.0555555555555	0.883838383838	0.010101010101	0.050505050505
mok-	0.0	1.0	0.0	0.0
exm-	0.173913043478	0.630434782609	0.130434782609	0.0652173913043
top-	0.0	0.85111662531	0.14888337469	0.0
xba-	0.769396383037	0.069679648793	0.00852592653726	0.152398041633
ayc-	0.206106870229	0.389312977099	0.0687022900763	0.335877862595
tun-	0.20245398773	0.539877300613	0.110429447853	0.147239263804
pq'-	0.0277418976045	0.885949976515	0.073978393612	0.0123297322687
tc'-	0.290896541543	0.160827248088	0.0132798427397	0.53499636763
jmo-	0.343571321967	0.412124502725	0.21577230082	0.0285318744886
nbo-	0.538485703547	0.2671363899	0.151968181487	0.042409725066
rom-	0.0802160724135	0.532654186808	0.352334295818	0.0347954449599
nlo-	0.452507007163	0.169106197446	0.184366241046	0.194020554344
ti'-	0.390046460087	0.480604053085	0.101142433626	0.0282070532024
ixp-	0.446515397083	0.336034575905	0.122096164236	0.0953538627769
keb-	0.0979591836735	0.779591836735	0.122448979592	0.0
ryi-	0.0537333310568	0.709785374016	0.212064814657	0.0244164802704
jyo-	0.314036885246	0.344774590164	0.316598360656	0.0245901639344
bjo-	0.231505102041	0.691326530612	0.0771683673469	0.0
yju-	0.705882352941	0.262032085562	0.0320855614973	0.0
yco-	0.443507588533	0.252951096121	0.141652613828	0.161888701518
pér-	0.0557563242127	0.934950955085	0.00309757356737	0.00619514713474
jes-	0.0116806576961	0.732967413448	0.00414441291851	0.251207515937
kta-	0.389557522124	0.19610619469	0.148495575221	0.265840707965
epr-	0.372158565884	0.542598410645	0.0353446682683	0.0498983552024
con-	0.258328413445	0.0583474630719	0.11372775408	0.569596369404
sal-	0.0713922714568	0.917173237427	0.00410468911866	0.00732980199762
mak-	0.371256290319	0.238599835953	0.122968808885	0.267175064843
hon-	0.0717846460618	0.195413758724	0.586241276172	0.146560319043
xty-	0.449780306888	0.291010168353	0.067706424908	0.191503099851
teb-	0.510223184086	0.218199262703	0.0334696370351	0.238107916176
jwo-	0.31914893617	0.621276595745	0.0595744680851	0.0
pli-	0.748251748252	0.251748251748	0.0	0.0
ajc-	0.219648289301	0.689057303496	0.0559237991766	0.0353706080262
ega-	0.558532263549	0.178248372197	0.049599675601	0.213619688653
cap-	0.0540696099675	0.905166576381	0.0303358613218	0.0104279523294
xno-	0.801924933623	0.0893072652667	0.0633598841419	0.0454079169683
ara-	0.0505415162455	0.899901542501	0.0357728913686	0.0137840498851
gad-	0.0234959060164	0.970096119616	0.00427198291206	0.00213599145603
amo-	0.643720441408	0.223857067788	0.011035207567	0.121387283237
sim-	0.0157025207557	0.974495932379	0.00187929104789	0.00792225581745
pdi-	0.295439948619	0.527938342967	0.138086062942	0.0385356454721
jnú-	0.604395604396	0.395604395604	0.0	0.0
xbo-	0.710054460333	0.289945539667	0.0	0.0
ago-	0.0620535714285	0.423660714286	0.0	0.514285714286
k'j-	0.223486441034	0.759959007778	0.0110363674585	0.00551818372923
xcu-	0.610849928688	0.212218055042	0.0822724631557	0.094659553114
kal-	0.259309107223	0.535666218035	0.0663974876626	0.138627187079
jle-	0.0971122949137	0.183716001178	0.083176765789	0.63599493812
cti-	0.180927868781	0.544244988767	0.196959452091	0.0778676903614
jus-	0.00944881889764	0.984251968504	0.00629921259842	0.0
teó-	0.233788395904	0.630546075085	0.056313993174	0.0793515358362
eze-	0.0	1.0	0.0	0.0
ixb-	0.32144994443	0.408395315038	0.159015132085	0.111139608447
jos-	0.0409275395226	0.943575625124	0.00529806336863	0.0101987719846
ewe-	0.285761332162	0.446396000811	0.0396794568669	0.22816321016
yoy-	0.481149680675	0.269081536045	0.086193215089	0.163575568191
kto-	0.342477227515	0.138728928908	0.0408334205842	0.477960422992
pos-	0.129005751849	0.633525061627	0.237469186524	0.0
bur-	0.0154671363382	0.96099591706	0.0	0.0235369466016
cor-	0.0742673740566	0.860129858733	0.0532432422901	0.0123595249204
wdi-	0.198412698413	0.0952380952381	0.0	0.706349206349
wk'-	0.444174429594	0.39516673417	0.1323072769	0.0283515593358
cac-	0.110235326636	0.272329057208	0.0602128027978	0.557222813358
efe-	0.0104486785495	0.971112476951	0.00860479409957	0.00983405039951
atz-	0.36587582947	0.40123625125	0.0659637002697	0.16692421901
ecu-	0.0558086963808	0.597059681028	0.00597130084733	0.341160321744
yok-	0.339244050397	0.585160989267	0.0391973868409	0.0363975734951
mco-	0.275947953794	0.216644479753	0.0330656589513	0.474341907502
jni-	0.143229005747	0.23717404066	0.441145801149	0.178451152444
aco-	0.545568824639	0.182275298554	0.236329352608	0.0358265241986
sep-	0.34	0.543333333333	0.0966666666666	0.02
plu-	0.211267605634	0.496981891348	0.285714285714	0.00603621730382
wso-	0.322580645161	0.370967741935	0.123655913978	0.182795698925
jpu-	0.199299338264	0.390035033087	0.142078629817	0.268586998832
k'x-	0.172413793103	0.775862068966	0.051724137931	0.0
e'a-	0.551526893625	0.347725804964	0.0271242734569	0.0736230279546
aca-	0.0828414839798	0.906618887015	0.00358347386172	0.00695615514333
oxi-	0.031524017935	0.0329471896185	0.0674348733173	0.868093919129
jxe-	0.389439546127	0.298058402619	0.0675941705032	0.244907880751
rtu-	0.706293706294	0.293706293706	0.0	0.0
eke-	0.287581699346	0.496732026144	0.078431372549	0.137254901961
nev-	0.428804237116	0.418415155836	0.0122224485639	0.140558158484
ril-	0.298329731448	0.394824460697	0.111986223332	0.194859584523
t-o-	0.282335550628	0.225424981523	0.394678492239	0.0975609756098
jk'-	0.200670026116	0.664951996217	0.0771368731028	0.0572411045646
jue-	0.0375083724046	0.817146684528	0.0562625586068	0.0890823844608
nje-	0.0670176711194	0.279405453471	0.0439375514563	0.609639323954
jtu-	0.59462254395	0.0124095139607	0.392967942089	0.0
ced-	0.0544217687075	0.945578231292	0.0	0.0
urk-	0.468421052632	0.410526315789	0.0	0.121052631579
jvi-	0.50455136541	0.256176853056	0.15344603381	0.0858257477243
rpu-	0.758036777352	0.162587643868	0.0793755787803	0.0
cir-	0.457386204449	0.511452710485	0.0261180323378	0.00504305272792
pak-	0.220516091052	0.597363945578	0.0178653192046	0.164254644165
for-	0.0294117647059	0.970588235294	0.0	0.0
xmu-	0.222772277228	0.777227722772	0.0	0.0
low-	0.34355992447	0.333838908528	0.0936255356917	0.22897563131
tru-	0.299277605779	0.356381148951	0.106983144135	0.237358101135
xes-	0.374911921072	0.432183654494	0.0719101226333	0.120994301801
ber-	0.0327409162013	0.924164653475	0.0201192741674	0.022975156156
rq'-	0.296174485174	0.280531540114	0.368255280755	0.055038693958
wju-	0.493830662317	0.250177279818	0.151042405333	0.104949652532
emi-	0.325694966191	0.401953418482	0.238542449286	0.0338091660406
lsa-	0.713661202186	0.194535519126	0.0262295081967	0.0655737704918
wa'-	0.179513325469	0.0511486028393	0.0126687551943	0.756669316497
viv-	0.311557788945	0.56783919598	0.0	0.120603015075
álo-	0.0458891013384	0.847036328872	0.0497131931166	0.057361376673
ahi-	0.391304347826	0.304347826087	0.0	0.304347826087
zar-	0.0	1.0	0.0	0.0
liw-	0.13357400722	0.682310469314	0.14440433213	0.0397111913358
att-	0.726511643633	0.13801179987	0.0739414172823	0.0615351392148
xut-	0.762067685009	0.113289307768	0.028290132555	0.0963528746681
nax-	0.338394793926	0.184381778742	0.0260303687636	0.451193058568
wra-	0.373031995937	0.237430167598	0.0340274250889	0.355510411376
bat-	0.565656565657	0.333333333333	0.0606060606061	0.0404040404041
cht-	0.34465263563	0.1534141605	0.032540807222	0.469392396648
awe-	0.23831221086	0.624590748246	0.0285511661149	0.108545874779
jic-	0.171586464114	0.368643682343	0.158509960884	0.301259892659
loi-	0.027972027972	0.972027972028	0.0	0.0
jen-	0.438683028923	0.14900286739	0.0847001840907	0.327613919596
oso-	0.0	0.855614973262	0.144385026738	0.0
awl-	0.162124930044	0.613672564467	0.028929355547	0.195273149942
abe-	0.374246685237	0.513839559275	0.0587621038048	0.0531516516828
woc-	0.052564630177	0.703692618504	0.00224475289012	0.241497998429
nov-	0.00464368044844	0.0170876384121	0.0650115262783	0.913257154861
cpe-	0.166365280289	0.448462929476	0.314647377939	0.0705244122966
rix-	0.0642607524418	0.338739658017	0.0234025876502	0.573597001891
señ-	0.349567592171	0.578060992262	0.0409649522076	0.0314064633591
tam-	0.417307692308	0.578846153846	0.00384615384614	0.0
kuq-	0.245086503682	0.0409243434476	0.00546714365514	0.708522009215
kse-	0.204744069913	0.612983770287	0.0898876404494	0.0923845193507
lag-	0.230769230769	0.74358974359	0.025641025641	0.0
rel-	0.105138120151	0.747668511638	0.07784264665	0.0693507215609
toa-	0.045045045045	0.954954954955	0.0	0.0
kje-	0.150837988827	0.54748603352	0.268156424581	0.0335195530726
jax-	0.600634920635	0.38126984127	0.00380952380952	0.0142857142857
tji-	0.119760479042	0.592814371257	0.0359281437126	0.251497005988
rxj-	0.0233220580381	0.931636104682	0.0268826775859	0.0181591596938
chj-	0.320044063413	0.265089324201	0.0541213659658	0.36074524642
cca-	0.327912418036	0.544989745516	0.039400329299	0.0876975071492
nto-	0.380002383164	0.475440340468	0.0324201582254	0.112137118143
die-	0.056795985215	0.596538149473	0.0	0.346665865312
nix-	0.389104149176	0.201199752342	0.0864518079173	0.323244290564
eja-	0.0520325203252	0.59674796748	0.0780487804878	0.273170731707
pio-	0.0523283999201	0.130321955115	0.075284455471	0.742065189494
etz-	0.551361937026	0.218765990475	0.0986379827222	0.131234089777
jeq-	0.291828793774	0.661478599222	0.0233463035019	0.023346303502
tim-	0.0452022071507	0.935553288815	0.00637753912769	0.0128669649067
tri-	0.176597348534	0.201393897637	0.0145276855896	0.607481068239
zen-	0.0882352941177	0.75	0.0	0.161764705882
ja'-	0.0984222010394	0.0437018636002	0.00639818960838	0.851477745752
kwi-	0.145769515158	0.579592267878	0.167951832682	0.106686384282
ejo-	0.606653620352	0.393346379648	0.0	0.0
tta-	0.345645933014	0.239043062201	0.257224880383	0.158086124402
rah-	0.00890585241728	0.983460559796	0.00763358778626	0.0
exl-	0.76241900648	0.116630669546	0.0	0.120950323974
mol-	0.109997725795	0.845804889142	0.0251359535903	0.0190614314726
rk'-	0.413645456168	0.416363561459	0.103727438765	0.0662635436073
ham-	0.0119284294234	0.956262425447	0.0318091451292	0.0
jix-	0.373294881605	0.394919464227	0.0240406991018	0.207744955066
tes-	0.14033068972	0.770741073812	0.0267223024897	0.0622059339785
naj-	0.557223356874	0.232741332218	0.0948442382933	0.115191072615
cuy-	0.558328164382	0.286555388808	0.0775013208202	0.0776151259903
whe-	0.256809338521	0.677042801556	0.0194552529183	0.0466926070039
wni-	0.966101694915	0.0338983050847	0.0	0.0
olj-	0.0	0.0659340659341	0.0	0.934065934066
cyo-	0.406091370558	0.289340101523	0.0609137055837	0.243654822335
nvo-	0.456692913386	0.0866141732283	0.157480314961	0.299212598425
jon-	0.00146560538226	0.989130093415	0.0	0.00940430120284
jer-	0.0537450405901	0.931845270975	0.00662226213637	0.00778742629845
ixs-	0.428571428571	0.39010989011	0.0989010989011	0.0824175824176
uln-	0.326693227092	0.529880478088	0.0	0.143426294821
xot-	0.45245619075	0.423872450445	0.087474863545	0.03619649526
tay-	0.544432227847	0.21200473104	0.0983503808488	0.145212660264
ewt-	0.0621061453414	0.724668396538	0.152303898657	0.060921559463
nij-	0.397141555116	0.181437697041	0.036339506288	0.385081241555
xtz-	0.493624682193	0.334008911281	0.0466104654385	0.125755941087
mah-	0.0	1.0	0.0	0.0
tum-	0.277716492002	0.161610590182	0.0777716492002	0.482901268616
eno-	0.277172083603	0.490790326574	0.0617706052707	0.170266984552
cco-	0.342847532555	0.479842391043	0.121570323387	0.0557397530152
sue-	0.155963302752	0.840891218873	0.00314547837483	0.0
xtt-	0.43933997526	0.349621470808	0.119976928411	0.0910616255206
xví-	0.158940397351	0.841059602649	0.0	0.0
seg-	0.242888494978	0.340254916857	0.290242255423	0.126614332742
euf-	0.0	0.949494949495	0.0505050505051	0.0
p-e-	0.0191846522782	0.937649880096	0.00479616306953	0.0383693045565
mil-	0.0926824678348	0.569198617315	0.0645904935472	0.273528421303
rwa-	0.142313183405	0.615525135227	0.0434493812525	0.198712300116
zon-	0.48813559322	0.51186440678	0.0	0.0
oko-	0.520855838589	0.277903613618	0.0832839669652	0.117956580827
rbe-	0.0921053700015	0.379085603062	0.328781522223	0.200027504713
nrc-	0.656195462478	0.240837696335	0.0244328097731	0.0785340314136
nuq-	0.393505355578	0.515136884645	0.0494429841032	0.0419147756737
kam-	0.114506830226	0.452322112447	0.0255269440013	0.407644113325
jur-	0.219539410032	0.615299326982	0.0884386409701	0.0767226220154
rdi-	0.0472900297158	0.915127704957	0.00306273130002	0.0345195340273
nwe-	0.150775978276	0.148265861766	0.0694279248187	0.63153023514
alt-	0.0170330302682	0.971918517666	0.00276211301645	0.00828633904937
jor-	0.00231213872832	0.997687861272	0.0	0.0
ixe-	0.43234989903	0.351130374821	0.127567354578	0.0889523715707
twu-	0.548596112311	0.182145428366	0.0547156227502	0.214542836573
kca-	0.30375745384	0.487032114376	0.203175515483	0.00603491630145
bac-	0.616279069767	0.279069767442	0.046511627907	0.0581395348838
por-	0.306144448437	0.386687028387	0.0685411426518	0.238627380525
mtc-	0.573168730762	0.292375208105	0.0554363258886	0.0790197352445
j-r-	0.162067049454	0.837932950546	0.0	0.0
ewh-	0.138888888889	0.694444444444	0.0	0.166666666667
cos-	0.224635804009	0.661101762768	0.0777165658183	0.0365458674052
bak-	0.0	0.88923726082	0.11076273918	0.0
ped-	0.0357911102225	0.923605413567	0.00308873920148	0.037514737009
epa-	0.228899712623	0.602410276462	0.106423386607	0.0622666243071
ord-	0.675580023594	0.196081936153	0.0057198012369	0.122618239016
mch-	0.182210584756	0.133893814791	0.115025047969	0.568870552484
iqu-	0.0933333333333	0.906666666667	0.0	0.0
mxu-	0.732695139912	0.112665684831	0.0607511045655	0.0938880706922
nsu-	0.336170212766	0.229787234043	0.434042553192	0.0
mel-	0.258010896239	0.552710802337	0.0335846502033	0.155693651221
wec-	0.339114621502	0.300708411367	0.0705697147355	0.289607252395
rle-	0.0162169958731	0.921512616939	0.0052033141839	0.0570670730042
rca-	0.200270104369	0.265586766311	0.476954545988	0.0571885833315
rtr-	0.385572771145	0.574803149606	0.01524003048	0.0243840487681
láz-	0.0655145326001	0.829850746269	0.022309505106	0.0823252160251
neq-	0.409901558243	0.406428300986	0.0917484558118	0.0919216849593
tzk-	0.446153846154	0.473846153846	0.0369230769231	0.0430769230769
jud-	0.0198880743534	0.96627015361	0.00189254178193	0.0119492302552
oks-	0.300653594771	0.635620915033	0.0245098039216	0.0392156862745
jtr-	0.414250207125	0.486329743165	0.0	0.0994200497099
cna-	0.362859221094	0.273824185035	0.195758811397	0.167557782474
jba-	0.316516882094	0.612051988972	0.0279279601847	0.0435031687493
nyi-	0.344837619991	0.321350846415	0.048352251574	0.28545928202
kdi-	0.145454545455	0.436363636364	0.0363636363636	0.381818181818
xsi-	0.396858328394	0.483291345584	0.0722436277415	0.047606698281
cc'-	0.306412439372	0.274790302157	0.114262428957	0.304534829514
ncu-	0.46751981211	0.422902301159	0.0160559176723	0.0935219690586
nop-	0.0	1.0	0.0	0.0
cie-	0.00652829956273	0.0507482909404	0.0491470099156	0.893576399581
etk-	0.462164361269	0.422294548413	0.0195280716029	0.0960130187143
xqu-	0.485526328188	0.197456140594	0.0489916778023	0.268025853415
ca'-	0.090197082369	0.0649261106856	0.0348940744737	0.809982732472
nma-	0.174374692659	0.225319721334	0.109132598819	0.491172987188
tch-	0.57637828768	0.218887027425	0.0852293731999	0.119505311695
yu'-	0.0408163265306	0.959183673469	0.0	0.0
sak-	0.058624794915	0.404836196623	0.509180770835	0.027358237627
rko-	0.326969943136	0.573111291633	0.0670186839968	0.0329000812347
eps-	0.836065573771	0.0901639344262	0.0	0.0737704918033
xat-	0.565993525606	0.241249313473	0.0755456056014	0.117211555319
mtu-	0.459616338054	0.287036535796	0.105318632901	0.148028493249
per-	0.0467537861849	0.0318296440307	0.00350000664771	0.917916563137
c'c-	0.289227758568	0.289758451703	0.1451943249	0.275819464829
rmo-	0.148723903082	0.773420475593	0.0351680666903	0.042687554634
awc-	0.211175792358	0.411084680251	0.0400259246822	0.337713602709
erc-	0.615429991465	0.262387670064	0.0282393694463	0.0939429690245
okr-	0.575306085704	0.274689413036	0.0698820669788	0.0801224342816
atw-	0.154471544715	0.742547425474	0.040650406504	0.0623306233062
lid-	0.152007648184	0.724665391969	0.0	0.123326959847
div-	0.46890522389	0.388242880874	0.0407127901424	0.102139105094
xus-	0.74537037037	0.161798396334	0.0336483390607	0.0591828942344
spo-	0.119402985075	0.432835820896	0.44776119403	0.0
lev-	0.0360591635498	0.92776266576	0.0209452567154	0.0152329139748
arc-	0.111111111111	0.888888888889	0.0	0.0
rma-	0.155687512908	0.0588867184624	0.00492130801864	0.780504460611
awm-	0.317120127865	0.183806168041	0.0141668785644	0.484906825529
xor-	0.487624676764	0.379386775028	0.0443295160695	0.0886590321389
rgo-	0.00543875314555	0.984130205374	0.00292231512298	0.00750872635766
saú-	0.454320987654	0.501234567901	0.0148148148148	0.0296296296297
nec-	0.472210296487	0.250425651804	0.0792877831573	0.198076268551
riy-	0.108187295678	0.788864107598	0.0757162664677	0.0272323302564
lmá-	0.0526315789474	0.0	0.947368421053	0.0
nsi-	0.276700989262	0.627677704904	0.0483456812402	0.0472756245943
jai-	0.0425257731959	0.888530927835	0.0090206185567	0.0599226804123
tal-	0.18327928944	0.656139856196	0.0837445368674	0.0768363174961
