-cac	0.463414634146	0.121951219512	0.0243902439024	0.390243902439
-cae	0.0510939180594	0.869803869928	0.0482082150461	0.0308939969662
-caj	0.311638499341	0.44684166367	0.225937912022	0.015581924967
-can	0.521827151479	0.337343902948	0.0205727039061	0.120256241667
-cal	0.225499534856	0.119403737703	0.051825872582	0.603270854859
-cas	0.051724137931	0.890959925443	0.00512581547065	0.0521901211556
-car	0.00500954198473	0.967437977099	0.0100190839695	0.0175333969466
-cap	0.37834868291	0.246872522682	0.320635485485	0.054143308924
-ive	0.269654481957	0.730345518043	0.0	0.0
-rbe	0.0251084934904	0.973031618103	0.0018598884067	0.0
-cat	0.497970020719	0.284570302333	0.107753244979	0.10970643197
-caz	0.0	1.0	0.0	0.0
-cax	0.165970730682	0.770354534492	0.0257019969571	0.0379727378682
-—me	0.0195578231293	0.0595238095238	0.00680272108844	0.914115646258
-euc	0.467770356374	0.215527090566	0.0593817286989	0.257320824362
-ivo	0.127752146236	0.791070489984	0.0449687554751	0.0362086083046
-oye	0.186898985035	0.587203666418	0.0203245383017	0.205572810245
-oyo	0.637031009129	0.234600021777	0.110718235844	0.0176507332504
-aux	0.0	0.962962962963	0.0	0.037037037037
-auc	0.339210664631	0.387679749842	0.0663959099644	0.206713675563
-aub	0.117946173881	0.212389929307	0.66222249783	0.00744139898302
-aue	0.0347589027091	0.894700971205	0.0214687340262	0.04907139206
-'i'	0.377796608565	0.571952016209	0.013278860811	0.036972514415
-yem	0.522493225965	0.294286561902	0.0663204431183	0.116899769015
-ufo	0.0	0.894736842105	0.105263157895	0.0
-aum	0.0154416306362	0.969671053674	0.00356345322374	0.0113238624665
-aul	0.0	0.915492957746	0.0845070422535	0.0
-aun	0.470476441497	0.226480408953	0.0596111615906	0.243431987959
-ca'	0.0686715652577	0.887800169858	0.0187858827394	0.0247423821445
-—mu	0.375908259602	0.180769257928	0.00381310153442	0.439509380936
-svo	0.299212598425	0.417322834646	0.188976377953	0.0944881889764
-dro	0.0245267285969	0.955239534611	0.0042669341915	0.0159668026005
-'ix	0.0928043410988	0.728103504287	0.111769683444	0.06732247117
-'it	0.790843566471	0.18272824346	0.0120128136679	0.0144153764015
-'is	0.369630633326	0.341334224928	0.173773030426	0.11526211132
-'in	0.275888646433	0.29962825069	0.0390307762001	0.385452326677
-'il	0.139661951408	0.593643786354	0.0724293317766	0.194264930461
-'ij	0.326050227954	0.301589182951	0.339842901182	0.032517687913
-tín	0.0	0.970873786408	0.0291262135922	0.0
-xba	0.52604094587	0.185695701514	0.0479670071134	0.240296345503
-'ie	0.405449070515	0.262590943157	0.101061892313	0.230898094016
-'ic	0.489435932159	0.187649183439	0.0778654416328	0.245049442769
-'ib	0.143258426966	0.699438202247	0.140449438202	0.0168539325843
-cav	0.449415084357	0.337193580624	0.135794485921	0.0775968490977
-ut'	0.705847076462	0.214992503748	0.0791604197901	0.0
-ido	0.0434006317813	0.89788490592	0.0041203131438	0.0545941491553
-ech	0.0446487464316	0.0270989426359	0.0104115388226	0.91784077211
-rpo	0.0	0.976133651551	0.0	0.0238663484487
-rpa	0.0950546873071	0.876799249438	0.0281460632546	0.0
-eca	0.302325581395	0.651162790698	0.046511627907	0.0
-ide	0.0215764729705	0.924752166153	0.0101452902777	0.0435260705987
-ida	0.0374172632717	0.938943671485	0.0067540186411	0.0168850466027
-—bu	0.0409207161125	0.0690537084399	0.122762148338	0.76726342711
-uta	0.0	1.0	0.0	0.0
-ute	0.22057715943	0.534849689899	0.113669420393	0.130903730278
-uti	0.263157894737	0.368421052632	0.297640653358	0.070780399274
-uto	0.249947415375	0.327000210338	0.148506233998	0.274546140289
-uts	0.377629286349	0.419803437202	0.130647839378	0.0719194370718
-ec'	0.158737103782	0.773786373119	0.0451915375504	0.0222849855477
-dás	0.012987012987	0.948051948052	0.0	0.038961038961
-dán	0.00729972009519	0.986658281853	0.00357587639798	0.00246612165379
-ije	0.167403135006	0.710872997586	0.077457423607	0.0442664438009
-icó	0.00496414782129	0.990071704357	0.00496414782129	0.0
-ijo	0.584205264912	0.260846384539	0.100966344552	0.053982005998
-rán	0.0289296046287	0.971070395371	0.0	0.0
-rám	0.0	1.0	0.0	0.0
-aús	0.17107093185	0.745479833102	0.0375521557719	0.0458970792768
-aúl	0.0	0.964912280702	0.0350877192982	0.0
-pos	0.0329322603328	0.922533010391	0.0292991639972	0.0152355652785
-cán	0.0126582278481	0.784810126582	0.151898734177	0.0506329113924
-yat	0.313808576427	0.225069770358	0.321590592933	0.139531060282
-yav	0.390999125545	0.294118821197	0.0670374780813	0.247844575177
-yax	0.185125326908	0.391966148512	0.39822514766	0.024683376921
-yae	0.065707118341	0.893778281296	0.0342523904711	0.00626220989222
-yaa	0.0158856235107	0.793486894361	0.0309769658459	0.159650516283
-yac	0.510638297872	0.255319148936	0.117021276596	0.117021276596
-yab	0.18772091457	0.68213747513	0.0108967285503	0.119244881749
-yam	0.428822495607	0.47978910369	0.0913884007031	0.0
-yal	0.715156127502	0.0811662796725	0.0146688239596	0.189008768865
-yan	0.0889242915564	0.109516438213	0.142301831894	0.659257438337
-yaj	0.835432750914	0.11580658269	0.0182852498984	0.0304754164973
-se'	0.39641943734	0.219948849105	0.0767263427111	0.306905370844
-666	0.0994318181818	0.0	0.0	0.900568181818
-ade	0.0	1.0	0.0	0.0
-500	0.190941385435	0.282711663706	0.142095914742	0.384251036116
-ada	0.0767140101701	0.91692968613	0.0024110117482	0.00394529195161
-ado	0.0835254273923	0.712822991418	0.0645285936742	0.139122987515
-quí	0.0	1.0	0.0	0.0
-adi	0.0	1.0	0.0	0.0
-lam	0.283382789318	0.620919881306	0.049703264095	0.0459940652819
-seo	0.0442939121583	0.919380199	0.00549098084606	0.0308349079956
-sem	0.433666356877	0.250232342007	0.199930297398	0.116171003717
-sel	0.461782465247	0.275484301076	0.0755296050051	0.187203628672
-sej	0.385883714203	0.491466589529	0.108764824993	0.0138848712757
-lbe	0.754835930705	0.0797450794422	0.0113591021775	0.154059887675
-uip	0.211638948062	0.347315227878	0.368159108929	0.0728867151304
-see	0.0436079148343	0.944743486769	0.00452631251969	0.00712228587657
-sec	0.0478334271244	0.948790095667	0.00337647720878	0.0
-uit	0.125335411789	0.27658669295	0.499554622491	0.0985232727692
-sea	0.0232558139535	0.976744186047	0.0	0.0
-uij	0.439976592065	0.260610618873	0.256356855525	0.0430559335369
-uim	0.0	1.0	0.0	0.0
-uil	0.253753355201	0.322349893194	0.288196133779	0.135700617826
-uio	0.383147281239	0.481094706518	0.0576161325171	0.0781418797263
-uin	0.268502112794	0.593813929354	0.0607716242692	0.0769123335829
-uic	0.509117402039	0.204704667675	0.0647529486998	0.221424981587
-uib	0.127101154718	0.228610023751	0.121408493915	0.522880327616
-uie	0.12148922273	0.736542820917	0.0365005571138	0.105467399239
-ser	0.0	1.0	0.0	0.0
-sep	0.135950021097	0.787702970507	0.03745023712	0.0388967712757
-aam	0.0166231298979	0.969128473047	0.00712419852765	0.00712419852767
-blo	0.0648158348941	0.880295741373	0.0109148478654	0.0439735758674
-bla	0.0615006150061	0.583025830258	0.0147601476015	0.340713407134
-áce	0.0	0.95991091314	0.0400890868597	0.0
-fos	0.00358637178721	0.987447698745	0.00537955768081	0.00358637178721
-uje	0.0571277105752	0.712851703155	0.164634842694	0.0653857435757
-uun	0.628307026762	0.0622039022831	0.0572554781266	0.252233592828
-uuc	0.151006521891	0.340595007367	0.0496633396824	0.45873513106
-vee	0.133240849556	0.684202705761	0.0665570371238	0.115999407559
-xo'	0.457000401798	0.382704291107	0.143727316698	0.0165679903975
-zon	0.325228641535	0.316975239795	0.163729645327	0.194066473344
-que	0.17856479611	0.498437827065	0.0810269147381	0.241970462086
-qui	0.396733639762	0.306032711861	0.156671486541	0.140562161835
-zoe	0.110977418276	0.750568818486	0.0713441575182	0.0671096057196
-zot	0.0	1.0	0.0	0.0
-zor	0.0	1.0	0.0	0.0
-cbo	0.273754112063	0.605011924024	0.103520462545	0.0177135013688
-xov	0.202276362643	0.201810158429	0.52181112299	0.0741023559389
-xot	0.28119409988	0.412070027272	0.189437259904	0.117298612944
-cbe	0.600417862281	0.231061837341	0.059410233318	0.10911006706
-ras	0.24375	0.64375	0.0328125	0.0796875
-xob	0.0182021842621	0.961168673574	0.00886773079437	0.0117614113694
-eri	0.0	1.0	0.0	0.0
-ral	0.237459446141	0.718141563077	0.00520300673225	0.0391959840496
-ram	0.0	1.0	0.0	0.0
-ero	0.0811867284243	0.0480023591645	0.0307444020532	0.840066510358
-xoj	0.36940320537	0.51615173961	0.0820189560976	0.0324260989223
-era	0.0504297994269	0.247564469914	0.375358166189	0.32664756447
-—la	0.525812619503	0.112810707457	0.0229445506692	0.338432122371
-rae	0.131098381668	0.436659309581	0.0463119077199	0.385930401031
-xon	0.208253358925	0.526871401152	0.146833013436	0.118042226487
-ere	0.027703412613	0.958241179517	0.00549994220994	0.0085554656599
-xol	0.420406705046	0.39663116665	0.059868881752	0.123093246552
-oze	0.0896551724138	0.810901001112	0.0954393770856	0.0040044493882
-azu	0.436893203884	0.533980582524	0.0291262135922	0.0
-ozo	0.104488391826	0.718031038906	0.0490406836135	0.128439885654
-uge	0.0	1.0	0.0	0.0
-azo	0.544309927361	0.400484261501	0.0319612590799	0.0232445520581
-áta	0.0	1.0	0.0	0.0
-aze	0.0	1.0	0.0	0.0
-aza	0.177364053701	0.694682347898	0.119718522518	0.00823507588327
-nox	0.400473858162	0.0423556379005	0.0107361646206	0.546434339317
-nop	0.475160304815	0.223269092677	0.0595600797358	0.242010522772
-nor	0.0	1.0	0.0	0.0
-nos	0.0132231404959	0.920661157025	0.0545454545454	0.0115702479339
-not	0.264527756794	0.58740450064	0.0488865322326	0.0991812103338
-nov	0.719085316635	0.129883561315	0.0178429279117	0.133188194138
-noj	0.390605677022	0.353322828785	0.105286297847	0.150785196346
-nol	0.0977198697068	0.820846905537	0.0814332247557	0.0
-nom	0.0662508877639	0.374629387236	0.100064805836	0.459054919165
-non	0.415584648253	0.447057611602	0.0322836373734	0.105074102772
-vo'	0.247087390247	0.281417815307	0.021939434731	0.449555359715
-nob	0.10417160035	0.756275645084	0.113672061901	0.0258806926649
-noc	0.0651289009498	0.774762550882	0.135685210312	0.0244233378562
-noe	0.108652162194	0.741345166798	0.0867004147995	0.0633022562088
-fán	0.0	0.981880671278	0.018119328722	0.0
-fás	0.090625	0.886458333333	0.00625	0.0166666666667
-vor	0.407249466951	0.592750533049	0.0	0.0
-vos	0.0151057401813	0.984894259819	0.0	0.0
-vot	0.497674418605	0.446511627907	0.0	0.0558139534884
-toc	0.0479310806434	0.0822411777895	0.0340964340297	0.835731307537
-ton	0.153148685443	0.272507956226	0.0310408048359	0.543302553496
-voy	0.625418060201	0.341137123746	0.0334448160535	0.0
-tol	0.09304444827	0.171478695116	0.0489947645533	0.68648209206
-tom	0.416533035974	0.569996990226	0.00103615183078	0.0124338219694
-toj	0.284467606363	0.237389356598	0.145757972843	0.332385064197
-toi	0.214135759272	0.221133659902	0.00839748075577	0.55633310007
-tov	0.750425914348	0.192837605502	0.0206314473273	0.0361050328227
-tot	0.0414100651279	0.826960765189	0.0117367568964	0.119892412786
-voc	0.377780430216	0.48118164114	0.0671899809551	0.0738479476889
-tor	0.101656626506	0.785391566265	0.0768072289157	0.0361445783133
-voe	0.189624425497	0.746015575871	0.0630641597326	0.00129583889862
-voj	0.0988467874794	0.817133443163	0.0543657331137	0.0296540362438
-vol	0.306805947106	0.37946095039	0.0627168262839	0.251016276219
-vom	0.320689023273	0.673813450614	0.0	0.00549752611325
-von	0.515510434292	0.276743748825	0.158864448205	0.0488813686783
-toy	0.503868393612	0.20383289279	0.192968716871	0.0993299967272
-rot	0.0273972602739	0.821917808219	0.150684931507	0.0
-iej	0.0714035087719	0.864269005848	0.0353801169591	0.028947368421
-iem	0.371365638767	0.23362701909	0.0933920704846	0.301615271659
-iel	0.400608734627	0.445444529029	0.0950924563579	0.0588542799869
-ien	0.0322050326498	0.137009012188	0.0850143603819	0.74577159478
-ieb	0.442176870748	0.353741496599	0.0136054421769	0.190476190476
-cli	0.49960944984	0.298999307326	0.0470870853168	0.154304157517
-roe	0.0377165669216	0.91479353663	0.0156269796197	0.0318629168283
-rol	0.144099378882	0.71801242236	0.0782608695652	0.0596273291925
-rom	0.0	1.0	0.0	0.0
-ron	0.0689655172414	0.448275862069	0.379310344828	0.103448275862
-iet	0.5	0.051724137931	0.224137931034	0.224137931034
-sar	0.0278379920137	0.938961779806	0.0106103822019	0.0225898459783
-noé	0.348837209302	0.454545454545	0.171247357294	0.0253699788584
-'ux	0.496912932518	0.370505484283	0.0581686245246	0.0744129586747
-276	0.0	0.294220665499	0.0	0.705779334501
-uée	0.190735694823	0.713896457766	0.0	0.0953678474114
-3.5	0.036231884058	0.507246376812	0.0362318840579	0.420289855072
-mud	0.0111798566838	0.959007192159	0.0	0.0298129511568
-lej	0.177594932535	0.27099160469	0.280424737937	0.270988724837
-lel	0.304790362349	0.242999945454	0.0701184819319	0.382091210266
-lem	0.427568781046	0.351775896619	0.0838392036822	0.136816118652
-len	0.0597014925373	0.641791044776	0.238805970149	0.0597014925373
-mub	0.727272727273	0.0170454545454	0.119318181818	0.136363636364
-lea	0.00776989166978	0.980169699557	0.00883718448156	0.00322322429158
-leb	0.120323879861	0.804699638149	0.0442830717435	0.0306934102458
-lec	0.250902389678	0.10001616527	0.219464645006	0.429616800047
-lee	0.0566703057072	0.875596703168	0.0452748010058	0.0224581901194
-leg	0.0	1.0	0.0	0.0
-mut	0.398988102302	0.52734212229	0.0719115468775	0.00175822853001
-oic	0.263821633826	0.543066445467	0.145833363444	0.0472785572632
-oib	0.720909090909	0.251818181818	0.0272727272727	0.0
-oin	0.295259465043	0.66912419418	0.024931438544	0.0106849022331
-les	0.602036699893	0.22074438789	0.0623615990373	0.114857313179
-muy	0.398895822091	0.109899230326	0.0144151316613	0.476789815922
-'yo	0.556362397791	0.321584648855	0.00380935469819	0.118243598656
-'yi	0.160960479024	0.0846515896071	0.234203185185	0.520184746183
-'ye	0.31021544207	0.379392957176	0.142864692515	0.167526908239
-ole	0.188127642495	0.40979110463	0.144636535577	0.257444717298
-udá	0.0357225701693	0.955926699142	0.0	0.00835073068894
-mu'	0.564705882353	0.294117647059	0.0705882352941	0.0705882352941
-120	0.0	0.0440528634361	0.0	0.955947136564
-le'	0.247072150885	0.119133186134	0.0448975470453	0.588897115936
-ybo	0.730827067669	0.0977443609022	0.171428571429	0.0
-pee	0.0197509471644	0.960975359041	0.00297365561397	0.0163000381803
-pel	0.501997149985	0.294191663836	0.107712831604	0.0960983545752
-pem	0.264954376479	0.356163869175	0.301528294093	0.0773534602531
-pen	0.31343118861	0.493709303609	0.120019865357	0.0728396424235
-pej	0.560131024801	0.195757292154	0.0116986429574	0.232413040087
-pet	0.163209262344	0.809101074876	0.0244947016895	0.00319496108994
-pes	0.196433420838	0.425635919254	0.276545668507	0.1013849914
-oge	0.0275229357798	0.954128440367	0.0183486238532	0.0
-itu	0.00920095499716	0.965156354405	0.0126667705918	0.012975920006
-its	0.0881042132275	0.882849381316	0.0091433452391	0.019903060217
-ito	0.133842792477	0.78397817201	0.0553226632656	0.0268563722467
-rie	0.0	1.0	0.0	0.0
-eso	0.385183110222	0.512963461351	0.0541780587489	0.0476753696784
-esa	0.294442786235	0.680871997258	0.00510728617385	0.0195779303331
-ite	0.0463448969847	0.829949565542	0.11688174896	0.00682378851309
-xna	0.187765471795	0.733357151364	0.0533920844746	0.0254852923663
-ese	0.0699237430997	0.886197613512	0.0237466185737	0.0201320248146
-ita	0.222855727816	0.688314029074	0.04236784521	0.0464623979007
-áus	0.013698630137	0.945205479452	0.041095890411	0.0
-spe	0.0431833910035	0.881411764706	0.0680968858131	0.00730795847751
-spo	0.00911854103343	0.981762917933	0.00911854103343	0.0
-fas	0.0683198380567	0.870951417004	0.0334008097166	0.0273279352227
-uda	0.0118647419419	0.976270516116	0.0118647419419	0.0
-fat	0.0	1.0	0.0	0.0
-tey	0.30818831276	0.0152131034355	0.00209835020441	0.6745002336
-ril	0.121630529502	0.661971595924	0.157199375553	0.0591984990214
-‑ul	0.921568627451	0.0392156862745	0.0392156862745	0.0
-it'	0.031746031746	0.936507936508	0.0	0.031746031746
-oco	0.317768265632	0.218690789778	0.40693019548	0.0566107491104
-ñor	0.276515151515	0.655303030303	0.0454545454546	0.0227272727272
-lor	0.663406682967	0.317033414833	0.0	0.0195599022005
-aej	0.210303551352	0.201937702533	0.114741088552	0.473017657562
-a'i	0.366907088081	0.0819556814478	0.0253653195475	0.525771910923
-och	0.513916160907	0.175096678743	0.0372951523521	0.273692007998
-aet	0.51753202967	0.36109238031	0.0505731625084	0.0708024275117
-a'n	0.630434782609	0.282608695652	0.0869565217391	0.0
-tna	0.549981419547	0.266072092159	0.133779264214	0.0501672240803
-íco	0.0131868131868	0.973626373626	0.0131868131868	0.0
-eas	0.0201421138029	0.970346332457	0.00951155374027	0.0
-eat	0.588664088069	0.183725081821	0.124962808688	0.102648021422
-cma	0.295816733068	0.66235059761	0.0268924302789	0.0149402390438
-gro	0.0155339805825	0.933980582524	0.0427184466019	0.00776699029126
-eae	0.0449541058186	0.906377719284	0.0236560001479	0.0250121747493
-ten	0.560596229536	0.258420797445	0.0586936474436	0.122289325576
-rna	0.0	1.0	0.0	0.0
-rno	0.165759257023	0.743145944261	0.0349404707402	0.0561543279753
-eal	0.161179316654	0.696733440511	0.0860755647972	0.0560116780384
-ean	0.433496488615	0.477122792083	0.044690359651	0.044690359651
-uro	0.230150512463	0.248900793829	0.239184261469	0.281764432239
-ure	0.089722440274	0.585567775877	0.252077332198	0.0726324516504
-uru	0.214023140184	0.272877441855	0.204340551877	0.308758866084
-zno	0.0	1.0	0.0	0.0
-—oy	0.249363867684	0.0744020356234	0.049262086514	0.626972010178
-oée	0.0225222383446	0.917418459403	0.00529935019872	0.0547599520535
-t'e	0.497867985673	0.288418898175	0.181477059526	0.0322360566263
-zín	0.0	0.894352721285	0.0776111432513	0.0280361354635
-nno	0.0149750415973	0.970049916805	0.0149750415973	0.0
-lón	0.0439151633886	0.747410766369	0.00115566219444	0.207518408048
-iva	0.0686341798216	0.833905284832	0.054221002059	0.0432395332876
-260	0.0207612456747	0.186851211073	0.0346020761246	0.757785467128
-a'a	0.25027442371	0.220636663008	0.0301866081229	0.498902305159
-ajé	0.0661971830986	0.9	0.0	0.0338028169014
-vre	0.0205958072821	0.813534387643	0.0952556086797	0.0706141963957
-vra	0.255504587156	0.61376146789	0.103211009174	0.0275229357798
-000	0.130771372313	0.268962659327	0.0207211223537	0.579544846006
-víe	0.117537313433	0.85447761194	0.0167910447761	0.0111940298507
-ría	0.00664465538588	0.918241848948	0.0342963268675	0.040817168799
-'la	0.698966302443	0.198319217601	0.0457873957702	0.0569270841866
-'le	0.506467514177	0.331612986917	0.0455876357437	0.116331863163
-yu'	0.313586631173	0.431952210518	0.0832749551018	0.171186203207
-'lo	0.66897444557	0.174124732635	0.0792243611393	0.0776764606552
-ajo	0.648936170213	0.351063829787	0.0	0.0
-aji	0.551417454141	0.371873262924	0.00667037242913	0.0700389105058
-cío	0.236220472441	0.763779527559	0.0	0.0
-aje	0.144359055209	0.155102994824	0.0782936969246	0.622244253042
-nór	0.0	1.0	0.0	0.0
-nós	0.0	1.0	0.0	0.0
-nón	0.00728155339806	0.970873786408	0.0218446601942	0.0
-ldo	0.0240374821756	0.884701568548	0.0717050315746	0.0195559177022
-yul	0.518368366445	0.166806286746	0.0424816508473	0.272343695961
-yun	0.248943491311	0.0527544486076	0.0156972585499	0.682604801532
-yuc	0.153786476627	0.0992344231202	0.0370231268426	0.70995597341
-fre	0.0934952852805	0.891321719674	0.0151829950455	0.0
-oje	0.351290702734	0.385472565855	0.111542341022	0.151694390389
-oji	0.490145672665	0.381319622965	0.0771208226221	0.0514138817481
-ojo	0.332478485451	0.493725942608	0.0453379752888	0.128457596652
-bje	0.37037037037	0.481481481481	0.0740740740741	0.0740740740741
-ítu	0.620111731844	0.346368715084	0.0335195530726	0.0
-íta	0.0625	0.828125	0.046875	0.0625
-usi	0.173254045642	0.221935668537	0.0222254808038	0.582584805017
-uso	0.565741225773	0.354635935045	0.0691461498166	0.0104766893662
-ue—	0.629139072848	0.211920529801	0.0596026490066	0.0993377483444
-usa	0.0901829425406	0.909817057459	0.0	0.0
-món	0.0128014175969	0.980185531427	0.00136332786682	0.0056497231091
-use	0.0104482768564	0.616603992518	0.00309042752918	0.369857303096
-mós	0.0	1.0	0.0	0.0
-xi'	0.266542445997	0.254972599684	0.404598946825	0.0738860074948
-epe	0.318218544045	0.439358857071	0.130646909578	0.111775689306
-xie	0.379694117066	0.255180076743	0.126585286989	0.238540519202
-bée	0.0590955806783	0.928828365879	0.0082219938335	0.00385405960944
-bén	0.0	1.0	0.0	0.0
-xil	0.400129675568	0.351218432173	0.060217535333	0.188434356926
-xim	0.116580088807	0.270208644071	0.0549297947848	0.558281472338
-xin	0.305539452596	0.639341924564	0.0460045198511	0.00911410298936
-iun	0.705637146851	0.141479777442	0.0252298846248	0.127653191082
-iuc	0.291189918319	0.250313662079	0.0794937794054	0.379002640196
-xic	0.224712969376	0.674674138908	0.0666624687782	0.0339504229372
-iud	0.0	1.0	0.0	0.0
-ep'	0.215139442231	0.784860557769	0.0	0.0
-uex	0.399800803585	0.394184973796	0.0916907437646	0.114323478854
-uez	0.156401571603	0.742473919523	0.083565912478	0.0175585963962
-uet	0.340533513338	0.326495662392	0.153503837596	0.179466986675
-uep	0.625109745391	0.185250219491	0.0737489025461	0.115891132572
-ues	0.474186598198	0.283366791249	0.0494460172659	0.193000593287
-uem	0.26531649332	0.254886300643	0.0598780815705	0.419919124466
-uel	0.326288856801	0.216617869532	0.0381192358158	0.418974037852
-ueo	0.0432432432432	0.887469287469	0.066339066339	0.0029484029484
-axi	0.353135313531	0.191419141914	0.392739273927	0.062706270627
-uej	0.521353365084	0.176140949733	0.0412424434455	0.261263241738
-uee	0.248269414056	0.640161103539	0.0651934842779	0.0463759981269
-axa	0.175269427113	0.709585933069	0.0856494611458	0.0294951786727
-ueb	0.138212888139	0.331366393089	0.414963264693	0.115457454079
-iil	0.121286693619	0.675162594481	0.0379680084373	0.165582703463
-iin	0.480902836615	0.471311892093	0.0157589724472	0.0320262988443
-iic	0.283938321746	0.147450559396	0.0268763877507	0.541734731107
-tsu	0.0125	0.9875	0.0	0.0
-tsi	0.0847457627118	0.672316384181	0.0	0.242937853107
-tso	0.753870399154	0.137012709091	0.109116891755	0.0
-tsa	0.524734982332	0.333922261484	0.109540636042	0.0318021201413
-tse	0.0354469713489	0.404840047171	0.00657707583017	0.55313590565
-tal	0.406950615309	0.253042376739	0.0210868890372	0.318920118915
-tam	0.66418843407	0.178945986717	0.026071234534	0.130794344679
-tan	0.488651888624	0.416709554826	0.0297046882213	0.0649338683282
-tao	0.387901872293	0.456688723744	0.078027953542	0.0773814504215
-eyo	0.187101241548	0.800930661978	0.0095744771794	0.00239361929485
-taj	0.34807347098	0.223888114355	0.072106819935	0.35593159473
-tae	0.2206308738	0.558243949635	0.0431152254275	0.178009951138
-tac	0.208331015057	0.63303670004	0.0379633753114	0.120668909591
-tat	0.225810078858	0.0940005229388	0.00501599567769	0.675173402525
-tav	0.715650519798	0.213481855638	0.0337464878874	0.0371211366761
-ts'	0.34198757872	0.498493090054	0.0569860453142	0.102533285912
-tar	0.0116830960204	0.964950711939	0.00365096750639	0.0197152245345
-tas	0.553295918339	0.28012347743	0.0975593780238	0.0690212262067
-eye	0.243364675107	0.292046644269	0.0716005785865	0.392988102038
-rma	0.43795620438	0.414233576642	0.0821167883211	0.0656934306569
-ene	0.0440695744493	0.920805903487	0.0161468937853	0.0189776282786
-ena	0.248129440048	0.712771129899	0.0334269738797	0.00567245617352
-hex	0.544600938967	0.286384976526	0.169014084507	0.0
-het	0.41984947881	0.339678834467	0.143679317423	0.0967923693001
-hev	0.0835358444714	0.898238153098	0.0	0.0182260024301
-hel	0.247855258719	0.0971835413919	0.0251280557004	0.629833144189
-hem	0.377120097897	0.223689923445	0.19727211957	0.201917859087
-heb	0.0242761405003	0.0551837731739	0.0101569139564	0.910383172369
-nso	0.174471097901	0.259999719601	0.536087316164	0.0294418663339
-nsa	0.644482857966	0.259291270527	0.0455200230481	0.0507058484587
--ul	0.913875598086	0.0	0.0287081339713	0.0574162679426
-puc	0.374384417876	0.336706302632	0.137676686089	0.151232593403
-pul	0.285825201636	0.503153355602	0.181318230536	0.0297032122259
-pum	0.453894394549	0.416034375968	0.0812945184267	0.0487767110561
-pun	0.136843578934	0.751210466655	0.0540652687728	0.0578806856381
-he'	0.293094478711	0.302726472128	0.16322365334	0.24095539582
-puj	0.289950576606	0.650741350906	0.0197693574959	0.0395387149918
-eña	0.366992361389	0.314111024187	0.067903645261	0.250992969163
-dea	0.00494954619764	0.987007911006	0.00450983708214	0.00353270571434
-dec	0.217056973086	0.669695910521	0.0335547011534	0.0796924152394
-den	0.238938053097	0.761061946903	0.0	0.0
-deo	0.0536705439452	0.936193831749	0.0	0.0101356243062
-des	0.03592270782	0.894566204124	0.0385164051355	0.0309946829205
-bit	0.883779264214	0.0747863247863	0.0143069490895	0.0271274619101
-bis	0.44140262102	0.359500701706	0.0502065584788	0.148890118796
-ji'	0.282722513089	0.193717277487	0.0942408376964	0.429319371728
-me'	0.0313979994758	0.89966151602	0.0152271718769	0.0537133126277
-bie	0.597256179971	0.276846653967	0.02057597439	0.105321191672
-bic	0.321688852364	0.440423923393	0.106453098911	0.131434125332
-bia	0.0269179004038	0.96467025572	0.00336473755048	0.00504710632571
-bin	0.413101853926	0.396322915817	0.0795781909382	0.110997039319
-bio	0.476348166075	0.355485084101	0.0941510073847	0.0740157424391
-bil	0.369097914801	0.456494048895	0.0829022841523	0.0915057521522
-bij	0.362417609536	0.198635266705	0.386693563429	0.0522535603298
-lda	0.0848962314069	0.627020988888	0.288082779705	0.0
-100	0.0159966539031	0.072708251784	0.102754976836	0.808540117477
-jin	0.658888709252	0.237059589674	0.0470802733468	0.0569714277266
-met	0.322933872629	0.618549538421	0.0334264885703	0.0250901003797
-luz	0.0207340631037	0.813586606568	0.158596265293	0.00708306503542
-jim	0.950762016413	0.0492379835873	0.0	0.0
-mes	0.612304188393	0.239767581133	0.0303864175697	0.117541812905
-lup	0.592701342282	0.258389261745	0.0817953020134	0.0671140939597
-jib	0.230625384458	0.332753742055	0.359372565102	0.0772483083863
-jic	0.465981786079	0.314524364219	0.0901603937542	0.129333455947
-mee	0.049711815562	0.85590778098	0.085734870317	0.00864553314121
-luj	0.392814456714	0.367964750165	0.133257220329	0.105963572792
-mea	0.0	0.985981308411	0.0	0.0140186915888
-lum	0.155337003377	0.629539015554	0.0320697565306	0.183054224539
-lun	0.355075256368	0.434499794707	0.106363021597	0.104061927329
-e'p	0.811975634984	0.188024365016	0.0	0.0
-mem	0.123082650071	0.089837448815	0.725991963118	0.0610879379957
-mel	0.370042327239	0.178162165276	0.0461654695714	0.405630037913
-lub	0.0750659017235	0.88023034112	0.0266503167665	0.0180534403902
-luc	0.376942799256	0.279195206495	0.137748651036	0.206113343213
-mei	0.0	1.0	0.0	0.0
-jis	0.42937992126	0.376968503937	0.193651574803	0.0
-jip	0.766727674272	0.101329357583	0.0386981582388	0.0932448099067
-aye	0.419867222631	0.431053577577	0.0619203826685	0.0871588171232
-aya	0.0547235023041	0.9366359447	0.00172811059908	0.00691244239631
-ayl	0.177419354839	0.774193548387	0.0	0.0483870967742
-ayo	0.0600257203434	0.895241736471	0.0286747071704	0.0160578360154
-éto	0.0	0.961538461538	0.0	0.0384615384615
-yut	0.208066032115	0.192414463779	0.0523847086511	0.547134795455
-ubo	0.649955237243	0.202327663384	0.0	0.147717099373
-ube	0.189530221641	0.681683230825	0.0717335105653	0.057053036969
-tán	0.0574360874643	0.873547968728	0.0620680300018	0.00694791380617
-ndo	0.0	0.983055634002	0.0169443659983	0.0
-cse	0.0800216274669	0.881048932144	0.0	0.0389294403893
-goe	0.130441200517	0.804653980984	0.0306199416961	0.0342848768026
-gog	0.00544959128065	0.972752043597	0.0217983651226	0.0
-up'	0.383302790461	0.402914522394	0.0875530952677	0.126229591877
-yna	0.0413793103448	0.91724137931	0.0413793103448	0.0
-com	0.56649035714	0.153984608514	0.0646735488291	0.214851485516
-col	0.355340792421	0.393621453119	0.0616271129414	0.189410641518
-con	0.366085262931	0.326724798693	0.0870973484833	0.220092589892
-coj	0.199437068551	0.305177567466	0.0471724191896	0.448212944793
-coe	0.0812321253832	0.865144730145	0.0243261425963	0.0292970018752
-eot	0.167315175097	0.775291828794	0.0321011673152	0.0252918287938
-coc	0.279826160101	0.314594139913	0.0765456329735	0.329034067012
-cob	0.107654631616	0.833545952173	0.0345573346432	0.0242420815679
-eon	0.128562886187	0.725931831772	0.0558102451664	0.0896950368746
-eol	0.0	0.888888888889	0.037037037037	0.0740740740741
-ubí	0.393939393939	0.555555555556	0.030303030303	0.020202020202
-ixe	0.0801688605069	0.877213234427	0.0338722111925	0.00874569387349
-cot	0.217362374117	0.247986666975	0.0705497428877	0.46410121602
-eoe	0.0452580549913	0.925896739213	0.00808005975333	0.0207651460428
-cov	0.028087567121	0.961999173895	0.00247831474597	0.00743494423791
-rla	0.0178539866073	0.876431619008	0.0888000912835	0.0169143031016
-cop	0.241071428571	0.125	0.446428571429	0.1875
-cos	0.0399821308912	0.929193656466	0.0120616484253	0.0187625642171
-cor	0.0	1.0	0.0	0.0
-upe	0.21494460973	0.771187996094	0.0138673941761	0.0
-upo	0.489583333333	0.510416666667	0.0	0.0
-upi	0.281630040538	0.189246852998	0.305099210582	0.224023895882
-oas	0.00138504155125	0.958679593721	0.0	0.0399353647276
-co'	0.0518056381812	0.123539022199	0.814068161422	0.0105871781977
-ha'	0.572461490097	0.154039610185	0.0141464948129	0.259352404904
-—aa	0.167597765363	0.379888268156	0.134078212291	0.31843575419
-pta	0.486610848366	0.397268338138	0.0682180922229	0.0479027212733
-pto	0.00386215092097	0.93550207962	0.0535183770478	0.00711739241151
-gad	0.0	1.0	0.0	0.0
-tra	0.127348218457	0.695237405856	0.0514839599133	0.125930415774
-tro	0.0765059261635	0.627176410979	0.0632619612859	0.233055701572
-gal	0.372226950461	0.467154570916	0.0994304867669	0.0611879918566
-gai	0.0	1.0	0.0	0.0
-gau	0.0	1.0	0.0	0.0
-gar	0.303422204536	0.630521289296	0.0429765220851	0.0230799840828
-beo	0.0145067698259	0.888781431335	0.0241779497099	0.0725338491296
-ino	0.247089036562	0.551579155869	0.139708294838	0.0616235127304
-ina	0.154353695447	0.810389320718	0.0206059097075	0.0146510741268
-ine	0.230503824673	0.645605853163	0.0588648778863	0.0650254442776
-dón	0.540722691968	0.411230773595	0.023843452344	0.0242030820928
-són	0.0737800502332	0.878005023323	0.0275834230355	0.0206315034087
-ma'	0.481336763867	0.0761447772571	0.169231052192	0.273287406684
-gua	0.0775862068966	0.818965517241	0.103448275862	0.0
-yes	0.677443962756	0.202826515125	0.0644697426792	0.0552597794393
-yet	0.592355644266	0.173524789788	0.149327097096	0.0847924688498
-mba	0.245895038253	0.126168851505	0.165988098967	0.461948011275
-yej	0.155610647835	0.786542458618	0.027629612935	0.0302172806117
-lto	0.0169704588309	0.900062853551	0.0659962287869	0.0169704588309
-mbe	0.468138024902	0.341787718209	0.0859677847543	0.104106472135
-mbi	0.177239898497	0.106773374976	0.0513371071638	0.664649619364
-lta	0.26994707554	0.266984089884	0.0729307638245	0.390138070752
-yeb	0.147540983607	0.807213114754	0.0373770491803	0.00786885245902
-yee	0.133918916321	0.452944696231	0.354434105994	0.0587022814547
-mbo	0.447869552307	0.411535101498	0.101777775865	0.0388175703299
-si'	0.159976730657	0.792321116928	0.0314136125654	0.0162885398487
-aén	0.0	1.0	0.0	0.0
-áso	0.0	1.0	0.0	0.0
-xuc	0.39463547233	0.243757038514	0.0762970343502	0.285310454805
-ye'	0.658775510204	0.248163265306	0.0391836734694	0.0538775510204
-'ne	0.185286081726	0.260553047969	0.140744002642	0.413416867663
-'na	0.0349442062825	0.800546767794	0.0561660301893	0.108342995734
-sa'	0.469868971703	0.276000258171	0.112120147536	0.14201062259
-sas	0.0268817204301	0.97311827957	0.0	0.0
-mpo	0.120571471181	0.70389889868	0.10430834251	0.0712212876281
-sat	0.317685054108	0.372663168041	0.143605266808	0.166046511043
-íro	0.0	0.972881355932	0.0	0.0271186440678
-sac	0.492334924334	0.217560395437	0.213975751918	0.0761289283106
-oli	0.198590647021	0.702114029468	0.0608584240871	0.0384368994234
-sae	0.216113325926	0.745327102804	0.0122541010391	0.0263054702307
-olo	0.497211895911	0.341697645601	0.0913878562577	0.0697026022304
-saj	0.509710870182	0.276323973934	0.0880409133918	0.125924242492
-san	0.633802841167	0.243025724805	0.0565923895096	0.0665790445183
-sam	0.0	1.0	0.0	0.0
-sal	0.205160175265	0.499096859297	0.209768295934	0.0859746695032
-mas	0.204716368025	0.72602358184	0.0204252158574	0.0488348342772
-mat	0.802259887006	0.177966101695	0.0197740112994	0.0
-hap	0.501990752633	0.338749036733	0.100179809915	0.0590804007192
-uc'	0.206690484076	0.380047477783	0.164398687521	0.248863350619
-saí	0.123333333333	0.876666666667	0.0	0.0
-ucs	0.0586797066015	0.919315403423	0.0	0.0220048899756
-mae	0.178696076129	0.675570666183	0.0823894993579	0.0633437583295
-uch	0.439714885879	0.326215484838	0.113023310432	0.121046318852
-uco	0.145041699728	0.728097154734	0.126861145538	0.0
-ium	0.124586873389	0.836410513748	0.0289664480629	0.0100361648008
-ioj	0.37355832055	0.330719845463	0.142889608545	0.152832225442
-ion	0.0	0.869565217391	0.0	0.130434782609
-iom	0.0901077590956	0.863571255427	0.0205381343793	0.0257828510985
-iol	0.0	1.0	0.0	0.0
-ioe	0.0832004630439	0.852721474751	0.0386870959287	0.0253909662764
-iox	0.121881995541	0.493342299108	0.00473124536807	0.380044459982
-ios	0.0761701259975	0.788218703802	0.0109341589462	0.124677011254
-xib	0.0252705067463	0.0326409367907	0.019263397904	0.922825158559
-iot	0.547161685237	0.247629342379	0.0535896042531	0.151619368131
-mec	0.331824862766	0.0810060602549	0.197459785791	0.389709291189
-ch'	0.387383841338	0.223788820376	0.132753416941	0.256073921344
-xu'	0.207773052695	0.112690085927	0.142028895568	0.53750796581
-io'	0.106899909792	0.848922066263	0.0376331315086	0.00654489243626
-chi	0.0848236088847	0.0884402309349	0.00690366652596	0.819832493654
-cho	0.329503974414	0.52655481571	0.0374098497268	0.106531360149
-xut	0.09703090253	0.0628136274	0.00327532550862	0.836880144561
-cha	0.192986246129	0.619068193274	0.0806509685317	0.107294592065
-tés	0.0225267505162	0.966209874226	0.0	0.0112633752581
-che	0.294225315886	0.300776795146	0.0793780462357	0.325619842732
-elu	0.840637450199	0.111553784861	0.0	0.0478087649402
-xul	0.264592166679	0.562215001532	0.118205235459	0.0549875963309
-xun	0.734626532152	0.188523424406	0.028644107101	0.0482059363407
-elo	0.517180543322	0.291784206128	0.11226144055	0.0787738100008
-xuj	0.897058823529	0.0882352941177	0.0	0.0147058823529
-ela	0.0190500874749	0.814942007387	0.166007905138	0.0
-iya	0.0770694576594	0.86013320647	0.0428163653663	0.0199809705043
-chu	0.616103325089	0.166254465512	0.00329760923331	0.214344600165
-xub	0.333292737385	0.557828928673	0.0747777371818	0.0341005967604
-ele	0.210964063526	0.573823486904	0.0834523579454	0.131760091624
-hu'	0.31086970748	0.421516916432	0.0907663111052	0.176847064983
-va'	0.699130879346	0.16027607362	0.0567484662577	0.0838445807771
-hul	0.504823719255	0.134342934434	0.0363182259981	0.324515120313
-hun	0.27165436935	0.397366452053	0.0529514301818	0.278027748415
-huo	0.85140562249	0.0843373493976	0.0642570281124	0.0
-c'a	0.256426961314	0.651321875774	0.050034529037	0.0422166338749
-c'o	0.350251087654	0.0595674826987	0.0140169878197	0.576164441828
-huc	0.264894338514	0.151923897919	0.0487006343996	0.534481129167
-c'u	0.187124635154	0.0465689911559	0.0228815841858	0.743424789505
-hut	0.543532858937	0.180200920887	0.0439514441189	0.232314776057
-tub	0.536948972154	0.251009355836	0.0879541100026	0.124087562008
-tuc	0.253683379102	0.169353048262	0.151803775388	0.425159797248
-vav	0.383783783784	0.583783783784	0.0324324324324	0.0
-tue	0.0173785216387	0.924380868325	0.0498442237478	0.0083963862889
-vat	0.360186559424	0.33156748522	0.250788344121	0.0574576112352
-nce	0.228779840849	0.398209549072	0.37301061008	0.0
-tuj	0.470344643334	0.351322468608	0.0764760886989	0.101856799359
-vay	0.448859179196	0.243167208751	0.0504847508786	0.257488861175
-tul	0.134831460674	0.797752808989	0.0674157303371	0.0
-nca	0.297571336967	0.682590573902	0.0	0.0198380891311
-tun	0.332570225508	0.320262334491	0.116109666142	0.23105777386
-vac	0.608187134503	0.298245614035	0.093567251462	0.0
-tus	0.268717819041	0.564191884622	0.122227696225	0.0448626001125
-elí	0.0033185840708	0.965707964602	0.0176991150442	0.0132743362832
-vaj	0.252006470145	0.659400642243	0.0677584835794	0.0208344040325
-axe	0.350417139154	0.546108051191	0.0739105783249	0.02956423133
-van	0.36988610762	0.402047628168	0.0956903026569	0.132375961555
-val	0.144645546745	0.726603898861	0.026175841329	0.102574713065
-jeb	0.203596099567	0.307159074441	0.292394432291	0.196850393701
-jec	0.651452282158	0.348547717842	0.0	0.0
-lix	0.0382653061224	0.77806122449	0.160714285714	0.0229591836735
-jee	0.110944527736	0.767916041979	0.0257871064468	0.0953523238381
-íso	0.021978021978	0.978021978022	0.0	0.0
-jel	0.139614486684	0.760587949029	0.0542716956373	0.045525868649
-lis	0.0364261863806	0.879591217242	0.00455327329758	0.07942932308
-lil	0.0885663540209	0.740751517412	0.0585782094609	0.112103919106
-sbo	0.515888096656	0.312012834357	0.0766399974413	0.0954590715462
-lin	0.458352500026	0.310070946284	0.157151995827	0.074424557863
-lio	0.0405064231083	0.935824608302	0.010581421252	0.0130875473379
-omo	0.234915128237	0.458431421137	0.239747243216	0.0669062074092
-lij	0.582456812223	0.228030708212	0.0821535637517	0.107358915814
-sbi	0.587315259266	0.309547791989	0.00565360473766	0.0974833440082
-lie	0.188390727262	0.756804697535	0.040247109915	0.0145574652884
-oma	0.153496011269	0.727096095756	0.111648535309	0.00775935766623
-sbe	0.536330261214	0.300924800603	0.0750916981099	0.0876532400734
-lia	0.0045996915501	0.990530046809	0.00162342054709	0.00324684109418
-ome	0.144603540272	0.67798404164	0.0479902527052	0.129422165383
-sba	0.137630358923	0.0736508988899	0.0640220936397	0.724696648547
-nco	0.124771305549	0.683647221745	0.11990433973	0.0716771329752
-li'	0.156011448952	0.0716100343331	0.020924225274	0.751454291441
-paj	0.557508421049	0.201962989502	0.0911660389426	0.149362550507
-pal	0.224581023656	0.246430225811	0.284696583648	0.244292166886
-pam	0.526627218935	0.384615384615	0.0	0.0887573964497
-pan	0.305640825241	0.524889445648	0.0387235658167	0.130746163294
-pac	0.418617460755	0.404729118307	0.0387142463705	0.137939174568
-pae	0.0187260121332	0.951869506005	0.021047418596	0.00835706326606
-pay	0.560346991462	0.242656019352	0.043777108708	0.153219880478
-par	0.0123119015048	0.969220246238	0.0	0.0184678522572
-pas	0.451556619359	0.158824573126	0.0373481185528	0.352270688962
-pat	0.29806800924	0.344139055633	0.0731217620901	0.284671173038
-vax	0.351201478743	0.0277264325323	0.110905730129	0.510166358595
-lbo	0.646103827352	0.181487162062	0.056054132063	0.116354878523
-'o'	0.758793969849	0.0753768844221	0.165829145729	0.0
-omé	0.0	0.98292211586	0.0089883600737	0.00808952406633
-die	0.0	1.0	0.0	0.0
-i'a	0.364356435644	0.14495049505	0.0712871287128	0.419405940594
-dia	0.105041583259	0.8646222424	0.00804837278412	0.022287801556
-i'e	0.0784181473973	0.0989689717195	0.0237181227143	0.798894758169
-dil	0.189592123769	0.699015471167	0.0708860759494	0.0405063291139
-i'i	0.109281883382	0.049354700094	0.00908177226887	0.832281644255
-dio	0.121222240775	0.589914843881	0.145600267156	0.143262648188
-i'o	0.303661326497	0.606797513126	0.0661825968006	0.0233585635767
-i'n	0.461653200746	0.130205096333	0.0433499067744	0.364791796147
-dis	0.0	0.994938844369	0.0	0.00506115563054
-feo	0.0669407683412	0.915713735064	0.00770910959784	0.00963638699728
-uis	0.0	1.0	0.0	0.0
-'oj	0.461764327249	0.200384124883	0.0836885242362	0.254163023632
-'om	0.319825414835	0.583399762915	0.0421651267899	0.0546096954605
-'ol	0.112718190741	0.166066193612	0.0837631930961	0.637452422551
-'on	0.137523290122	0.495360070602	0.0414556294627	0.325661009813
-'oc	0.965883244883	0.0341167551175	0.0	0.0
-'ob	0.102732474624	0.540650133231	0.115291933087	0.241325459058
-'oe	0.607717041801	0.344051446945	0.0	0.048231511254
-seb	0.0715569341724	0.642482221972	0.109603990344	0.176356853511
-'oy	0.169261181122	0.434560579853	0.0971913351454	0.29898690388
-'ox	0.311244823096	0.0559740235427	0.0539454557039	0.578835697657
-'op	0.165576175443	0.625778949381	0.0355200388383	0.173124836337
-'os	0.640350877193	0.254385964912	0.0	0.105263157895
-'ot	0.479361132355	0.101987606299	0.0237617873944	0.394889473952
-'ov	0.77937622093	0.0860381338622	0.0137338354465	0.120851809762
-aiv	0.112781954887	0.842105263158	0.0451127819549	0.0
-aie	0.0227592106067	0.975407832834	0.00183295655893	0.0
-aic	0.254005643254	0.191432644157	0.0584990320589	0.49606268053
-ail	0.140389489983	0.677488426883	0.0257503118379	0.156371771296
