jer-	0.00455471127948	0.989795694922	0.0	0.00564959379859
koi-	0.0279280273761	0.944254332708	0.0183243183574	0.00949332155867
tut-	0.094178136899	0.426543532148	0.0917725009121	0.387505830041
siu-	0.481058640374	0.321419304619	0.0405422937208	0.156979761287
kud-	0.0815151818023	0.702001876362	0.193279663558	0.0232032782775
830-	0.0	0.0769230769231	0.0	0.923076923077
nak-	0.159371492705	0.836139169472	0.0	0.00448933782268
son-	0.432098765432	0.246913580247	0.246913580247	0.0740740740741
i’k-	0.623831775701	0.334112149533	0.0	0.0420560747663
ure-	0.601729399797	0.384028484232	0.0142421159715	0.0
maa-	0.0	1.0	0.0	0.0
uti-	0.486897397589	0.295007140887	0.0832623360375	0.134833125486
jac-	0.00519718563117	0.922635792909	0.00487236152923	0.0672946599304
dib-	0.0514205571139	0.262837781542	0.445746660372	0.239995000972
eee-	0.363636363636	0.272727272727	0.0	0.363636363636
man-	0.0408774850344	0.783284444421	0.151506234215	0.02433183633
zec-	0.0419370943584	0.921118322516	0.0119820269596	0.0249625561657
unn-	0.640084913129	0.144013015373	0.0473982303965	0.168503841101
syc-	0.181818181818	0.69696969697	0.0909090909091	0.030303030303
uif-	1.0	0.0	0.0	0.0
utn-	0.593333333333	0.1	0.04	0.266666666667
nas-	0.0869634214076	0.379830199159	0.0149170832341	0.518289296199
hiv-	0.0	1.0	0.0	0.0
mah-	0.0	1.0	0.0	0.0
eda-	0.766467065868	0.233532934132	0.0	0.0
joe-	0.04	0.96	0.0	0.0
eno-	0.472545466331	0.292306304834	0.103674226304	0.131474002531
eka-	0.180060257711	0.718658532121	0.0423911246882	0.0588900854793
emu-	0.0694444444444	0.597222222222	0.333333333333	0.0
ite-	0.598615532053	0.0622021425882	0.0168354040456	0.322346921313
ufu-	0.507042253521	0.450704225352	0.0	0.0422535211268
efo-	0.575131882984	0.22326372237	0.054697650085	0.146906744561
aba-	0.34834781574	0.438742556556	0.0131358125061	0.199773815197
ana-	0.592687344753	0.201582806953	0.0308878047747	0.174842043519
inb-	0.530223930376	0.196839434796	0.0912049338725	0.181731700956
raf-	0.122727517937	0.797002391613	0.00604197011383	0.0742281203359
bap-	0.135168447001	0.808134757601	0.0308134757601	0.0258833196385
aub-	0.0263177636857	0.940221387546	0.00616452122368	0.0272963275443
une-	0.423185673893	0.0961357210179	0.18096135721	0.299717247879
ALL	0.224638667893	0.29115389865	0.0540748013576	0.4301326321
fou-	0.319023746197	0.456593740161	0.1685595551	0.055822958542
nun-	0.144130325497	0.627784315069	0.0541399934427	0.173945365991
der-	0.0261538461538	0.973846153846	0.0	0.0
amg-	0.414634146341	0.341463414634	0.0	0.243902439024
sun-	0.312839499735	0.177039605767	0.120633761809	0.389487132688
ayu-	0.0415321065323	0.827562398148	0.0940435801841	0.0368619151353
aya-	0.347772845553	0.579519363233	0.0313791519975	0.0413286392163
mil-	0.0632790028763	0.654841802493	0.00287631831256	0.279002876318
atb-	0.444881249658	0.348053987215	0.0786561800438	0.128408583084
dis-	0.0	1.0	0.0	0.0
igi-	0.533067098843	0.248179447023	0.156151983337	0.0626014707972
gan-	0.347826086957	0.652173913043	0.0	0.0
yer-	0.949152542373	0.050847457627	0.0	0.0
950-	0.0	0.142857142857	0.0	0.857142857143
atk-	0.46065722038	0.463973470003	0.048236358155	0.0271329514622
imm-	0.0359281437126	0.892215568862	0.0	0.0718562874252
ith-	0.0	1.0	0.0	0.0
sog-	0.415037593985	0.458646616541	0.0360902255639	0.0902255639097
ari-	0.159678453755	0.0396270807489	0.0148463304154	0.785848135081
yau-	0.0559851055114	0.0165227923693	0.000910473705221	0.926581628414
mou-	0.173553719008	0.592286501377	0.168044077135	0.0661157024794
ini-	0.527249478858	0.251037320513	0.087319665938	0.134393534691
zaa-	0.0	1.0	0.0	0.0
bay-	0.319371759563	0.564390121053	0.015579077287	0.100659042097
mas-	0.167308361349	0.726109427204	0.0157886587351	0.0907935527112
gig-	0.0622747739712	0.573403169755	0.317332324796	0.0469897314771
ked-	0.0	1.0	0.0	0.0
uga-	0.76486013986	0.143356643357	0.0183566433567	0.0734265734266
tai-	0.106567662103	0.73344777923	0.0483286079016	0.111655950765
mey-	0.220699891534	0.0576011874179	0.0290003996118	0.692698521436
aee-	0.333333333333	0.0	0.333333333333	0.333333333333
mar-	0.00877278291723	0.832369664017	0.00273710827018	0.156120444795
koh-	0.0	1.0	0.0	0.0
abr-	0.0373402351513	0.926210789003	0.0177590034838	0.0186899723621
wol-	0.100303560504	0.573709867859	0.325986571637	0.0
nen-	0.239386047362	0.443770987154	0.0490781814417	0.267764784042
adm-	0.0	1.0	0.0	0.0
aig-	0.284442153423	0.500967790467	0.113776861369	0.10081319474
zac-	0.0238500851789	0.960817717206	0.0102214650767	0.00511073253833
oma-	0.0	1.0	0.0	0.0
her-	0.0281487569344	0.900657489213	0.042839531539	0.0283542223135
ira-	0.538480567428	0.222776105503	0.133044935225	0.105698391844
gaw-	0.0880027794852	0.835518614534	0.0401101103776	0.0363684956036
ate-	0.53722334004	0.197183098591	0.132796780684	0.132796780684
euo-	0.395604395604	0.604395604396	0.0	0.0
naw-	0.235041322314	0.306776859504	0.0297520661157	0.428429752066
kam-	0.0286721021599	0.824054690582	0.0432229791801	0.104050228078
ibi-	0.590803762874	0.222659355355	0.0509143545067	0.135622527265
ies-	0.00295572244295	0.671808738909	0.00378737058278	0.321448168065
sin-	0.578794378155	0.202022750117	0.0647026213218	0.154480250406
kim-	0.0279069767442	0.846511627907	0.0558139534884	0.0697674418605
bec-	0.0	1.0	0.0	0.0
dor-	0.0592592592592	0.837037037037	0.0888888888889	0.0148148148148
tag-	0.383270795317	0.294003688683	0.193210670763	0.129514845237
pat-	0.0574712643679	0.919540229885	0.0229885057471	0.0
ror-	0.189296634906	0.705667099819	0.0185085929999	0.0865276722745
han-	0.0	1.0	0.0	0.0
uku-	0.7464909501	0.228064943054	0.0254441068466	0.0
207-	0.0	1.0	0.0	0.0
eld-	0.0	1.0	0.0	0.0
kem-	0.0976577588932	0.836499631281	0.00158022263581	0.0642623871897
inw-	0.460012660899	0.286769360625	0.17654920166	0.0766687768165
gen-	0.133858267717	0.818897637795	0.0	0.0472440944882
saw-	0.143350707752	0.463728244751	0.187312415363	0.205608632134
430-	0.32183908046	0.0689655172414	0.0	0.609195402299
jam-	0.0027214998488	0.991533111581	0.00408224977321	0.00166313879649
vig-	0.0255724055902	0.947665774606	0.0157826116791	0.0109792081246
kid-	0.0436363636364	0.956363636364	0.0	0.0
wur-	0.0	0.0	0.0	1.0
ior-	0.137787056367	0.329853862213	0.363256784969	0.169102296451
por-	0.333333333333	0.666666666667	0.0	0.0
sce-	0.0	0.961538461538	0.0384615384615	0.0
unr-	0.593931521269	0.26956613223	0.0759111409923	0.0605912055086
ifa-	0.564921656747	0.299222640593	0.102878659055	0.032977043605
sig-	0.376381264171	0.148048316873	0.26192446135	0.213645957606
zer-	0.0	1.0	0.0	0.0
tiw-	0.256450002734	0.114713554133	0.0741056801435	0.554730762989
bak-	0.00451467268623	0.992099322799	0.0	0.00338600451467
tef-	0.108515424047	0.155185101392	0.0249078899635	0.711391584597
276-	0.0	0.193548387097	0.0	0.806451612903
eso-	0.415996784566	0.315916398714	0.119372990354	0.148713826367
boa-	0.32280927835	0.428801546392	0.0212628865979	0.22712628866
rat-	0.0916898206618	0.709876231372	0.177822682496	0.0206112654711
che-	0.0384615384616	0.951923076923	0.00961538461537	0.0
gug-	0.161098376977	0.31911740872	0.406438841425	0.113345372879
epa-	0.0364393545028	0.850078084331	0.0666319625195	0.0468505986465
500-	0.25086802383	0.315339351632	0.0731698402836	0.360622784255
oro-	0.0397542113872	0.434894558385	0.0105469558185	0.514804274409
yei-	0.655610834715	0.189607517966	0.0630182421228	0.0917634051962
sap-	0.0277777777778	0.828703703704	0.143518518518	0.0
asi-	0.0361690202372	0.0483746774681	0.0158431209607	0.899613181334
eve-	0.0554089709763	0.928759894459	0.0	0.0158311345646
nan-	0.0860487044287	0.097099257064	0.0156737077286	0.801178330779
arv-	0.0	1.0	0.0	0.0
a’t-	0.627680311891	0.235867446394	0.0	0.136452241715
rer-	0.410517131447	0.235688533464	0.127576501692	0.226217833397
ses-	0.271087229068	0.39072082858	0.141325095723	0.196866846629
153-	0.191489361702	0.063829787234	0.0212765957447	0.723404255319
kib-	0.0475016171973	0.864783756338	0.0628328269805	0.0248817994843
geg-	0.0208768267223	0.974947807933	0.00417536534447	0.0
eke-	0.107556032172	0.0713351206434	0.0747238605898	0.746384986595
usi-	0.147149541809	0.59927575236	0.0463025957106	0.207272110121
ufi-	0.315789473684	0.368421052632	0.105263157895	0.210526315789
wom-	0.54014575079	0.229934884483	0.0555073771969	0.17441198753
i’y-	0.617925207601	0.159070452266	0.0297379688938	0.193266371239
yis-	0.014657980456	0.949744067008	0.0355979525361	0.0
rok-	0.00447189097104	0.950809199319	0.00511073253833	0.0396081771721
biy-	0.0286762254085	0.0320106702234	0.324774924975	0.614538179393
add-	0.0	1.0	0.0	0.0
kaf-	0.123667143008	0.114533461872	0.267236412237	0.494562982884
ude-	0.410209662717	0.425706472197	0.109389243391	0.0546946216956
isa-	0.528661144763	0.264149908632	0.0567849961462	0.15040395046
kez-	0.0	1.0	0.0	0.0
eyi-	1.0	0.0	0.0	0.0
eut-	0.0	1.0	0.0	0.0
pud-	0.0434782608696	0.95652173913	0.0	0.0
dio-	0.12213740458	0.832061068702	0.0152671755725	0.030534351145
igu-	0.48342660353	0.323719328455	0.131295738269	0.061558329746
bab-	0.0867153877777	0.506093682016	0.0583516535847	0.348839276622
ita-	0.642375984973	0.179801338452	0.0469967405067	0.130825936069
woe-	0.709677419355	0.129032258064	0.0215053763441	0.139784946237
siy-	0.652003517614	0.130890553672	0.0377957243612	0.179310204353
war-	0.147619337926	0.725428275316	0.0519661037615	0.074986282997
aku-	0.560068341304	0.33789974372	0.0330453948336	0.0689865201424
ura-	0.405991952857	0.411068793974	0.0738416471571	0.109097606012
kom-	0.117258618982	0.282145921927	0.418139331172	0.18245612792
tis-	0.090909090909	0.409090909091	0.5	0.0
840-	0.0	0.0	0.0	1.0
amr-	0.0	1.0	0.0	0.0
tow-	0.0	1.0	0.0	0.0
aan-	0.666666666667	0.333333333333	0.0	0.0
ede-	0.380967536601	0.552196053469	0.040101845958	0.026734563972
jud-	0.009736892238	0.964192226009	0.00349258091146	0.0225783008418
tua-	0.0455495546348	0.849549725264	0.0192681690759	0.0856325510256
eiy-	0.555320436588	0.304257111056	0.0408824861292	0.0995399662275
oni-	0.0	1.0	0.0	0.0
non-	0.45694695815	0.0603160557113	0.0277328708897	0.455004115249
uba-	0.319683058973	0.385652556235	0.0974934049414	0.197170979851
sou-	0.308333333333	0.4625	0.1375	0.0916666666666
wor-	0.42951046634	0.269407444109	0.189227802894	0.111854286658
dod-	0.428571428572	0.375	0.196428571429	0.0
tau-	0.194852941176	0.386029411765	0.261029411765	0.158088235294
mal-	0.0615384615384	0.938461538462	0.0	0.0
kow-	0.0727272727273	0.890909090909	0.0	0.0363636363636
eph-	0.0170712189917	0.975193384903	0.00240064017071	0.00533475593491
sab-	0.0268842777202	0.373983904752	0.010207398375	0.588924419153
ens-	0.0	1.0	0.0	0.0
aki-	0.0731707317073	0.853658536585	0.0731707317073	0.0
nin-	0.0889131637239	0.111010051196	0.0236814232951	0.776395361785
eko-	0.443344878773	0.355764473033	0.169223156853	0.0316674913409
gog-	0.328534629528	0.338381402027	0.0486817422503	0.284402226194
auf-	0.257801899593	0.613297150611	0.067842605156	0.0610583446404
uni-	0.407215501544	0.457723871935	0.0493382140946	0.0857224124263
myr-	0.0769230769231	0.897435897436	0.0	0.025641025641
tuw-	0.044226044226	0.800982800983	0.154791154791	0.0
sir-	0.464233040235	0.321853898235	0.0615624672937	0.152350594236
lyd-	0.0248190279214	0.795243019648	0.0	0.17993795243
lud-	0.0	1.0	0.0	0.0
emo-	0.0705205935196	0.0141027524064	0.00163955704634	0.913737097028
962-	0.0	0.0	0.0	1.0
mab-	0.236781001087	0.17420568439	0.142771066631	0.446242247891
red-	0.0483870967742	0.908602150538	0.0430107526882	0.0
and-	0.0269597677313	0.94566569888	0.00248859394442	0.0248859394442
uwa-	0.132981554393	0.817009889237	0.0261280659687	0.0238804904015
san-	0.12535502843	0.120723616296	0.0309969812121	0.722924374062
dud-	0.270908725372	0.495241924675	0.0160836349015	0.217765715052
ast-	0.333687977561	0.481574620369	0.158622690782	0.0261147112874
e’g-	0.156804733728	0.718934911243	0.0532544378698	0.0710059171598
ine-	0.582343647005	0.169890941196	0.0711969574136	0.176568454386
arp-	0.0	1.0	0.0	0.0
oti-	0.1	0.9	0.0	0.0
u’n-	0.350218340611	0.275109170306	0.107423580786	0.267248908297
utm-	0.8	0.048	0.0	0.152
per-	0.0	0.994787820875	0.0	0.00521217912522
ger-	0.046511627907	0.941860465116	0.0	0.0116279069767
nef-	0.518181818182	0.4	0.0272727272727	0.0545454545454
arm-	0.0	1.0	0.0	0.0
rhe-	0.0280898876405	0.953183520599	0.0187265917603	0.0
cal-	0.0	1.0	0.0	0.0
mor-	0.0	1.0	0.0	0.0
rur-	0.1736635049	0.62386720684	0.160508638963	0.0419606492971
595-	0.0	0.0	0.666666666667	0.333333333333
sob-	1.0	0.0	0.0	0.0
162-	0.0	0.0	0.0	1.0
zim-	0.0	1.0	0.0	0.0
gas-	0.111561866126	0.729208924949	0.0811359026369	0.078093306288
ata-	0.573910580908	0.126236881303	0.227919071679	0.07193346611
uty-	0.87027027027	0.0972972972973	0.0324324324325	0.0
far-	0.152948374041	0.631512071156	0.108710998165	0.106828556638
ego-	0.526225876058	0.161589348276	0.0683604786548	0.243824297012
ins-	0.426129659535	0.17985313747	0.0599168646946	0.3341003383
wae-	0.0	0.857142857143	0.142857142857	0.0
ire-	0.43636592308	0.432272681819	0.0596974327713	0.0716639623303
gos-	0.00781250000001	0.71875	0.0078125	0.265625
giy-	0.0870036590323	0.655779915978	0.226317929259	0.0308984957311
mes-	0.134435306079	0.0132192543978	0.000794291238993	0.851551148284
arc-	0.162264150943	0.837735849057	0.0	0.0
sed-	0.567118870555	0.228663141994	0.0938298861259	0.110388101325
ken-	0.0608433326554	0.835706053827	0.0257609653583	0.0776896481594
suk-	0.0	1.0	0.0	0.0
ami-	0.050238687333	0.0282053227808	0.00719759904053	0.914358390846
uki-	0.75	0.25	0.0	0.0
175-	0.0	0.0	0.0	1.0
kur-	0.344760797986	0.536316095294	0.0759248498935	0.0429982568274
amu-	0.0	0.75	0.25	0.0
iku-	0.663189748094	0.214065843705	0.0508263502655	0.071918057936
nou-	0.652863304043	0.149253903457	0.125925413409	0.0719573790908
atn-	0.620464737057	0.0860171218915	0.00978393803504	0.283734203017
tek-	0.0	0.970826580227	0.0291734197731	0.0
eii-	0.5	0.0	0.0	0.5
amb-	0.083522565964	0.135910385939	0.0485815075492	0.731985540548
sec-	0.0	0.964285714286	0.0357142857143	0.0
eub-	0.166666666667	0.833333333333	0.0	0.0
cau-	0.0227272727273	0.977272727273	0.0	0.0
fim-	0.0586178527355	0.633638420403	0.249125874126	0.0586178527355
si’-	0.64268475137	0.126932677859	0.0430529236387	0.187329647132
neg-	0.0	1.0	0.0	0.0
119-	0.0	0.0	0.0	1.0
jai-	0.0945626477541	0.891252955083	0.0141843971631	0.0
win-	0.0271679563208	0.941200386624	0.00771503830611	0.0239166187489
tal-	0.0204081632653	0.979591836735	0.0	0.0
gid-	0.0	1.0	0.0	0.0
105-	0.0	0.2	0.0	0.8
alp-	0.0	1.0	0.0	0.0
350-	0.0	0.142857142857	0.0	0.857142857143
bin-	0.84140969163	0.079295154185	0.0528634361234	0.0264317180617
jeh-	0.523938743382	0.437455243947	0.0	0.0386060126704
lem-	0.0	1.0	0.0	0.0
cow-	0.0426136363636	0.940340909091	0.0170454545454	0.0
450-	0.0	0.0909090909091	0.0454545454546	0.863636363636
’at-	0.613636363636	0.113636363636	0.0454545454545	0.227272727273
woi-	0.55747624431	0.275211496955	0.0711683055445	0.0961439531904
wan-	0.331267704174	0.220574971923	0.135788340264	0.312368983638
pon-	0.00687285223368	0.986254295533	0.0	0.00687285223368
umi-	0.35761589404	0.119205298013	0.324503311258	0.198675496689
127-	0.0	0.0	0.0	1.0
anr-	0.484312859823	0.422974219114	0.0504687271912	0.0422441938711
chi-	0.0	0.938775510204	0.0612244897959	0.0
sik-	0.564928529699	0.260220132958	0.0563413095568	0.118510027786
wod-	0.484536082474	0.103092783505	0.123711340206	0.288659793814
bog-	0.514534883721	0.273255813954	0.204941860465	0.00726744186047
syr-	0.0145328719723	0.970934256055	0.0124567474048	0.00207612456748
seg-	0.373223494701	0.27537426051	0.0957684229362	0.255633821853
895-	0.0	0.0	0.666666666667	0.333333333333
goa-	0.0740624648729	0.556639185884	0.0104510930845	0.358847256159
pin-	0.0	1.0	0.0	0.0
cyp-	0.0	0.989380530973	0.0106194690265	0.0
jub-	0.0	1.0	0.0	0.0
bun-	0.622377622378	0.167832167832	0.0	0.20979020979
iyo-	0.564662464546	0.154808895136	0.0995595272059	0.180969113112
jap-	0.0	1.0	0.0	0.0
lam-	0.0152284263959	0.984771573604	0.0	0.0
nar-	0.0327868852459	0.901639344262	0.0655737704918	0.0
gat-	0.334300408809	0.282935513649	0.0356059607016	0.34715811684
hom-	0.0	1.0	0.0	0.0
its-	0.618435656418	0.215790091649	0.0176784515626	0.148095800371
idi-	0.584775962456	0.129262165794	0.23455299593	0.0514088758203
bee-	0.00980392156862	0.973039215686	0.00980392156863	0.00735294117647
usu-	0.0356347438753	0.811804008909	0.086859688196	0.06570155902
nap-	0.0	1.0	0.0	0.0
gur-	0.111111111111	0.444444444445	0.0	0.444444444444
fef-	0.442146886194	0.462072142006	0.023652282079	0.0721286897208
esl-	0.0	1.0	0.0	0.0
the-	0.0669336384439	0.9176201373	0.00686498855836	0.00858123569794
saf-	0.0171633969406	0.868194849594	0.0763710300746	0.0382707233909
dik-	0.0	1.0	0.0	0.0
yad-	0.0	1.0	0.0	0.0
kis-	0.0	1.0	0.0	0.0
ard-	0.0	1.0	0.0	0.0
abi-	0.483713625203	0.229108735636	0.0691026027691	0.218075036391
eku-	0.572618130743	0.315447601581	0.0604430249117	0.0514912427645
ele-	0.0295635851713	0.871891130925	0.0985452839042	0.0
duf-	0.285714285714	0.714285714286	0.0	0.0
wow-	0.0422535211267	0.788732394366	0.12676056338	0.0422535211268
fio-	0.149837565471	0.721706557051	0.0707750447524	0.0576808327256
ded-	0.0	1.0	0.0	0.0
ahu-	0.0	1.0	0.0	0.0
mom-	0.16524362485	0.0738757898873	0.0625817482747	0.698298836988
ruy-	1.0	0.0	0.0	0.0
ban-	0.0	0.921465968586	0.0785340314136	0.0
130-	0.0	0.0	0.0	1.0
jev-	0.0589783659339	0.414618998126	0.0298748241813	0.496527811759
adr-	0.0743243243243	0.824324324324	0.0878378378378	0.0135135135135
ise-	0.6	0.4	0.0	0.0
azo-	0.0	1.0	0.0	0.0
akk-	0.0	1.0	0.0	0.0
ter-	0.00931677018634	0.934782608696	0.0434782608696	0.0124223602484
wen-	0.086208845107	0.753628685042	0.0194934862846	0.140668983566
dab-	0.686567164179	0.0895522388059	0.0895522388059	0.134328358209
gun-	0.0	1.0	0.0	0.0
did-	0.139210211408	0.782209812525	0.0594335859593	0.0191463901077
240-	0.0	0.507507507508	0.0720720720721	0.42042042042
a’y-	0.0375078923835	0.897850846275	0.0319216105391	0.0327196508026
nam-	0.0329523428945	0.0199752978793	0.000965804885951	0.94610655434
ebe-	0.529715762274	0.427648578811	0.0193798449612	0.0232558139535
ale-	0.0	0.888309754282	0.111690245718	0.0
ker-	0.014053261494	0.913812553011	0.0164959511767	0.0556382343185
tid-	0.0	1.0	0.0	0.0
sid-	0.574260994223	0.295801754702	0.0910659218058	0.0388713292688
bon-	0.0354620667552	0.0863145821584	0.182940985721	0.695282365366
oli-	0.0	0.930485155684	0.0695148443157	0.0
won-	0.528374814347	0.247960526046	0.0875012151448	0.136163444462
kun-	1.0	0.0	0.0	0.0
tok-	0.0278255760272	0.838611659042	0.133562764931	0.0
ero-	0.264501160093	0.707656612529	0.0	0.0278422273782
net-	0.20979020979	0.727272727273	0.034965034965	0.0279720279721
jeg-	0.0	1.0	0.0	0.0
rir-	0.161636529205	0.328086379602	0.356120723299	0.154156367894
kon-	0.311059907834	0.495391705069	0.0	0.193548387097
me--	0.0	1.0	0.0	0.0
eli-	0.00594587415964	0.948185953752	0.000990979026607	0.044877193062
buw-	0.0	1.0	0.0	0.0
ats-	0.421119592875	0.30534351145	0.204834605598	0.0687022900763
fif-	0.060064355853	0.706276721445	0.0222886094787	0.211370313223
mut-	0.223363286264	0.514120667522	0.0596919127086	0.202824133504
eto-	0.523372287873	0.370327012506	0.0793288803142	0.0269718193068
jab-	0.0	1.0	0.0	0.0
maf-	0.0700814219453	0.728560602787	0.00290315454725	0.19845482072
uzz-	0.0	1.0	0.0	0.0
waw-	0.350431674169	0.301553302903	0.113910248106	0.234104774822
isu-	0.216731296359	0.101541759894	0.0420440728937	0.639682870853
pan-	0.0	1.0	0.0	0.0
777-	0.0	0.0	0.0	1.0
fui-	0.0	1.0	0.0	0.0
bou-	0.0246406570842	0.975359342916	0.0	0.0
aum-	0.199744604684	0.215923531279	0.109308094114	0.475023769922
phl-	0.0	1.0	0.0	0.0
tor-	0.14371257485	0.681437125749	0.0350299401197	0.139820359281
sen-	0.442653117915	0.244966686381	0.0691289584132	0.24325123729
jod-	0.0	1.0	0.0	0.0
nah-	0.0	0.977011494253	0.0	0.0229885057471
yam-	0.562185568185	0.200968578184	0.01395892089	0.222886932741
uso-	0.680169034447	0.105757735828	0.0447607662153	0.16931246351
itd-	0.68253968254	0.253968253968	0.0634920634921	0.0
ina-	0.659532786135	0.089765884042	0.0235816769197	0.227119652904
cre-	0.0405186385738	0.93885369088	0.0132606453514	0.00736702519522
mai-	0.113408022336	0.420830305769	0.311212096688	0.154549575207
fof-	0.177343570015	0.124637070611	0.228665762447	0.469353596927
rab-	0.124521276596	0.439309133243	0.375002865576	0.061166724584
ape-	0.0	1.0	0.0	0.0
ity-	0.616812069909	0.228391062739	0.0744291843023	0.0803676830497
fot-	0.112707070631	0.137072411807	0.723344813607	0.0268757039547
tub-	0.173913043478	0.826086956522	0.0	0.0
uit-	0.176470588235	0.352941176471	0.176470588235	0.294117647059
sif-	0.595588882453	0.23865006444	0.0637748111132	0.101986241994
dun-	0.0	0.571428571429	0.428571428571	0.0
kab-	0.0261773319856	0.893165383718	0.0618925433481	0.0187647409481
hul-	0.0	1.0	0.0	0.0
ato-	0.0321656040592	0.00696290323389	0.00228593423979	0.958585558467
und-	0.620134228188	0.249311197457	0.0326386435888	0.0979159307665
iaw-	0.53426183844	0.342061281337	0.0779944289693	0.0456824512534
lab-	0.0515463917526	0.80412371134	0.095595126523	0.0487347703842
atm-	0.457366873571	0.261679189807	0.0294021561581	0.251551780464
yor-	0.612413035518	0.186195532772	0.139143171	0.0622482607103
rho-	0.0197693574959	0.980230642504	0.0	0.0
iba-	0.708057901942	0.182626867336	0.0412496480539	0.068065582668
ino-	0.641675014211	0.22911764933	0.0351199248597	0.0940874115999
bas-	0.11912201663	0.182836962201	0.0333302685647	0.664710752604
nay-	0.333333333333	0.5	0.0	0.166666666667
eng-	0.110680593351	0.0816465327353	0.0580035620339	0.74966931188
jeb-	0.0	1.0	0.0	0.0
mid-	0.0268456375839	0.93288590604	0.013422818792	0.0268456375838
782-	0.0	0.0	0.0	1.0
ang-	0.496531577689	0.244609842404	0.0482883343155	0.210570245591
uiu-	0.093023255814	0.186046511628	0.046511627907	0.674418604651
yar-	0.477043191748	0.409784399398	0.0773583554187	0.0358140534345
ito-	0.340351977483	0.252449386984	0.340734395436	0.0664642400973
owe-	0.0	1.0	0.0	0.0
omi-	0.0719410972231	0.0275178091828	0.00600611332194	0.894534980272
tah-	0.0	1.0	0.0	0.0
lus-	0.0	1.0	0.0	0.0
nuf-	0.785714285714	0.0238095238095	0.190476190476	0.0
cai-	0.00647388864912	0.983167889512	0.00258955545965	0.00776866637892
sod-	0.0113421550095	0.988657844991	0.0	0.0
amm-	0.175052292094	0.781238730152	0.0112518160555	0.0324571616985
alm-	0.0	0.857142857143	0.142857142857	0.0
jot-	0.0	1.0	0.0	0.0
imn-	0.0	1.0	0.0	0.0
ide-	0.8416274923	0.0620846166315	0.0262603339277	0.0700275571405
har-	0.0931899641577	0.899641577061	0.00716845878135	0.0
kan-	0.102780712635	0.364538796072	0.330960292935	0.201720198358
agi-	0.135442244859	0.697199650534	0.0318302983448	0.135527806262
aid-	0.160798841925	0.778901592353	0.0430711183728	0.0172284473491
kuk-	0.058281291784	0.621226659955	0.272592848941	0.0478991993204
ida-	0.907407407407	0.0185185185185	0.0740740740741	0.0
tue-	0.4	0.6	0.0	0.0
sey-	0.611828216702	0.24686809385	0.0624973506412	0.0788063388072
ruk-	1.0	0.0	0.0	0.0
osi-	0.0291650659906	0.011703738339	0.00204993894534	0.957081256725
ill-	0.056074766355	0.943925233645	0.0	0.0
ifi-	0.662806055065	0.311591994311	0.0142233059027	0.0113786447222
sio-	0.391304347826	0.0326086956522	0.315217391304	0.260869565217
uya-	0.556700388394	0.172734764691	0.0464557759652	0.224109070949
ain-	0.207085037066	0.184224730684	0.227517026133	0.381173206118
mum-	0.0529801324503	0.867549668874	0.0794701986755	0.0
taf-	0.04201011269	0.781270329475	0.0196061567886	0.157113401046
gir-	0.0	1.0	0.0	0.0
dou-	0.235587052289	0.752442060908	0.00861903849837	0.00335184830492
ias-	0.474370112945	0.400521285838	0.0781928757602	0.0469157254561
met-	0.0745161208493	0.88550518759	0.012303087187	0.0276756043733
vir-	0.110356568762	0.139720384424	0.749923046814	0.0
100-	0.0862944162436	0.617597292724	0.0	0.296108291032
bik-	1.0	0.0	0.0	0.0
udu-	0.513945172825	0.35389749702	0.0991179976162	0.0330393325387
sto-	0.041095890411	0.383561643836	0.575342465753	0.0
mna-	0.0	1.0	0.0	0.0
kuw-	0.19018404908	0.539877300614	0.233128834356	0.0368098159509
i’f-	0.21632471008	0.56958073149	0.0	0.21409455843
mib-	0.0	1.0	0.0	0.0
kol-	0.0	1.0	0.0	0.0
hez-	0.0	1.0	0.0	0.0
ikr-	0.329896907216	0.463917525773	0.144329896907	0.0618556701031
aam-	0.333333333333	0.592592592593	0.0740740740741	0.0
uik-	0.779541446208	0.141093474427	0.0423280423281	0.037037037037
ufa-	0.809128630705	0.0580912863071	0.107883817427	0.0248962655602
bub-	0.138452812626	0.646984692942	0.129758740801	0.084803753631
eta-	0.19002040646	0.44992334925	0.0406515988128	0.319404645477
jal-	0.0	1.0	0.0	0.0
mat-	0.118358282779	0.127800773028	0.0627709158927	0.6910700283
new-	1.0	0.0	0.0	0.0
aka-	0.576350795683	0.192701930495	0.0874954429457	0.143451830876
u’y-	0.436408977556	0.189526184539	0.0	0.374064837905
kiw-	0.0596372993371	0.907928379971	0.00366193943297	0.0287723812591
smy-	0.0	1.0	0.0	0.0
aiy-	0.256933902491	0.26508634671	0.303902360965	0.174077389834
koa-	0.0	1.0	0.0	0.0
par-	0.0	0.994666666667	0.00533333333333	0.0
yat-	0.115815775256	0.652290053425	0.165938831863	0.0659553394561
eik-	0.489702517163	0.151029748284	0.0572082379863	0.302059496567
jul-	0.012987012987	0.987012987013	0.0	0.0
cop-	0.154135338346	0.845864661654	0.0	0.0
qua-	0.0	0.895652173913	0.0869565217391	0.0173913043478
yoe-	0.5	0.0675675675676	0.0810810810811	0.351351351351
zeu-	0.0	1.0	0.0	0.0
anf-	0.513549524359	0.225242683038	0.0954806552594	0.165727137343
bib-	0.165054069437	0.628869138829	0.183223151351	0.0228536403835
rag-	0.13474457452	0.652347815615	0.163775084511	0.0491325253533
eye-	0.405122734151	0.304266658453	0.188223294062	0.102387313334
cni-	0.102272727273	0.545454545455	0.0	0.352272727273
tha-	0.016393442623	0.983606557377	0.0	0.0
anu-	0.354838709677	0.360215053763	0.193548387097	0.0913978494624
sag-	0.158869119979	0.648171443317	0.132129055908	0.0608303807969
iyu-	0.728652751423	0.237824161923	0.0234029095509	0.0101201771031
wai-	0.340890921056	0.54966553904	0.0440107365315	0.0654328033723
gay-	0.215091488862	0.670826837487	0.042780627619	0.0713010460316
beb-	0.249649314024	0.68924579299	0.0215543575482	0.0395505354376
ben-	0.0162337662338	0.977272727273	0.0	0.00649350649351
mul-	0.0355731225296	0.181818181818	0.782608695652	0.0
iub-	0.4	0.0	0.2	0.4
reu-	0.0	1.0	0.0	0.0
egu-	0.473078641644	0.0940571939232	0.323949955317	0.108914209115
150-	0.4	0.0	0.0	0.6
aim-	0.454054054054	0.175675675676	0.154054054054	0.216216216216
ona-	0.0790728431406	0.0721524753736	0.00497670841681	0.843797973069
dan-	0.0465562097768	0.930165685335	0.0232781048884	0.0
ubi-	0.620840246112	0.199013949188	0.0591069467772	0.121038857923
iro-	0.696445239577	0.210524268824	0.0196795270691	0.0733509645302
leh-	0.0	1.0	0.0	0.0
gre-	0.0146201011472	0.411302233295	0.550685503722	0.0233921618356
eba-	0.53116215565	0.374869488395	0.0357401011967	0.0582282547587
205-	0.0	0.75	0.0	0.25
jid-	0.0	1.0	0.0	0.0
wer-	0.0665117071724	0.576239186174	0.0592927701933	0.29795633646
cri-	0.0	1.0	0.0	0.0
mis-	0.481720430107	0.505376344086	0.0	0.0129032258065
elm-	0.0	1.0	0.0	0.0
eiw-	0.435483870968	0.438288920056	0.0946704067322	0.0315568022441
ran-	0.194444444445	0.305555555555	0.388888888889	0.111111111111
atr-	0.250984690615	0.558166118531	0.147638053303	0.043211137552
din-	0.0547945205478	0.58904109589	0.013698630137	0.342465753425
yai-	0.355042016807	0.470588235294	0.0546218487395	0.11974789916
yon-	0.657142857143	0.29010989011	0.0527472527473	0.0
kob-	0.142857142857	0.714285714286	0.142857142857	0.0
eni-	0.145395799677	0.854604200323	0.0	0.0
agr-	0.0140268848627	0.976037405026	0.0052600818235	0.00467562828755
was-	0.207103994697	0.502546888058	0.206667113303	0.0836820039422
afe-	0.523856102598	0.428105640691	0.0228236061298	0.0252146505815
sos-	0.237261886325	0.743379278303	0.0170357751278	0.0023230602447
eru-	0.509433427548	0.322586858594	0.100755508985	0.0672242048723
don-	0.00908894178749	0.989612637957	0.00129842025535	0.0
isi-	0.481376329386	0.3488005807	0.0907747862634	0.0790483036512
kua-	0.0772429056076	0.778936025286	0.0292689467268	0.114552122379
i’t-	0.686704599748	0.197845632628	0.0132910567693	0.102158710854
uka-	0.330706996742	0.291049013188	0.180572176091	0.197671813979
bit-	0.18769062876	0.349847496992	0.336485994907	0.125975879341
ser-	0.209271324564	0.668711339607	0.0780053459249	0.0440119899049
anb-	0.497816078373	0.297509683376	0.0653932360494	0.139281002202
syn-	0.0	1.0	0.0	0.0
wos-	0.840565133672	0.0590959788566	0.020971406035	0.0793674814361
lev-	0.0453643322937	0.931953501559	0.00850581230507	0.0141763538418
pam-	0.0	0.991803278689	0.0	0.00819672131148
mam-	0.138493000532	0.149120625004	0.0877040369598	0.624682337504
utu-	0.47311827957	0.189247311828	0.176344086021	0.161290322581
esa-	0.207014991742	0.523247881672	0.216279551558	0.0534575750281
joh-	0.0210871763234	0.909550494405	0.00963960721813	0.0597227220537
sia-	0.390646193912	0.420677120069	0.154495144051	0.0341815419673
lea-	0.0629370629372	0.870629370629	0.0	0.0664335664336
oji-	0.108933717579	0.382132564842	0.463400576369	0.0455331412104
boi-	0.350028565987	0.482289087793	0.028565987431	0.139116358789
sis-	0.597896026962	0.186275206912	0.0646289568209	0.151199809305
wat-	0.286990639372	0.0515482744732	0.0324560139213	0.629005072234
esh-	0.0	1.0	0.0	0.0
mag-	0.12651740221	0.583690076621	0.150285028203	0.139507492965
aug-	0.391650099404	0.500994035785	0.0119284294235	0.0954274353876
mos-	0.0469483568075	0.902167283662	0.0027658397515	0.0481185197794
kok-	0.0863677412997	0.306713018279	0.586163041472	0.020756198949
abu-	0.12543554007	0.83275261324	0.0	0.04181184669
ifu-	0.885714285714	0.0962406015037	0.018045112782	0.0
fri-	0.0378151260504	0.886554621849	0.0	0.0756302521008
reg-	0.0998438759066	0.60918614021	0.202079975826	0.088890008058
zem-	0.0	1.0	0.0	0.0
ink-	0.487404178845	0.318980958062	0.109718062173	0.0838968009198
mac-	0.0184772637924	0.957934739877	0.022015463242	0.00157253308872
utg-	0.955882352941	0.0220588235294	0.0220588235294	0.0
ico-	0.0	0.986486486486	0.0135135135135	0.0
job-	0.0	1.0	0.0	0.0
bet-	0.0240825275871	0.961000682937	0.00107832213076	0.0138384673448
ges-	0.25	0.75	0.0	0.0
sal-	0.0181956027294	0.948824867324	0.0113722517058	0.0216072782411
asu-	0.0730857111419	0.435422935741	0.452005326087	0.0394860270302
hob-	0.0	1.0	0.0	0.0
phi-	0.0071930398776	0.985613920245	0.0	0.0071930398776
aun-	0.444554715168	0.203165624766	0.207876736345	0.144402923721
ehi-	0.0	1.0	0.0	0.0
gab-	0.0352965800632	0.753654213628	0.0955441908607	0.115505015448
sek-	0.383065550611	0.439607406409	0.134467520989	0.0428595219907
400-	0.209627329193	0.125776397516	0.0	0.664596273292
cam-	0.0112598726888	0.954960509245	0.00562993634443	0.0281496817221
uiy-	0.637441427347	0.259517327662	0.0646533301904	0.0383879148006
yan-	0.0411199739654	0.183843054562	0.0400978744741	0.734939096999
bad-	0.00650909063648	0.973148795737	0.00284953523419	0.017492578392
itk-	0.61544772022	0.260386456933	0.040163574832	0.0840022480147
sim-	0.500689655858	0.28453604609	0.0374561958684	0.177318102184
fuf-	0.0914838898712	0.0687652213266	0.0210940933638	0.818656795438
eme-	0.02	0.68	0.3	0.0
buz-	0.0	1.0	0.0	0.0
zil-	0.027027027027	0.891891891892	0.0	0.0810810810811
ufe-	0.491544449147	0.316784130431	0.0803783375963	0.111293082826
min-	0.5426903901	0.0149912829351	0.00445991107965	0.437858415885
jok-	0.0	1.0	0.0	0.0
147-	0.0	0.0	0.0	1.0
goy-	0.777777777778	0.177777777778	0.0444444444446	0.0
iuf-	0.197138314785	0.144674085851	0.0111287758347	0.647058823529
inr-	0.55308335466	0.295982741567	0.100305431191	0.0506284725815
kut-	0.349682107175	0.548138056312	0.0681198910081	0.0340599455041
tab-	0.344779049398	0.430288129928	0.0705048718632	0.154427948811
waf-	0.416752339741	0.336948159511	0.0777873012866	0.168512199461
naz-	0.00323974082073	0.991576673866	0.00518358531318	0.0
gal-	0.0153780637835	0.950356455632	0.0209378253052	0.013327655279
buk-	0.355045504731	0.554453474271	0.0237684269069	0.0667325940906
fet-	0.431186474373	0.206141141394	0.0992761399462	0.263396244287
hav-	0.0	1.0	0.0	0.0
kar-	0.296726504751	0.484688489968	0.00633579725451	0.212249208026
boe-	0.543918918919	0.317567567568	0.0405405405405	0.097972972973
nue-	0.667099848386	0.261425167858	0.0714749837557	0.0
awe-	0.266727041624	0.672361734928	0.0378290756149	0.0230821478328
ibe-	0.500730759862	0.194871433272	0.260990243715	0.0434075631509
kus-	0.24046692607	0.658365758755	0.0428015564202	0.0583657587549
i’b-	0.535782261134	0.279358583936	0.101113437381	0.0837457175485
sei-	0.387038981899	0.343485513066	0.147772904182	0.121702600853
zoh-	0.0	1.0	0.0	0.0
ati-	0.102406373949	0.0633697709772	0.0275281464339	0.806695708639
imo-	0.676599352818	0.156154285418	0.107805983838	0.0594403779266
ubu-	0.522123893805	0.0678466076696	0.392330383481	0.0176991150442
rou-	0.138470800723	0.792895845876	0.00722456351596	0.0614087898855
ung-	0.58106169297	0.131456241033	0.127829587119	0.159652478878
jah-	0.0	1.0	0.0	0.0
not-	0.174307819863	0.612005921601	0.0547448273866	0.15894143115
kou-	0.179842845022	0.151123326078	0.135712177666	0.533321651234
bag-	0.248808529486	0.0742358762341	0.129473243392	0.547482350888
ugo-	0.238350869658	0.646768305776	0.0891131629804	0.0257676615847
jor-	0.0559332243352	0.516650890629	0.372515274073	0.0549006109629
mer-	0.0	1.0	0.0	0.0
het-	0.0	1.0	0.0	0.0
wof-	0.459714696473	0.299044007936	0.0502958453159	0.190945450276
tay-	0.509639776763	0.373160832065	0.0669710806698	0.0502283105023
kak-	0.0535288127473	0.426050236141	0.302258548564	0.218162402548
abb-	0.186440677966	0.71186440678	0.0	0.101694915254
tak-	0.104662585959	0.795737927907	0.0799516360613	0.0196478500718
fub-	0.422535211268	0.577464788732	0.0	0.0
one-	0.0792410714286	0.837053571428	0.0334821428571	0.0502232142858
iag-	0.58389261745	0.295302013423	0.0	0.120805369128
tou-	0.13408752162	0.136168185114	0.158112057425	0.571632235841
kik-	0.118286317351	0.842636698137	0.0176844747426	0.0213925097692
bea-	0.0	0.809523809524	0.190476190476	0.0
rep-	0.0	1.0	0.0	0.0
ani-	0.585848252866	0.217533867342	0.0524417897111	0.144176090082
wam-	0.504309809817	0.307368740432	0.0692327848957	0.119088664855
sil-	0.0135153198378	0.951906254177	0.0202313941572	0.0143470318278
ake-	0.0	1.0	0.0	0.0
oha-	0.0	1.0	0.0	0.0
akw-	0.346590909091	0.460227272727	0.119318181818	0.0738636363636
jas-	0.0351008215086	0.94212098581	0.0227781926811	0.0
phr-	0.0	0.96178343949	0.0382165605095	0.0
leu-	0.0	1.0	0.0	0.0
aib-	0.0672113863996	0.0318133895625	0.00506062203479	0.895914602003
try-	0.0	1.0	0.0	0.0
itr-	0.534050706713	0.264956442492	0.0687410493425	0.132251801453
nau-	0.157230074433	0.714811407544	0.110395584177	0.0175629338463
tur-	0.178586961401	0.499777897127	0.113434979577	0.208200161895
egi-	0.279805952586	0.598426039191	0.0240931353169	0.0976748729064
iny-	0.502421922774	0.30577589747	0.0533750772462	0.13842710251
sau-	0.388349925725	0.463178572359	0.0190084959996	0.129463005916
sad-	0.0245901639344	0.951251078516	0.0129421915444	0.0112165660052
tat-	0.283347155513	0.506682356639	0.0622270302786	0.147743457569
fon-	0.139547620584	0.764021329427	0.0591490827335	0.0372819672558
aut-	0.505340083495	0.494659916505	0.0	0.0
pri-	0.0101933874941	0.742124508499	0.23582488028	0.0118572237267
tro-	0.00454545454545	0.990909090909	0.0	0.00454545454547
oho-	0.0	1.0	0.0	0.0
bom-	0.208692622594	0.74557965334	0.0169845832245	0.0287431408414
auu-	0.0834921845215	0.861608844834	0.0	0.0548989706443
moa-	0.21706864564	0.504638218924	0.200371057514	0.077922077922
gol-	0.0043499087296	0.810597724066	0.182333674249	0.002718692956
ela-	0.0	1.0	0.0	0.0
aiw-	0.0584527079307	0.873892952814	0.040628978511	0.027025360744
uri-	0.0	1.0	0.0	0.0
sow-	0.612473763118	0.327664167916	0.0497871064468	0.0100749625187
wot-	0.575594076328	0.232642495008	0.0657663878765	0.125997040788
zep-	0.0	1.0	0.0	0.0
nag-	0.0	1.0	0.0	0.0
bai-	0.0952411082887	0.484725424139	0.048395778556	0.371637689016
aif-	0.126831449433	0.168104033935	0.0109063990368	0.694158117595
yen-	0.62123485246	0.0406483223153	0.00884392200374	0.329272903221
itu-	0.548686244204	0.245999212803	0.0776349515681	0.127679591425
had-	0.0	1.0	0.0	0.0
kad-	0.0	0.627218934911	0.372781065089	0.0
aye-	0.515210355987	0.277669902913	0.135922330097	0.0711974110032
rui-	0.0429441062535	0.0700608743774	0.114222468179	0.77277255119
kin-	0.056489083894	0.822074225248	0.0398193629902	0.0816173278678
ras-	0.0458948038974	0.917620998683	0.018965991516	0.0175182059041
luz-	0.0	1.0	0.0	0.0
tir-	0.0	1.0	0.0	0.0
las-	0.034188034188	0.965811965812	0.0	0.0
uko-	0.53264604811	0.137457044674	0.243986254295	0.085910652921
men-	0.0906910879482	0.0288638718144	0.01492369609	0.865521344147
rob-	0.162487858683	0.765405067251	0.0172859424131	0.054821131653
eup-	0.0	0.984375	0.015625	0.0
iko-	0.541295370572	0.215605303195	0.173549228429	0.0695500978048
it’-	0.64406779661	0.216949152542	0.0779661016949	0.0610169491525
ank-	0.639222890206	0.15803790712	0.0570304413227	0.145708761351
eib-	0.67107195301	0.23201174743	0.0308370044053	0.0660792951541
shu-	0.0	1.0	0.0	0.0
uru-	0.167005078577	0.706751745911	0.106060097295	0.0201830782167
930-	0.0	0.0	0.0	1.0
deb-	0.181818181818	0.772727272727	0.0	0.0454545454545
sol-	0.0	1.0	0.0	0.0
ame-	0.0	0.695652173913	0.304347826087	0.0
dom-	0.0	1.0	0.0	0.0
jet-	0.0	1.0	0.0	0.0
kuf-	0.363582267182	0.577209163939	0.0249925617376	0.0342160071407
uye-	0.395402298851	0.427011494253	0.115517241379	0.0620689655172
iso-	0.619025263853	0.238832959505	0.0642463443048	0.0778954323371
bos-	0.292978613328	0.582447803052	0.0336150939927	0.0909584896271
nig-	0.0302313354364	0.955967402734	0.00788643533123	0.00591482649841
laz-	0.0337023770759	0.878378378378	0.0312601758385	0.0566590687073
utk-	0.260327357755	0.511041829047	0.111717329176	0.116913484022
bob-	0.268752669432	0.354873789827	0.0581365193612	0.31823702138
siw-	0.168204681912	0.727111386917	0.0454997035226	0.0591842276486
hem-	0.0	1.0	0.0	0.0
aqu-	0.0114484818318	0.982578397213	0.0	0.00597312095569
ket-	0.0	1.0	0.0	0.0
wak-	0.399519506932	0.41635480311	0.0421467632711	0.141978926687
afa-	0.130899264312	0.764920968615	0.0801797934698	0.0239999736033
dru-	0.0	0.943661971831	0.056338028169	0.0
nil-	0.0	0.636363636364	0.0	0.363636363636
318-	0.0	0.35294117647	0.64705882353	0.0
taw-	0.120090067551	0.80485364023	0.0	0.0750562922192
mon-	0.370159453303	0.367881548975	0.182232346241	0.0797266514806
kof-	0.342857142857	0.5	0.1	0.0571428571428
tho-	0.00214018191546	0.960406634564	0.027822364901	0.00963081861958
ano-	0.62268584233	0.181611593596	0.0501762577139	0.14552630636
asy-	0.0	1.0	0.0	0.0
itg-	0.453985077956	0.128198582302	0.0243274333206	0.393488906422
aur-	0.0278374442025	0.0100336778413	0.00407636864263	0.958052509314
ara-	0.449306932046	0.436049466785	0.0688233960828	0.0458202050866
gew-	0.0	1.0	0.0	0.0
cos-	0.0223463687151	0.977653631285	0.0	0.0
bra-	0.175015852885	0.581483830057	0.243500317058	0.0
kek-	0.0940152059451	0.84877269364	0.0120446527189	0.045167447696
utb-	0.422731299835	0.476015694216	0.0480951778256	0.053157828123
unk-	0.407614022388	0.394458286867	0.072622905341	0.125304785404
182-	0.0	0.0	0.0	1.0
thy-	0.0	1.0	0.0	0.0
rum-	0.261572767564	0.118591374668	0.0655458608214	0.554289996947
afo-	0.535194865606	0.0917136441164	0.0530875000407	0.320003990237
boz-	0.0	1.0	0.0	0.0
yey-	0.0	1.0	0.0	0.0
lio-	0.0173195876289	0.877525773196	0.105154639175	0.0
yos-	0.0	1.0	0.0	0.0
gah-	0.0	1.0	0.0	0.0
sea-	0.0155440414508	0.911917098446	0.0725388601036	0.0
cle-	0.0132158590308	0.960352422907	0.0132158590308	0.0132158590308
reb-	0.0596536041368	0.552302037256	0.158557099246	0.229487259361
fai-	0.0839234712179	0.658934387932	0.109381780018	0.147760360833
uis-	0.853949329359	0.113263785395	0.00596125186288	0.026825633383
dum-	0.203934763307	0.22921631852	0.499556054021	0.0672928641525
bar-	0.0382067984017	0.945919316876	0.00602112868795	0.00985275603482
zeb-	0.0	0.997326032979	0.00267396702107	0.0
pis-	0.242311276794	0.757688723206	0.0	0.0
nai-	0.278145695364	0.682119205298	0.0132450331126	0.0264900662252
pet-	0.0206047762654	0.893829977993	0.00469475914907	0.0808704865922
tem-	0.0952380952379	0.809523809524	0.095238095238	0.0
sai-	0.233391007482	0.670765848491	0.0725299468313	0.0233131971958
apo-	0.0207866965142	0.971218420211	0.0	0.0079948832747
fan-	0.0772177397472	0.194240753355	0.147700118996	0.580841387902
avi-	0.0	1.0	0.0	0.0
yas-	0.367936969145	0.400638599493	0.157146076089	0.0742783552734
