-okó	0.717948717949	0.0769230769231	0.205128205128	0.0
-eue	0.648841354724	0.229946524064	0.0427807486631	0.078431372549
-oye	0.435926126411	0.294580765653	0.0712372804441	0.198255827492
-oya	0.199181237326	0.40169108926	0.167578528523	0.23154914489
-oyo	0.390589965045	0.3613094957	0.111213661747	0.136886877507
-kia	0.198275862069	0.605172413793	0.15	0.0465517241379
--18	0.0	1.0	0.0	0.0
--11	0.266666666667	0.346666666667	0.0	0.386666666667
--10	0.0	1.0	0.0	0.0
-pui	0.479312434849	0.310250300092	0.0274534463152	0.182983818745
-ará	0.234503659652	0.178808325709	0.576395242452	0.0102927721866
-opu	0.369113682591	0.262237233	0.0501299564465	0.318519127963
-opo	0.228151898542	0.316111917571	0.0349421617191	0.420794022168
-opi	0.361600339138	0.415689330127	0.179417941794	0.0432923889404
-ope	0.45062144637	0.443153848975	0.0839993993816	0.022225305274
-opa	0.230576357184	0.163400639039	0.0899289127709	0.516094091006
-dea	0.0344827586207	0.896551724138	0.0689655172414	0.0
-imu	0.343946809752	0.311859470446	0.0293874158651	0.314806303937
-dee	0.436393101054	0.483350696454	0.0501601265578	0.0300960759347
-oku	0.401745063702	0.55097388129	0.00518053926314	0.0421005157451
-dei	0.509303887189	0.341535477132	0.0358128777139	0.113347757965
-ima	0.111933642526	0.594630752765	0.0428112736354	0.250624331074
-oko	0.199551097227	0.150763312157	0.0623739144467	0.587311676169
-ime	0.204202632527	0.560612144321	0.142340102239	0.0928451209134
-ulú	0.357645201479	0.385464114237	0.0993914878133	0.157499196471
-imi	0.392837860892	0.230273429724	0.119565223266	0.257323486119
-oka	0.426914006295	0.563754540016	0.0	0.00933145368951
-imo	0.564814704645	0.183116926938	0.0710105630879	0.181057805329
-lla	0.0448531357502	0.942048160889	0.0127017729558	0.000396930404869
-lle	0.428769311291	0.402978811724	0.114153190875	0.0540986861103
-lli	0.0631131130422	0.890005023572	0.0156957969019	0.031186066484
-llo	0.0562165688748	0.870072540385	0.0237610115364	0.0499498792035
-ida	0.042671009772	0.933550488599	0.00586319218241	0.0179153094463
-:30	0.246691871456	0.753308128544	0.0	0.0
-ála	0.258067690619	0.555390265037	0.115467663977	0.0710743803671
-uta	0.0	1.0	0.0	0.0
-ria	0.0257172070265	0.886711922613	0.00753628296099	0.0800345873997
-úye	0.421018488485	0.171550077486	0.0627094821061	0.344721951923
-íla	0.419534995461	0.395142853	0.0686837148081	0.11663843673
-utu	0.0932642487047	0.875647668394	0.0310880829016	0.0
-tei	0.488746720288	0.258251002142	0.0798145221431	0.173187755426
-sia	0.038828048913	0.942075701325	0.00970490365299	0.00939134610948
-are	0.101430333002	0.104016571525	0.0588602035364	0.735692891936
-ara	0.177656939536	0.412564852788	0.112344522815	0.297433684861
-aro	0.228362607299	0.172493952027	0.549628967211	0.0495144734636
-ari	0.588812392427	0.165404475043	0.0144578313253	0.231325301205
-opó	0.236686390533	0.715976331361	0.0	0.0473372781065
-aru	0.683178464273	0.266103337555	0.00606884422577	0.0446493539468
-éye	0.428337772253	0.279794862002	0.0946327636373	0.197234602107
-mei	0.138566410669	0.703071977139	0.122938619992	0.035422992201
-lue	0.273929543889	0.282876469069	0.21904731155	0.224146675492
-aye	0.308452929655	0.340223701732	0.155535097675	0.195788270937
-aya	0.0385296960584	0.933367343286	0.0166469766942	0.0114559839616
-ayo	0.402967596595	0.346102377651	0.112948645311	0.137981380443
-rai	0.0	1.0	0.0	0.0
-ópe	0.5	0.267932489451	0.149789029536	0.0822784810126
-alo	0.0662238532566	0.183987249022	0.0416556257117	0.70813327201
-umu	0.456755039531	0.20762738874	0.0393649843943	0.296252587335
-ota	0.0	1.0	0.0	0.0
-ote	0.248750982345	0.568398143217	0.0191022884848	0.163748585953
-oti	0.060277234226	0.797068925409	0.00697874902502	0.13567509134
-upú	0.342268041237	0.476288659794	0.156701030928	0.0247422680412
-apá	0.0552116410904	0.934233691116	0.00699262643303	0.00356204136067
-ume	0.231516064806	0.470708503047	0.0549348906309	0.242840541516
-uma	0.241925900935	0.491079144553	0.052222839239	0.214772115273
-umi	0.0826626060474	0.860778768762	0.0326299760713	0.023928649119
-ako	0.563302509728	0.161562701684	0.0810244091148	0.194110379474
ALL	0.233545178817	0.270407852584	0.0518817112341	0.444165257365
-nai	0.257299297463	0.607660045772	0.0337325145891	0.101308142176
-aki	0.299214525123	0.185361070281	0.0836560927463	0.431768311849
-ake	0.0605242841735	0.483182711379	0.432317085982	0.0239759184647
-naa	0.0836997714137	0.0464071701677	0.012421752966	0.857471305453
-aka	0.208078541455	0.402631244991	0.198162048447	0.191128165107
-nae	0.159387389692	0.104521038496	0.0427484333035	0.693343138509
-aku	0.056432864165	0.066709021148	0.0283321305194	0.848525984168
-sie	0.62383612663	0.246741154562	0.0754189944134	0.0540037243948
-mou	0.730088495575	0.269911504425	0.0	0.0
-lku	0.362937517655	0.105278153373	0.0341160374266	0.497668291546
-lko	0.355306760566	0.156448067519	0.0443974892459	0.443847682668
-mom	0.0	0.885057471264	0.0	0.114942528736
-lka	0.207394439069	0.149840312319	0.0485586065072	0.594206642105
-lke	0.194157245234	0.488299595012	0.0360891541357	0.281454005618
-ma-	0.0	1.0	0.0	0.0
-beo	0.0314136125654	0.968586387435	0.0	0.0
-bea	0.49373433584	0.431077694236	0.0751879699248	0.0
-iso	0.0605263157894	0.894736842105	0.0	0.0447368421052
-upu	0.382562722805	0.117614494597	0.035119028923	0.464703753675
-isi	0.0373554815358	0.930496048437	0.00870221638653	0.0234462536402
-ise	0.046941804078	0.128982848734	0.108672053315	0.715403293872
-isa	0.0506925822815	0.891919588721	0.0358673931237	0.0215204358742
-upe	0.284660136305	0.149283885703	0.081513377646	0.484542600345
-upi	0.102851157737	0.852461787522	0.0184422765598	0.0262447781812
-ápa	0.0685005393743	0.662891046386	0.252427184466	0.0161812297735
-úni	0.443259710586	0.460776846915	0.0959634424981	0.0
-úne	0.210225152382	0.637392710536	0.0914292822491	0.0609528548327
-aká	0.155254524185	0.743105852781	0.0838526890032	0.017786934031
-maa	0.084388185654	0.789029535865	0.0675105485232	0.0590717299578
-uni	0.154877329584	0.290418251867	0.0340246922129	0.520679726337
-une	0.254662070419	0.325475148452	0.059386273093	0.360476508036
-una	0.287338995918	0.28505983183	0.0491540455983	0.378447126654
-unu	0.317998508996	0.243353098673	0.0731603694954	0.365488022836
-mbó	0.707013518614	0.141853729518	0.03992090994	0.111211841929
-gaa	0.353982300885	0.380530973451	0.23598820059	0.0294985250737
-mbú	0.203666288073	0.11806449163	0.0458620509807	0.632407169316
-mbá	0.465787044433	0.0661212816584	0.012646047876	0.455445626033
-óla	0.573040045121	0.203045685279	0.0338409475465	0.190073322053
-mbé	0.220352807564	0.139021212198	0.0284078865798	0.612218093659
-ólo	0.248204976886	0.546473886102	0.0990951116357	0.106226025376
-óli	0.238246505718	0.6791613723	0.0825921219822	0.0
-ini	0.0757442713983	0.724823265982	0.0463033697926	0.153129092827
-sei	0.554287149715	0.222005135648	0.0732667187674	0.150440995869
-ino	0.547923716937	0.234528796454	0.0754871764897	0.142060310119
-ina	0.187358936168	0.672343775844	0.0734852815628	0.0668120064252
-see	0.484375	0.15625	0.125	0.234375
-ine	0.247787185831	0.512090266744	0.0444570752998	0.195665472125
-óko	0.439093484419	0.458923512748	0.0679886685552	0.0339943342776
-nou	0.386804798255	0.51199563795	0.0706652126499	0.030534351145
-inu	0.541725885645	0.23026771183	0.0572420462825	0.170764356242
-eda	0.0	0.966666666667	0.0	0.0333333333333
-noi	0.700800376648	0.227777777778	0.0328154425612	0.0386064030132
-kue	0.828813559322	0.128248587571	0.0344632768361	0.00847457627119
-nee	0.137119548164	0.0	0.860370254158	0.00251019767808
-eka	0.0	0.993362831858	0.0	0.00663716814159
-eke	0.245455906872	0.493849026087	0.229006719048	0.0316883479928
-ímu	0.396473621855	0.46553766813	0.0547076451321	0.0832810648825
-eki	0.172408211713	0.403274973698	0.0558418085192	0.36847500607
-eko	0.207171505917	0.0817989810005	0.0344140389522	0.67661547413
-eku	0.167261463874	0.750319843782	0.0537337553027	0.0286849370413
-íme	0.324151227396	0.313602849681	0.127653960439	0.234591962484
-íma	0.395209580838	0.215568862275	0.353293413174	0.0359281437126
-ase	0.0444444444444	0.9	0.0555555555556	0.0
-mbu	0.1564741308	0.205543932975	0.0320753727369	0.605906563488
-asa	0.0298937112489	0.93689105403	0.0	0.033215234721
-asi	0.0375530521476	0.928747266955	0.00874784954874	0.0249518313486
-mba	0.396205005367	0.163910977598	0.0363508944685	0.403533122567
-lto	0.272408604035	0.0624033143964	0.0282945740732	0.636893507496
-mbe	0.227248209892	0.0908084052983	0.0209469245468	0.660996460263
-mbi	0.219573629987	0.319810332192	0.174001902872	0.286614134949
-lta	0.108807127748	0.772931222358	0.108326389334	0.00993526056023
-lte	0.188020098151	0.195556878028	0.112990402957	0.503432620865
-mbo	0.203942397764	0.251367224627	0.0307814311985	0.513908946411
-eru	0.146756274859	0.826498422713	0.0097380331916	0.017007269236
-eri	0.175305066796	0.266385261832	0.241799758992	0.31650991238
-ero	0.543017579334	0.122141930655	0.0520554516913	0.28278503832
-era	0.120457629041	0.432377358691	0.108902615662	0.338262396606
-ere	0.221603179385	0.334632028504	0.1249980362	0.318766755911
-lsi	0.709570957096	0.220297029703	0.0495049504951	0.0206270627063
-pou	0.276001476991	0.577269799833	0.0398529879007	0.106875735275
-poi	0.0318021201413	0.471731448763	0.231448763251	0.265017667845
-ike	0.287468576111	0.1697251136	0.101246967822	0.441559342466
-laa	0.410325991278	0.389735877148	0.0918620384389	0.108076093135
-ika	0.184138243687	0.73868636497	0.0168004480119	0.0603749433318
-iko	0.0564428457195	0.797703527596	0.0287424513605	0.117111175324
-lai	0.3928152258	0.447544613086	0.0748908568736	0.0847493042403
-iki	0.0723870484299	0.785025815641	0.11358160442	0.0290055315094
--ne	0.438958316724	0.318436846905	0.100361440474	0.142243395897
-iku	0.249792230054	0.161492604315	0.0386907871017	0.55002437853
--na	0.396998722355	0.321541250849	0.114113944616	0.16734608218
-noa	0.000102259574432	0.999897740426	0.0	0.0
--no	0.0449976065103	0.894686452848	0.0603159406415	0.0
-dou	0.491401079629	0.32987411643	0.0560255155737	0.122699288367
-boa	0.463585799747	0.325206075773	0.120902020046	0.090306104434
-bou	0.162506118453	0.230543318649	0.551150269212	0.0558002936858
-reu	0.0	1.0	0.0	0.0
-doi	0.526622781435	0.267144404633	0.0787434380468	0.127489375885
-olu	0.0400763358779	0.625954198473	0.200381679389	0.13358778626
-toi	0.490138872681	0.265141790174	0.0816898121134	0.163029525032
-oli	0.121810904462	0.650899240745	0.0976300187547	0.129659836038
-tou	0.33363371011	0.401763081082	0.057648833428	0.20695437538
-olo	0.202404427373	0.196154479553	0.0657840074025	0.535657085671
-ola	0.272180565337	0.162526143747	0.0444155297803	0.520877761136
-ole	0.362139917695	0.475994513032	0.137174211248	0.0246913580247
-iei	0.611922557908	0.201764220522	0.0378696788708	0.148443542699
-rou	0.531791907514	0.206647398844	0.119942196532	0.14161849711
-loi	0.389942130084	0.371480080238	0.0302483997479	0.208329389931
-iee	0.608995660771	0.176881179627	0.0421850488173	0.171938110785
-ámo	0.431351784061	0.305662437745	0.0266475336167	0.236338244577
-áma	0.21875	0.394132653061	0.199617346939	0.1875
-oki	0.549185274593	0.364815932408	0.036210018105	0.0497887748944
-lou	0.364019341032	0.37971810811	0.0403053053927	0.215957245466
-áme	0.142486239485	0.644095960121	0.200955447087	0.0124623533077
-roi	0.317689530686	0.212996389892	0.281588447653	0.187725631769
-ipi	0.182790127801	0.675677710024	0.0285839160087	0.112948246166
-ipa	0.0243309577175	0.925955888239	0.037635947129	0.0120772069145
-ipe	0.24586988089	0.113485521985	0.0372841427688	0.603360454356
-oke	0.520391996733	0.292192731727	0.0347897100857	0.152625561454
-ewe	0.67081166629	0.290752882659	0.0144698168664	0.0239656341849
-úna	0.257642998028	0.644354043393	0.0795118343195	0.0184911242604
-ewa	0.0251572327044	0.465408805031	0.509433962264	0.0
-ipu	0.282078003409	0.155497965326	0.0321983093418	0.530225721924
-awi	0.411691894186	0.317902107795	0.126220115999	0.14418588202
-awa	0.55585801488	0.304423927473	0.0251845247636	0.114533532883
-úma	0.428649535265	0.481683980317	0.0667031164571	0.0229633679606
-awe	0.179334717591	0.322925187189	0.0627084250928	0.435031670127
-úme	0.359389454209	0.579093432007	0.0615171137835	0.0
-úmu	0.187187140138	0.65385067331	0.107142017814	0.0518201687387
-oló	0.12891709639	0.797302657676	0.0404601348671	0.033320111067
-olé	0.297725706409	0.688490696072	0.0124052377671	0.00137835975189
-olí	0.364752618274	0.635247381726	0.0	0.0
-olá	0.487236403996	0.354051054384	0.0915649278579	0.0671476137625
-eyu	0.0277563608327	0.972243639167	0.0	0.0
-éle	0.5249552086	0.253220714956	0.0605750362596	0.161249040184
-eyo	0.44893168428	0.336376489704	0.108085803649	0.106606022367
-eya	0.607643868072	0.388054118087	0.0	0.00430201384126
--we	0.0655138673617	0.0804419545057	0.732472053132	0.121572125001
-eye	0.508576865874	0.227918547432	0.0632257902751	0.20027879642
-lei	0.321285140562	0.485943775101	0.0361445783132	0.156626506024
-lea	0.125014383857	0.2458505771	0.0135354016269	0.615599637415
-éla	0.53425565404	0.172158886988	0.0946559255201	0.198929533451
-élo	0.310441485634	0.368605466013	0.185003503854	0.135949544499
-iou	0.254612546125	0.745387453875	0.0	0.0
-alu	0.508176064165	0.324256298732	0.0657032577963	0.101864379307
-ndu	0.388604322522	0.167945936533	0.0647256209625	0.378724119983
-ndi	0.239223584698	0.12338888166	0.0690209438292	0.568366589814
-ána	0.733719572271	0.185927258756	0.0399045941639	0.0404485748087
-:51	0.0794896957802	0.78802747792	0.1324828263	0.0
-áne	0.0338484833024	0.740130999163	0.0589618741395	0.167058643395
-ndo	0.448681157365	0.179786958276	0.0292023802428	0.342329504115
-ali	0.0276525804413	0.161579267764	0.0814183813801	0.729349770415
-nda	0.287294911948	0.17058815916	0.136139754093	0.405977174799
-ale	0.191834264585	0.446366714272	0.0499998248916	0.311799196251
-nde	0.290243235177	0.525089031199	0.146503025967	0.0381647076577
-úru	0.0175438596491	0.758771929825	0.206140350877	0.0175438596491
-ala	0.268512946535	0.542030222585	0.0850987648338	0.104358066046
-íne	0.197002606429	0.759556907037	0.024761077324	0.0186794092094
-pee	0.501806517669	0.39387147901	0.0300588823128	0.0742631210082
-pea	0.0811838108552	0.0494514237807	0.0240927230109	0.845272042353
-peb	0.671875	0.1171875	0.1171875	0.09375
-lsu	0.153699366741	0.141311497586	0.0459556803098	0.659033455363
-peo	0.207964567712	0.790735653739	0.0	0.0012997785482
-pei	0.375939849624	0.624060150376	0.0	0.0
-elu	0.0749400999811	0.249647270421	0.0949076704648	0.580504959133
-iyo	0.43587660239	0.294051537244	0.171504391772	0.0985674685931
-eli	0.173455291313	0.359858061067	0.107597655247	0.359088992372
-elo	0.180218269505	0.490758095175	0.0392597696836	0.289763865637
-lse	0.191574671561	0.307415594075	0.0769637890898	0.424045945274
-iye	0.382553146343	0.174399408172	0.0612881063744	0.38175933911
-ela	0.330956012836	0.29552606981	0.12940198519	0.244115932164
-iya	0.267829946478	0.451720986902	0.181998172403	0.098450894217
-ele	0.259862986126	0.173712012604	0.0384305712772	0.527994429993
-esi	0.102768004201	0.834942001417	0.0360736667806	0.0262163276022
-eso	0.0	1.0	0.0	0.0
-iti	0.111682520244	0.740586112132	0.0110289023767	0.136702465247
-esa	0.0	1.0	0.0	0.0
-ese	0.0	0.736616702356	0.0256959314775	0.237687366167
-ita	0.0177387696655	0.95974475337	0.00625593810487	0.01626053886
-ute	0.0586797066015	0.601466992665	0.0	0.339853300734
-uda	0.0639547340144	0.729291839018	0.136145682679	0.0706077442885
-alá	0.13425811246	0.74064899678	0.0185781520931	0.106514738667
-nju	0.16720533553	0.324443634787	0.0881929494903	0.420158080194
-abd	0.09375	0.59375	0.265625	0.046875
-nje	0.380135598352	0.28938270975	0.0915638711443	0.238917820753
-nja	0.0166638613028	0.966672277394	0.00706951691633	0.00959434438646
-njo	0.165775350596	0.309881483349	0.0896126597714	0.434730506284
-uou	0.427299703264	0.252225519288	0.26706231454	0.053412462908
-nji	0.314601860814	0.525392769696	0.0192817431594	0.140723626331
-eló	0.247422680412	0.167893961708	0.337260677467	0.247422680412
-koi	0.477244772448	0.217712177122	0.0873308733087	0.217712177122
-kou	0.253741104984	0.488221224346	0.0568466846799	0.201190985989
-iyé	0.67926988266	0.226857887875	0.0938722294654	0.0
-oro	0.318646068791	0.497629751798	0.0591630473392	0.124561132072
-óma	0.0	1.0	0.0	0.0
-ómo	0.346730433183	0.442472178792	0.130598730801	0.0801986572243
-ora	0.394122369894	0.225594754209	0.0992891415124	0.280993734385
-ore	0.182726370979	0.201200935242	0.294831373105	0.321241320675
--su	0.0271155801604	0.957066998079	0.00225963168004	0.0135577900802
-jei	0.460919986352	0.377755052892	0.0521933696562	0.109131591099
-omu	0.34701739891	0.451649948469	0.0815890181909	0.11974363443
-éma	0.525612642186	0.258187647912	0.0753492633026	0.140850446599
-omi	0.0571564521398	0.533211100707	0.00644766469697	0.403184782456
-lio	0.236781545485	0.0721941192273	0.0314112379817	0.659613097306
-omo	0.203852979978	0.505659447865	0.0641003940391	0.226387178118
-lie	0.427309361144	0.125667970627	0.0353596055739	0.411663062655
-oma	0.0995763787105	0.367010128253	0.0361710306064	0.49724246243
-lia	0.0318010985834	0.89977835598	0.0327647682374	0.0356557771996
-ome	0.161588297818	0.753125474515	0.0598522042821	0.0254340233841
-:13	0.0311958405546	0.851819757366	0.11698440208	0.0
--40	0.328947368421	0.5	0.144736842105	0.0263157894737
-eaa	0.409093258138	0.433600635628	0.0328664013483	0.124439704886
-oda	0.0	1.0	0.0	0.0
-eai	0.403167487943	0.436938221041	0.0324879135711	0.127406377446
-uri	0.430563043683	0.191471694106	0.0973453212741	0.280619940937
-ura	0.0292694813106	0.916694553193	0.0540359654965	0.0
-uru	0.295555649076	0.325072620926	0.236949418984	0.142422311015
-pai	0.265042504848	0.651247557481	0.0160310852422	0.0676788524288
-apa	0.0242935389814	0.931396299425	0.0119015178352	0.0324086437583
-ára	0.256245996156	0.399743754004	0.274823830878	0.0691864189622
-ape	0.123646270739	0.588962222934	0.0313538826646	0.256037623663
-paa	0.0926578824451	0.0445779646647	0.0962917822304	0.76647237066
-ngú	0.0894256713349	0.899781575228	0.00308364383914	0.00770910959785
-api	0.442332433456	0.4683397407	0.0497147301209	0.0396130957229
-apo	0.0859920996657	0.798541476755	0.0850805226375	0.030385900942
-ngá	0.823529411765	0.0980392156863	0.0392156862745	0.0392156862745
-waa	0.811902907827	0.0388406677936	0.0140548137737	0.135201610606
-apu	0.143799077406	0.213165936797	0.0877277300245	0.555307255773
-ngé	0.344340751376	0.177075855468	0.021536252692	0.457047140464
-ngí	0.336310109553	0.181965082323	0.0621886010338	0.41953620709
-wai	0.822712848442	0.0436341823392	0.0125293814715	0.121123587747
-áye	0.664437225301	0.133288744506	0.00286642461304	0.19940760558
-omú	0.251479289941	0.597633136095	0.0532544378698	0.0976331360946
-sua	0.019688269073	0.931091058244	0.0147662018048	0.0344544708778
-dia	0.0328666379219	0.916214479218	0.0407985616778	0.0101203211819
--ou	0.197768000228	0.316836425751	0.152786022012	0.33260955201
-uku	0.334615988122	0.165325582946	0.0162621209727	0.48379630796
-uka	0.694214876033	0.231404958678	0.0743801652893	0.0
-elá	0.228260869565	0.0465838509317	0.461180124224	0.26397515528
-ngu	0.131364534064	0.101367547466	0.00717709304874	0.760090825422
-ona	0.343250625494	0.431785383567	0.0486595977242	0.176304393215
-áka	0.29802259887	0.515536723164	0.169491525424	0.0169491525424
-nga	0.13816058946	0.252848199413	0.0632664021655	0.545724808961
-aia	0.059620596206	0.940379403794	0.0	0.0
-nge	0.193529661336	0.263749945646	0.044925097273	0.497795295745
-ngi	0.476681128767	0.212055794719	0.0365259301869	0.274737146327
-ngo	0.398810797577	0.273866646934	0.0727889944474	0.254533561042
-eme	0.0740979569139	0.857394795931	0.00770041381964	0.0608068333357
-uwe	0.624409976675	0.348912704098	0.0141421933256	0.0125351259023
-ema	0.160573533086	0.484830731513	0.06310386887	0.291491866531
-uwa	0.420765027322	0.315975570556	0.236258437801	0.0270009643202
-emo	0.31265718548	0.310549580764	0.0375148195917	0.339278414164
-emu	0.398768022684	0.251251073708	0.070337508285	0.279643395324
-nié	0.203849838161	0.100411166444	0.0385657659503	0.657173229444
-ilí	0.554406044549	0.268095673635	0.0354394193899	0.142058862427
-dai	0.288331726133	0.665380906461	0.0347155255545	0.0115718418515
-eta	0.167522674179	0.832477325821	0.0	0.0
-ete	0.178277778857	0.676731023467	0.0177065516578	0.127284646019
-eti	0.0875124456323	0.110045590316	0.0361578368181	0.766284127234
-úlu	0.283225408572	0.68347209374	0.0120259019426	0.0212765957447
-uyo	0.570051413882	0.257712082262	0.0661953727506	0.106041131105
-tia	0.0793950850661	0.897920604915	0.0151228733459	0.00756143667296
-uye	0.472615874705	0.249517221105	0.0561710626281	0.221695841562
-ate	0.0265912579605	0.958538438478	0.00683624957454	0.00803405398717
-úla	0.421278254092	0.468303455443	0.0415692387633	0.0688490517017
-ata	0.0041138470672	0.975129924548	0.00426344150601	0.0164927868785
-uyu	0.145945083757	0.0341551587371	0.170474650021	0.649425107485
-:42	0.07833655706	0.704061895551	0.217601547389	0.0
--po	0.0193548387097	0.00967741935483	0.0	0.970967741935
-kai	0.211195928753	0.680326771126	0.0602651667336	0.0482121333869
-uli	0.169205722697	0.592575106261	0.178804919001	0.0594142520412
-kao	0.0947094380274	0.861392064157	0.0110718774313	0.0328266203842
-kaa	0.476864298854	0.266025187491	0.140087731711	0.117022781944
-ula	0.374121887669	0.347368004831	0.0995203186737	0.178989788826
-osi	0.0788912548732	0.856626724817	0.028909268247	0.0355727520627
-osu	0.0847084708471	0.772277227723	0.14301430143	0.0
-nia	0.0392114484937	0.902798051846	0.0333136912942	0.0246768083661
-emó	0.374569536424	0.346754966887	0.0932450331125	0.185430463576
-nie	0.0406424977074	0.0459982571692	0.00512700281449	0.908232242309
-nio	0.287156066757	0.463933994888	0.060366862126	0.188543076229
-ulu	0.182136732341	0.52785793385	0.0410376034948	0.248967730314
-óna	0.0321715817694	0.0214477211796	0.0	0.946380697051
-émo	0.267628205128	0.444711538462	0.203525641026	0.0841346153846
-nce	0.35790725327	0.541022592152	0.0142687277051	0.0868014268727
-éni	0.597701149425	0.248275862069	0.103448275862	0.0505747126437
-ilu	0.696148857628	0.215554225282	0.0344208320862	0.0538760850045
-éne	0.177483443709	0.782781456954	0.0158940397351	0.0238410596026
--ki	0.237154150198	0.659090909091	0.0197628458498	0.0839920948617
-ila	0.40250611825	0.371131726282	0.108952177401	0.117409978067
--ka	0.1954821894	0.48045178106	0.271937445699	0.0521285838401
-ili	0.292610433953	0.298044182461	0.146238603239	0.263106780348
-amu	0.337121371519	0.121065372964	0.101434284828	0.440378970689
-ami	0.100256663154	0.818823709487	0.0313084652458	0.0496111621139
-amo	0.154738753908	0.475145565785	0.216081235556	0.154034444752
-ama	0.136504421656	0.345791681099	0.414867790645	0.1028361066
-ame	0.193477713223	0.730819308238	0.017901741921	0.0578012366188
-usi	0.0154679517846	0.804958771911	0.0038956630638	0.17567761324
-iri	0.523596458521	0.312949173484	0.0927399308373	0.0707144371577
-usa	0.133054571503	0.781370299342	0.0557713772767	0.029803751878
-ira	0.00424764389077	0.988106597106	0.0	0.00764575900339
-iru	0.521301231154	0.0913201223146	0.0318782472792	0.355500399252
-epe	0.0840910852984	0.15524835155	0.0101821871915	0.75047837596
-epa	0.155219320808	0.0915397898286	0.0487674070482	0.704473482315
-epo	0.239975088626	0.204320033661	0.0602693643645	0.495435513348
-ási	0.0136534304244	0.839572192513	0.146774377062	0.0
-epi	0.597656963345	0.319964586305	0.0308575338476	0.0515209165027
-pia	0.00797824116047	0.956119673617	0.0315503173164	0.00435176790571
--pe	0.602660409847	0.284187023406	0.0233684648716	0.0897841018752
-ení	0.506340769645	0.41904692443	0.0204582129149	0.0541540930101
-téa	0.226115603474	0.773884396526	0.0	0.0
-owa	0.591253375955	0.279064358552	0.0458511605111	0.0838311049822
-owe	0.204753788751	0.251215457351	0.493050640916	0.0509801129821
--la	0.204288266825	0.546158427635	0.175104228708	0.0744490768315
-dui	0.0454545454545	0.75	0.159090909091	0.0454545454546
-one	0.175516072809	0.398840477072	0.0382503788668	0.387393071252
-anu	0.0500111074936	0.0210389644219	0.00920195725103	0.919747970834
-epá	0.529280929929	0.401435342109	0.00963848916007	0.0596452388023
-ono	0.174440890209	0.502728643753	0.0657320630478	0.257098402991
-oni	0.384829035639	0.347532055061	0.103738726573	0.163900182728
-ana	0.0891767629558	0.477286176115	0.040690811719	0.39284624921
-onu	0.456055108022	0.275101560127	0.0944644716956	0.174378860155
-íye	0.279287323853	0.235829711659	0.188731049597	0.296151914891
-ane	0.132680225428	0.410753472997	0.0270578312242	0.429508470351
-ani	0.437788404029	0.319347934707	0.0876525281852	0.155211133079
-ank	0.161156650924	0.156506161446	0.0420172629065	0.640319924724
-daa	0.40529403973	0.359413316722	0.0590692828989	0.176223360648
-ano	0.146037655664	0.787956691896	0.0211941552216	0.0448114972182
-tai	0.645702306079	0.238155136269	0.0524109014675	0.0637316561845
-tae	0.319189869541	0.560209424084	0.113364663993	0.00723604238256
-taa	0.61147327249	0.275097783572	0.0534550195567	0.0599739243807
-oto	0.111478951232	0.771048605534	0.0905017292262	0.0269707140078
-mia	0.127840909091	0.794421487603	0.0606921487603	0.0170454545454
-enu	0.0898799189815	0.836371527778	0.0248812451775	0.0488673080633
-eno	0.0511403427013	0.0422579858477	0.0177699027219	0.888831768729
-miu	0.0100586756077	0.989941324392	0.0	0.0
-eni	0.457679674691	0.270296502641	0.0869491894865	0.185074633182
-ene	0.0953819531004	0.211019639789	0.0251918152916	0.668406591819
-ena	0.210882597859	0.496484269952	0.0272887100794	0.265344422109
