-caa	0.228136882129	0.631344023805	0.100843114564	0.0396759795008
-yer	0.525031671836	0.369031497095	0.0456511292648	0.0602857018042
-̱aŋ	0.0312174817898	0.784252514742	0.0867152271939	0.0978147762747
-ḵḵa	0.369230769231	0.507692307692	0.0615384615384	0.0615384615385
-can	0.138111479699	0.643601364295	0.200065411391	0.0182217446152
-cam	0.0999353035913	0.707599763239	0.168926452572	0.023538480598
-shu	0.433586408068	0.289252969193	0.190506665948	0.0866539567909
-iḵi	0.298996593943	0.373193408819	0.318144159072	0.00966583816626
-hem	0.103533437713	0.805482632176	0.0501980304061	0.0407858997049
-hen	0.123636363636	0.28	0.556363636364	0.04
-asi	0.0526220661519	0.0989181233702	0.0468021379328	0.801657672545
-iḵa	0.61915890953	0.314180620659	0.0185905692698	0.0480699005405
-pu/	0.361939076318	0.638060923682	0.0	0.0
-doḵ	0.698964046313	0.164533820841	0.0109689213894	0.125533211456
-oye	0.395364569805	0.362621010878	0.0401498575825	0.201864561734
-oc̱	0.687340561225	0.119579081633	0.0897640306122	0.103316326531
-oya	0.776276656331	0.0939694994621	0.0109156489274	0.118838195279
-ṯẖi	0.749945876964	0.142776568713	0.0663007189818	0.0409768353406
-mor	0.524026302479	0.475973697521	0.0	0.0
-umi	0.0906977266984	0.0653937830435	0.020671642757	0.823236847501
-a/a	0.397076213702	0.339007439848	0.0503494586023	0.213566887848
-oyi	0.471945501035	0.355798375512	0.0387817240538	0.1334743994
-ṯẖa	0.288250767207	0.557909210474	0.0836953489299	0.0701446733889
-oyu	0.00551661154169	0.978044626549	0.00851557486301	0.00792318704646
-nsi	0.0629370629371	0.758741258741	0.178321678322	0.0
-c̱e	0.265700483092	0.512077294686	0.0869565217391	0.135265700483
-uṯẖ	0.556598240469	0.333137829912	0.0281524926686	0.0821114369502
-c̱i	0.549350515696	0.370608043584	0.0139472651709	0.0660941755483
-ṯẖu	0.270393610953	0.561893896178	0.0992584141472	0.0684540787222
-buḵ	0.72095268748	0.228194399742	0.0205986482137	0.0302542645639
-naŋ	0.133139211097	0.60793686755	0.112592100501	0.146331820853
-/is	0.2714720337	0.647788439036	0.0638895389656	0.0168499882986
-/ir	0.316483516483	0.679120879121	0.0	0.00439560439559
-pur	0.143814322368	0.730962288267	0.111150571554	0.0140728178111
-pus	0.0	1.0	0.0	0.0
-nta	0.111965234921	0.0568328157636	0.0126857986331	0.818516150683
-iḵu	0.348529411765	0.525735294118	0.102941176471	0.0227941176471
-yen	0.115877165773	0.707537554837	0.126290601321	0.0502946780698
-ca/	0.0943396226415	0.0754716981132	0.792452830189	0.0377358490566
-̱a/	0.180601487306	0.703675206737	0.0776759338018	0.0380473721548
-siŋ	0.0992416749094	0.447246950214	0.444609297725	0.00890207715133
-he/	0.122577602694	0.451162080349	0.141569139278	0.284691177679
-her	0.474413863405	0.276656472987	0.161467889908	0.0874617737003
-aju	0.316151202749	0.591065292096	0.0515463917526	0.0412371134021
-/in	0.0155459063723	0.909014328271	0.0700408175768	0.00539894777954
-waḵ	0.185849441312	0.749391359563	0.0277892645645	0.0369699345599
-/ii	0.747752247752	0.141761464342	0.0109567851503	0.0995295027553
-war	0.163867364821	0.743292936117	0.0633599363779	0.0294797626839
-ŋŋi	0.0630914826498	0.930599369085	0.0	0.00630914826498
-hel	0.0617608409987	0.362155059133	0.560840998686	0.0152431011826
-oṯe	0.535335689046	0.310954063604	0.100706713781	0.0530035335689
-buṯ	0.238930659983	0.657477025898	0.063492063492	0.0401002506265
-dha	0.612109848903	0.227785743171	0.0913569354068	0.0687474725194
-oṯi	0.685082992608	0.238948309009	0.037756897999	0.0382118003845
-opu	0.622950819672	0.0327868852459	0.0	0.344262295082
-hom	0.159502664298	0.770159857904	0.0447602131439	0.0255772646537
-rba	0.0111835973905	0.98881640261	0.0	0.0
-dhi	0.816566005177	0.107468123862	0.0303326622567	0.0456332087048
-dhu	0.698928505642	0.180461711508	0.0535522926075	0.0670574902426
-ṯor	0.638911918422	0.290526650737	0.0113951404416	0.0591662904002
-cwa	0.0705627374147	0.878809871792	0.00599258916473	0.0446348016287
-opi	0.667984189723	0.260869565217	0.0	0.0711462450593
-ope	0.466480446927	0.0502793296089	0.385474860335	0.0977653631285
-ŋuŋ	0.278388278388	0.604395604396	0.0732600732601	0.043956043956
-ciḵ	0.368597262548	0.619046866329	0.00308477650818	0.00927109461427
-ẖar	0.0	0.951724137931	0.048275862069	0.0
-imu	0.293199402742	0.488937152165	0.160852450115	0.0570109949776
-dee	0.544562551104	0.316434995912	0.100572363042	0.0384300899428
-̧o/	0.452380952381	0.428571428571	0.0238095238095	0.0952380952381
-oku	0.790697674419	0.116279069767	0.093023255814	0.0
-ri/	0.0722891566265	0.89156626506	0.0180722891566	0.0180722891566
-ḵis	0.0	1.0	0.0	0.0
-gki	0.728395061729	0.141975308642	0.0864197530864	0.0432098765432
-dem	0.234567901235	0.461279461279	0.223344556678	0.0808080808081
-den	0.38961038961	0.348288075561	0.0850059031877	0.177095631641
-ima	0.322520280322	0.323053603675	0.156067254882	0.198358861121
-oko	0.659590043924	0.248169838946	0.0483162518302	0.0439238653001
-oki	0.304107012681	0.0500228396612	0.00919435719203	0.636675790466
-ḵil	0.0450450450451	0.337837837838	0.54954954955	0.0675675675676
-ḵin	0.553988718775	0.377783196912	0.0594808940159	0.00874719029645
-imi	0.216328576974	0.485567723415	0.139977314513	0.158126385098
-yuḵ	0.453654931386	0.365424242614	0.150913497974	0.0300073280262
-yaŋ	0.679010285506	0.268174095088	0.0305379410783	0.0222776783276
-ẖam	0.286963131889	0.561003420753	0.0752565564424	0.076776890916
-wuŋ	0.221453287197	0.306228373702	0.103806228374	0.368512110727
-lla	0.0231543563786	0.0232348350707	0.00304703287013	0.950563775681
-bir	0.21006182952	0.662051471754	0.0776832426148	0.0502034561116
-idi	0.190922207904	0.0239579580353	0.00269342885312	0.782426405208
-aaṯ	0.0	1.0	0.0	0.0
-uc̱	0.413353472773	0.391311026343	0.120836640127	0.0744988607563
-llu	0.095909732017	0.880112834979	0.0126939351199	0.0112834978843
-lu/	0.342226418173	0.346923552106	0.0465633996527	0.264286630069
-bin	0.182795698925	0.494623655914	0.258064516129	0.0645161290322
-bil	0.137301587302	0.809523809524	0.0154761904762	0.0376984126984
-bim	0.030339977883	0.209785351745	0.747299174866	0.0125754955057
-moŋ	0.498936170213	0.260283687943	0.106737588652	0.134042553191
-uṯṯ	0.446700507614	0.327411167513	0.149746192893	0.0761421319797
-dam	0.0991102601644	0.824642414686	0.0141907872508	0.0620565378984
-bba	0.11875	0.80625	0.0	0.075
-waa	0.430463576159	0.255221599592	0.258278145695	0.0560366785532
-eki	0.66590399106	0.21044121005	0.0260133058406	0.0976414930494
-rin	0.283363802559	0.716636197441	0.0	0.0
-bbi	0.0	0.952649379932	0.00270574971815	0.0446448703495
-haŋ	0.264549656235	0.591965784451	0.0958556569861	0.0476289023278
-par	0.526717557252	0.112595419847	0.154580152672	0.206106870229
-de/	0.107156748028	0.348049456298	0.0825757295819	0.462218066092
-maŋ	0.344340093915	0.526859160089	0.0701868318513	0.0586139141439
-tee	0.0155829966578	0.930474919908	0.0132872575356	0.0406548258985
-ip̱	0.295114088968	0.510302617413	0.0352196855229	0.159363608096
-tem	0.268939393939	0.356060606061	0.329545454545	0.0454545454545
-ten	0.0442297915608	0.871377732588	0.0640569395018	0.0203355363498
-jin	0.138643420289	0.0213978349866	0.000533521107136	0.839425223617
-jim	0.271813886729	0.212128461217	0.220082530949	0.295975121105
-ara	0.272345972049	0.134548652165	0.190958443752	0.402146932034
-mes	0.0785839787124	0.834772147323	0.0715315703664	0.0151123035985
-mer	0.31774726796	0.510757153792	0.144378756046	0.0271168222016
-aro	0.383720930233	0.546511627907	0.0	0.0697674418605
-ari	0.279624843735	0.310202814148	0.203060898426	0.207111443691
-mee	0.0495780590718	0.930028129395	0.0112517580872	0.00914205344584
-aru	0.310679020489	0.521417915749	0.0799175960787	0.0879854676829
-lum	0.74711815562	0.127161383285	0.032060518732	0.0936599423631
-arr	0.178422299966	0.424613474777	0.330944588647	0.0660196366098
-mem	0.820175438597	0.179824561403	0.0	0.0
-men	0.170868008342	0.510083896923	0.0335128218645	0.285535272871
-iṯẖ	0.543226316904	0.301820876561	0.0583371407558	0.0966156657789
-yda	0.0	1.0	0.0	0.0
-aye	0.310685672667	0.243158880449	0.046197065862	0.399958381022
-o’d	0.118159192676	0.229000837066	0.278898843122	0.373941127136
-o’c	0.351554303478	0.578016320186	0.0430347775403	0.0273945987954
-o’b	0.50837252445	0.405705358741	0.0554913671055	0.030430749703
-hiṯ	0.0	1.0	0.0	0.0
-ayo	0.0	1.0	0.0	0.0
-ila	0.152750898535	0.307593175596	0.0242805033578	0.515375422512
-o’k	0.33716393802	0.395536624451	0.0478866375393	0.21941279999
-iiṯ	0.0	0.978483606557	0.0	0.0215163934426
-ṯul	0.19578518015	0.658735554045	0.0965329707682	0.0489462950374
-ṯus	0.0172624073553	0.927572943053	0.0363073459049	0.018857303687
-num	0.168982908498	0.71836181917	0.0602392775664	0.0524159947655
-/uḵ	0.352462720289	0.525832203645	0.067480042175	0.0542250338907
-era	0.219756852097	0.691779074998	0.0549702258455	0.0334938470596
-ali	0.01006381888	0.0118969989294	0.00101412127862	0.977025060912
-ki’	0.197255574614	0.802744425386	0.0	0.0
-ayy	0.0771571624548	0.593671441404	0.086906262404	0.242265133737
-re/	0.274419470488	0.236594856831	0.237616913834	0.251368758847
-̱am	0.0137905985995	0.955084251489	0.0142528533012	0.0168722966106
-̱al	0.126317908678	0.709996630005	0.137688358638	0.0259971026798
-̱an	0.156510970692	0.621892166513	0.162536119138	0.0590607436573
-na/	0.0959218274135	0.359566899636	0.227329707109	0.317181565841
-gin	0.228184281843	0.508401084011	0.0943089430894	0.169105691057
-caŋ	0.0816705109109	0.794267693421	0.0874740796575	0.0365877160106
-ki/	0.026117863467	0.0133153466063	0.0079318590571	0.95263493087
-c̱a	0.519179710218	0.370571724783	0.0648595342251	0.0453890307735
-ubi	0.0163934426229	0.688524590164	0.0	0.295081967213
-si/	0.463730569948	0.39896373057	0.020725388601	0.116580310881
-aja	0.0672736693022	0.0796689020124	0.0171490266706	0.835908402015
-uba	0.0	1.0	0.0	0.0
-̱aw	0.122699386503	0.20245398773	0.674846625767	0.0
-̱ar	0.934797885707	0.018265497279	0.00394284360979	0.0429937734046
-umu	0.421074380165	0.484297520661	0.0599173553719	0.0347107438016
-ota	0.415873737121	0.0477195333428	0.0296281606473	0.506778568889
-irr	0.0553331763598	0.899540340496	0.0165845967998	0.0285418863443
-ija	0.280122793553	0.025326170376	0.048349961627	0.646201074444
-hwa	0.87764212886	0.0923304229317	0.0145520083045	0.0154754399037
-ṯu/	0.348931566135	0.560454422505	0.0581552610224	0.0324587503381
-uma	0.0978951566269	0.598925493888	0.0377545533224	0.265424796163
-/mm	0.132805995004	0.845545378851	0.00416319733555	0.0174854288093
-ŋum	0.0901060070671	0.6925795053	0.190812720848	0.0265017667845
-ŋul	0.475687103594	0.422832980972	0.076109936575	0.0253699788583
-nha	0.205952380952	0.309523809524	0.396428571429	0.0880952380952
-hiḵ	0.435597642284	0.483235095178	0.0649338100299	0.0162334525075
-ako	0.298984927714	0.634573977238	0.0664410950477	0.0
ALL	0.216007894504	0.265465773641	0.0496047872334	0.468921544622
-nan	0.32034757228	0.388463925108	0.21296175709	0.0782267455222
-aki	0.340013433444	0.042977208746	0.0162778545233	0.600731503287
-nam	0.0644804645068	0.898408476784	0.0228464955177	0.0142645631912
-sir	0.0	0.961882605583	0.0306012884753	0.00751610594131
-ceḵ	0.0857142857143	0.571428571429	0.257142857143	0.0857142857143
-naa	0.276295133438	0.339089481947	0.183673469388	0.200941915228
-kin	0.702648646794	0.126965388584	0.108375050634	0.0620109139876
-aka	0.276855362807	0.279221383037	0.255375205348	0.188548048808
-kis	0.164948453608	0.835051546392	0.0	0.0
-kir	0.604608294931	0.0755760368663	0.068817204301	0.250998463902
-sin	0.197770041875	0.473790424298	0.313304071439	0.0151354623884
-sim	0.0962208896946	0.836842839214	0.0585692372054	0.00836703388648
-nas	0.0747663551401	0.869158878505	0.0373831775701	0.0186915887851
-aku	0.228947368421	0.589473684211	0.102631578947	0.0789473684211
-/iŋ	0.1	0.466666666667	0.4	0.0333333333333
-ḵu/	0.539066015226	0.275009657993	0.0217611635042	0.164163163277
-gom	0.0530736123572	0.0358852378034	0.00484733491656	0.906193814923
-gol	0.572755417957	0.373839009288	0.0394736842106	0.0139318885449
-wum	0.375	0.533163265306	0.0688775510204	0.0229591836734
-̱oṯ	0.489932885906	0.0	0.510067114094	0.0
-lki	0.703501323678	0.104400471301	0.0231747379445	0.168923467077
-taḵ	0.270147588772	0.632547134815	0.0481611974162	0.0491440789962
-wus	0.0471550226666	0.922594585434	0.0266915222641	0.00355886963522
-wur	0.299823633157	0.516754850088	0.172839506173	0.010582010582
-mom	0.227780816705	0.560230218565	0.0740837634076	0.137905201322
-mol	0.210468993258	0.125550410595	0.196510781032	0.467469815115
-biŋ	0.101975780752	0.630337794774	0.242192479286	0.025493945188
-com	0.0147142450952	0.914202445266	0.00334091555302	0.0677423940858
-lka	0.581272900822	0.16014410198	0.0389198509714	0.219663146227
-nto	0.0308416306742	0.957219673581	0.00895402180865	0.00298467393622
-yas	0.00884955752212	0.955752212389	0.0353982300885	0.0
-deŋ	0.140780136017	0.501461333477	0.0203885889991	0.337369941507
-ha/	0.0146201694058	0.0251516395557	0.00201653037307	0.958211660665
-e/i	0.168874172185	0.599337748344	0.12582781457	0.105960264901
-yaa	0.532019704434	0.251231527094	0.0492610837438	0.167487684729
-cor	0.206266318538	0.566579634465	0.20365535248	0.023498694517
-ma/	0.0957509240479	0.8271335468	0.0530233611663	0.0240921679862
-bem	0.0794223826714	0.794223826715	0.126353790614	0.0
-yam	0.0619014573213	0.888040712468	0.012676382142	0.0373814480685
-yan	0.0768377942046	0.0836657034461	0.0169085209909	0.822587981358
-uur	0.0291345329906	0.834618680377	0.136246786632	0.0
-ju/	0.0787376474338	0.450589735416	0.143927319095	0.326745298056
-bee	0.245664739884	0.624277456647	0.130057803468	0.0
-ḵum	0.15944993989	0.67038575918	0.103009723072	0.0671545778584
-ḵun	0.294117647059	0.476470588235	0.0529411764706	0.176470588235
-ren	0.327694060688	0.474103886476	0.0898515972855	0.10835045555
-jiŋ	0.0926645222816	0.119220482156	0.227660933007	0.560454062555
-isi	0.334577179098	0.102332083754	0.0423870579575	0.52070367919
-ish	0.614703679247	0.121669061763	0.0802431908876	0.183384068103
-oṯa	0.635607321132	0.215973377704	0.0499168053244	0.0985024958403
-ise	0.366766467066	0.148203592814	0.0494011976048	0.435628742515
-isa	0.0720430301593	0.20321815781	0.0279416874595	0.696797124572
-yiṯ	0.0362116991643	0.949860724234	0.0139275766017	0.0
-luŋ	0.29568842683	0.579450102908	0.0466515383398	0.0782099319226
-ḵuy	0.106024096385	0.582329317269	0.29718875502	0.0144578313253
-mo/	0.0453361782198	0.586631833608	0.229528577669	0.138503410504
-res	0.644562334217	0.159814323607	0.0172413793103	0.178381962865
-isu	0.264882577826	0.636810486073	0.0753686510104	0.0229382850901
-iss	0.0212857481903	0.181794133935	0.0163536845853	0.78056643329
-ḵus	0.0278583865351	0.951247823564	0.0208937899013	0.0
-ḵur	0.0678306675349	0.900946930838	0.00889838446374	0.0223240171634
-jur	0.17833377695	0.479371839233	0.230503060953	0.111791322864
-hab	0.0510948905109	0.934306569343	0.014598540146	0.0
-ŋgi	0.0932090545939	0.684124870543	0.222666074863	0.0
-daḵ	0.510303727115	0.327036959867	0.0663974735849	0.0962618394331
-mas	0.0482474331519	0.879085160952	0.0290754268205	0.0435919790758
-hak	0.0	0.995765702188	0.00423429781228	0.0
-hal	0.620306420817	0.103655965305	0.0141064035462	0.261931210332
-ham	0.0966594140069	0.827923830713	0.0624110458554	0.0130057094246
-han	0.10299352201	0.160211495041	0.415657519238	0.321137463711
-har	0.178690551589	0.731705842616	0.0652467772014	0.0243568285933
-has	0.158954077134	0.757916215331	0.0408091291533	0.0423205783812
-mam	0.0365145228216	0.926970954357	0.0232365145228	0.0132780082988
-mal	0.376711818439	0.600309952762	0.0131431892351	0.00983503956366
-man	0.0340521086468	0.24784178214	0.020551966957	0.697554142257
-maa	0.0118796198522	0.967529039071	0.0118796198521	0.00871172122492
-hay	0.896341463415	0.0853658536585	0.0	0.0182926829268
-ya/	0.0353094695903	0.941745848887	0.00886898411135	0.0140756974113
-teŋ	0.179741841125	0.74738524855	0.0272954541589	0.0455774561657
-se/	0.0958551399557	0.102801414807	0.157304638178	0.644038807059
-unn	0.180119284294	0.24930417495	0.058449304175	0.51212723658
-ṯis	0.11149825784	0.857142857143	0.0174216027875	0.01393728223
-uni	0.0884644373203	0.0433461484273	0.00326160640491	0.864927807848
-uuj	0.0493827160494	0.938271604938	0.0123456790123	0.0
-muṯ	0.962090752441	0.0	0.0379092475589	0.0
-’du	0.374220889968	0.493513876686	0.101297224663	0.0309680086826
-una	0.420197062417	0.348949402468	0.129574569614	0.101278965501
-yoḵ	0.812658227848	0.144303797468	0.0151898734177	0.0278481012658
-’do	0.542539267016	0.339659685864	0.0667539267015	0.0510471204189
-uny	0.220766586506	0.551722184957	0.15323987283	0.0742713557075
-’di	0.149577132588	0.0656487676193	0.00283911865615	0.781934981137
-/eŋ	0.188183136621	0.582601313509	0.113192864133	0.116022685737
-unu	0.655267293528	0.229782650084	0.0672484223233	0.0477016340648
-ṯim	0.041095890411	0.917808219178	0.0	0.041095890411
-’de	0.182424148709	0.13763129701	0.679944554281	0.0
-nki	0.761549893252	0.174494301136	0.0435640994745	0.020391706137
-’da	0.524513498763	0.165379629239	0.0619040207522	0.248202851246
-ḵa/	0.0702097265392	0.563655772189	0.329086998838	0.0370475024332
-/am	0.236363636364	0.425454545455	0.223636363636	0.114545454545
-/al	0.484536082474	0.484536082474	0.0309278350515	0.0
-tra	0.00864553314121	0.939481268012	0.0518731988472	0.0
-uŋu	0.110039006364	0.80394169575	0.0564565797577	0.0295627181277
-ada	0.135338345865	0.661654135339	0.203007518797	0.0
-la/	0.177411811029	0.311537351392	0.0913075420208	0.419743295558
-gam	0.47856726003	0.456875835366	0.0255105409946	0.039046363609
-gal	0.327317036022	0.222222222222	0.412078288021	0.0383824537354
-̱iŋ	0.102857142857	0.674285714286	0.0342857142857	0.188571428571
-adi	0.00527983104541	0.994720168955	0.0	0.0
-giṯ	0.739205988504	0.16254511429	0.0374281513167	0.0608207458895
-ne/	0.070512262536	0.122321335084	0.0717308839799	0.7354355184
-uŋa	0.351477449456	0.49766718507	0.112752721617	0.038102643857
-adu	0.312926028781	0.5002524615	0.0621055289068	0.124715980813
-gas	0.485666104553	0.210792580101	0.227655986509	0.0758853288364
-gar	0.345195729537	0.6453143535	0.00711743772241	0.0023724792408
-aaŋ	0.0819672131147	0.893442622951	0.0	0.0245901639344
-gap	0.278242677824	0.633891213389	0.0502092050209	0.0376569037657
-ku/	0.49930847572	0.217211467616	0.0468554834164	0.236624573248
-ana	0.207053468838	0.0812095851172	0.0392441867046	0.67249275934
-uŋi	0.0818181818181	0.854545454546	0.0454545454545	0.0181818181818
-/as	0.165408901894	0.831356845834	0.00184814415524	0.00138610811643
-/ar	0.851914605219	0.0921721450356	0.030498136225	0.0254151135208
-̱en	0.0990368889697	0.816463747047	0.0654188624386	0.0190805015446
-ini	0.128556454798	0.0478593088032	0.0128476526366	0.810736583762
-oḵa	0.556129032258	0.274838709677	0.0245161290323	0.144516129032
-̱in	0.279076609987	0.571945224289	0.0700266032438	0.0789515624808
-bel	0.770903010034	0.175585284281	0.0133779264214	0.0401337792642
-ina	0.56071331518	0.124497376038	0.0400418962498	0.274747412532
-oḵi	0.35886214442	0.4704595186	0.150984682713	0.0196936542669
-’th	0.387623269246	0.440627298532	0.113270017512	0.0584794147093
-ohe	0.290322580645	0.0387096774194	0.593548387097	0.0774193548387
-aas	0.0183017312449	0.963891178895	0.0168178070899	0.000989282769991
-oḵu	0.587248322148	0.191275167785	0.140939597315	0.0805369127517
-ṯi/	0.110218140069	0.373134328358	0.489092996556	0.0275545350172
-oho	0.116666666667	0.125	0.633333333333	0.125
-ses	0.338028169014	0.169014084507	0.338028169014	0.154929577465
-inu	0.551697225152	0.21259161228	0.0199972333926	0.215713929175
-/a/	0.0496749573393	0.063415991128	0.320489076252	0.566419975281
-kus	0.131594024794	0.480272244411	0.285225564846	0.102908165948
-kur	0.75	0.173076923077	0.0769230769231	0.0
-kup	0.371554700323	0.276755900164	0.144886524421	0.206802875092
-ga/	0.0909674352933	0.39548513304	0.226806849285	0.286740582381
-rsi	0.0260220244381	0.950784432041	0.00339417710062	0.0197993664203
-toŋ	0.0861971037409	0.725659655484	0.0343970519409	0.153746188834
-nen	0.366172624237	0.398430688753	0.0	0.23539668701
-aan	0.0306581314774	0.736865598861	0.0152551421424	0.217221127519
-un’	0.615384615385	0.184615384615	0.0615384615385	0.138461538462
-hil	0.586907259679	0.330494719208	0.02101148193	0.0615865391827
-saŋ	0.24421732114	0.636363636364	0.0677783754706	0.0516406670253
-kun	0.194071177291	0.0674513596777	0.00598648294537	0.732490980086
-kum	0.112529468812	0.689684535871	0.0700155327252	0.127770462591
-kul	0.207063808435	0.646725949879	0.0672511359518	0.0789591057341
-aṯṯ	0.164948453608	0.714776632302	0.0630011454753	0.0572737686139
-̱e/	0.265829580155	0.673410767321	0.0380662883277	0.0226933641954
-gun	0.206693216631	0.0881241070973	0.0166159226951	0.688566753577
-ban	0.53692819674	0.246864835392	0.0405738244308	0.175633143437
-uul	0.0173829068083	0.979719942057	0.00144857556736	0.00144857556736
-bal	0.0116640586394	0.98029566793	0.00328405534508	0.00475621808598
-uun	0.0975599185195	0.886924110432	0.0104017683006	0.0051142027478
-aṯẖ	0.364375521125	0.423631884153	0.0898573117707	0.12213528295
-uuk	0.0	0.965714285714	0.0342857142857	0.0
-up̱	0.0926824940263	0.506873194994	0.109820573179	0.290623737801
-uud	0.0	1.0	0.0	0.0
-uug	0.00407608695652	0.945652173913	0.0502717391304	0.0
-p̱s	0.0	1.0	0.0	0.0
-hon	0.577918647649	0.165346011622	0.253565768621	0.00316957210776
-p̱u	0.380344141081	0.454840064451	0.101425104288	0.0633906901801
-uub	0.0062893081761	0.986163522013	0.00157232704402	0.00597484276729
-hor	0.324723247232	0.512915129151	0.0885608856088	0.0738007380074
-p̱i	0.451936841184	0.297537065023	0.0540628355458	0.196463258248
-mki	0.806942779562	0.101600792796	0.0327878366615	0.0586685909806
-him	0.352334515536	0.50372708886	0.094331730962	0.0496066646422
-gwo	0.303172760747	0.125150584988	0.00144794202813	0.570228712238
-i’k	0.580931263858	0.345898004435	0.039911308204	0.0332594235033
-p̱o	0.162660682825	0.100247551646	0.0	0.737091765529
-p̱a	0.0575279486947	0.908663660929	0.0104541543234	0.0233542360526
-jog	0.608606557377	0.184426229508	0.194672131148	0.0122950819672
-bar	0.486030673792	0.387237963603	0.0849418093449	0.0417895532606
-bas	0.0438164151781	0.91542727775	0.0281909074168	0.0125653996555
-uus	0.0189445870828	0.974050901114	0.00281676097415	0.00418775082882
-i’b	0.177582417582	0.721978021978	0.0501098901099	0.0503296703297
-o/a	0.606803401701	0.24012006003	0.129064532266	0.024012006003
-ase	0.293714996889	0.209085252022	0.0261356565028	0.471064094586
-nya	0.324495095212	0.438641602847	0.194716128247	0.0421471736949
-o/e	0.00774994982047	0.979537902273	0.0107049666585	0.00200718124847
-go/	0.613475177305	0.0	0.31560283688	0.0709219858156
-asa	0.232467328448	0.538302567218	0.061680443021	0.167549661312
-nye	0.0474363733861	0.143464092728	0.02701810832	0.782081425566
-o/i	0.131535792581	0.135523294954	0.709119469714	0.0238214427509
-nyi	0.369939255718	0.413732154997	0.148014297932	0.0683142913533
-o/o	0.815090471068	0.0437095210752	0.00491183915761	0.1362881687
-ash	0.507433240335	0.341191709845	0.093363889996	0.0580111598246
-mba	0.0	0.4	0.0888888888889	0.511111111111
-asu	0.281150159744	0.623003194888	0.0766773162939	0.0191693290735
-yem	0.0323151234778	0.889788420981	0.0396852393587	0.0382112161825
-po/	0.315755285225	0.242529821661	0.0744065194284	0.367308373686
-a/e	0.567741935484	0.152688172043	0.0167741935484	0.262795698925
-nyu	0.570373788648	0.308721735118	0.0932164282418	0.0276880479926
-cki	0.640042598509	0.24494142705	0.0457933972311	0.0692225772098
-oṯu	0.477246207701	0.396732788798	0.0980163360559	0.0280046674446
-a/i	0.317861339601	0.512925969448	0.130434782609	0.0387779083431
-yee	0.287081339713	0.215311004785	0.167464114832	0.33014354067
-a/m	0.0162216599715	0.961304581943	0.00966540573301	0.0128083523525
-ba/	0.285903643662	0.347022264746	0.124196466219	0.242877625373
-uu/	0.0909090909091	0.892045454545	0.0	0.0170454545455
-per	0.249829882376	0.47526003694	0.206085350442	0.068824730242
-eru	0.327229488704	0.414506539834	0.184066587396	0.0741973840666
-ran	0.176150127823	0.249997209105	0.20663786463	0.367214798442
-eri	0.427308611775	0.524823483627	0.024517707233	0.0233501973648
-m/e	0.0646209519589	0.873342934161	0.00310180569403	0.0589343081866
-ram	0.0905747609541	0.808027739834	0.0567405695072	0.0446569297047
-rah	0.0559701492537	0.865671641791	0.0475746268656	0.0307835820896
-n/o	0.254967964211	0.710623225727	0.0131834521309	0.0212253579308
-rag	0.0	1.0	0.0	0.0
-rab	0.10447761194	0.880597014925	0.0149253731343	0.0
-/aḵ	0.49254698639	0.287751134154	0.149708360337	0.0699935191186
-m/i	0.0	1.0	0.0	0.0
-raa	0.482352941176	0.423529411765	0.0705882352941	0.0235294117647
-a’d	0.359648326726	0.206530460822	0.341493774536	0.0923274379162
-ugu	0.211867630278	0.718904526436	0.0486877139597	0.0205401293268
-gem	0.490322580645	0.361290322581	0.0451612903226	0.103225806452
-a’c	0.211649309532	0.487745413355	0.201765313134	0.0988399639784
-a’b	0.449147155307	0.444628089152	0.0440919934188	0.0621327621228
-por	0.385542168675	0.301204819277	0.21686746988	0.0963855421687
-pos	0.0038643194504	0.962644911979	0.00772863890082	0.0257621296694
-koṯ	0.774333288209	0.120075808853	0.105590902938	0.0
-nni	0.337890625	0.263671875	0.169921875	0.228515625
-a’k	0.721114000503	0.194832648268	0.0246623605402	0.0593909906887
-e/m	0.175398633257	0.749430523918	0.0546697038724	0.0205011389522
-uga	0.427631578947	0.0394736842105	0.0	0.532894736842
-ṯra	0.00997506234414	0.990024937656	0.0	0.0
-e/a	0.0150753768844	0.743718592965	0.241206030151	0.0
-aay	0.0	1.0	0.0	0.0
-uju	0.478802992519	0.224438902743	0.0748129675811	0.221945137157
-ika	0.680258281039	0.258709200289	0.0228871945022	0.0381453241704
-sja	0.378574305276	0.057188884414	0.0265807490938	0.537656061216
-̱im	0.0436699559101	0.931450766324	0.009867730422	0.0150115473441
-aat	0.0	1.0	0.0	0.0
-lan	0.370088582142	0.369871202652	0.085593174284	0.174447040922
-nos	0.0833967634113	0.880861766555	0.0357414700334	0.0
-gaŋ	0.124901324445	0.103061134988	0.711516533637	0.0605210069292
-laj	0.0	1.0	0.0	0.0
-aar	0.01890642237	0.113444662852	0.0563261932155	0.811322721563
-aam	0.0527406560423	0.93053669692	0.0025727149289	0.0141499321089
-aal	0.0507327521928	0.763873486707	0.114618440139	0.0707753209604
-liṯ	0.0	0.96	0.04	0.0
-iks	0.0236686390533	0.925049309665	0.0138067061144	0.0374753451677
-aah	0.0	1.0	0.0	0.0
-̱is	0.204565280605	0.358098284385	0.361587670835	0.0757487641757
-las	0.391714156793	0.560054815582	0.0317738188746	0.0164572087504
-ra/	0.136840396554	0.608407762039	0.16367382485	0.0910780165573
-aad	0.0	1.0	0.0	0.0
-aag	0.0	1.0	0.0	0.0
-sa/	0.228269763498	0.118546486982	0.0265189230754	0.626664826444
-uki	0.593693790729	0.0776793395441	0.0375995015036	0.291027368224
-ppe	0.00977835723597	0.970990873533	0.00293350717079	0.01629726206
-aab	0.0	1.0	0.0	0.0
-ahh	0.254901960784	0.43137254902	0.0	0.313725490196
-ahi	0.713235294118	0.110294117647	0.0441176470588	0.132352941176
-dor	0.720883024613	0.241393893259	0.017254503933	0.020468578195
-duḵ	0.0239043824701	0.154809334092	0.787137165623	0.0341491178145
-rem	0.0508710920232	0.0376119883321	0.0144471452677	0.897069774377
-bol	0.0364204153575	0.0170032186374	0.179803050042	0.766773315963
-bom	0.0075511802215	0.88942415259	0.00961377111534	0.0934108960734
-aha	0.338983050848	0.450363196126	0.138014527845	0.0726392251816
-op̱	0.00163666121113	0.887615930169	0.10147299509	0.00927441352973
-bor	0.3629209009	0.260591106728	0.128764557182	0.247723435189
-doo	0.489361702128	0.382978723404	0.031914893617	0.0957446808511
-ro/	0.0922261861799	0.704815371121	0.18222716148	0.0207312812191
-/en	0.136787906458	0.824100847157	0.0195809871658	0.0195302592198
-/em	0.139858725901	0.790996032445	0.0218841125645	0.0472611290889
-ahu	0.441595441595	0.424501424501	0.048433048433	0.0854700854701
-ḵo/	0.19520089904	0.387631868436	0.38699874166	0.0301684908632
-sar	0.0444052580955	0.931227957679	0.00577108047451	0.0185957037512
-dda	0.0	1.0	0.0	0.0
-u’b	0.0630756600834	0.742192314228	0.0127748172321	0.181957208457
-mpi	0.187891440501	0.730688935282	0.0647181628392	0.0167014613779
-eḵu	0.577744486685	0.337718745482	0.0725913549871	0.011945412846
-liḵ	0.0222485313963	0.932973477343	0.026638038718	0.0181399525432
-̱i/	0.494343891403	0.384615384615	0.039592760181	0.0814479638009
-tom	0.153223883708	0.575674435489	0.118948890628	0.152152790175
-olu	0.187000826219	0.373381988433	0.334618562379	0.104998622969
-mpa	0.110017103499	0.35180889466	0.0693490164437	0.468824985397
-oli	0.342201215395	0.182444294396	0.142606347063	0.332748143147
-aa/	0.373885070525	0.381808100883	0.153277691768	0.0910291368237
-dus	0.01538674799	0.948017743277	0.0291100637649	0.00748544496812
-eḵi	0.508905852417	0.427480916031	0.0534351145038	0.0101781170483
-ibi	0.0351906158358	0.956011730205	0.00879765395896	0.0
-ola	0.525969496284	0.115168321607	0.0727714288175	0.286090753292
-kuŋ	0.137518609586	0.370396552163	0.339965648413	0.152119189839
-san	0.0263697522563	0.0623260666948	0.0151181839714	0.896185997077
-sam	0.582719728845	0.315285569581	0.050997350787	0.050997350787
-sal	0.0365853658536	0.475609756098	0.487804878049	0.0
-ocu	0.45462478185	0.294066317626	0.203315881326	0.0479930191972
-gku	0.806666666667	0.08	0.113333333333	0.0
-lol	0.0565178386584	0.701262852805	0.205886412256	0.0363328962804
-ẖin	0.232142857143	0.189285714286	0.0428571428571	0.535714285714
-lok	0.198581560284	0.758865248227	0.0425531914894	0.0
-ros	0.0024371561869	0.776356103335	0.210465844997	0.0107408954808
-huŋ	0.0259291270527	0.515989628349	0.458081244598	0.0
-aḵa	0.274709483614	0.536723042222	0.0791392799846	0.109428194179
-oca	0.710398893244	0.197371454923	0.0645607562832	0.0276688955499
-waṯ	0.891595049275	0.0337458937518	0.0491090685868	0.0255499883864
-rom	0.386094530023	0.506174016125	0.100572085083	0.00715936876864
-ron	0.0409954489634	0.117875460522	0.818012714007	0.023116376508
-oci	0.29163439871	0.556740169676	0.0910975375424	0.0605278940718
-los	0.156004420962	0.823459598845	0.0174296974747	0.00310628271827
-ipi	0.101351351351	0.858108108108	0.0405405405405	0.0
-u/i	0.374707259953	0.297423887588	0.153897624624	0.173971227835
-gor	0.246913580247	0.469135802469	0.283950617284	0.0
-ipa	0.310344827586	0.620689655172	0.0	0.0689655172414
-u/a	0.397669280759	0.591284350331	0.01104636891	0.0
-bwa	0.437694473199	0.186552108945	0.0875576229923	0.288195794863
-oka	0.472103383658	0.289308064915	0.0571721528834	0.181416398543
-hka	0.803278688525	0.138599105812	0.0178837555887	0.0402384500745
-gu/	0.284122562674	0.300835654596	0.231197771588	0.183844011142
-u/u	0.219990280253	0.743722663211	0.0328851449863	0.0034019115503
-hki	0.820085807892	0.0722710271463	0.0305100969539	0.0771330680083
-tiḵ	0.90243902439	0.0487804878049	0.0	0.0487804878049
-awi	0.0	0.989430416911	0.00352319436289	0.00704638872577
-awn	0.0395683453237	0.960431654676	0.0	0.0
-imm	0.818800510421	0.117396852403	0.0280731603573	0.0357294768184
-awa	0.010099734882	0.974750662795	0.00504986744097	0.010099734882
-diṯ	0.154134657358	0.535725209428	0.240296242624	0.0698438905898
-mak	0.0	1.0	0.0	0.0
-ton	0.173856987977	0.584755281639	0.0266645829874	0.214723147397
-imo	0.272727272727	0.415584415584	0.0	0.311688311688
-s/e	0.132105144911	0.60570658279	0.0323522803864	0.229835991912
-te/	0.290793224951	0.340367075825	0.131991741725	0.236847957499
-lal	0.515637928181	0.359258646368	0.0920072811517	0.0330961442992
-ddi	0.0	1.0	0.0	0.0
-awu	0.208	0.384	0.408	0.0
-eḵa	0.496504772073	0.332623379132	0.147437995247	0.0234338535492
-i/i	0.810068983794	0.153444031164	0.0121623283475	0.024324656695
-mpe	0.716304896517	0.0691569914185	0.0363452801616	0.178192831903
-i/o	0.700883466555	0.0605805637358	0.00504838031132	0.233487589398
-i/m	0.438596491228	0.561403508772	0.0	0.0
-h/e	0.0147558650419	0.90864627373	0.0447649838349	0.0318328773937
-pil	0.0649133740496	0.186663342889	0.665013087374	0.0834101956874
-i/a	0.711082138201	0.220078226858	0.0500651890483	0.0187744458931
-ŋon	0.00579724014561	0.0886333604485	0.114939947954	0.790629451452
-goŋ	0.0884980457845	0.875767727527	0.0117252931323	0.0240089335567
-i/e	0.0310779023108	0.949716341497	0.0130621281306	0.00614362806144
-tim	0.328075184509	0.357676554468	0.230029727069	0.0842185339543
-mar	0.505008578228	0.352150091317	0.0531296695999	0.0897116608556
-seŋ	0.248554913295	0.624277456647	0.104046242775	0.0231213872832
-ruḵ	0.187864644107	0.728121353559	0.0665110851809	0.0175029171529
-i/u	0.367156208278	0.504672897196	0.120160213618	0.00801068090786
-ssi	0.0349613306494	0.0995868206378	0.0540311473673	0.811420701345
-cum	0.363367799114	0.428360413589	0.181683899557	0.02658788774
-cul	0.00693018480493	0.989219712526	0.0038501026694	0.0
-yyi	0.0473686202315	0.636027881309	0.193828214403	0.122775284056
-ssa	0.00246184145741	0.982767109798	0.00492368291482	0.00984736582964
-iki	0.326037626596	0.0636523075381	0.0160066144415	0.594303451425
-yya	0.00615452856866	0.977072994927	0.0146100745751	0.00216240192953
-saa	0.141414141414	0.729797979798	0.0530303030303	0.0757575757575
-ucu	0.507117437722	0.359430604982	0.0533807829181	0.0800711743772
-eyi	0.392583120205	0.409846547315	0.10358056266	0.093989769821
-diḵ	0.434514637904	0.362095531587	0.0739599383667	0.129429892142
-uci	0.58993902439	0.355182926829	0.00457317073171	0.0503048780488
-raŋ	0.127558673528	0.486592204555	0.342060323541	0.0437887983754
-eya	0.0750925630254	0.0403367949243	0.0128498556158	0.871720786434
-tor	0.37505912029	0.462557149614	0.0797729780861	0.0826107520101
-ec̱	0.26307922272	0.346786248132	0.2466367713	0.143497757848
-ṯel	0.583243544859	0.272588997773	0.0569187551796	0.0872487021884
-eye	0.259702363583	0.503939305515	0.201342281879	0.0350160490224
-lli	0.450631352583	0.486646938813	0.0135092910838	0.0492124175198
-lel	0.0395750736359	0.814317356782	0.140443981294	0.00566358828772
-lem	0.0873786407767	0.834951456311	0.0582524271845	0.0194174757281
-ḵku	0.0	0.916666666667	0.0	0.0833333333333
-mum	0.0914816042426	0.253894597282	0.142525687769	0.512098110706
-mun	0.0660017291188	0.09797636871	0.0111760116399	0.824845890531
-ḵka	0.0547190288347	0.0369125990239	0.0118276285605	0.896540743581
-yo/	0.471001494768	0.280119581465	0.187742899851	0.0611360239163
-mus	0.0114942528736	0.985632183908	0.0	0.00287356321839
-mur	0.325255788907	0.593609764854	0.0481062645845	0.033028181655
-jar	0.361233480176	0.577092511013	0.0264317180617	0.0352422907489
-ḵki	0.437955061495	0.0641657486938	0.0172493934097	0.480629796402
-les	0.262405460247	0.304002951485	0.0258254934514	0.407766094816
-eem	0.144124955627	0.77990770323	0.0702875399361	0.00567980120696
-bki	0.490990005107	0.209163201284	0.254979207704	0.044867585905
-een	0.234908136483	0.419947506562	0.171916010499	0.173228346457
-eeh	0.618181818182	0.272727272727	0.0727272727273	0.0363636363636
-oŋu	0.0772532188841	0.888412017167	0.0343347639485	0.0
-jeŋ	0.275053581867	0.67039033578	0.0545560823537	0.0
-rri	0.121076233184	0.869955156951	0.0	0.00896860986547
-pe/	0.381215469613	0.187845303867	0.116022099447	0.314917127072
-nus	0.00799999999999	0.88	0.016	0.096
-ndi	0.047619047619	0.904761904762	0.047619047619	0.0
-ye/	0.152783777113	0.338619604455	0.216465860356	0.292130758076
-all	0.412003816544	0.541923172437	0.0171221686337	0.0289508423846
-oŋi	0.158653846154	0.5625	0.223557692308	0.0552884615384
-yki	0.780769230769	0.0884615384615	0.0384615384615	0.0923076923077
-rru	0.4	0.418181818182	0.181818181818	0.0
-liŋ	0.289106145251	0.66061452514	0.0251396648044	0.0251396648045
-oŋa	0.440056417489	0.410437235543	0.064880112835	0.0846262341326
-ala	0.0873581997493	0.121042297372	0.0121775277654	0.779421975113
-paŋ	0.155194196963	0.635360620385	0.0685625285904	0.140882654061
-uḵi	0.698924731183	0.214104996837	0.0588235294118	0.028146742568
-lah	0.0	1.0	0.0	0.0
-le/	0.0570340882707	0.0949431939252	0.239626509192	0.608396208612
-rid	0.0	1.0	0.0	0.0
-yor	0.350675393527	0.462606708506	0.140141671268	0.0465762266985
-mu/	0.0209169245496	0.271538818867	0.104951565367	0.602592691217
-uḵa	0.611366446356	0.289820154787	0.0428045375671	0.0560088612902
-any	0.150246036115	0.698493320179	0.114797854816	0.0364627888905
-ẖan	0.478630728866	0.502136118998	0.0105593776432	0.00867377449264
-aŋa	0.636958768807	0.283564947743	0.0418054438957	0.0376708395544
-yol	0.656064272896	0.238866663374	0.0739533428821	0.0311157208475
-uḵu	0.61143594606	0.285877581121	0.0328803202697	0.0698061525495
-aḵu	0.319450060655	0.506672058229	0.135058633239	0.0388192478771
-duŋ	0.200923874263	0.485672437751	0.212566192211	0.100837495775
-waŋ	0.129141174224	0.481223390818	0.0668194672927	0.322815967665
-me/	0.275472100715	0.523631708098	0.0294462818735	0.171449909314
-r/e	0.0859252230179	0.393503898678	0.352553893124	0.16801698518
-iyu	0.649527806926	0.169989506821	0.155299055614	0.0251836306401
-pem	0.00929575092504	0.0211926064667	0.00350722712654	0.966004415482
-pen	0.564272670229	0.129660215661	0.0326712398365	0.273395874273
-ẖim	0.0490862118458	0.926227155296	0.00975983159505	0.014926801263
-ogu	0.0817462174579	0.296577807814	0.603906385936	0.0177695887926
-/yi	0.576842105263	0.252631578947	0.0315789473684	0.138947368421
-elu	0.271609995903	0.467841048751	0.107333060221	0.153215895125
-ogi	0.0	0.626865671642	0.0746268656716	0.298507462686
-rki	0.85841375115	0.0824105383974	0.0202623787198	0.0389133317333
-aṯa	0.091143594153	0.800515907137	0.10834049871	0.0
-eli	0.486682292776	0.191988067334	0.195184317068	0.126145322821
-iyi	0.609849419896	0.29949608015	0.0354957056155	0.0551587943377
-ell	0.418383518225	0.245641838352	0.3264659271	0.00950871632327
-ep̱	0.936524453694	0.0634755463059	0.0	0.0
-kuṯ	0.272727272727	0.280748663102	0.393048128342	0.0534759358289
-rka	0.667169811321	0.264905660377	0.0271698113207	0.0407547169811
-aṯi	0.248407643312	0.426751592357	0.324840764331	0.0
-ela	0.517419099516	0.383597674206	0.055831227739	0.0431519985387
-iya	0.175477905198	0.423622752548	0.104291701984	0.296607640271
-hul	0.489144416775	0.461504526939	0.00836947738179	0.040981578904
-u’k	0.851966759003	0.0757894736842	0.0274792243767	0.0447645429362
-hu/	0.592189896141	0.295629801368	0.0732606057083	0.0389196967825
-’bi	0.360329713463	0.570064110951	0.0259060578307	0.0437001177548
-u’c	0.271511116694	0.505309537843	0.173369213377	0.0498101320862
-raḵ	0.325903275127	0.648024462863	0.00820793433652	0.0178643276736
-tam	0.948979591837	0.0510204081633	0.0	0.0
-u’d	0.24170744572	0.635214182049	0.0802432445253	0.0428351277061
-esu	0.214285714286	0.34126984127	0.285714285714	0.15873015873
-diŋ	0.256006338914	0.193991116797	0.436599957837	0.113402586451
-jan	0.0739889963784	0.409527723616	0.0171607213157	0.49932255869
-esh	0.0763006486559	0.677123174256	0.0196902733173	0.226885903771
-wo/	0.34693877551	0.234693877551	0.0	0.418367346939
-ṯin	0.32556675063	0.602644836272	0.0377833753148	0.0340050377834
-’bu	0.167852062589	0.637268847795	0.130867709815	0.0640113798008
-esa	0.261293567568	0.655998775162	0.0141837185074	0.0685239387629
-ẖuŋ	0.0204638472033	0.25306957708	0.327421555252	0.399045020464
-ita	0.810839030809	0.0567840489745	0.0179506250536	0.114426295163
-ṯa/	0.191944476968	0.592806876587	0.178245404371	0.0370032420734
-oce	0.678260869565	0.292753623188	0.0289855072464	0.0
-nuŋ	0.301204819277	0.590361445783	0.0361445783133	0.0722891566265
-ayi	0.639039194329	0.19357761834	0.0604792232487	0.106903964082
-ko/	0.368158423406	0.503869517615	0.0420206760827	0.0859513828964
-poḵ	0.292332268371	0.573482428115	0.0670926517572	0.0670926517572
-uda	0.223684210526	0.723684210526	0.0526315789473	0.0
-suŋ	0.121539500338	0.67521944632	0.0817015530047	0.121539500338
-ŋḵi	0.0389948006932	0.82452339688	0.0	0.136481802426
-uth	0.0	1.0	0.0	0.0
-ŋki	0.757615928503	0.197200319867	0.0233274252604	0.0218563263701
-hum	0.47144006436	0.418227789909	0.0611423974256	0.0491897483049
-hun	0.252964426877	0.701298701299	0.033879164314	0.0118577075099
-rim	0.154125113327	0.641885766092	0.197189483228	0.00679963735267
-ŋko	0.424528301887	0.316037735849	0.188679245283	0.0707547169811
-hud	0.0	1.0	0.0	0.0
-bum	0.021348292365	0.112794205202	0.00610603797316	0.859751464459
-tuḵ	0.427607680332	0.391800726518	0.0456668396471	0.134924753503
