-سۆي	0.0112528132033	0.93248312078	0.0	0.0562640660166
-ربە	0.264745011087	0.535698447894	0.0	0.19955654102
-جۈر	0.0	0.960151891613	0.037035300736	0.00281280765084
-ئۆز	0.0850761167571	0.021553685958	0.19140660558	0.701963591705
-ڭگە	0.215572896018	0.556031505064	0.0226307007846	0.205764898133
-ۇشت	0.383177570093	0.616822429907	0.0	0.0
-ڭگۈ	0.0949519230769	0.0841775412087	0.0699261675824	0.750944368132
-رغۇ	0.27897574124	0.590103966115	0.067385444744	0.0635348479014
-نكى	0.175076950361	0.0421433719557	0.0167432937905	0.766036383892
-ۇشى	0.434318653276	0.208568526385	0.0561839104591	0.30092890988
-غۋا	0.261437908497	0.581699346405	0.0686274509804	0.0882352941176
-ھقا	0.131278081128	0.761740779777	0.0368325955183	0.0701485435769
-اسى	0.284472553312	0.394324170924	0.154171734371	0.167031541393
-ئۆي	0.101783840504	0.847848898216	0.00944386149002	0.0409233997902
-لمۇ	0.126446544219	0.581855823336	0.0156598365007	0.276037795944
-ايە	0.584854156918	0.248635158322	0.0271018561847	0.139408828576
-لمە	0.0452927855063	0.875444839858	0.0339695891297	0.0452927855063
-سۆز	0.2527335437	0.332721802304	0.0202539076833	0.394290746312
-رۈم	0.37936342645	0.576900439172	0.0232942454838	0.0204418888939
-لما	0.537181082763	0.181860609832	0.00311138767891	0.277846919726
-سېخ	0.0	1.0	0.0	0.0
-ايت	0.612448620082	0.29242513212	0.0140927774516	0.0810334703465
-ربى	0.8	0.0333333333334	0.0777777777778	0.0888888888888
-ايا	0.0847600810994	0.863004054967	0.00168956972291	0.0505462942104
-ەكس	0.0267192857605	0.97328071424	0.0	0.0
-رغا	0.186144456697	0.26862050352	0.0420611997798	0.503173840003
-ئۆچ	0.829134391216	0.0761073926449	0.0315860720463	0.0631721440927
-لبى	0.0984825023226	0.71755961598	0.00371632084237	0.180241560855
-نسا	0.687871888572	0.152945453154	0.0147320489027	0.144450609371
-ڭگى	0.0851063829788	0.223404255319	0.617021276596	0.0744680851064
-ۇشۇ	0.17272304524	0.0822925662659	0.0159436657145	0.72904072278
-ايى	0.192816070495	0.607796281084	0.135165409603	0.0642222388171
-ېيت	0.219201359388	0.648258283772	0.0	0.132540356839
-ېيا	0.0121686223381	0.987831377662	0.0	0.0
-ئەپ	0.258373205742	0.0	0.66985645933	0.0717703349282
-ھرى	0.321259163433	0.575247951703	0.0194049159121	0.0840879689522
-يچۇ	0.70564516129	0.139784946237	0.00940860215053	0.145161290323
-داغ	0.317016317016	0.473193473194	0.0699300699301	0.13986013986
-دار	0.346971209502	0.324984893123	0.184025003265	0.14401889411
-پكە	0.119536452399	0.605777549807	0.12262495404	0.152061043754
-داس	0.173096976017	0.773722627737	0.0323253388947	0.0208550573514
-داز	0.574803149606	0.425196850394	0.0	0.0
-داش	0.240357250283	0.626830792013	0.0238899558065	0.108922001897
-ەزا	0.0107719928187	0.924596050269	0.0	0.0646319569121
-داب	0.0	1.0	0.0	0.0
-يچە	0.252821670429	0.671181339353	0.0270880361174	0.0489089541008
-دات	0.176047397376	0.488785442234	0.0152348709268	0.319932289462
-ۇچى	0.248556475066	0.430940165749	0.0299603161299	0.290543043056
-ەزى	0.120514809388	0.0587491740642	0.0366763384948	0.784059678053
-قچە	0.443164933135	0.121347201585	0.150074294205	0.285413571075
-شچە	0.384615384615	0.10989010989	0.417582417582	0.0879120879121
-ەزم	0.2624872579	0.34505606524	0.300713557594	0.091743119266
-داي	0.00236406619385	0.997635933806	0.0	0.0
-داق	0.205603944129	0.0692082867264	0.0348510962849	0.690336672859
-دام	0.224264705882	0.599264705882	0.0294117647059	0.147058823529
-دان	0.0435703802235	0.752524954889	0.145496520674	0.0584081442131
-ېيى	0.43023255814	0.461240310078	0.108527131783	0.0
-داپ	0.392088948097	0.3876722857	0.169513757237	0.0507250089665
-ۋنى	0.178571428571	0.821428571429	0.0	0.0
-وزا	0.113139099875	0.550051014624	0.00997619317537	0.326833692325
-ئەي	0.0687268469731	0.154239005617	0.00645790846272	0.770576238947
-ۋۇپ	0.258928571428	0.348214285714	0.321428571429	0.0714285714286
-چۈن	0.0286739959366	0.0202562427909	0.00146007045713	0.949609690815
-ۋەس	0.19056261343	0.666061705989	0.143375680581	0.0
-ۋەر	0.339763879476	0.345335000943	0.0364265634425	0.278474556139
-ۋۇي	0.195930670686	0.704596834966	0.00904295403165	0.0904295403165
-ۋۇل	0.15696993362	0.819601718079	0.0078094494338	0.0156188988676
-رقى	0.127739019357	0.23248501523	0.352756214995	0.287019750418
-يچى	0.0182275844111	0.896710355004	0.0607586147036	0.0243034458814
-داڭ	0.447849145551	0.378609310548	0.069239835003	0.104301708898
-پكى	0.0294659300184	0.0128913443831	0.78453038674	0.173112338858
-ۋەت	0.374056234208	0.370286209494	0.136888551872	0.118769004426
-ۋەب	0.31381415329	0.251186977165	0.0438616323762	0.391137237169
-رقا	0.0272727272728	0.2	0.0	0.772727272727
-ۋۇت	0.0144365244068	0.963006406208	0.0	0.0225570693855
-ېلى	0.18418622501	0.329575572959	0.157490135879	0.328748066153
-شچى	0.351351351351	0.6	0.0486486486487	0.0
-ۋەن	0.360426796732	0.205285545727	0.238193384989	0.196094272552
-قچى	0.55491867696	0.250593441509	0.0395895894553	0.154898292076
-ۋۇر	0.101694915254	0.350282485876	0.525423728814	0.0225988700565
-كىڭ	0.491674520892	0.184103047439	0.11137291863	0.212849513038
-ۇئا	0.607249162116	0.279431410692	0.0	0.113319427192
-خمۇ	0.329268292683	0.0609756097561	0.560975609756	0.0487804878049
-زاخ	0.0755041400715	0.868306732434	0.056189127495	0.0
-زاد	0.193706269603	0.282666390928	0.159997242615	0.363630096853
-زاب	0.477495432652	0.28035210098	0.0348779272547	0.207274539113
-زات	0.316239316239	0.683760683761	0.0	0.0
-لان	0.330283249796	0.558864669542	0.0688891479193	0.0419629327428
-ئۇل	0.0521383426377	0.882311522406	0.0229676943453	0.0425824406109
-لال	0.38818405605	0.309789812536	0.235750804772	0.0662753266427
-لام	0.208995691949	0.483626394593	0.0552715879535	0.252106325504
-لاق	0.417668096459	0.35766280661	0.0423417932589	0.182327303672
-لاك	0.726549118388	0.135415617129	0.00544080604534	0.132594458438
-تاي	0.624021865289	0.0955483170466	0.0629001460182	0.217529671646
-ەيت	0.530393325387	0.088200238379	0.381406436234	0.0
-لقى	0.0337726660794	0.726976581847	0.00797779513687	0.231272956937
-لاپ	0.548472935827	0.120009099205	0.0402310809215	0.291286884047
-ىجا	0.696907216495	0.216494845361	0.0	0.0865979381443
-زاپ	0.0981595092024	0.901840490798	0.0	0.0
-لاد	0.0261614794768	0.746955345061	0.00631483987372	0.220568335589
-لات	0.401643554186	0.567539804828	0.0	0.0308166409861
-زاي	0.0726392251816	0.8401937046	0.0581113801453	0.0290556900727
-زام	0.30303030303	0.666666666667	0.0	0.030303030303
-زان	0.112871287129	0.491089108911	0.386138613861	0.00990099009899
-زاق	0.539325842697	0.350680070964	0.0473092844471	0.0626848018924
-لاغ	0.655737704918	0.245901639344	0.0	0.0983606557377
-خۇم	0.0	1.0	0.0	0.0
-خۇن	0.161796536796	0.838203463204	0.0	0.0
-لاش	0.642974395269	0.242596445477	0.0716723761237	0.0427567831302
-لاس	0.167462357694	0.597135512303	0.0749173705472	0.160484759456
-لار	0.215690054999	0.312852798892	0.0424226877696	0.429034458339
-زاڭ	0.0757097791798	0.917981072555	0.0	0.00630914826498
-سنى	0.113679552736	0.766517639931	0.00927209466717	0.110530712666
-ەقە	0.348474483513	0.167191134218	0.0582843070188	0.42605007525
-خۇش	0.0989622665692	0.320536001246	0.335651457224	0.244850274961
-بېن	0.0	1.0	0.0	0.0
-بېل	0.0230263157895	0.677631578947	0.0	0.299342105263
-ىڭى	0.0337078651685	0.0	0.101123595506	0.865168539326
-چقا	0.301577696946	0.195340274469	0.0479959957626	0.455086032822
-خەت	0.431970082361	0.494212245336	0.0	0.0738176723023
-خنى	0.375988053447	0.477228837478	0.0837353306803	0.0630477783945
-خەس	0.483596080102	0.347677886664	0.148274392842	0.020451640392
-ىجە	0.64347826087	0.165217391304	0.165217391304	0.0260869565217
-خەي	0.0835073068894	0.782881002088	0.133611691023	0.0
-ىكس	0.0239712345186	0.955852976428	0.00299640431482	0.0171793847383
-وۋا	0.498676951349	0.426863605712	0.0179705892792	0.0564888536602
-ببى	0.0624881651203	0.82957773149	0.00284037114183	0.105093732248
-لاڭ	0.315960124575	0.587280820262	0.0	0.0967590551629
-ھكە	0.0867034340503	0.756566124479	0.00388941816052	0.15284102331
-سنا	0.272727272727	0.257575757576	0.328282828283	0.141414141414
-لاھ	0.0287425149701	0.82754491018	0.0718562874251	0.0718562874252
-بېت	0.0	0.99180887372	0.00819112627986	0.0
-ىڭد	0.802981895634	0.197018104366	0.0	0.0
-اشۇ	0.335716607085	0.142346441339	0.0292492687683	0.492687682808
-ېمى	0.048951048951	0.914335664336	0.0	0.0367132867133
-قتى	0.446398754094	0.19969815683	0.0459989724488	0.307904116627
-غرا	0.268878797978	0.091144531467	0.20763900461	0.432337665945
-وست	0.11405985319	0.710333145116	0.14172783738	0.033879164314
-وسا	0.0	1.0	0.0	0.0
-ڭدى	0.75197858473	0.0393389199256	0.00279329608938	0.205889199255
-نزە	0.148648648649	0.648648648649	0.202702702703	0.0
-قتا	0.180716776031	0.247553568105	0.0695266180907	0.502203037774
-ڭدا	0.256647018439	0.186126672164	0.0502471939325	0.506979115464
-وسى	0.0	1.0	0.0	0.0
-شنى	0.433680198859	0.204135343447	0.0333559000788	0.328828557615
-كيا	0.0	1.0	0.0	0.0
-غدى	0.169963369963	0.715750915751	0.0307692307692	0.0835164835165
-ۇقى	0.19765318162	0.633336565866	0.0354123902959	0.133597862219
-ېمە	0.13424895707	0.113449951988	0.00709062199926	0.745210468942
-ئېل	0.0	0.962137147665	0.0378628523349	0.0
-ڭدە	0.437748128864	0.414057923853	0.0144484217377	0.133745525545
-قتە	0.276454420522	0.229958772332	0.0	0.493586807146
-وسە	0.0	1.0	0.0	0.0
-سسە	0.0389999212123	0.598576568532	0.100060403918	0.262363106337
-ۇقا	0.0131578947368	0.960526315789	0.0131578947368	0.0131578947368
-غدا	0.104809419453	0.118577595861	0.00289856345439	0.773714421232
-ئېر	0.0	1.0	0.0	0.0
-ۈلى	0.0	1.0	0.0	0.0
-كۈل	0.0363215136524	0.174186882281	0.0321938980458	0.757297706021
-چكى	0.14606741573	0.370786516854	0.38202247191	0.101123595506
-كۈن	0.0348076419785	0.87924627061	0.00774666317718	0.0781994242345
-نھا	0.230769230769	0.25	0.0	0.519230769231
-شېر	0.0	1.0	0.0	0.0
-ىھا	0.0568181818181	0.892045454546	0.00568181818181	0.0454545454545
-ەمر	0.411519777932	0.458570437196	0.0191533657183	0.110756419153
-كۈپ	0.360500286111	0.430229706532	0.116896918172	0.0923730891849
-ەما	0.00440496292491	0.985683870494	0.00991116658104	0.0
-ۋدا	0.15859030837	0.629955947137	0.0	0.211453744493
-ەشۇ	0.0285850404955	0.961886612673	0.00952834683184	0.0
-سمۇ	0.338471249389	0.179092686105	0.0188630070044	0.463573057501
-رشى	0.225994502673	0.0445902679192	0.0193312592503	0.710083970157
-لكى	0.0759919353881	0.0184979066073	0.0228550152301	0.882655142775
-كۈت	0.409090909091	0.204545454545	0.340909090909	0.0454545454545
-چاچ	0.241071428571	0.598214285714	0.160714285714	0.0
-رتس	0.0	0.94140625	0.05859375	0.0
-ىھى	0.757575757576	0.0969696969697	0.145454545455	0.0
-كۈر	0.284763650373	0.544789100716	0.123632627806	0.0468146211051
-كۈز	0.1211531659	0.694552529183	0.157764414574	0.0265298903431
-كۈس	0.387234042553	0.151063829787	0.0382978723404	0.423404255319
-كۈش	0.152368758003	0.541399914639	0.153862569356	0.152368758003
-دەي	0.125	0.6875	0.0	0.1875
-چكە	0.37986154769	0.444598039935	0.0940052481576	0.0815351642183
-ەپۇ	0.520481927711	0.334939759036	0.0289156626506	0.115662650602
-لېت	0.0	1.0	0.0	0.0
-سما	0.231719876416	0.679025060076	0.0514933058702	0.0377617576381
-چاق	0.0758228502499	0.398586937791	0.51525073238	0.0103394795795
-چان	0.162468594988	0.139496231399	0.0723184951362	0.625716678477
-ۋدە	0.238095238095	0.460317460317	0.253968253968	0.047619047619
-جرا	0.392238392238	0.437976437976	0.029106029106	0.140679140679
-ەشق	0.0	1.0	0.0	0.0
-چات	0.461538461538	0.48717948718	0.0	0.0512820512821
-مفە	0.0	1.0	0.0	0.0
-ولى	0.142963080028	0.677846800958	0.0376858459257	0.141504273089
-سمى	0.372476770266	0.558314642743	0.0115347644986	0.0576738224928
-ەمە	0.4	0.446153846154	0.0	0.153846153846
-لېم	0.0261760242792	0.971547799697	0.0	0.00227617602428
-ەشى	0.00964630225079	0.0643086816721	0.0128617363344	0.913183279743
-كۈچ	0.348679245283	0.307924528302	0.29358490566	0.0498113207547
-چاغ	0.216101694915	0.427966101695	0.0254237288135	0.330508474576
-چار	0.32912066929	0.560965212217	0.00870360666804	0.101210511825
-ھدە	0.0531771628257	0.869232522324	0.0282805820482	0.049309732802
-ەئە	0.0553445469344	0.144872490505	0.0195333695063	0.780249593055
-كۈڭ	0.441572277672	0.438320062801	0.120107659527	0.0
-ديا	0.0382165605095	0.96178343949	0.0	0.0
-ېشى	0.140483809201	0.740200645128	0.0191770935362	0.100138452135
-كىت	0.442424242424	0.30303030303	0.0363636363636	0.218181818182
-كىب	0.0	0.903225806452	0.0	0.0967741935484
-ىكە	0.316181729213	0.446681973877	0.205518123988	0.0316181729213
-ھېچ	0.151403531056	0.507430458529	0.0157500317541	0.325415978661
-ۈمى	0.239516832775	0.53993478161	0.0270059247692	0.193542460846
-كىز	0.124770642202	0.0509174311927	0.418348623853	0.405963302752
-كىر	0.656281995027	0.136755887085	0.0767880649408	0.130174052947
-كىش	0.197654941374	0.706867671692	0.0117252931323	0.0837520938023
-ۇمۇ	0.141740621218	0.110982250908	0.0644160951997	0.682861032674
-كىي	0.0106345267636	0.989365473236	0.0	0.0
-تاڭ	0.154409157676	0.641467862027	0.0635668338145	0.140556146482
-نچۇ	0.38202247191	0.489887640449	0.0269662921348	0.101123595506
-كىن	0.0772463603335	0.0254247277226	0.0319295526212	0.865399359323
-كىم	0.0774769423069	0.219780136686	0.0156947840535	0.687048136953
-كىل	0.109386686612	0.776178010471	0.0134629768138	0.100972326103
-نچە	0.174364698693	0.0977740014773	0.291699492696	0.436161807134
-ەرق	0.464937271955	0.0964662368171	0.13420302894	0.304393462288
-كىپ	0.596252930547	0.0581272713837	0.0291543231025	0.316465474967
-گېل	0.0	1.0	0.0	0.0
-نسە	0.733767351153	0.227687277733	0.0180681427096	0.0204772284043
-بقا	0.31519962643	0.286247957039	0.163320102732	0.235232313799
-ۇسى	0.340525554484	0.385848601736	0.100048216008	0.173577627772
-تاپ	0.477629092982	0.28843369174	0.0608172402856	0.173119974993
-تال	0.098290165459	0.630364525307	0.0312594952444	0.24008581399
-تام	0.0169523033132	0.84682553624	0.00214888351858	0.134073276928
-تان	0.0428677014043	0.861049519586	0.0229941693356	0.0730886096739
-تاق	0.266370538058	0.433901637147	0.107902016926	0.191825807869
-نچا	0.298590919257	0.701409080743	0.0	0.0
-ئۇن	0.402298850575	0.57974137931	0.0	0.0179597701149
-ىكى	0.171554667342	0.477830414904	0.0660833663006	0.284531551453
-ئاز	0.11125848237	0.13954747059	0.2851948526	0.46399919444
-ېۋە	0.0364468553993	0.94829632141	0.00508560773014	0.0101712154603
-نچى	0.0439010082899	0.111719848148	0.732233179489	0.112145964074
-000	0.0	1.0	0.0	0.0
-تاج	0.150473113316	0.78352180937	0.0180013847219	0.0480036925918
-تاخ	0.0	1.0	0.0	0.0
-تاب	0.331797235023	0.557603686636	0.0552995391705	0.0552995391705
-تات	0.0	1.0	0.0	0.0
-تاش	0.0852480311764	0.816546236908	0.0352358528863	0.062969879029
-تار	0.343260979303	0.294548207976	0.296819787986	0.065371024735
-تاز	0.0241031390135	0.941003363229	0.00168161434978	0.0332118834081
-تاس	0.183583406884	0.145631067961	0.145631067961	0.525154457193
-ىكا	0.071000461042	0.881051175657	0.00368833563854	0.0442600276625
-ئۇس	0.0	1.0	0.0	0.0
-تاغ	0.102895012208	0.81339379142	0.0	0.0837111963725
-رسى	0.25651237351	0.37353471596	0.0063119927863	0.363640917744
-ۇسا	0.0777080628876	0.870366363767	0.00874441078898	0.0431811625559
-ساش	0.110992529349	0.844183564568	0.0448239060833	0.0
-سار	0.0568720379147	0.936018957346	0.0	0.00710900473932
-سلى	0.35811076198	0.290161036921	0.039964650432	0.311763550668
-ساس	0.515513126492	0.355608591885	0.00954653937948	0.119331742243
-ەپە	0.0591133004926	0.822660098522	0.118226600985	0.0
-ھچى	0.0821052631578	0.864210526316	0.0063157894737	0.0473684210526
-260	0.0	0.112244897959	0.0	0.887755102041
-ساد	0.242236024845	0.347826086956	0.198757763975	0.211180124224
-نۈپ	0.613769323461	0.176535262632	0.0390035119064	0.170691902
-ساب	0.436815193572	0.349159970782	0.0438276113952	0.170197224251
-سات	0.110103626943	0.708549222798	0.0647668393782	0.116580310881
-مچا	0.305453726928	0.609010225738	0.0135056916843	0.0720303556499
-دىڭ	0.448179372309	0.306417675524	0.0544501890193	0.190952763147
-پتۇ	0.403299460872	0.242864098342	0.0576695181331	0.296166922654
-ۋىق	0.121359223301	0.757281553398	0.121359223301	0.0
-گۇز	0.0	0.963252181902	0.0137804317868	0.0229673863114
-ۋىي	0.0741745816372	0.852555404794	0.0135685210312	0.0597014925373
-ساپ	0.370393900889	0.199809402795	0.39834815756	0.0314485387548
-مچى	0.143587797296	0.709345405913	0.0977282585122	0.049338538278
-نۈش	0.332667332667	0.552447552448	0.0879120879121	0.026973026973
-پتە	0.278590824135	0.39609267553	0.0585393377296	0.266777162605
-ۋاخ	0.119549929676	0.49929676512	0.381153305204	0.0
-رچى	0.430463576159	0.525386313466	0.0110375275938	0.0331125827815
-رىڭ	0.297963072597	0.435293791164	0.0537537926441	0.212989343595
-سلا	0.0467242254952	0.0228542407313	0.0228542407313	0.907567293042
-سام	0.566387747794	0.139357272089	0.0360129039724	0.258242076145
-سال	0.216316681883	0.208034433285	0.245337159254	0.330311725577
-سان	0.181115397661	0.480687035219	0.1383261609	0.199871406219
-ساق	0.210152473732	0.160666629341	0.043254390385	0.585926506541
-666	0.0456621004566	0.0	0.0	0.954337899543
-ۋىپ	0.0706713780919	0.697879858657	0.0494699646643	0.181978798587
-ساي	0.329268292683	0.59756097561	0.0	0.0731707317073
-رىم	0.124976504601	0.602455696948	0.0703534615229	0.202214336928
-رىل	0.485887096774	0.483870967742	0.0	0.0302419354839
-رىك	0.143442449842	0.630665258712	0.186610348469	0.0392819429778
-رىق	0.030567797808	0.316265563365	0.0443290888766	0.60883754995
-سىز	0.27622509109	0.195627524338	0.16260442367	0.365542960901
-رىي	0.240349320617	0.530814814375	0.164235883405	0.0645999816022
-ساڭ	0.311410765699	0.177200335289	0.0261671343708	0.485221764642
-ىگە	0.240850649475	0.377959774368	0.0386910957984	0.342498480359
-پتا	0.136253041363	0.637469586375	0.029197080292	0.197080291971
-دىش	0.140845070423	0.538341158059	0.320813771518	0.0
-دىس	0.0	1.0	0.0	0.0
-دىر	0.199856001152	0.615796673627	0.0504283965729	0.133918928649
-ورا	0.0363636363636	0.954545454545	0.00909090909091	0.0
-ورت	0.134502923977	0.624269005848	0.0657894736842	0.175438596491
-رىپ	0.450664055472	0.0645783992473	0.0116279755672	0.473129569713
-دىت	0.45643153527	0.368162957375	0.10184835911	0.073557148246
-پتى	0.848930481283	0.0552584670232	0.0298573975044	0.065953654189
-دىن	0.23929260395	0.291852266831	0.0513629689155	0.417492160303
-دىم	0.515993290866	0.162249061288	0.0396142853394	0.282143362507
-دىل	0.0420779220779	0.268311688312	0.437142857143	0.252467532468
-دىق	0.110597178971	0.447769738047	0.288857849423	0.152775233559
-ورى	0.186588921283	0.795085381091	0.00583090379008	0.0124947938359
-دىي	0.0772913481115	0.550929295077	0.122590905746	0.249188451066
-رىت	0.0105017502917	0.93698949825	0.00700116686116	0.0455075845975
-رىش	0.177571359935	0.125768420534	0.0280265605559	0.668633658975
-رىس	0.0	1.0	0.0	0.0
-كور	0.0152380952381	0.0	0.975238095238	0.00952380952382
-رچە	0.266671235033	0.206449105368	0.0791298119082	0.447749847691
-ساۋ	0.182119205298	0.315673289183	0.00827814569537	0.493929359823
-تتى	0.545697949241	0.15051262504	0.0361833974648	0.267606028254
-يەم	0.00950992155053	0.763233964005	0.00335948315644	0.223896631288
-ىدۇ	0.452096729361	0.120343407551	0.025759637257	0.401800225831
-دۇڭ	0.79950799508	0.163591635916	0.0369003690037	0.0
-رچۇ	0.566852596178	0.214133377081	0.0436797637601	0.175334262981
-ىدە	0.202646038743	0.260925055805	0.0291163564125	0.507312549039
-وچا	0.0288	0.9712	0.0	0.0
-،12	0.0638569604087	0.0421455938697	0.0	0.893997445722
-اسە	0.25641025641	0.358974358974	0.0	0.384615384615
-دۇچ	0.473716158796	0.217312128202	0.036421027073	0.272550685929
-نجى	0.0737114562232	0.300472653612	0.507652487058	0.118163403106
-وچى	0.198198198198	0.738738738739	0.0630630630631	0.0
-تتا	0.131223560974	0.18676845022	0.100543329032	0.581464659773
-ىقە	0.364187231053	0.344164397998	0.195749538948	0.0958988320014
-ۈيى	0.0497076023392	0.932748538012	0.0	0.0175438596491
-ىدى	0.641544175277	0.125190411198	0.0333725699485	0.199892843577
-دۇر	0.253888645429	0.407554140445	0.139640444992	0.198916769133
-دۇس	0.0	1.0	0.0	0.0
-تتە	0.217699333318	0.192408552921	0.028496076777	0.561396036984
-ەبى	0.168993238925	0.0962023613306	0.0312825860271	0.703521813717
-بات	0.391669257072	0.477774323904	0.0559527510102	0.0746036680138
-بكە	0.476400529334	0.303043670048	0.0529333921482	0.167622408469
-دۇپ	0.421030582321	0.126518642648	0.393799748639	0.0586510263929
-است	0.321653729039	0.42102328773	0.0956383754343	0.161684607797
-اسا	0.108147080029	0.682948810382	0.122386445566	0.0865176640231
-ۇزى	0.287893516788	0.544604800718	0.0732819860913	0.0942196964031
-ۈيە	0.138996138996	0.855212355212	0.00579150579152	0.0
-ىدا	0.176758099394	0.288585149804	0.0310042244112	0.503652526391
-ىقى	0.222570608028	0.361807963615	0.0848139829433	0.330807445413
-ەبا	0.546241631592	0.157552046552	0.0177961074546	0.278410214401
-دۇق	0.396669474704	0.229942780605	0.0552546333293	0.318133111362
-دۇم	0.302269436922	0.190854213661	0.047518812107	0.45935753731
-دۇل	0.401117318436	0.0435754189944	0.0402234636872	0.515083798883
-دۇن	0.0	0.55223880597	0.44776119403	0.0
-گەچ	0.573076923077	0.288461538462	0.0230769230769	0.115384615385
-شبۇ	0.309475806452	0.509072580645	0.0423387096774	0.139112903226
-ۇنۇ	0.241379310345	0.122050816697	0.0013611615245	0.635208711434
-كنى	0.330099337517	0.492771328247	0.0596555647858	0.11747376945
-تور	0.0520868680013	0.824058364438	0.0882253138785	0.0356294536817
-خوپ	0.151281259648	0.526705773387	0.172892868169	0.149120098796
-ڭنى	0.316594634131	0.410709432272	0.0452656474661	0.22743028613
-ۋاھ	0.8	0.0833333333334	0.05	0.0666666666667
-قىڭ	0.3367562559	0.36501855586	0.0786853503874	0.219539837852
-ۇنچ	0.215319148936	0.575319148936	0.0893617021277	0.12
-اچا	0.240866494635	0.17730544615	0.513377699307	0.0684503599077
-تنە	0.502351383435	0.447881472012	0.0175783033513	0.0321888412017
-لۋە	0.0765926406224	0.202869184633	0.60139406711	0.119144107635
-توي	0.139707487448	0.725824055883	0.0532634795896	0.0812049770792
-خوش	0.298223350254	0.213197969543	0.00380710659898	0.484771573604
-توق	0.0605341246291	0.559643916914	0.345400593472	0.0344213649851
-خور	0.176466281028	0.471553049718	0.296331551585	0.0556491176686
-تون	0.279340446169	0.637245392823	0.0678952473327	0.015518913676
-ېسە	0.540417754491	0.105894202935	0.00847344911223	0.345214593461
-چتى	0.756794360449	0.163250162323	0.0224468973194	0.0575085799091
-ېسا	0.0	1.0	0.0	0.0
-توڭ	0.00740009866798	0.982733103108	0.00986679822397	0.0
-ھۇم	0.0154545454546	0.966818181818	0.0122727272727	0.00545454545455
-زنى	0.179675533212	0.229413481127	0.0292136724732	0.561697313187
-ۇنى	0.0560158827573	0.0374842900323	0.00150078596574	0.904999041245
-قىش	0.21483647966	0.5737835682	0.0390853496411	0.172294602499
-قىز	0.0278224725128	0.430309734513	0.0605054974524	0.481362295522
-گەت	0.568584070796	0.365044247788	0.0	0.0663716814159
-گەر	0.0503420407509	0.0431253373145	0.00213844647841	0.904394175456
-گەش	0.0173913043478	0.95652173913	0.0260869565217	0.0
-ڭنە	0.0425129900803	0.829948039679	0.127538970241	0.0
-ەۋج	0.398692810458	0.385620915033	0.21568627451	0.0
-قىت	0.102987421384	0.532075471698	0.038679245283	0.326257861635
-گەك	0.241795164097	0.254214915702	0.403791924161	0.10019799604
-گەن	0.412603273184	0.127033690756	0.0493574054835	0.411005630576
-گەم	0.3452650657	0.210693248754	0.0498414136837	0.394200271862
-گەل	0.728770595691	0.0937896070976	0.139416983523	0.0380228136882
-گەي	0.339096711643	0.422961945544	0.128464086612	0.109477256201
-تنى	0.223038644244	0.660795475518	0.0496725408559	0.0664933393824
-قىن	0.241878172589	0.167597292724	0.029780033841	0.560744500846
-قىل	0.23921694032	0.265008906594	0.0704645616626	0.425309591423
-قىم	0.298592558185	0.40936201121	0.0945952589004	0.197450171704
-قىق	0.146872957071	0.412943996514	0.0610154717804	0.379167574635
-قىي	0.349316304693	0.162814882298	0.249293099447	0.238575713561
-مچە	0.503759398496	0.375939849624	0.0330827067669	0.0872180451128
-قىپ	0.430130209381	0.0532696338264	0.00719479918802	0.509405357604
-چتە	0.0890510948905	0.475912408759	0.0408759124088	0.394160583942
-رەن	0.160957122687	0.263431671249	0.0321022516162	0.543508954448
-ھۇد	0.0	1.0	0.0	0.0
-دچى	0.154159718362	0.508986473967	0.0611450806003	0.275708727071
-گەپ	0.47837167192	0.0933538998055	0.0240091207833	0.404265307491
-ىلو	0.111111111111	0.847222222222	0.0	0.0416666666667
-ىلى	0.434783409439	0.35950265536	0.0840577793779	0.121656155823
-شغا	0.757575757576	0.242424242424	0.0	0.0
-چمۇ	0.129166666667	0.6	0.145833333333	0.125
-جمە	0.179850746269	0.45671641791	0.363432835821	0.0
-ىسا	0.296044513973	0.141589451043	0.0580331792127	0.504332855771
-ۇتى	0.595041322314	0.190082644628	0.148760330579	0.0661157024793
-رېت	0.0	1.0	0.0	0.0
-ىسى	0.146120205781	0.515905918272	0.0682716420062	0.269702233941
-رېك	0.0205546492659	0.0900489396411	0.889396411093	0.0
-لغۇ	0.476755687438	0.292779426311	0.0860534124629	0.144411473788
-كۆچ	0.746012722412	0.248455794229	0.00553148335945	0.0
-ۇتا	0.0	1.0	0.0	0.0
-غنى	0.0602409638554	0.892967217708	0.0224152423648	0.0243765760717
-تما	0.197786672946	0.740993642571	0.0117730162468	0.0494466682364
-ىلا	0.288044784546	0.287127060116	0.0694945045787	0.35533365076
-ىيە	0.0868099632641	0.867889005335	0.0200930908049	0.0252079405956
-ئىچ	0.145526410349	0.728530362918	0.0747394897592	0.0512037369745
-ىيا	0.0254614188607	0.932160422968	0.00742265092211	0.0349555072494
-يگە	0.242010820256	0.591669746967	0.00910648879331	0.157212943983
-تۇچ	0.00646551724138	0.993534482759	0.0	0.0
-كۆك	0.020955469627	0.523138331047	0.455906199326	0.0
-ىلە	0.169019074078	0.443842410456	0.119579363452	0.267559152015
-كۆن	0.0	0.968578161822	0.0314218381775	0.0
-كۆل	0.0832507433102	0.809051866535	0.0356788899901	0.0720185001652
-كۆپ	0.0550603041426	0.0496511193942	0.458906730538	0.436381845926
-پۇت	0.167504187605	0.548855388051	0.0603015075376	0.223338916806
-پۇد	0.0	1.0	0.0	0.0
-باي	0.035112760491	0.0924921495861	0.783899514702	0.0884955752212
-پۇر	0.459582198002	0.238873751135	0.0835603996367	0.217983651226
-پۇز	0.183266932271	0.505976095618	0.0398406374502	0.270916334661
-پۇس	0.0475398145947	0.941763727121	0.00713097218921	0.0035654860946
-باق	0.571229328552	0.311217373979	0.00597728631202	0.111576011158
-لغا	0.359068567491	0.228562841517	0.0126351190221	0.39973347197
-بان	0.230321861058	0.365280433397	0.0839706819631	0.320427023582
-ئىل	0.0677450741912	0.708870510014	0.145747182356	0.0776372334387
-بام	0.0	1.0	0.0	0.0
-باغ	0.0	1.0	0.0	0.0
-پۇل	0.0963682128731	0.802588996764	0.0417116145272	0.059331175836
-باس	0.00974817221771	0.975629569456	0.0146222583266	0.0
-ھنى	0.103005819383	0.639903993867	0.0166824344673	0.240407752282
-ئىر	0.215059897319	0.204221334854	0.0222475755847	0.558471192242
-لجا	0.680665909951	0.319334090049	0.0	0.0
-ئىش	0.470060687352	0.158194764976	0.00742976244486	0.364314785227
-ئىت	0.435070306038	0.525641025641	0.0392886683209	0.0
-باج	0.198293615769	0.796410709032	0.0	0.00529567519858
-ىسە	0.501454311941	0.20375476901	0.0454803006837	0.249310618366
-رەر	0.140674374962	0.16587686906	0.0222289484836	0.671219807494
-كۆز	0.205840870251	0.308490189568	0.0322962899782	0.453372650203
-كۆر	0.0766283524904	0.92337164751	0.0	0.0
-ىيو	0.0	1.0	0.0	0.0
-رەز	0.473933649289	0.0758293838862	0.379146919431	0.0710900473934
-پۇپ	0.223285486443	0.0446570972886	0.0	0.732057416268
-غىپ	0.474018246727	0.136145268632	0.0235797082286	0.366256776412
-لۈم	0.102616250917	0.803303864193	0.0145270410493	0.0795528438413
-لۈك	0.0759504037475	0.204936694348	0.488391233846	0.230721668059
-شاش	0.144949066214	0.0388723825693	0.14444680249	0.671731748727
-ئەڭ	0.128549183315	0.0398679168185	0.269853891263	0.561729008603
-مات	0.457902511078	0.318069916297	0.0615460364353	0.162481536189
-شاخ	0.563218390805	0.436781609195	0.0	0.0
-شاد	0.0	1.0	0.0	0.0
-قاد	0.400511154743	0.35430421216	0.00308695192698	0.242097681171
-ماس	0.264219693221	0.556068283028	0.105687283523	0.0740247402276
-ڭىش	0.155487804878	0.588414634146	0.182926829268	0.0731707317073
-مار	0.176534073389	0.152019734813	0.564292321924	0.107153869874
-ىزە	0.147713950762	0.743728018757	0.096834701055	0.0117233294256
-خىر	0.169246875198	0.275839096504	0.328817968403	0.226096059895
-ېنت	0.0560747663551	0.943925233645	0.0	0.0
-ېنا	0.0	1.0	0.0	0.0
-غىن	0.336162324899	0.328563608768	0.222500062203	0.11277400413
-لۈپ	0.436740542476	0.172574091315	0.208434936056	0.182250430152
-شاپ	0.421381207675	0.292219243792	0.0391506772009	0.247248871332
-قاپ	0.550394656952	0.296802266748	0.0663833232139	0.0864197530864
-ېنى	0.0379522201569	0.091787799938	0.00241208800675	0.867847891898
-غىش	0.483193277311	0.414098972922	0.0746965452848	0.0280112044818
-غىز	0.600475624257	0.262782401902	0.0136741973841	0.123067776457
-غىر	0.210300738287	0.294731163988	0.140214210439	0.354753887286
-خىل	0.0882986939632	0.404548650736	0.230199075515	0.276953579786
-خىم	0.567010309278	0.278350515464	0.0927835051546	0.0618556701031
-ماپ	0.522813688213	0.213742531233	0.0135795763172	0.249864204237
-ڭىپ	0.617932489451	0.151205545509	0.00180831826402	0.229053646775
-مان	0.150750425977	0.348153474865	0.237761218535	0.263334880623
-مام	0.239292997961	0.36913664174	0.0	0.391570360299
-مال	0.106422088615	0.808128773663	0.0234812800776	0.0619678576444
-ماق	0.356637712589	0.45691052013	0.0728330876337	0.113618679647
-ماي	0.334268943386	0.224712298727	0.0760141026792	0.365004655207
-لۈش	0.427856909862	0.447102315973	0.0657823203218	0.0592584538436
-شاي	0.202059202059	0.592020592021	0.148005148005	0.0579150579151
-قاي	0.457453228727	0.229933614967	0.109837054919	0.202776101388
-قال	0.225473321859	0.650602409639	0.0	0.123924268503
-قام	0.351851851852	0.546296296296	0.0	0.101851851852
-قان	0.386447441174	0.239486178139	0.0510052658099	0.323061114877
-شاق	0.609881782358	0.241588360109	0.139436192786	0.0090936647469
-قاق	0.428930185836	0.486690105475	0.0	0.0843797086891
-شاھ	0.0749525514964	0.583364608242	0.0274504337383	0.314232406524
-ىزى	0.0320720720721	0.901261261261	0.04	0.0266666666666
-ۆرە	0.288838322645	0.0586601258903	0.0794349714826	0.573066579982
-ماڭ	0.413304862024	0.35673455979	0.0119908015769	0.21796977661
-ئەت	0.315739515834	0.438761706167	0.072475466565	0.173023311434
-شاڭ	0.341317365269	0.586826347305	0.0718562874252	0.0
-ئەر	0.00935713047999	0.802114018368	0.0488650147288	0.139663836424
-تۈر	0.705023364486	0.294976635514	0.0	0.0
-تۈس	0.473233404711	0.526766595289	0.0	0.0
-تۈز	0.11481975968	0.295060080107	0.20694259012	0.383177570094
-تۈش	0.587412587413	0.34965034965	0.041958041958	0.020979020979
-قاچ	0.454939341421	0.493067590988	0.0	0.051993067591
-ۇمى	0.371285753957	0.52374340461	0.0349902804776	0.0699805609553
-ئاھ	0.300209205021	0.356694560669	0.0983263598326	0.244769874477
-غىڭ	0.0242509783794	0.95329441201	0.0	0.0224546096106
-تۈپ	0.407911202234	0.112184948213	0.0203612711655	0.459542578387
-كمۇ	0.34414718809	0.38066704502	0.0657278234587	0.209457943432
-ئەن	0.401151631478	0.213051823417	0.0	0.385796545106
-ئەل	0.0	1.0	0.0	0.0
-تۈم	0.215747055177	0.142591444513	0.00929944203347	0.632362058277
-تۈن	0.0480636643154	0.0849889672635	0.20941219027	0.657535178151
-رگە	0.126788344842	0.207158756546	0.0329587516168	0.633094146995
-ەرە	0.0607734806629	0.836621941594	0.0	0.102604577743
-يدە	0.10936967632	0.608858603066	0.0497444633731	0.23202725724
-تۇن	0.0308571439898	0.713156207354	0.247453760368	0.00853288828854
-زما	0.639741518578	0.092084006462	0.229402261712	0.0387722132472
-شقۇ	0.095744680851	0.202127659574	0.574468085106	0.127659574468
-ولا	0.475516866159	0.321001088139	0.0	0.203482045702
-يدۇ	0.393786687897	0.196315884292	0.0656330260133	0.344264401798
-شەپ	0.354609929078	0.475177304965	0.170212765958	0.0
-لنى	0.204079832785	0.584145448773	0.0421565082417	0.1696182102
-شەك	0.199753390875	0.750924784217	0.0493218249075	0.0
-شەن	0.28923988154	0.523198420533	0.163869693978	0.0236920039487
-شەي	0.26753507014	0.290581162325	0.285571142285	0.15631262525
-تۆت	0.0196076350943	0.0273318549799	0.0035650245626	0.949495485363
-ېڭى	0.10648242984	0.0368908173337	0.618028268683	0.238598484143
-تۆر	0.818181818182	0.121212121212	0.0606060606061	0.0
-بوش	0.145099200474	0.338762214984	0.416641989932	0.0994965946106
-بوي	0.618201256181	0.164506214085	0.00481090471736	0.212481625017
-بىل	0.134160544705	0.607149256406	0.121394015409	0.13729618348
-بول	0.436515513126	0.154176610978	0.0100238663484	0.399284009547
-ردۇ	0.504559270517	0.203647416413	0.0182370820669	0.273556231003
-لوگ	0.0	1.0	0.0	0.0
-ردە	0.0809019745472	0.183494369634	0.0163846960337	0.719218959785
-ۋغا	0.100321027287	0.605939004815	0.281701444623	0.0120385232745
-ردا	0.299221436061	0.294885222334	0.0342220412438	0.371671300362
-لوي	0.0	0.986440677966	0.0135593220339	0.0
-خشا	0.508620689655	0.491379310345	0.0	0.0
-دېد	0.383802816901	0.242957746479	0.0774647887324	0.295774647887
-يدى	0.543714718436	0.117582266281	0.0608563954289	0.277846619854
-گرى	0.139336492891	0.230331753554	0.630331753555	0.0
-ەرى	0.100502845044	0.720259362181	0.00555776101627	0.173680031759
-ۈكى	0.234994287723	0.75577818789	0.0	0.00922752438703
-ەرپ	0.81007751938	0.125968992248	0.0	0.0639534883721
-اتا	0.344898421633	0.35666893267	0.020804875931	0.277627769766
-چنى	0.285742738589	0.615502074689	0.0590871369295	0.0396680497926
-گدى	0.600638977636	0.115015974441	0.127795527156	0.156549520767
-اتى	0.174234730886	0.548527491658	0.122007834035	0.155229943421
-خشى	0.135902995371	0.0652327580933	0.598632473985	0.20023177255
-ەرز	0.343312152188	0.436456565497	0.0420333899041	0.17819789241
-ەرش	0.0509770603228	0.85743415463	0.0559048428208	0.035683942226
-لوخ	0.038188761593	0.923622476814	0.038188761593	0.0
-ردى	0.556345579173	0.0824544463559	0.0167064750336	0.344493499437
-شقا	0.228249885001	0.142779028979	0.0977945899175	0.531176496103
-لوس	0.0763497081712	0.841938229572	0.0178745136187	0.0638375486382
-دېي	0.0	0.723684210526	0.0	0.276315789474
-سقا	0.16384834224	0.794342080774	0.0140251522161	0.0277844247694
-يدا	0.314777690509	0.342476543083	0.0196243778382	0.323121388569
-ەرد	0.180547466511	0.490390215492	0.294117647059	0.0349446709377
-ۇلى	0.147128161166	0.703171881697	0.0693313330476	0.0803686240891
-زوق	0.166666666667	0.444444444444	0.277777777778	0.111111111111
-ۈنى	0.0613889133005	0.556886919261	0.00231388693819	0.3794102805
-فىم	0.0701754385965	0.929824561404	0.0	0.0
-خۇس	0.010101010101	0.989898989899	0.0	0.0
-ىنە	0.110098522168	0.399261083744	0.353201970443	0.137438423645
-پقا	0.0666963094709	0.842596709649	0.0177856825256	0.0729212983548
-لاي	0.199258219431	0.319432582194	0.0415219800517	0.439787218323
-نئى	0.387450980392	0.214901960784	0.347450980392	0.0501960784314
-اۋۇ	0.58146222763	0.197433912178	0.221103860192	0.0
-ىنچ	0.234905660377	0.293396226415	0.203773584906	0.267924528302
-ئاچ	0.0893365447777	0.135318589884	0.639807313335	0.135537552004
-ېرى	0.262481875041	0.289837037678	0.0541043564828	0.393576730798
-ۆزى	0.135254600575	0.186337346283	0.0231019111202	0.655306142022
-ۇلت	0.27397260274	0.643835616438	0.0821917808219	0.0
-خقا	0.11355718143	0.791557791133	0.0	0.0948850274367
-بىڭ	0.0195153683526	0.878028947796	0.0	0.102455683851
-تۇڭ	0.137075568766	0.78495484166	0.0251514805076	0.052818109066
-ركى	0.675475903494	0.13716055914	0.0616570222467	0.125706515119
-ۇلا	0.0	0.402356902357	0.597643097643	0.0
-زور	0.0746020432407	0.148966500356	0.530529817059	0.245901639344
-بىھ	0.306141154904	0.141154903758	0.357470210816	0.195233730522
-تۇل	0.0166534496431	0.932064499075	0.0	0.051282051282
-تۇم	0.175787728027	0.655058043118	0.0829187396352	0.0862354892205
-بىي	0.124543557642	0.253390714658	0.277777777778	0.344287949922
-تۇق	0.311444663237	0.174682378159	0.0841039513019	0.429769007302
-ىنى	0.297780965465	0.417355060663	0.038607777403	0.246256196469
-ئاق	0.0378916686908	0.0291474374545	0.887296575176	0.0456643186786
-ئال	0.416766826923	0.398137019231	0.0282451923077	0.156850961538
-ئام	0.387323943662	0.546478873239	0.0514084507042	0.0147887323944
-ئان	0.0560514444764	0.105000479892	0.0230348401958	0.815913235435
-وھا	0.0162293751691	0.918853124155	0.0	0.0649175006761
-مىس	0.0122636688809	0.987736331119	0.0	0.0
-اۋا	0.129764379764	0.562196812197	0.229036729037	0.0790020790021
-زار	0.33801052949	0.491917341188	0.104135259874	0.0659368694483
-تۇپ	0.423466649831	0.100066289971	0.0127529278071	0.463714132391
-غما	0.614398917467	0.355462383008	0.00861105700725	0.0215276425181
-ېرە	0.0	1.0	0.0	0.0
-ئات	0.0918367346939	0.701530612245	0.176020408163	0.030612244898
-بىخ	0.761760897713	0.173500215796	0.0647388864912	0.0
-بىد	0.271903323263	0.728096676737	0.0	0.0
-ىنت	0.00148294611962	0.968858131488	0.0	0.0296589223925
-تۇت	0.399313501144	0.221967963387	0.108695652174	0.270022883295
-تۇش	0.669491525424	0.169491525424	0.0197740112994	0.141242937853
-وھى	0.016040586414	0.885477673742	0.0	0.098481739844
-تۇر	0.275162276641	0.28142183482	0.190484095705	0.252931792834
-تۇز	0.0404573676686	0.43288707426	0.0294558027762	0.497199755296
-تۇس	0.0260859211794	0.88416119151	0.0400705726996	0.0496823146114
-بىر	0.0272016550221	0.0318136129877	0.0155164478596	0.925468284131
-بىز	0.0270418005501	0.0085608266982	0.000390443109549	0.964006929642
-ئاس	0.0186046511628	0.93488372093	0.0	0.0465116279069
-ېپى	0.229885057471	0.301149425287	0.0689655172415	0.4
-لىچ	0.0109603340292	0.979645093946	0.00313152400834	0.00626304801671
-زەي	0.617834394904	0.242038216561	0.0764331210191	0.0636942675159
-غۇم	0.51448534424	0.304533060668	0.0761758691207	0.104805725971
-غۇن	0.0313960190829	0.0686787917438	0.824562479304	0.0753627098689
-غۇق	0.0	0.0674157303372	0.932584269663	0.0
-زەك	0.246088193457	0.698435277383	0.0128022759602	0.0426742532005
-زەن	0.362701908957	0.262848751836	0.0	0.374449339207
-زەل	0.118431153095	0.117975015268	0.25792869615	0.505665135487
-ڭۈل	0.401165239365	0.18784220132	0.0894988066825	0.321493752632
-خاس	0.0799238820171	0.274024738344	0.457659372027	0.188392007612
-زەپ	0.195372750643	0.293059125964	0.429305912597	0.0822622107969
-قۇڭ	0.601449275362	0.18115942029	0.0434782608696	0.173913043478
-لىڭ	0.299811031062	0.490138183536	0.0476556041101	0.162395181292
-غۇپ	0.474765851655	0.480722779841	0.011127842126	0.0333835263778
-بچى	0.355524475525	0.415104895105	0.100699300699	0.128671328671
-زۇش	0.472028670114	0.372142472099	0.0258550122787	0.129973845509
-زۇر	0.0	0.365894039735	0.634105960265	0.0
-تىڭ	0.425816282798	0.412521627327	0.026983761647	0.134678328227
-لتا	0.0991157321932	0.834321251579	0.0233213487513	0.0432416674764
-زۇق	0.471407624633	0.508064516129	0.0	0.0205278592375
-خام	0.443526170799	0.289256198347	0.168044077135	0.099173553719
-خان	0.239688194493	0.685426223019	0.0210983563721	0.0537872261159
-شكە	0.486012869824	0.176989733615	0.0531600500973	0.283837346464
-غۇر	0.225642986901	0.710297351563	0.0468496032125	0.017210058323
-غۇز	0.0283505154639	0.024627720504	0.100085910653	0.846935853379
-زەر	0.152808988764	0.362996254682	0.0719101123596	0.412284644195
-زەت	0.571591107999	0.31594608787	0.0652021704884	0.0472606336426
-زۇپ	0.630552009795	0.162685284081	0.078594315784	0.12816839034
-غۇت	0.348195329087	0.354564755839	0.11889596603	0.178343949044
-غەت	0.264705882353	0.529411764706	0.147058823529	0.0588235294118
-غەز	0.236842105263	0.763157894737	0.0	0.0
-تىي	0.0519938312404	0.912315487993	0.030403172505	0.00528750826173
-تىن	0.251122985073	0.463924519941	0.0824033695445	0.202549125441
-تىل	0.112911143839	0.725740468009	0.0558010145638	0.105547373589
-لىد	0.0	0.697580645161	0.266129032258	0.0362903225806
-تىق	0.187824451923	0.0566324931727	0.276525009197	0.479018045707
-تىك	0.273991382687	0.249706227967	0.325499412456	0.15080297689
-جان	0.355671220993	0.198438516591	0.146605942312	0.299284320104
-جام	0.108108108108	0.891891891892	0.0	0.0
-لىس	0.178047758693	0.802262253875	0.0196899874319	0.0
-لتە	0.0247790534402	0.0863137028165	0.0792929710085	0.809614272735
-اپا	0.252771095703	0.366492146597	0.36036036036	0.0203763973397
-جاي	0.145161290323	0.526392961877	0.0386119257087	0.289833822092
-لىل	0.0	1.0	0.0	0.0
-تىد	0.747826086956	0.182608695652	0.0695652173913	0.0
-لىن	0.0307810696422	0.946133128126	0.0	0.0230858022316
-شكى	0.363222338361	0.0425563685232	0.0925041063162	0.5017171868
-لىق	0.170926637574	0.340280941527	0.0994586171143	0.389333803784
-جار	0.0	1.0	0.0	0.0
-لىي	0.133358240457	0.705311525044	0.0811018005909	0.080228433908
--ھە	0.387996527024	0.27295420013	0.243542435424	0.0955068374213
-غۇچ	0.268817204301	0.361559139785	0.208333333333	0.161290322581
