-мач	0.555555555556	0.444444444444	0.0	0.0
-доб	0.0	1.0	0.0	0.0
-мах	0.0717659606888	0.86652445528	0.0150845649855	0.0466250190462
-риг	0.585714285714	0.3	0.0571428571428	0.0571428571429
-р'ї	0.0147928994083	0.937869822485	0.0384615384615	0.00887573964496
-мас	0.00584795321637	0.992202729045	0.00194931773879	0.0
-мар	0.0592850915431	0.893635571055	0.047079337402	0.0
-мая	0.00999999999999	0.99	0.0	0.0
-маю	0.585476513173	0.0287407854286	0.010991372186	0.374791329212
-дол	0.0670794633643	0.824561403509	0.0804953560371	0.0278637770898
-док	0.0995814268481	0.811244292975	0.0384263877107	0.0507478924658
-дон	0.0104856150469	0.966249426568	0.00393210564257	0.0193328527426
-жою	0.133513149022	0.623286131715	0.0872106091256	0.155990110137
-маш	0.0	1.0	0.0	0.0
-маї	0.051948051948	0.922077922078	0.025974025974	0.0
-р'у	0.0	1.0	0.0	0.0
-тув	0.0	1.0	0.0	0.0
-має	0.65154936746	0.038587916718	0.00959063949045	0.300272076332
-жої	0.0329941412273	0.589623805119	0.0195189639223	0.357863089732
-пищ	0.0	1.0	0.0	0.0
-туй	0.561679721948	0.314338330653	0.0282720340302	0.0957099133683
-тук	0.266666666667	0.4	0.333333333333	0.0
-тул	0.0	1.0	0.0	0.0
-р'ю	0.10119695321	0.875952121872	0.00326441784548	0.0195865070729
-р'я	0.0119072059125	0.95237117635	0.0283309382057	0.00739067953193
-вїт	0.912621359223	0.0582524271845	0.0291262135922	0.0
-туп	0.141473191916	0.723233672958	0.0486053115082	0.0866878236179
-аон	0.00399334442595	0.988019966722	0.0	0.00798668885191
-аом	0.190045248869	0.348416289593	0.461538461539	0.0
-еба	0.116826003311	0.625453794162	0.0460166733299	0.211703529197
-цин	0.0	1.0	0.0	0.0
-х-о	0.0	0.0	0.0	1.0
-цим	0.139168669155	0.11595684851	0.0298072498594	0.715067232476
-бки	0.224561874066	0.57848328094	0.0618842128203	0.135070632174
-ідо	0.0526315789473	0.315789473684	0.0	0.631578947368
-вщи	0.5	0.388888888889	0.111111111111	0.0
-дяг	0.0989465763732	0.784988713318	0.0274642588412	0.0886004514673
-вщц	0.205357142857	0.3125	0.482142857143	0.0
-хти	0.021978021978	0.978021978022	0.0	0.0
-дзь	0.0	1.0	0.0	0.0
-орг	0.35187889357	0.596828415048	0.00330920589565	0.0479834854867
-іґу	0.0	1.0	0.0	0.0
-дом	0.219720188968	0.652735498083	0.0264349775493	0.1011093354
-чук	0.0714285714285	0.892857142857	0.0357142857144	0.0
-аот	0.0131952233292	0.982120472389	0.000791713399749	0.0038925908821
-хих	0.104928226179	0.2001651648	0.659444754803	0.0354618542178
-тур	0.0	1.0	0.0	0.0
-вїн	0.76404494382	0.23595505618	0.0	0.0
-тут	0.0825931735539	0.0361158927243	0.00684987318822	0.874441060534
-дян	0.0155239327296	0.953428201811	0.0310478654592	0.0
-тух	0.112771446819	0.877267668289	0.00142298355607	0.00853790133641
-вїк	0.238095238095	0.571428571429	0.0952380952381	0.0952380952381
-туш	0.0	1.0	0.0	0.0
-ссє	0.0196185286104	0.973841961853	0.0	0.0065395095368
-р'и	0.0	1.0	0.0	0.0
-ссі	0.0267857142857	0.888392857143	0.0178571428572	0.0669642857143
-тую	0.619433866857	0.224894998091	0.0960754569002	0.0595956781524
-дос	0.0	1.0	0.0	0.0
-ссь	0.534246575343	0.356164383562	0.0547945205479	0.0547945205479
-сся	0.335899793507	0.561033147273	0.0149096166408	0.0881574425797
-дот	0.0987654320988	0.58024691358	0.29012345679	0.0308641975309
-тує	0.714670599246	0.146145095778	0.0757131738244	0.0634711311521
-мав	0.752420952031	0.044970314825	0.0115848718481	0.191023861296
-туї	0.333333333333	0.666666666667	0.0	0.0
-дощ	0.154204891292	0.824995073676	0.00788211853831	0.0129179164933
-йти	0.855222144669	0.0569628134869	0.00837370337865	0.0794413384657
-ман	0.0170530822539	0.956823047059	0.0195929030151	0.00653096767171
-мам	0.0193548387097	0.854838709677	0.0967741935483	0.0290322580645
-мал	0.0	1.0	0.0	0.0
-мак	0.0724160631994	0.772023504742	0.155560432058	0.0
-май	0.552099533437	0.269569725246	0.092275790565	0.0860549507517
-дою	0.0583051374583	0.838106524105	0.0433662389473	0.060222099489
-юща	0.333333333333	0.666666666667	0.0	0.0
-щиш	0.786885245902	0.0327868852459	0.0983606557377	0.0819672131147
-яїр	0.037037037037	0.796296296296	0.0925925925926	0.0740740740741
-іми	0.0787230079567	0.141383057618	0.253748347368	0.526145587057
-ача	0.246902195839	0.574779551611	0.174860238603	0.00345801394732
-аче	0.21359223301	0.135359223301	0.0709190938511	0.580129449838
-іма	0.041893929218	0.118975024933	0.0180790093159	0.821052036533
-ачи	0.668293109862	0.178981686104	0.0590770846553	0.0936481193795
-усь	0.448379291965	0.239460684685	0.131265043526	0.180894979823
-іме	0.569343065693	0.277372262774	0.109489051095	0.043795620438
-кро	0.345911949686	0.245283018868	0.352201257862	0.0566037735849
-зіз	0.0	1.0	0.0	0.0
-зів	0.0584938552637	0.804247287816	0.010301257762	0.126957599159
-щем	0.223808077741	0.638384451868	0.0661402976009	0.0716671727907
-їлу	0.0864307111949	0.736491734162	0.15111505603	0.0259624986131
-їль	0.0208902239213	0.969142545057	0.00450573457127	0.00546149645002
-їля	0.0134226192372	0.96325770367	0.00254859858935	0.0207710785032
-їлю	0.0564952638701	0.88700947226	0.0241880920162	0.0323071718538
-ес-	0.0	1.0	0.0	0.0
-щез	0.285714285714	0.571428571429	0.142857142857	0.0
-тун	0.0	0.9375	0.0625	0.0
-сїл	0.0731707317073	0.577235772358	0.138211382114	0.211382113821
-сїй	0.0587299645173	0.0798972225621	0.149027284963	0.712345527958
-їлі	0.0429065743944	0.913264129181	0.0265282583622	0.0173010380623
-сїм	0.0193497901401	0.0769723269546	0.0145123426051	0.8891655403
-сїв	0.800416418798	0.0820939916717	0.0223081499107	0.0951814396193
-430	0.0	1.0	0.0	0.0
-сїе	0.682926829268	0.307317073171	0.00975609756098	0.0
-сїд	0.0	1.0	0.0	0.0
-зії	0.0150813599683	0.980552983199	0.00238126736341	0.00198438946951
-зіє	0.0	1.0	0.0	0.0
-310	1.0	0.0	0.0	0.0
-іпе	0.0714285714286	0.5	0.428571428571	0.0
-щеє	0.0309278350515	0.752577319588	0.216494845361	0.0
-сїх	0.0465119663531	0.0915758912004	0.00523914514615	0.8566729973
-їле	0.0161943319837	0.955465587045	0.0	0.0283400809716
-рмі	0.117584745763	0.725900423729	0.127118644068	0.0293961864407
-зіф	0.0	1.0	0.0	0.0
-їла	0.125107778265	0.803414277003	0.0392017196887	0.0322762250436
-зір	0.0866905813098	0.881469217562	0.017092837871	0.0147473632573
-щею	0.130019120459	0.512428298279	0.172084130019	0.185468451243
-зію	0.0339805825243	0.956310679612	0.0	0.00970873786407
-зія	0.108467459762	0.843247025892	0.0482855143457	0.0
-оаш	0.0	0.941860465116	0.0581395348836	0.0
-їло	0.0948391826527	0.833122723137	0.0222128431875	0.0498252510233
-їли	0.760355610609	0.139502539116	0.0576916824694	0.0424501678057
-сїє	0.4125	0.507142857143	0.0	0.0803571428572
-ачу	0.833979307535	0.0891328268122	0.00975493625904	0.0671329293938
-яяв	0.565910188315	0.295026557219	0.10429744085	0.0347658136166
-ющі	0.133383010432	0.146795827124	0.643815201192	0.0760059612519
-імя	0.0415217271272	0.906631329027	0.00182209706808	0.0500248467782
-енє	0.0	0.666666666667	0.0	0.333333333333
-іму	0.103510351035	0.885120090956	0.0113695580084	0.0
-ек-	0.0	1.0	0.0	0.0
-еая	0.0	1.0	0.0	0.0
-ачі	0.205960358755	0.505081691738	0.166875873099	0.122082076407
--ед	0.0	1.0	0.0	0.0
-імі	0.124883504194	0.581547064305	0.287977632805	0.00559179869525
-сло	0.275288925376	0.632630335274	0.0424215240217	0.0496592153284
-сли	0.722043426706	0.211214001617	0.0281719255147	0.038570646163
-ойк	0.130841121495	0.794392523365	0.0560747663553	0.0186915887851
-сле	0.125874125874	0.454545454545	0.251748251748	0.167832167832
-ірі	0.0668185973234	0.880462026463	0.0269810311346	0.0257383450792
-ва-	0.100558659218	0.748603351955	0.0167597765363	0.13407821229
-пям	0.204678362573	0.33918128655	0.245614035088	0.210526315789
-сун	0.122196360559	0.744498518832	0.133305120609	0.0
-сла	0.471442070068	0.436945777002	0.0333406018317	0.0582715510976
-фан	0.0103626943005	0.932642487047	0.020725388601	0.0362694300518
-ірю	0.612356979405	0.202745995423	0.0549199084668	0.129977116705
-лжі	0.318681318681	0.494505494506	0.186813186813	0.0
-ірш	0.241635687732	0.0111524163569	0.0223048327138	0.724907063197
-фай	0.0	1.0	0.0	0.0
-фаз	0.051282051282	0.948717948718	0.0	0.0
-ет-	0.00389357560026	0.778715120052	0.020116807268	0.19727449708
-ьфа	0.00724753346592	0.958326682571	0.0271782504972	0.00724753346592
-іру	0.133558224496	0.762810587079	0.0382805354309	0.0653506529944
-ірт	0.0960512273213	0.839914621131	0.0	0.0640341515475
-жже	0.11320754717	0.88679245283	0.0	0.0
-кби	0.124496631666	0.0316886831508	0.010161454217	0.833653230966
-вга	0.216066481994	0.523545706371	0.127423822715	0.13296398892
-низ	0.356335282651	0.127485380117	0.0202729044834	0.495906432749
-риб	0.011826544021	0.925755584757	0.0289093298292	0.0335085413929
-еям	0.0684220475174	0.82569111536	0.0816230403808	0.0242637967419
-нив	0.819053150907	0.101660643858	0.0302903286178	0.0489958766176
-ниг	0.160233918129	0.783625730994	0.0	0.0561403508772
-рие	0.148148148148	0.740740740741	0.0	0.111111111111
-іва	0.170602454444	0.593250278914	0.213834139085	0.0223131275567
-вги	0.255292652553	0.744707347447	0.0	0.0
-рик	0.424698795181	0.535391566265	0.011671686747	0.0282379518072
-ним	0.120288897856	0.14522933384	0.152938124173	0.58154364413
-нин	0.0440645520018	0.818663809156	0.126474993091	0.0107966457517
-ник	0.0846071042101	0.759118185128	0.132257658122	0.0240170525398
-вго	0.129886811285	0.243815936415	0.412224544811	0.214072707489
-іви	0.210886142519	0.664212463844	0.114383381541	0.0105180120957
-рит	0.0	0.936507936508	0.063492063492	0.0
-рис	0.038961038961	0.961038961039	0.0	0.0
-них	0.104842324801	0.173289281851	0.129906920849	0.5919614725
-іву	0.121087972202	0.805220341371	0.0592526941047	0.0144389923227
-дзи	0.0	1.0	0.0	0.0
-рих	0.0804004064221	0.08751646046	0.620600609633	0.211482523485
-нию	0.016620498615	0.977443609023	0.002374356945	0.00356153541749
-ния	0.0	0.862295081967	0.127868852459	0.00983606557376
-еях	0.0320987654321	0.942386831276	0.0255144032922	0.0
-риш	0.62259669758	0.185365301968	0.116602578602	0.0754354218503
-рия	0.0167854973303	0.978898231928	0.00287751382805	0.00143875691402
-рию	0.196279762836	0.767845180033	0.0212245102397	0.0146505468911
-ниш	0.753300255601	0.153260161379	0.0272841176765	0.0661554653436
-івш	0.0	0.925925925926	0.037037037037	0.037037037037
-ниі	0.572953736655	0.373665480427	0.0	0.0533807829182
-іві	0.168020304569	0.652284263959	0.147208121827	0.0324873096447
-яру	0.0	1.0	0.0	0.0
-риї	0.00938913705295	0.966142202748	0.0219079864569	0.00256067374172
-оха	0.0810126582278	0.908860759494	0.0101265822785	0.0
-вгі	0.292200966996	0.107280498914	0.481395837713	0.119122696377
-риє	0.717265867732	0.131824234354	0.0861074123391	0.0648024855748
-гцу	0.0	1.0	0.0	0.0
-ярі	0.111111111111	0.888888888889	0.0	0.0
-фая	0.0	1.0	0.0	0.0
-іри	0.143682935396	0.782387452628	0.0361265064214	0.0378031055554
-іре	0.236002197692	0.559462564308	0.159957045103	0.0445781928974
-слі	0.163962425278	0.735269000854	0.0725875320239	0.0281810418446
-фах	0.0289855072464	0.971014492754	0.0	0.0
-лха	0.0	1.0	0.0	0.0
-фат	0.0	1.0	0.0	0.0
-вит	0.00811359026368	0.968221771467	0.0121703853955	0.0114942528736
-сля	0.0924476656772	0.175090275904	0.0113085829575	0.721153475462
-шал	0.0526315789474	0.947368421053	0.0	0.0
-лжа	0.0	0.925925925926	0.0	0.0740740740741
-пят	0.309090909091	0.254545454545	0.436363636364	0.0
-жеш	0.628550360529	0.0819360943666	0.0817568855563	0.207756659548
-ояс	0.0214876033058	0.978512396694	0.0	0.0
-фаї	0.0	0.75	0.0	0.25
-уну	0.167664670659	0.682634730539	0.137724550898	0.0119760479042
-еие	0.630105017503	0.171528588098	0.0700116686114	0.128354725788
-слу	0.29360717385	0.552502169511	0.0182238935493	0.135666763089
-унт	0.0999747502262	0.707109148835	0.189901786862	0.00301431407717
-кщо	0.0365505532566	0.0200935592475	0.00422892093568	0.93912696656
-уфі	0.0	1.0	0.0	0.0
-ппі	0.409090909091	0.345454545455	0.109090909091	0.136363636364
-хни	0.727272727273	0.0	0.272727272727	0.0
-вих	0.0536324148661	0.515243426647	0.386578647402	0.0445455110854
-жці	0.0680272108843	0.823129251701	0.0544217687075	0.0544217687075
-еже	0.780804516221	0.120373140277	0.0280806659129	0.0707416775883
-ежа	0.104655953852	0.759373712402	0.0902348578492	0.0457354758962
-нєм	0.234837457545	0.631423404349	0.0731771867143	0.0605619513916
-шам	0.0764570652965	0.791471686582	0.0778499070846	0.0542213410366
-ежи	0.667858887731	0.227606677667	0.0689152939225	0.035619140679
-вщу	0.0949367088608	0.658227848101	0.208860759494	0.0379746835443
-ті-	0.0	1.0	0.0	0.0
-иши	0.839486056375	0.0930100391593	0.00675039044661	0.0607535140195
-иша	0.113090306545	0.321043910522	0.506213753107	0.059652029826
-йду	0.796545024962	0.0442894916713	0.00532334758697	0.153842135779
-ише	0.202018567949	0.0549039697305	0.0412071863176	0.701870276003
-ажа	0.897435897436	0.0	0.102564102564	0.0
-гаї	0.2	0.6	0.2	0.0
-шпа	0.0	1.0	0.0	0.0
-пач	0.205551567361	0.626944245035	0.0741804259392	0.0933237616655
-чєм	0.236363636364	0.509090909091	0.218181818182	0.0363636363637
-саї	0.00424478245491	0.964980544747	0.0	0.030774672798
-яще	0.304347826087	0.111111111111	0.458937198068	0.125603864734
-иші	0.0459652182835	0.753296054994	0.159082747653	0.0416559790694
-063	0.0	0.225806451613	0.0967741935483	0.677419354839
-ебо	0.0237654467492	0.942754070347	0.00465182512935	0.0288286577744
-йди	0.675161259499	0.138477941706	0.00907367234849	0.177287126446
-ишу	0.808806284822	0.0929478026818	0.0214780025154	0.0767679099808
-йде	0.783164181491	0.0410745140648	0.00755506582067	0.168206238623
-вуе	0.898305084746	0.0677966101695	0.0	0.0338983050847
--га	0.0	1.0	0.0	0.0
-ас-	0.0	1.0	0.0	0.0
-’єш	0.892857142857	0.0357142857143	0.0	0.0714285714286
-ежу	0.115530934727	0.812594780475	0.0172707626093	0.0546035221889
-уфа	0.0	0.988416988417	0.011583011583	0.0
-248	0.0	1.0	0.0	0.0
--от	0.492957746479	0.12676056338	0.056338028169	0.323943661972
-ежі	0.0771947041454	0.845041050759	0.0495500626495	0.0282141824459
-ежї	0.327731092437	0.403361344538	0.218487394958	0.0504201680672
-дії	0.129251145115	0.823621809607	0.00800927616788	0.0391177691098
-нєє	0.116279069767	0.186046511628	0.255813953488	0.441860465116
-686	0.0	1.0	0.0	0.0
-гар	0.0988264001859	0.778759005345	0.105333488264	0.017081106205
-чцї	0.325149303251	0.542136695421	0.0729927007299	0.0597213005972
-гат	0.0	1.0	0.0	0.0
-тка	0.14303610708	0.789871542252	0.0337092847763	0.0333830658914
-гах	0.0353259534529	0.91559188069	0.025586555071	0.0234956107857
-йку	0.244350079171	0.670721174608	0.071973513747	0.0129552324744
-ґах	0.0	1.0	0.0	0.0
-бре	0.0697192790945	0.0489895920966	0.546386871855	0.334904256954
-гаю	0.768246496233	0.0616030819262	0.0089619475274	0.161188474313
-гая	0.0	1.0	0.0	0.0
-дзі	0.0	0.903225806452	0.0967741935483	0.0
-йкі	0.160187953866	0.0897052541649	0.628363947031	0.121742844938
-гає	0.581899384553	0.272373836362	0.056783495398	0.0889432836867
-гил	0.20979020979	0.417249417249	0.20979020979	0.16317016317
-вші	0.125560538117	0.497757847534	0.349775784753	0.0269058295964
-ужа	0.0775577557756	0.824752475248	0.0414521452145	0.0562376237624
-тпя	0.426618049225	0.376481312671	0.0328167730173	0.164083865087
-уже	0.251282712701	0.0954850125148	0.08256518357	0.570667091215
-тту	0.0	1.0	0.0	0.0
-тіп	0.224386113463	0.750211685013	0.0	0.0254022015242
-ьбі	0.401798665506	0.561937917029	0.0174064403829	0.0188569770815
-мто	0.518072289157	0.344578313253	0.0578313253012	0.0795180722891
-пкі	0.131901840491	0.0368098159509	0.803680981595	0.0276073619632
-мти	0.5	0.5	0.0	0.0
-цпі	0.0	1.0	0.0	0.0
-мте	0.723312271367	0.137013634852	0.0149650814765	0.124709012305
-тєм	0.12801365479	0.735011734585	0.110091743119	0.0268828675059
-ття	0.0808122825528	0.865387680151	0.0149799712651	0.0388200660308
-ттю	0.0778600791861	0.805829718176	0.0553734821073	0.060936720531
-сці	0.0500372906638	0.837751711981	0.0201369584379	0.0920740389178
-сцї	0.0564603691639	0.863192182411	0.0228013029316	0.0575461454939
-нта	0.0	0.920458562699	0.0229786374426	0.0565627998586
-пку	0.0117647058824	0.970588235294	0.00588235294118	0.0117647058824
-зую	0.729308276689	0.193256030921	0.00706384113021	0.0703718512595
-сць	0.156167284277	0.678842421034	0.0485265572613	0.116463737427
-тті	0.145543164886	0.494851286592	0.187906335261	0.171699213261
-яжи	0.483424255141	0.426772975241	0.0797314309694	0.0100713386488
-ттє	0.0397491007424	0.917265108804	0.00440062246486	0.038585167989
-нти	0.0537802779306	0.844498167812	0.0371852207406	0.0645363335167
-яже	0.620699680202	0.26624026876	0.0633136285816	0.049746422457
-117	0.0	1.0	0.0	0.0
-тік	0.555053683821	0.388078489448	0.021325435024	0.0355423917067
-цпа	0.0	1.0	0.0	0.0
-пка	0.0266666666667	0.973333333333	0.0	0.0
-нту	0.0134498991257	0.928715534633	0.00941492938804	0.0484196368527
-ьба	0.239640218439	0.649212977835	0.0417603597816	0.0693864439448
-пит	0.410421127766	0.551034975018	0.0256959314775	0.0128479657388
-пке	0.245683930943	0.479415670651	0.195219123506	0.0796812749004
-цпи	0.0	1.0	0.0	0.0
-пки	0.234047429658	0.709328192199	0.0452995025144	0.0113248756286
-мті	0.0	1.0	0.0	0.0
-ьби	0.239444721402	0.663202566757	0.053687157265	0.0436655545756
-сце	0.0598895209828	0.821782504741	0.0088053425674	0.109522631709
-бше	0.722063037249	0.157593123209	0.120343839542	0.0
-ттв	0.137389597645	0.839057899902	0.0117762512267	0.0117762512267
-тта	0.0	0.766666666667	0.233333333333	0.0
-ува	0.115598369767	0.600963319748	0.0640978140052	0.21934049648
-тте	0.100429407048	0.755889025304	0.0936778502722	0.050003717375
-нтї	0.0	1.0	0.0	0.0
-тти	0.0	1.0	0.0	0.0
-ипи	0.055764075067	0.871313672922	0.0407506702413	0.0321715817694
-єсь	0.159420289855	0.405797101449	0.108695652174	0.326086956522
-гра	0.0	1.0	0.0	0.0
-дої	0.0516173434274	0.601972929571	0.339527414545	0.00688231245698
-пет	0.0696610169491	0.890677966102	0.0335593220339	0.00610169491525
-ужу	0.565538608198	0.210915157293	0.0524308865586	0.17111534795
-раю	0.119390826205	0.78250791193	0.0117756534768	0.0863256083879
-айн	0.211538461538	0.730769230769	0.0576923076923	0.0
-зур	0.0	1.0	0.0	0.0
-вша	0.534296028881	0.135379061372	0.243682310469	0.0866425992779
-гав	0.706875575561	0.171408514205	0.0424079498905	0.0793079603432
-вше	0.509803921569	0.391240608393	0.00549752611324	0.0934579439252
-вши	0.688021086651	0.112150891569	0.0279348480442	0.171893173736
-йко	0.33598891583	0.494284724628	0.0900588846553	0.0796674748874
-ужі	0.0284466360461	0.83727357684	0.0705200856315	0.0637597014826
-ган	0.0218008065369	0.881665800626	0.0573670093983	0.0391663834387
-зун	1.0	0.0	0.0	0.0
-зки	0.170314678232	0.713751236193	0.0275239195968	0.0884101659775
--ел	0.0	1.0	0.0	0.0
-ипу	0.0956043956044	0.871428571429	0.0131868131868	0.0197802197802
-зка	0.22163503255	0.721680815903	0.0260747097117	0.0306094418355
-чим	0.338392915563	0.302769920923	0.121317515308	0.237519648205
-чин	0.173768677366	0.671100482252	0.0806387856747	0.0744920547078
-чий	0.205744684834	0.542766343987	0.177916489822	0.0735724813564
-чик	0.217563552327	0.657642786398	0.0237702211951	0.101023440079
-оар	0.0	1.0	0.0	0.0
-дод	0.0	1.0	0.0	0.0
-чив	0.912193175501	0.0488609252447	0.0100159121887	0.0289299870657
-кші	0.0	0.981818181818	0.0	0.0181818181818
-цих	0.0708813978938	0.0501785041531	0.00844979458567	0.870490303367
-аця	0.194024058983	0.679860302678	0.0679084206442	0.058207217695
-ацю	0.153427065026	0.788049209139	0.0253075571177	0.033216168717
-віл	0.113982731645	0.858202468563	0.0139073998957	0.0139073998957
-вік	0.0268759145682	0.75900327961	0.00951575731421	0.204605048507
-вій	0.0616926126487	0.24613722356	0.0678012288073	0.624368934984
-дор	0.0	1.0	0.0	0.0
-віз	0.282960199005	0.707711442786	0.0	0.00932835820896
-віж	0.768442622951	0.151639344262	0.0122950819672	0.0676229508197
-від	0.0477537127083	0.0167269718975	0.00349408093558	0.932025234459
-вів	0.810936808685	0.120384774613	0.00823009068185	0.0604483260204
-ацу	0.0	0.948388121328	0.0277910115928	0.0238208670795
-жно	0.256342152315	0.178694514265	0.137855976782	0.427107356638
-тіч	0.4013607546	0.512911705582	0.0701407143962	0.0155868254214
-ссю	0.143203883495	0.747572815534	0.0728155339806	0.0364077669903
-жни	0.842222222222	0.144444444444	0.0133333333333	0.0
-маг	0.0	1.0	0.0	0.0
-ацї	0.165517241379	0.834482758621	0.0	0.0
-жне	0.237962939184	0.165116045601	0.0536510997542	0.543269915461
-жна	0.214782811174	0.094664248156	0.224941107596	0.465611833074
-цир	0.297520661157	0.652892561983	0.0495867768595	0.0
-жню	0.11311988688	0.256236743763	0.588223411777	0.04241995758
-жня	0.10948566121	0.481829792175	0.305816788575	0.10286775804
-йші	0.307692307692	0.173076923077	0.403846153846	0.115384615385
-вії	0.0470227625002	0.943572685	0.0062697016667	0.00313485083335
-ядь	0.14234882519	0.798206973323	0.0256311374389	0.033813064048
-віє	0.471867517957	0.345570630487	0.146648044693	0.0359138068635
-жну	0.274572179964	0.168530424828	0.047283085122	0.509614310087
-ипя	0.089552238806	0.820895522388	0.089552238806	0.0
-вія	0.0291544322174	0.960225024618	0.00687211616554	0.00374842699939
-вію	0.0670807453416	0.932919254658	0.0	0.0
-аци	0.0	1.0	0.0	0.0
-жок	0.105644078679	0.879180528804	0.0046693515438	0.0105060409736
-жні	0.11443001935	0.356776431878	0.460053191943	0.0687403568293
-жнї	0.0236842105263	0.786842105263	0.18947368421	0.0
-жнє	0.0653509910845	0.238725872068	0.602440924435	0.0934822124124
-зув	0.476683937824	0.336787564767	0.186528497409	0.0
-віт	0.0424782253977	0.933108104846	0.00801655822681	0.0163971115299
-вір	0.164108692917	0.675934079758	0.0864259655302	0.073531261794
-зїв	0.0217391304348	0.972826086957	0.0	0.00543478260869
-чиш	0.869811337288	0.0952251597018	0.00814938791963	0.0268141150904
-чищ	0.0	1.0	0.0	0.0
-вус	0.0	1.0	0.0	0.0
-чих	0.390696243363	0.398336272436	0.0923614141224	0.118606070078
-сєм	0.504638218924	0.495361781076	0.0	0.0
-зкі	0.037037037037	0.524691358025	0.401234567901	0.037037037037
--за	0.187224129475	0.26618440412	0.0389897008338	0.507601765571
-рґи	0.0	0.964601769912	0.0176991150442	0.0176991150442
-866	0.0	1.0	0.0	0.0
-ссу	0.0	1.0	0.0	0.0
-чиє	0.182116488925	0.386382280558	0.192780968007	0.23872026251
-зку	0.111010774985	0.82226570121	0.0491647017509	0.0175588220539
-іїл	0.00313152400835	0.996868475992	0.0	0.0
-чиї	0.046783625731	0.116509221772	0.0	0.836707152497
-щив	0.696721311475	0.0979897633707	0.0962465692456	0.109042355908
-юги	0.0698115765216	0.9078216077	0.00813338755593	0.0142334282229
-кає	0.705509630779	0.154232538114	0.0393214184398	0.100936412667
-каї	0.0	1.0	0.0	0.0
-каі	0.675213675214	0.0940170940171	0.0	0.230769230769
-щик	0.195518453427	0.793497363796	0.0109841827768	0.0
-щий	0.466040005547	0.21469212004	0.182759528672	0.136508345741
-ясу	0.846153846154	0.111888111888	0.013986013986	0.027972027972
-рлу	0.046511627907	0.488372093023	0.372093023256	0.093023255814
-щим	0.404855576852	0.188372171223	0.276640102223	0.130132149702
-щин	0.269596199525	0.195961995249	0.534441805226	0.0
-їма	0.0183559457303	0.147645650439	0.0135674381484	0.820430965682
-кар	0.0452622673435	0.929357021997	0.00253807106599	0.0228426395939
-кат	0.0	1.0	0.0	0.0
-ках	0.104782152949	0.78667771492	0.0651371001883	0.0434030319429
-вві	0.0546421663443	0.836557059961	0.00145067698259	0.107350096712
-ібє	0.0978723404255	0.659574468085	0.0510638297872	0.191489361702
-їми	0.0623095260644	0.0680927458319	0.0789630369728	0.790634691131
-ясі	0.0	1.0	0.0	0.0
-яцю	0.0	1.0	0.0	0.0
-їмо	0.445048966268	0.123394994559	0.260935799782	0.170620239391
-каю	0.833248979316	0.0726119377805	0.0106286061342	0.0835104767689
-прі	0.334645669291	0.665354330709	0.0	0.0
-688	0.4	0.6	0.0	0.0
-сиї	0.0	0.74358974359	0.205128205128	0.0512820512821
-ел-	0.0	0.765625	0.1875	0.0468750000001
-сиш	0.514827638115	0.217522203824	0.0683426162878	0.199307541773
-пря	0.333333333333	0.666666666667	0.0	0.0
-сию	0.012987012987	0.967532467532	0.012987012987	0.00649350649351
-сия	0.142857142857	0.734693877551	0.0816326530612	0.0408163265306
-іїн	0.0608817354793	0.930720783765	0.00839748075576	0.0
-сит	0.0	1.0	0.0	0.0
-сир	0.0	1.0	0.0	0.0
-сиф	0.0189366351056	0.907987375577	0.0344743869872	0.0386016023307
-сих	0.0272304626965	0.0456054903697	0.0511401372592	0.876023909675
-сил	0.159151193634	0.574933687003	0.177055702918	0.0888594164456
-про	0.133821146494	0.0430611549359	0.00317163455008	0.81994606402
-сий	0.127358490566	0.391509433962	0.459905660378	0.0212264150943
-при	0.0875167388077	0.0706884030957	0.0194995001107	0.822295357986
-сип	0.0347953216374	0.955263157895	0.0	0.00994152046783
-сим	0.150943396226	0.133254716981	0.0253537735849	0.690448113208
-син	0.00419020221022	0.98231572814	0.00148365528903	0.0120104143609
-сив	0.868693627229	0.0755289215872	0.0145798575907	0.041197593593
-пре	0.76	0.06	0.05	0.13
-сиа	0.311111111111	0.2	0.0888888888889	0.4
-пра	0.0392156862745	0.764705882353	0.156862745098	0.0392156862745
-кав	0.83902577971	0.0623195191105	0.0259712409228	0.0726834602565
-кае	0.615384615385	0.323886639676	0.0404858299595	0.0202429149798
-кад	0.0	1.0	0.0	0.0
-каз	0.248779120612	0.643352438122	0.0396978711553	0.0681705701103
-кра	1.0	0.0	0.0	0.0
-кай	0.520032321978	0.281555015841	0.144885092629	0.0535275695516
-кал	0.0	1.0	0.0	0.0
-уна	0.140199888951	0.838978345364	0.0083287062743	0.0124930594115
-кан	0.112903225806	0.822580645161	0.0645161290322	0.0
-кам	0.0878015563248	0.844393133093	0.0412376905337	0.0265676200489
-їмя	0.288732394366	0.542253521127	0.169014084507	0.0
-рло	0.328872355763	0.395281532834	0.223268397305	0.0525777140975
-ясо	0.138509381879	0.837730179252	0.023061602432	0.000698836437332
-іба	0.303950957918	0.442623460952	0.0189197879822	0.234505793148
-вва	0.0292012596622	0.906384196965	0.0051531634698	0.0592613799026
-гес	0.0496894409938	0.913043478261	0.0372670807453	0.0
-їмі	0.0770218228498	0.563543003851	0.313222079589	0.0462130937099
-щих	0.259717683054	0.344969056394	0.273624921772	0.12168833878
-хта	0.320699708455	0.569970845481	0.0218658892128	0.0874635568513
-іби	0.236743729987	0.194044828484	0.0145049102971	0.554706531231
-вви	0.220408163265	0.69387755102	0.0	0.0857142857143
-вво	0.0491803278689	0.22131147541	0.401639344262	0.327868852459
-рла	0.473676476527	0.244198437661	0.217188418412	0.0649366673995
-яса	0.116257088847	0.869565217391	0.0122873345936	0.00189035916825
-бзи	0.0	0.958333333333	0.0416666666667	0.0
-м'у	0.0	1.0	0.0	0.0
-тощ	0.0	1.0	0.0	0.0
-м'я	0.151412564786	0.817100572216	0.0058320101461	0.0256548528516
-імо	0.654293610795	0.169617948301	0.0282880832385	0.147800357665
-есо	0.0	1.0	0.0	0.0
-ред	0.0516833863466	0.181951518141	0.0103633932118	0.756001702301
-хаз	0.0	1.0	0.0	0.0
-хад	0.0	0.846153846154	0.153846153846	0.0
-рез	0.0390500239208	0.0576294602083	0.00450836972623	0.898812146145
-хав	0.669015748999	0.25428138691	0.0274647874008	0.0492380766897
-реб	0.197290205109	0.777004230707	0.00642639104589	0.0192791731377
-рев	0.0325027085591	0.946912242687	0.00541711809317	0.0151679306609
-рег	0.209757145927	0.58714807651	0.0696324951644	0.133462282398
-рем	0.105332953792	0.843981229748	0.0233861111726	0.0272997052873
-рен	0.0658420846103	0.644771333836	0.277133091862	0.0122534896917
-хам	0.110997848001	0.837962962963	0.0361734058217	0.0148657832144
-хан	0.0975609756097	0.853658536586	0.0487804878048	0.0
-реи	0.240506329114	0.405063291139	0.227848101266	0.126582278481
-рей	0.0209218263289	0.733946329519	0.234221178352	0.0109106658005
-рек	0.25	0.135869565217	0.608695652174	0.0054347826087
-хай	0.562749838522	0.0619321153106	0.0040015152131	0.371316530954
-ічи	0.419222903885	0.331288343558	0.077709611452	0.171779141104
-рмо	0.122136255909	0.538791427891	0.191104367562	0.147967948638
-езу	0.188800938141	0.626502491938	0.184696569921	0.0
-іча	0.255499153976	0.63282571912	0.077834179357	0.0338409475465
-іче	0.107835181679	0.748354521684	0.0723108826977	0.0714994139392
-езї	0.075799086758	0.896803652968	0.0	0.027397260274
-езі	0.0331837629135	0.53302723573	0.347385996035	0.0864030053219
-дду	0.0	1.0	0.0	0.0
-нан	0.0167173252279	0.919452887538	0.0638297872341	0.0
-276	0.0	1.0	0.0	0.0
-271	0.0	1.0	0.0	0.0
-ічі	0.180443863488	0.243215594896	0.0704725640078	0.505867977608
-гев	0.0	1.0	0.0	0.0
-еза	0.134615384615	0.75	0.115384615385	0.0
-езо	0.234939759036	0.253012048193	0.21686746988	0.295180722892
-ічу	0.202702702703	0.77027027027	0.0	0.027027027027
-езл	0.66	0.34	0.0	0.0
-апа	0.621086261981	0.378913738019	0.0	0.0
-ези	0.0762711864407	0.923728813559	0.0	0.0
-реф	0.0716560509554	0.928343949045	0.0	0.0
-ями	0.120488951733	0.792967096704	0.0479433003284	0.0386006512347
-рец	0.0	1.0	0.0	0.0
-хах	0.181934476156	0.676201699679	0.096600642698	0.045263181467
-хат	0.0183010523105	0.981698947689	0.0	0.0
-рес	0.805315079525	0.112140124824	0.0162405207704	0.0663042748809
-рет	0.139022051774	0.838926174497	0.0143815915628	0.00767018216683
-лсм	0.135483870968	0.464516129032	0.264516129032	0.135483870968
-хаю	0.519485162674	0.392563460851	0.019306399714	0.0686449767608
-хая	0.0310363686081	0.962537599125	0.00218758545256	0.00423844681433
-рею	0.2564351627	0.633802816902	0.08644973288	0.0233122875182
-рея	0.0175474651027	0.747933035079	0.222900232385	0.0116192674329
-реш	0.766292134832	0.169887640449	0.0449438202247	0.0188764044944
-хаш	0.0722891566265	0.746987951807	0.180722891566	0.0
-фра	0.0	1.0	0.0	0.0
-реє	0.2	0.4	0.4	0.0
-хаї	0.0288083806198	0.963334788302	0.0	0.00785683107813
-хає	0.899933678357	0.0786393293011	0.00484225815634	0.0165847341855
-реї	0.073520236263	0.845701093964	0.0692774842977	0.0115011854748
-м'а	0.0	1.0	0.0	0.0
--же	0.111665004985	0.23629112662	0.00598205383848	0.646061814556
-бзу	0.0	1.0	0.0	0.0
-юбо	0.196174377224	0.406138790036	0.248220640569	0.149466192171
-зім	0.0	1.0	0.0	0.0
-018	0.0	1.0	0.0	0.0
-руч	0.100438974283	0.420097928576	0.306314688826	0.173148408315
-фам	0.0	1.0	0.0	0.0
-рух	0.120649651972	0.788863109049	0.0765661252901	0.0139211136891
-рут	0.0295566502463	0.970443349754	0.0	0.0
-рус	0.07544141252	0.908507223114	0.016051364366	0.0
-рую	0.595040198271	0.247075802454	0.0915039593785	0.066380039896
-руя	0.0	1.0	0.0	0.0
-шую	0.54794520548	0.342465753424	0.0821917808219	0.027397260274
-руш	0.765957446808	0.170212765957	0.0212765957447	0.0425531914894
-оея	0.0902255639098	0.187969924812	0.676691729323	0.0451127819549
-рує	0.813821618088	0.122310459219	0.0250729522735	0.0387949704191
-аха	0.0358280254777	0.961518046709	0.00265392781316	0.0
-ахм	0.126595744681	0.756382978723	0.063829787234	0.0531914893617
-382	0.0	1.0	0.0	0.0
-ахи	0.0644221430884	0.867594690838	0.048559404338	0.0194237617352
-385	0.0	0.411764705882	0.176470588235	0.411764705882
-іон	0.00381633870006	0.963625521765	0.0125223613596	0.0200357781753
-зий	0.0736196319019	0.20245398773	0.668711656442	0.0552147239264
-кти	0.669567271725	0.260739457416	0.030712288853	0.0389809820058
-зик	0.029649122807	0.944912280702	0.0038596491228	0.0215789473684
-лку	0.0860197765094	0.775794767354	0.0610088342221	0.0771766219149
-веє	0.0384615384615	0.134615384615	0.711538461538	0.115384615385
-кіс	0.0	0.0	1.0	0.0
-веш	0.797268229727	0.128253387825	0.0185523768552	0.0559260055926
-вею	0.0	0.75	0.0	0.25
-вея	0.0	1.0	0.0	0.0
-478	0.375	0.625	0.0	0.0
-вет	0.0	1.0	0.0	0.0
-вер	0.0	1.0	0.0	0.0
-нку	0.0968235613149	0.802798893705	0.0335491559301	0.0668283890502
-473	0.0	1.0	0.0	0.0
-470	0.0	1.0	0.0	0.0
-ккі	0.0	0.866666666667	0.0	0.133333333333
-нки	0.0978972633514	0.806349909864	0.0361566941476	0.0595961326375
-вел	0.00269279676864	0.991248410502	0.000448799461439	0.00560999326801
-веи	0.428571428571	0.047619047619	0.0	0.52380952381
-120	0.01875	0.3125	0.0	0.66875
-121	0.146137787057	0.832985386221	0.0208768267223	0.0
-нко	0.0402128186093	0.825538233111	0.0517611152355	0.0824878330446
-вен	0.151908917447	0.706938888755	0.0998011408852	0.0413510529129
-нка	0.0208951826685	0.885813291369	0.0222608552328	0.0710306707296
-усї	0.0343706890505	0.529893146905	0.00855760013094	0.427178563913
-813	0.0	1.0	0.0	0.0
-кті	0.0175824175824	0.916483516484	0.010989010989	0.0549450549451
-вед	0.30802014723	0.598992638512	0.0813638124758	0.0116234017823
-659	0.0	1.0	0.0	0.0
-лко	0.118093174431	0.205850487541	0.0715059588298	0.604550379198
-ктя	0.238653001464	0.573938506589	0.0	0.187408491947
-лки	0.187119651298	0.715257000592	0.0706484756056	0.026974872504
-кту	0.166666666667	0.807189542484	0.00653594771241	0.0196078431373
-лке	0.181124880839	0.340641881157	0.206545916746	0.271687321258
-лка	0.112054872414	0.856670694435	0.012794086289	0.0184803468619
-іот	0.0492307692308	0.950769230769	0.0	0.0
-іор	0.0	1.0	0.0	0.0
-аху	0.0947256448179	0.707410198714	0.135657477677	0.0622066787916
-шшу	0.592592592593	0.296296296296	0.0	0.111111111111
-т'ї	0.0	1.0	0.0	0.0
-наз	0.0	1.0	0.0	0.0
-уві	0.0346820809249	0.965317919075	0.0	0.0
-руд	0.191299648744	0.657660091867	0.0851121318562	0.0659281275331
-рув	0.529411764706	0.44537815126	0.0252100840336	0.0
-руг	0.0758339543243	0.705650287117	0.0164379958795	0.202077762679
-руа	0.0	1.0	0.0	0.0
-руб	0.783783783784	0.198198198198	0.0	0.018018018018
-руп	0.0736196319018	0.8555922605	0.0566304860783	0.0141576215196
-рун	0.15625	0.65625	0.1875	0.0
-рук	0.105824647456	0.813366033109	0.00435315757204	0.0764561618638
-шші	0.162878787879	0.768939393939	0.0454545454545	0.0227272727273
-руй	0.570271112496	0.278591461514	0.00934870676223	0.141788719227
-ітї	0.0217099973198	0.954971857411	0.00804073974805	0.0152774055213
-оле	0.46217221195	0.457611016334	0.0280413929779	0.0521753787376
-еку	0.129950093979	0.570937844319	0.130922289196	0.168189772506
-ола	0.0435970921905	0.880665021698	0.0198072905767	0.0559305955345
-сед	0.0	0.869565217391	0.130434782609	0.0
-сей	0.0475482195548	0.703869624294	0.00260494134862	0.245977214803
-кію	0.0439137134052	0.95030816641	0.0	0.0057781201849
-оло	0.122387774651	0.18157832175	0.0182429293728	0.677790974226
-сек	0.0	1.0	0.0	0.0
-оли	0.0622296309928	0.0694963925644	0.00375665017503	0.864517326268
-олй	0.515151515152	0.121212121212	0.0	0.363636363636
-олк	0.0	1.0	0.0	0.0
-хил	0.0	1.0	0.0	0.0
-хея	0.0	1.0	0.0	0.0
-хею	0.03	0.955	0.0	0.015
-іту	0.0254852799609	0.948248178853	0.00580108909611	0.0204654520898
-мця	0.101344364012	0.722854188211	0.0785935884178	0.0972078593589
-екі	0.0353495679497	0.0903377847604	0.0895522388059	0.784760408484
-тїй	0.0171919770773	0.266475644699	0.704871060172	0.0114613180516
-ьте	0.661184637001	0.149223066638	0.0453525113895	0.144239784971
-іть	0.548128266502	0.204798017668	0.0466642989476	0.200409416883
-фон	0.0	1.0	0.0	0.0
-ьта	0.0	1.0	0.0	0.0
-хет	0.0	1.0	0.0	0.0
-оюю	0.153846153846	0.0769230769231	0.615384615385	0.153846153846
-бає	0.479889188905	0.231440894905	0.151208051338	0.137461864853
-дче	0.0	0.41935483871	0.58064516129	0.0
-рое	0.0	1.0	0.0	0.0
-род	0.0235697929832	0.931566453851	0.00928987487583	0.0355738782896
-бар	0.142857142857	0.785714285714	0.0	0.0714285714285
-рож	0.271710175812	0.646710175812	0.0309669685669	0.0506126798082
-есе	0.613815232484	0.0962714716623	0.0231976801221	0.266715615732
-бач	0.812864657059	0.108706326033	0.021389731884	0.057039285024
-рог	0.0572169107759	0.893146196542	0.0168716531775	0.0327652395041
-ров	0.036930190953	0.942343562869	0.00870102506119	0.0120252211172
-рон	0.0335559571885	0.946083138008	0.0141340261501	0.00622687865353
-еси	0.388544195666	0.332524053592	0.0244582321734	0.254473518568
-баш	0.0	1.0	0.0	0.0
-еск	0.076923076923	0.846153846154	0.0769230769231	0.0
-баю	0.627647714604	0.220735785953	0.0876997398736	0.0639167595689
-оює	0.435458076308	0.502170436372	0.0185058259082	0.0438656614119
-бав	0.520399450856	0.224830515097	0.199764018743	0.0550060153031
-цан	0.0	0.909090909091	0.0	0.090909090909
-есу	0.18216929514	0.748632121017	0.0141615706469	0.055037013196
-ест	0.0312835949258	0.943560524618	0.0148355192432	0.0103203612126
-рос	0.0	0.888888888889	0.111111111111	0.0
-йїн	0.0301003344482	0.969899665552	0.0	0.0
-рот	0.0370828182942	0.889987639061	0.0210135970334	0.0519159456119
-бак	0.151453684922	0.816091954023	0.0324543610548	0.0
-юту	0.52380952381	0.0952380952381	0.380952380952	0.0
-роя	0.0376266280753	0.936324167873	0.0260492040521	0.0
-рою	0.11085078145	0.666261943079	0.0376111077902	0.185276167681
-рощ	1.0	0.0	0.0	0.0
-есь	0.271356833002	0.162318625698	0.20145653688	0.36486800442
-бам	0.0931463517503	0.856516237874	0.0231336988612	0.0272037115141
-бан	0.0	0.882352941176	0.117647058824	0.0
-ідч	1.0	0.0	0.0	0.0
-роє	0.0291585127201	0.0461839530333	0.00352250489237	0.921135029354
-рої	0.143133019157	0.241390221357	0.375465479341	0.240011280145
-есї	0.0644599303136	0.894308943089	0.0220673635308	0.0191637630663
-есі	0.00951116571225	0.969088711435	0.0172389878534	0.0041611349991
-п’ю	0.413450937155	0.288864388093	0.0	0.297684674752
-оюз	0.324489795918	0.595918367347	0.0367346938776	0.0428571428571
-дчу	0.717391304348	0.170948616601	0.0266798418972	0.0849802371541
-хен	0.0	1.0	0.0	0.0
-хем	0.0	1.0	0.0	0.0
-олі	0.13978320703	0.657952994014	0.0389163179842	0.163347480972
-олї	0.126489218451	0.60267380002	0.109053361271	0.161783620258
-хей	0.0231729055258	0.976827094474	0.0	0.0
-сеє	0.35691318328	0.340836012862	0.212218649518	0.0900321543409
-сеї	0.00620561901821	0.987156529793	0.000370484717505	0.00626736647113
-іта	0.0349485852544	0.909469722428	0.0140466429196	0.0415350493985
-іто	0.00314670382774	0.970106313636	0.0267469825358	0.0
-ьту	0.0	1.0	0.0	0.0
-іти	0.499115532604	0.397275247338	0.0508530223829	0.0527561976756
-ека	0.0471468053975	0.643237775249	0.0880615618057	0.221553857548
-сер	0.0	0.903225806452	0.0967741935484	0.0
-еке	0.0307692307692	0.338461538461	0.0307692307692	0.6
-олу	0.0602552710906	0.697490470931	0.0238538128732	0.218400445105
-оль	0.60898324976	0.3530353142	0.0147231409367	0.023258295103
-сеш	0.729344164851	0.142262730335	0.00832177531207	0.120071329502
-олю	0.47580358439	0.21046527986	0.0193300623164	0.294401073434
-оля	0.200937769786	0.557625751928	0.0398666758346	0.201569802452
-лди	0.0	1.0	0.0	0.0
-сея	0.019071611334	0.966121237009	0.0026060586916	0.0122010929652
-сею	0.0642708557492	0.890180044473	0.0229538770533	0.0225952227243
-чма	0.0735294117646	0.0735294117647	0.0441176470588	0.808823529412
-лже	0.5	0.5	0.0	0.0
-тья	0.0	0.75	0.25	0.0
-нім	0.105785828424	0.395804240958	0.0894791388718	0.408930791746
-нін	0.0	1.0	0.0	0.0
-ніп	0.0	1.0	0.0	0.0
-ґрі	0.0	1.0	0.0	0.0
-ній	0.0907482989351	0.387392751831	0.169329285772	0.352529663462
-нік	0.285714285714	0.714285714286	0.0	0.0
-шуї	0.0	1.0	0.0	0.0
-ніж	0.0280808473254	0.0167789224029	0.0201654406968	0.934974789575
-цав	0.888888888889	0.0	0.0	0.111111111111
-чаю	0.466870986573	0.401050788091	0.0659661412726	0.066112084063
-нів	0.0340675323341	0.872386705029	0.0345054787392	0.0590402838982
-ніг	0.0338942089841	0.841071806181	0.00332296166511	0.12171102317
-шнє	0.125152945289	0.324244013284	0.364971158888	0.185631882538
-шні	0.16892815086	0.488315299605	0.283845482055	0.0589110674797
-хнє	0.0481431071359	0.0487653120746	0.0151273575734	0.887964223216
-ів-	0.0	1.0	0.0	0.0
-ні-	0.0	0.731707317074	0.268292682926	0.0
-шнх	0.2	0.8	0.0	0.0
-шну	0.198090692124	0.400954653938	0.343675417661	0.0572792362768
-хір	0.0	1.0	0.0	0.0
-шню	0.274834816484	0.427338349311	0.240079440859	0.0577473933468
-шня	0.224502552349	0.542452338786	0.193457651839	0.0395874570267
-кіш	0.119090581018	0.805846264886	0.0707325875135	0.00433056658246
-шне	0.137903861308	0.276280535855	0.401851851852	0.183963750985
-шна	0.0706141487432	0.516930120066	0.360628833031	0.0518268981601
-ячи	0.758655444005	0.0831447063755	0.0232448028091	0.13495504681
-шно	0.128908982414	0.359639491118	0.0402289990677	0.4712225274
-кру	0.909090909091	0.0909090909091	0.0	0.0
-ш'ї	0.0	1.0	0.0	0.0
-іні	0.0181625628806	0.950066190098	0.0190627482129	0.0127084988086
-чмо	0.463414634146	0.517073170732	0.0	0.019512195122
-лця	0.148936170213	0.851063829787	0.0	0.0
-нію	0.0111344537815	0.980042016807	0.0	0.00882352941177
-нія	0.0183392965374	0.953027548048	0.0209005415762	0.00773261383855
-ніш	0.266299600286	0.205071869127	0.129443841491	0.399184689097
-’їв	0.94022054556	0.0597794544399	0.0	0.0
-ніх	0.0689797763594	0.195913706182	0.0839927067198	0.651113810739
-ніч	0.00775004576799	0.889973759688	0.0188564105694	0.0834197839752
-нір	0.0	0.666666666667	0.333333333333	0.0
-ніс	0.793931939319	0.0893808938089	0.023479568129	0.0932075987427
-ніт	0.1	0.866666666667	0.0333333333333	0.0
-ір-	0.0	0.787234042553	0.212765957447	0.0
-фіш	0.0	1.0	0.0	0.0
-дми	0.294871794872	0.641025641026	0.0	0.0641025641026
-єно	0.492262100757	0.257490945012	0.174514323345	0.0757326308857
