-caa	0.205992688695	0.0640963392503	0.0115618544448	0.71834911761
-cae	0.341644917455	0.315097733591	0.103415492884	0.239841856069
-cai	0.201227473829	0.461174448623	0.069701276657	0.267896800891
-can	0.345132743363	0.522123893805	0.132743362832	0.0
-eun	0.337257267315	0.380360106015	0.0487846117618	0.233598014908
-hei	0.177223420133	0.124906116017	0.0619023952084	0.635968068642
-cau	0.180604790482	0.354711943174	0.0168819358929	0.447801330451
-nso	0.36496350365	0.547445255475	0.0875912408759	0.0
-nsi	0.365972031152	0.204660553271	0.0527842584461	0.37658315713
-ufo	0.0	1.0	0.0	0.0
-nsa	0.0277777777778	0.972222222222	0.0	0.0
-aun	0.184900467596	0.117767648068	0.0183111447147	0.679020739622
-uaa	0.335194868329	0.572676934751	0.0156511222566	0.076477074663
-uae	0.419772492161	0.45012095914	0.0248660593887	0.105240489311
-nto	0.0791132670552	0.807928729168	0.0870414772123	0.0259165265641
-nta	0.415316138862	0.33080712446	0.110104835492	0.143771901186
-nte	0.268337298383	0.18941769463	0.0440268132721	0.498218193716
-uan	0.029702970297	0.918316831683	0.029702970297	0.0222772277228
-uau	0.346926062581	0.497100963151	0.0402510901337	0.115721884134
-yta	0.477272727273	0.295454545455	0.0	0.227272727273
-neu	0.159525371224	0.686967069961	0.0384460372527	0.115061521562
-opo	0.0	1.0	0.0	0.0
-dea	0.0337121212121	0.956742424242	0.00363636363636	0.00590909090909
-dee	0.0327439423706	0.95939751146	0.00785854616896	0.0
-ima	0.422903516682	0.577096483318	0.0	0.0
-deu	0.358452138493	0.380855397149	0.0	0.260692464358
-imi	0.0	1.0	0.0	0.0
-imo	0.0141776937618	0.779458097038	0.107120352867	0.0992438563327
-eco	0.303764917362	0.41747807127	0.0981674739102	0.180589537458
-obo	0.0135336780373	0.976749835167	0.00399069993406	0.00572578686193
-rpo	0.0	0.929411764706	0.070588235294	0.0
-eca	0.397391813492	0.336615852255	0.0488167486789	0.217175585574
-oba	0.0296648353751	0.947976938948	0.0223582256768	0.0
-ida	0.0	1.0	0.0	0.0
-bia	0.0244764753876	0.975523524612	0.0	0.0
-ecu	0.20742254696	0.0444681255657	0.00642994205288	0.741679385421
-eja	0.345132743363	0.601769911504	0.0	0.0530973451327
-ter	0.0	1.0	0.0	0.0
-uta	0.317157708349	0.282839704485	0.042412030629	0.357590556538
-teu	0.0194805194805	0.980519480519	0.0	0.0
-ute	0.271416573813	0.303143842461	0.0722522793374	0.353187304388
-rin	0.448460508701	0.277108433735	0.160642570281	0.113788487282
-rio	0.111661999897	0.791700014978	0.0562166298865	0.0404213552388
-uto	0.0817054845981	0.910405709992	0.00563486100676	0.0022539444027
-rii	0.315919845215	0.34752673588	0.09622854511	0.240324873795
-tea	0.103238426429	0.896761573571	0.0	0.0
-riu	0.371724230614	0.351565649778	0.18183039914	0.0948797204677
-tee	0.285067873303	0.519859225742	0.0653594771242	0.129713423831
-tei	0.38628148845	0.233828009442	0.0581189952302	0.321771506878
-jin	0.311151690165	0.251146594191	0.199464922711	0.238236792934
-are	0.26398786915	0.176695829746	0.124769390126	0.434546910978
-ara	0.0680361223784	0.0707838366854	0.0217395178383	0.839440523098
-jii	0.10016830481	0.151586998891	0.714149850765	0.034094845534
-jie	0.386940409017	0.389905031323	0.0248696346609	0.198284924999
-ari	0.313086196906	0.593853041173	0.0674847569575	0.0255760049639
-jia	0.121068519844	0.750328296847	0.0346121861114	0.0939909971975
-mee	0.0	1.0	0.0	0.0
-aru	0.326157595451	0.58448415922	0.0121852152721	0.0771730300569
-mea	0.0	1.0	0.0	0.0
-jiu	0.312839122622	0.303170728523	0.0306107796938	0.353379369161
-mei	0.0	1.0	0.0	0.0
-lue	0.597432090139	0.233994235304	0.057646956066	0.110926718491
-rai	0.0443633015979	0.0139950427671	0.00541014703037	0.936231508605
-ota	0.221021314277	0.596911478096	0.0391858285506	0.142881379076
-ote	0.314708307802	0.163048088353	0.0116952285282	0.510548375317
-ebi	0.0838167297183	0.909289617486	0.00689365279529	0.0
-oti	0.125155995008	0.798406450994	0.0663578765479	0.0100796774503
-iji	0.151181326636	0.552246627915	0.0230946986202	0.273477346829
-oto	0.0807882669321	0.754290324968	0.0822491059625	0.082672302137
-ume	0.0	0.962962962963	0.037037037037	0.0
ALL	0.214843976593	0.26327701511	0.0498265046749	0.472052503622
-nai	0.168365467639	0.230870507566	0.0597825136519	0.540981511144
-nal	0.0054012345679	0.966820987654	0.00925925925925	0.0185185185185
-naa	0.236040549648	0.374785659379	0.040569636066	0.348604154907
-siu	0.0666666666667	0.933333333333	0.0	0.0
-nae	0.233154767242	0.0826298788699	0.0157289544164	0.668486399472
-sii	0.148227032006	0.0337900069076	0.0143909739811	0.803591987106
-sio	0.0772143546302	0.824621659638	0.0203510702126	0.0778129155189
-sia	0.0805006593715	0.849169704738	0.0402353722983	0.0300942635926
-sie	0.0356435643564	0.837623762376	0.126732673267	0.0
-nau	0.205954106167	0.52386519142	0.0371406642578	0.233040038155
-nti	0.239604183174	0.188676293593	0.0476667912659	0.524052731967
-gon	0.156552855226	0.80020873714	0.0313105710452	0.0119278365886
-gog	0.0	0.982425307557	0.0175746924429	0.0
-moe	0.39955406912	0.480267558528	0.00936454849499	0.110813823857
-moo	0.0201545179711	0.963050050386	0.0	0.0167954316426
-yne	0.0857740585774	0.864016736402	0.0502092050209	0.0
-coo	0.269554359475	0.418518311961	0.146096274757	0.165831053807
-nuu	0.304319101495	0.562446665015	0.063589065984	0.0696451675062
-coi	0.460985626283	0.401437371663	0.108829568788	0.0287474332649
-coe	0.667968390599	0.17043723612	0.0414950060827	0.120099367199
-jio	0.0	0.818181818182	0.181818181818	0.0
-coa	0.283111494637	0.284266241657	0.028846661853	0.403775601853
-eor	0.0	1.0	0.0	0.0
-eoo	0.675	0.325	0.0	0.0
-eon	0.222189957653	0.618100423472	0.0620689655173	0.0976406533576
-bei	0.355109142676	0.213065485606	0.398608035432	0.033217336286
-ofe	0.0	1.0	0.0	0.0
-rla	0.0	1.0	0.0	0.0
-cos	0.0	1.0	0.0	0.0
-bee	0.732342007435	0.0669144981413	0.0446096654275	0.156133828996
-iso	0.0384615384615	0.961538461538	0.0	0.0
-rei	0.341646856499	0.169471667681	0.10958612403	0.37929535179
-reo	0.0	1.0	0.0	0.0
-isi	0.260969150853	0.448390600543	0.0380651110287	0.252575137576
-ise	0.0	1.0	0.0	0.0
-rea	0.0389999999999	0.953	0.00800000000001	0.0
-ree	0.249859403872	0.540049811199	0.0494094962642	0.160681288664
-rey	0.0571740687933	0.830577486469	0.025820547197	0.0864278975406
-reu	0.0	1.0	0.0	0.0
-haa	0.324182797327	0.247631983044	0.0831100633692	0.34507515626
-hae	0.310547428879	0.121751552284	0.0492247751048	0.518476243732
-avo	0.171546675852	0.828453324148	0.0	0.0
-hai	0.267497104054	0.244583187006	0.0745434523598	0.41337625658
-mau	0.0408282298046	0.89501312336	0.0	0.0641586468358
-han	0.347121728081	0.107240660737	0.0091791613723	0.536458449809
-hao	0.203742618308	0.325151158886	0.0681104068325	0.402995815973
-mai	0.123894402809	0.744784281953	0.0290324758626	0.102288839376
-jua	0.135026818184	0.346013551822	0.0557778380502	0.463181791943
-hau	0.0253035499119	0.951411416978	0.00728107846469	0.0160039546452
-jue	0.0823735945982	0.818261931731	0.0423407034687	0.0570237702021
-maa	0.735294117647	0.0894868585732	0.0	0.17521902378
-jui	0.153410222921	0.722179177827	0.0779226529121	0.0464879463397
-mae	0.36277173913	0.251358695652	0.0597826086957	0.326086956522
-uno	0.114664617864	0.699075556382	0.0572120033177	0.129047822436
-uni	0.153501527399	0.351450358681	0.0305119096315	0.464536204289
-une	0.281408646033	0.324074524361	0.0613088463113	0.333207983295
-una	0.169944663163	0.20211370449	0.0244441629786	0.603497469368
-pta	0.109689213894	0.890310786106	0.0	0.0
-pto	0.112820512821	0.741025641026	0.0133903133903	0.132763532764
-unu	0.169365614167	0.727710213791	0.0297180946247	0.0732060774169
-eji	0.557840616967	0.334190231362	0.0385604113111	0.0694087403599
-nla	0.508474576271	0.267796610169	0.0338983050847	0.189830508474
-tra	0.0530303030303	0.94696969697	0.0	0.0
-ada	0.321203399123	0.621230811404	0.0575657894737	0.0
-ado	0.157303370787	0.783212161269	0.0297422339723	0.0297422339722
-tro	0.0847808105873	0.771712158809	0.0496277915633	0.0938792390405
-nlu	0.403498943426	0.284958337932	0.104318750616	0.207223968026
-sno	0.0836363636364	0.890909090909	0.0109090909091	0.0145454545455
-ini	0.300714261068	0.220178737794	0.024153755909	0.45495324523
-sem	0.0	1.0	0.0	0.0
-nee	0.30204778157	0.534750232702	0.12876202296	0.0344399627676
-ino	0.172099601987	0.804841945989	0.0166441893359	0.00641426268873
-ina	0.0582613393586	0.0453152176721	0.0141550917613	0.882268351208
-see	0.0	1.0	0.0	0.0
-ine	0.292104535439	0.324834580919	0.0815174260652	0.301543457576
-sea	0.0	1.0	0.0	0.0
-uii	0.125263024707	0.195803087929	0.0749472887323	0.603986598632
-ohe	0.426944098896	0.380471074817	0.100304160586	0.0922806657017
-oha	0.327974089711	0.250988557158	0.068993884382	0.352043468748
-uin	0.509822599695	0.309328798913	0.0810141908375	0.099834410555
-seu	0.0677179220363	0.764684223165	0.00288161370367	0.164716241095
-ohi	0.136108964257	0.678192237365	0.0286470228125	0.157051775565
-iae	0.51645681004	0.235339716327	0.0835306195135	0.16467285412
-eda	0.183466626287	0.795957677307	0.0205756964061	0.0
-iaa	0.37937105908	0.252982732212	0.0651278591182	0.302518349589
-noi	0.464937086935	0.304858286731	0.0700622775801	0.160142348754
-edi	0.0	1.0	0.0	0.0
-iai	0.322507949045	0.59359742896	0.0443790391712	0.0395155828237
-oon	0.226509901721	0.479831234484	0.0432638916522	0.250394972143
-iau	0.0408042912413	0.942470155978	0.00309607818078	0.0136294746002
-aoa	0.472222222222	0.138888888889	0.263888888889	0.125
-ias	0.0	1.0	0.0	0.0
-nei	0.178470469404	0.332935478053	0.0793698091111	0.409224243432
-ñau	0.0	1.0	0.0	0.0
-ofa	0.0332347474985	0.833159573722	0.00710303939787	0.126502639382
-aon	0.180955643216	0.748091181313	0.0213993952185	0.0495537802529
-mte	0.15392508979	0.84607491021	0.0	0.0
-ban	0.185567010309	0.412371134021	0.247422680412	0.154639175258
-uun	0.578852216314	0.179112002737	0.0301020571395	0.21193372381
-bai	0.1775116862	0.264946480591	0.23320743852	0.324334394689
-uua	0.121863799283	0.483870967742	0.0358422939068	0.358422939068
-hoo	0.130735238448	0.666469665716	0.076250956034	0.126544139801
-ra-	0.137450896078	0.820460028132	0.0252534454737	0.0168356303158
-joi	0.257713293716	0.484270412968	0.119844615093	0.138171678222
-uji	0.597379985076	0.229334217727	0.100323356272	0.0729624409253
-joe	0.367893535275	0.303301965588	0.225792081965	0.103012417172
-bas	0.0	1.0	0.0	0.0
-que	0.0372629852801	0.0383353428242	0.00747677749254	0.916924894403
-asa	0.0815552707085	0.850773334091	0.038710741049	0.0289606541514
-aso	0.185849713088	0.225843113442	0.278892706497	0.309414466974
-asi	0.0581736697824	0.891311389971	0.0161837183237	0.0343312219228
-rau	0.124936513739	0.720449879404	0.0291165604052	0.125497046452
-eru	0.250656742557	0.390323992995	0.302831290134	0.0561879743141
-eri	0.118903470344	0.766182842071	0.0144274613997	0.100486226184
-ero	0.120284592863	0.78717674272	0.0129390644787	0.0795995999388
-era	0.148135510871	0.474872758808	0.0409526385037	0.336039091817
-rae	0.554295350793	0.123735372342	0.077823030946	0.244146245919
-ere	0.148883655095	0.257638702187	0.0479677817469	0.545509860972
-raa	0.43429406579	0.173576739989	0.0407982447947	0.351330949426
-nru	0.141314245445	0.597238356912	0.0530352132777	0.208412184365
-poo	0.282836940219	0.640025712449	0.0257124491108	0.0514248982215
-nri	0.174748653028	0.323909380007	0.0620179050127	0.439324061952
-nre	0.259838424973	0.505360199027	0.139011164742	0.0957902112584
-nra	0.430582040252	0.298548729973	0.0680124823154	0.202856747459
-lae	0.50750498455	0.25362837179	0.0662932529397	0.17257339072
-laa	0.538863865469	0.237292855	0.0211052009732	0.202738078557
-lac	0.285865537321	0.714134462679	0.0	0.0
-aau	0.459076047552	0.310609491829	0.0809047189983	0.14940974162
-lam	0.0	1.0	0.0	0.0
-lai	0.245081284968	0.185693672283	0.0580227899062	0.511202252842
-aam	0.0	0.99359111301	0.0	0.00640888698995
-lau	0.130374530618	0.462156802185	0.159803387681	0.247665279516
-aao	0.0363206552461	0.935694577597	0.00148855144451	0.0264962157124
-aan	0.113237792351	0.389162581591	0.0143220144444	0.483277611614
-aai	0.287312854876	0.237979692377	0.259535069995	0.215172382752
-uje	0.615689381934	0.154516640253	0.0253565768621	0.204437400951
-ouu	0.115654880487	0.188283610569	0.0154402574077	0.680621251536
-noo	0.0249648001733	0.402361096068	0.531517383299	0.0411567204592
-aae	0.136620290879	0.26531787875	0.0393822525188	0.558679577852
-noa	0.26178719046	0.541613324067	0.118871697331	0.0777277881415
-aaa	0.26582278481	0.53164556962	0.20253164557	0.0
-noe	0.628861399304	0.220056909282	0.0426127847578	0.108468906656
-ahi	0.0191191532946	0.646295664049	0.0	0.334585182656
--ii	0.389388157085	0.437399975379	0.136033485166	0.0371783823711
-boo	0.00948509485093	0.933604336043	0.0284552845529	0.0284552845528
-ges	0.104895104895	0.86013986014	0.034965034965	0.0
-ro-	0.29810298103	0.617886178862	0.0	0.0840108401084
-sar	0.0	1.0	0.0	0.0
-toe	0.301008853202	0.408688490838	0.172946263125	0.117356392835
-sau	0.0430191630818	0.904184591318	0.0469299960893	0.00586624951114
-toa	0.313333333333	0.453333333333	0.0933333333333	0.14
-too	0.0615787940577	0.910166035537	0.00699096999709	0.0212642004078
-olu	0.350857977364	0.208105147864	0.100036509675	0.341000365097
-toi	0.404761904762	0.595238095238	0.0	0.0
-saa	0.495137228039	0.235505114522	0.0788913641034	0.190466293335
-ibo	0.0	1.0	0.0	0.0
-ibi	0.304937146494	0.402815026979	0.287329485455	0.0049183410725
-sae	0.123285934223	0.165837471335	0.0106094735218	0.70026712092
-olo	0.140444066716	0.767130564114	0.00956124508658	0.0828641240837
-ibe	0.173594132029	0.826405867971	0.0	0.0
-sai	0.187410646009	0.55353758686	0.0958872227948	0.163164544336
-sao	0.0	0.794561933535	0.16918429003	0.0362537764351
-ole	0.415662650603	0.506024096385	0.0783132530121	0.0
-lon	0.489549392037	0.371374076134	0.0723197965508	0.0667567352778
-loo	0.520179372197	0.322869955157	0.0762331838565	0.0807174887892
-cla	0.229995900599	0.186522732153	0.497393952408	0.0860874148398
-loi	0.00537634408602	0.940860215054	0.0322580645161	0.0215053763441
-loe	0.0201342281879	0.798657718121	0.181208053691	0.0
-roe	0.415384615385	0.354535017222	0.14328358209	0.0867967853042
-oca	0.157375157365	0.747922786404	0.0326269408309	0.0620751154008
-roa	0.107719928187	0.526032315978	0.344703770197	0.0215439856373
-oco	0.0770302312322	0.705310799232	0.0323327460943	0.185326223442
-roo	0.0485134559281	0.928377093782	0.0045891106959	0.0185203395942
-ipo	0.0	0.9960658686	0.0	0.00393413139999
-rdo	0.140684410646	0.661596958175	0.148288973384	0.0494296577946
-ita	0.115136155939	0.145281768553	0.062299487084	0.677282588424
-sto	0.0996677740864	0.890455239292	0.00448953937326	0.00538744724791
-sta	0.08391273076	0.907695996164	0.00839127307599	0.0
-ain	0.308481888969	0.208722550822	0.0766079756199	0.406187584589
-cui	0.140909266484	0.63559813048	0.094506032163	0.128986570873
-cue	0.768372525611	0.0806163567179	0.0103678084485	0.140643309222
-ucu	0.3	0.632653061225	0.0673469387755	0.0
-cuu	0.213750988812	0.14163801368	0.0286558969855	0.615955100523
-mue	0.670262783832	0.0555818784853	0.00838284068958	0.265772496993
-ioo	0.0217643644805	0.875217643645	0.00870574579224	0.0943122460824
-ion	0.0	0.903914590747	0.085409252669	0.0106761565836
-yte	0.402103559871	0.357605177994	0.0161812297734	0.224110032362
-mui	0.58316008316	0.239085239085	0.112266112266	0.0654885654886
-lee	0.0	1.0	0.0	0.0
-iod	0.0	1.0	0.0	0.0
-muu	0.624710085877	0.236695292421	0.0	0.138594621701
-ola	0.356701991101	0.528884162697	0.0305919374873	0.0838219087151
-ios	0.883399209486	0.104743083004	0.0	0.0118577075099
-oin	0.361528838256	0.400418840008	0.0959293617261	0.14212296001
-les	0.0	1.0	0.0	0.0
-oii	0.217614713584	0.540542974853	0.039463808163	0.2023785034
-ifa	0.0539268910604	0.916395222584	0.0195439739413	0.010133912414
-eeo	0.0782372110778	0.790444153909	0.0222092728221	0.109109362191
-een	0.0963081028061	0.513963256784	0.0443288295248	0.345399810885
-eei	0.375807894885	0.352259898614	0.0729226378125	0.199009568689
-ifi	0.104324542791	0.852531070021	0.00671920784077	0.0364251793473
-alu	0.387904897971	0.325822796862	0.063535362301	0.222736942866
-eea	0.0373284097295	0.930079473388	0.00730512964599	0.0252869872361
-ifo	0.0	1.0	0.0	0.0
-alo	0.0	0.859223300971	0.140776699029	0.0
-ndo	0.0	1.0	0.0	0.0
-eeu	0.148660137842	0.643506571142	0.0878579111532	0.119975379863
-ala	0.27609554632	0.307482550548	0.140501173445	0.275920729686
-iei	0.153602742435	0.4652251302	0.0514206605578	0.329751466807
-obe	0.474530311834	0.24753050552	0.216928142553	0.061011040093
-cho	0.293838174222	0.65101601244	0.0274364915461	0.0277093217915
-cha	0.2223693922	0.262133688071	0.0769322200789	0.438564699651
-ien	0.395762292735	0.41838248692	0.185855220345	0.0
-che	0.387257918586	0.247636259657	0.0630991426032	0.302006679154
-elu	0.458292895618	0.276736418429	0.0613982624542	0.203572423499
-eli	0.0350474124963	0.926068832743	0.0135424736312	0.0253412811296
-elo	0.186139579879	0.772187379849	0.0	0.0416730402715
-ogo	0.0	1.0	0.0	0.0
-ela	0.35655103721	0.601790078717	0.00210044793643	0.0395584361362
-chu	0.200133830768	0.154579428157	0.0644039204013	0.580882820674
-ele	0.178971539764	0.506635391626	0.0566109705536	0.257782098056
-itu	0.120279103247	0.113127372784	0.60860529646	0.157988227509
-ito	0.0324523976911	0.779060297874	0.0087888961911	0.179698408244
-esi	0.107422078962	0.770626361921	0.0373993135569	0.08455224556
-eso	0.0580711555425	0.933107909438	0.00441046750955	0.00441046750955
-iti	0.187493628003	0.0867276372083	0.0319171020097	0.693861632779
-esa	0.0605969638628	0.860249478437	0.0170631779488	0.0620903797519
-ite	0.30082911222	0.260253178365	0.061245057057	0.377672652357
-ese	0.0360230879787	0.776713729047	0.00476516205394	0.182498020921
-eje	0.437752426338	0.270419424815	0.100673671235	0.191154477612
-faa	0.460335195531	0.437988826816	0.0268156424581	0.0748603351955
-spe	0.0627311327215	0.866182714697	0.0690316395015	0.0020545130804
-fae	0.130965877357	0.79490249395	0.0296526514771	0.0444789772156
-fai	0.369230769231	0.6	0.0	0.0307692307692
-so-	0.0544217687075	0.945578231293	0.0	0.0
-bra	0.158940397351	0.562913907285	0.238410596026	0.0397350993377
-fau	0.361419068736	0.625277161863	0.0133037694013	0.0
-abu	0.978723404255	0.0212765957447	0.0	0.0
-hun	0.343924919658	0.366458641437	0.0992668334066	0.190349605499
-hue	0.498054474708	0.416342412451	0.0466926070039	0.0389105058366
-hua	0.140625	0.859375	0.0	0.0
-nje	0.24302134647	0.504105090312	0.055829228243	0.197044334975
-aba	0.116171567142	0.774704455896	0.0848742043043	0.0242497726584
-huu	0.122448979592	0.669387755102	0.159183673469	0.0489795918367
-ejo	0.636094674556	0.204142011834	0.0532544378698	0.10650887574
-abi	0.0778653682665	0.698624314089	0.078715511245	0.144794806399
-ria	0.0906209526027	0.803486764556	0.0346755533565	0.0712167294848
-nco	0.284994183792	0.639395114385	0.0	0.0756107018224
-tue	0.244565217391	0.21484375	0.146569293478	0.394021739131
-aei	0.172117039587	0.413080895009	0.0516351118761	0.363166953528
-nce	0.19506612411	0.639623601221	0.165310274669	0.0
-nca	0.0546392203016	0.114410019997	0.0200546775261	0.810896082176
-oru	0.103036700344	0.809078171956	0.0260261530596	0.0618589746408
-soo	0.0125664711562	0.938522286752	0.0163421769394	0.0325690651525
-ori	0.171419432346	0.646772867764	0.0297675502707	0.152040149619
-oro	0.0630113775955	0.85348025276	0.0265424516003	0.0569659180441
-uai	0.492061873602	0.447899860251	0.0277099689912	0.0323282971565
-ora	0.198635644291	0.626658680235	0.0567219947046	0.117983680769
-ore	0.473527785976	0.280319290904	0.106547148744	0.139605774376
-jee	0.0672268907563	0.899159663866	0.0	0.0336134453782
-jei	0.266735391335	0.476748422037	0.0845733048482	0.171942881779
-jen	0.633859862292	0.20818144998	0.048602673147	0.109356014581
-ruu	0.365839803068	0.396894527552	0.192198447264	0.045067222117
-ico	0.0235340694145	0.944793911934	0.0145163418819	0.0171556767694
-lim	0.0	1.0	0.0	0.0
-rui	0.635181745821	0.216237728841	0.0631467232688	0.0854338020695
-lii	0.0	1.0	0.0	0.0
-jeu	0.214959016393	0.768647540984	0.0	0.0163934426229
-oma	0.0706161548925	0.727085925969	0.137759384135	0.0645385350042
-rua	0.157166022203	0.809155544468	0.0261943370338	0.00748409629536
-lia	0.0	0.916440369715	0.0296469767558	0.053912653529
-rue	0.437531528226	0.279505506384	0.076355631842	0.206607333547
-abo	0.131746031746	0.820634920635	0.00952380952381	0.0380952380953
-eau	0.0861036665336	0.8788276216	0.00342133774306	0.0316473741233
-oda	0.0433526011561	0.956647398844	0.0	0.0
-nji	0.0	0.62962962963	0.0740740740741	0.296296296296
-rna	0.0	1.0	0.0	0.0
-uri	0.135181217264	0.423195512384	0.0445727197357	0.397050550617
-uro	0.351485148515	0.331683168317	0.118811881188	0.19801980198
-ura	0.3803360803	0.3704638579	0.0761861039829	0.173013957817
-ure	0.49426279084	0.18856559385	0.0496412692337	0.267530346077
-uru	0.0984058768665	0.42359113104	0.0635428721953	0.414460119898
-apa	0.224719101124	0.775280898876	0.0	0.0
-pas	0.337719298246	0.631578947368	0.0	0.030701754386
-nun	0.305331179321	0.675282714055	0.0	0.0193861066236
-aro	0.0970959280916	0.767966320377	0.0389445928757	0.0959931586558
-nue	0.293103448276	0.5	0.0689655172414	0.137931034483
-luu	1.0	0.0	0.0	0.0
-aen	0.15741056574	0.0860429977907	0.0233250097067	0.733221426763
-feu	0.0782608695652	0.909881422925	0.00237154150197	0.00948616600791
-dia	0.0444691495275	0.955530850472	0.0	0.0
-lui	0.0786988457503	0.881951731375	0.0393494228752	0.0
-dio	0.0438562142689	0.827786044326	0.0493382410526	0.0790195003524
-uis	0.0	1.0	0.0	0.0
-tuu	0.120805369128	0.469798657718	0.348993288591	0.0604026845638
-iha	0.258769417996	0.17349753412	0.0397359678863	0.527997079998
-iho	0.119530785983	0.739531775886	0.0460304890121	0.0949069491189
-nnu	0.225646721561	0.460551380934	0.0830049826569	0.230796914848
-soe	0.181268882175	0.818731117825	0.0	0.0
-nni	0.431007662401	0.203617137471	0.060198302723	0.305176897405
-nno	0.134856300663	0.810611643331	0.00663227708184	0.0478997789241
-ihu	0.289993862688	0.520519864885	0.0801944058203	0.109291866607
--oo	0.455541981708	0.247300822135	0.0832040149238	0.213953181233
-afa	0.0487804878049	0.951219512195	0.0	0.0
-nna	0.191720824234	0.119393356868	0.0314283390798	0.657457479819
-nne	0.351067869872	0.273349688898	0.0491968858828	0.326385555348
-efo	0.18954248366	0.78431372549	0.0261437908497	0.0
-eta	0.251411368672	0.600626232189	0.0451235847431	0.102838814396
-tia	0.212871180682	0.162384157224	0.0232223106199	0.601522351474
-ono	0.142503226405	0.44247637845	0.158295404139	0.256724991006
-tin	0.519114688129	0.408450704225	0.0241448692153	0.0482897384306
-tio	0.267489711934	0.650205761317	0.082304526749	0.0
-aii	0.461016949153	0.294915254237	0.0610169491526	0.183050847458
-tii	0.61450729927	0.262317518248	0.0547445255474	0.0684306569342
-jau	0.318393067219	0.513761895333	0.0479890044611	0.119856032987
-ema	0.0688980230965	0.752006263457	0.149735760423	0.0293599530241
-emo	0.141356255969	0.734479465139	0.0210124164279	0.103151862464
-jae	0.492004514261	0.266664385897	0.0396234514779	0.201707648364
-jaa	0.452379576736	0.157375246724	0.0388809406144	0.351364235927
-jan	0.476861167002	0.281690140845	0.0694164989939	0.172032193159
-oni	0.114150734126	0.751973956366	0.0327344016978	0.10114090781
-jai	0.210647146635	0.207299844584	0.15760109058	0.424451918201
-eti	0.21514169624	0.348865915754	0.422619966055	0.0133724219514
-cio	0.0	0.889908256881	0.0550458715596	0.0550458715597
-cia	0.0	0.564356435644	0.435643564356	0.0
-jjm	0.373493975904	0.361445783133	0.0	0.265060240964
-inu	0.240593213285	0.636485197685	0.0282411898213	0.0946803992085
-dae	0.658188585608	0.0550041356493	0.039288668321	0.247518610422
-etu	0.297713981925	0.144072301967	0.558213716108	0.0
-fue	0.975316074654	0.0246839253462	0.0	0.0
-ete	0.256204542579	0.202817726085	0.0520280229308	0.488949708406
-lis	0.0	0.712177121771	0.0	0.287822878229
-eto	0.0472190155635	0.941751623806	0.0029207638493	0.00810859678158
-atu	0.0137404580153	0.931297709924	0.0503816793893	0.00458015267175
-ede	0.0194405894143	0.873551888795	0.034667178233	0.0723403435575
-ate	0.330925910068	0.219672000523	0.0372615910329	0.412140498376
-ata	0.083206271191	0.249076017651	0.171771433726	0.495946277432
-ato	0.0808168018633	0.800166653281	0.0528070034535	0.0662095414023
-ati	0.18749498978	0.347198996053	0.374519379292	0.0907866348755
-ose	0.0233367836642	0.966876823186	0.00056459960478	0.00922179354475
-acu	0.468979691583	0.431013415712	0.0552669670215	0.0447399256841
-ian	0.36819824619	0.252691325913	0.0704454590937	0.308664968803
-osa	0.0938690254876	0.6108077088	0.144092170034	0.151231095679
-niu	0.243654822335	0.522842639594	0.121827411168	0.111675126903
-oom	0.0	0.892857142857	0.0	0.107142857143
-oso	0.0613136403232	0.531675989657	0.00704613733392	0.399964232685
-osi	0.341112752042	0.551034238344	0.0596658591412	0.0481871504725
-ule	0.209066487405	0.627180253892	0.0554004657073	0.108352792995
-nia	0.0816023138268	0.841419954801	0.0239395077256	0.0530382236467
-aca	0.181420362253	0.523316074049	0.0330124288033	0.262251134895
-aco	0.140673797921	0.804830947029	0.03168328782	0.0228119672304
-nii	0.0365377401299	0.00949665647077	0.00139195166931	0.95257365173
-nio	0.0531496062992	0.917322834646	0.0295275590551	0.0
-ulu	0.495443067429	0.282850262241	0.0743824978445	0.147324172486
-aji	0.173966835489	0.371642176294	0.224598974176	0.229792014041
-aje	0.0872421147544	0.0403618949021	0.0130159804043	0.859380009939
-aja	0.240122553455	0.41390259491	0.157921272817	0.188053578818
-uhi	0.206201720968	0.539236217871	0.0860166344625	0.168545426699
-sha	0.0230319980258	0.116393847166	0.0279674261742	0.832606728634
-fia	0.0	1.0	0.0	0.0
-ilu	0.382891408555	0.444692193825	0.0539556750006	0.11846072262
-lda	0.0119284294235	0.658051689861	0.330019880716	0.0
-ila	0.0733298159491	0.919031342953	0.0	0.00763884109834
-ilo	0.0	0.952376838513	0.0476231614867	0.0
-ili	0.0	1.0	0.0	0.0
-oan	0.225990064732	0.465941199849	0.0563349216209	0.251733813798
-oam	0.0	1.0	0.0	0.0
-rra	0.0878378378378	0.912162162162	0.0	0.0
-oai	0.217995848342	0.55873769422	0.133639806113	0.0896266513251
-eba	0.0175881747591	0.904060248854	0.0057068013846	0.0726447750024
-oae	0.260815288105	0.111725701741	0.0231032414913	0.604355768663
-amu	0.477966101695	0.35593220339	0.0508474576271	0.115254237288
-ebe	0.224212801254	0.739623843705	0.0216980130246	0.0144653420164
-oaa	0.450579340192	0.280699704642	0.0480449784328	0.220675976734
-lmo	0.121422376409	0.848222029488	0.0	0.0303555941023
-amo	0.0714285714284	0.892857142857	0.0357142857143	0.0
-tmo	0.0	0.958041958042	0.0	0.041958041958
-ama	0.132736370819	0.867263629181	0.0	0.0
-hii	0.47619047619	0.404761904762	0.0714285714286	0.047619047619
-usi	0.0878942609436	0.855210494123	0.0233863890219	0.0335088559119
-iro	0.099741074359	0.825863389373	0.0153167280551	0.0590788082127
-iri	0.11105889331	0.709891446398	0.0936317464314	0.0854179138609
-hin	0.448726574203	0.20477882523	0.0394833454875	0.30701125508
-ein	0.264163563805	0.237069633837	0.079513620076	0.419253182282
-usa	0.194690265487	0.766371681416	0.0389380530974	0.0
-ira	0.017520294341	0.964959411318	0.00700811773637	0.0105121766046
-ofo	0.0	0.953125	0.046875	0.0
-hoe	0.601190476191	0.255952380952	0.142857142857	0.0
-pia	0.0283018867924	0.943396226415	0.0283018867924	0.0
-pio	0.0	0.915094339623	0.0	0.0849056603774
-iun	0.172863666014	0.317025440313	0.0358773646445	0.474233529028
-uey	0.413407821229	0.536312849162	0.0502793296089	0.0
-uen	0.474926253687	0.215339233038	0.0929203539823	0.216814159292
-uei	0.415597679549	0.345922869516	0.0634242993709	0.175055151565
-uee	0.089552238806	0.820895522388	0.089552238806	0.0
-iim	0.114285714286	0.257142857143	0.0	0.628571428571
-iin	0.207434553928	0.173384677399	0.095890532545	0.523290236129
-lco	0.0336134453781	0.966386554622	0.0	0.0
-ago	0.0504095778198	0.782608695652	0.166981726528	0.0
--le	0.484339536995	0.479346345892	0.0	0.036314117113
-uhe	0.373377659206	0.341359628696	0.0896965515785	0.195566160519
-uha	0.442039522781	0.212976941575	0.0437911328204	0.301192402823
-rte	0.181818181818	0.678321678322	0.104895104895	0.0349650349651
-one	0.10204740851	0.663105483425	0.0247926852897	0.210054422775
-anu	0.142469560631	0.120770049448	0.0246751207891	0.712085269132
-ona	0.242874245907	0.453014650451	0.175306295374	0.128804808267
-dau	0.078629032258	0.911290322581	0.00403225806451	0.00604838709676
-rto	0.0	1.0	0.0	0.0
-joa	0.260184208837	0.458820463432	0.0664345914728	0.214560736258
-ana	0.204228954321	0.235331914318	0.0177074096858	0.542731721675
-onu	0.0756065450442	0.886778258416	0.0188075982697	0.0188075982697
-ane	0.27785742907	0.284287875581	0.0509975576116	0.386857137737
-ani	0.280323295229	0.428710998725	0.140106789827	0.150858916219
-daa	0.255955397871	0.484319564116	0.0288266599088	0.230898378104
-ano	0.0934803451582	0.780829971599	0.106030318928	0.0196593643156
-tao	0.100147857639	0.0069406758732	6.60642236091e-05	0.892845402264
-tai	0.155458897479	0.603588431089	0.113845827421	0.127106844011
-tae	0.598773561485	0.191654102559	0.0918481650349	0.11772417092
-taa	0.286915959515	0.13394857782	0.0271997392836	0.551935723381
-mne	0.0	1.0	0.0	0.0
-tau	0.0916552667578	0.853625170999	0.0300957592339	0.0246238030096
-aal	0.0530973451327	0.893805309735	0.0	0.0530973451327
-uca	0.380440427963	0.189415186455	0.0908902046328	0.339254180949
-tar	0.121193897655	0.810113204889	0.0431783926869	0.0255145047695
-mia	0.0	1.0	0.0	0.0
-mii	0.324055581524	0.547868949985	0.0800577911868	0.0480176773042
-enu	0.28051410176	0.494530492392	0.0844497701981	0.140505635649
-min	0.0	1.0	0.0	0.0
-qui	0.189445624058	0.229812180759	0.0403734052571	0.540368789926
-eno	0.0148656028154	0.985134397185	0.0	0.0
-eni	0.263601283501	0.44323223407	0.0607051846444	0.232461297785
-ene	0.257647216856	0.269467361308	0.0532328279912	0.419652593845
-oei	0.253463645151	0.547846633015	0.124583825583	0.0741058962517
-rmi	0.0	1.0	0.0	0.0
-ena	0.261853198881	0.253996195877	0.101403220794	0.382747384448
-oel	0.0973782771536	0.722846441948	0.134831460674	0.0449438202247
