-wõi	0.330404229005	0.428749261773	0.143900128593	0.0969463806296
-her	0.515198761111	0.298746200479	0.0589146840256	0.127140354385
-hem	0.42012548886	0.234256548095	0.0693945025722	0.276223460474
-imã	0.108193325708	0.823238828603	0.0167688637197	0.0517989819691
-táu	0.326192121631	0.516240497581	0.140981340705	0.0165860400829
-umĩ	0.164573328408	0.61525674178	0.127816771334	0.092353158478
-anõ	0.351615531043	0.258689353067	0.178138605417	0.211556510473
-erẽ	0.0204297287777	0.910531877422	0.00845368087354	0.0605847129271
-ymã	0.332755950975	0.469779282471	0.0819882948849	0.115476471669
-naĩ	0.30845621543	0.315368803097	0.0946444654488	0.281530516024
-akĩ	0.0	1.0	0.0	0.0
-ã'y	0.0981977593765	0.78314661471	0.0941061860691	0.0245494398441
-nsi	0.436631234669	0.445625511038	0.0392477514309	0.0784955028618
-ẽpã	0.276679841897	0.723320158103	0.0	0.0
-xer	0.289846001389	0.367443419999	0.195944421595	0.146766157017
-yri	0.051094890511	0.875912408759	0.0729927007298	0.0
-nti	0.139534883721	0.53488372093	0.325581395349	0.0
-hon	0.376395600108	0.332857191092	0.165779097512	0.124968111288
-riã	0.0806451612903	0.91935483871	0.0	0.0
-pur	0.273011975131	0.414689216841	0.233164902193	0.079133905835
-pak	0.614062897039	0.226758467142	0.0854881841172	0.0736904517019
-aju	0.348413403494	0.469805690335	0.153078657828	0.0287022483428
-a'ã	0.392800434106	0.366831563625	0.124305980999	0.116062021271
-puk	0.332156475074	0.564916886116	0.0819924071873	0.0209342316223
-naũ	0.0	1.0	0.0	0.0
-e'ã	0.266102581399	0.488564319896	0.174846880667	0.0704862180381
-arã	0.222724894385	0.470691644949	0.0860638302668	0.220519630399
-ỹ'y	0.215384615385	0.753846153846	0.0307692307692	0.0
-ape	0.116625114352	0.754596676939	0.0710215127086	0.0577566960011
-máu	0.0266666666666	0.813333333333	0.106666666667	0.0533333333333
-hen	0.56243844996	0.303096830641	0.125789576212	0.00867514318704
-arõ	0.362179053232	0.455126743093	0.0956118517469	0.0870823519287
-e'õ	0.417689047513	0.423042605398	0.121793441892	0.0374749051974
-opi	0.380434782609	0.309782608696	0.0434782608696	0.266304347826
-meã	0.170314426634	0.727143323421	0.0671828534127	0.0353593965329
-opa	0.112850092612	0.332786362186	0.028135864318	0.526227680884
-uki	0.464746085302	0.262306427892	0.0726706462497	0.200276840557
-héi	0.394396004402	0.525607381698	0.0622195885889	0.0177770253111
-reĩ	0.399293286219	0.32273262662	0.0282685512368	0.249705535925
-imu	0.14039010284	0.737197655936	0.0513434322156	0.0710688090086
-yjy	0.247624065486	0.197431056809	0.0373421483947	0.51760272931
-400	0.352941176471	0.485294117647	0.132352941176	0.0294117647059
-ima	0.336336336336	0.51051051051	0.117117117117	0.036036036036
-yje	0.359052708358	0.285055769608	0.264358586772	0.0915329352612
-der	0.492503474	0.471147517004	0.02252614642	0.0138228625759
-oki	0.160767360173	0.769474069012	0.041424946093	0.0283336247225
-yja	0.227460258699	0.272938771461	0.0399327332477	0.459668236592
-imi	0.420766171237	0.452585304585	0.0795478333682	0.0471006908101
-júi	0.477108433735	0.343373493976	0.1	0.0795180722892
-oka	0.249092256196	0.394604507454	0.103201668882	0.253101567467
-yji	0.420306965762	0.551357733176	0.00708382526563	0.0212514757969
-imo	0.162217293848	0.642686871117	0.0712091665494	0.123886668485
-biu	0.0	1.0	0.0	0.0
-juã	0.105639440673	0.809111547091	0.0130032082819	0.072245803954
-itã	0.204814976003	0.517214056519	0.0456164621965	0.232354505282
-bie	0.17550274223	0.747714808044	0.054844606947	0.0219378427788
-430	0.244094488189	0.637795275591	0.0	0.11811023622
-tep	0.227973271101	0.563005452625	0.109866636675	0.0991546395992
-eja	0.305552792755	0.378480249084	0.075699953885	0.240267004276
-100	0.0122279285889	0.304883019483	0.0244558571778	0.65843319475
-rie	0.0	1.0	0.0	0.0
-eje	0.360983861249	0.249580740945	0.0878447543614	0.301590643445
-ute	0.438202247191	0.533707865169	0.0	0.0280898876404
-rin	0.164397050397	0.630271661272	0.102494567064	0.102836721267
-rio	0.0674807197944	0.875321336761	0.0404884318766	0.0167095115681
-rim	0.0514705882353	0.915441176471	0.0330882352941	0.0
-rik	0.556270996641	0.234322508399	0.147816349384	0.0615901455767
-a'u	0.321121145516	0.366130230377	0.154063455382	0.158685168726
-a'i	0.181236283788	0.56443412548	0.201640924769	0.0526886659624
-riu	0.0	1.0	0.0	0.0
-péu	0.0102040816326	0.972303206997	0.0	0.0174927113703
-utu	0.0976229239458	0.665970591227	0.0364482094653	0.199958275362
-emẽ	0.133333333333	0.866666666667	0.0	0.0
-a'a	0.305760031454	0.527751687381	0.0411524431533	0.125335838011
-tek	0.323567993004	0.610843900306	0.0655881066899	0.0
-yse	0.378871126977	0.528453854331	0.0267515517872	0.0659234669041
-a'e	0.234396400422	0.308576724699	0.0532372183553	0.403789656524
-teo	0.346153846154	0.5	0.0307692307692	0.123076923077
-are	0.11727644523	0.826193371125	0.00473716622716	0.051793017417
-e'e	0.234875157841	0.17919959093	0.0868912948352	0.499033956394
-ara	0.360509101614	0.428254851404	0.116749301025	0.0944867459567
-e'a	0.315642963237	0.535183307562	0.103773029009	0.0454007001916
-eri	0.0469954656991	0.934190420729	0.00992967105165	0.0088844425199
-ãha	0.237284039294	0.525048864876	0.12210149101	0.11556560482
-aro	0.213089849122	0.554510388039	0.0569394891642	0.175460273674
-ari	0.11668121701	0.706491243891	0.0228597084687	0.15396783063
-e'u	0.436339463589	0.391196243504	0.0704851746601	0.101979118247
-men	0.163059442958	0.729734354062	0.0579877587045	0.0492184442747
-gyr	0.372846558957	0.440953316076	0.103722217263	0.0824779077033
-e'y	0.398256687707	0.529606251879	0.0180342651037	0.0541027953111
-tym	0.617309406503	0.242455431182	0.0580263832723	0.0822087790434
-rai	0.185057471264	0.732183908046	0.051724137931	0.0310344827586
-tyk	0.573252590107	0.306362177149	0.0766087844739	0.0437764482708
-tói	0.227586206897	0.586206896552	0.144827586207	0.0413793103448
-moã	0.0	1.0	0.0	0.0
-tyr	0.29533871483	0.547707515007	0.099701979812	0.0572517903511
-báu	0.218181818182	0.781818181818	0.0	0.0
-inõ	0.1680155009	0.663846505457	0.0881725037199	0.0799654899232
-exo	0.229223949025	0.280208530588	0.0768814902086	0.413686030179
-u'ã	0.252560932533	0.439773931473	0.196043800777	0.111621335217
-exe	0.475160568034	0.354997505193	0.0841273095233	0.0857146172501
-xan	0.108846441148	0.694696403799	0.062746771956	0.133710383097
-ota	0.53488372093	0.418604651163	0.0	0.046511627907
-ã'a	0.439393939394	0.363636363636	0.106060606061	0.0909090909091
-tái	0.511811023622	0.322834645669	0.0236220472441	0.141732283464
-naẽ	0.428571428571	0.496894409938	0.0	0.0745341614907
-ráu	0.199082010728	0.705579826356	0.0665818724769	0.0287562904386
-iju	0.700680272109	0.299319727891	0.0	0.0
-uma	0.315789473684	0.593984962406	0.0	0.0902255639098
-upã	0.110759649187	0.543932130131	0.0115636652148	0.333744555467
-rái	0.391410685522	0.4038613283	0.0989861362643	0.105741849913
-oty	0.164087111337	0.111104463597	0.0722544515464	0.652553973519
-umo	0.0456802897051	0.9341438179	0.0161407139162	0.00403517847904
-umi	0.0	0.743902439024	0.109756097561	0.146341463415
-ako	0.0484698849977	0.934961990774	0.00584757325709	0.0107205509713
ALL	0.241654440287	0.291380312934	0.0543523130464	0.412612933733
-nai	0.0	1.0	0.0	0.0
-aki	0.382801664355	0.600554785021	0.0166435506241	0.0
-nam	0.318580230043	0.472438115886	0.11809647811	0.0908851759614
-sir	0.325284343345	0.575713820271	0.0406892364196	0.0583125999645
-ake	0.277803229844	0.217601759911	0.0452665293598	0.459328480885
-aka	0.241914748095	0.199901853274	0.0811330931448	0.477050305486
-nae	0.0295992714026	0.947176684882	0.0	0.0232240437158
-mũi	0.259004127754	0.522566281716	0.0711127782539	0.147316812276
-sin	0.165363016446	0.585439229844	0.168471720818	0.0807260328921
-aky	0.313117577414	0.453533990679	0.0906124590729	0.142735972834
-bói	0.128612025245	0.752161151352	0.0526034769922	0.0666233464108
-sia	0.276917282614	0.557600866249	0.0633209359259	0.102160915211
-mou	0.509693271537	0.336830705452	0.0390048210168	0.114471201994
-mor	0.144694533762	0.774919614148	0.0	0.08038585209
-dyr	0.320352007596	0.498876340823	0.0787443235191	0.102027328062
-rýi	0.619857216457	0.257967174505	0.0529918304262	0.0691837786119
-a'ĩ	0.2402095151	0.705175348453	0.0411695642359	0.0134455722104
-teĩ	0.178791012952	0.165365337492	0.0633831110969	0.592460538459
-mon	0.0	1.0	0.0	0.0
-ehẽ	0.0452240154253	0.0812023783073	0.0169463872631	0.856627219004
-u'u	0.547236239583	0.307007775161	0.0493181526099	0.0964378326457
-ymũ	0.686728395062	0.212191358025	0.0825617283951	0.0185185185185
-arĩ	0.306406685237	0.618384401114	0.033426183844	0.041782729805
-u'y	0.0684736091298	0.845934379458	0.0855920114123	0.0
-bek	0.541176470588	0.291349480969	0.077508650519	0.0899653979239
-u'e	0.343408093728	0.4915481167	0.0819508385988	0.0830929509724
-ixa	0.147447260557	0.730535298163	0.0472927364496	0.0747247048308
-beo	0.29203539823	0.277286135693	0.395280235988	0.0353982300885
-u'a	0.284536133107	0.474847976654	0.141258158816	0.0993577314218
-ixe	0.429208711915	0.183788329216	0.0381634775084	0.348839481361
-yai	0.319654351567	0.2976501291	0.270829804749	0.111865714584
-ixo	0.417828391916	0.124004395516	0.0234150968738	0.434752115695
-u'i	0.243935202728	0.496278209529	0.0836600875782	0.176126500165
-iso	0.268957663451	0.674772240086	0.0281350482315	0.0281350482315
-erã	0.0705289672543	0.425188916877	0.433753148615	0.0705289672543
-otã	0.0	1.0	0.0	0.0
-ren	0.0852782764812	0.614003590664	0.26368940754	0.0370287253142
-reo	0.13518696069	0.534036433365	0.319271332694	0.0115052732502
-ã'ã	0.137245790077	0.752221931187	0.0383047600048	0.0722275187316
-ise	0.0776367680461	0.849861320004	0.0322811253196	0.0402207866304
-rea	0.0	1.0	0.0	0.0
-a'y	0.183427424711	0.684855270035	0.0652040941533	0.0665132111015
-isa	0.0	0.992395437262	0.00760456273764	0.0
-upy	0.213927090155	0.668194717311	0.0654878847413	0.0523903077931
-ama	0.251763487491	0.6575636752	0.0631476746819	0.0275251626266
-a'ũ	0.150871702519	0.774314414371	0.0264780726447	0.0483358104655
-upe	0.24152542472	0.271823876366	0.0838315982955	0.402819100618
-k'y	0.0657216494846	0.897336769759	0.0292096219931	0.00773195876289
-umã	0.894366197183	0.105633802817	0.0	0.0
-upa	0.171368156898	0.205434471099	0.0380387244478	0.585158647555
-rer	0.253153420968	0.548546487573	0.0768762134916	0.121423877967
-sái	0.0101294316263	0.928531232414	0.0208216094541	0.0405177265053
-upi	0.153329316988	0.280315808969	0.0674142656627	0.49894060838
-jur	0.433492596951	0.490151814683	0.0241523301983	0.0522032581671
-jup	0.165391771759	0.51209427331	0.322513954931	0.0
-naã	0.245667909629	0.381662645317	0.186444395701	0.186225049353
-mar	0.112065264062	0.615714899098	0.0281236582224	0.244096178617
-mau	0.197802197802	0.714285714286	0.0	0.0879120879121
-ham	0.339877444284	0.486085632879	0.0614730104212	0.112563912416
-hap	0.445945945946	0.513513513514	0.0405405405405	0.0
-mak	0.290093719891	0.612682841377	0.0394149075939	0.0578085311378
-man	0.32660478097	0.346348377398	0.0805672385184	0.246479603114
-siã	0.257742257742	0.598401598402	0.137862137862	0.005994005994
-juk	0.430680012173	0.39960436885	0.156223582322	0.0134920366551
-ysã	0.24893768727	0.379716524269	0.307874921177	0.0634708672841
-ekã	0.403265306122	0.479183673469	0.0636734693878	0.0538775510204
-uni	0.59902200489	0.283618581907	0.0440097799511	0.0733496332518
-una	0.575	0.3125	0.075	0.0375
-ija	0.231830142455	0.230408613858	0.474246136164	0.063515107522
-ĩha	0.247716751164	0.609985801694	0.090887320379	0.0514101267633
-unu	0.0	0.974193548387	0.0	0.0258064516129
-666	0.518518518519	0.462962962963	0.0	0.0185185185185
-asã	0.21746954858	0.642236071909	0.0925571615298	0.047737217981
-gai	0.283519677333	0.161303716006	0.533823660251	0.02135294641
-gau	0.0	1.0	0.0	0.0
-gar	0.342664597006	0.513279951835	0.0991258757488	0.0449295754102
-war	0.262879395243	0.570366540513	0.0747926513001	0.0919614129443
-nor	0.579710144927	0.333333333333	0.0869565217391	0.0
-ini	0.168924269579	0.780310924019	0.0402617430084	0.0105030633935
-ywa	0.144331857077	0.672428490785	0.0652136149369	0.118026037201
-ino	0.631166797181	0.321848081441	0.0	0.0469851213782
-ina	0.061135371179	0.921397379913	0.0	0.0174672489083
-uwa	0.273847565686	0.459092879066	0.0609285501201	0.206131005128
-erõ	0.0	1.0	0.0	0.0
-800	0.0	0.633333333333	0.0333333333333	0.333333333333
-oha	0.250181489621	0.568861678274	0.075761568897	0.105195263209
-ywy	0.170841594143	0.477804245047	0.0397194516592	0.311634709151
-oho	0.686590358742	0.0602173353586	0.00595017713856	0.24724212876
-ser	0.208096443287	0.739035811662	0.0269962953454	0.0258714497059
-aor	0.575079872204	0.361022364217	0.0638977635782	0.0
-dói	0.205825242718	0.390291262136	0.403883495146	0.0
-kur	0.247803600896	0.655398117504	0.01935965632	0.07743862528
-ẽ'y	0.555492838764	0.263575208038	0.00952273437884	0.171409218819
-iam	0.361987132159	0.397320957705	0.0379706781985	0.202721231938
-ian	0.0800592677564	0.844597393493	0.0170474460695	0.0582958926808
-nem	0.276904262753	0.528825995807	0.128232005591	0.0660377358491
-ẽ'a	0.136164156091	0.79954928241	0.0642865614992	0.0
-nea	0.695652173913	0.152173913043	0.0	0.152173913044
-eka	0.466275410394	0.325338096453	0.0739984689972	0.134388024156
-jot	0.298136645963	0.254658385093	0.0	0.447204968944
-hok	0.204127818199	0.658771104254	0.0260312859379	0.11106979161
-eki	0.0	1.0	0.0	0.0
-eko	0.261486868757	0.503960319071	0.055021226792	0.17953158538
-wyr	0.505975980581	0.226782837443	0.0542990770113	0.212942104964
-hom	0.244335844881	0.548171663418	0.111847304916	0.0956451867854
-jon	0.010101010101	0.989898989899	0.0	0.0
-tãi	0.0654199572366	0.497350005023	0.111149112443	0.326080925298
-wyk	0.5322671156	0.351290684624	0.0827721661055	0.03367003367
-eku	0.0774193548386	0.4	0.522580645161	0.0
-túi	0.535162935542	0.257535527541	0.109896237705	0.097405299212
-joa	0.0	1.0	0.0	0.0
-ase	0.0630909749326	0.814267895224	0.0482839093872	0.0743572204563
-sáu	0.161383528674	0.771680972861	0.0227803280271	0.0441551704378
-asa	0.385517558514	0.38925038938	0.0595006434767	0.165731408629
-'in	0.130434782609	0.869565217391	0.0	0.0
-aso	0.383720930233	0.348837209302	0.127906976744	0.139534883721
-mby	0.318628505846	0.433756545442	0.196686034	0.050928914712
-asi	0.22	0.691176470588	0.08	0.00882352941176
-noe	0.179075425791	0.753771289538	0.043795620438	0.0233576642336
-mba	0.349658510532	0.4859704052	0.0957270754748	0.0686440087935
-asu	0.136850705378	0.702927929585	0.0543759996695	0.105845365368
-mbe	0.249312687709	0.633862009035	0.0610018243631	0.0558234788928
-mbi	0.233445960082	0.650785597724	0.0298391146073	0.0859293275869
-mbo	0.304432909422	0.532054343096	0.0843950830561	0.0791176644257
-kýi	0.530035750296	0.256665014433	0.0180694005783	0.195229834692
-ũjã	0.072073808997	0.510547061155	0.0263029755134	0.391076154335
-rat	0.184190365479	0.72997570011	0.0484807316577	0.0373532027535
-inã	0.0215053763441	0.978494623656	0.0	0.0
-rar	0.453348848003	0.400037170515	0.093582375003	0.0530316064785
-eru	0.0	1.0	0.0	0.0
-uri	0.0	1.0	0.0	0.0
-kir	0.581800099453	0.209348582795	0.0	0.208851317752
-ran	0.191514781066	0.62782467303	0.117966889193	0.0626936567121
-rao	0.161030208208	0.678782043567	0.13491394873	0.0252737994945
-béu	0.260056127222	0.689429373246	0.0	0.0505144995323
-iwe	0.166236259331	0.527327345334	0.0805705876359	0.225865807699
-ero	0.0430296301892	0.883780090851	0.0525253487402	0.0206649302191
-era	0.370431324325	0.410193631754	0.118211501815	0.101163542106
-ere	0.313448611869	0.537647713478	0.0660005304926	0.0829031441604
-hda	0.134615384615	0.653846153846	0.211538461538	0.0
-aho	0.514092859912	0.203630134342	0.04544524982	0.236831755927
-awĩ	0.172945499049	0.684591869301	0.110299606205	0.032163025445
-'um	0.277924362357	0.401055408971	0.014072119613	0.306948109059
-uxĩ	0.290834387483	0.422384900599	0.177759060405	0.109021651514
-por	0.390038189219	0.454493046875	0.0604412861573	0.0950274777488
-pot	0.0744680851063	0.448936170213	0.402127659575	0.0744680851063
-pok	0.617120812781	0.289751002183	0.0326845018202	0.0604436832159
-pon	0.385542168675	0.542168674699	0.0	0.0722891566265
-ẽha	0.138634879093	0.417534045614	0.0436489201697	0.400182155123
-ẽ'ã	0.359619051067	0.488247768999	0.0941540853008	0.0579790946327
-neã	0.14704595186	0.797811816192	0.036761487965	0.0183807439825
-500	0.077457795432	0.714995034757	0.0	0.207547169811
-iko	0.210317119899	0.622630179291	0.102999628263	0.0640530725458
-ujy	0.428618529509	0.349300551081	0.0687673684707	0.15331355094
-ywĩ	0.257376299979	0.370670917258	0.0819279257187	0.290024857044
-ixã	0.307438923964	0.562860279989	0.100878396926	0.0288223991216
-iki	0.53554515704	0.0982502293339	0.0272544572158	0.33895015641
-uja	0.280471395199	0.18017326606	0.0558921197169	0.483463219024
-oup	0.436907962991	0.321602335787	0.00570897638823	0.235780724834
-ewã	0.251854529368	0.307293493097	0.0555144936528	0.385337483883
-nom	0.459081836327	0.528942115768	0.0119760479042	0.0
-ohĩ	0.366429605	0.235122071365	0.0584033742803	0.340044949355
-ihẽ	0.0747551443144	0.0633308729796	0.00772880182759	0.854185180878
-pyp	0.696443172527	0.110384300899	0.153311529027	0.039860997547
-myp	0.165242165242	0.316951566952	0.0719373219373	0.445868945869
-pyr	0.172732310054	0.398966047717	0.0635491798664	0.364752462363
-ypy	0.347602455616	0.405176704828	0.207400033184	0.0398208063713
-boa	0.0454545454545	0.954545454545	0.0	0.0
-aha	0.305245468537	0.434588767439	0.0889585995079	0.171207164516
-ypu	0.204451772465	0.523495465787	0.168178070899	0.103874690849
-ahy	0.254910012356	0.415186319614	0.211162639867	0.118741028163
-ypo	0.372335151215	0.555280118989	0.0723847297967	0.0
-bor	0.479756146682	0.307157534745	0.0427001792642	0.170386139309
-pyk	0.516709648524	0.205787551614	0.0606426236174	0.216860176244
-dok	0.49423191802	0.294618367985	0.160362975206	0.0507867387889
-ahu	0.313278523348	0.395089777537	0.217274834316	0.0743568647998
-sar	0.304767309875	0.577752553916	0.0595913734392	0.0578887627696
-itu	0.231519139482	0.37243380398	0.30033143537	0.0957156211682
-sau	0.219683655536	0.289982425308	0.311072056239	0.179261862917
-xói	0.267170635041	0.337502151742	0.065335513119	0.329991700097
-ter	0.315584960484	0.423714211704	0.0466369559514	0.214063871862
-tok	0.0576887745728	0.846775675179	0.0881866617674	0.00734888848062
-yka	0.238373120384	0.661149599158	0.0419133798486	0.0585639006103
-sak	0.573236624533	0.219365482564	0.0450909698242	0.162306923079
-sai	0.118719851449	0.767318153744	0.0393655995978	0.074596395209
-etẽ	0.4	0.352941176471	0.220588235294	0.0264705882353
-ohũ	0.402298850575	0.459770114943	0.0459770114943	0.0919540229885
-ypa	0.0929499441786	0.799917666195	0.0408536762715	0.0662787133553
-hái	0.42145800726	0.406375486951	0.155369773517	0.016796732272
-y'ỹ	0.336161725432	0.436834454548	0.11662891721	0.110374902809
-roe	0.191975095123	0.664475959876	0.0207540643376	0.122794880664
-roa	0.267073170732	0.675609756098	0.0219512195122	0.0353658536586
-ime	0.284923928077	0.528354080221	0.116182572614	0.0705394190871
-ron	0.325652395144	0.465726539216	0.0712364614379	0.137384604201
-atĩ	0.0	1.0	0.0	0.0
-roi	0.0	0.969230769231	0.0	0.0307692307692
-rok	0.283851429471	0.531407986357	0.0679514823239	0.116789101848
-eju	0.151099163247	0.747575786492	0.0587799797968	0.0425450704642
-ipi	0.293157887784	0.601416247209	0.0416154730292	0.0638103919781
-ikã	0.308483290488	0.634849670281	0.056667039231	0.0
-ipo	0.200736982996	0.634086289803	0.0213493729035	0.143827354297
-mpo	0.170262542241	0.663374057707	0.103977125032	0.0623862750195
-húi	0.0697346740864	0.807318697817	0.0402073796534	0.082739248443
-ekũ	0.436090225564	0.473684210526	0.0451127819549	0.0451127819549
-ipa	0.157303370786	0.724719101124	0.104494382022	0.0134831460674
-ipe	0.209061170897	0.124187900659	0.0207798356277	0.645971092817
-ewe	0.338841093272	0.372176674552	0.139203333733	0.149778898442
-ipy	0.31237455753	0.561507864103	0.0316023793015	0.0945151990657
-ewa	0.278323510151	0.479371316307	0.210870988867	0.0314341846759
-ewo	0.186813186813	0.626373626374	0.131868131868	0.054945054945
-ewi	0.0844901724872	0.791849881574	0.0521184588906	0.0715414870486
-mai	0.328465659201	0.368764026296	0.043581142757	0.259189171745
-awi	0.087071379301	0.817426058309	0.0485209039934	0.0469816583966
-uxi	0.319771525962	0.561661503737	0.0925181662195	0.0260488040812
-ahã	0.176236635282	0.11683054505	0.0145483913903	0.692384428277
-awa	0.226477572909	0.249013121851	0.0345067099585	0.490002595281
-uxe	0.425176621708	0.262898736887	0.227574395204	0.0843502462001
-har	0.189678666667	0.270172417617	0.0786314483085	0.461517467407
-awe	0.320517069937	0.423931057342	0.187935034803	0.0676168379184
-awy	0.30217158295	0.517788186236	0.106112440718	0.073927790095
-ita	0.229700347206	0.517285850421	0.0498191227689	0.203194679604
-nge	0.407766990291	0.495352199959	0.0231357157612	0.0737450939889
-276	0.555555555556	0.15873015873	0.253968253968	0.031746031746
-yhẽ	0.577075281757	0.304899215478	0.0934947119946	0.0245307907709
-ykã	0.128306430372	0.550212589833	0.267524551304	0.0539564284909
-hói	0.300402324542	0.619132767099	0.0804649083594	0.0
-jun	0.119248545363	0.79450865801	0.01684959039	0.069393206237
-asĩ	0.0386241389044	0.346608316867	0.614767544229	0.0
-hyk	0.530838052016	0.218956311103	0.0520178824361	0.198187754445
-200	0.184652278178	0.41067146283	0.184352517986	0.220323741007
-mãi	0.0804462658775	0.73903536938	0.0176486150008	0.162869749742
-ngo	0.333333333333	0.333333333333	0.0	0.333333333333
-wái	0.259392147827	0.506609313808	0.104579587639	0.129418950726
-mue	0.573705179283	0.211155378486	0.0	0.215139442231
-oir	0.467130461458	0.32741136772	0.12984136027	0.0756168105526
-ehĩ	0.433101999742	0.251674677883	0.137832227849	0.177391094525
-góu	0.0558659217877	0.896648044693	0.0167597765363	0.0307262569832
-yta	0.446326684833	0.341487049077	0.0719895681884	0.140196697901
-jar	0.358516452056	0.399588536242	0.074737143908	0.167157867794
-ytu	0.303420366958	0.586542106124	0.0778742623286	0.0321632645895
-ryk	0.522739908818	0.288835761148	0.104247748249	0.0841765817859
-õha	0.326403670495	0.461775355739	0.112650971746	0.0991700020204
-ndy	0.201061771229	0.36224508675	0.364410856273	0.0722822857466
-'yn	0.144517560447	0.577929052265	0.213861785543	0.0636916017447
-'ym	0.319890630168	0.3831757845	0.217595173812	0.0793384115197
-osã	0.0	1.0	0.0	0.0
-ndu	0.38348864447	0.158382591173	0.029140237537	0.428988526819
-ndi	0.121055415173	0.70940823882	0.0834459657989	0.086090380208
-ten	0.266393442623	0.733606557377	0.0	0.0
-ndo	0.388735729081	0.363653478945	0.0655985189611	0.182012273013
-nda	0.262486007711	0.517482833721	0.0362498060572	0.183781352511
-o'ã	0.385005065856	0.554204660588	0.0	0.0607902735562
-nde	0.0879702068518	0.12595596061	0.0204464588366	0.765627373702
-'yr	0.134553039639	0.66166951717	0.0549746102908	0.1488028329
-'yp	0.252873563218	0.563218390805	0.137931034483	0.0459770114942
-120	0.358024691358	0.259259259259	0.135802469136	0.246913580247
-ehũ	0.167413861999	0.168885909847	0.603787107336	0.0599131208188
-gwa	0.167495854063	0.611940298507	0.12271973466	0.0978441127694
-'ãi	0.479933395393	0.305673191646	0.0626712643075	0.151722148654
-pen	0.39871137137	0.476502392427	0.069889965625	0.0548962705774
-'ap	0.335060865373	0.409425093407	0.177172471978	0.0783415692419
-xum	0.604584527221	0.292263610315	0.0687679083095	0.0343839541547
-153	0.769736842105	0.131578947368	0.0	0.0986842105263
-pep	0.295740561472	0.469506292352	0.125847047435	0.108906098742
-per	0.256237445633	0.547767840682	0.062745339984	0.133249373701
-orã	0.0	1.0	0.0	0.0
-hýi	0.273566803059	0.414019907847	0.244568721935	0.0678445671587
-syn	0.26511627907	0.609302325581	0.0279069767442	0.0976744186047
-ity	0.337313604111	0.55819631894	0.0750364982118	0.0294535787373
-ihĩ	0.37638010632	0.20564603874	0.0333571023362	0.384616752604
-ytã	0.207656926407	0.701028138528	0.0669642857143	0.0243506493506
-esu	0.0389167346711	0.535309687983	0.00404650157897	0.421727075767
-ito	0.0	1.0	0.0	0.0
-esi	0.0930930930931	0.801801801802	0.081081081081	0.024024024024
-iti	0.158469945355	0.743169398907	0.0983606557377	0.0
-esa	0.283562698489	0.498941391589	0.168896160139	0.0485997497835
-ite	0.255828777241	0.439115122379	0.0972452552946	0.207810845086
-aku	0.202628888332	0.580933123986	0.15254273068	0.0638952570017
-ese	0.234729994276	0.604495695712	0.0533991282522	0.107375181759
-jái	0.106598984771	0.846023688663	0.0152284263959	0.0321489001692
-apu	0.28168999313	0.55687234857	0.101788682688	0.0596489756108
-uwy	0.147700161617	0.704794215986	0.0726529163781	0.0748527060192
-o'o	0.252746498282	0.465323160427	0.125819584904	0.156110756387
-eji	0.141300550507	0.784640221233	0.0586141337325	0.0154450945276
-ndã	0.0221402214022	0.977859778598	0.0	0.0
-jai	0.237142857143	0.442857142857	0.245714285714	0.0742857142857
-hun	0.202437204675	0.43322556578	0.329520019896	0.0348172096494
-uti	0.184615384615	0.707692307692	0.0461538461538	0.0615384615384
-huk	0.626131313935	0.250793990325	0.0347229740041	0.0883517217363
-jyr	0.129577426053	0.654831479215	0.133716533051	0.0818745616809
-wok	0.370198513763	0.470188047308	0.0826849945924	0.0769284443359
-jyk	0.141843971631	0.602836879433	0.0	0.255319148936
-hut	0.0	1.0	0.0	0.0
-rãi	0.536627527723	0.314530332681	0.0776581865623	0.0711839530333
-'ep	0.226460250947	0.18916584718	0.0313919160834	0.55298198579
-sot	0.6	0.292307692308	0.0923076923077	0.0153846153846
-tuk	0.435898457859	0.282723733023	0.121835239292	0.159542569826
-rit	0.226193303253	0.639396817858	0.0284967941107	0.105913084778
-tun	0.159744667654	0.615542193584	0.060638847731	0.164074291031
-sor	0.0	1.0	0.0	0.0
-tur	0.48319256356	0.414856237393	0.05518459398	0.0467666050678
-ori	0.11320754717	0.88679245283	0.0	0.0
-oro	0.280351048269	0.5831301804	0.0438810336421	0.092637737689
-sok	0.478894472362	0.391457286432	0.0713567839197	0.0582914572864
-kor	0.0	1.0	0.0	0.0
-ore	0.0609756097561	0.292682926829	0.390243902439	0.256097560976
-kái	0.430143666618	0.413317706098	0.0549415588533	0.101597068431
-néu	0.414141414141	0.505050505051	0.0707070707071	0.010101010101
-rur	0.590636750275	0.235818781267	0.0575967106651	0.115947757793
-r'ã	0.155167394469	0.837263464338	0.0	0.00756914119359
-ruk	0.306643902152	0.339083335786	0.135556798446	0.218715963616
-yha	0.30017148541	0.476118412668	0.123940858815	0.0997692431077
-omo	0.234375	0.584375	0.1359375	0.0453125
-oma	0.275586783959	0.482368252261	0.175520082137	0.0665248816421
-néi	0.0837004405286	0.909691629956	0.00660792951541	0.0
-ome	0.0950313555235	0.847563917028	0.03666184274	0.0207428847081
-i'ã	0.332518199507	0.545192829698	0.037953525327	0.0843354454688
-asõ	0.0	1.0	0.0	0.0
-ãtã	0.364210689103	0.377093665207	0.141754724848	0.116940920843
-moĩ	0.31774384658	0.382721760426	0.0868122193086	0.212722173685
-eho	0.547029976423	0.278645116853	0.0320983089347	0.142226597789
-uhu	0.197312337768	0.579466107296	0.140225855579	0.0829956993573
-met	0.284437925057	0.597412988398	0.00160021336178	0.116548873183
-ura	0.473076923077	0.353846153846	0.173076923077	0.0
-ehe	0.128348255812	0.07784363505	0.0204584675795	0.773349641558
-ure	0.124221844935	0.868986983588	0.00509337860781	0.00169779286927
-eha	0.196422537558	0.539915197841	0.101465224293	0.162197040308
-ury	0.325928258315	0.391537084304	0.159612275055	0.122922382326
-ehu	0.15793119372	0.499884553221	0.342184253059	0.0
-uru	0.260859888862	0.503039088527	0.11432532409	0.121775698521
-kym	0.211609951387	0.720617672291	0.0420360308836	0.0257363454389
-nxo	0.158827874908	0.602314700813	0.23885742428	0.0
-apa	0.26070307055	0.629662403972	0.0346523410887	0.0749821843896
-ngõ	0.0	0.907407407407	0.0925925925926	0.0
-pan	0.235134785134	0.61312994796	0.0784556749587	0.0732795919467
-wap	0.494079655544	0.233584499462	0.0818083961249	0.19052744887
-api	0.342952489964	0.447992068226	0.0829450740782	0.126110367731
-apo	0.318768710974	0.167980012263	0.04429879997	0.468952476793
-y'ã	0.0842867345367	0.826203245998	0.0344484743247	0.0550615451402
-ujã	0.422238703143	0.392071329399	0.0803548270825	0.105335140376
-byr	0.196610776892	0.475308087715	0.104455819638	0.223625315756
-rói	0.422651933702	0.494475138122	0.0165745856353	0.0662983425415
-wan	0.341040743647	0.378835955363	0.0937770957787	0.186346205211
-ãsã	0.0183847669074	0.935653315824	0.0459619172686	0.0
-apy	0.225854450851	0.60618667456	0.0902018375781	0.0777570370106
-pat	0.0550093392721	0.889981321456	0.0550093392722	0.0
-kwa	0.386546446703	0.282098428367	0.0659591254335	0.265395999497
-sen	0.11812588693	0.602247013534	0.0562504223474	0.223376677189
-nue	0.304347826087	0.640579710145	0.0115942028986	0.0434782608695
-kek	0.521527219548	0.383361742516	0.0493206008542	0.0457904370817
-ãxĩ	0.559970014992	0.329835082459	0.0562218890555	0.0539730134933
-ker	0.281752441915	0.348676761425	0.0871088029711	0.28246199369
-kúi	0.144423597455	0.746535271132	0.0256489995481	0.0833921318641
-omã	0.032574400955	0.944401807794	0.00511639805576	0.0179073931952
-sue	0.271593944791	0.654942119323	0.046749777382	0.026714158504
-i'a	0.216009206535	0.569326517518	0.143983881156	0.0706803947906
-dia	0.189428707074	0.663870865643	0.086564329799	0.0601360974837
-ãte	0.276069731535	0.353671155549	0.127331728051	0.242927384865
-i'i	0.317949266449	0.314870845786	0.140667818653	0.226512069112
-dio	0.407574391344	0.516681695221	0.0649233543733	0.0108205590622
-koĩ	0.113691210382	0.7515954309	0.0874135249638	0.0472998337534
-i'u	0.34698936229	0.509609891957	0.040088979042	0.103311766711
-pũi	0.221351142083	0.541037553233	0.155826558266	0.0817847464189
-i'y	0.253928306392	0.556706353047	0.0822766431129	0.107088697448
-uha	0.272452089581	0.410077456614	0.0830857648176	0.234384688987
-'ok	0.487368130377	0.282765243697	0.060202463327	0.1696641626
-iha	0.290216020834	0.538864702485	0.0926831518881	0.0782361247929
-wéi	0.145778445289	0.591687871938	0.218594067237	0.0439396155356
-ihe	0.199301115832	0.682365087559	0.0845808680459	0.0337529285629
-mae	0.118644067797	0.745762711864	0.0338983050847	0.101694915254
-uka	0.549417093438	0.311946318744	0.0777999642764	0.0608366235407
-ihu	0.175007963039	0.697643863535	0.071337736915	0.056010436511
-ikẽ	0.0	1.0	0.0	0.0
-uko	0.0725586200065	0.884847241287	0.0148584204792	0.0277357182277
-urõ	0.0	1.0	0.0	0.0
-tit	0.370128732814	0.408879936947	0.11231281198	0.108678518259
-ngu	0.125	0.875	0.0	0.0
-tir	0.0215231788079	0.932947019868	0.0149006622517	0.0306291390728
-y'y	0.211896756579	0.540410041206	0.0487145132341	0.19897868898
-ary	0.0	1.0	0.0	0.0
-nga	0.334928546991	0.450174904186	0.0744219497311	0.140474599091
-y'a	0.286340436995	0.35405035947	0.0926966163103	0.266912587225
-ãjã	0.127238813549	0.670447051814	0.136169694179	0.0661444404574
-ngi	0.156112466881	0.0894797723011	0.0448892006009	0.709518560217
-xik	0.0	1.0	0.0	0.0
-tio	0.411341515023	0.512484130343	0.0406263224714	0.0355480321625
-tik	0.240125240848	0.497350674374	0.226396917148	0.0361271676301
-eme	0.126743161863	0.4419171891	0.0824402472609	0.348899401775
-uwe	0.308074785776	0.504063933012	0.127496181549	0.0603650996627
-ema	0.235486127302	0.751107484262	0.00408020517603	0.0093261832595
-a'ẽ	0.247226307193	0.679824296068	0.0636503527597	0.00929904398
-emo	0.494505494505	0.313186813187	0.0274725274725	0.164835164835
-emi	0.182291666667	0.796875	0.0104166666667	0.0104166666667
-260	0.106796116505	0.568932038835	0.267961165049	0.0563106796116
-niã	0.0740740740741	0.925925925926	0.0	0.0
-gái	0.282194355063	0.584645183642	0.106704740508	0.0264557207872
-jan	0.382871098892	0.441543442035	0.0427601071188	0.132825351954
-kaõ	0.59842519685	0.244094488189	0.125984251968	0.0314960629921
-utẽ	0.0	1.0	0.0	0.0
-amĩ	0.252132701422	0.486255924171	0.102369668246	0.159241706161
-set	0.161428747839	0.748708528855	0.023771301556	0.0660914217502
-uku	0.297276494967	0.587665285179	0.0633510953226	0.0517071245313
-yrõ	0.506896551724	0.384482758621	0.0724137931034	0.0362068965517
-õ'y	0.0	0.990566037736	0.00943396226415	0.0
-raã	0.326805385557	0.540595675235	0.108119135047	0.0244798041616
-ani	0.265107042315	0.613774741942	0.0517207515876	0.0693974641556
-arẽ	0.147401558122	0.768266221331	0.025866409352	0.0584658111949
-e'ẽ	0.123740590109	0.0943023623718	0.019948463435	0.762008584084
-yrũ	0.364567823572	0.505672895462	0.0810995506035	0.048659730362
-irĩ	0.287308966083	0.287963748397	0.0	0.42472728552
-etu	0.114797248634	0.813360938731	0.0224173353967	0.0494244772385
-000	0.177868126049	0.2679308433	0.0237377778703	0.53046325278
-eta	0.127420932216	0.173145514708	0.0936468074475	0.605786745629
-ete	0.250329961648	0.576782970487	0.0649127732351	0.107974294629
-eti	0.0164744645799	0.98352553542	0.0	0.0
-eto	0.0	0.97619047619	0.0	0.0238095238095
-buk	0.103144908484	0.731823237941	0.123773890181	0.0412579633936
-atu	0.298097014224	0.150031937937	0.0845503250571	0.467320722782
-méi	0.0	1.0	0.0	0.0
-ẽja	0.268462645239	0.314156802619	0.113925276812	0.303455275331
-'am	0.462595986795	0.305729312518	0.049665913823	0.182008786864
-amõ	0.138525683974	0.161448477512	0.0503127289068	0.649713109607
-300	0.394295302013	0.429530201342	0.0503355704698	0.125838926174
-ate	0.340344615388	0.314015178587	0.0736039065192	0.272036299505
-méu	0.0203406326034	0.952798053528	0.0256934306569	0.00116788321168
-'ar	0.295671516319	0.264645279051	0.068044858468	0.371638346162
-wer	0.370631662346	0.379546738949	0.0767470348321	0.173074563873
-ato	0.341565948502	0.545454545455	0.0499211770888	0.0630583289543
-amã	0.265085020061	0.286067499073	0.127445801818	0.321401679048
-kũi	0.593102850706	0.349709730526	0.0259942812581	0.0311931375098
-kwã	0.110319423532	0.744380511938	0.0545816304582	0.0907184340718
-ati	0.141636590827	0.808793773826	0.00279086878477	0.0467787665628
-ose	0.0448904283301	0.912338657494	0.0166876681538	0.0260832460219
-'ak	0.137469157561	0.494536482199	0.33909058865	0.0289037715897
-osi	0.245714285714	0.754285714286	0.0	0.0
-emõ	0.297297297297	0.439189189189	0.0324324324324	0.231081081081
-nie	0.0510939342329	0.872265164418	0.0766409013494	0.0
-kar	0.568095600548	0.29278733445	0.0524813518039	0.0866357131983
-kap	0.425	0.51875	0.028125	0.028125
-nin	0.0232558139535	0.953488372093	0.0232558139535	0.0
-nio	0.50612244898	0.477551020408	0.0163265306122	0.0
-nim	0.402725428438	0.37678056737	0.0624282952402	0.158065708952
-yru	0.150706398922	0.764012171849	0.0492470225122	0.0360344067161
-aja	0.131827016991	0.0368156001167	0.00921436621262	0.82214301668
-ajy	0.582278481013	0.151898734177	0.139240506329	0.126582278481
-ohu	0.212489866634	0.507567548873	0.110342952109	0.169599632385
-yre	0.170454545454	0.821022727273	0.00852272727273	0.0
-yra	0.297787962849	0.477456294108	0.0544331583808	0.170322584662
-wen	0.174640534288	0.639885595567	0.0703440477446	0.115129822401
-ũha	0.30187283777	0.394648617876	0.245673107334	0.0578054370198
-dom	0.148648648649	0.824324324324	0.027027027027	0.0
-ata	0.32477937172	0.499905734664	0.102737367677	0.0725775259382
-oje	0.353925353925	0.386529386529	0.23595023595	0.023595023595
-amy	0.515751575158	0.327632763276	0.043204320432	0.113411341134
-pái	0.0943665338674	0.801534811505	0.0204107232594	0.0836879313686
-jiã	0.123456790123	0.592592592593	0.259259259259	0.0246913580247
-ami	0.189792879383	0.777717612021	0.0324895085962	0.0
-atã	0.0	1.0	0.0	0.0
-amo	0.0232558139535	0.662790697674	0.0697674418605	0.244186046512
-kwe	0.351151495591	0.447833918104	0.0809274432842	0.120087143021
-anĩ	0.196413607485	0.104076465848	0.0399710287152	0.659538897952
-ame	0.279021347595	0.302578668992	0.103859982999	0.314540000415
-páu	0.175541327817	0.700603566003	0.0312418444191	0.0926132617609
-usi	0.306748466258	0.638036809816	0.0	0.0552147239264
-iro	0.176094825751	0.614450990134	0.140038327773	0.0694158563418
-iri	0.116921581633	0.812087500739	0.0422924615657	0.0286984560625
-ire	0.33857442348	0.535639412998	0.0911949685535	0.0345911949685
-ira	0.0770909364536	0.825839948832	0.0395048722676	0.057564242447
-use	0.179761415055	0.757507198684	0.024064171123	0.0386672151378
-peĩ	0.381877420545	0.46689617016	0.078994282904	0.0722321263908
-iry	0.814814814815	0.148148148148	0.037037037037	0.0
-ĩhu	0.018018018018	0.972972972973	0.00900900900901	0.0
-eir	0.341144559562	0.50820401085	0.137578371648	0.0130730579395
-uhã	0.35259408451	0.432442635621	0.1449235785	0.0700397013685
-usu	0.171796750038	0.697863313342	0.0558502650238	0.0744896715968
-epe	0.220588235294	0.529411764706	0.220588235294	0.0294117647059
-onã	0.0	1.0	0.0	0.0
-epa	0.0720720720721	0.864864864865	0.0	0.0630630630631
-ngã	0.186795174325	0.370407292627	0.0448784167854	0.397919116263
-déi	0.104599174144	0.798632213068	0.0354633899196	0.0613052228681
-epi	0.210526315789	0.532894736842	0.217105263158	0.0394736842105
-déu	0.180092300262	0.561607844026	0.0684664700937	0.189833385619
-anã	0.185837717816	0.591736255249	0.181493459478	0.0409325674567
-byk	0.217316605402	0.5499840179	0.0894997602684	0.14319961643
-wak	0.387727971845	0.422002881494	0.0935323167913	0.0967368298702
-epy	0.422578032382	0.355028332056	0.110961639991	0.111431995571
-pia	0.466516787703	0.447745392167	0.0218999614597	0.0638378586704
-jop	0.168795279707	0.703861378744	0.0717006497871	0.0556426917619
-xir	0.078947368421	0.921052631579	0.0	0.0
-kõi	0.204390265084	0.159740528904	0.0668884120819	0.56898079393
-réi	0.068332070148	0.867320521383	0.0331304732818	0.0312169351873
-pir	0.339243220517	0.396249737229	0.0723985705277	0.192108471726
-réu	0.793103448276	0.172413793103	0.0344827586207	0.0
-xia	0.138219514413	0.587614804037	0.20050922979	0.0736564517596
-jaĩ	0.475177304965	0.496453900709	0.0	0.0283687943262
-téu	0.0776266236262	0.909307509031	0.00384290215971	0.0092229651833
-'en	0.469230769231	0.3	0.0230769230769	0.207692307692
-'em	0.506506506507	0.355355355355	0.0780780780781	0.06006006006
-enõ	0.41579778831	0.407266982622	0.088467614534	0.0884676145339
-u'ẽ	0.248005347105	0.2284959527	0.377829231905	0.145669468291
-káu	0.810344827586	0.155172413793	0.0	0.0344827586207
-axi	0.479508196721	0.360655737705	0.0860655737705	0.0737704918033
-axo	0.279122096678	0.265636758245	0.0522557223642	0.402985422712
-axa	0.0	1.0	0.0	0.0
-téi	0.0868167202572	0.87459807074	0.0128617363344	0.0257234726688
-axe	0.357604331575	0.475943201776	0.108462575042	0.0579898916067
-kyr	0.211673663913	0.629122213519	0.110364610864	0.0488395117041
-usã	0.15	0.82	0.03	0.0
-uhũ	0.0212509948707	0.0695547395016	0.0329971517405	0.876197113887
-owe	0.461746784022	0.152335815843	0.0	0.385917400135
-irã	0.125286208636	0.54225923704	0.253028154834	0.0794263994902
-owy	0.0914502164502	0.813852813853	0.0405844155844	0.0541125541125
-joe	0.301722574796	0.233907524932	0.259292837715	0.205077062557
-ote	0.907894736842	0.0921052631579	0.0	0.0
-one	0.311138797709	0.561731796727	0.0488774947888	0.0782519107747
-anu	0.0	1.0	0.0	0.0
-ije	0.466321243523	0.339378238342	0.038860103627	0.155440414508
-oni	0.0831660453112	0.819328936048	0.0458847146545	0.0516203039862
-450	0.0697674418604	0.744186046512	0.046511627907	0.139534883721
-ana	0.135874191352	0.729730592441	0.0653302689819	0.0690649472251
-ãkã	0.233619666493	0.573346791961	0.0535653033572	0.13946823819
-ane	0.0394088669951	0.847290640394	0.113300492611	0.0
-ang	0.0275862068965	0.634482758621	0.317241379311	0.0206896551724
-ãpũ	0.369334079463	0.357582540571	0.219362059317	0.0537213206491
-ank	0.177977695784	0.223373823639	0.043903652419	0.554744828158
-par	0.182846274661	0.667513426795	0.0966089035236	0.0530313950201
-tam	0.161538039603	0.711206187263	0.0669189841479	0.0603367889858
-kaĩ	0.197080291971	0.594890510949	0.0437956204379	0.164233576642
-hwa	0.118521633067	0.636056122488	0.146253323939	0.0991689205057
-tak	0.381698030855	0.432165731557	0.0832059841186	0.10293025347
-dar	0.356547637908	0.484240558888	0.11013297984	0.0490788233639
-isi	0.431230140717	0.452766429616	0.0453926463913	0.0706107832754
-tar	0.379434862158	0.302693805396	0.0782056210933	0.239665711353
-mbu	0.366812227074	0.593886462882	0.0196506550218	0.0196506550218
-nái	0.288739172281	0.653512993263	0.0115495668912	0.0461982675649
-hãi	0.414342925981	0.520989787018	0.0335143664373	0.0311529205637
-'ái	0.0304568527919	0.847715736041	0.0	0.121827411168
