-ِپر	0.0344827586207	0.931034482759	0.0	0.0344827586207
-ढाल	0.16067146283	0.748201438849	0.052757793765	0.0383693045563
-مّن	0.0238095238095	0.928571428571	0.047619047619	0.0
-لمک	0.0	1.0	0.0	0.0
-वसी	0.115432873275	0.395232120452	0.425345043915	0.0639899623588
-ِپا	0.521428571429	0.204761904762	0.154761904762	0.119047619048
-مّل	0.326752221125	0.471865745311	0.153998025666	0.0473840078974
-لبہ	0.494550040537	0.331816953428	0.0952616881362	0.0783713178993
-आओं	0.109446726262	0.86590964001	0.00289925102682	0.0217443827011
-हमी	0.370311252993	0.137536578877	0.271348762969	0.220803405161
-میہ	0.0345821325648	0.958501440922	0.00691642651297	0.0
-हमे	0.324503311258	0.139072847682	0.417218543046	0.119205298013
-चला	0.74816636343	0.0530435840093	0.0119873398529	0.186802712708
-चास	0.0	0.278225806451	0.0	0.721774193549
-ِپٹ	0.598039215686	0.343137254902	0.0196078431372	0.0392156862745
-चाल	0.533333333333	0.433333333333	0.0333333333334	0.0
-चार	0.140091735987	0.0798414055819	0.019124621006	0.760942237425
-चाप	0.266666666667	0.0888888888889	0.622222222222	0.0222222222222
-चान	0.799769676031	0.0233354547383	0.027275206837	0.149619662393
-हमत	0.279989881103	0.59630660258	0.0609663546674	0.0627371616494
-مّا	0.308648111332	0.537276341948	0.15407554672	0.0
-حیں	0.0631255388537	0.86482737939	0.0581024852869	0.0139445964689
-مّت	0.091752069648	0.854822674608	0.0393024055302	0.0141228502142
-चाओ	0.321167883212	0.547445255474	0.109489051095	0.021897810219
-चाए	0.729174738474	0.122045718714	0.0860131731887	0.0627663696241
-ِپن	0.0555555555556	0.0	0.0185185185185	0.925925925926
-चाई	0.0461148444731	0.888656392097	0.0465574825963	0.0186712808338
-مّہ	0.664383561644	0.109589041096	0.123287671233	0.102739726027
-لما	0.00229597161344	0.9549154665	0.0422667501565	0.000521811730328
-مّی	0.0	0.0478260869565	0.886956521739	0.0652173913044
-मतो	0.489795918367	0.448979591837	0.0	0.0612244897959
-مّے	0.146800501882	0.104140526976	0.65495608532	0.0941028858219
-حیم	0.169934640523	0.254901960784	0.503267973856	0.0718954248366
-मती	0.0437346762971	0.822874560997	0.113511364389	0.0198793983169
-मते	0.582278481013	0.291139240506	0.0506329113924	0.0759493670886
-کفن	0.227357901312	0.75921299188	0.0124921923798	0.000936914428482
-َضب	0.16814159292	0.70796460177	0.106194690265	0.0176991150442
-ायत	0.313409547528	0.221081473424	0.0869843251507	0.378524653898
-ायद	0.286661753869	0.0707442888725	0.0132645541636	0.629329403095
-ाया	0.761383447186	0.122962343112	0.0295642614509	0.086089948251
-ेबस	0.217391304348	0.0434782608696	0.739130434783	0.0
-لبا	0.469387755102	0.489795918367	0.0408163265306	0.0
-َضل	0.0661157024793	0.619834710744	0.0661157024793	0.247933884297
-کفر	0.211956936703	0.450790257311	0.217225318775	0.120027487211
-ااس	0.509259259259	0.293981481481	0.0347222222222	0.162037037037
-मता	0.49073453896	0.33735208752	0.101585175262	0.0703281982585
-لمو	0.0745341614907	0.925465838509	0.0	0.0
-मतर	0.0615384615385	0.0	0.692307692308	0.246153846154
-لمِ	0.16029143898	0.792349726776	0.0200364298725	0.0273224043716
-حیا	0.225352112676	0.452716297787	0.273641851107	0.0482897384306
-حیت	0.320185346076	0.453634520707	0.122212568781	0.103967564437
-حیح	0.200699692447	0.197478167949	0.274168358686	0.327653780919
-ागर	0.0328477577835	0.945729791488	0.0214224507284	0.0
-کتا	0.166009266427	0.119015907845	0.210772627539	0.504202198188
-ِنڈ	0.933884297521	0.0	0.0661157024794	0.0
-وزِ	0.24115942029	0.380869565217	0.182028985507	0.195942028986
-ाग़	0.0323234559011	0.822681786108	0.114626036893	0.030368721098
-وزو	0.274576271187	0.491525423729	0.233898305085	0.0
-کتر	0.0675427872861	0.910452322738	0.0183374083129	0.00366748166259
-میق	0.0878378378378	0.182432432432	0.547297297297	0.182432432432
-مین	0.0137577516585	0.85820562808	0.0136234569026	0.114413163359
-میل	0.450517505487	0.408897763605	0.0667142647497	0.0738704661589
-اڑو	0.839198962009	0.0258136080559	0.12522930247	0.00975812746522
-قِع	0.558914934111	0.201859837626	0.0339685369438	0.20525669132
-میٹ	0.557097541634	0.319984139572	0.0753370340999	0.0475812846947
-قِص	0.127659574468	0.387537993921	0.413373860182	0.0714285714286
-ہلک	0.0968013468013	0.421997755331	0.476992143659	0.00420875420875
-ैमा	0.0511111111111	0.935555555556	0.00444444444443	0.00888888888887
-ُتا	0.0099173553719	0.980165289256	0.00991735537189	0.0
-یسو	0.421411129675	0.196889859915	0.208199460224	0.173499550186
-کت؟	0.0754716981132	0.764150943396	0.0849056603774	0.0754716981132
-ِنی	0.147593582888	0.435294117647	0.333689839572	0.0834224598931
-یسر	0.271803556308	0.518204911092	0.154106689246	0.0558848433531
-ہلی	0.106545275591	0.0413385826771	0.698244750656	0.153871391076
-قچے	0.165764546685	0.502706359946	0.0710419485792	0.26048714479
-قچی	0.071111111111	0.902222222222	0.0	0.0266666666667
-ہلے	0.0637754084919	0.0659116951438	0.220736137684	0.649576758681
-یسا	0.162580947003	0.150179498663	0.0305230242377	0.656716530096
-یست	0.6	0.273529411765	0.0482352941177	0.0782352941176
-ُتو	0.523809523809	0.295238095238	0.171428571429	0.00952380952379
-قچہ	0.121212121212	0.818181818182	0.030303030303	0.030303030303
-ِنے	0.712962962963	0.212962962963	0.0277777777777	0.0462962962963
-ोनी	0.40504050405	0.262826282628	0.048604860486	0.283528352835
-ोने	0.41301121624	0.300800786278	0.096270544769	0.189917452714
-میز	0.088734663527	0.843722890073	0.0492006444417	0.0183418019581
-میس	0.0973630831643	0.825557809331	0.050709939148	0.026369168357
-میر	0.328377799721	0.468468675081	0.181100400529	0.0220531246692
-میص	0.0961795351322	0.865348650815	0.0384718140529	0.0
-میت	0.120438826616	0.136527416995	0.0679381981552	0.675095558234
-ागू	0.635346756152	0.217002237136	0.120805369127	0.0268456375839
-سجا	0.54131962249	0.190930886816	0.232825644082	0.0349238466122
-مید	0.290867103569	0.659623781201	0.0138389965255	0.0356701187041
-ागे	0.255319148936	0.659574468085	0.0	0.0851063829787
-शें	0.296366809456	0.610344280501	0.0418848167539	0.051404093289
-میا	0.0848	0.7856	0.0576	0.072
-وزا	0.125523012552	0.635983263598	0.213389121339	0.0251046025105
-اڑے	0.475476177629	0.298246371338	0.163600064749	0.0626773862839
-وزے	0.493472584856	0.432114882507	0.0469973890339	0.0274151436031
-می۔	0.29054054054	0.324324324324	0.101351351351	0.283783783784
-وزی	0.31159810204	0.437753754341	0.0308173947072	0.219830748912
-سجی	0.741237882178	0.111856823266	0.120059656972	0.0268456375839
-اڑی	0.0535391930117	0.889977756395	0.0312119840016	0.0252710665922
-یسے	0.115267119684	0.139767452282	0.0932256355375	0.651739792496
-ہلا	0.328517471097	0.118858547702	0.463522284766	0.0891016964348
-ِند	0.0330434276739	0.0293783996044	0.0157945257279	0.921783646994
-ठते	0.566777408638	0.221926910299	0.0677740863788	0.143521594684
-یس۔	0.0618556701031	0.20618556701	0.0	0.731958762887
-ِنا	0.48221704438	0.477721847317	0.0138482843514	0.026212823951
-ہلت	0.29900977283	0.602327069805	0.0412774433873	0.0573857139775
-िंग	0.457684278144	0.35121246186	0.0915368556287	0.0995664043681
-یسہ	0.146812620734	0.800386349002	0.0450740502254	0.00772698003864
-یسی	0.0926572839161	0.423546350249	0.077950657148	0.405845708687
-ُتے	0.0174672489083	0.941048034935	0.0262008733624	0.0152838427948
-ہلل	0.0	1.0	0.0	0.0
-ہلو	0.148314606742	0.720898876405	0.00943820224719	0.121348314607
-ल्द	0.0486206896552	0.0320689655172	0.0475862068966	0.871724137931
-ہلِ	0.290180088345	0.54672103296	0.0407747196738	0.122324159021
-ल्म	0.396987102068	0.528888970839	0.0389058423299	0.0352180847631
-میں	0.00411254929954	0.0082373288766	0.00137118042184	0.986278941402
-ौसम	0.0614289314516	0.84765625	0.0442288306452	0.0466859879032
-ھے۔	0.735986763581	0.0426894450023	0.0124888803614	0.208834911055
-کتہ	0.0976491862567	0.538878842676	0.320072332731	0.0433996383364
-ल्क	0.129096094523	0.800283258638	0.0211473914984	0.0494732553402
-کتی	0.293053227446	0.211413411408	0.111522329447	0.384011031699
-کتے	0.304870183782	0.126077636392	0.149875092076	0.41917708775
-ाऊद	0.0191719355497	0.96859065878	0.001223740567	0.011013665103
-ीके	0.0317764498877	0.926830543022	0.0388843399941	0.00250866709639
-یٹو	0.0871217783092	0.83664666567	0.0653413337319	0.0108902222886
-झाओ	0.723595505618	0.213483146067	0.0629213483146	0.0
-ाऊन	0.00334448160535	0.99202469771	0.000514535631593	0.00411628505274
-کرا	0.526286915202	0.192022349575	0.134451937441	0.147238797782
-ाऊल	0.0404017347637	0.949783154531	0.000456516776993	0.00935859392832
-کرب	0.488636363636	0.340909090909	0.0681818181818	0.102272727273
-فگے	0.064465408805	0.926100628931	0.0	0.00943396226416
-ाऊँ	0.609443649428	0.184198099328	0.107521016907	0.0988372343372
-ّاہ	0.0696502097203	0.903798052873	0.00115442336553	0.0253973140416
-थीं	0.832933728607	0.0563383608726	0.0145275018602	0.0962004086598
-ٹکل	0.860294117647	0.139705882353	0.0	0.0
-فگی	0.10780669145	0.524163568773	0.323420074349	0.0446096654275
-़ंज	0.0	0.924050632911	0.0253164556962	0.0506329113923
-़ंग	0.147435897436	0.801282051282	0.025641025641	0.025641025641
-رثے	0.312594932864	0.330153715293	0.16586669907	0.191384652774
-ووٹ	0.48275862069	0.51724137931	0.0	0.0
-मइन	0.642857142857	0.316326530612	0.0408163265306	0.0
-ٹکا	0.486155601387	0.381543727237	0.0674667602791	0.0648339110975
-رثہ	0.438356164384	0.506849315069	0.027397260274	0.027397260274
-کرِ	0.204545454545	0.659090909091	0.0681818181818	0.0681818181818
-ٹے۔	0.543147208122	0.432487309645	0.0121827411167	0.0121827411167
-ئنہ	0.745173745174	0.235521235521	0.007722007722	0.011583011583
-یٹا	0.0526635189682	0.931707800035	0.00435218647277	0.0112764945245
-کرم	0.209213716661	0.508313127814	0.0439903013509	0.238482854174
-کرن	0.44	0.1	0.22	0.24
-ीक़	0.41135576415	0.429569931051	0.045775957104	0.113298347695
-ीका	0.595041322314	0.256198347107	0.0826446280992	0.0661157024793
-ीकि	0.314662273476	0.163097199341	0.0527182866557	0.469522240527
-کرو	0.442947210215	0.0921306637822	0.0124485027148	0.452473623288
-گچھ	0.6	0.244102564102	0.0461538461539	0.109743589744
-ئند	0.20979020979	0.632867132867	0.0	0.157342657343
-لمی	0.428571428571	0.380952380952	0.190476190476	0.0
-گِر	0.772651240591	0.0595204906607	0.00473933649289	0.163088932255
-گِز	0.108828702075	0.200773830461	0.0349630671826	0.655434400281
-گِس	0.0153846153846	0.953846153846	0.0307692307692	0.0
-ووں	0.333333333333	0.549019607843	0.078431372549	0.0392156862745
-یٹے	0.0133199923481	0.968683847777	0.0050304226421	0.0129657372324
-लनी	0.668596237337	0.244573082489	0.0	0.0868306801736
-लने	0.663098827202	0.172993497522	0.0402738720355	0.123633803241
-ّاق	0.354596622889	0.251407129456	0.388367729831	0.00562851782364
-ّاف	0.0128755364807	0.304721030043	0.682403433476	0.0
-ّان	0.075	0.86	0.05	0.015
-ٹکے	0.326694274634	0.515940314205	0.104515874581	0.0528495365805
-ٹکی	0.375161390665	0.143526902705	0.079976265452	0.401335441177
-فگن	0.940369707812	0.0477042337508	0.0119260584377	0.0
-ّات	0.0	1.0	0.0	0.0
-तूँ	0.33064516129	0.0725806451613	0.0645161290322	0.532258064516
-ےان	0.429950277859	0.314126937701	0.163790582042	0.0921322023984
-ّاؤ	0.210374639769	0.582132564842	0.172910662824	0.0345821325648
-ّاغ	0.0870307167235	0.902730375427	0.0102389078498	0.0
-بوب	0.436363636364	0.0727272727273	0.0	0.490909090909
-ّاس	0.0929487179487	0.858974358974	0.0192307692307	0.0288461538461
-ّار	0.483161547097	0.0433717726299	0.431064394326	0.0424022859476
-ّاض	0.301369863014	0.178082191781	0.205479452055	0.315068493151
-लना	0.520389785643	0.234586559801	0.14486085569	0.100162798867
-तूत	0.316987740806	0.436077057793	0.23642732049	0.0105078809107
-کرے	0.318440849497	0.102497104493	0.0149260862627	0.564135959747
-ووہ	0.790996784566	0.192926045016	0.0	0.016077170418
-तून	0.0701645451723	0.760426368623	0.0718203456484	0.0975887405567
-یٹھ	0.754536163654	0.11019987602	0.013382311056	0.12188164927
-तूर	0.177831912302	0.613885505481	0.14981729598	0.0584652862363
-کری	0.46993638648	0.371397686369	0.0820071084146	0.0766588187354
-گِن	0.6875	0.28125	0.0	0.03125
-ودہ	0.307954249364	0.197324324567	0.301907474461	0.192813951608
-ेदा	0.936170212766	0.0638297872341	0.0	0.0
-ودی	0.0494963327215	0.663042493224	0.137211069563	0.150250104491
-ودے	0.340152445393	0.586360241651	0.0429978958783	0.0304894170773
-دبا	0.686473984742	0.120679447244	0.112120097682	0.0807264703312
-کے۔	0.288812354759	0.112106562773	0.186709614514	0.412371467954
-جیں	0.39832501874	0.515935585597	0.0710057642102	0.0147336314524
-شِش	0.453742713684	0.348704334276	0.134703064581	0.0628498874589
-बाह	0.87562696591	0.0750233783899	0.0223157357817	0.0270339199184
-बास	0.080248426902	0.8891885266	0.00735474380976	0.0232083026886
-बार	0.0609154397975	0.401172468429	0.0483663363199	0.489545755454
-बाल	0.403516923407	0.499982129454	0.0546838700454	0.0418170770935
-òنہ	0.666666666667	0.212121212121	0.030303030303	0.0909090909091
-बाश	0.365661861075	0.341415465269	0.0301441677589	0.262778505898
-बान	0.18209703165	0.697597929687	0.0676109699051	0.052694068758
-बाप	0.0294696691116	0.959771762532	0.00110551704914	0.00965305130715
-बाब	0.208958311782	0.660701355126	0.0372400951691	0.0931002379228
-बात	0.469607349493	0.194505324578	0.00912372113871	0.32676360479
-बाद	0.13524858899	0.0689724906699	0.0139415740803	0.78183734626
-बाओ	0.307565789474	0.501644736842	0.15625	0.0345394736842
-حفے	0.0833102684749	0.881815665652	0.0226958206476	0.0121782452256
-बाई	0.0161063530615	0.742298351016	0.225488942861	0.0161063530615
-बाए	0.589147286822	0.31007751938	0.0542635658915	0.046511627907
-حفہ	0.109116674539	0.800661313179	0.0618800188946	0.0283419933869
-دبو	0.333333333333	0.481481481481	0.148148148148	0.037037037037
-حفظ	0.577160493827	0.246913580247	0.138888888889	0.037037037037
-ودن	0.0196078431373	0.705882352941	0.235294117647	0.0392156862745
-جیت	0.779888268156	0.063687150838	0.0283054003724	0.128119180633
-جیب	0.0922671353251	0.603339191564	0.284710017575	0.019683655536
-جید	0.555219413812	0.315246738883	0.0746885267233	0.0548453205816
-جیح	0.564977420973	0.196186653286	0.106372303061	0.132463622679
-جیر	0.0187246255075	0.945716085678	0.0318843623128	0.00367492650147
-َمر	0.244843049327	0.566816143498	0.114798206278	0.0735426008969
-حفا	0.427568042142	0.344161545215	0.108867427568	0.119402985075
-ँते	0.54347826087	0.358695652174	0.0326086956522	0.0652173913043
-گھس	0.564444444444	0.221960784314	0.0933333333334	0.120261437908
-گھر	0.034547982066	0.938034313606	0.00490248849831	0.02251521583
-۔آپ	0.246268656716	0.201492537313	0.0149253731343	0.537313432836
-گھا	0.174045801527	0.793893129771	0.0320610687023	0.0
-جٹے	0.722222222222	0.111111111111	0.111111111111	0.0555555555556
-276	0.0	0.1	0.0	0.9
-گھن	0.75	0.209459459459	0.0405405405405	0.0
-گھل	0.646592926396	0.204014748054	0.133005598798	0.0163867267513
-کے؟	0.212987012987	0.249350649351	0.251948051948	0.285714285714
-گھو	0.0436819782754	0.867473320148	0.00444223507885	0.0844024664981
-ودا	0.100496913787	0.861547489063	0.0179750577504	0.0199805394003
-دبے	0.445259759319	0.3081890226	0.206926915175	0.0396243029058
-جیل	0.111584030968	0.830068307166	0.0434084054458	0.0149392564197
-گھپ	0.245019920319	0.505976095617	0.213147410359	0.0358565737052
-گھٹ	0.214285714286	0.228571428571	0.371428571429	0.185714285714
-دبی	0.579250720461	0.164265129683	0.21325648415	0.0432276657061
-حفل	0.49718319903	0.0535548741353	0.377380018541	0.0718819082936
-ُںo	0.609561752988	0.167330677291	0.0358565737052	0.187250996016
-تک؟	0.166666666667	0.145833333333	0.0	0.6875
-وذی	0.0153846153846	0.407692307692	0.576923076923	0.0
-عبے	0.621848739496	0.27731092437	0.100840336134	0.0
-یرے	0.0183094955156	0.0500125142444	0.022422438874	0.909255551366
-تکا	0.33634101973	0.577239631315	0.00540120930972	0.0810181396458
-ہنے	0.625737358064	0.116037702384	0.101024491445	0.157200448108
-ھدا	0.315789473684	0.25	0.355263157895	0.0789473684211
-ہنی	0.0485749760679	0.387604613912	0.535841223805	0.0279791862151
-یرہ	0.165504679245	0.764376926113	0.0197405390321	0.05037785561
-یرۂ	0.287029669205	0.600431965443	0.0545640559281	0.0579743094236
-یری	0.0308971931412	0.076635929914	0.0169583572312	0.875508519714
-ہنہ	0.0712074303405	0.0557275541796	0.808049535604	0.0650154798761
-دزہ	0.0841121495327	0.878504672897	0.0373831775701	0.0
-लोस	0.0115436413775	0.982684537934	0.00192394022959	0.00384788045918
-سمی	0.46218487395	0.53781512605	0.0	0.0
-अभी	0.0817297374634	0.0359914872308	0.0048286715788	0.877450103727
-سمہ	0.741091731181	0.227073776633	0.0253151246698	0.0065193675162
-ُبہ	0.517799352751	0.26213592233	0.161812297735	0.0582524271844
-کرo	0.438704665728	0.131912414429	0.0629217847259	0.366461135117
-سمے	0.168316831683	0.766758643077	0.0165557539361	0.0483687713034
-लोच	0.289855072464	0.492753623188	0.141304347826	0.0760869565218
-लोग	0.0420138460725	0.510676474511	0.0171377233755	0.430171956041
-लोए	0.051724137931	0.879310344828	0.0	0.0689655172414
-लों	0.0737088828654	0.623908522309	0.0302087687491	0.272173826076
-ہنچ	0.687294470173	0.0652100941241	0.026198656773	0.22129677893
-ढ़ा	0.60890071434	0.216880143555	0.111461749479	0.0627573926256
-ّاo	0.403361344538	0.495798319328	0.100840336134	0.0
-्गो	0.0322580645161	0.941935483871	0.0258064516129	0.0
-्गी	0.0797872340425	0.643617021277	0.0585106382979	0.218085106383
-یرِ	0.336306868867	0.453166815343	0.0553077609278	0.155218554862
-سمت	0.429698066879	0.348898183407	0.094679235075	0.126724514639
-سما	0.198450667135	0.637252750468	0.105227352528	0.0590692298689
-सिन	0.157480314961	0.803149606299	0.0	0.0393700787402
-सिम	0.0	1.0	0.0	0.0
-सिब	0.170739578138	0.131721770763	0.431601490304	0.265937160794
-ّبا	0.0315789473684	0.852631578947	0.0842105263158	0.0315789473684
-ہنو	0.0631195884051	0.900112937633	0.0220855816288	0.0146818923328
-सिर	0.319282511211	0.315246636771	0.22197309417	0.143497757848
-ُبا	0.0	1.0	0.0	0.0
-ढ़ई	0.04	0.96	0.0	0.0
-ُبح	0.0173304955914	0.743083003953	0.108543630283	0.131042870173
-सिस	0.0	1.0	0.0	0.0
-سمس	0.0251572327044	0.723270440252	0.0	0.251572327044
-ہنم	0.0340713393067	0.874885573693	0.0860161680858	0.0050269189141
-تکی	0.259631490787	0.514237855946	0.226130653266	0.0
-عبر	0.0	1.0	0.0	0.0
-ُبِ	0.0855575868373	0.743327239488	0.0	0.171115173675
-سمو	0.0384615384615	0.961538461538	0.0	0.0
-ہنس	0.714971209213	0.251439539347	0.0287907869482	0.00479846449136
-चुग	0.816337272034	0.183662727966	0.0	0.0
-یرا	0.0450495849683	0.0788814213145	0.0257331499302	0.850335843787
-عبا	0.627546366677	0.220431742171	0.0334448160535	0.118577075099
-रिज	0.479224376731	0.321329639889	0.0	0.199445983379
-عبث	0.166123778502	0.214983713355	0.514657980456	0.104234527687
-ھدے	0.0	0.189655172414	0.810344827586	0.0
-یرت	0.5117998294	0.232628332714	0.189300321515	0.066271516371
-ہنا	0.618368603366	0.110405106447	0.135702472237	0.13552381795
-्गा	0.0	1.0	0.0	0.0
-्ग़	0.572222222222	0.417361111111	0.00208333333333	0.00833333333335
-रिम	0.48497076931	0.313583216928	0.133736872058	0.0677091417042
-रिब	0.301397205589	0.500998003992	0.0558882235529	0.141716566866
-سزا	0.424376842	0.464109096358	0.0452420200809	0.0662720415605
-یر؟	0.390804597701	0.16091954023	0.448275862069	0.0
-चुप	0.303986710963	0.247508305648	0.413621262459	0.0348837209302
-चुन	0.800168811986	0.0820848280228	0.0576070901035	0.0601392698882
-रिस	0.177192349332	0.797906892819	0.0119090581018	0.0129916997474
-ूएल	0.0135802469136	0.971604938272	0.0	0.0148148148148
-ढ़े	0.124868499291	0.805150253854	0.0644925216119	0.00548872524356
-रिश	0.619974781797	0.299343344196	0.0225981299229	0.0580837440844
-ढ़ी	0.267767960046	0.285055704956	0.414905877833	0.0322704571648
-ا؟o	0.451959743966	0.265501819468	0.0546082692522	0.227930167313
-دٰہ	0.600292825769	0.103221083455	0.263543191801	0.0329428989751
-تیں	0.261610121229	0.598332664843	0.0347106038697	0.105346610058
-ِلا	0.80205286684	0.0883387072615	0.0322317437543	0.0773766821446
-تاہ	0.114195083267	0.738302934179	0.128469468676	0.0190325138779
-نَو	0.133333333333	0.0444444444444	0.0444444444444	0.777777777778
-تا۔	0.380791348578	0.175335334099	0.108056014915	0.335817302408
-ِلس	0.142857142857	0.742857142857	0.0571428571428	0.0571428571428
-لصی	0.324233161168	0.515020554443	0.109096658585	0.0516496258037
-ِلم	0.123432771293	0.782317336792	0.0620406398617	0.0322092520536
-क्र	0.449834473626	0.341999558596	0.0530567203708	0.155109247407
-क्ल	0.482352941176	0.224705882353	0.149411764706	0.143529411765
-رَو	0.112088130102	0.522407097828	0.32056122232	0.0449435497509
-تاک	0.604060913706	0.139231327049	0.0630891950689	0.193618564177
-ِلو	0.369230769231	0.184615384615	0.446153846154	0.0
-ِلِ	0.0487804878049	0.756097560976	0.0487804878049	0.146341463415
-क्म	0.474007113219	0.496473029046	0.00426793123888	0.0252519264967
-تیہ	0.0119355235634	0.940814568722	0.0457733480989	0.00147655961609
-تی۔	0.432454163017	0.373429625695	0.0918893307873	0.102226880501
-تاڑ	0.397260273973	0.547945205479	0.0547945205479	0.0
-ندم	0.0143581081081	0.978040540541	0.0	0.00760135135135
-ाका	0.121568627451	0.298039215686	0.517647058824	0.0627450980392
-ाकि	0.0600271631297	0.064163112917	0.00210523570256	0.873704488251
-ाक़	0.312295081967	0.61299765808	0.035831381733	0.0388758782201
-آوا	0.0747986191024	0.875719217491	0.0270425776755	0.0224395857307
-تیب	0.321799307958	0.478085351788	0.148212226067	0.0519031141869
-تیش	0.561497326203	0.262032085561	0.0450725744843	0.131398013751
-تیر	0.279641875433	0.680869387024	0.0252055771547	0.0142831603877
-تیس	0.0290147088454	0.144146685472	0.0447310094701	0.782107596212
-تیز	0.0866062539838	0.0746087664883	0.810338380919	0.0284465986088
-ाकत	0.23931578528	0.721373741666	0.0169991234827	0.0223113495711
-تال	0.0987946211818	0.762512929852	0.0930949314981	0.0455975174685
-تام	0.231123540056	0.726435268959	0.00888303997368	0.0335581510117
-تان	0.0360373363699	0.928262261706	0.02904228429	0.00665811763419
-کےo	0.326518340349	0.244137101624	0.144317498497	0.285027059531
-حسن	0.13220338983	0.776271186441	0.0406779661017	0.0508474576271
-تاق	0.387993553586	0.18815471394	0.148267526189	0.275584206285
-حسو	0.269784172662	0.687050359712	0.021582733813	0.021582733813
-ِلک	0.179487179487	0.653846153846	0.0897435897436	0.076923076923
-تاً	0.263290374547	0.38985098671	0.0659484494563	0.280910189287
-تی؟	0.3984375	0.4375	0.046875	0.1171875
-ईसी	0.320754716981	0.0754716981132	0.132075471698	0.471698113208
-تاؤ	0.496613663202	0.286327861542	0.0577926590465	0.159265816209
-رَہ	0.526501766784	0.371024734982	0.0185512367491	0.0839222614841
-ईसा	0.0042935977474	0.79910754504	0.00317227869283	0.19342657852
-ِلہ	0.0760797025455	0.682429211555	0.185623033654	0.0558680522452
-تاج	0.145789908365	0.805914972274	0.0294175482755	0.0188775710859
-تاح	0.0479452054794	0.91095890411	0.0	0.041095890411
-تاخ	0.0936849410132	0.374739764053	0.448299791811	0.0832755031228
-تاد	0.0221451607082	0.962992975883	0.00337918748585	0.0114826759228
-حسد	0.0711255303219	0.659221362615	0.254429747941	0.0152233591215
-تات	0.0663611945015	0.810396587139	0.0474008532154	0.0758413651446
-تاط	0.437148217636	0.187617260788	0.27392120075	0.101313320825
-تار	0.495405732103	0.21676579024	0.0328551825877	0.25497329507
-تاس	0.00497512437811	0.995024875622	0.0	0.0
-تاع	0.376219554994	0.328981539973	0.192321190426	0.102477714607
-تیم	0.0366172624237	0.70706190061	0.146469049695	0.109851787271
-تیل	0.0560581061681	0.869607790669	0.0732797187213	0.00105438444203
-تین	0.00731754968652	0.191641653198	0.0266060423068	0.774434754809
-تیو	0.128342245989	0.764705882353	0.0855614973262	0.0213903743315
-मिस	0.0	0.989778534923	0.0102214650767	0.0
-صال	0.541666666667	0.160714285714	0.136904761905	0.160714285714
-تیّ	0.0	1.0	0.0	0.0
-ाके	0.00812806213451	0.845566819444	0.138177056287	0.00812806213452
-मिल	0.489025345508	0.111718531746	0.178300476016	0.22095564673
-تا؟	0.562447890612	0.253293313323	0.030431882608	0.153826913457
-ाकू	0.129496402878	0.778776978417	0.0809352517985	0.0107913669065
-ाकी	0.0899118089912	0.675629167563	0.180684018068	0.0537750053775
-چنا	0.730283769129	0.157850343415	0.0565881431498	0.0552777443066
-बीज	0.236858482603	0.753917325665	0.0	0.00922419173175
-बीच	0.172159751842	0.682047305157	0.027917797596	0.117875145405
-ग़ी	0.479373704154	0.46914992493	0.00643454636448	0.0450418245514
-ँपो	0.192461908581	0.663191659984	0.144346431435	0.0
-ँपे	0.766773162939	0.11821086262	0.0	0.115015974441
-्से	0.13747742405	0.582041674529	0.205542227134	0.0749386742864
-دھو	0.749223054104	0.137001459717	0.0506192023355	0.0631562838442
-्सी	0.140460088717	0.784670044173	0.0489290399136	0.0259408271956
-خزا	0.135534317984	0.634231103388	0.204170286707	0.0260642919201
-बीह	0.525751072962	0.287553648069	0.0901287553648	0.0965665236051
-बीस	0.192219679634	0.144164759725	0.0411899313501	0.622425629291
-ग़त	0.225882352941	0.461176470588	0.312941176471	0.0
-्सर	0.0549216785921	0.836782053761	0.0638174434345	0.0444788242119
-्सा	0.149811965812	0.47664957265	0.143726495726	0.229811965812
-ग़म	0.117879987816	0.609808102345	0.228449588791	0.0438623210478
-्सद	0.1967725233	0.317828788402	0.0778218847083	0.40757680359
-्सत	0.522200226244	0.11382918552	0.00169683257918	0.362273755656
-्सम	0.168152866242	0.594904458599	0.107006369427	0.129936305732
-ग़ा	0.245224892175	0.507085643869	0.0554528650647	0.192236598891
-ाईम	0.0	0.958333333333	0.0416666666667	0.0
-फूट	0.604615984224	0.250002520276	0.0267958050528	0.118585690447
-फटी	0.308491300961	0.27161776162	0.385614126201	0.0342768112179
-ाईर	0.0865921787709	0.905027932961	0.00837988826816	0.0
-ाईल	0.0282556303499	0.951605307626	0.00731322197291	0.012825840051
-फूल	0.262019230769	0.514423076923	0.213942307692	0.00961538461541
-سبت	0.0644423139919	0.654493622798	0.022437450394	0.258626612817
-ाईं	0.449223439554	0.378184431066	0.104845686072	0.067746443308
-ोना	0.557987378581	0.191950751717	0.0292334343872	0.220828435315
-وزن	0.636430138991	0.250914411119	0.0482809070958	0.0643745427944
-ُتر	0.290297529486	0.0413532009901	0.00524195505509	0.663107314469
-رت۔	0.5	0.486486486486	0.0	0.0135135135135
-زپر	0.0	0.390243902439	0.0	0.609756097561
-़क़	0.278350515464	0.701030927835	0.0	0.020618556701
-फटा	0.806451612903	0.0	0.0	0.193548387097
-ीगर	0.104555433589	0.387760702525	0.363611416026	0.14407244786
-ंढा	0.323353293413	0.556886227545	0.0	0.119760479042
-ीग़	0.272727272727	0.327272727273	0.227272727273	0.172727272727
-ंटा	0.189808917197	0.695541401274	0.0152866242038	0.0993630573248
-وحُ	0.0117464942633	0.946731014387	0.0409761427791	0.000546348570388
-لکش	0.0936454849498	0.0401337792642	0.866220735786	0.0
-عُو	0.0105802047782	0.985324232082	0.0	0.00409556313993
-وحِ	0.355969194491	0.577803978627	0.0496701201616	0.0165567067205
-وچا	0.659867909868	0.152486402486	0.0384615384615	0.149184149184
-ेमत	0.0571736102318	0.832172554979	0.00915959647123	0.101494238318
-कमर	0.257817929117	0.662960389159	0.00833912439194	0.0708825573315
-وچن	0.816176470588	0.154411764706	0.0147058823529	0.0147058823529
-ोएँ	0.174757281553	0.638002773925	0.0873786407767	0.0998613037447
-हबी	0.147909967846	0.411575562701	0.372990353698	0.0675241157556
-कमी	0.416580310881	0.323316062176	0.118134715026	0.141968911917
-وچو	0.499183047177	0.300099105752	0.0686469960243	0.132070851047
-ीयत	0.0921450151057	0.684290030212	0.04833836858	0.175226586103
-मचा	0.551282051282	0.247863247863	0.0555555555555	0.145299145299
-وحا	0.141509433962	0.28167115903	0.491913746631	0.0849056603774
-दैन	0.036769327467	0.927718416091	0.0169704588309	0.0185417976116
-لود	0.166140904311	0.328075709779	0.385909568875	0.119873817035
-ंटे	0.0136363636363	0.95	0.0363636363636	0.0
-ोएल	0.0	1.0	0.0	0.0
-لگو	0.128571428571	0.642857142857	0.2	0.0285714285714
-وحہ	0.662701684711	0.188528549334	0.148769765955	0.0
-وحی	0.511627906977	0.46511627907	0.0	0.0232558139535
-قون	0.0	0.510638297872	0.489361702128	0.0
-سبہ	0.0	0.65829846583	0.160390516039	0.181311018131
-وچک	0.0526315789474	0.377192982456	0.333333333333	0.236842105263
-وچھ	0.779306128687	0.149167048754	0.0119211370931	0.0596056854653
-ैमे	0.0911528150134	0.872654155496	0.0321715817694	0.00402144772118
-وچہ	0.0603015075377	0.849246231156	0.0	0.0904522613065
-یطا	0.338607594937	0.45253164557	0.120253164557	0.0886075949367
-ؤں؟	0.286912751678	0.310402684564	0.0704697986577	0.332214765101
-وچے	0.22986645083	0.397409955484	0.206798866856	0.165924726831
-ِنo	0.0882352941176	0.455882352941	0.176470588235	0.279411764706
-शेब	0.0	0.787878787879	0.030303030303	0.181818181818
-قطہ	0.0593243614392	0.713265586377	0.227410052183	0.0
-قِف	0.567085528983	0.101743007702	0.213011755168	0.118159708148
-ोया	0.442988323161	0.418889167572	0.0524412674526	0.0856812418137
-وثی	0.0816326530612	0.566326530612	0.352040816327	0.0
-زول	0.585714285714	0.357142857143	0.0	0.0571428571429
-ुरू	0.50009887285	0.349614395887	0.0438995451849	0.106387186079
-ہدے	0.612137203166	0.271767810026	0.0580474934037	0.0580474934037
-ुरी	0.106578947368	0.240526315789	0.596052631579	0.0568421052631
-ुरे	0.00622759218656	0.166748165438	0.809586984253	0.0174372581224
-تنگ	0.296607874636	0.212177614277	0.419054460491	0.0721600505957
-ہدہ	0.358614493293	0.54952442916	0.0387272670942	0.0531338104533
-چکی	0.307268319748	0.119149988595	0.0399353225804	0.533646369077
-دّم	0.728260869565	0.0434782608696	0.173913043478	0.054347826087
-ِدہ	0.229279273208	0.288775964092	0.420817102266	0.0611276604348
-چکھ	0.603674540682	0.326771653543	0.0157480314961	0.0538057742782
-تنہ	0.507035877315	0.466493127602	0.0184228065542	0.00804818852882
-ناo	0.607277031548	0.232926766507	0.0285626061448	0.131233595801
-تنی	0.115805440843	0.168753046601	0.198415095358	0.517026417198
-دّس	0.0961519489042	0.463276870086	0.359411661255	0.081159519755
-دّت	0.0782613438046	0.406413612566	0.330170157068	0.185154886562
-ुरा	0.254896636003	0.230150378492	0.485080959978	0.029872025527
-ुरआ	0.157303370786	0.836567926456	0.00612870275792	0.0
-رِد	0.490384615385	0.471153846154	0.0	0.0384615384615
-ہوش	0.155644455557	0.355544443055	0.385548193524	0.103262907864
-आपस	0.181618051734	0.0528343423225	0.0338470005504	0.731700605394
-ठने	0.557653268372	0.300649614292	0.0771416971174	0.0645554202193
-تنا	0.197783713568	0.112517282089	0.132893605018	0.556805399325
-महल	0.018025751073	0.951072961373	0.00515021459229	0.0257510729614
-تند	0.23417721519	0.395569620253	0.25	0.120253164557
-सता	0.610101010101	0.319191919192	0.0525252525252	0.0181818181818
-چکو	0.560157402853	0.317068371864	0.0383669454009	0.0844072798819
-دّی	0.0677654475014	0.819292139996	0.0617243417165	0.051218070786
-ِدُ	0.103004291845	0.81974248927	0.0	0.0772532188841
-सतह	0.440677966102	0.491525423729	0.0677966101695	0.0
-دیo	0.464608668538	0.385718740256	0.0140318054256	0.135640785781
-ہدو	0.727272727273	0.148760330579	0.0	0.123966942149
-دّہ	0.00571428571429	0.957142857143	0.0314285714286	0.00571428571429
-सतर	0.186440677966	0.423728813559	0.271186440678	0.118644067797
-ظہر	0.337837837838	0.5	0.162162162162	0.0
-सते	0.607348707193	0.310577143187	0.0633143439931	0.0187598056276
-چکر	0.496688741722	0.503311258278	0.0	0.0
-सती	0.135338345865	0.496240601504	0.127819548872	0.240601503759
-ہدا	0.361524163569	0.290892193309	0.0985130111525	0.24907063197
-ظہا	0.362934362934	0.289575289575	0.254826254826	0.0926640926641
-چکا	0.389318032646	0.0645049545839	0.0348988839332	0.511278128837
-خُو	0.130530973451	0.758849557522	0.0309734513274	0.0796460176992
-جئے	0.547334558824	0.258501838235	0.0746783088235	0.119485294118
-وثر	0.142857142857	0.246240601504	0.543233082707	0.0676691729323
-टैन	0.0408163265306	0.959183673469	0.0	0.0
-ठना	0.586059082199	0.176349397991	0.11285597191	0.1247355479
-आपे	0.25	0.553571428571	0.142857142857	0.0535714285714
-रऔन	0.00799999999999	0.98	0.0	0.012
-جمی	0.425925925926	0.37037037037	0.111111111111	0.0925925925926
-جمہ	0.691441878517	0.274015136813	0.0205705414322	0.0139724432369
-चलो	0.266666666667	0.6	0.0888888888889	0.0444444444444
-आएँ	0.700067538528	0.130963344999	0.0179898078222	0.150979308651
-فیں	0.361935311414	0.488104784817	0.0320769847634	0.117882919006
-کمی	0.565747977513	0.267516796929	0.0902235019882	0.0765117235705
-चली	0.46363249681	0.162909400255	0.0408336877924	0.332624415142
-चले	0.752661087018	0.0637482085357	0.0184140810641	0.165176623382
-कती	0.231853927506	0.177438307873	0.122932296845	0.467775467775
-कते	0.324948702795	0.115403770428	0.167404859456	0.392242667322
-चें	0.540476190476	0.230952380952	0.0571428571428	0.171428571429
-ेने	0.22850853775	0.385412208048	0.0242990131835	0.361780241019
-ेनी	0.338271604938	0.60987654321	0.0	0.0518518518518
-नाज	0.0209987195903	0.971318822023	0.00153649167734	0.00614596670935
-ेना	0.492324166543	0.187519721259	0.0356144539674	0.28454165823
-चलन	0.237135856248	0.659406479717	0.0479172338688	0.0555404301661
-नाक	0.177109122072	0.35745572272	0.442963245096	0.0224719101124
-فی۔	0.046875	0.765625	0.140625	0.046875
-कता	0.17511049966	0.137297484989	0.19161353125	0.495978484101
-नाओ	0.332962250784	0.463387646325	0.119488580778	0.0841615221131
-नाए	0.69878833286	0.165034748237	0.0813806288268	0.0547962900767
-لجھ	0.229299363057	0.391719745223	0.324840764331	0.0541401273885
-فیہ	0.0908766223634	0.574822222453	0.0901052930069	0.244195862176
-नाह	0.132264737111	0.796633764599	0.0574619528885	0.0136395454009
-नास	0.0559662090813	0.869060190074	0.0063357972545	0.0686378035903
-नाब	0.0417070805044	0.929194956353	0.0101842870999	0.0189136760426
-नाम	0.309582033336	0.642859150575	0.0171599628974	0.0303988531917
-नान	0.136325148179	0.807790008467	0.0304826418289	0.0254022015241
-नाप	0.432558139535	0.460465116279	0.0	0.106976744186
-नात	0.19349112426	0.749704142012	0.0408284023668	0.015976331361
-नाद	0.437007874016	0.462598425197	0.0767716535432	0.0236220472441
-हाई	0.710843373494	0.123101100052	0.0565741225773	0.109481403876
-ظام	0.333400768764	0.536617438802	0.073740643334	0.0562411490997
-وزہ	0.110662034679	0.276195878379	0.0523904318195	0.560751655122
-اثل	0.209445585216	0.5318275154	0.110882956879	0.147843942505
-िंड	0.934426229508	0.0	0.0655737704918	0.0
-کمل	0.352318941357	0.167730787871	0.293465663653	0.186484607118
-فیر	0.403100775194	0.596899224806	0.0	0.0
-فید	0.0260862854056	0.021764297291	0.941923284711	0.0102261325924
-فیت	0.311337732453	0.284343131374	0.153569286143	0.25074985003
-ाफ़	0.175762015168	0.12999926621	0.262600268541	0.431638450081
-کمت	0.0100268000272	0.923499229422	0.0623889779472	0.00408499260369
-ींग	0.0	0.991397849462	0.00860215053763	0.0
-کما	0.443692666058	0.453286345517	0.0386328706594	0.0643881177657
-اثت	0.748502994012	0.209580838323	0.0059880239521	0.0359281437126
-اثر	0.334984520124	0.346955624355	0.139869281046	0.178190574475
-کمر	0.25221238938	0.634218289086	0.0368731563422	0.0766961651918
-کمز	0.237804878049	0.689024390244	0.0731707317073	0.0
-فیق	0.427194860814	0.303830597192	0.0682845586486	0.200689983345
-فیف	0.56043956044	0.0439560439561	0.395604395604	0.0
-ीड़	0.0588235294118	0.85393258427	0.0456047587574	0.0416391275612
-فیٹ	0.0	0.795580110497	0.0	0.204419889503
-جمع	0.508012998236	0.10899937436	0.0225878877029	0.360399739701
-ظار	0.752291587568	0.064788197646	0.0176275966806	0.165292618105
-ماؤ	0.274834437086	0.662251655629	0.0	0.0629139072847
-ماد	0.15772564824	0.505284769219	0.263192913086	0.0737966694548
-नके	0.272618334332	0.610545236669	0.116836428999	0.0
-مات	0.207660534372	0.679974607869	0.0298149635826	0.0825498941772
-ماس	0.557669237361	0.401713796058	0.0154241645244	0.0251928020566
-ماز	0.342667936288	0.354051246537	0.256016274238	0.0472645429363
-مار	0.359225999509	0.295800302196	0.273386932237	0.0715867660582
-ماغ	0.123546175768	0.705538011245	0.0700916583225	0.100824154664
-ماع	0.347014925373	0.608208955224	0.0	0.044776119403
-ھّی	0.401611842867	0.0774206052782	0.469158194901	0.0518093569535
-عجب	0.591123980837	0.145995134797	0.182686871392	0.0801940129739
-ؤُل	0.00498614958448	0.995013850416	0.0	0.0
-عجز	0.540372670807	0.251552795031	0.170807453416	0.0372670807453
-حدہ	0.554741939294	0.264556513523	0.0708633518365	0.109838195347
-ضاد	0.377319587629	0.350515463917	0.19793814433	0.0742268041237
-ھّے	0.411134673305	0.0888960599914	0.280133997172	0.219835269531
-ضاء	0.0120192307692	0.967948717949	0.0164262820513	0.00360576923077
-حدی	0.0192307692308	0.894230769231	0.0865384615385	0.0
-ؤُس	0.04	0.96	0.0	0.0
-कुम	0.132183908046	0.781609195402	0.0172413793103	0.0689655172414
-कुल	0.138549409272	0.14207288949	0.0838588529805	0.635518848257
-ؤُد	0.0	0.998440748441	0.00155925155925	0.0
-مان	0.22938290192	0.720868739778	0.0240268425402	0.025721515762
-مام	0.0214067838935	0.133865413239	0.065540341036	0.779187461832
-مال	0.268749919006	0.484898962786	0.0628599993159	0.183491118893
-टोर	0.0851063829787	0.914893617021	0.0	0.0
-नका	0.521242759454	0.397188717119	0.0238737141735	0.0576948092526
-حکا	0.0989847715736	0.75	0.0507614213198	0.100253807107
-कुछ	0.0549258318184	0.419225838584	0.0136064044038	0.512241925194
-ेज़	0.17247756932	0.38546880857	0.41536573484	0.0266878872693
-یوے	0.337777777778	0.52	0.0977777777778	0.0444444444444
-ेजा	0.968971113512	0.0172144432953	0.00316169311035	0.010652750082
-ماں	0.0418179817321	0.929805692737	0.0134575393192	0.0149187862121
-ھّو	0.449117832038	0.202804180714	0.0353133868627	0.312764600385
-ोमा	0.0	0.99649122807	0.0	0.00350877192982
-حدّ	0.168539325843	0.402247191011	0.152808988764	0.276404494382
-ھّن	0.0	0.561883602471	0.0	0.438116397529
-झेल	0.779661016949	0.169491525424	0.0169491525424	0.0338983050847
-ہيں	0.262032085561	0.532085561497	0.197860962567	0.00802139037433
-ؤُں	0.634766097819	0.173112988797	0.0541041892101	0.138016724174
-ھّا	0.577252050512	0.0800007025308	0.192142192248	0.15060505471
-हार	0.331444164568	0.468408900084	0.0909949622166	0.109151973132
-ोमी	0.146471371505	0.448069241012	0.378495339547	0.0269640479361
-ھّر	0.0346820809249	0.948802642444	0.00990916597852	0.00660611065233
-ماہ	0.0297684674752	0.953693495039	0.00330760749725	0.013230429989
-ما۔	0.298657718121	0.560402684564	0.0201342281879	0.120805369128
-خشک	0.481359649123	0.0526315789473	0.434210526316	0.031798245614
--आम	0.0	0.896551724138	0.103448275862	0.0
-تپا	0.208955223881	0.791044776119	0.0	0.0
-رہا	0.560768603282	0.114791522437	0.012875792429	0.311564081852
-ولس	0.0495057681033	0.874681040818	0.00432504521169	0.0714881458666
-ولر	0.172043010753	0.677419354839	0.129032258065	0.0215053763441
-ولت	0.0673733618121	0.503794531023	0.305740579595	0.123091527569
-ولا	0.707879242325	0.152817423461	0.0482238260381	0.0910795081758
-ردں	0.111111111111	0.888888888889	0.0	0.0
-تپش	0.072072072072	0.846846846847	0.054054054054	0.027027027027
-تپر	0.747126436782	0.214559386973	0.0383141762452	0.0
-ول؟	0.0454545454545	0.681818181818	0.159090909091	0.113636363636
-بغل	0.639175257732	0.120274914089	0.0515463917526	0.189003436426
-इशी	0.377118644068	0.478813559322	0.0338983050848	0.110169491525
-ाशा	0.385224274406	0.583113456464	0.0158311345647	0.0158311345646
-ُھن	0.545454545455	0.25	0.0909090909091	0.113636363636
-ُھل	0.838270616493	0.0360288230584	0.0804643714972	0.0452361889511
-ُھو	0.905838041431	0.0922787193974	0.0	0.00188323917138
-گدھ	0.0504201680672	0.924369747899	0.0252100840336	0.0
-ہزا	0.0	0.593220338983	0.0	0.406779661017
-ُھس	0.481144343303	0.358907672302	0.039011703511	0.120936280884
-گدی	0.0	0.981818181818	0.0181818181818	0.0
-ाशी	0.238068289002	0.430296170534	0.271646859083	0.0599886813809
-ُھت	0.623052959502	0.239875389408	0.1246105919	0.01246105919
-ڑی۔	0.690274570182	0.123171670516	0.150628688735	0.0359250705671
-ردہ	0.124452712533	0.218335321719	0.608816684336	0.0483952814119
-خشی	0.768703038223	0.0927801372101	0.0663181966678	0.0721986278993
-رہم	0.276032810003	0.493493193296	0.0535986038839	0.176875392817
-ڑیے	0.0	0.87037037037	0.12962962963	0.0
-رہن	0.226466095173	0.689915654301	0.0836182505255	0.0
-ردی	0.271010387158	0.328611898017	0.324834749764	0.0755429650614
-ردے	0.0786684952001	0.19436479242	0.696297219798	0.030669492582
-ولو	0.383730123869	0.525871914258	0.0616709127646	0.0287270491083
-خشے	0.616357650321	0.2075896725	0.0526771789984	0.123375498181
-यके	0.31677852349	0.386577181208	0.120805369128	0.175838926175
-خشا	0.781347279293	0.0941352259992	0.0470676129996	0.0774498817084
-ونچ	0.438802083333	0.1875	0.106770833333	0.266927083333
-ولک	0.0329218106996	0.958847736626	0.0082304526749	0.0
-مظا	0.447058823529	0.517647058824	0.0	0.0352941176471
-خشش	0.0695812807882	0.836206896552	0.0498768472906	0.0443349753694
