-าญา	0.86341111211	0.07945091876	0.00777111176192	0.0493668573682
-ละๆ	0.275862068966	0.241379310345	0.48275862069	0.0
-าญะ	0.0403984541789	0.264223842847	0.542805290667	0.152572412307
-รซา	0.0	1.0	0.0	0.0
-รมี	0.0919540229885	0.896551724138	0.0114942528736	0.0
-โฆน	0.0	1.0	0.0	0.0
-ยดา	0.0	0.995107632094	0.0	0.00489236790608
-งฮๆ	0.292438439747	0.276530834604	0.202222706472	0.228808019176
-ิกๆ	0.142504099591	0.395685613322	0.395985865071	0.0658244220153
-ทเน	0.0545454545454	0.945454545455	0.0	0.0
-อมิ	0.0366854771618	0.394489159742	0.510489440396	0.0583359226999
-คีย	0.04	0.92	0.0	0.04
-โฆจ	0.138820638821	0.202702702703	0.592137592138	0.0663390663391
-ีลา	0.0529639730156	0.792163054399	0.119276589637	0.0355963829482
-อซๆ	0.0892857142857	0.571428571429	0.232142857143	0.107142857143
-โฆก	0.0327868852459	0.934426229508	0.0327868852459	0.0
-ูตู	0.148027741656	0.445058517555	0.236129172085	0.170784568704
-อเล	0.268948655257	0.596577017115	0.0268948655257	0.107579462103
-าญี	0.366881127451	0.592155728032	0.0251906318083	0.0157725127088
-ึลด	0.100446849034	0.318795914523	0.0425396094518	0.538217626991
-เตน	0.394524959742	0.599033816425	0.00322061191626	0.00322061191627
-โฆฮ	0.832547169811	0.0471698113207	0.0495283018868	0.0707547169811
-าฆู	0.0687660919773	0.213731249992	0.00898062626723	0.708522031764
-าฆี	0.0960962822703	0.282440615919	0.175298395593	0.446164706217
-าฆิ	0.652310646511	0.24215497056	0.0622115978094	0.0433227851202
-าฆา	0.3107775524	0.484033130494	0.164131169709	0.0410581473969
-ฌัก	0.328530259366	0.589337175792	0.0821325648415	0.0
-โญก	0.533333333333	0.316049382716	0.102469135802	0.0481481481481
-ดัจ	0.160497896653	0.710502082418	0.0799480965238	0.0490519244051
-ูคา	0.156895333066	0.633783534236	0.0226055616049	0.186715571093
-งาะ	0.612870258647	0.296178943815	0.0265006629828	0.0644501345547
-าดี	0.498956705214	0.190394263711	0.00611892922527	0.304530101851
-าดา	0.410573882391	0.0166281904382	0.00485616373951	0.567941763431
-บนี	0.0677966101695	0.762711864407	0.0	0.169491525424
-าดู	0.343627436304	0.427487200982	0.0161671806233	0.21271818209
-ูมะ	0.258050286723	0.70357300397	0.0251433612704	0.0132333480371
-อซุ	0.379640044994	0.561304836895	0.0	0.0590551181102
-ีญะ	0.0221926643952	0.86748173387	0.0900460980631	0.0202795036714
-ยซู	0.00251547126228	0.597197893401	0.00280732151923	0.397479313817
-ปยํ	0.371115486688	0.414433695745	0.179779128499	0.0346716890677
-อซี	0.0393290919606	0.954887218045	0.0	0.00578368999419
-ูติ	0.448275862069	0.51724137931	0.0	0.0344827586207
-โญะ	0.397103245295	0.357369684765	0.173960188986	0.0715668809543
-ฆัก	0.631722569642	0.25105173394	0.0266060261512	0.0906196702672
-บัจ	0.0957536187262	0.800335629491	0.0829617509776	0.0209490008055
-ิกา	0.00416666666667	0.972916666667	0.01875	0.00416666666667
-อนะ	0.356585981586	0.251058063558	0.189096376596	0.20325957826
-อนา	0.497508223099	0.115090882722	0.0165735345316	0.370827359647
-อนิ	0.312364425163	0.570498915401	0.0260303687635	0.0911062906724
-ลโม	0.00389863547758	0.972709551657	0.0155945419103	0.00779727095517
-รีก	0.0169677066229	0.540959678891	0.403575989783	0.0384966247035
-แจว	0.226544622426	0.279176201373	0.336384439359	0.157894736842
-โอะ	0.695383190943	0.292411935525	0.0096797272842	0.00252514624805
-ูญา	0.0713977764284	0.0239963184965	0.000183912758206	0.904421992317
-ลัย	0.0740207099655	0.850731498781	0.0438384686025	0.0314093226511
-ีปี	0.499070504913	0.454465740681	0.00995651880125	0.0365072356046
-ีปู	0.578972946703	0.280414709218	0.105297262271	0.0353150818079
-รีด	0.0420918367347	0.896683673469	0.00765306122451	0.0535714285714
-าอะ	0.0413793103448	0.937931034483	0.0206896551724	0.0
-ปโล	0.0350877192982	0.947368421053	0.00350877192982	0.0140350877193
-าปอ	0.418215613383	0.381040892193	0.0446096654275	0.156133828996
-ปีก	0.423326133909	0.213822894168	0.233261339093	0.129589632829
-โอจ	0.442241138816	0.433163184522	0.0726839529816	0.0519117236803
-าอู	0.0204081632653	0.979591836735	0.0	0.0
-แบะ	0.0318560273052	0.948595955939	0.00868800744688	0.0108600093086
-รีย	0.0150415973378	0.974309484193	0.00825291181364	0.00239600665557
-ตีย	0.0801165331391	0.878368536052	0.0371449380918	0.00436999271668
-าปู	0.637655417407	0.213143872114	0.0	0.14920071048
-าปะ	0.136012104759	0.740395294426	0.0338292458173	0.0897633549975
-าปา	0.0532517736173	0.322708772551	0.070076053527	0.553963400305
-โอน	0.0846325167038	0.89131403118	0.0146993318486	0.00935412026726
-าปี	0.0246471703427	0.0628054686628	0.00421823380807	0.908329127186
-เปฮ	0.351851851852	0.518518518519	0.12962962963	0.0
-ียน	0.179921773142	0.67926988266	0.113428943937	0.0273794002608
-โปะ	0.115383670562	0.741281331117	0.0126511795485	0.130683818773
-รีๆ	0.166135674401	0.439775051438	0.108181369377	0.285907904783
-จับ	0.275741161306	0.478179474589	0.0942947458876	0.151784618218
-โดน	0.0	0.981651376147	0.0	0.0183486238532
-ูแล	0.159049360146	0.0950639853747	0.537477148081	0.208409506398
-จัก	0.216814159292	0.783185840708	0.0	0.0
-โดก	0.696044413602	0.170437196391	0.0775850104094	0.0559333795975
-โปฮ	0.310914454277	0.584660766962	0.0802359882006	0.0241887905605
-จัจ	0.490834473324	0.303967168263	0.157592339261	0.0476060191518
-รตี	0.0208840932823	0.968600582556	0.00604539542382	0.00446992873761
-ทาน	0.0	1.0	0.0	0.0
-เปะ	0.310322380657	0.228518288903	0.107532548047	0.353626782393
-รโฮ	0.404255319149	0.510638297872	0.0851063829787	0.0
-รโอ	0.0786516853932	0.887640449438	0.0337078651685	0.0
-เฌา	0.0547147846333	0.407450523865	0.530849825378	0.00698486612339
-โดะ	0.491397342393	0.296565405678	0.0370902114926	0.174947040437
-ียะ	0.483200460271	0.145940866231	0.358919985681	0.0119386878171
-ียา	0.0282260104382	0.513950086995	0.0141801712456	0.443643731321
-โปด	0.112697390293	0.0310579182029	0.00973315618688	0.846511535317
-โปจ	0.118556701031	0.865979381443	0.0128865979382	0.00257731958763
-จัย	0.458029673935	0.417264307076	0.0339711390494	0.0907348799396
-โดม	0.00627943485086	0.993720565149	0.0	0.0
-ปัด	0.0724065085227	0.611681798391	0.0895002499557	0.226411443131
-บทา	0.0	1.0	0.0	0.0
-โดย	0.208333333333	0.458333333333	0.0	0.333333333333
-โปก	0.0184162748833	0.938422162409	0.00536461869884	0.0377969440086
-เปด	0.389342668223	0.448074679113	0.022170361727	0.140412290937
-โดฮ	0.21729427398	0.503156942728	0.0467020713434	0.232846711949
-จัฮ	0.630203291384	0.29477250726	0.0566311713456	0.0183930300097
-ยุด	0.0	1.0	0.0	0.0
-ตรู	0.0531048900187	0.918160272232	0.0221876595283	0.00654717822147
-ตรา	0.0	0.977635782748	0.0223642172524	0.0
-ตระ	0.197612896328	0.160463527474	0.201454684717	0.440468891481
-โยก	0.0602909896922	0.917667143109	0.0103726433879	0.0116692238114
-ะปะ	0.213483146067	0.592295345104	0.0288924558587	0.165329052969
-กยํ	0.224151750757	0.522079451497	0.114059696523	0.139709101223
-มที	0.0263279445728	0.95519630485	0.013856812933	0.00461893764434
-ีงา	0.0626494163971	0.875319926874	0.0343411615806	0.0276894951484
-ฆัย	0.613274008157	0.132740081572	0.0823136818687	0.171672228402
-นฮา	0.00956937799042	0.99043062201	0.0	0.0
-รัด	0.154958677686	0.724058769513	0.0399449035813	0.0810376492195
-าจะ	0.333442565696	0.414532503455	0.229463417579	0.0225615132707
-รับ	0.378643843568	0.527853449789	0.0669681547579	0.0265345518852
-ายา	0.363385581698	0.525189483617	0.0914665240999	0.019958410585
-เตง	0.0691588785046	0.878504672897	0.0261682242991	0.0261682242991
-เตก	0.184300341297	0.805460750853	0.0102389078498	0.0
-ายี	0.0875	0.9125	0.0	0.0
-ายู	0.295574719354	0.553677169688	0.0444112692032	0.106336841754
-ะเว	0.025411027029	0.974588972971	0.0	0.0
-แกะ	0.7265917603	0.24531835206	0.0112359550562	0.0168539325842
-เตด	0.135726659794	0.0470078228247	0.0154570934918	0.80180842389
-ูมง	0.25748502994	0.579507651364	0.0499001996008	0.113107119095
-ูมก	0.105645612074	0.385131358301	0.467300167691	0.0419228619341
-แกว	0.430939226519	0.469613259669	0.0497237569061	0.0497237569061
-ปุซ	0.884026258206	0.054704595186	0.019693654267	0.0415754923414
-องา	0.783132530121	0.0963855421687	0.10843373494	0.0120481927711
-นฮๆ	0.25178919974	0.409238776838	0.280416395576	0.0585556278465
-องะ	0.57736289696	0.231100474726	0.1243570511	0.0671795772138
-ซิด	0.0	1.0	0.0	0.0
-ูมิ	0.0	0.843137254902	0.0	0.156862745098
ALL	0.225193132808	0.274145631249	0.0511154368864	0.449545799057
-ตุซ	0.302532531609	0.138161963793	0.0986064562827	0.460699048316
-ูมา	0.363735366186	0.568744895181	0.0386604955078	0.0288592431255
-เตอ	0.0696523909824	0.0221017815471	0.00661439645724	0.901631431013
-เตฮ	0.0983250220648	0.36876502897	0.51978049498	0.0131294539849
-ซิน	0.0	1.0	0.0	0.0
-โบจ	0.380512310521	0.471048761146	0.0868135412821	0.0616253870509
-เตะ	0.23532068654	0.56413730804	0.157181571816	0.0433604336043
-ซิก	0.0599520394401	0.253653045455	0.284731827626	0.401663087479
-บรู	0.0131386861314	0.94598540146	0.0350364963504	0.00583941605839
-แจะ	0.521568627451	0.21568627451	0.21568627451	0.0470588235294
-โบน	0.956896551724	0.0431034482758	0.0	0.0
-ัจๆ	0.18197003442	0.204039279206	0.0584632516704	0.555527434703
-ีงี	0.196654106816	0.208193867988	0.295825921746	0.29932610345
-ิลี	0.00276650682405	0.979804500184	0.0146624861675	0.00276650682405
-ูกา	0.689531486635	0.13911578889	0.101884935419	0.0694677890564
-ตัน	0.128205128205	0.628205128205	0.230769230769	0.0128205128205
-ปัย	0.309220057357	0.366651391065	0.282736599355	0.0413919522219
-ตับ	0.493246642672	0.322729207787	0.17125275746	0.0127713920817
-ูกู	0.534894837476	0.419694072658	0.0425430210325	0.00286806883365
-ีงู	0.0665168539325	0.73393258427	0.0957303370786	0.103820224719
-ตัก	0.122732513018	0.414603211457	0.0356408375326	0.427023437993
-รัก	0.190227013526	0.380579158343	0.0629429888262	0.366250839305
-ตัง	0.363191925564	0.485570099353	0.114808389844	0.036429585239
-โยด	0.00474777448071	0.995252225519	0.0	0.0
-รัซ	0.16843745573	0.482646267177	0.187561977617	0.161354299476
-ตัจ	0.652847981894	0.100150886458	0.0159939645417	0.231007167107
-ตัซ	0.0213006402045	0.82024301641	0.026918761508	0.131537581878
-รัจ	0.326788739648	0.541495145543	0.0830210126365	0.0486951021717
-ิทา	0.0	1.0	0.0	0.0
-โยน	0.0149253731343	0.940298507463	0.044776119403	0.0
-อฌา	0.369092143947	0.582098265788	0.0231080905065	0.0257014997581
-ดอน	0.0	0.996447602131	0.0	0.00355239786856
-อฌะ	0.519600769601	0.257936507937	0.132515632516	0.089947089947
-ปัจ	0.253914166464	0.292878958088	0.0973166202423	0.355890255206
-าทู	0.0	0.98347107438	0.0165289256198	0.0
-จอฮ	0.503398058252	0.355339805825	0.0888349514563	0.052427184466
-ฮลี	0.0502793296089	0.949720670391	0.0	0.0
-ะตู	0.0430498269304	0.322711015216	0.00836315766501	0.625876000188
-าทา	0.0329072613544	0.856404677726	0.00244764753875	0.108240413381
-ะวา	0.222109533469	0.643509127789	0.090770791075	0.0436105476673
-รัม	0.0	1.0	0.0	0.0
-ตัย	0.0916194452729	0.867461974351	0.0226662690128	0.0182523113629
-รัฮ	0.274190277264	0.372747401632	0.283396859447	0.0696654616568
-ตัฮ	0.249520367644	0.422879578816	0.248293401151	0.0793066523893
-เงา	0.622468853371	0.333013880731	0.0166939747117	0.0278232911862
-ปัซ	0.418450103408	0.181604404421	0.0912570113977	0.308688480773
-เงะ	0.025925529284	0.898312097062	0.0322074844568	0.0435548891972
-ฆาด	0.0	1.0	0.0	0.0
-ูกด	0.22972972973	0.628378378378	0.0878378378378	0.054054054054
-าโน	0.0	1.0	0.0	0.0
-ทคด	0.0	0.987179487179	0.0128205128205	0.0
-ฌิิ	0.483516483516	0.120879120879	0.32967032967	0.0659340659341
-อบุ	0.805555555556	0.148148148148	0.0185185185185	0.0277777777778
-ฮัด	0.0378070177055	0.775671009572	0.0216464648313	0.164875507891
-าโซ	0.15503875969	0.808785529716	0.0	0.0361757105943
-แมง	0.536023054755	0.417867435158	0.0172910662824	0.028818443804
-เฌด	0.279788334043	0.239097378505	0.293169515236	0.187944772216
-อบี	0.0600858369099	0.931330472103	0.0	0.00858369098714
-ีฮา	0.122191605407	0.32314941839	0.00623979244165	0.548419183761
-ดิก	0.0709120788825	0.468447000822	0.0271158586689	0.433525061627
-ฆาะ	0.393073593074	0.4	0.149783549784	0.0571428571428
-ายะ	0.010101010101	0.962962962963	0.006734006734	0.020202020202
-เงน	0.623892731465	0.362486348744	0.00606722485135	0.00755369493993
-ฌิด	0.0439742106133	0.805422383865	0.122168953546	0.0284344519755
-อตี	0.128403031154	0.867387033399	0.0	0.00420993544767
-าโย	0.0236220472441	0.976377952756	0.0	0.0
-ลีย	0.00675675675675	0.993243243243	0.0	0.0
-อตะ	0.458333333333	0.0520833333333	0.0208333333333	0.46875
-าโล	0.0323552827678	0.908361133991	0.00471073082443	0.0545728524164
-อตา	0.087068889809	0.863625528498	0.0350031992171	0.0143023824758
-มยํ	0.174928774929	0.760113960114	0.0239316239316	0.0410256410256
-อตู	0.463841376399	0.329497718731	0.151387856009	0.0552730488614
-ปัก	0.434747604863	0.46542146365	0.0708477578295	0.0289831736575
-ูงา	0.0494450674131	0.899873738489	0.0463547506997	0.00432644339864
-ฮยํ	0.164145359631	0.638071429884	0.148521221256	0.0492619892285
-ูงี	0.20218579235	0.563387978142	0.21693989071	0.0174863387978
-งอซ	0.692742163231	0.236656311776	0.0508330979949	0.019768426998
-ูงู	0.340825226434	0.532036229453	0.050318685005	0.0768198591076
-งอจ	0.309547391092	0.633385212784	0.0249964627647	0.0320709333585
-บุซ	0.541972477064	0.421788990826	0.0240825688073	0.0121559633027
-อลุ	0.521806853583	0.423676012461	0.0545171339564	0.0
-บบา	0.0919540229885	0.816091954023	0.0	0.0919540229885
-โวฮ	0.12030075188	0.321303258145	0.109096270087	0.449299719888
-งัด	0.507936507936	0.380952380952	0.111111111111	0.0
-ทัด	0.0129032258065	0.948387096774	0.0129032258065	0.0258064516129
-าวู	0.109429619819	0.626571422368	0.259439390321	0.00455956749246
-มรา	0.116129032258	0.858064516129	0.0172043010753	0.00860215053763
-าวะ	0.573033707865	0.134831460674	0.292134831461	0.0
-666	0.031746031746	0.0	0.0	0.968253968254
-าวา	0.365950371886	0.379258238922	0.0201646011983	0.234626787994
-ตกก	0.0266666666667	0.946666666667	0.0133333333333	0.0133333333333
-ฆโล	0.0	0.964912280702	0.0350877192982	0.0
-าตู	0.0215437649429	0.88381839917	0.048892531164	0.0457453047231
-โวน	0.312775330396	0.449339207049	0.237885462555	0.0
-าตา	0.0593294931363	0.321766548107	0.0572377836787	0.561666175078
-าตะ	0.262711864407	0.635593220339	0.0338983050847	0.0677966101695
-เบฮ	0.0440073436354	0.0728916685624	0.204817578587	0.678283409215
-วิด	0.0117858345493	0.982826355371	0.00269390503985	0.00269390503985
-อชี	0.922998753563	0.0617581911574	0.0114322914599	0.00381076381997
-าตี	0.333574135312	0.381315445527	0.177711124173	0.107399294988
-144	0.0752688172043	0.118279569892	0.0	0.806451612903
-โยะ	0.633565490901	0.310042687037	0.0462817344417	0.0101100876208
-โวจ	0.380795418146	0.607158599052	0.00106771211196	0.0109782706897
-อุม	0.0202754399388	0.967100229533	0.0103289977047	0.00229533282326
-ะมะ	0.0676923076923	0.876923076923	0.0184615384615	0.0369230769231
-รีน	0.0403225806452	0.948924731183	0.00537634408602	0.00537634408602
-ีฌี	0.166321535787	0.650612434692	0.0315811417377	0.151484887783
-ติก	0.264775413712	0.699763593381	0.0212765957447	0.0141843971631
-เกะ	0.416984218573	0.382038381136	0.0614216861101	0.13955571418
-เกา	0.0146060318852	0.026085298776	0.00366035965848	0.95564830968
-ริง	0.0084388185654	0.0267229254571	0.964838255977	0.0
-ริก	0.415216511534	0.371914204775	0.150546337515	0.0623229461756
-ีบา	0.731543624161	0.255033557047	0.0	0.0134228187919
-ูดอ	0.0415282392026	0.430370985604	0.517718715393	0.0103820598007
-งัน	0.0868245967151	0.0842918703438	0.0176652450409	0.8112182879
-ติด	0.0265486725664	0.973451327434	0.0	0.0
-โฮะ	0.622860298178	0.297625621204	0.0579790171176	0.0215350635008
-ริด	0.00346798214871	0.992649641225	0.00254220725308	0.00134016937272
-ีบู	0.0230613744947	0.203509739067	0.00826901874311	0.765159867696
-ติน	0.0	0.979591836735	0.0204081632653	0.0
-เกน	0.785198555957	0.12274368231	0.0866425992779	0.00541516245487
-าฮี	0.0	0.816866728224	0.183133271776	0.0
-ปิก	0.179118100055	0.118062025822	0.0430491909262	0.659770683197
-าฮะ	0.116873630387	0.803899533629	0.0269708377817	0.052255998202
-บรา	0.036231884058	0.775362318841	0.188405797101	0.0
-ฆูๆ	0.0902625820569	0.757111597374	0.0590809628009	0.093544857768
-บรี	0.404853930294	0.00738596238374	0.00290168513297	0.58485842219
-าฮู	0.776334651253	0.163794439165	0.0234700986761	0.0364008109054
-ฌิๆ	0.704081632653	0.142857142857	0.0102040816327	0.142857142857
-โฮด	0.0426882696961	0.897202860841	0.0140820848261	0.0460267846364
-าเย	0.149275993413	0.776461402165	0.0127132853832	0.0615493190384
-ทุย	0.685106382979	0.276595744681	0.0255319148936	0.0127659574468
-โตจ	0.192821121329	0.205181449619	0.373578562247	0.228418866805
-ยับ	0.0197768762678	0.975659229209	0.00152129817444	0.00304259634889
-เฮะ	0.385726642286	0.377676444256	0.207537291917	0.0290596215421
-ดับ	0.303548974826	0.577382021607	0.0721085991429	0.0469604044241
-เฮา	0.0212765957447	0.660826032541	0.290863579474	0.0270337922403
-ดัด	0.0967121556438	0.273192902307	0.0132659829583	0.616828959091
-ึญา	0.0673436664885	0.846071619455	0.0176376269375	0.0689470871192
-ยัด	0.0743776563449	0.880206435944	0.0222222222222	0.0231936854888
-โตก	0.435231104939	0.466375719103	0.0575282682008	0.0408649077564
-โตน	0.116589485154	0.74189594116	0.04140561155	0.100108962136
-เฮม	0.00480384307445	0.990392313851	0.0	0.00480384307445
-ยัซ	0.332390055504	0.388658804669	0.138941180757	0.140009959071
-ยัจ	0.121982210928	0.771283354511	0.106734434562	0.0
-เฮย	0.361829025845	0.574552683897	0.027833001988	0.0357852882704
-เฮอ	0.0662251655629	0.105960264901	0.774834437086	0.0529801324503
-ฌัฮ	0.435432059107	0.318262126566	0.218358496627	0.0279473177
-ดัง	0.0689655172414	0.931034482759	0.0	0.0
-ดัก	0.219506849315	0.747616438356	0.00783561643835	0.0250410958904
-รดา	0.0	1.0	0.0	0.0
-ยัก	0.40343664947	0.436625096478	0.0839419913068	0.0759962627452
-ฌัด	0.164620187305	0.81540062435	0.0199791883455	0.0
-ูเซ	0.693191865606	0.26967285588	0.0106100795756	0.026525198939
-บัด	0.0422025723473	0.923507837621	0.0253215434084	0.0089680466238
-โตฮ	0.593296827381	0.185514699161	0.0309935790554	0.190194894403
-ทัย	0.003861003861	0.996138996139	0.0	0.0
-ทัม	0.0	1.0	0.0	0.0
-โตร	0.0204979438299	0.950428767254	0.00679014313494	0.0222831457809
-อมา	0.519500107736	0.268907563025	0.132730015083	0.0788623141564
-ีละ	0.479899497488	0.286432160804	0.173366834171	0.0603015075377
-ฌับ	0.118405262757	0.488408554876	0.341825262814	0.0513609195535
-บัน	0.219662058372	0.442396313364	0.304147465438	0.0337941628264
-ยัฮ	0.248508449516	0.398340292167	0.20553721848	0.147614039837
-ดัฮ	0.206485623633	0.0273194749495	0.0121423966796	0.754052504738
-ตยํ	0.0578093306288	0.934584178499	0.00608519269777	0.00152129817444
-บัก	0.24069774738	0.58398694861	0.0519545711238	0.123360732886
-ัซๆ	0.555680539932	0.118461754781	0.0939257592801	0.231931946007
-โตะ	0.247592045984	0.480852881777	0.111076588473	0.160478483766
-ูตา	0.0403302635757	0.0203239123531	0.923785328676	0.0155604953954
-ดัม	0.0	1.0	0.0	0.0
-ดัย	0.00247831474597	0.997521685254	0.0	0.0
-เมน	0.135090176852	0.18464367011	0.0365960427246	0.643670110313
-อกะ	0.10469070495	0.131272824616	0.0271298430008	0.736906627433
-อกา	0.0	0.987012987013	0.0	0.012987012987
-เมด	0.618640461554	0.0768917197184	0.0112062536937	0.293261565034
-ีรู	0.12205299395	0.511266430211	0.35416232005	0.0125182557897
-กอบ	0.00234999216669	0.996240012533	0.000939996866677	0.000469998433339
-ูปา	0.110899833575	0.0676033449067	0.0785022466487	0.74299457487
-ูปะ	0.103244837758	0.336283185841	0.560471976401	0.0
-เมก	0.0186065939491	0.972944493492	0.00332260606233	0.00512630649617
-ตอจ	0.205936140107	0.236090717356	0.37442934565	0.183543796887
-ยุม	0.0656934306569	0.906436629064	0.0238885202389	0.00398142003981
-ฮัม	0.0140167122338	0.949131656976	0.0330393931226	0.00381223766799
-งุจ	0.82568359375	0.1171875	0.02490234375	0.0322265625
-เมา	0.292049259376	0.0435815043186	0.0238650539676	0.640504182338
-ยุฮ	0.364130434783	0.236413043478	0.195652173913	0.203804347826
-งุน	0.0416726979875	0.928887438448	0.00718494792887	0.0222549156361
-แงฮ	0.635914000202	0.321102923859	0.0214326570439	0.0215504188957
-าระ	0.210982867883	0.706067323679	0.0466253825209	0.0363244259174
-ซนา	0.138888888889	0.75	0.0	0.111111111111
-ารา	0.0919764915906	0.786994231674	0.0766550745596	0.0443742021762
-อิน	0.00877192982458	0.964912280702	0.00877192982458	0.0175438596491
-ารี	0.286480077528	0.513469113216	0.0247422194122	0.175308589844
-ารู	0.0989687580815	0.21426246266	0.440142584477	0.246626194781
-งับ	0.15625	0.09375	0.75	0.0
-แซก	0.465753424658	0.479452054795	0.0	0.0547945205479
-อบะ	0.6	0.204395604396	0.169230769231	0.0263736263736
-ลิม	0.0	0.965517241379	0.0344827586207	0.0
-อฆู	0.434064348579	0.384143702208	0.0822392151205	0.0995527340932
-งัก	0.222560132707	0.641415537738	0.077965164501	0.0580591650539
-อิก	0.115702479339	0.256198347107	0.628099173554	0.0
-อบา	0.559633027523	0.36880733945	0.0495412844037	0.0220183486238
-อฆา	0.220154232042	0.507738285836	0.190288451275	0.0818190308464
-งัจ	0.307908407272	0.579685113349	0.0484545220674	0.0639519573114
-คัจ	0.397097442436	0.270721853057	0.0201043378364	0.31207636667
-ซาม	0.0	1.0	0.0	0.0
-ลิบ	0.0014798372179	0.991490935997	0.00369959304476	0.00332963374029
-ึนะ	0.290304073437	0.408491107286	0.134251290878	0.166953528399
-ารก	0.258278145695	0.632450331126	0.0198675496689	0.0894039735099
-ลิก	0.312126848401	0.30550142629	0.0141578821675	0.368213843142
-งัย	0.601540758517	0.28615943584	0.0951967838543	0.017103021788
-งัม	0.383838383838	0.434343434343	0.121212121212	0.0606060606061
-คัด	0.0272904483431	0.964912280702	0.00584795321638	0.00194931773879
-งัฮ	0.279945016194	0.129850670797	0.0324420421188	0.55776227089
-าฌา	0.0539478243782	0.840375501143	0.0172661680007	0.0884105064786
-อิม	0.0	1.0	0.0	0.0
-เชน	0.224776500639	0.775223499361	0.0	0.0
-โรก	0.0596055715176	0.883672997522	0.00549360106153	0.0512278298988
-จซี	0.0295358649789	0.970464135021	0.0	0.0
-ีฆะ	0.667367978119	0.217406550249	0.00806508170279	0.107160389929
-ีฆา	0.023348547926	0.0232482319306	0.309374529769	0.644028690375
-วุซ	0.0	0.965156794425	0.0348432055749	0.0
-โรจ	0.623948185681	0.103269379365	0.0252483373951	0.247534097559
-อดะ	0.0680597357182	0.121162610715	0.0477255138017	0.763052139766
-แนฮ	0.0841381958282	0.532033416964	0.113728890978	0.27009949623
-บละ	0.290251916758	0.700985761227	0.00438116100768	0.00438116100768
-ะบา	0.00942408376964	0.960732984293	0.0235602094241	0.00628272251309
-อดี	0.515527950311	0.391304347826	0.055900621118	0.0372670807453
-ลอี	0.0	0.96	0.02	0.02
-โรด	0.180153442059	0.355488941982	0.0230014691261	0.441356146833
-โรต	0.129032258065	0.838709677419	0.0	0.0322580645161
-บโอ	0.0357142857142	0.964285714286	0.0	0.0
-ูริ	0.280334728033	0.238493723849	0.400532521871	0.0806390262457
-ยอบ	0.0131578947368	0.986842105263	0.0	0.0
-วัฮ	0.163227024186	0.456190769449	0.067586189702	0.312996016663
-โรบ	0.0806349687823	0.891559869569	0.0278051616491	0.0
-400	0.0	0.515463917526	0.0515463917526	0.432989690722
-โรม	0.035485526815	0.684424308702	0.267815296717	0.0122748677662
-วัด	0.185197054229	0.381481905247	0.147846588739	0.285474451785
-ีกอ	0.0	0.913043478261	0.0434782608696	0.0434782608696
-ยยํ	0.827118644068	0.172881355932	0.0	0.0
-โรฮ	0.606755091137	0.260157169242	0.0159597073213	0.1171280323
-รูด	0.0	1.0	0.0	0.0
-โระ	0.271838696174	0.6194912167	0.0784696116067	0.0302004755197
-ีกะ	0.115501519757	0.857142857143	0.0182370820669	0.00911854103344
-ีกา	0.0108459869848	0.958785249458	0.0260303687635	0.00433839479392
-ีกิ	0.113743451667	0.130747168486	0.554010945594	0.201498434253
-วัก	0.389910012139	0.268888214493	0.0593761545363	0.281825618832
-ฆทา	0.00836820083682	0.97489539749	0.0167364016736	0.0
-าซอ	0.0	1.0	0.0	0.0
-ดีย	0.0102745856156	0.966043747539	0.00977338631726	0.0139082805284
--จะ	0.107736551334	0.0701219351725	0.0198444461826	0.802297067311
-ีฆี	0.00337461432979	0.984814235516	0.0118111501543	0.0
-ญะๆ	0.351227732306	0.354718343765	0.147448242658	0.146605681271
-ีมอ	0.375634517766	0.152284263959	0.106598984772	0.365482233503
-ีมา	0.0156310518453	0.0455098766115	0.0665357162618	0.872323355281
-เคม	0.0487804878049	0.951219512195	0.0	0.0
-อแม	0.0515021459227	0.922746781116	0.0257510729613	0.0
-ีโย	0.0147874306839	0.96303142329	0.0147874306839	0.00739371534196
-อแล	0.250544662309	0.331154684096	0.395424836601	0.0228758169935
-อยํ	0.0790526080401	0.751400764617	0.146726669714	0.0228199576291
-โตด	0.506117460821	0.36018334855	0.0761342613302	0.0575649292985
-าโร	0.0400968783639	0.938105489774	0.0064585575888	0.0153390742734
-เญฮ	0.442028985507	0.36231884058	0.186956521739	0.0086956521739
-ีโป	0.018691588785	0.943925233645	0.0373831775701	0.0
-ฮอย	0.123268262301	0.055199665942	0.0276298475375	0.793902224219
-จาะ	0.0588843315996	0.916407341023	0.00969859579287	0.0150097315842
-าโม	0.0	1.0	0.0	0.0
-ซลี	0.0	1.0	0.0	0.0
-ซลา	0.0	1.0	0.0	0.0
-อบๆ	0.0	0.0247349823321	0.932862190813	0.0424028268551
-บดี	0.00328947368421	0.996710526316	0.0	0.0
-ลยา	0.0	1.0	0.0	0.0
-เญา	0.0085695410145	0.0178712603204	0.00525791733946	0.968301281326
-เลม	0.00931995328105	0.987676685815	0.000143017185899	0.00286034371797
-เออ	0.0123054729491	0.129075373318	0.00362907168328	0.85499008205
-เอฮ	0.370525059666	0.618735083532	0.0107398568019	0.0
-เฟน	0.140901060071	0.748233215548	0.00662544169612	0.104240282686
-ลยํ	0.343069108408	0.163213474135	0.112952813795	0.380764603663
-กัย	0.482249680312	0.287081911553	0.185459007586	0.0452094005492
-ดิด	0.027397260274	0.972602739726	0.0	0.0
-ยิน	0.0	1.0	0.0	0.0
-าบี	0.0623960066555	0.92762063228	0.00499168053244	0.00499168053244
-เอย	0.448680351906	0.277126099707	0.274193548387	0.0
-นอฮ	0.55912290888	0.204644010596	0.173358856189	0.062874224335
-ิโค	0.0	1.0	0.0	0.0
-เอะ	0.73642384106	0.127152317881	0.0476821192053	0.0887417218543
-อยา	0.209964412811	0.747330960854	0.0213523131673	0.0213523131673
-ดีๆ	0.0436241610738	0.657718120805	0.00335570469798	0.295302013423
-แดน	0.00880281690141	0.991197183099	0.0	0.0
-ูตอ	0.146110056926	0.81669829222	0.019734345351	0.0174573055028
-นอซ	0.230984423016	0.540239482886	0.0896640881636	0.139112005934
-จีย	0.0225988700565	0.858757062147	0.107344632768	0.0112994350282
-าโฮ	0.0	1.0	0.0	0.0
-ีดา	0.0422201262374	0.0912131800269	0.00681624829594	0.85975044544
-ยิว	0.0146041594414	0.821880323639	0.145851039098	0.0176644778213
-ันๆ	0.124087591241	0.350364963504	0.394160583942	0.131386861314
-ิโม	0.1625	0.78125	0.0125	0.04375
-เอน	0.0377310954615	0.92135855938	0.0199752858325	0.020935059326
-ญูง	0.777346749101	0.0303067038429	0.0147492625369	0.177597284519
-ีดี	0.164254121431	0.603940490551	0.207076799357	0.024728588661
-เอด	0.0347403161369	0.954663887441	0.00382143477506	0.00677436164669
-200	0.101317122594	0.452887537994	0.0607902735562	0.385005065856
-ฟัด	0.00423728813559	0.987288135593	0.00564971751413	0.00282485875706
-ับๆ	0.473684210526	0.442105263158	0.0421052631579	0.0421052631579
-มุน	0.330623079825	0.545586347346	0.0261630871259	0.0976274857034
-าแป	0.437931034483	0.0793103448277	0.462068965517	0.0206896551724
-ฆัด	0.217462932455	0.313673805601	0.421416803954	0.0474464579901
-เฆะ	0.853281853282	0.123552123552	0.00772200772201	0.015444015444
-เฆา	0.617647058824	0.0588235294118	0.0294117647059	0.294117647059
-เฆอ	0.423589504388	0.0679601855575	0.00357261971477	0.50487769034
-มุซ	0.502774694783	0.390677025527	0.0799112097669	0.0266370699223
-เฆฮ	0.467625899281	0.258992805755	0.258992805755	0.0143884892086
-โรน	0.029304029304	0.956043956044	0.014652014652	0.0
-อปา	0.126401630989	0.7624872579	0.045871559633	0.0652395514781
-ฆัจ	0.629685157421	0.152923538231	0.134932533733	0.0824587706147
-อปะ	0.234998522022	0.129766479456	0.0679869937925	0.567248004729
-อปี	0.362227034719	0.0582596376481	0.00836292602555	0.571150401608
-าแก	0.0283896100431	0.913959559036	0.0251521983715	0.0324986325493
-เฆน	0.0	1.0	0.0	0.0
-เฆด	0.327648059186	0.6296503184	0.0199853523505	0.0227162700629
-าแฮ	0.615384615385	0.2	0.0307692307692	0.153846153846
-กเก	0.0519587401198	0.88821229883	0.0186440185136	0.0411849425362
-ูนา	0.134993973483	0.225621776914	0.50701002218	0.132374227423
-ฆัฮ	0.131030941088	0.683547909628	0.148351261599	0.0370698876849
-ซวา	0.0	1.0	0.0	0.0
-ฮับ	0.0449438202247	0.943820224719	0.0	0.0112359550562
-ยเซ	0.0185471406491	0.888717156105	0.00927357032457	0.0834621329211
-ฮัน	0.0243760999656	0.905668971682	0.0475365938962	0.0224183344565
-ีปะ	0.53656801366	0.425014228799	0.0204894706887	0.0179282868526
-มัจ	0.313259574414	0.616466689378	0.0489050690323	0.0213686671763
-มัซ	0.287019587688	0.394951744618	0.237450745246	0.0805779224487
-มัง	0.0571428571429	0.942857142857	0.0	0.0
-มัก	0.248248201117	0.27254028727	0.339200180407	0.140011331206
-ีเซ	0.104898347127	0.089598256717	0.0885550687345	0.716948327422
-เนฮ	0.119590443686	0.751535836177	0.113310580205	0.0155631399317
-ฮัจ	0.6646018847	0.128682198713	0.113863985495	0.0928519310919
-ยอม	0.538129699438	0.177293527123	0.14352813111	0.141048642329
-มัน	0.111473218016	0.564580373806	0.111138965488	0.21280744269
-ญัง	0.432006229923	0.353256108245	0.111943930692	0.10279373114
-มับ	0.25	0.3875	0.025	0.3375
-มัด	0.010752688172	0.987455197133	0.0	0.00179211469534
-นรี	0.0	1.0	0.0	0.0
-ฮัก	0.430188679245	0.462264150943	0.0396226415094	0.0679245283019
-ีเป	0.547227926078	0.369609856263	0.0585215605749	0.0246406570842
-รเฟ	0.0892857142857	0.875	0.0357142857143	0.0
-ปีย	0.0	0.575342465753	0.424657534247	0.0
-เนก	0.0582524271844	0.941747572816	0.0	0.0
-มัฮ	0.177499452046	0.721326361274	0.0488381372622	0.0523360494178
-เบด	0.115702479339	0.820936639119	0.0	0.0633608815427
-ีเม	0.370999346832	0.33115610712	0.188765512737	0.109079033312
-ีเฮ	0.366290018832	0.503766478343	0.0169491525424	0.112994350282
-มัม	0.0	1.0	0.0	0.0
-มัย	0.212582569906	0.700073015185	0.0566438113927	0.0307006035161
-153	0.0655737704918	0.0327868852459	0.0983606557377	0.803278688525
-เนด	0.0	1.0	0.0	0.0
-ลซี	0.0	1.0	0.0	0.0
-ระๆ	0.0178571428571	0.0892857142857	0.142857142857	0.75
-ูดี	0.0412025026706	0.813825728674	0.142224935144	0.00274683351137
-ูดา	0.0556054321102	0.771545888484	0.151466569099	0.0213821103066
-ะนะ	0.15	0.6875	0.1625	0.0
-าซู	0.0432432432433	0.896216216216	0.0583783783784	0.00216216216216
-ซุด	0.0184615384615	0.981538461538	0.0	0.0
-าซะ	0.105219746787	0.76479363949	0.129040109254	0.000946504468853
-ะนู	0.350223546945	0.314456035768	0.0	0.335320417288
-าซา	0.389732509956	0.417116783025	0.109817642411	0.0833330646072
-าซี	0.187904036776	0.674184743571	0.114638701336	0.0232725183163
-ลอจ	0.158762886598	0.767010309278	0.0	0.0742268041237
-งะๆ	0.172839506173	0.274348422497	0.0727023319616	0.480109739369
-ฮุน	0.190909090909	0.754545454545	0.0	0.0545454545455
-ซัฮ	0.355785315985	0.398439436183	0.134057465923	0.111717781908
-ูบา	0.17093373494	0.504769076305	0.297439759036	0.0268574297189
-ซุจ	0.763895990066	0.141090253938	0.0694495167141	0.0255642392813
-ซัย	0.322513089005	0.451190915124	0.122232873682	0.104063122189
-ซับ	0.124958777225	0.33505871557	0.529945657629	0.0100368495763
-ซัน	0.258166276113	0.179462218297	0.0297145135234	0.532656992066
-โคก	0.893175074184	0.0178041543027	0.0178041543027	0.0712166172107
-าคา	0.858948133394	0.0744354426291	0.0302801927166	0.03633623126
-แญะ	0.476702329767	0.0729364563543	0.0281846815318	0.422176532347
-ซัด	0.335676957763	0.624661705741	0.0189618547431	0.0206994817527
-ซัจ	0.497001820944	0.254671244157	0.0945267284473	0.153800206451
-โซก	0.183706526918	0.184564078132	0.0508813720819	0.580848022868
-ซัก	0.0122574055158	0.983656792646	0.00408580183861	0.0
-าโฟ	0.0357142857142	0.964285714286	0.0	0.0
-โยบ	0.663204747775	0.292284866469	0.0118694362018	0.0326409495549
-นัง	0.299380485932	0.384177762449	0.245646444393	0.0707953072258
-นัก	0.239977362933	0.70136569968	0.0410346815192	0.0176222558671
-คุม	0.0	0.971428571429	0.0	0.0285714285714
-พัย	0.0372208436724	0.947890818859	0.014888337469	0.0
--กะ	0.391891891892	0.388513513514	0.194256756757	0.0253378378378
-ูนู	0.520137867869	0.397189616525	0.0727903781725	0.00988213743401
-นัจ	0.540587219344	0.303972366148	0.145077720207	0.0103626943005
-นัซ	0.14025974026	0.735064935065	0.0	0.124675324675
-โซน	0.0363766048502	0.950784593438	0.00855920114123	0.00427960057062
-กีย	0.0363636363636	0.927272727273	0.0363636363636	0.0
-ยนา	0.0368184589347	0.943749576628	0.0122728196449	0.00715914479285
-ูรก	0.621146732429	0.177250308261	0.101726263872	0.0998766954377
-นัน	0.0045563655761	0.305320945946	0.68078769559	0.00933499288761
-ีซา	0.094165718303	0.842772303378	0.0387942251448	0.0242677531743
-ีซะ	0.454861111111	0.513888888889	0.0104166666667	0.0208333333333
-นัม	0.538949079825	0.325128506244	0.0584239281278	0.0774984858036
-ปลา	0.477746018783	0.338505512454	0.14699877501	0.0367496937526
-โซฮ	0.239781453323	0.681672363635	0.0610500549417	0.0174961281005
-นัย	0.107177040082	0.576380425128	0.259634916372	0.0568076184181
-นัฮ	0.268085300461	0.557665118158	0.114476710472	0.0597728709091
-จยํ	0.67338470658	0.305275637226	0.0	0.0213396561944
-โวด	0.298064516129	0.657419354839	0.0232258064516	0.0212903225806
-ูรู	0.0828045685279	0.778236040609	0.127538071066	0.0114213197969
-โซะ	0.194106712087	0.0386933521658	0.0208223884608	0.746377547287
-ูรี	0.31991327378	0.559215499402	0.0577062631258	0.0631649636917
-วัจ	0.699618450804	0.112915368918	0.0117043760969	0.175761804181
-ูรา	0.0793969849246	0.673366834171	0.0723618090452	0.174874371859
-ูรั	0.439024390244	0.292682926829	0.268292682927	0.0
-ูระ	0.73220023344	0.0703597329871	0.107441213886	0.0899988196876
-เซบ	0.0179343812638	0.960087210325	0.00843970883004	0.0135386995815
-ูแร	0.844109589041	0.125479452055	0.0139726027397	0.0164383561644
-เซน	0.0114919354839	0.980040322581	0.00604838709677	0.00241935483871
-เซด	0.0986106942998	0.673521987043	0.199939979169	0.0279273394884
-ริน	0.0205761316873	0.90329218107	0.0164609053498	0.059670781893
-งอฮ	0.647670549085	0.0798668885191	0.0	0.272462562396
-ลเว	0.0579710144928	0.840579710145	0.0869565217391	0.0144927536232
-กาะ	0.556179993024	0.331498779117	0.082206116042	0.0301151118174
-พุจ	0.763636363636	0.163636363636	0.0727272727273	0.0
-มีๆ	0.576470588235	0.0705882352941	0.0	0.352941176471
-ีนะ	0.396907216495	0.134020618557	0.469072164948	0.0
-รุย	0.592964824121	0.309045226131	0.0979899497487	0.0
-ีนา	0.536023054755	0.166884988211	0.0094314906995	0.287660466335
-ีนี	0.0682954654317	0.209636288097	0.0245077890984	0.697560457373
-เซก	0.0	1.0	0.0	0.0
-บยํ	0.422565033273	0.450998185118	0.0919540229885	0.0344827586207
-รุบ	0.0655737704918	0.83606557377	0.016393442623	0.0819672131148
-ดาๆ	0.187308085977	0.11207778915	0.651995905834	0.0486182190379
-ซรี	0.0395703532099	0.66940170168	0.273378741583	0.0176492035273
-านะ	0.0913352174589	0.860240757695	0.0256321799769	0.0227918448688
-โซด	0.45637176863	0.366916837237	0.0636797816694	0.113031612463
-ฟบี	0.272727272727	0.727272727273	0.0	0.0
-เซา	0.0723155588021	0.861272193318	0.0206615882292	0.0457506596503
-บพา	0.0779456193353	0.915407854985	0.0012084592145	0.00543806646526
-ีนง	0.130982367758	0.567310383431	0.222781975931	0.07892527288
-านู	0.258883248731	0.228426395939	0.277495769882	0.235194585448
-เซฮ	0.179811576834	0.547157381759	0.235171795258	0.0378592461486
-รุซ	0.148211243612	0.238500851789	0.487223168654	0.126064735946
-โดซ	0.014598540146	0.043795620438	0.897810218978	0.043795620438
-รุก	0.0	1.0	0.0	0.0
-ะซี	0.332458088312	0.628179712742	0.0161070499319	0.023255149014
-ะซา	0.0656106208227	0.581324491436	0.0500235672571	0.303041320485
-เซม	0.0	1.0	0.0	0.0
-ามี	0.0223022024184	0.150187202024	0.00860706526219	0.818903530295
-อกี	0.192126196575	0.57678306593	0.217338546582	0.0137521909128
-ฟนา	0.0	1.0	0.0	0.0
-ีระ	0.0338803599788	0.868713605082	0.0762308099523	0.0211752249868
-อมะ	0.722966941556	0.063481241302	0.023735691083	0.189816126059
-ุยํ	0.515373765867	0.417489421721	0.0535966149507	0.0135401974612
-ดาะ	0.130325814536	0.749373433584	0.0601503759398	0.0601503759398
-แรก	0.0444444444444	0.918518518519	0.0222222222222	0.0148148148148
-นตะ	0.846292426317	0.083807739425	0.0260863298984	0.0438135043597
-นตา	0.0392156862745	0.960784313725	0.0	0.0
-อาะ	0.294695481336	0.599214145383	0.0943025540276	0.0117878192534
-ูจะ	0.559407869108	0.240358395014	0.0642773665758	0.135956369303
-ีซี	0.315136512772	0.163126904148	0.0650339817202	0.456702601359
-แระ	0.33440929632	0.47708198838	0.147191736604	0.0413169786959
-ูจู	0.155027932961	0.63687150838	0.174581005586	0.0335195530726
-มีย	0.0131578947368	0.986842105263	0.0	0.0
-มอฮ	0.0161417905383	0.143568423984	0.00469771898974	0.835592066488
-แรม	0.0634995296331	0.929444967074	0.0	0.00705550329258
-ปุฮ	0.313725490196	0.607843137255	0.078431372549	0.0
-อเฆ	0.02	0.94	0.04	0.0
-แรฮ	0.784989499201	0.0237914688608	0.00187585206825	0.189343179869
-ีตา	0.125179488545	0.15951697788	0.0172865258625	0.698017007712
-กซา	0.0512388217412	0.787575817261	0.0882306669854	0.0729546940119
-ซีย	0.0189266890273	0.957115476761	0.0135761060533	0.0103817281584
-บีย	0.0918032786885	0.855737704918	0.0262295081967	0.0262295081967
-รกๆ	0.160996645903	0.624341159559	0.214662194538	0.0
-โนก	0.14673046252	0.846889952153	0.0	0.00637958532695
-โนซ	0.0	1.0	0.0	0.0
-โนจ	0.0344827586207	0.931034482759	0.0344827586207	0.0
-ืลด	0.268041237113	0.298969072165	0.412371134021	0.020618556701
-โนด	0.0054347826087	0.975931677019	0.0116459627329	0.00698757763975
-อลก	0.269503546099	0.539007092199	0.120567375887	0.0709219858156
-ดรู	0.0026455026455	0.997354497354	0.0	0.0
-โนน	0.0	1.0	0.0	0.0
-อลี	0.840308370044	0.145814977974	0.00418502202643	0.00969162995595
-อละ	0.416698524087	0.176558226172	0.0807794505654	0.325963799176
-อลา	0.369363307408	0.515048479404	0.0320690630179	0.0835191501699
-โนฮ	0.12663085188	0.767843438219	0.1055257099	0.0
-รยา	0.0	1.0	0.0	0.0
-อัฮ	0.792079207921	0.029702970297	0.118811881188	0.0594059405941
-ทาะ	1.0	0.0	0.0	0.0
-ีโล	0.161982248521	0.694526627219	0.0658284023669	0.0776627218935
-ญุง	0.75	0.0	0.1875	0.0625
-มาะ	0.596153846154	0.230769230769	0.173076923077	0.0
-เยด	0.134364893047	0.70215062468	0.12616946722	0.0373150150532
-โนะ	0.413995912874	0.368140357873	0.167123560784	0.0507401684693
-เยน	0.426114045781	0.510497087905	0.0422592442097	0.0211296221048
-อัม	0.0379182156134	0.91970260223	0.017843866171	0.0245353159851
-ปิฮ	0.397626861904	0.459227467811	0.127240595809	0.0159050744761
-เลด	0.706534199465	0.247611769201	0.0275124188001	0.0183416125334
-มาๆ	0.156897737624	0.559701076348	0.0627405052702	0.220660680758
-โงน	0.234234234234	0.585585585586	0.18018018018	0.0
-แงะ	0.126868448031	0.803381306944	0.0544739686147	0.0152762764098
-เลน	0.0340425531915	0.965957446808	0.0	0.0
-เลบ	0.815856777494	0.166240409207	0.0076726342711	0.0102301790281
-ยระ	0.0	0.993174061433	0.0	0.00682593856655
-บาะ	0.0	0.807692307692	0.192307692308	0.0
-เลง	0.0736842105263	0.705263157895	0.210526315789	0.0105263157895
-เลก	0.0	1.0	0.0	0.0
-เทน	0.0183486238532	0.94495412844	0.0366972477064	0.0
-โงก	0.755947136564	0.173127753304	0.0396475770925	0.0312775330397
-นาย	0.0	1.0	0.0	0.0
-ูวา	0.0629324536486	0.0956232295854	0.149173429349	0.692270887417
-ูวะ	0.826923076923	0.134615384615	0.0192307692308	0.0192307692308
-เละ	0.209911173445	0.705937353904	0.0378681626929	0.046283309958
-นาน	0.0291262135922	0.970873786408	0.0	0.0
-เลา	0.739624478106	0.173418987012	0.00410489012802	0.0828516447544
-ฆยํ	0.684994040222	0.103852298953	0.0110572899495	0.200096370876
-นีย	0.0129982668977	0.959705372617	0.0259965337955	0.00129982668978
-โงะ	0.725999358827	0.147442581092	0.0550398649246	0.0715181951566
-ลุซ	0.0700888338963	0.638936310231	0.208142597631	0.082832258241
-ะโก	0.0247747747748	0.975225225225	0.0	0.0
-โงฮ	0.0913251363542	0.280750541458	0.191743028922	0.436181293266
-ูฌี	0.38259511561	0.556708278277	0.0280520101872	0.0326445959258
-างู	0.21549757552	0.33759164748	0.175920718962	0.270990058039
-ทีย	0.067612687813	0.893989983306	0.0	0.0383973288815
-เลอ	0.286264915668	0.0287543724679	0.00140981705177	0.683570894813
-เลฮ	0.735910317369	0.0266359932983	0.0501327225531	0.187320966779
-แลก	0.420620763468	0.384587941491	0.0920442383161	0.102747056725
-างา	0.0341296928327	0.918088737201	0.0409556313993	0.00682593856655
-ฟซา	0.0357142857143	0.964285714286	0.0	0.0
-ัยๆ	0.0923076923077	0.661538461538	0.0615384615385	0.184615384615
-เปน	0.0967741935483	0.887096774194	0.0	0.0161290322581
