-épi	0.0	0.833333333333	0.0	0.166666666667
-imô	0.284729449733	0.477060278237	0.0376965750351	0.200513696995
-épa	0.0	1.0	0.0	0.0
-úmó	0.923076923077	0.0769230769232	0.0	0.0
-imá	0.147921332947	0.0242873742354	0.00450833801935	0.823282954798
-úbi	0.335982199619	0.325053090043	0.0665147231878	0.27244998715
-oké	0.150891632373	0.705075445816	0.144032921811	0.0
-pau	0.579567981909	0.269240370637	0.0604766589818	0.0907149884727
-úba	0.212201591512	0.518125552608	0.0928381962865	0.176834659593
-nná	0.440742669098	0.194741571498	0.0374872600005	0.327028499404
-auq	0.210365186967	0.644216050733	0.0131204898316	0.132298272469
-oye	0.410612451872	0.233205292347	0.0361625275391	0.320019728243
-óîq	0.293986636971	0.504454342984	0.165924276169	0.0356347438753
-obí	0.12	0.843333333333	0.0366666666667	0.0
-oyo	0.750289017341	0.0416184971099	0.0285163776494	0.1795761079
-áwa	0.627816291161	0.239601386482	0.0	0.132582322357
-íbi	0.0	1.0	0.0	0.0
-táq	0.500110305704	0.434972389317	0.00481987969141	0.0600974252867
-úka	0.219493227918	0.343594063897	0.0781543645907	0.358758343594
-oyu	0.725274725275	0.032967032967	0.0879120879121	0.153846153846
-êti	0.151763740771	0.81542247744	0.0328137817884	0.0
-úke	0.02	0.96	0.0	0.02
-ête	0.685714285714	0.114285714286	0.0	0.2
-upé	0.587878787879	0.193939393939	0.145454545455	0.0727272727271
-úpí	0.0216852540272	0.445477075589	0.0	0.532837670384
-úko	0.0689655172414	0.931034482759	0.0	0.0
-qmé	0.417921413208	0.108294842747	0.0576363920444	0.416147352
-eqá	0.289476809972	0.253267984071	0.159376347985	0.297878857972
-utá	0.521936459909	0.155068078669	0.254916792738	0.0680786686838
-qmí	0.511627906977	0.209302325581	0.0697674418605	0.209302325581
-ens	0.0	0.81308411215	0.18691588785	0.0
-qmá	0.217046074984	0.183297756137	0.0347693043444	0.564886864535
-uté	0.184882198953	0.602421465969	0.11780104712	0.094895287958
-nai	0.248407643312	0.605095541401	0.108280254777	0.0382165605095
-óti	0.0405212140474	0.886381693946	0.00635626887018	0.0667408231369
-nóe	0.331985121616	0.222442262172	0.0283422998682	0.417230316344
-óte	0.256797583082	0.0302114803625	0.11329305136	0.599697885196
-úyô	0.522213561964	0.241231488698	0.156664068589	0.0798908807483
-óta	0.061797752809	0.904494382022	0.0337078651686	0.0
-úwa	0.0	1.0	0.0	0.0
-oáo	0.2	0.78	0.0	0.02
-oán	0.127365575248	0.68038449985	0.0	0.192249924902
-qtâ	0.0869565217391	0.782608695652	0.0724637681159	0.0579710144928
-ará	0.311171183854	0.0123960136079	0.000441761205529	0.675991041332
-ama	0.219636900114	0.367136187169	0.0703181824235	0.342908730293
-máq	0.428896785146	0.23121856581	0.0730696639639	0.26681498508
-tíq	0.221284184611	0.308992013707	0.239899557325	0.229824244357
-qtí	0.0550092446994	0.0304973725297	0.0142150795336	0.900278303237
-qtê	0.0622937815008	0.0798683445018	0.0100748484887	0.847763025509
-aré	0.24237970005	0.191669628261	0.14848816547	0.417462506219
-qté	0.299208656642	0.361149084468	0.291121936192	0.0485203226986
-mái	0.176470588235	0.617647058823	0.0	0.205882352942
-qtô	0.417270836278	0.234838540299	0.130086636913	0.21780398651
-opo	0.282591201717	0.52964055794	0.148873390558	0.0388948497854
-opi	0.302264121932	0.588859097811	0.0481654461934	0.0607113340636
-máo	0.0399999999999	0.12	0.48	0.36
-máa	0.142335753458	0.0963244838555	0.0678099205946	0.693529842092
-tía	0.0	1.0	0.0	0.0
-máe	0.32863126242	0.180142426475	0.149456054851	0.341770256253
-arú	0.565104166667	0.223958333333	0.1796875	0.03125
-300	0.0501852073126	0.891265384156	0.0167284024376	0.0418210060939
-óká	0.111835973905	0.790307548928	0.0978564771668	0.0
-api	0.237491027063	0.301383226271	0.0365254755218	0.424600271144
-éoo	0.596404494382	0.0431460674157	0.0125842696629	0.347865168539
-éni	0.0111176552336	0.988882344766	0.0	0.0
-éoe	0.549319428167	0.0601950682286	0.0407060748468	0.349779428757
-wîq	0.279872553825	0.31097997813	0.0978469891784	0.311300478866
-ima	0.113836661462	0.747759328715	0.051787875622	0.0866161342011
-oko	0.227452907087	0.702200832989	0.0633116339315	0.00703462599238
-atu	0.0	0.0	1.0	0.0
-oki	0.0114029707161	0.85471904603	0.00861347318729	0.125264510067
-.00	0.0570703868103	0.597336715282	0.0982878883956	0.247305009512
-úbí	0.183387161889	0.267359709326	0.4945498587	0.0547032700847
-oke	0.224030037547	0.488110137672	0.287859824781	0.0
-otí	0.666666666667	0.0	0.333333333333	0.0
-úbá	0.232456140351	0.561403508772	0.0877192982456	0.118421052632
-nae	0.388028552663	0.341057236326	0.0372366327662	0.233677578246
-oka	0.0255085355484	0.927725815946	0.00359735757733	0.0431682909282
-imo	0.315467216535	0.602915351035	0.0558450085514	0.0257724238783
-iní	0.178441369264	0.719592134013	0.0	0.101966496722
-maé	0.916349809886	0.083650190114	0.0	0.0
-áwé	0.229480191979	0.233466200277	0.0413243309201	0.495729276824
-obi	0.169938155418	0.448238773864	0.239311642915	0.142511427803
-obo	0.292750743526	0.303806026288	0.134644012277	0.268799217909
-áwí	0.164383561644	0.474885844749	0.360730593607	0.0
-âko	0.0571847507331	0.92082111437	0.0	0.0219941348974
-áóo	0.0	0.618090452261	0.0	0.381909547739
-oba	0.0239520958084	0.311377245509	0.223552894211	0.441117764471
-obe	1.0	0.0	0.0	0.0
-úká	0.172939342356	0.271455754811	0.0993929416607	0.456211961172
-bie	0.0368544747778	0.957944394783	0.00520113043904	0.0
-mri	0.0	1.0	0.0	0.0
-bin	0.353892821031	0.558139534884	0.0	0.0879676440849
-bio	0.56	0.36	0.0799999999999	0.0
-318	0.0	0.0	0.0	1.0
--ám	0.0237341772152	0.735759493671	0.0	0.240506329114
-úpo	0.310810810811	0.524774774775	0.101351351351	0.0630630630631
-teq	0.242613557468	0.220284910296	0.0460843962447	0.491017135991
-100	0.0432306988745	0.0964570976131	0.0541980929239	0.806114110589
-uta	0.617925236451	0.36631136466	0.0157633988891	0.0
-rúo	0.111111111111	0.777777777778	0.111111111111	0.0
-ute	0.222415345057	0.209378358315	0.0465343682273	0.521671928401
-qma	0.302380303811	0.132755897303	0.0761810729553	0.488682725931
-rio	0.0731031005797	0.92689689942	0.0	0.0
-úye	0.327229684006	0.422241146192	0.103767242906	0.146761926896
-qme	0.435811206952	0.189132544059	0.0294816765749	0.345574572414
-uto	0.285860132721	0.574783052578	0.139356814701	0.0
-ótó	0.090431738623	0.868436406068	0.0323803967328	0.00875145857642
-ótí	0.361908889751	0.249515249675	0.268814015558	0.119761845017
-rit	0.0	1.0	0.0	0.0
-óté	0.12962962963	0.833333333333	0.037037037037	0.0
-ótê	0.433898001255	0.260577149705	0.116326239298	0.189198609742
-utu	0.724678163711	0.262569832402	0.0127520038863	0.0
-rúq	0.0453172205438	0.725075528701	0.229607250755	0.0
-úyu	0.566433566434	0.433566433566	0.0	0.0
-tel	0.0	1.0	0.0	0.0
-ten	0.235642732049	0.587334500876	0.159369527145	0.0176532399299
-teo	0.687998930522	0.0585730109622	0.00802108399221	0.245406974523
-are	0.214114112056	0.516683508576	0.139227640708	0.12997473866
-únô	0.307603868939	0.157917379566	0.0513163490352	0.483162402461
-meq	0.421343782761	0.332359490137	0.144783392902	0.101513334199
-ara	0.110900402716	0.653797956655	0.178193587276	0.057108053352
-oáé	0.459409921362	0.488263465973	0.00354756696032	0.0487790457045
-qta	0.354334914131	0.371324646623	0.0688429485704	0.205497490676
-qto	0.237276966748	0.427286090835	0.0838909164639	0.251546025953
-aro	0.355007200677	0.23311765465	0.0590001411973	0.352875003476
-ari	0.273447219297	0.334915730963	0.0553245240876	0.336312525653
-qti	0.25252546088	0.376590863938	0.140392283733	0.230491391449
-aru	0.233297084563	0.671078659831	0.0209517891357	0.07467246647
-qtu	0.23641961848	0.519158407166	0.0046350784329	0.239786895921
-máí	0.250965250965	0.444015444015	0.0386100386101	0.266409266409
-éye	0.277858266735	0.445810160303	0.0870215450765	0.189310027885
-tíá	0.105769230769	0.894230769231	0.0	0.0
-meo	0.197504069452	0.449267498644	0.0514861035751	0.301742328329
-éya	0.56622851365	0.268315102491	0.0110304255906	0.154425958268
-aye	0.409089144801	0.299541135025	0.0486811332485	0.242688586926
-qná	0.0472642111986	0.2938045561	0.626995954865	0.0319352778369
-óyo	0.586805081273	0.142740062833	0.204890042344	0.0655648135501
-ogo	0.0167972004666	0.63419430095	0.0167972004666	0.332211298117
-íqá	0.224239062999	0.550671166175	0.087763907428	0.137325863398
-qné	0.202517788725	0.244663382594	0.519978106185	0.0328407224958
-ayo	0.316408414055	0.405522352981	0.100475095271	0.177594137694
-ero	0.437517244997	0.190591346953	0.0463152961263	0.325576111924
-ááq	0.362073367451	0.114696534495	0.0135291420689	0.509700955985
-óye	0.380069199692	0.394289274141	0.09734049583	0.128301030337
-etê	0.0744445152581	0.0321314970712	0.0386304512825	0.854793536388
-ááo	0.40447522816	0.20238417146	0.0660219570381	0.327118643342
-óbí	0.0389592319466	0.668846528454	0.214275775706	0.0779184638932
-áái	0.194690265487	0.0589970501475	0.0176991150442	0.728613569322
-ûma	0.1440433213	0.768258996157	0.0341888901828	0.0535087923605
-éti	0.306977252843	0.578193350831	0.0535870516186	0.0612423447069
-ááe	0.427035570491	0.0758154934205	0.0217593570074	0.475389579082
-ayá	0.0461538461539	0.769230769231	0.0	0.184615384615
-éte	0.49917573957	0.129254904802	0.0509048749117	0.320664480716
-aáá	0.399038461539	0.245192307692	0.182692307692	0.173076923077
-íqô	0.167539267016	0.418848167539	0.162303664921	0.251308900524
-báq	0.198623333273	0.218943711999	0.0558558269121	0.526577127816
-ópa	0.0	1.0	0.0	0.0
-inó	0.159420289855	0.666666666667	0.0	0.173913043478
-yaó	0.130434782609	0.869565217391	0.0	0.0
-aón	0.366101694915	0.633898305085	0.0	0.0
-gon	0.248029205077	0.648432414238	0.0402705049998	0.0632678756855
-ópo	0.111111111111	0.391812865497	0.198830409357	0.298245614035
-ubi	0.169300478042	0.209719689492	0.0163621250545	0.604617707412
-ûre	0.0920547945206	0.723835616438	0.138082191781	0.0460273972603
-îqo	0.626050818318	0.20011235803	0.0746233298588	0.0992134937933
-aóq	0.371367061356	0.585575888052	0.043057050592	0.0
-oîq	0.143781186472	0.281833302532	0.128257253742	0.446128257254
-yaí	0.253355474809	0.41191912881	0.0801806393625	0.254544757019
-îqa	0.299134784863	0.260507580193	0.0552296739578	0.385127960987
-tae	0.367380464464	0.213343859146	0.0495137735365	0.369761902853
-áyo	0.131693198264	0.810419681621	0.0	0.0578871201157
-áyá	0.363636363636	0.636363636364	0.0	0.0
-ábu	0.446268656716	0.429850746269	0.0611940298507	0.0626865671642
-óáq	0.349071135331	0.325977603449	0.0819743031852	0.242976958035
-táo	0.0	0.0	0.0	1.0
-ote	0.267940273617	0.551318244382	0.0597085636269	0.121032918374
-oti	0.13787794815	0.790627501693	0.0382412710142	0.0332532791428
-upú	0.149351009541	0.207972783078	0.21263220176	0.430044005621
-táa	0.310675945406	0.208178238118	0.0900361439284	0.391109672547
-ráq	0.203166788519	0.250796645449	0.0722800733936	0.473756492639
-rán	0.185422437673	0.593836565097	0.140754847645	0.0799861495846
-ábe	0.964912280702	0.0350877192982	0.0	0.0
-óáa	0.829145728643	0.0804020100501	0.0603015075377	0.0301507537689
-uma	0.111833670411	0.408113706735	0.0114197956984	0.468632827156
-ába	0.294910179641	0.330838323353	0.0778443113772	0.296407185629
-rái	0.106839740389	0.746380429356	0.0898652021967	0.0569146280579
-táu	0.167512690355	0.455583756345	0.178934010152	0.197969543147
-umo	0.148197230551	0.210691435107	0.228649584273	0.41246175007
-ábo	0.507838917922	0.137411620043	0.0785428834922	0.276206578543
-ábi	0.227072751469	0.458866798716	0.0910635475436	0.222996902272
-ráa	0.365646834968	0.392959427794	0.199784996946	0.0416087402917
-ako	0.0802850563723	0.81880826593	0.0341729188563	0.0667337588416
-émá	0.192964184168	0.541294673721	0.112225837952	0.15351530416
ALL	0.219884623424	0.257181225478	0.0478137511376	0.47512039996
-ápá	0.0558194774347	0.0890736342042	0.0	0.855106888361
-nan	0.0	1.0	0.0	0.0
-nao	0.373283490998	0.436069575832	0.0224290509612	0.168217882209
-úné	0.324015247776	0.0978398983482	0.520965692503	0.0571791613723
-óyú	0.372496662216	0.146862483311	0.0200267022697	0.460614152203
-ake	0.145703381026	0.507637547778	0.0415232069974	0.305135864199
-naa	0.318265733573	0.182560051941	0.047953294233	0.451220920254
-kio	0.153846153846	0.846153846154	0.0	0.0
-aka	0.336799132335	0.428385271117	0.0917469503525	0.143068646195
-ápí	0.226025812734	0.376165248185	0.0491989734775	0.348609965604
-áeq	0.247864342291	0.0767373369674	0.0277498307937	0.647648489948
-ápó	0.309372934507	0.491573060134	0.0766553648188	0.12239864054
-kiq	0.512345679012	0.283950617284	0.0370370370371	0.166666666667
-maí	0.199053695932	0.682317080106	0.116240716097	0.00238850786502
-ápô	0.244444444444	0.673015873016	0.0444444444444	0.0380952380952
-maá	1.0	0.0	0.0	0.0
-étê	0.628652886671	0.36136849608	0.0	0.00997861724874
-aku	0.603448275862	0.155172413793	0.0344827586207	0.206896551724
-aun	0.441810344828	0.273706896552	0.181034482759	0.103448275862
-nat	0.0	1.0	0.0	0.0
-bóo	0.303314121038	0.184438040346	0.328530259366	0.183717579251
-ôna	0.548172757475	0.318936877076	0.132890365449	0.0
-ône	0.162822130114	0.0816363308704	0.304334114255	0.451207424761
-qne	0.602564102564	0.25641025641	0.102564102564	0.0384615384615
-íqo	0.435439445789	0.297888323178	0.164009681996	0.102662549036
-báé	0.402176872928	0.302820003524	0.0590270547341	0.235976068814
-íqa	0.388021865855	0.321207816607	0.0717053568918	0.219064960646
-ááô	0.376700764723	0.353858377197	0.072201807528	0.197239050551
-óbu	0.301627832748	0.6536865624	0.0	0.0446856048516
-aáq	0.332683560754	0.610786224821	0.0175438596491	0.0389863547758
-báá	0.604677720499	0.031323759086	0.00184948155803	0.362149038857
-ááí	0.047857240818	0.0279370485512	0.00322500857906	0.920980702052
-óbo	0.258042404105	0.312585089064	0.149756752382	0.279615754448
-moe	0.429149285805	0.332701301985	0.163339883476	0.0748095287345
-tóé	0.884462151394	0.0677290836653	0.0478087649402	0.0
-ááé	0.443787429551	0.236365774377	0.0129349807235	0.306911815349
-óbi	0.176673866091	0.387688984881	0.0269978401728	0.408639308855
-aáe	0.398734177215	0.316455696202	0.0474683544304	0.237341772152
-mon	0.0	1.0	0.0	0.0
-étá	0.43137254902	0.464052287582	0.0261437908497	0.0784313725489
-yau	0.508571428571	0.0228571428571	0.251428571429	0.217142857143
-ébé	0.0	0.666666666667	0.0	0.333333333333
-ubú	0.0	0.463955637708	0.536044362292	0.0
-yaq	0.268802325152	0.110800319544	0.0385845779615	0.581812777342
-ópí	0.138176944592	0.719312699253	0.0643875237177	0.0781228324374
-yae	0.03860219423	0.951529575666	0.00464387299008	0.00522435711384
-kûq	0.0703318474492	0.747399702823	0.0178306092125	0.164437840515
-ríá	0.044955044955	0.945054945055	0.0	0.00999000999001
-ben	0.519621109608	0.311231393775	0.155615696888	0.0135317997294
-ubí	0.513942281661	0.466565596405	0.0	0.019492121934
-ûko	0.0699029126213	0.790291262136	0.0932038834952	0.0466019417476
-eoe	0.197183098592	0.704225352113	0.0281690140845	0.0704225352113
-óyô	0.579250720461	0.245917387128	0.0499519692603	0.124879923151
-yai	0.197834235735	0.802165764265	0.0	0.0
-nîq	0.400426523774	0.191396016881	0.174048704316	0.234128755029
-ábô	0.199925762481	0.437753902625	0.136411440826	0.225908894067
-táí	0.197870380736	0.0510669709508	0.0416635724713	0.709399075842
-ren	0.500511875512	0.370137182637	0.0612714987715	0.0680794430795
-óri	0.0	1.0	0.0	0.0
-umó	0.319634703196	0.488584474886	0.0547945205479	0.13698630137
-ábó	0.0797342192691	0.142857142857	0.0	0.777408637874
-oté	0.538461538462	0.461538461538	0.0	0.0
-úná	0.626469935656	0.235688928334	0.0679498557799	0.0698912802308
-gúo	0.663212435233	0.150259067358	0.186528497409	0.0
-táá	0.131723423963	0.150179407786	0.0251802756454	0.692916892606
-ábú	0.149317406143	0.820819112628	0.0298634812286	0.0
-ábû	0.65160676152	0.299765868217	0.0486273702627	0.0
-êna	0.0	1.0	0.0	0.0
-ráí	0.159492528694	0.390597704468	0.0611419909045	0.388767775933
-umá	0.0324235400657	0.025945932695	0.00302379524856	0.938606731991
-ábá	0.227414709599	0.207217468648	0.0613688921094	0.503998929644
-ráé	0.0908268500091	0.410711054822	0.27772751945	0.220734575719
-umí	0.653846153846	0.0	0.0	0.346153846154
-upo	0.366260432824	0.279129428564	0.100509638821	0.254100499791
-req	0.383546822585	0.327164987733	0.0830892081844	0.206198981498
-umé	0.49536730642	0.302779616148	0.122435473197	0.0794176042357
-ábê	0.324877614597	0.621717846017	0.0	0.0534045393858
-ráá	0.220653217624	0.308892613703	0.100743220975	0.369710947699
-eqa	0.257344039006	0.419778769917	0.0815222334533	0.241354957624
-akî	0.153846153846	0.717948717949	0.0769230769231	0.0512820512821
-akí	0.04930433608	0.943671484533	0.00702417938673	0.0
-naé	0.511811023622	0.220472440945	0.0314960629921	0.236220472441
-eqe	0.349316234466	0.460023832492	0.0	0.190659933042
-úwá	0.0	1.0	0.0	0.0
-aké	0.0892742027661	0.090904103326	0.0613190078867	0.758502686021
-maq	0.438099389712	0.0828247602441	0.195727986051	0.283347863993
-ame	0.540133014485	0.188692350322	0.051975138412	0.219199496781
-úne	0.416777625948	0.174845009609	0.0392092689288	0.369168095514
-ápi	0.450717885817	0.199442265699	0.0210552949006	0.328784553583
-ápo	0.0	0.0789473684211	0.0	0.921052631579
-eqo	0.254542730882	0.572436521609	0.122687439143	0.0503333083664
-uyô	0.328213419564	0.468067906225	0.0	0.203718674212
-tóe	0.483753574214	0.128671692228	0.0	0.387574733559
-níq	0.368045269202	0.302055421486	0.0874095032038	0.242489806108
-túr	0.0	1.0	0.0	0.0
-man	0.274647887324	0.514084507042	0.0492957746478	0.161971830986
-maa	0.201789249617	0.137528096578	0.107280548981	0.553402104824
-bóé	0.260646565123	0.655890581287	0.0279763755051	0.0554864780852
-únu	0.664912280702	0.308771929824	0.0263157894737	0.0
-áti	0.221738544215	0.719615650255	0.0194954033773	0.0391504021529
-mae	0.396596894285	0.375441864519	0.0564279372756	0.171533303921
-abá	0.56442078006	0.253961503122	0.0892518946639	0.0923658221534
-uno	0.449776602416	0.244433256939	0.098206753811	0.207583386834
-uni	0.0188626900656	0.214673801863	0.00799312669085	0.758470381381
-une	0.492664393017	0.151155360257	0.0444834107587	0.311696835968
-eké	0.0313807531381	0.812761506276	0.0774058577405	0.0784518828452
-una	0.35144535247	0.514638935522	0.076053094498	0.0578626175099
-ímó	0.444444444444	0.555555555556	0.0	0.0
-ímí	0.644808743169	0.286885245902	0.0683060109289	0.0
-oto	0.532374100719	0.31654676259	0.107913669065	0.0431654676259
-baú	0.129984362783	0.397967161845	0.265832681783	0.206215793589
-ímá	0.297230882301	0.327554769522	0.0867348626636	0.288479485513
-pun	0.451612903226	0.379032258065	0.0	0.16935483871
-éré	0.167174758432	0.645818745893	0.0158352274564	0.171171268219
-gae	0.262008506206	0.419425397101	0.268466278969	0.0500998177242
-500	0.035294117647	0.0235294117647	0.0470588235294	0.894117647059
-gaa	0.800970873786	0.0469255663431	0.0776699029126	0.074433656958
-gao	0.0877192982454	0.912280701755	0.0	0.0
-íni	0.0915225071621	0.627669800409	0.0436811966001	0.237126495829
-oqo	0.230901780586	0.147041929925	0.389431361287	0.232624928202
-owá	0.194644696189	0.589083419156	0.216271884655	0.0
-gau	0.13520667781	0.70898082186	0.0527833877338	0.103029112596
-gaq	0.46186440678	0.0508474576271	0.0508474576271	0.436440677966
-wéq	0.314063519687	0.356011166703	0.127528823145	0.202396490465
-yaa	0.138624549222	0.670960449751	0.110561425887	0.0798535751391
-mno	0.722222222222	0.277777777778	0.0	0.0
-oqa	0.203597679462	0.358863725026	0.0758970336461	0.361641561866
-ini	0.0970205307767	0.809526037123	0.0193695516412	0.0740838804595
-aki	0.271844660194	0.339805825243	0.0	0.388349514563
-ino	0.344740770308	0.418077676368	0.1205273461	0.116654207224
-óki	0.122925729016	0.469953278556	0.182696955051	0.224424037377
-ina	0.22324364204	0.212206427193	0.0825184844613	0.482031446305
-uwa	0.496855345912	0.465408805031	0.0	0.0377358490566
-eró	0.666666666667	0.0833333333334	0.0	0.25
-ine	0.310472645948	0.271661765065	0.0689568500081	0.348908738979
-óko	0.0312432665374	0.917582417582	0.0	0.0511743158802
-ing	0.27593942793	0.481772293887	0.150308468873	0.0919798093101
-eré	0.367657221838	0.185901865929	0.0158949550795	0.430545957153
-éqá	0.263167501467	0.343066385078	0.0459382510983	0.347827862357
-113	0.533688681603	0.181560756225	0.0	0.284750562172
-ôpi	0.0674157303371	0.887640449438	0.0	0.0449438202247
-erá	0.597055126594	0.354462201473	0.0484826719339	0.0
-iwé	0.26464027825	0.438962610109	0.14819855582	0.14819855582
-éqé	0.414189582612	0.398903277637	0.0359972581941	0.150909881557
-yao	0.222731906218	0.616717635066	0.0229357798165	0.137614678899
-umô	0.705566244278	0.0325084588337	0.222915146288	0.0390101506004
-aoq	0.350865281724	0.473215010516	0.0643371093318	0.111582598428
-ugô	0.241473059812	0.266930301532	0.350716757291	0.140879881364
-iaa	0.205794205794	0.734265734266	0.0	0.0599400599401
-átó	0.0512163892446	0.763124199744	0.185659411012	0.0
-atí	0.154325990574	0.57661732835	0.0197320751629	0.249324605914
-qôn	0.114832535885	0.795454545455	0.0897129186603	0.0
-qtá	0.0999999999999	0.9	0.0	0.0
-neq	0.454097991196	0.232549544	0.0211818441336	0.292170620671
-nen	0.0299625468165	0.916354556804	0.0124843945069	0.0411985018726
-iyu	0.0107548909147	0.976339239988	0.0	0.0129058690976
-kao	0.23171518166	0.485274260852	0.0975643248726	0.185446232615
-aan	0.373214607653	0.448586589567	0.0737949669416	0.104403835838
-iaq	0.679536679537	0.119691119691	0.061776061776	0.138996138996
-aoe	0.672268907563	0.0756302521008	0.0	0.252100840336
-arí	0.338682899834	0.00553403431101	0.516325401218	0.139457664638
-kun	0.243561030235	0.036954087346	0.0307950727883	0.68868980963
-átí	0.187402235652	0.355291890067	0.100346059277	0.356959815004
-átê	0.180105879622	0.201850375957	0.0741415240427	0.543902220377
-áté	0.494248522895	0.352197193501	0.0429098966027	0.110644387001
-ban	0.503629656075	0.400928239914	0.0454599547781	0.0499821492325
-uní	0.407685098407	0.267104029991	0.117150890347	0.208059981256
-eka	0.538111627158	0.234764315821	0.0639995704583	0.163124486563
-gêq	0.518470928365	0.481529071635	0.0	0.0
-uné	0.276294277929	0.246866485014	0.297002724796	0.179836512262
-eke	0.871471774194	0.128528225806	0.0	0.0
-otá	0.0231362467866	0.241645244216	0.249357326478	0.485861182519
-eki	0.0490233589864	0.932330135175	0.00135610951553	0.017290396323
-bae	0.323472464271	0.439324558824	0.108379850714	0.128823126191
-eko	0.174750004835	0.356424440533	0.101319768154	0.367505786477
-baa	0.494771402648	0.289099143433	0.173823950051	0.0423055038677
-ímo	0.119881973738	0.0444269369459	0.00754699720989	0.828144092106
-ôba	0.118110236221	0.488188976378	0.393700787402	0.0
-unô	0.0331655454674	0.580138307381	0.175001176083	0.211694971068
-ôbo	0.121811952798	0.550818424058	0.258850399695	0.0685192234488
-ôbi	0.966666666667	0.0333333333333	0.0	0.0
-mke	0.485294117647	0.514705882353	0.0	0.0
-baq	0.126092613965	0.453669382935	0.0919430871184	0.328294915982
-íya	0.106583019936	0.839384963557	0.00840350118148	0.045628515326
-nye	0.148760330579	0.851239669421	0.0	0.0
-yeq	0.332882749989	0.462589565429	0.109789422019	0.094738262563
-rem	0.0	1.0	0.0	0.0
-iyo	0.426097796118	0.219466983368	0.0451315494802	0.309303671034
-gaé	0.174168297456	0.123287671233	0.657534246575	0.0450097847358
-nóa	0.0603015075377	0.879396984925	0.0603015075377	0.0
-yeo	0.261775316295	0.463086225293	0.125755805091	0.149382653321
-yee	0.620689655172	0.0689655172414	0.310344827586	0.0
-otê	0.271826314978	0.429353694277	0.0329322844362	0.265887706309
-oqá	0.56968000654	0.376644265321	0.0188590396167	0.034816688523
-qtó	0.606166249047	0.171442059774	0.0395467915895	0.18284489959
-ráô	0.74293059126	0.164524421594	0.0925449871465	0.0
-iné	0.41837180287	0.0663443543356	0.0173112913288	0.497972551466
-ómá	0.150142283887	0.536683947393	0.0592339301073	0.253939838614
-430	0.130801687764	0.0	0.0	0.869198312236
-rau	0.106007067138	0.893992932862	0.0	0.0
-eru	0.39420935412	0.476614699332	0.129175946548	0.0
-raq	0.189861271355	0.442523091682	0.0728389478754	0.294776689087
-rao	0.310482513109	0.452951363833	0.152378890653	0.0841872324049
-ókó	0.428571428571	0.0	0.0	0.571428571429
-póe	0.161042944785	0.590913898879	0.114766236514	0.133276919822
-éqa	0.335287193802	0.248881632692	0.07887838172	0.336952791786
-ram	0.106666666666	0.746666666667	0.0	0.146666666667
-rai	0.131335627995	0.376391982183	0.119052439765	0.373219950057
-era	0.418265334501	0.427304741085	0.0614016612617	0.0930282631515
-éqo	0.46490254292	0.273964115141	0.0677681683232	0.193365173616
-rae	0.272917316622	0.539888826392	0.0973167582486	0.0898770987377
-ere	0.154549319728	0.786989795918	0.0170068027211	0.0414540816327
-raa	0.238955379529	0.490711266622	0.123869461964	0.146463891884
-ugu	0.344632768362	0.468926553672	0.0338983050848	0.152542372881
-gáá	0.310344827586	0.537931034483	0.0275862068965	0.124137931035
-ená	0.563787041688	0.18006027122	0.165745856354	0.0904068307383
-qtú	0.593294460641	0.272594752187	0.0466472303207	0.0874635568513
-poq	0.415102575295	0.298996071584	0.00436490615451	0.281536446966
-nni	0.64489579185	0.29934952874	0.0	0.0557546794105
-yóq	0.655462184874	0.294117647059	0.0	0.0504201680672
-uge	0.374553252323	0.353824160114	0.171551107934	0.100071479628
-áte	0.101951219512	0.359024390244	0.00243902439023	0.536585365854
-uga	0.555833712638	0.252996510393	0.0955848884843	0.0955848884843
-áta	0.738522954092	0.181636726547	0.0798403193613	0.0
-ugo	0.731707317073	0.268292682927	0.0	0.0
-áto	0.75	0.217391304348	0.0326086956521	0.0
-poa	0.249072552242	0.360131486264	0.160601080066	0.230194881428
-bon	0.0167386133381	0.732182186591	0.0105717557925	0.240507444278
-poe	0.249267523101	0.511561866126	0.212666215912	0.0265043948614
-ike	0.270079110394	0.412906019994	0.130062995968	0.186951873644
-uqô	0.284773060029	0.424597364568	0.268667642752	0.0219619326501
-ika	0.126028247711	0.693620984014	0.180350768276	0.0
-ipí	0.148518302937	0.150458178626	0.0069288959708	0.694094622467
-iko	0.083581538786	0.814014842007	0.0157861064053	0.0866175128016
-noq	0.356911588834	0.531371233556	0.0157512469738	0.0959659306362
-upa	0.178117048346	0.821882951654	0.0	0.0
-aaq	0.288166140653	0.297878453034	0.101495085882	0.312460320431
-érá	0.301970245275	0.508041817451	0.147768395657	0.0422195416163
-iki	0.0471846492608	0.949669707455	0.0	0.00314564328405
-bóa	0.278787878788	0.357575757576	0.0	0.363636363636
-uqá	0.280775479133	0.229950781282	0.126033788164	0.36323995142
-aao	0.453910908415	0.303334114179	0.0533987332428	0.189356244164
-uqâ	0.37102627377	0.427783422848	0.201190303382	0.0
-aai	0.309366754617	0.690633245383	0.0	0.0
-non	0.284050179211	0.594982078853	0.0161290322581	0.104838709677
-ábí	0.187466016155	0.56221680129	0.0342628810631	0.216054301492
-aae	0.433759535387	0.210347249043	0.0525572157412	0.303335999829
-imu	0.698412698413	0.301587301587	0.0	0.0
-aín	0.0	1.0	0.0	0.0
-oné	0.139013164436	0.233485972946	0.122696516191	0.504804346428
-noe	0.359305099524	0.177072396535	0.0438266022863	0.419795901655
--ia	0.249500998004	0.630738522954	0.0	0.119760479042
-boe	0.0566037735849	0.603773584906	0.11320754717	0.22641509434
-awé	0.227544075802	0.364780427704	0.0204244771041	0.38725101939
-yáq	0.574412532637	0.386422976501	0.0	0.0391644908616
-boa	0.420450755544	0.219682463993	0.0584283917962	0.301438388666
-îbi	0.256490952006	0.743509047994	0.0	0.0
-íba	0.0	1.0	0.0	0.0
-túq	0.535055350554	0.154981549815	0.265682656827	0.0442804428044
-ôti	0.0434782608696	0.868357487923	0.0157004830918	0.0724637681158
-úmá	0.213689716213	0.461872014343	0.0949775468146	0.229460722629
-áqá	0.135444526363	0.187820456818	0.0304682284535	0.646266788366
--iq	0.63290278722	0.152957171992	0.0407885791978	0.173351461591
-uwe	0.407680574028	0.333142083094	0.109727823334	0.149449519544
--áí	0.315091210614	0.452736318408	0.0497512437811	0.182421227197
-boq	0.197941975132	0.107474631985	0.44018865228	0.254394740603
--áá	0.0763143018655	0.132278123233	0.486150367439	0.305257207462
-yáa	0.478612716763	0.422350674374	0.0816955684008	0.0173410404624
-geq	0.369528931751	0.365077893175	0.230619436202	0.0347737388724
-upi	0.407887622009	0.337224810607	0.0381835735509	0.216703993833
-yái	0.0	0.727272727273	0.0	0.272727272727
-áqó	0.546039169833	0.269420491085	0.0272398421514	0.157300496931
-onó	0.375	0.625	0.0	0.0
-úno	0.313032886724	0.411693057247	0.0	0.275274056029
-toe	0.238498752603	0.531160656295	0.0594016134221	0.17093897768
-íre	0.534939759036	0.296385542169	0.0963855421687	0.0722891566265
-ton	0.10414104141	0.206642066421	0.00492004920049	0.684296842968
-íri	1.0	0.0	0.0	0.0
-tom	0.114942528736	0.885057471264	0.0	0.0
-íro	0.0612244897959	0.816326530612	0.0918367346939	0.030612244898
-íyé	0.359563564225	0.599520581914	0.018598115391	0.0223177384692
-ibo	0.109118483553	0.0723426775402	0.0234055204358	0.795133318471
-óga	0.0	0.924906132666	0.0750938673342	0.0
-ibi	0.24492727504	0.645985285387	0.0556568569248	0.0534305826477
-áqô	0.402989175398	0.284488033049	0.0320002238916	0.280522567662
-ógo	0.300699300699	0.606060606061	0.0932400932401	0.0
-400	0.0503816793893	0.0732824427481	0.0	0.876335877863
-mmó	0.369034138735	0.400276397462	0.073784296041	0.156905167762
-paí	0.0335991854742	0.504412014254	0.461988800272	0.0
-úóé	0.101796407186	0.646706586826	0.0359281437126	0.215568862275
-óqá	0.0840924822711	0.836407457961	0.0233957795303	0.0561042802379
-yán	0.0585480093677	0.871194379391	0.0702576112412	0.0
-roq	0.640070144673	0.281017097764	0.0789127575625	0.0
-óáp	0.0	1.0	0.0	0.0
-égo	0.40973871734	0.0	0.0	0.59026128266
-eyô	0.491228070175	0.149122807018	0.28947368421	0.0701754385965
-wiq	0.54996646546	0.282360831657	0.127431254192	0.0402414486921
-mya	0.0	1.0	0.0	0.0
-ámi	0.173661360347	0.283646888567	0.108538350217	0.434153400868
-roe	0.0627254194763	0.729496628509	0.0188176258429	0.188960326172
-úmô	0.406473466315	0.488144523899	0.0	0.105382009786
-ámo	0.199345367188	0.123922938776	0.0756961842516	0.601035509784
-áma	0.253250474765	0.304945305055	0.0458370287993	0.395967191381
-ime	0.533117226969	0.283564466962	0.0220399868332	0.161278319236
-ron	0.194843002703	0.62487003535	0.177167810356	0.00311915159077
-áme	0.315836661505	0.349172711712	0.0709104246476	0.264080202135
-roi	0.230769230769	0.0	0.0	0.769230769231
-ébo	0.743290548425	0.140023337223	0.0233372228705	0.0933488914819
-âqá	0.173913043478	0.710144927536	0.0579710144928	0.0579710144928
-ore	0.464341898269	0.376595000874	0.140709666142	0.0183534347142
-éro	0.43671155723	0.16495091448	0.0437403498382	0.354597178451
-íra	0.0164696764193	0.980623910095	0.0	0.00290641348576
-éra	0.337594174783	0.378077704992	0.103333156167	0.180994964057
-iké	0.274961788426	0.533669678029	0.0508866327837	0.140481900762
-úwé	0.122460536561	0.628795922701	0.123876265308	0.12486727543
-uqa	0.208098554425	0.60982866585	0.0817050725502	0.100367707175
-ewe	0.359281437126	0.640718562874	0.0	0.0
-ikô	0.0	0.953125	0.0	0.046875
-aaé	0.347349876339	0.0708183899368	0.0190186483909	0.562813085333
-êma	0.253445420966	0.392625143294	0.163342249395	0.190587186346
-máá	0.203048110458	0.471214944341	0.076919401844	0.248817543357
-uqo	0.271554193401	0.490003437214	0.186561927131	0.0518804422548
-ûte	0.41538314588	0.212407765599	0.0328820116054	0.339327076916
-áqo	0.267308728448	0.218817349138	0.0	0.513873922414
-úmi	0.0	0.954887218045	0.0	0.0451127819549
-úmo	0.547948525313	0.319390252769	0.045803746698	0.0868574752199
-rîq	0.238412961465	0.13685671033	0.141648116749	0.483082211457
-tie	0.0670986381384	0.86922420097	0.0456725341213	0.0180046267704
-áqe	0.365493906864	0.308596363911	0.06135547534	0.264554253885
-awa	0.188239186687	0.0605399135124	0.0247123834601	0.72650851634
-úma	0.291865023889	0.385665200156	0.0727599704419	0.249709805513
-áqa	0.346786539123	0.263200509003	0.0332877296504	0.356725222223
-boé	0.0334330822413	0.908059023837	0.032194819936	0.0263130739861
-awe	0.0945157526255	0.777129521587	0.0	0.128354725788
-úme	0.694885588531	0.155118272374	0.00405394970529	0.14594218939
-ûqá	0.0	1.0	0.0	0.0
-yáá	0.294923892079	0.120359310263	0.0624075328067	0.522309264852
-gáq	0.194556258386	0.1466359977	0.336783592103	0.322024151811
-boó	0.00692840646654	0.974307159353	0.00952655889146	0.00923787528865
-yáí	0.3125	0.6875	0.0	0.0
-ura	0.0	0.315789473684	0.0526315789473	0.631578947368
-ógô	0.0258342303552	0.967707212056	0.0064585575888	0.0
-ógó	0.38782051282	0.246794871795	0.13782051282	0.227564102564
-ibô	0.706766917293	0.172932330827	0.0451127819549	0.0751879699248
-276	0.0	0.102564102564	0.0	0.897435897436
-îpi	0.547344110854	0.177829099307	0.124711316397	0.150115473441
-ter	0.0	1.0	0.0	0.0
-éno	0.616195495927	0.17417345472	0.0371346430282	0.172496406325
-ibó	0.178815685777	0.661391573741	0.00760917811817	0.152183562364
-ibí	0.429278736786	0.340141174896	0.0	0.230580088318
-ánó	0.452755905512	0.488188976378	0.0590551181101	0.0
-wak	0.0	1.0	0.0	0.0
-ibá	0.298103823438	0.657133975754	0.0447622008082	0.0
-áwî	0.0778395552025	0.922160444797	0.0	0.0
-óqa	0.316275828637	0.263476716355	0.0886032085076	0.331644246501
-akô	0.274813770888	0.605395611033	0.119790618079	0.0
-wáq	0.384394996743	0.108754890881	0.0469991443779	0.459850967998
-piq	0.2	0.6	0.0	0.2
-akó	0.451249560014	0.316437873988	0.0316789862724	0.200633579725
-égé	0.887756112046	0.112243887954	0.0	0.0
-biq	0.387686567164	0.281343283582	0.186567164179	0.144402985075
-óqo	0.803337306317	0.125148986889	0.0715137067938	0.0
-ámô	0.321709979874	0.212915984802	0.111851529272	0.353522506051
-ayú	0.0611500385704	0.85380239136	0.0130496271535	0.0719979429159
-wáa	0.3024	0.6976	0.0	0.0
-ámá	0.14235158977	0.288538911828	0.0522411576052	0.516868340797
-200	0.0	0.526035789134	0.0	0.473964210866
-naq	0.266820046036	0.177647499395	0.042133332111	0.513399122458
-eye	0.396917148362	0.564547206166	0.0173410404624	0.0211946050096
-roé	0.463235294118	0.301470588235	0.0	0.235294117647
-wái	0.153040602609	0.512584971523	0.257211096822	0.0771633290465
-âqa	0.0506937033084	0.922625400213	0.0	0.0266808964781
-mue	0.0	0.897260273973	0.0	0.102739726027
-mua	0.516129032258	0.483870967742	0.0	0.0
-oiq	0.5960591133	0.206896551724	0.197044334975	0.0
-úqo	0.4	0.6	0.0	0.0
-toq	0.767277856135	0.223319228961	0.00940291490363	0.0
-kem	0.0	1.0	0.0	0.0
-itó	0.445605064191	0.0459386664114	0.0396220997799	0.468834169618
-ioe	0.0416666666667	0.791666666667	0.0833333333333	0.0833333333333
-ági	0.127659574468	0.702127659575	0.170212765957	0.0
-gón	0.188135254465	0.708872492771	0.0161429863267	0.0868492664376
-ágo	0.152542372881	0.654237288136	0.125423728814	0.0677966101695
-ité	0.486646884273	0.376854599407	0.0178041543027	0.118694362018
-ága	0.0	0.454545454546	0.0	0.545454545454
-ópi	0.271889400922	0.192012288786	0.391705069124	0.144393241167
-íké	0.208733328633	0.433959291375	0.0577969834369	0.299510396555
-táó	0.241379310345	0.48275862069	0.0	0.275862068965
-ûmo	0.281630892029	0.111314852767	0.539100420667	0.0679538345378
-âma	0.204446381866	0.313426329555	0.115954664342	0.366172624237
-ánu	0.512903225807	0.193548387097	0.196774193548	0.0967741935484
-ári	0.0	1.0	0.0	0.0
-úra	0.0584694754944	0.027637882324	0.913892642182	0.0
-eyo	0.432124453692	0.317785513896	0.131514011711	0.118576020701
-giq	0.369843527738	0.339971550498	0.256045519203	0.0341394025604
-ána	0.187094041231	0.69903981926	0.0616774922338	0.0521886472748
-áne	0.435799344804	0.281061503734	0.0702781099035	0.212861041558
-ímô	0.303852365334	0.408576967728	0.0585169988031	0.229053668134
-áni	0.166786560224	0.759522765155	0.0663216071585	0.00736906746207
-áno	0.247139588101	0.121281464531	0.132723112128	0.49885583524
-abô	0.204107830552	0.553273427471	0.0577663671374	0.184852374839
-mte	0.229357798165	0.733944954129	0.0	0.0366972477064
-120	0.0	0.0	0.0	1.0
-qoe	0.119669876204	0.729023383769	0.151306740028	0.0
-abó	0.456599286564	0.0796670630202	0.0428061831153	0.420927467301
-yoq	0.531171904738	0.329808185625	0.0417059728911	0.097313936746
-ôaa	0.0	0.725212464589	0.195467422096	0.0793201133144
-abú	0.761499148211	0.136286201022	0.0	0.102214650767
-íne	0.542124542125	0.00854700854702	0.029304029304	0.420024420024
-píq	0.876404494382	0.0	0.123595505618	0.0
-yoo	0.0955882352941	0.882352941176	0.0220588235294	0.0
-ína	0.347511688723	0.222927728029	0.0707266819874	0.35883390126
-abí	0.173877873338	0.362733216874	0.0160658028398	0.447323106948
-íno	0.411229094657	0.19409072677	0.0414746571828	0.35320552139
-abé	0.628212768703	0.266564429986	0.10522280131	0.0
-yoe	0.293386359608	0.387762337472	0.120041311167	0.198809991753
-ómô	0.418212922753	0.20779049875	0.230293459666	0.143703118831
-aéq	0.246780288424	0.15709107735	0.0304619418524	0.565666692373
-amu	0.30849085631	0.494856256104	0.134847694345	0.0618051932415
-muq	0.198046251151	0.684821066509	0.0047738659666	0.112358816373
-oró	0.222222222222	0.333333333333	0.444444444445	0.0
-áaq	0.636137247169	0.0914507859598	0.0931117246042	0.179300242267
-koé	0.0	0.285714285714	0.392857142857	0.321428571429
-153	0.165061898212	0.0825309491059	0.0206327372765	0.731774415406
-peq	0.204553882667	0.774679225692	0.0	0.0207668916413
-bîq	0.309905660377	0.412735849057	0.133726415094	0.143632075472
-iye	0.429374409839	0.127197973953	0.0305823523722	0.412845263836
-iya	0.296826192685	0.591879966908	0.0394845696809	0.0718092707263
-:00	0.0	0.489795918367	0.336734693877	0.173469387755
-ágó	0.307487253058	0.559043058491	0.0588298016712	0.0746398867799
-ámu	0.0	1.0	0.0	0.0
-tiq	0.246787461691	0.406500349481	0.0429324157213	0.303779773106
-míq	0.43829787234	0.382978723404	0.102127659574	0.0765957446809
-êbi	0.0437768240343	0.951072961373	0.0	0.00515021459226
-ágô	0.709401709402	0.0940170940171	0.145299145299	0.0512820512821
-rie	0.00958466453674	0.990415335463	0.0	0.0
-góé	0.294736842105	0.642105263158	0.0	0.0631578947369
-mka	0.317400340072	0.444549404874	0.0	0.238050255054
-iti	0.144304727645	0.706946644592	0.0544746525158	0.0942739752479
-êbo	0.0732026143791	0.926797385621	0.0	0.0
-ágá	0.492989186936	0.312518140512	0.0681555519201	0.126337120632
-ite	0.26078741194	0.282659384168	0.0287151037422	0.42783810015
-ita	0.466521492381	0.360307066003	0.0799302228915	0.0932412187242
-ûpi	0.212927756654	0.671102661597	0.0931558935361	0.0228136882129
-apu	0.322033898305	0.610169491526	0.0338983050847	0.0338983050848
-ánô	0.433247401976	0.337681021829	0.0605268346831	0.168544741512
-waq	0.292465228179	0.232042553979	0.0888741909017	0.38661802694
-ánú	0.0769532783667	0.420494699647	0.494699646643	0.00785237534353
-ánû	0.284153005464	0.428051001821	0.214936247723	0.0728597449909
-666	0.00903342366759	0.162601626016	0.0	0.828364950316
-áná	0.452889797435	0.234157219848	0.312952982717	0.0
-êro	0.361842105263	0.598684210526	0.0394736842105	0.0
-wáí	0.153846153846	0.0	0.0	0.846153846154
-áné	0.28995663474	0.553510706267	0.071849895197	0.0846827637959
-ání	0.300654875361	0.33379316587	0.0222609704933	0.343290988276
-ínô	0.30484187515	0.331200757406	0.117993279237	0.245964088207
-uti	0.308474994877	0.350891537922	0.179302238073	0.161331229128
-wáá	0.232990031154	0.241829694974	0.0721291381485	0.453051135724
-îto	0.0	0.0	1.0	0.0
-ínó	0.0	0.818181818182	0.0	0.181818181818
-íbí	0.460833115012	0.24038209629	0.0126962374801	0.286088551218
-abe	0.291575091575	0.405860805861	0.0769230769231	0.225641025641
-aba	0.239183543114	0.316267016599	0.079485024318	0.365064415969
-ôma	0.139220587307	0.640736904375	0.103670726546	0.116371781772
-aqó	0.691588785047	0.205607476636	0.0	0.102803738318
-íní	0.435729847495	0.315904139434	0.0261437908497	0.222222222222
-abo	0.189105534808	0.116485130911	0.0433659552766	0.651043379005
-îtu	0.033933955689	0.821499499134	0.00097425226139	0.143592292915
-íné	0.393479166432	0.257849881224	0.0728865271383	0.275784425205
-ria	0.0794701986755	0.711920529801	0.188741721854	0.0198675496689
-koe	0.0817341038401	0.757333157408	0.0565274060655	0.104405332687
-tua	0.122935822038	0.793846083044	0.0	0.0832180949178
-tue	0.0757484757485	0.775921375921	0.002548002548	0.145782145782
-éki	0.0657894736841	0.934210526316	0.0	0.0
-áíq	0.297418410674	0.145374625112	0.124106340112	0.433100624102
-iyô	0.183139534884	0.500726744186	0.15261627907	0.16351744186
-koo	0.358288770053	0.385026737968	0.0641711229946	0.192513368984
-kon	0.207608348642	0.589108756572	0.0819294060993	0.121353488687
-upí	0.262676905409	0.29012854233	0.0337693463329	0.413425205928
-aeo	0.0209476309227	0.733333333333	0.127348295927	0.118370739817
-tuo	0.22332859175	0.573395126876	0.0238608727573	0.179415408617
-aeq	0.435937613876	0.430526200714	0.0627505283871	0.0707856570221
