-cak	0.37068681083	0.383440594658	0.0867635277494	0.159109066762
-caj	0.123296388281	0.728313316282	0.121685448098	0.0267048473391
-can	0.558220189191	0.0797439605905	0.0217315817197	0.340304268499
-cam	0.6527530135	0.199366531761	0.0500529415893	0.0978275131489
-cal	0.0	0.0909090909091	0.909090909091	0.0
-cas	0.0379377431906	0.699416342413	0.0466926070038	0.215953307393
-car	0.306251056448	0.610728100132	0.0433065891199	0.0397142542992
-ive	0.00785394161903	0.992146058381	0.0	0.0
-rbe	0.0528634361233	0.947136563877	0.0	0.0
-cat	0.303739361583	0.46953112784	0.15011057252	0.0766189380571
-mbˈ	0.244892936254	0.228074493396	0.0147674132415	0.512265157109
-caz	0.0	1.0	0.0	0.0
-cay	0.051993067591	0.636048526863	0.129982668977	0.181975736568
-cax	0.263758026766	0.698433655404	0.0288063373942	0.0090019804357
-ivo	0.237517337032	0.53594544614	0.0658807212206	0.160656495608
-xel	0.386404901838	0.254477095577	0.0799466466592	0.279171355925
-xem	0.375175315568	0.319191210846	0.0561009817672	0.249532491818
-len	0.129875916469	0.578438384399	0.0397820453301	0.251903653802
-ekˈ	0.118057310355	0.725779552231	0.068226613433	0.0879365239804
-ioc	0.618285681436	0.0977038238796	0.0357130720384	0.248297422646
-zil	0.0934752465	0.612154400984	0.182781878372	0.111588474144
-zij	0.266130192242	0.529748007199	0.0513978768804	0.152723923679
-lea	0.00113754858281	0.984927481278	0.0122286472651	0.00170632287421
-heˈ	0.0431980949873	0.118117827046	0.0040146842208	0.834669393746
-ufo	0.0	1.0	0.0	0.0
-zic	0.170454545455	0.715909090909	0.0863636363636	0.0272727272727
-nti	0.311688311688	0.123376623377	0.428571428572	0.136363636364
-tzl	0.0775192155633	0.574661311128	0.24606046221	0.1017590111
-tzi	0.33607741666	0.0901640678481	0.343708017541	0.230050497951
-pur	0.133702007147	0.470281780253	0.262488713184	0.133527499416
-pus	0.114361288315	0.885638711685	0.0	0.0
-nta	0.734634909486	0.124054148973	0.031927460809	0.109383480732
-nte	0.0375782881002	0.9624217119	0.0	0.0
-puy	0.0036563071298	0.99634369287	0.0	0.0
-uan	0.0450287163355	0.860888288403	0.0040810012581	0.0900019940037
-aˈx	0.555103352398	0.127811704219	0.0677914828051	0.249293460578
-aˈy	0.114038766191	0.856024601621	0.0200354114249	0.00990122076228
-eus	0.0271739130435	0.945652173913	0.0271739130435	0.0
-pul	0.230189540991	0.401233158255	0.272664992007	0.0959123087463
-taˈ	0.241283222004	0.0416027448189	0.012546935828	0.704567097349
-ˈyc	0.455611867206	0.4	0.0831444678549	0.0612436649393
-aˈw	0.496792781429	0.31559747436	0.0665238050871	0.121085939124
-war	0.212849972713	0.422942780842	0.0185974331897	0.345609813255
-pra	0.0393873085339	0.789934354486	0.160175054705	0.0105032822757
-sik	0.455696202532	0.506329113924	0.0379746835443	0.0
-ajw	0.0774832151336	0.764337111697	0.0581392779296	0.10004039524
-pre	0.0065264684554	0.955039883974	0.00435097897026	0.0340826686004
-pan	0.214194645134	0.723926901827	0.0414789630259	0.0203994900127
-ˈcˈ	0.0232983857547	0.871858878349	0.104842735896	0.0
-yeˈ	0.533282018316	0.095127169388	0.0290602627621	0.342530549533
-más	0.00513698630137	0.991438356164	0.0	0.00342465753425
-aré	0.0	1.0	0.0	0.0
-iox	0.42650606795	0.508458731569	0.0319506920284	0.033084508452
-raˈ	0.0467535503478	0.914674770615	0.0105195488282	0.0280521302086
-mán	0.0	0.278557114228	0.721442885772	0.0
-ope	0.0102880658436	0.977366255144	0.0	0.0123456790124
-dea	0.0050829509354	0.976703141546	0.00917755030004	0.00903635721849
-dec	0.0524170064065	0.939429237041	0.00815375655214	0.0
-yuk	0.536788264176	0.0884379031158	0.017231580645	0.357542252063
-den	0.113012947114	0.844634628045	0.0331358349792	0.00921658986175
-deo	0.00146412884334	0.992679355783	0.00585651537335	0.0
-aaj	0.176240011555	0.760579606945	0.0232769826582	0.0399033988425
-okl	0.0459617700566	0.791826812207	0.0114343915751	0.150777026161
-des	0.0413193120108	0.883829165077	0.0438620389037	0.0309894840081
-ˈer	0.548907364499	0.198082776793	0.0776884285131	0.175321430194
-imi	0.0314903479613	0.910496782654	0.0210423591839	0.036970510201
-aús	0.0204081632653	0.979591836735	0.0	0.0
-imo	0.0110024449878	0.777506112469	0.0715158924205	0.139975550122
-ecj	0.0256772951909	0.706540172907	0.100586155868	0.167196376034
-ech	0.227828746177	0.601063055191	0.113586719091	0.0575214795398
-ˈch	0.489643738443	0.314244075028	0.107409406236	0.0887027802929
-rpo	0.0	0.883495145631	0.0	0.116504854369
-ˈem	0.516272189349	0.248372781065	0.127662721893	0.107692307692
-eca	0.31914893617	0.308510638298	0.340425531915	0.031914893617
-llo	0.0	1.0	0.0	0.0
-ida	0.00155279503105	0.998447204969	0.0	0.0
-bia	0.165172855314	0.811779769526	0.0153649167734	0.00768245838668
-bin	0.201219512195	0.707317073171	0.0182926829268	0.0731707317073
-rat	0.163846838825	0.285841495993	0.235084594835	0.315227070347
-zuw	0.839024390244	0.121951219512	0.00975609756098	0.0292682926829
-rig	0.00503609199261	0.986906160819	0.00201443679705	0.00604331039113
-100	0.0271856660907	0.143538244534	0.156317580021	0.672958509353
-ejc	0.407232021616	0.301250370493	0.205787271587	0.0857303363042
-ric	0.308856838921	0.383082344938	0.298508542772	0.00955227336873
-ria	0.0438938053098	0.927256637168	0.00300884955752	0.0258407079646
-rin	0.177269478199	0.714796283059	0.0643316654753	0.0436025732666
-rio	0.052308232403	0.866596454274	0.0667017728629	0.0143935404599
-ril	0.707725343356	0.080136770948	0.0666347486816	0.145503137014
-rim	0.0	1.0	0.0	0.0
-rij	0.0801334495419	0.0572651964211	0.00916836022696	0.85343299381
-riw	0.621621621622	0.351351351351	0.0	0.027027027027
-ris	0.0	1.0	0.0	0.0
-neˈ	0.399146962194	0.375572903024	0.0540588464879	0.171221288294
-gre	0.013698630137	0.599315068493	0.373287671233	0.013698630137
-tel	0.109258505582	0.456602713478	0.211786739468	0.222352041472
-tem	0.239756946933	0.49925240163	0.17572144437	0.085269207068
-ten	0.592625669814	0.181391936719	0.00845241132942	0.217529982138
-teo	0.0620397101279	0.778736817298	0.013403641077	0.145819831497
-jin	0.612936131496	0.0553892818699	0.0139392522653	0.317735334369
-jil	0.146973005161	0.601052004764	0.105389043271	0.146585946804
-wal	0.0411226288162	0.89823570657	0.0137707113394	0.0468709532744
-ara	0.0950796291894	0.714048015213	0.165200855717	0.0256714998812
-mes	0.0380313199105	0.742729306488	0.076062639821	0.143176733781
-seˈ	0.784153896316	0.0652103032278	0.0195630909684	0.131072709488
-nil	0.0533556891412	0.770266908404	0.0462920518081	0.130085350646
-aro	0.0232281119714	0.835616438356	0.089636688505	0.0515187611673
-jic	0.425608511096	0.275988854518	0.0655526301649	0.232850004222
-rón	0.0154109589041	0.979452054795	0.00513698630137	0.0
-luw	0.756144229825	0.142878515659	0.0426664455701	0.0583108089458
-art	0.18721557577	0.63031109322	0.14948380224	0.0329895287701
-uiˈ	0.247876208364	0.0755837012763	0.0778467570359	0.598693333324
-luj	0.149377593361	0.796680497925	0.00829875518674	0.0456431535269
-ˈke	0.229008538456	0.186214562379	0.177783879153	0.406993020012
-mea	0.0	1.0	0.0	0.0
-elt	0.11020426332	0.240950201542	0.0373207075783	0.61152482756
-mec	0.0	1.0	0.0	0.0
-ars	0.141410168158	0.79388337103	0.0117514013177	0.0529550594945
-mem	0.315481986368	0.12852969815	0.420155793574	0.135832521908
-jiw	0.652400515053	0.240296768655	0.0	0.107302716292
-meo	0.0	1.0	0.0	0.0
-ˈec	0.522868159548	0.274886845362	0.0171619373098	0.18508305778
-jir	0.0363636363636	0.672727272727	0.0363636363636	0.254545454545
-jip	0.255782312925	0.247619047619	0.463945578231	0.0326530612245
-nwa	0.0371740125057	0.945897514107	0.00480402623151	0.0121244471557
-aya	0.0106685633001	0.907335907336	0.0667547246495	0.0152408047145
-ayo	0.0163265306122	0.983673469388	0.0	0.0
-wat	0.283561808081	0.1938771432	0.0395667639183	0.482994284801
-ojr	0.381443786143	0.149606299213	0.107814355164	0.361135559481
-bás	0.00535953550692	0.951764180438	0.0375167485485	0.00535953550693
-ˈul	0.368784962245	0.284459778768	0.186297714068	0.160457544919
-ˈum	0.0232246077622	0.945809248555	0.0123864574731	0.0185796862097
-ˈun	0.027829237166	0.736733769709	0.00683380675971	0.228603186365
-ˈui	0.0614752757954	0.0552910171767	0.0830565618407	0.800177145187
-ˈuj	0.522483598239	0.389961248378	0.0790131871996	0.00854196618373
-ˈuk	0.849216433714	0.0550614146548	0.0279542566709	0.0677678949598
-aón	0.0	0.991935483871	0.00806451612905	0.0
-dán	0.0325479233227	0.939396964856	0.0066892971246	0.0213658146965
-udá	0.0	0.617424520679	0.0	0.382575479321
-xad	0.0	1.0	0.0	0.0
-yuw	0.512170385396	0.299188640974	0.16430020284	0.024340770791
-ken	0.976923076923	0.0230769230769	0.0	0.0
-ˈut	0.609486671014	0.240121378282	0.0388623447835	0.11152960592
-joˈ	0.518639892749	0.230781527596	0.19237546459	0.0582031150656
-xaj	0.41512980468	0.524803181781	0.0286033397804	0.0314636737585
-xak	0.131548674363	0.722015455616	0.117202831274	0.0292330387473
-xal	0.0459770114942	0.0402298850575	0.798850574713	0.114942528736
-xam	0.348603351955	0.497206703911	0.0	0.154189944134
-xan	0.631543989059	0.0873559481638	0.0294269315277	0.25167313125
-ota	0.0	0.990909090909	0.00909090909091	0.0
-tán	0.0	1.0	0.0	0.0
-otc	0.373135262706	0.325001095523	0.254098822469	0.0477648193013
-ote	0.00554200842386	0.985147417424	0.0053203280869	0.00399024606517
-ijc	0.403454838237	0.282535499927	0.144927536232	0.169082125604
-ijl	0.172660556046	0.78257559609	0.0213161180304	0.0234477298334
-aín	0.0212765957447	0.939716312057	0.0106382978724	0.0283687943263
-hwe	0.0160273177624	0.0239871485403	0.0022204092618	0.957765124435
-rán	0.0434782608696	0.95652173913	0.0	0.0
-ucˈ	0.277619751963	0.304130162703	0.0327682330185	0.385481852315
-moy	0.109103544128	0.0643965716933	0.80240908038	0.0240908037989
-umc	0.0831683168317	0.893069306931	0.0237623762376	0.0
-umb	0.107098723054	0.842784566799	0.0336399835233	0.0164767266237
-otx	0.103561749903	0.80933023616	0.0638792102206	0.0232288037166
-eví	0.0485367594575	0.934332619557	0.00571020699501	0.01142041399
-umi	0.0	0.824120603015	0.0	0.175879396985
-naj	0.628821887433	0.126165734551	0.0703400602389	0.174672317778
-nak	0.125756124468	0.604408228457	0.0710832011685	0.198752445906
ALL	0.224454539595	0.274796248359	0.0512417901004	0.449507421945
-akl	0.337005597508	0.37726408618	0.0911245181391	0.194605798173
-nan	0.0897697464296	0.91023025357	0.0	0.0
-nal	0.381936737322	0.372476384487	0.0853230973686	0.160263780823
-nam	0.411814664528	0.445503444371	0.0339718788337	0.108710012268
-ebˈ	0.0548242474768	0.58426158804	0.23434963778	0.126564526703
-kij	0.0425674105067	0.113086936309	0.015690376569	0.828655276615
-ake	0.268829326836	0.456109393752	0.155310033822	0.11975124559
-akc	0.379164033583	0.539586530649	0.0	0.0812494357678
-sum	0.113370338197	0.842312165962	0.0	0.0443174958406
-zul	0.0682492581602	0.364985163205	0.462908011869	0.103857566766
-kil	0.447866808578	0.249883406482	0.13901259389	0.16323719105
-aúl	0.541463414634	0.458536585366	0.0	0.0
-aúm	0.06288239293	0.870836165874	0.0101971447995	0.056084296397
-aán	0.0372670807454	0.726708074534	0.223602484472	0.0124223602484
-sio	0.116438356164	0.883561643836	0.0	0.0
-sin	0.564108203211	0.234660215527	0.112161864966	0.0890697162964
-sil	0.320119991429	0.468823655453	0.123205485322	0.0878508677952
-sic	0.11993433845	0.151674781151	0.504259768475	0.224131111924
-nas	0.0263822621387	0.963513892787	0.00336794835812	0.00673589671624
-sia	0.0414035087719	0.927719298246	0.00982456140354	0.0210526315789
-akt	0.152007275562	0.7882291802	0.0	0.059763544238
-ˈre	0.522875816993	0.133986928105	0.0	0.343137254902
-suj	0.591475491005	0.312386532431	0.034659184684	0.0614787918799
-mow	0.424698795181	0.533132530121	0.0271084337349	0.0150602409638
-wuj	0.338933596515	0.540719729313	0.0225062625353	0.0978404116373
-mos	0.0182481751825	0.976277372263	0.00547445255474	0.0
-mor	0.0	0.990954773869	0.00904522613065	0.0
-gog	0.0200589301904	0.973934723481	0.00339981867634	0.00260652765186
-wux	0.157127968099	0.808546311401	0.00793003443901	0.0263956860613
-mon	0.25935334873	0.639030023095	0.0423402617398	0.0592763664357
-yna	0.236951356432	0.646727068592	0.0516984777671	0.0646230972088
-mol	0.431135080582	0.378528400669	0.0583467373135	0.131989781436
-mok	0.184994861254	0.457005823912	0.279205207263	0.078794107571
-moj	0.214556163231	0.490954985276	0.1745898191	0.119899032394
-lke	0.143399343368	0.249603849734	0.0475691119375	0.559427694961
-com	0.0809705809885	0.84208992487	0.0118606978375	0.0650787963043
-col	0.545116613706	0.291204508664	0.0854367767852	0.0782421008454
-con	0.544382328879	0.248909190074	0.105944914099	0.100763566948
-nto	0.0472448259237	0.857605678291	0.0318044777867	0.0633450179983
-coj	0.383475090458	0.19871144739	0.124480267062	0.29333319509
-ber	0.0	1.0	0.0	0.0
-aˈm	0.0	1.0	0.0	0.0
-laˈ	0.138884118148	0.0511129612717	0.0272037410622	0.782799179518
-eor	0.0645161290323	0.935483870968	0.0	0.0
-ˈnc	0.468401486989	0.342936802974	0.131737918216	0.0569237918216
-ikˈ	0.816269284713	0.0575035063113	0.113604488078	0.0126227208976
-ˈrc	0.674911660777	0.0560070671378	0.0212014134276	0.247879858657
-cot	0.495037106363	0.168286911933	0.182582418307	0.154093563397
-cow	0.374855090347	0.259776605827	0.206067229784	0.159301074042
-rla	0.0	1.0	0.0	0.0
-yak	0.0116306805039	0.0403057980927	0.00256506420885	0.945498457195
-cor	0.0	1.0	0.0	0.0
-iso	0.0392156862745	0.960784313725	0.0	0.0
-ybˈ	0.187212426273	0.224330667325	0.015440200105	0.573016706297
-reo	0.0134234622945	0.845630183614	0.140946354092	0.0
-loˈ	0.177905308465	0.822094691535	0.0	0.0
-rem	0.432261465472	0.401686874012	0.0632577754349	0.102793885082
-xew	0.633333333333	0.266666666667	0.1	0.0
-rea	0.0527124972546	0.907997169144	0.00780925885253	0.0314810747493
-isc	0.143510376363	0.436510728104	0.394653534998	0.0253253605346
-red	0.0	1.0	0.0	0.0
-ree	0.0196207431841	0.391756961292	0.58350384078	0.00511845474368
-rex	0.275306748466	0.635544478528	0.0891487730061	0.0
-rey	0.0247625615146	0.922138983795	0.0210011597655	0.0320972949252
-eva	0.393939393939	0.575757575758	0.0151515151515	0.0151515151515
-res	0.0405709992487	0.846731780616	0.0135236664162	0.099173553719
-ocˈ	0.157710280374	0.763434579439	0.0788551401869	0.0
-ret	0.0219347859441	0.967143328939	0.00600703681455	0.00491484830282
-dia	0.127163781624	0.82689747004	0.0399467376831	0.00599201065247
-may	0.611982094311	0.186578909715	0.166179506572	0.0352594894017
-max	0.254205387601	0.578167274438	0.118221385719	0.0494059522409
-hab	0.0184049079754	0.944785276074	0.0368098159509	0.0
-hac	0.11767405325	0.335563089135	0.0165040515958	0.530258806019
-juw	0.58431372549	0.352941176471	0.0627450980391	0.0
-naí	0.0	1.0	0.0	0.0
-haj	0.229216021588	0.510974442649	0.0508323004754	0.208977235288
-hak	0.0981159867375	0.074942670159	0.0217655893528	0.805175753751
-hal	0.596724627533	0.248453728556	0.0770218228498	0.0777998210604
-mat	0.470259384069	0.143521380288	0.0723280758013	0.313891159841
-hap	0.636551557962	0.183620153957	0.00380454770269	0.176023740378
-mak	0.0585937686089	0.0671854780452	0.0177148763443	0.856505877002
-maj	0.50300310042	0.258775965184	0.0908991523272	0.147321782069
-ibˈ	0.0866400520367	0.1210132057	0.134892485778	0.657454256485
-mal	0.143113537759	0.696137181595	0.0673882055496	0.0933610750971
-man	0.0130588088108	0.0127426221587	0.000986162973533	0.973212406057
-juj	0.0442391824137	0.203584745432	0.0412875575356	0.710888514618
-mac	0.150242113866	0.504070303366	0.0792428506551	0.266444732113
-saˈ	0.550066893074	0.328805186786	0.0566018318411	0.0645260882989
-jun	0.032491089073	0.0593969182507	0.00739830779762	0.900713684879
-jul	0.190759371648	0.732868993795	0.0619798243113	0.0143918102453
-jum	0.0197083800673	0.854670725845	0.0509533728569	0.0746675212306
-unl	0.343100189036	0.517958412098	0.0907372400756	0.0482041587901
-obˈ	0.470554098444	0.113311287443	0.0349318683019	0.381202745811
-ecˈ	0.521839626129	0.0999778198897	0.0353013965687	0.342881157413
-ˈna	0.542065492019	0.311411508212	0.0744796245855	0.0720433751833
-ˈak	0.169300511967	0.297650398415	0.0572880768725	0.475761012745
-unc	0.438020884161	0.366650401744	0.121687648417	0.0736410656777
-nke	0.118579630735	0.186667622323	0.140230737441	0.5545220095
-bet	0.0507788792231	0.649403196439	0.00485535100142	0.294962573336
-pta	0.0612244897959	0.938775510204	0.0	0.0
-pto	0.0168121564824	0.909796314258	0.0643388296152	0.00905269964435
-cob	0.00742370085236	0.985152598295	0.0	0.00742370085234
-666	0.041958041958	0.041958041958	0.0	0.916083916084
-wna	0.617560702801	0.104309559247	0.0445621574668	0.233567580485
-tre	0.208381893618	0.73707519463	0.0111882895902	0.0433546221622
-gad	0.0	1.0	0.0	0.0
-tra	0.0787196015824	0.468200895636	0.227363094162	0.225716408619
-xpe	0.291681183887	0.0275318331208	0.011996910975	0.668790072017
-ada	0.0	0.972972972973	0.0	0.027027027027
-nli	0.0911050995113	0.0691247330641	0.0234766217682	0.816293545656
-tro	0.0194803387724	0.87337779798	0.0675318410775	0.0396100221705
-gak	0.145161290323	0.854838709677	0.0	0.0
-gai	0.0	1.0	0.0	0.0
-adi	0.0	1.0	0.0	0.0
-lal	0.125648160471	0.4895902101	0.0793252344307	0.305436394998
-gau	0.0	1.0	0.0	0.0
-sna	0.0607562710886	0.0363171437885	0.388945683321	0.513980901802
-okˈ	0.563424574752	0.288036394776	0.0347685636996	0.113770466773
-aat	0.101645692159	0.578654404647	0.284607938044	0.03509196515
-ana	0.054674510807	0.747729888733	0.0345312699834	0.163064330477
-lan	0.214728661625	0.53974333477	0.0935348532979	0.151993150307
-oˈl	0.201018292022	0.36630425123	0.0390049046413	0.393672552107
-seo	0.0142550734202	0.967365121267	0.000395974261675	0.017983831051
-uix	0.0178889326289	0.855610758067	0.126500309304	0.0
-sem	0.147568474008	0.513322153904	0.32792994224	0.0111794298491
-nos	0.0363636363637	0.963636363636	0.0	0.0
-hem	0.282517798621	0.470373300185	0.104719930689	0.142388970505
-bel	0.0442731819299	0.945888333197	0.0	0.00983848487331
-jiˈ	0.512977139021	0.227990049339	0.0581376595344	0.200895152106
-ino	0.0262116461941	0.942951122989	0.0308372308167	0.0
-ina	0.277107365482	0.0350864052467	0.00416573932013	0.683640489951
-uis	0.500359394187	0.318688715313	0.0654960546424	0.115455835858
-uir	0.567213114754	0.344262295082	0.0295081967213	0.0590163934426
-sec	0.0	1.0	0.0	0.0
-ˈij	0.373961751316	0.351263589048	0.0218629723974	0.252911687239
-uiw	0.611038107753	0.268068331143	0.0551905387648	0.065703022339
-ing	0.3	0.533333333333	0.0	0.166666666667
-uij	0.76892117196	0.101787250311	0.0187963936411	0.110495184088
-uim	0.030343897505	0.931220498989	0.030343897505	0.00809170600134
-uil	0.231211166468	0.294842383066	0.0147234379931	0.459223012473
-sey	0.0761904761904	0.92380952381	0.0	0.0
-uin	0.304858702007	0.590547799859	0.0497561499012	0.0548373482332
-uic	0.654854999863	0.176978381903	0.062947365073	0.105219253161
-kna	0.516516105033	0.337527914568	0.0757110954779	0.0702448849208
-int	0.0636363636364	0.881818181818	0.0545454545455	0.0
-ser	0.0	1.0	0.0	0.0
-inw	0.221843003413	0.597269624574	0.160409556314	0.0204778156997
-kuw	0.358201150427	0.513683109639	0.0915112428098	0.0366044971239
-lat	0.037037037037	0.946502057613	0.0082304526749	0.00823045267489
-eˈl	0.296236192918	0.474001950021	0.118550573653	0.111211283407
-eˈm	0.188425302826	0.763122476447	0.0403768506056	0.00807537012112
-dón	0.00607331357099	0.990890029644	0.0	0.00303665678548
-cbˈ	0.029187333079	0.803605494086	0.130007630675	0.0371995421595
-són	0.0	0.992443324937	0.0	0.00755667506296
-ena	0.434374913815	0.409525910808	0.0201329325133	0.135966242864
-utˈ	0.00555555555555	0.994444444444	0.0	0.0
-ian	0.0383083769828	0.628529109494	0.0293049315065	0.303857582017
-ner	0.0326719801534	0.913128412171	0.00293558557119	0.0512640221043
-nes	0.0531400966183	0.913043478261	0.0338164251208	0.0
-riˈ	0.504763959198	0.0365475682953	0.012789730147	0.44589874236
-rso	0.0080971659919	0.991902834008	0.0	0.0
-nen	0.127850905786	0.122674400522	0.000870736827424	0.748603956864
-neo	0.0	1.0	0.0	0.0
-nel	0.10799510189	0.638996622382	0.158066961422	0.0949413143067
-law	0.0	1.0	0.0	0.0
-bed	0.287878787879	0.712121212121	0.0	0.0
-ias	0.0120254251847	0.957911011854	0.0231918914275	0.00687167153409
-tke	0.279167542569	0.125289047719	0.0500315324785	0.545511877234
-teˈ	0.711669971797	0.131126294633	0.0492386303898	0.10796510318
-eˈw	0.536448696831	0.241616047294	0.0501286170386	0.171806638836
-kul	0.384041147266	0.462942458121	0.0306032789227	0.122413115691
-kuk	0.339920948617	0.494071146245	0.0948616600791	0.0711462450593
-ban	0.169245417758	0.65044037134	0.0217805284456	0.158533682457
-win	0.252496833683	0.17157465264	0.185641979521	0.390286534156
-ˈic	0.554136752616	0.251838941035	0.0660113702456	0.128012936103
-xeˈ	0.782399234167	0.0209468607897	0.00153181511375	0.19512208993
-lar	0.194052159571	0.0831099886609	0.639856715803	0.0829811359653
-eke	0.279051452573	0.396919845992	0.200910045502	0.123118655933
-los	0.0487454461491	0.84709323208	0.00615731951357	0.0980040022577
-hok	0.953416149068	0.0465838509317	0.0	0.0
-jow	0.720019964989	0.18883552032	0.0351557413811	0.0559887733106
-hol	0.555464296087	0.168493335305	0.0267661062607	0.249276262347
-hom	0.0619640387275	0.654495159059	0.273582295989	0.00995850622405
-jol	0.104450884702	0.75361368872	0.0472510630081	0.0946843635701
-jom	0.330795674844	0.490034060805	0.0695057059983	0.109664558353
-jon	0.398573169812	0.434898512243	0.0708194387563	0.0957088791887
-how	0.675592968183	0.19653870418	0.0316375243637	0.096230803273
-joj	0.446390457043	0.417854846198	0.0613705098497	0.0743841869093
-jok	0.452222510356	0.311002562634	0.0726786177358	0.164096309275
-ren	0.571625993279	0.371600268613	0.0314977588133	0.0252759792947
-bar	0.0474740665398	0.94634503346	0.002852723077	0.00332817692316
-bas	0.0	1.0	0.0	0.0
-job	0.201342281879	0.637583892617	0.120805369127	0.0402684563758
-joc	0.374149659864	0.382896015549	0.0262390670554	0.216715257531
-pet	0.427027541892	0.516760329125	0.018874145498	0.0373379834851
-zon	0.181818181818	0.0681818181818	0.75	0.0
-que	0.173294473841	0.0831894966187	0.0425681220113	0.700947907529
-asa	0.0	0.875641025641	0.0320512820513	0.0923076923077
-qui	0.0197926484449	0.940622054665	0.0395852968897	0.0
-caˈ	0.089286872191	0.0395225095339	0.0371869060308	0.834003712244
-atc	0.460859092734	0.429546366921	0.0421517462866	0.0674427940586
-ˈja	0.0677200902934	0.766741911211	0.0451467268623	0.120391271633
-eli	0.384074941452	0.456674473068	0.103044496487	0.0562060889929
-cke	0.258064516129	0.645161290323	0.0483870967742	0.0483870967742
-cna	0.0655226209048	0.469578783151	0.177847113885	0.287051482059
-lta	0.395555555556	0.435555555556	0.0444444444444	0.124444444444
-rbˈ	0.0607645387884	0.909177988682	0.00990905687799	0.0201484156519
-ˈjl	0.0712475975959	0.762687251303	0.0420498317226	0.124015319379
-zor	0.0	1.0	0.0	0.0
-iwr	0.042654028436	0.879146919431	0.0781990521327	0.0
-xow	0.514851485149	0.152758132956	0.128712871287	0.203677510608
-rax	0.0209059233449	0.11149825784	0.867595818815	0.0
-430	0.509803921569	0.0392156862745	0.0	0.450980392157
-ers	0.736292428199	0.161879895561	0.0469973890339	0.0548302872062
-ert	0.112950893306	0.81683148289	0.056965590356	0.013252033448
-ras	0.200303490136	0.691957511381	0.0166919575114	0.0910470409711
-ran	0.433245191662	0.0861995560846	0.0275343900191	0.453020862234
-xoc	0.733026485616	0.0528538971082	0.00754674716531	0.206572870111
-ral	0.151212382567	0.584620190745	0.137080384196	0.127087042491
-ram	0.0	1.0	0.0	0.0
-raj	0.291064019704	0.145969412342	0.0386331935086	0.524333374446
-rak	0.114381966664	0.797438103088	0.0428302518347	0.0453496784132
-iwe	0.248447204969	0.689440993789	0.0	0.0621118012422
-ero	0.0442143089186	0.0166566318646	0.00392393818615	0.935205121031
-xok	0.381435965364	0.395663158928	0.0659847425614	0.156916133147
-rad	0.0808625336927	0.0179694519317	0.901168014376	0.0
-rac	0.0	1.0	0.0	0.0
-ˈis	0.222151764955	0.388924117523	0.331430987106	0.0574931304164
-tzˈ	0.16106507774	0.803928870682	0.0193650498091	0.0156410017689
-pos	0.0700116686115	0.901983663944	0.00700116686114	0.0210035005834
-ˈow	0.329324603833	0.564966264073	0.0731832452962	0.0325258867983
-pow	0.897090397572	0.0621899755683	0.0	0.0407196268602
-poj	0.139996391846	0.709904383908	0.0537615009923	0.0963377232545
-pok	0.140825830487	0.838311083514	0.0	0.0208630859981
-pon	0.276152980877	0.464379452568	0.105736782902	0.153730783652
-nri	0.270524833193	0.035317733621	0.00144744809922	0.692709985087
-pom	0.0185600494935	0.962879901013	0.0162400433068	0.00232000618668
-poc	0.221976459436	0.35350343629	0.302867525081	0.121652579193
-ˈom	0.0446371226718	0.919717405266	0.0028901734104	0.0327552986513
-aza	0.0448877805486	0.945137157107	0.00997506234412	0.0
-upc	0.410256410256	0.230769230769	0.333333333333	0.025641025641
-lad	0.156360084545	0.37455966182	0.428729264075	0.04035098956
-noy	0.149524241051	0.503851381966	0.271862256457	0.0747621205256
-ike	0.115382509721	0.0583685885933	0.0692305684375	0.757018333248
-coˈ	0.372405147919	0.226057161959	0.0350994484372	0.366438241685
-500	0.424437299035	0.122186495177	0.0868167202572	0.366559485531
-lac	0.0	1.0	0.0	0.0
-115	0.181268882175	0.629909365559	0.0679758308157	0.12084592145
-lam	0.139911634757	0.743606908555	0.0562324273664	0.0602490293212
-nor	0.0	1.0	0.0	0.0
-lao	0.263888888889	0.736111111111	0.0	0.0
-laj	0.126143907471	0.11711179379	0.194966709326	0.561777589413
-lak	0.18862234815	0.243027050595	0.0526879995997	0.515662601656
-aam	0.0783582089552	0.858208955224	0.0634328358209	0.0
-uja	0.119205298013	0.841059602649	0.0397350993377	0.0
-noj	0.161393251951	0.805463490952	0.0275850711242	0.00555818597279
-fos	0.0	1.0	0.0	0.0
-eón	0.13772014089	0.832692923471	0.0147934678194	0.0147934678194
-aak	0.28676341351	0.41402392983	0.213910086056	0.0853025706043
-las	0.119285412857	0.836263890843	0.00928400618934	0.0351666901111
-ujc	0.664335664336	0.20979020979	0.125874125874	0.0
-kch	0.612951821505	0.225085921344	0.0358776121172	0.126084645034
-noc	0.260264439805	0.524008350731	0.12456506611	0.0911621433542
-yaˈ	0.6041053923	0.114717668776	0.0422369971781	0.238939941746
-aac	0.0130664902415	0.978994376447	0.00396956665562	0.00396956665564
-pic	0.668806774941	0.196593098758	0.0879859772981	0.0466141490034
-dro	0.0216986490892	0.875357956593	0.00395095577007	0.0989924385479
-ueˈ	0.655378300215	0.145909133315	0.0681033678515	0.130609198619
-fán	0.0	1.0	0.0	0.0
-lch	0.412079790951	0.258339840055	0.0748184996311	0.254761869363
-fás	0.0	0.991578947368	0.00421052631579	0.0042105263158
-doc	0.0	1.0	0.0	0.0
-ges	0.0263157894737	0.947368421053	0.0263157894737	0.0
-sas	0.0	1.0	0.0	0.0
-ión	0.0143516145566	0.979497693491	0.00307534597641	0.00307534597642
-vos	0.00662983425416	0.980110497238	0.0	0.0132596685083
-toc	0.486123014042	0.256224317138	0.143164787835	0.114487880985
-haˈ	0.564380023218	0.265997495197	0.0489703458998	0.120652135685
-tol	0.528301886793	0.354838709677	0.0876445526476	0.0292148508825
-mpe	0.756547780815	0.0726903585759	0.0287489542202	0.142012906389
-toj	0.547765699181	0.309553873695	0.0833479722803	0.0593324548436
-tok	0.507860429448	0.160467791411	0.0709355828221	0.260736196319
-maˈ	0.0872846210637	0.0637129136841	0.0272079021025	0.82179456315
-olj	0.199688578919	0.51758407971	0.0119443071957	0.270783034175
-ˈur	0.0694484544957	0.75484010667	0.104674025616	0.0710374132179
-tor	0.0241935483871	0.927419354839	0.0	0.0483870967742
-tos	0.538053732554	0.266603125768	0.0939542200088	0.10138892167
-top	0.670346211741	0.302057200201	0.0215755143001	0.00602107375815
-sad	0.408878504673	0.531152647975	0.0155763239876	0.0443925233645
-sak	0.111953901104	0.560174373695	0.237373594352	0.0904981308492
-saj	0.573462160542	0.237954255642	0.0633524111205	0.125231172695
-400	0.524590163935	0.204918032787	0.0	0.270491803279
-san	0.560413717939	0.303685742116	0.0612725825308	0.074627957414
-sam	0.0	1.0	0.0	0.0
-sal	0.231627712801	0.554249542068	0.0933986627745	0.120724082357
-lon	0.109804180015	0.0746807921825	0.0895667024545	0.725948325348
-reˈ	0.087682669932	0.0312649259256	0.00818374218519	0.872868661957
-iej	0.0622406639004	0.858921161826	0.0788381742738	0.0
-loj	0.343528119662	0.507816084752	0.0314283450318	0.117227450554
-iel	0.238376958818	0.326469654555	0.0561311361865	0.37902225044
-loi	0.0	0.978260869565	0.0	0.0217391304348
-uío	0.0	1.0	0.0	0.0
-loe	0.0240963855422	0.927710843373	0.0240963855422	0.0240963855422
-rox	0.00796963946869	0.0163187855787	0.668690702087	0.307020872865
-loc	0.0	1.0	0.0	0.0
-aní	0.0	1.0	0.0	0.0
-mín	0.0	0.978947368421	0.0210526315789	0.0
-low	0.621432055795	0.182586454667	0.0838508088439	0.112130680695
-ron	0.0649294991376	0.804618238128	0.0705325523628	0.0599197103717
-mas	0.17737703206	0.0946210948488	0.137761150536	0.590240722555
-roj	0.555419868277	0.0272365532382	0.013789791438	0.403553787047
-rok	0.418114776648	0.108747160595	0.026107843553	0.447030219204
-cˈj	0.107825190722	0.283617887289	0.176730930947	0.431825991041
-mar	0.0666433015958	0.868421272228	0.017523803166	0.0474116230102
-cˈl	0.0578580185393	0.306965011774	0.079598874591	0.555578095095
-ipo	0.0309734513274	0.969026548673	0.0	0.0
-sar	0.077520603745	0.904007073163	0.018472323092	0.0
-cˈa	0.243902439024	0.534709193246	0.21200750469	0.00938086303942
-iti	0.135999213024	0.0579691814752	0.028352199667	0.777679405833
-húm	0.0	1.0	0.0	0.0
-ipe	0.493048715194	0.319627713966	0.0206633457392	0.1666602251
-bˈa	0.100836709562	0.374684420237	0.00875029297856	0.515728577222
-oke	0.0	0.866579463702	0.0941792020929	0.0392413342053
-bˈc	0.590146723011	0.183848511626	0.13537829806	0.090626467303
-hke	0.254421768707	0.582993197279	0.0244897959184	0.138095238095
-ewc	0.147540983607	0.819672131148	0.0	0.0327868852459
-ewa	0.00940438871474	0.990595611285	0.0	0.0
-xaˈ	0.627242768217	0.317832295862	0.0329549615526	0.0219699743684
-rdo	0.0344827586207	0.775862068966	0.189655172414	0.0
-bˈj	0.0229496047853	0.799011664342	0.0048409322594	0.173197798614
-bˈl	0.199418750273	0.713847507175	0.0536463265869	0.0330874159646
-wij	0.0815795740387	0.0309513121384	0.0166592141612	0.870809899662
-nar	0.446667223521	0.440256431674	0.0513698630137	0.0617064817908
-awi	0.27731092437	0.0672268907563	0.100840336134	0.55462184874
-xke	0.504201680672	0.0840336134453	0.378151260504	0.0336134453781
-awn	0.078947368421	0.9	0.0210526315789	0.0
-awl	0.00730980703827	0.962565447916	0.00634334261777	0.0237814024282
-awc	0.225433526012	0.161849710983	0.0838150289017	0.528901734104
-awe	0.069681013119	0.0315145469697	0.0109367917938	0.887867648118
-ton	0.759906759907	0.105228105228	0.0739260739261	0.060939060939
-awx	0.0150753768844	0.984924623116	0.0	0.0
-jti	0.415495333408	0.216181266164	0.110817496908	0.25750590352
-ixm	0.157894736842	0.842105263158	0.0	0.0
-mam	0.0645338390897	0.471401477341	0.0262028348972	0.437861848672
-uen	0.711399534713	0.193890045304	0.0505693645157	0.0441410554671
-jta	0.68518348202	0.216039731445	0.0312701186425	0.0675066678929
-pij	0.801900299362	0.0903292984512	0.0536248861122	0.0541455160745
-wch	0.136108925208	0.143132421264	0.0407095971427	0.680049056385
-naˈ	0.372784870828	0.124543246862	0.0873916732741	0.415280209036
-tom	0.317701149425	0.59816091954	0.0731034482759	0.0110344827586
-ido	0.0277777777778	0.833333333333	0.0277777777778	0.111111111111
-wic	0.36974789916	0.175630252101	0.0151260504202	0.439495798319
-kiˈ	0.723906401257	0.114430651102	0.0596519378229	0.102011009818
-wke	0.201689545934	0.722280887012	0.0633579725449	0.012671594509
-sto	0.0397495217426	0.641082854785	0.00838299733914	0.310784626134
-ste	0.125307125307	0.523341523342	0.0786240786241	0.272727272727
-sta	0.0882022403007	0.11031606018	0.0234964984408	0.777985201079
-saí	0.0	1.0	0.0	0.0
-cun	0.329477810579	0.500814660666	0.0871122295892	0.082595299166
-cul	0.20951779322	0.74215624342	0.0189513581807	0.0293746051801
-cuj	0.168771951021	0.308842500159	0.409924442225	0.112461106595
-ˈti	0.325870646766	0.378109452736	0.0845771144278	0.21144278607
-tow	0.582640709544	0.27455792938	0.113794834607	0.0290065264685
-ián	0.0289855072464	0.884057971014	0.0869565217391	0.0
-yke	0.382626680455	0.12202688728	0.40847983454	0.0868665977249
-ˈta	0.459558823529	0.200367647059	0.0367647058823	0.303308823529
-uct	0.142268041237	0.340206185567	0.354639175258	0.162886597938
-iˈj	0.552706557546	0.310601448172	0.0812303621518	0.0554616321294
-nis	0.0338983050847	0.864406779661	0.101694915254	0.0
-uch	0.109450028934	0.806439003453	0.00603584718385	0.0780751204296
-pch	0.744939271255	0.255060728745	0.0	0.0
-cuy	0.536567876831	0.215649218173	0.120254031006	0.12752887399
-cux	0.0	0.837518463811	0.162481536189	0.0
-isa	0.0	0.996168582375	0.00383141762453	0.0
-200	0.032304379038	0.480258435032	0.0885379277339	0.398899258196
-cur	0.0	1.0	0.0	0.0
-rés	0.00573339703774	0.987099856665	0.0	0.00716674629718
-lej	0.263782447466	0.34870210136	0.387515451174	0.0
-lel	0.296986810041	0.13615441148	0.0177929060457	0.549065872433
-lem	0.199362041467	0.549079309845	0.190662606931	0.0608960417573
-iom	0.0548829701372	0.0357142857143	0.887610976594	0.0217917675545
-nbˈ	0.0156678417548	0.257540148845	0.683509596553	0.0432824128476
-mum	0.2431209951	0.619298906898	0.114964191481	0.0226159065209
-mul	0.103600961001	0.296541513018	0.427422058331	0.17243546765
-jat	0.628889998336	0.332001997004	0.0	0.0391080046597
-muk	0.623500563324	0.273510504341	0.0524885678309	0.050500364504
-yta	0.920529801325	0.0264900662252	0.0	0.0529801324503
-gón	0.0118988596926	0.988101140307	0.0	0.0
-ios	0.121983485989	0.77362673718	0.00966886135	0.0947209154818
-les	0.0384615384615	0.961538461538	0.0	0.0
-lew	0.0411099509051	0.850676491069	0.00827834593986	0.0999352120858
-eel	0.0	1.0	0.0	0.0
-rra	0.0326848249028	0.940077821012	0.0256809338522	0.00155642023346
-kaˈ	0.530265136799	0.240893307148	0.0790922865973	0.149749269455
-lja	0.038950042337	0.946534413935	0.0	0.0145155437281
-tiˈ	0.365693200301	0.272917754843	0.0609927200806	0.300396324775
-rro	0.0	0.948051948052	0.0519480519481	0.0
-iud	0.0	1.0	0.0	0.0
-gio	0.072202166065	0.884476534296	0.043321299639	0.0
-alm	0.0	1.0	0.0	0.0
-icˈ	0.206173553304	0.433547928142	0.0647759690147	0.295502549539
-ndo	0.151021746136	0.017168525696	0.000592542037295	0.831217186131
-niˈ	0.497006239516	0.186309979181	0.0773364402758	0.239347341027
-alc	0.311836830936	0.503949540203	0.114654562603	0.069559066258
-gia	0.0	0.960264900662	0.0397350993377	0.0
-ala	0.0	1.0	0.0	0.0
-pup	0.737762237762	0.0944055944056	0.041958041958	0.125874125874
-rot	0.218804613771	0.716532680881	0.0646627053477	0.0
-tch	0.433142857143	0.242285714286	0.171428571429	0.153142857143
-120	0.0487804878049	0.341463414634	0.0	0.609756097561
-uva	0.0192373279446	0.946725426479	0.0191603786328	0.0148768669438
-yor	0.0791407574901	0.815338232523	0.039570378745	0.0659506312419
-yop	0.0430107526882	0.956989247312	0.0	0.0
-iek	0.215426578026	0.129801461153	0.129414571552	0.525357389269
-yoj	0.645463049579	0.197380729654	0.089803554724	0.067352666043
-lom	0.44262295082	0.327868852459	0.163934426229	0.0655737704918
-yol	0.556069598971	0.220344083109	0.148864465558	0.0747218523617
-abí	0.471428571429	0.37619047619	0.0	0.152380952381
-abé	0.0809817999666	0.879362163967	0.00300551010186	0.0366505259642
-lok	0.206642066421	0.332103321033	0.273062730627	0.188191881919
-chi	0.0217959608711	0.0063131946682	0.000669861283609	0.971220983177
-chj	0.136075949367	0.664556962025	0.194620253164	0.00474683544304
-ˈik	0.19378281387	0.692418943623	0.0530354128789	0.0607628296282
-ˈil	0.198175703086	0.26674409512	0.0510399698514	0.484040231942
-jke	0.466723711111	0.251167560435	0.0923597457822	0.189748982671
-ˈin	0.368415929214	0.444262290408	0.0388890948021	0.148432685575
-xut	0.510698307722	0.233417623031	0.0875316086364	0.168352460611
-pem	0.598448466938	0.379386775028	0.0221647580347	0.0
-chc	0.402873060454	0.497214420553	0.0386758138036	0.061236705189
-che	0.3046875	0.484375	0.140625	0.0703125
-pej	0.341614906832	0.645962732919	0.0	0.0124223602484
-jeˈ	0.643459039617	0.216609777246	0.0405527941966	0.0993783889405
-ˈix	0.305949008499	0.681586402266	0.00226628895184	0.0101983002833
-153	0.0	0.0248447204969	0.111801242236	0.863354037267
-oré	0.0105263157895	0.926315789474	0.0210526315789	0.0421052631579
-elo	0.0	1.0	0.0	0.0
-ogo	0.0	1.0	0.0	0.0
-uˈw	0.165803108808	0.632124352332	0.20207253886	0.0
-ˈip	0.342105263158	0.526315789474	0.131578947368	0.0
-aén	0.0	0.961538461538	0.0384615384615	0.0
-ˈit	0.504469217636	0.254293461886	0.0367580596565	0.204479260821
-rke	0.217067583047	0.28636884307	0.144329896907	0.352233676976
-iyc	0.64606741573	0.258426966292	0.061797752809	0.0337078651685
-cch	0.302722295607	0.145510406801	0.0379269140386	0.513840383553
-jpe	0.361809045226	0.304857621441	0.23283082077	0.100502512563
-ter	0.620976902688	0.219235138205	0.125709958349	0.0340780007573
-omé	0.0	0.943037974684	0.0	0.0569620253165
-uˈs	0.0727272727273	0.272727272727	0.654545454545	0.0
-ito	0.0541673133633	0.851777122458	0.0446996740649	0.0493558901133
-tes	0.0	1.0	0.0	0.0
-eso	0.0383877159309	0.93154190659	0.00479846449136	0.0252719129878
-lás	0.0	1.0	0.0	0.0
-esa	0.0	1.0	0.0	0.0
-ite	0.0	1.0	0.0	0.0
-xna	0.439580995137	0.20234754957	0.179900860456	0.178170594837
-itc	0.627724319434	0.00135701949174	0.00246730816679	0.368451352907
-nem	0.590163934426	0.344262295082	0.0	0.0655737704918
-ita	0.0407846183725	0.921343950282	0.0349582443193	0.00291318702661
-uem	0.274308294972	0.431559449243	0.125628588874	0.168503666911
-spe	0.0377358490566	0.924528301887	0.0377358490566	0.0
-uel	0.0587761396724	0.899446420145	0.0151917964299	0.0265856437524
-fté	0.0	1.0	0.0	0.0
-tew	0.0889450389187	0.848988451559	0.0454476080653	0.0166189014567
-iˈn	0.369881851392	0.252801886835	0.143583733085	0.233732528689
-ueo	0.10917721519	0.862341772152	0.00949367088607	0.0189873417721
-iˈl	0.189229210197	0.0147825728354	0.00286862057644	0.793119596391
-spo	0.0	1.0	0.0	0.0
-fas	0.0221698113208	0.922641509434	0.0240566037736	0.0311320754717
-alí	0.0	1.0	0.0	0.0
-iˈw	0.301236106783	0.333125584294	0.0966033032097	0.269035005713
-bre	0.0322580645161	0.967741935484	0.0	0.0
-iˈy	0.549125217889	0.291301981979	0.0833002849844	0.0762725151484
-tbˈ	0.135458167331	0.816733067729	0.0478087649402	0.0
-jaˈ	0.25604435469	0.646182885499	0.0306897829406	0.0670829768701
-tpe	0.729020979021	0.131118881119	0.0192307692308	0.120629370629
-hun	0.0463917525773	0.778350515464	0.113402061856	0.0618556701031
-uti	0.249394673123	0.479418886199	0.0290556900727	0.242130750605
-món	0.0131334662724	0.978408856495	0.000618854431685	0.00783882280135
-hcˈ	0.596774193548	0.306451612903	0.0	0.0967741935484
-wok	0.494824016563	0.234989648033	0.0621118012422	0.208074534161
-woj	0.440391943386	0.137724550898	0.166575939031	0.255307566685
-rom	0.0	1.0	0.0	0.0
-njl	0.0218615250847	0.946180190274	0.0061219368135	0.0258363478274
-hup	0.911161731207	0.0888382687927	0.0	0.0
-lot	0.0212414444182	0.852725985367	0.10903941468	0.0169931555346
-atˈ	0.466019417476	0.47572815534	0.0194174757282	0.0388349514563
-vas	0.0196850393701	0.98031496063	0.0	0.0
-tam	0.775592495063	0.078258722844	0.027896642528	0.118252139566
-nch	0.273908237659	0.458923392734	0.114128432358	0.153039937249
-tea	0.00520833333333	0.989583333333	0.00520833333333	0.0
-kom	0.153277931671	0.643582640813	0.162511542013	0.0406278855032
-sow	0.335766423358	0.474452554745	0.0729927007299	0.116788321168
-kon	0.105789659925	0.755941430028	0.00798491406661	0.130283995981
-aem	0.411111111111	0.311111111111	0.233333333333	0.0444444444444
-sop	0.0	0.917525773196	0.0824742268041	0.0
-tun	0.603798484796	0.154278532277	0.0712355549349	0.170687427993
-och	0.0688894967797	0.792930085901	0.00637745811353	0.131802959205
-sol	0.210793481165	0.150146940956	0.60379374833	0.0352658295485
-kow	0.458083710315	0.354444308595	0.0264906060236	0.160981375066
-weˈ	0.726993865031	0.216768916155	0.00306748466258	0.0531697341513
-tut	0.658536585366	0.211382113821	0.0487804878049	0.0813008130081
-oro	0.00681708594516	0.836838867366	0.142876145187	0.0134679015014
-tuw	0.476454281253	0.304730588548	0.0519701291826	0.166845001016
-rcˈ	0.00630247372095	0.981092578837	0.0	0.0126049474419
-etˈ	0.569343065693	0.430656934307	0.0	0.0
-zal	0.34368125061	0.328799471404	0.200138155771	0.127381122215
-soc	0.239681750373	0.647936350075	0.0586772749876	0.0537046245649
