-het	0.243564628593	0.0614873387759	0.0229529926668	0.671995039964
-heu	0.680693069307	0.319306930693	0.0	0.0
-oiu	0.957446808511	0.0425531914894	0.0	0.0
-eus	0.0230179028133	0.943094629156	0.00959079283889	0.0242966751918
-hes	0.484198177934	0.396232100865	0.0911571141832	0.0284126070181
-hel	0.0916178839145	0.178442416869	0.124013173287	0.605926525929
-hem	0.055449330784	0.919694072658	0.0038240917782	0.0210325047801
-euo	0.344415211672	0.234393685721	0.173642669218	0.247548433389
-heo	0.180225902465	0.345006868656	0.260884911852	0.213882317027
-hei	0.0895201478241	0.466900954101	0.0227289365502	0.420849961525
-eue	0.445197933753	0.407912453791	0.0758929664357	0.0709966460205
-ois	0.0	1.0	0.0	0.0
-eua	0.465728019713	0.110898078768	0.0531437059532	0.370230195565
-lem	0.0855812447361	0.470296718582	0.11210780945	0.332014227231
-aus	0.206928784249	0.762224688906	0.0	0.0308465268447
-aut	0.27258805513	0.56202143951	0.16539050536	0.0
-aen	0.0	0.976119402985	0.0238805970149	0.0
-aua	0.52835702719	0.235077693455	0.0641463234174	0.172418955938
-aue	0.881859718651	0.0545911599496	0.0228657288374	0.0406833925618
-aul	0.66515827215	0.247990923407	0.059379374854	0.0274714295883
-auo	0.089219330855	0.208178438662	0.111524163569	0.591078066914
-aun	0.670217622889	0.161771419875	0.146096484553	0.021914472683
-put	0.195945945946	0.668918918919	0.0810810810811	0.054054054054
-pur	0.417814976538	0.190368445794	0.238899320089	0.152917257579
-pus	0.00475044822778	0.987894019032	0.00459720796236	0.00275832477742
-uai	0.0753862150922	0.866681521093	0.0456773618538	0.0122549019608
-nte	0.0	0.957943925234	0.0	0.0420560747663
ALL	0.22526813722	0.285289362393	0.0535848488114	0.435857651575
-pue	0.598303101229	0.292203042715	0.0699970743125	0.0394967817437
-uas	0.234042553192	0.63829787234	0.031914893617	0.0957446808511
-apa	0.0428104026001	0.849122710523	0.0899186338533	0.0181482530238
-pul	0.0953184310417	0.869253479545	0.0126528890763	0.0227752003374
-pum	0.660852713178	0.205426356589	0.093023255814	0.0406976744186
-puo	0.403666843497	0.438795377349	0.0850555911673	0.0724821879859
-ntu	0.0	0.934210526316	0.0657894736842	0.0
-pra	0.0592105263158	0.842105263158	0.0986842105263	0.0
-oun	0.594076655052	0.315331010453	0.0487804878049	0.0418118466899
-kie	0.0607661822985	0.904557463672	0.00990752972259	0.0247688243065
-eul	0.590967741936	0.238709677419	0.131612903226	0.0387096774193
-pro	0.0791936645068	0.899208063355	0.0215982721382	0.0
-kik	0.331672025723	0.47459807074	0.145337620579	0.0483922829582
-opo	0.222218052872	0.268335240811	0.491322538884	0.0181241674328
-pru	0.0378989361702	0.914228723404	0.0398936170213	0.00797872340426
-opi	0.048021342819	0.897732325478	0.0489106269452	0.00533570475767
-iks	0.116265894498	0.85465189475	0.00188845524361	0.027193755508
-ope	0.44256238433	0.452311333411	0.0670111249476	0.038115157311
-opa	0.0349264705882	0.959558823529	0.0	0.00551470588235
-ims	0.0	0.998897464168	0.00110253583241	0.0
-gka	0.0139175257732	0.976804123711	0.00927835051546	0.0
-oia	0.646135257387	0.103190450736	0.0245380915035	0.226136200374
-hle	0.221434200158	0.333727344366	0.277777777778	0.167060677699
-oes	0.191760980262	0.219212656642	0.050867183449	0.538159179648
-gki	0.0316742081448	0.948485903237	0.0062652279847	0.0135746606335
-400	0.194366197183	0.0507042253521	0.0338028169014	0.721126760563
-ima	0.395108184384	0.587958607714	0.0112888052681	0.00564440263408
-oio	0.342723004695	0.650234741784	0.00704225352113	0.0
-oko	0.180912089351	0.138800675622	0.381177101659	0.299110133368
-ime	0.0390127262203	0.0373270039123	0.100615580117	0.823044689751
-aka	0.377679022553	0.116019694794	0.0440540178472	0.462247264805
-oke	0.0423046240133	0.839384502671	0.0775931436493	0.0407177296663
-oka	0.126420227236	0.768923027684	0.00960153624579	0.0950552088335
-imo	0.0408452158183	0.0814610570271	0.00806720756085	0.869626519594
-sik	0.405044510386	0.405044510386	0.106824925816	0.0830860534124
-lla	0.0	0.181818181818	0.818181818182	0.0
-ech	0.290036804329	0.491403308224	0.176093466305	0.0424664211415
-lle	0.0395777884425	0.0934875954231	0.0859386524458	0.780995963689
-hre	0.119047619048	0.555555555556	0.0793650793651	0.246031746032
-llo	0.153668547973	0.357106208312	0.181631605952	0.307593637763
-tla	0.109059434507	0.890940565493	0.0	0.0
-100	0.0718405463963	0.293663987901	0.105240098668	0.529255367035
-uta	0.126186680676	0.672478794481	0.168513076987	0.0328214478556
-tet	0.37707948244	0.417128773876	0.102279728897	0.103512014787
-teu	0.337611346175	0.146394416053	0.0279245310312	0.48806970674
-ute	0.209089809506	0.517417005469	0.0592933342212	0.214199850804
-rin	0.0439506172839	0.817530864198	0.0740740740741	0.0644444444444
-rio	0.268778280543	0.685067873303	0.0461538461538	0.0
-ril	0.0	1.0	0.0	0.0
-rim	0.107966033158	0.845936109988	0.023048928427	0.023048928427
-rik	0.101578667297	0.531543782889	0.199905398214	0.166972151599
-tea	0.00897371982052	0.959831920803	0.0209386795812	0.0102556797949
-rit	0.183393501805	0.708303249098	0.0866425992779	0.0216606498195
-riu	0.374913326862	0.447233393427	0.1196089308	0.0582443489113
-rir	0.419228673723	0.36260507472	0.144224782067	0.0739414694894
-ris	0.407740069746	0.399897933146	0.0931870375095	0.0991749595986
-utu	0.468716447047	0.33376881781	0.0372113976799	0.160303337463
-tei	0.532533315847	0.103436869294	0.0411112811209	0.322918533738
-tek	0.188379385359	0.22233747863	0.0685290080479	0.520754127963
-tel	0.56862745098	0.137254901961	0.0392156862745	0.254901960784
-tem	0.276622852396	0.324591223835	0.0406896188098	0.358096304959
-ten	0.21494913755	0.477222467935	0.257408226448	0.0504201680672
-meu	0.239804241436	0.544861337684	0.185970636215	0.0293637846656
-are	0.772872014415	0.123616941857	0.0219814655232	0.0815295782047
-ara	0.219410944147	0.211831288265	0.0548860157125	0.513871751876
-mes	0.626039450871	0.228196782125	0.0492035260502	0.0965602409542
-eri	0.0	1.0	0.0	0.0
-aro	0.0636604774536	0.824933687003	0.111405835544	0.0
-lut	0.260434842707	0.458611292322	0.180329608058	0.100624256913
-mee	0.289661319073	0.654188948307	0.0401069518717	0.0160427807487
-uga	0.466666666667	0.346666666667	0.186666666667	0.0
-luk	0.166305760069	0.699436985708	0.0330721681956	0.101185086027
-lul	0.385159490481	0.436909836133	0.154508193368	0.0234224800177
-lum	0.449311419057	0.45022666237	0.0842195724567	0.0162423461167
-lun	0.457975545993	0.298323402897	0.0790772996251	0.164623751485
-mem	0.163344233914	0.145142037889	0.051011418581	0.640502309616
-lua	0.059137849307	0.694583483816	0.133606270597	0.11267239628
-men	0.122274602239	0.440925162051	0.426193282263	0.0106069534472
-mei	0.326530612245	0.353741496599	0.260770975057	0.0589569160998
-lue	0.589806077776	0.22324825139	0.0513134828153	0.135632188018
-mek	0.206098662632	0.628558467145	0.0234645926777	0.141878277546
-rai	0.658876987991	0.21666722627	0.0479020470291	0.07655373871
-mor	0.0	1.0	0.0	0.0
-nta	0.0672182006204	0.926577042399	0.0	0.00620475698034
-ota	0.209674907712	0.711777152855	0.0355870256208	0.0429609138125
-ote	0.24730859711	0.0925049203845	0.0419496591184	0.618236823387
-oan	0.102796796053	0.859992011156	0.0281011079265	0.00911008486395
-oti	0.0701293008985	0.893710278326	0.0140258601797	0.0221345605961
-oto	0.306623394589	0.0901047394485	0.0777765227175	0.525495343245
-ume	0.281326461603	0.47172915804	0.072538742563	0.174405637794
-otu	0.404677515245	0.188062232589	0.056235441648	0.351024810518
-umo	0.271845191502	0.481893437232	0.154597416405	0.0916639548599
-ako	0.0538119029393	0.946188097061	0.0	0.0
-kia	0.322030349606	0.51205237425	0.0876312095839	0.07828606656
-nai	0.0861792434832	0.110281861438	0.0604149242766	0.743123970802
-nan	0.0866666666667	0.9	0.00666666666669	0.00666666666666
-aki	0.126883425852	0.223632038065	0.616177636796	0.0333068992863
-nam	0.0457887700535	0.935160427807	0.00401069518717	0.0150401069519
-sis	0.453881481649	0.381692979195	0.0579640076034	0.106461531553
-ake	0.633116883117	0.169696969697	0.0480519480519	0.149134199134
-sip	0.0239442250037	0.953450047043	0.00423857399133	0.0183671539625
-siu	0.142203334423	0.798953906505	0.0588427590716	0.0
-kis	0.569900657728	0.254405995667	0.0886078419892	0.0870855046157
-sul	0.772628856242	0.151808419431	0.0358922940552	0.0396704302716
-sio	0.280311644486	0.303350599361	0.0436528374198	0.372684918734
-sin	0.048945272164	0.832099129665	0.0334562619855	0.0854993361854
-sim	0.0	0.971984435798	0.0280155642023	0.0
-sil	0.361534677816	0.313330054107	0.311362518446	0.0137727496311
-nas	0.538125948426	0.179972205374	0.0570177959426	0.224884050257
-sia	0.713813122721	0.169358063544	0.0283162510731	0.0885125626623
-aks	0.141666666667	0.858333333333	0.0	0.0
-sie	0.56043956044	0.263736263736	0.054945054945	0.120879120879
-nau	0.587588729197	0.224160122804	0.0346143013687	0.15363684663
-mou	0.540636042403	0.339222614841	0.030035335689	0.0901060070672
-mot	0.216343834345	0.759378348372	0.00678151320748	0.0174963040753
-mos	0.00657894736841	0.980263157895	0.0131578947368	0.0
-gol	0.655339805825	0.28640776699	0.0582524271845	0.0
-las	0.224393188154	0.684539089961	0.061750009189	0.0293177126961
-moe	0.354549975137	0.500248632521	0.101442068623	0.0437593237195
-lki	0.0	1.0	0.0	0.0
-mon	0.00895302903606	0.986361408264	0.00129754044001	0.00338802226003
-mol	0.049235333944	0.115894699112	0.249512127126	0.585357839818
-moi	0.207019192771	0.371167052943	0.174945796708	0.246867957577
-eor	0.257985257985	0.616707616708	0.110565110565	0.014742014742
-eon	0.740650557887	0.199521606485	0.00845066387842	0.051377171749
-eol	0.612502559203	0.309697672831	0.0225209854637	0.0552787825019
-lpa	0.28813559322	0.64406779661	0.0	0.0677966101695
-lpo	0.0669371196754	0.122718052738	0.810344827586	0.0
-iso	0.023178807947	0.970198675497	0.0	0.00662251655629
-upu	0.333333333333	0.190476190476	0.047619047619	0.428571428571
-ren	0.316715542522	0.492668621701	0.0850439882698	0.105571847507
-reo	0.382504642047	0.577883226738	0.0	0.0396121312152
-rel	0.0218181818182	0.849090909091	0.107272727273	0.0218181818182
-rem	0.0	1.0	0.0	0.0
-ise	0.777777777778	0.126984126984	0.0952380952381	0.0
-rea	0.0799665106694	0.864647288652	0.0379975097677	0.0173886909107
-isa	0.0512663914661	0.924455543531	0.0169309706848	0.00734709431839
-upa	0.703444249854	0.20198482195	0.0647985989492	0.0297723292469
-res	0.466012613875	0.442449194114	0.0328486334969	0.0586895585144
-ret	0.0659442324361	0.913539784139	0.00631261028448	0.0142033731401
-reu	0.0	1.0	0.0	0.0
-oat	0.376439450048	0.491554098509	0.0595292251125	0.0724772263306
-kes	1.0	0.0	0.0	0.0
-hai	0.446646341464	0.425304878049	0.0823170731707	0.045731707317
-mas	0.526549165981	0.386901366072	0.0419793002371	0.0445701677097
-mar	0.0	1.0	0.0	0.0
-hal	0.210826210826	0.219373219373	0.552706552707	0.017094017094
-ham	0.076538502772	0.885530319998	0.0319870162541	0.00594416097637
-han	0.0700470465238	0.904861474124	0.0125457396759	0.0125457396759
-hap	0.0512195121951	0.948780487805	0.0	0.0
-mak	0.307548659107	0.387357295497	0.195069595518	0.110024449878
-has	0.633232618452	0.283631492448	0.0308755616618	0.0522603274377
-mam	0.331555092032	0.219347091321	0.0868503542413	0.362247462405
-mal	0.272872368988	0.31496399442	0.356605478698	0.0555581578945
-man	0.0191738168538	0.808261831462	0.172564351684	0.0
-une	0.596702440799	0.240897533787	0.116798140344	0.0456018850707
-ung	0.586474831774	0.267621032125	0.0496851893443	0.0962189467567
-una	0.140502607479	0.689796236228	0.0822333327556	0.0874678235368
-pta	0.0	1.0	0.0	0.0
-pto	0.0429210253134	0.877625169688	0.0700710692326	0.00938273576619
-unu	0.509881779623	0.385885750384	0.0785127696056	0.0257197003881
-666	0.0877192982456	0.0	0.0	0.912280701754
-tra	0.012987012987	0.980519480519	0.0064935064935	0.0
-ika	0.060593569662	0.936933223413	0.0	0.00247320692498
-gan	0.718309859155	0.253521126761	0.0140845070422	0.0140845070422
-gam	0.221114787135	0.415510662954	0.104749592039	0.258624957873
-gal	0.128113879004	0.772241992883	0.0142348754448	0.0854092526691
-gak	0.142252792598	0.344956669495	0.100563379293	0.412227158614
-gai	0.0948707753479	0.143300198807	0.0162226640159	0.745606361829
-aau	0.186746987952	0.668674698795	0.0542168674699	0.0903614457831
-gau	0.715509504489	0.254761384538	0.0153659600287	0.0143631509445
-aat	0.549141395689	0.216295213738	0.0241139934235	0.21044939715
-ini	0.05102188723	0.871285693579	0.050442093057	0.0272503261342
-sem	0.0	1.0	0.0	0.0
-sel	0.410517417491	0.44524673312	0.104293614174	0.0399422352154
-bel	0.0321368948247	0.839315525877	0.0964106844741	0.0321368948247
-sei	0.503448275862	0.172413793103	0.289655172414	0.0344827586207
-ino	0.108596591752	0.435000853897	0.3858259422	0.0705766121502
-ina	0.155459237181	0.631912664695	0.0642211877867	0.148406910337
-uiu	0.172060296031	0.209626112841	0.520431308707	0.0978822824213
-uit	0.037075559401	0.945712102943	0.0037738280423	0.0134385096141
-sea	0.00934579439252	0.971962616822	0.018691588785	0.0
-ing	0.551225439439	0.343186416996	0.0677792886638	0.0378088549009
-ohe	0.593826488986	0.27875985858	0.1105520805	0.0168615719336
-800	0.0	0.912621359223	0.0	0.0873786407767
-uia	0.342981994872	0.360632482604	0.0864588556125	0.209926666911
-oho	0.235956410991	0.6906416266	0.0492863279425	0.0241156344673
-ses	0.0888713080169	0.870485852569	0.0122549019608	0.0283879374534
-ser	0.0	0.902834008097	0.0971659919028	0.0
-sep	0.0245617952439	0.959026459752	0.00962934018087	0.00678240482304
-ooa	0.0348837209302	0.686046511628	0.209302325581	0.0697674418605
-kus	0.0313214990138	0.957948717949	0.00331360946746	0.00741617357002
-lau	0.451902398435	0.390599700487	0.0612710475289	0.0962268535485
-iam	0.225890808747	0.266239912724	0.0916879241469	0.416181354382
-neu	0.491506832429	0.0136024217664	0.0127919241624	0.482098821642
-nes	0.0286341177171	0.909624363237	0.0178988040061	0.0438427150394
-iau	0.132454549115	0.0122646254813	0.00144096234444	0.853839863059
-iat	0.626852131842	0.252797097067	0.0613849410342	0.0589658300574
-nel	0.102463749519	0.256108962256	0.115781562208	0.525645726018
-nem	0.178656077457	0.0292055122583	0.00814954146373	0.783988868821
-nek	0.346471523974	0.332265897206	0.141241592773	0.180020986047
-ias	0.065338952912	0.889260500768	0.0216409270792	0.0237596192407
-nei	0.241350124731	0.161027308456	0.0391904788891	0.558432087923
-kun	0.0374468085106	0.268085106383	0.635744680851	0.0587234042553
-kum	0.250828206342	0.21249408424	0.39091339328	0.145764316138
-kul	0.42396313364	0.37181663837	0.127091923357	0.0771283046325
-kuk	0.349145673099	0.313038272003	0.260489107908	0.0773269469903
-gha	0.803313899969	0.102178582387	0.0	0.0945075176435
-mte	0.447058823529	0.529411764706	0.0	0.0235294117647
-eka	0.0903140425402	0.81689755759	0.09278839987	0.0
-hoa	0.407883461868	0.521850899743	0.0308483290489	0.0394173093402
-eke	0.252499722054	0.139647853709	0.0933622978584	0.514490126378
-hoe	0.570484048701	0.294662294729	0.0458919020614	0.0889617545086
-hoi	0.19592832029	0.651979131224	0.101621866848	0.0504706816378
-eko	0.0207972270364	0.844020797227	0.124783362218	0.0103986135182
-hoo	0.816513761468	0.155963302752	0.0275229357798	0.0
-hol	0.5115257239	0.280121293291	0.0849177568451	0.123435225964
-che	0.309947480755	0.365944027435	0.0769802633157	0.247128228495
-hor	0.0	1.0	0.0	0.0
-hos	0.05	0.9	0.05	0.0
-rei	0.180501475658	0.103277448476	0.0156866149153	0.700534460951
-hot	0.535925801586	0.0803538539937	0.0358251755828	0.347895168837
-hou	0.219130073554	0.629071289394	0.110776656457	0.0410219805943
-pek	0.0914246434096	0.836226155697	0.0130606633442	0.0592885375494
-ase	0.155824808819	0.426278677128	0.210547224153	0.2073492899
-isi	0.811594202899	0.0724637681159	0.0579710144928	0.0579710144928
-asa	0.186228482003	0.714610897709	0.0507895860008	0.0483710342865
-aso	0.305084745763	0.6	0.0305084745763	0.064406779661
-hit	0.305833771869	0.142772412974	0.410461114876	0.140932700281
-asi	0.0	0.776315789474	0.223684210526	0.0
-eit	0.641838351823	0.253565768621	0.066561014263	0.0380348652932
-asu	0.470725995316	0.42037470726	0.0421545667447	0.0667447306791
-lta	0.0	1.0	0.0	0.0
-430	0.522388059701	0.0597014925373	0.0	0.417910447761
-rau	0.399113658127	0.240188254857	0.0617247292352	0.298973357781
-ras	0.0994718309859	0.868838028169	0.0264084507042	0.00528169014085
-ran	0.159292035398	0.840707964602	0.0	0.0
-rao	0.0519480519481	0.91341991342	0.034632034632	0.0
-ram	0.255634455079	0.636924976845	0.0370484717505	0.070392096326
-rak	0.253494990603	0.662581497768	0.0	0.0839235116282
-ero	0.0807652454796	0.0442987815104	0.0123152490295	0.862620723981
-era	0.188967836585	0.31288441489	0.0820372235276	0.416110524998
-ere	0.188175729752	0.315711597555	0.0278430356752	0.468269637018
-pos	0.0	1.0	0.0	0.0
-pou	0.0279069767442	0.93488372093	0.0279069767442	0.0093023255814
-pok	0.27078698093	0.112587292875	0.338473264604	0.278152461591
-poi	0.410358753237	0.211474757051	0.0943495501225	0.28381693959
-pon	0.0387453874539	0.845018450184	0.116236162362	0.0
-pol	0.156296855154	0.260163688629	0.206501704692	0.377037751526
-pom	0.0903697360775	0.172635248784	0.194195541148	0.54279947399
-lae	0.0	0.857142857143	0.142857142857	0.0
-ike	0.325788092473	0.18740129996	0.212798634593	0.274011972974
-uke	0.391391781973	0.312303028484	0.0774979740073	0.218807215536
-500	0.380789022298	0.360205831904	0.0514579759863	0.207547169811
-iko	0.0156117782405	0.930574174962	0.0102684046892	0.0435456421081
-lam	0.114289309884	0.0917893848691	0.0342643687938	0.759656936453
-nor	0.0	1.0	0.0	0.0
-nos	0.569723277265	0.317959848074	0.0586001085187	0.0537167661421
-ouo	0.35924742634	0.476748313809	0.117145899893	0.0468583599574
-nou	0.706850939965	0.170231694279	0.0537836635634	0.0691337021921
-iki	0.262553237624	0.637166011894	0.0948108913644	0.00546985911718
-lak	0.348058902276	0.606043220501	0.0458978772232	0.0
-ous	0.306930693069	0.455445544555	0.217821782178	0.019801980198
-noi	0.323204419889	0.585635359116	0.0911602209945	0.0
-nok	0.505690478165	0.454308031827	0.0194037078399	0.0205977821685
-lap	0.501369863014	0.383561643836	0.082191780822	0.0328767123288
-non	0.0185838651202	0.545380465364	0.011306215634	0.424729453882
-out	0.153846153846	0.692307692308	0.153846153846	0.0
-noa	0.0	0.994582881907	0.00541711809317	0.0
-gen	0.428571428571	0.47619047619	0.047619047619	0.047619047619
-gem	0.123965041398	0.876034958602	0.0	0.0
-aha	0.390683399332	0.42752670496	0.0775047193294	0.104285176378
-ahe	0.1	0.683333333333	0.183333333333	0.0333333333333
-epu	0.632653061224	0.163265306122	0.163265306122	0.0408163265306
-ges	0.0661764705882	0.845588235294	0.0	0.0882352941176
-ger	0.0	1.0	0.0	0.0
-ahu	0.30303030303	0.30303030303	0.393939393939	0.0
-eun	0.295262267343	0.565143824027	0.0888324873096	0.0507614213198
-mpo	0.196307548493	0.761626548259	0.0210329516242	0.0210329516242
-sau	0.746002596131	0.167698495971	0.0494041454391	0.0368947624593
-toa	0.754555198285	0.0578778135049	0.05359056806	0.13397642015
-ton	0.109835438194	0.781094527363	0.0987370838117	0.0103329506314
-tol	0.00495049504951	0.980198019802	0.0148514851485	0.0
-tom	0.286877681994	0.576676527081	0.0586277802487	0.0778180106769
-olu	0.0620475698035	0.82626680455	0.0992761116856	0.0124095139607
-toh	0.225352112676	0.485915492958	0.119718309859	0.169014084507
-toi	0.623316431006	0.219733388525	0.104932406371	0.0520177740984
-oli	0.0	0.961038961039	0.038961038961	0.0
-tot	0.332303140086	0.434684317311	0.0799515809174	0.153060961685
-tou	0.0988235294117	0.696470588235	0.204705882353	0.0
-sae	0.00591715976331	0.994082840237	0.0	0.0
-olo	0.381273669666	0.390555386103	0.0453500867433	0.182820857488
-sak	0.114341085271	0.833056478405	0.0238095238095	0.0287929125139
-ola	0.535349167487	0.314654544957	0.0528872048574	0.0971090826989
-ole	0.346741778664	0.422714530871	0.0922368485879	0.138306841877
-sam	0.107716618383	0.772188569924	0.11219383724	0.00790097445352
-sal	0.52	0.285	0.145	0.05
-rot	0.0505218948799	0.890865295535	0.0507689457106	0.007843863875
-rou	0.031565013746	0.464412992567	0.470013236941	0.0340087567457
-lol	0.699515347334	0.261712439418	0.0193861066236	0.0193861066236
-lom	0.296290609165	0.415754491412	0.0835764582008	0.204378441222
-iel	0.0357197530234	0.955707506251	0.00571516048375	0.00285758024187
-loi	0.417514452844	0.367933499812	0.0516265863921	0.162925460952
-loe	0.307810107197	0.531393568147	0.0597243491577	0.101071975498
-loa	0.439363817097	0.465208747515	0.0834990059642	0.0119284294235
-eio	0.0519082800597	0.895494391915	0.0130919113425	0.0395054166826
-rol	0.26503567788	0.600407747197	0.0550458715596	0.0795107033639
-rom	0.0284905174633	0.744786750193	0.212134214365	0.0145885179782
-ron	0.153303154212	0.795684990126	0.0393596482886	0.0116522073735
-lou	0.659970887918	0.262202814168	0.0416302765648	0.0361960213489
-los	0.669272043601	0.283605841678	0.0120269832552	0.0350951314659
-sas	0.514084507042	0.364436619718	0.100352112676	0.0211267605634
-sar	0.322033898305	0.596610169492	0.0203389830509	0.0610169491525
-mau	0.195997960684	0.170472214325	0.071892451948	0.561637373042
-ipa	0.00891521293169	0.983218422717	0.0031465457406	0.00471981861089
-mat	0.0	1.0	0.0	0.0
-ipu	0.315789473684	0.385964912281	0.228070175439	0.0701754385965
-mai	0.240758640169	0.109458507359	0.0520649267141	0.597717925759
-oua	0.623644842832	0.224759251408	0.0828538550058	0.068742050754
-sat	0.0	1.0	0.0	0.0
-har	0.037037037037	0.962962962963	0.0	0.0
-hat	0.503816793893	0.0839694656488	0.251908396947	0.160305343511
-nge	0.138265135994	0.0257015381992	0.00691546186659	0.829117863941
-276	0.0	0.142857142857	0.0	0.857142857143
-tok	0.529616724739	0.365853658536	0.0871080139373	0.0174216027875
-til	0.0	1.0	0.0	0.0
-sto	0.364197530864	0.524691358025	0.0740740740741	0.037037037037
-tim	0.0531526640749	0.826585721678	0.0571613845497	0.0631002296978
-mpa	0.0452830188679	0.909433962264	0.0452830188679	0.0
-sta	0.0677966101695	0.491525423729	0.440677966102	0.0
-uch	0.147115754902	0.102555389948	0.0354536379928	0.714875217156
-200	0.0905349794238	0.592592592593	0.0438957475994	0.272976680384
-ngo	0.672419959459	0.178282872545	0.0748262738148	0.0744708941811
-ssu	0.0575570702153	0.285513361463	0.643297630639	0.0136319376826
-piu	0.42712721366	0.52023067331	0.0257764829323	0.0268656300984
-iok	0.0856553165426	0.0524125860655	0.00833824087885	0.853593856513
-lei	0.511262759942	0.301725294724	0.137460003685	0.0495519416499
-ioi	0.0731707317073	0.926829268293	0.0	0.0
-lek	0.0553176885757	0.0874001301952	0.016632062512	0.840650118717
-lel	0.327461550658	0.255874425242	0.11308070398	0.303583320121
-ion	0.0867231858132	0.833553706152	0.0318892432138	0.0478338648208
-mum	0.0	1.0	0.0	0.0
-lea	0.00597279716145	0.971318746304	0.0159668835009	0.00674157303371
-iua	0.704826032372	0.258387942612	0.0234619529626	0.0133240720529
-hro	0.224638637714	0.16418058214	0.381987987592	0.229192792555
-mur	0.101236713226	0.0648682696602	0.0248077990075	0.809087218107
-ios	0.0	1.0	0.0	0.0
-oin	0.530241935484	0.254032258065	0.211693548387	0.00403225806451
-les	0.190422809007	0.340353150818	0.41670500567	0.0525190345051
-oik	0.0597014925373	0.358208955224	0.582089552239	0.0
-leu	0.102896341463	0.856612042683	0.0233422256098	0.0171493902439
-oii	0.0236686390532	0.562130177515	0.307692307692	0.10650887574
-iot	0.012958963283	0.987041036717	0.0	0.0
-eem	0.184615384615	0.153846153846	0.0307692307692	0.630769230769
-rra	0.491495601173	0.365982404692	0.0527859237536	0.0897360703813
-eei	0.140077821012	0.287937743191	0.373540856031	0.198443579767
-eek	0.107142857143	0.717857142857	0.0785714285714	0.0964285714286
-alo	0.584437064818	0.198623938261	0.172000374489	0.044938622433
-gim	0.166860042097	0.675775814189	0.085289531176	0.0720746125373
-gil	0.0569259962049	0.749525616698	0.0569259962049	0.136622390892
-gik	0.211845816359	0.675023503604	0.060169225948	0.0529614540896
-ali	0.122578656614	0.48929511345	0.315219195296	0.0729070346397
-gie	0.0787742354753	0.799917256626	0.0585561508254	0.0627523570736
-ale	0.545632536383	0.377228450588	0.0426396554434	0.034499357586
-nde	0.0904522613065	0.738693467337	0.0150753768844	0.155778894472
-gia	0.459841217798	0.385660238927	0.0837745249082	0.0707240183672
-ala	0.317590829858	0.365940767101	0.113893170067	0.202575232974
-lon	0.0468933119391	0.874082773497	0.0412487466131	0.0377751679509
-120	0.0689655172414	0.0344827586207	0.0	0.896551724138
-mla	0.414985590778	0.351585014409	0.207492795389	0.0259365994236
-mlo	0.26	0.7	0.04	0.0
-lok	0.22978842651	0.687543785905	0.031525851198	0.0511419363878
-pea	0.612565445026	0.314136125654	0.0732984293194	0.0
-pel	0.23465817192	0.688089601467	0.0620193931967	0.0152328334167
-pem	0.121668597914	0.780334381725	0.0427081609005	0.0552888594604
-pen	0.076704367931	0.579141410985	0.290414297319	0.0537399237643
-ros	0.200950339763	0.660452906677	0.095067204971	0.0435295485886
-pei	0.0965842167255	0.761736496719	0.0420662964832	0.0996129900724
-elu	0.277102780245	0.430125186439	0.102227212549	0.190544820767
-pet	0.0922659430122	0.843962008141	0.00271370420624	0.0610583446405
-peu	0.525846055171	0.361911331361	0.0868291915506	0.0254134219173
-153	0.0882352941177	0.0	0.0588235294118	0.852941176471
-eli	0.0718562874252	0.928143712575	0.0	0.0
-elo	0.0189173376424	0.952334020561	0.0190845011562	0.00966414064024
-per	0.0	1.0	0.0	0.0
-pes	0.445569620253	0.493670886076	0.0455696202532	0.0151898734177
-rka	0.0	0.986666666667	0.0	0.0133333333333
-ela	0.648513618617	0.0965429516136	0.0223752217408	0.232568208028
-ele	0.50647070412	0.243374726472	0.0280181014095	0.222136467999
-hul	0.596650431625	0.221076465157	0.0738677456015	0.108405357617
-ter	0.0	1.0	0.0	0.0
-esi	0.222222222222	0.777777777778	0.0	0.0
-tes	0.0714285714286	0.928571428571	0.0	0.0
-esa	0.152360255946	0.807074731378	0.0239043824701	0.0166606302064
-ite	0.3735601733	0.154859129047	0.0352739609051	0.436306736748
-ese	0.199888627945	0.748977071883	0.0136551824323	0.0374791177397
-ita	0.0705696168167	0.115846623157	0.0348448520333	0.778738907993
-spa	0.151260504202	0.554621848739	0.294117647059	0.0
-tir	0.0	1.0	0.0	0.0
-ria	0.234530970835	0.391392559796	0.0898392223649	0.284237247003
-uoo	0.637168141593	0.0884955752212	0.0530973451327	0.221238938053
-hum	0.0962099125365	0.615160349854	0.260204081633	0.0284256559767
-hun	0.561332879716	0.280014364557	0.0945792696756	0.0640734860512
-uoh	0.330426801285	0.586966498394	0.0	0.0826067003212
-huu	0.831967213115	0.168032786885	0.0	0.0
-uou	0.161290322581	0.5	0.306451612903	0.0322580645161
-lai	0.566929133858	0.330708661417	0.0551181102362	0.0472440944882
-hup	0.549258936356	0.102005231037	0.0261551874455	0.322580645161
-lot	0.402977598791	0.476998075963	0.0434477195462	0.0765766057002
-hus	0.0	0.887640449438	0.112359550562	0.0
-tua	0.436834655261	0.323736517249	0.0600640469039	0.179364780586
-tue	0.139494436275	0.56848473433	0.0136029381997	0.278417891196
-sou	0.0214477211796	0.975871313673	0.0	0.00268096514745
-kol	0.315510488881	0.426335065403	0.178884937427	0.0792695082895
-tuk	0.0500551250796	0.613037469526	0.0666314694328	0.270275935962
-koi	0.538837767006	0.112837165835	0.0326161585917	0.315708908567
-ael	0.0348299653277	0.898773041945	0.0196418356507	0.0467551570763
-tun	0.365257217633	0.533982170606	0.0692729205855	0.0314876911753
-och	0.0367383671852	0.194363225894	0.0682200242327	0.700678382688
-kou	0.573762247934	0.185171123163	0.0490312437676	0.192035385135
-sol	0.0819201186173	0.834121026782	0.0057455286813	0.0782133259197
-aes	0.264107881112	0.400485152001	0.214901469802	0.120505497085
-son	0.0393504059962	0.95690193629	0.00374765771393	0.0
-tut	0.532258064516	0.411290322581	0.0	0.0564516129032
-kop	0.0265342805786	0.962167251562	0.00136951125567	0.00992895660361
-kos	0.0162162162162	0.924324324324	0.00810810810812	0.0513513513513
-ora	0.291275137826	0.483405129121	0.126107626721	0.0992121063322
-ore	0.662686519093	0.255282252924	0.0340265578765	0.0480046701066
-rur	0.508648486256	0.387394531768	0.0513399345875	0.0526170473882
-liu	0.590798594236	0.291655928438	0.0289642343428	0.088581242983
-lip	0.0961098398169	0.764302059497	0.0137299771167	0.12585812357
-rut	0.0	1.0	0.0	0.0
-lis	0.0668151447661	0.816258351893	0.0100222717149	0.106904231626
-lil	0.328941500484	0.369722211552	0.148358008248	0.152978279716
-lim	0.336727444944	0.49893440682	0.121714421028	0.0426237272082
-lin	0.0125	0.9375	0.05	0.0
-lio	0.205312608746	0.704210648417	0.0695974944902	0.0208792483471
-omo	0.30020431179	0.426778246492	0.116661029327	0.156356412391
-ruo	0.0377899496379	0.934088152042	0.0102929823916	0.0178289159284
-ich	0.0241558275137	0.927354356953	0.0305151185016	0.0179746970313
-oma	0.498893235179	0.263743695313	0.115741085553	0.121621983954
-rua	0.963636363636	0.0363636363636	0.0	0.0
-lia	0.703403661004	0.209180442783	0.0424366334057	0.0449792628074
-ome	0.388979222042	0.351941296117	0.162959674081	0.0961198077604
-rue	0.730130833822	0.206014450303	0.020894356571	0.0429603593048
-eas	0.0084745762712	0.991525423729	0.0	0.0
-eau	0.350383631714	0.406649616368	0.181585677749	0.0613810741688
-eat	0.794160057946	0.0928052578064	0.0285252722134	0.0845094120345
-lna	0.027014741217	0.813884018443	0.00649392817716	0.152607312163
-144	0.093499554764	0.080142475512	0.0	0.826357969724
-rng	0.274873524452	0.259696458685	0.263069139966	0.202360876897
-nri	0.0564516129032	0.927419354839	0.0161290322581	0.0
-rna	0.109876229881	0.85329374893	0.0110490063567	0.0257810148323
-rno	0.144339435596	0.716476108651	0.0773246976406	0.0618597581125
-eak	0.506285957809	0.493714042191	0.0	0.0
-eam	0.107438016529	0.710743801653	0.0330578512397	0.148760330578
-eal	0.0731707317073	0.90243902439	0.0243902439024	0.0
-uri	0.247455811462	0.274236743439	0.446170326727	0.0321371183717
-ura	0.272547693302	0.106033986161	0.0512573384908	0.570160982046
-ehe	0.44785241195	0.30967338469	0.124221836891	0.118252366469
-ure	0.0820199793569	0.440820951866	0.0361164367234	0.441042632054
-eha	0.513227513228	0.194003527337	0.124632569077	0.168136390359
-uru	0.473723168024	0.475203552924	0.0333086602517	0.0177646188009
-pai	0.0670225385528	0.771055753262	0.120996441281	0.0409252669039
-pak	0.0386266094421	0.961373390558	0.0	0.0
-pal	0.352945825663	0.47801102078	0.0499287764177	0.11911437714
-pam	0.216549295775	0.454225352113	0.0880281690141	0.241197183099
-pan	0.111627906977	0.672093023256	0.0837209302325	0.132558139535
-ape	0.170852028831	0.0178493104917	0.00512229639504	0.806176364282
-apo	0.122282608696	0.558423913044	0.319293478261	0.0
-kom	0.115487914056	0.848701880036	0.0214861235452	0.0143240823635
-par	0.402930789099	0.320884507933	0.0531337304306	0.223050972537
-pas	0.0644967385667	0.868450708052	0.0564534390018	0.0105991143798
-pat	0.000967670586499	0.994677811774	0.00435451763925	0.0
-pau	0.375712656784	0.305017103763	0.0581527936146	0.261117445838
-nun	0.348796948096	0.604622365717	0.0371490596449	0.00943162654197
-tis	0.0537634408602	0.923835125448	0.0112007168459	0.0112007168459
-lus	0.038059867873	0.875517771441	0.00363760106077	0.0827847596249
-sen	0.0357142857143	0.964285714286	0.0	0.0
-tul	0.577603875536	0.34637600149	0.0547792062605	0.0212409167133
-kem	0.0	0.970588235294	0.0294117647059	0.0
-kel	0.207378584811	0.302877455925	0.170293510112	0.319450449152
-sus	0.0166707991752	0.608259864198	0.00508211365482	0.369987222972
-tum	0.186883051698	0.579443422007	0.0295577491495	0.204115777146
-sun	0.53670886076	0.250632911392	0.19746835443	0.0151898734177
-sum	0.694915254237	0.271186440678	0.0338983050847	0.0
-ket	0.0342205323194	0.965779467681	0.0	0.0
-mus	0.146085128744	0.746190225959	0.0656857593274	0.0420388859695
-sos	0.193939393939	0.70303030303	0.0	0.10303030303
-sue	0.385084311451	0.105898337591	0.0438493149645	0.465168035994
-sor	0.0	1.0	0.0	0.0
-nus	0.0191693290735	0.923322683706	0.00958466453673	0.0479233226837
-sua	0.0843621399177	0.890946502058	0.0123456790123	0.0123456790123
-tus	0.0171074721451	0.957809752536	0.0093059934585	0.0157767818606
-aeu	0.35	0.525	0.125	0.0
-sli	0.0	1.0	0.0	0.0
-oro	0.278456266543	0.381979039909	0.110802939999	0.228761753548
-kim	0.130974763352	0.803432230162	0.0579880202262	0.00760498625917
-ihe	0.860045146727	0.139954853273	0.0	0.0
-ine	0.737103510554	0.140986567333	0.108364375212	0.0135455469014
-uka	0.182496844992	0.266690857282	0.128908407395	0.421903890331
-vep	0.109375	0.890625	0.0	0.0
-mel	0.233913389752	0.335121668428	0.330846370331	0.100118571489
-nna	0.282674914669	0.525977096259	0.0770574166743	0.114290572397
-nne	0.119918167801	0.333842706995	0.0578984803448	0.488340644858
-tit	0.295592048401	0.394987035437	0.222990492653	0.0864304235091
-ngu	0.628205128205	0.333333333333	0.0384615384615	0.0
-ais	0.424361493124	0.563850687623	0.0	0.0117878192534
-air	0.313432835821	0.626865671642	0.0298507462687	0.0298507462687
-nga	0.0895320054658	0.337651265108	0.0290529722491	0.543763757178
-aia	0.335870430045	0.468318236898	0.106447207255	0.089364125802
-tia	0.364020716626	0.521615051263	0.073565162245	0.0407990698658
-aim	0.0	1.0	0.0	0.0
-ngi	0.209090909091	0.459090909091	0.239772727273	0.0920454545454
-tin	0.0	1.0	0.0	0.0
-ain	0.138990133689	0.827544172981	0.0231832290059	0.0102824643235
-aii	0.353448275862	0.448275862069	0.0948275862069	0.103448275862
-tik	0.0257496774735	0.686588141513	0.0328295276953	0.254832653318
-eme	0.352203339738	0.516405085414	0.107859489259	0.0235320855883
-ema	0.356234385646	0.397433568022	0.140949352714	0.105382693618
-emo	0.187189156932	0.235659310898	0.0410903467096	0.53606118546
-260	0.223602484472	0.198757763975	0.0372670807453	0.540372670807
-lik	0.288525120585	0.416934273438	0.127166737819	0.167373868158
-set	0.0	1.0	0.0	0.0
-ana	0.126138730569	0.264878250192	0.0980474549889	0.510935564251
-ker	0.44170771757	0.32183908046	0.064039408867	0.172413793103
-lit	0.754098360656	0.245901639344	0.0	0.0
-rus	0.0304396705774	0.9204193612	0.00959155585281	0.0395494123698
-lra	0.400628436764	0.428908091123	0.14689709348	0.0235663786331
-ane	0.284835908078	0.575666743525	0.0645607562831	0.0749365921145
-etu	0.499897521432	0.150623557994	0.0721286246831	0.277350295891
-000	0.126199508589	0.132964126457	0.0190498939212	0.721786471033
-eta	0.476327116212	0.416068866571	0.077474892396	0.0301291248207
-ete	0.422128320956	0.337494920609	0.185024150891	0.0553526075426
-eti	0.01735218509	0.974935732648	0.00578406169666	0.00192802056555
-ach	0.19016875073	0.659890847632	0.0911276638679	0.0588127377697
-eto	0.414202604674	0.519662906825	0.0329915679702	0.033142920531
-atu	0.420485486356	0.321936773798	0.107295070487	0.150282669359
-ruk	0.240300375469	0.586983729662	0.0425531914893	0.130162703379
-300	0.167630057803	0.398843930636	0.0867052023121	0.346820809249
-ooi	0.121621621622	0.689189189189	0.148648648649	0.0405405405405
-ate	0.0624675839766	0.860649235744	0.0384415901395	0.0384415901395
-ata	0.113126505178	0.816043499767	0.0509751390447	0.0198548560108
-ato	0.514257860102	0.062880818913	0.125274189617	0.297587131367
-ose	0.455927051672	0.507598784195	0.0	0.0364741641337
-nis	0.0763546798029	0.847290640394	0.0270935960591	0.0492610837438
-kai	0.466382353263	0.125063193075	0.0296342261295	0.378920227533
-ian	0.0	0.910224438903	0.0897755610972	0.0
-osa	0.0	1.0	0.0	0.0
-ulo	0.556730550716	0.331876373002	0.0670782516476	0.0443148246345
-kam	0.318285204594	0.206433270153	0.0887501393689	0.386531385885
-niu	0.249845105109	0.649093953499	0.0786029544162	0.0224579869761
-oso	0.637996219282	0.248582230624	0.0637996219281	0.0496219281663
-rum	0.213093436228	0.674092391652	0.0671512929288	0.0456628791916
-osi	0.0	1.0	0.0	0.0
-ule	0.164845682283	0.0687974131789	0.0564035761327	0.709953328405
-nia	0.426730153483	0.464618074595	0.0924103114119	0.0162414605107
-kas	0.0554272517321	0.921478060046	0.013856812933	0.00923787528868
-kar	0.0359627863341	0.772965366273	0.156672660464	0.0343991869283
-nin	0.255795916656	0.499994010936	0.165989902438	0.0782201699697
-mua	0.207920792079	0.613861386139	0.178217821782	0.0
-ulu	0.284461214494	0.544247108038	0.0963871245342	0.0749045529334
-tte	0.148722025813	0.78310807382	0.034338684304	0.0338312160631
-tti	0.0	1.0	0.0	0.0
-kue	0.160777694511	0.630551684048	0.0302351153165	0.178435506125
-kho	0.020979020979	0.685314685315	0.0	0.293706293706
-ile	0.532377852088	0.164450721431	0.0483257615421	0.254845664938
-ila	0.423864160663	0.489639157748	0.0283928145898	0.058103867
-ilo	0.0603015075377	0.743718592965	0.195979899498	0.0
-ili	0.292763157895	0.440789473684	0.0690789473684	0.197368421053
-ebi	0.0322580645161	0.935483870968	0.0322580645161	0.0
-oam	0.0	0.924717691343	0.0	0.0752823086575
-oah	0.336065573771	0.516393442623	0.0983606557377	0.0491803278688
-amu	0.620402609357	0.236522991956	0.0336174810902	0.109456917597
-amo	0.202584837383	0.289001630576	0.0804912400707	0.42792229197
-kon	0.228758169935	0.669030732861	0.0340703657349	0.0681407314699
-ama	0.266080204176	0.573321386875	0.068420623931	0.0921777850181
-aol	0.434532552269	0.105681764062	0.0230699623756	0.436715721294
-oas	0.0157657657658	0.984234234234	0.0	0.0
-eii	0.392918825561	0.399827288428	0.0284974093264	0.178756476684
-eik	0.159809505106	0.806313825609	0.0110467399843	0.0228299293009
-eim	0.592105263158	0.197368421053	0.210526315789	0.0
-iri	0.0879981689446	0.0677949505542	0.0131567388519	0.831050141649
-hin	0.571428571429	0.342857142857	0.0428571428571	0.0428571428571
-ein	0.328326398051	0.391725024527	0.217531039616	0.0624175378057
-eia	0.775108212811	0.108418164925	0.0422346113777	0.0742390108856
-hia	0.483017744224	0.239345583212	0.0672633957505	0.210373276813
-usa	0.335602450647	0.585432266848	0.0626276378489	0.0163376446562
-eie	0.0392864937797	0.845235024504	0.0595249905752	0.0559534911407
-ira	0.107429209704	0.76630054501	0.0900004493603	0.0362697959262
-gun	0.606870229008	0.293893129771	0.0381679389313	0.0610687022901
-eis	0.438465371201	0.429773570282	0.0686486187233	0.0631124397941
-eiu	0.636494252874	0.255747126437	0.0646551724138	0.0431034482759
-hiu	0.150141366871	0.596145721621	0.0682460758506	0.185466835657
-usu	0.0572519083969	0.648854961832	0.229007633588	0.0648854961832
-kan	0.204287515763	0.753341740227	0.0423707440101	0.0
-epa	0.327902240326	0.539714867617	0.114052953157	0.0183299389002
-tap	0.0	1.0	0.0	0.0
-ees	0.47201946472	0.272506082725	0.0681265206813	0.187347931873
-epi	0.101200686106	0.895368782161	0.00343053173242	0.0
-ien	0.282608695652	0.673913043478	0.0434782608696	0.0
-tar	0.0949162971929	0.125079624447	0.0185154088223	0.761488669537
-pia	0.151182938747	0.798805975052	0.032765884063	0.0172452021384
-ula	0.239577576744	0.685809455316	0.0321132518263	0.0424997161134
-hon	0.495049504951	0.267326732673	0.0	0.237623762376
-ius	0.0635079568514	0.900979920965	0.0176225568728	0.0178895653103
-iut	0.00970873786408	0.980582524272	0.00970873786408	0.0
-pip	0.363376251788	0.536957558417	0.0824988078206	0.0171673819743
-iuk	0.031822961913	0.835398472864	0.0927255269535	0.0400530382699
-ium	0.115630447414	0.775130737943	0.0278907611853	0.0813480534573
-iul	0.435531788473	0.441671618142	0.0891265597147	0.03367003367
-usi	0.0565414775072	0.936029715229	0.00742880726372	0.0
-iue	0.026452874257	0.973547125743	0.0	0.0
-ueu	0.134278295081	0.162063463321	0.255199729551	0.448458512047
-uel	0.0351698872208	0.923798577688	0.0293082393506	0.0117232957403
-uei	0.139000879636	0.0748149098373	0.0618952499633	0.724288960563
-lch	0.447265625	0.3828125	0.0234375	0.146484375
-iia	0.112549240293	0.85368598762	0.0337647720878	0.0
-iop	0.0	0.876923076923	0.123076923077	0.0
-min	0.0	1.0	0.0	0.0
-age	0.0621118012422	0.913043478261	0.0	0.0248447204969
-ong	0.151378205895	0.121568608162	0.033337023539	0.693716162404
-one	0.0342917129762	0.494994570979	0.0530170301494	0.417696685895
-rta	0.00150829562594	0.984917043741	0.00150829562594	0.0120663650075
-ona	0.18001185486	0.482312334408	0.115113680053	0.222562130679
-oea	0.0976933514246	0.853459972863	0.0488466757124	0.0
-450	0.0392156862745	0.196078431373	0.0392156862745	0.725490196079
-kte	0.15873015873	0.333333333333	0.47619047619	0.031746031746
-peo	0.197057002392	0.677729694004	0.125213303603	0.0
-kau	0.183613938402	0.63081549682	0.0266719069243	0.158898657854
-ang	0.0674939796663	0.729996085424	0.108496305537	0.0940136293731
