-доб	0.225352112676	0.484154929577	0.0528169014085	0.237676056338
-жот	0.539449968021	0.353276353276	0.00558171986743	0.101691958835
-дов	0.025	0.875	0.05	0.05
-мат	0.336891619045	0.436300011662	0.0411726708085	0.185635698485
-мас	0.164714759766	0.0704084155923	0.0466847668323	0.718192057809
-мар	0.11167945439	0.807331628303	0.0102301790281	0.0707587382779
-дой	0.0298415311792	0.871372710434	0.0864375385882	0.0123482197983
-маю	0.304054054054	0.378378378378	0.317567567568	0.0
-дон	0.170267339081	0.61234206388	0.091177268044	0.126213328995
-сса	0.131858517685	0.670666166729	0.0899887514061	0.107486564179
-туб	0.308695652174	0.64347826087	0.0	0.0478260869565
-тув	0.0475302889096	0.9412861137	0.0	0.0111835973905
-туз	0.101030927835	0.786391752577	0.0432989690721	0.0692783505154
-тук	0.10582010582	0.0396825396826	0.838624338624	0.015873015873
-тул	0.054457896395	0.776317566047	0.0378054817949	0.131419055763
-тун	0.018222526903	0.148947375583	0.192950951871	0.639879145643
-сси	0.235023041475	0.63133640553	0.133640552995	0.0
-доз	0.596273291925	0.394409937888	0.00931677018632	0.0
-аом	0.350125944584	0.528967254408	0.0151133501259	0.105793450882
-гра	0.103394050583	0.0649980343337	0.0188703970646	0.812737518019
-идо	0.413953688931	0.409965072657	0.0174636712518	0.15861756716
-ций	0.0926640926641	0.907335907336	0.0	0.0
-дом	0.740740740741	0.0740740740741	0.111111111111	0.0740740740741
-аош	0.345323741007	0.517985611511	0.136690647482	0.0
-доё	0.211764705882	0.541176470588	0.0705882352941	0.176470588235
-тус	0.210684725357	0.766741911211	0.00225733634311	0.0203160270881
-тут	0.22121486854	0.299788455727	0.284073738289	0.194922937443
-туш	0.0195652173913	0.496739130435	0.261956521739	0.221739130435
-туя	0.308605341246	0.691394658754	0.0	0.0
-дос	0.0281030444964	0.737704918033	0.0	0.234192037471
-дор	0.258827103113	0.394636586474	0.236901207605	0.109635102809
-мад	0.195288282703	0.673486257491	0.125025831783	0.00619962802231
-маб	0.652857598978	0.202666028097	0.0111749680715	0.133301404853
-жод	0.0658263305322	0.391456582633	0.521708683473	0.0210084033613
-жол	0.19829447323	0.515112262522	0.206714162349	0.0798791018998
-дош	0.384367816092	0.384827586207	0.12275862069	0.108045977012
-ман	0.493385305874	0.16710693323	0.0479057388257	0.29160202207
-мал	0.412579267504	0.176459169147	0.0786204218972	0.332341141452
-мак	0.120032908268	0.0556149732621	0.0380090497737	0.786343068696
-май	0.361101117832	0.189757089317	0.0819246834428	0.367217109408
--чи	0.520651298649	0.246757127479	0.0359035100667	0.196688063805
-ача	0.21791907272	0.448145793499	0.0708250019024	0.263110131879
-ҳол	0.0733255386671	0.0903624519793	0.0150325705696	0.821279438784
-кри	0.126136363636	0.781818181818	0.0647727272727	0.0272727272727
-ачи	0.218680560976	0.670125933443	0.0240418390445	0.0871516665365
-доқ	0.301417160526	0.182736408142	0.147900025767	0.367946405565
-қки	0.654320987654	0.271604938272	0.0	0.0740740740741
-кўч	0.885193133047	0.114806866953	0.0	0.0
-оҳи	0.0448228912278	0.866676752177	0.0395496099068	0.048950746688
-гиз	0.245808521768	0.41077911174	0.0674110250534	0.276001341438
-кўр	0.156119198893	0.0814614704755	0.660696716527	0.101722614104
-кўп	0.0497474506814	0.0519076209536	0.657406524985	0.24093840338
-кўл	0.109693454847	0.682518641259	0.0036454018227	0.204142502071
-кўк	0.169913910285	0.720661531491	0.100362483009	0.00906207521523
-кўз	0.158329400661	0.287989617744	0.00566304860783	0.548017932987
-қда	0.302292295416	0.27918184513	0.0463310976817	0.372194761772
-қди	0.430790960452	0.027478171546	0.0142526964561	0.527478171546
-ѓўр	0.0521384928716	0.925050916497	0.0228105906313	0.0
-шъу	0.58064516129	0.0645161290323	0.193548387097	0.161290322581
-ишқ	0.58988764045	0.320224719101	0.0674157303369	0.0224719101123
-сло	0.1017507724	0.140061791967	0.0395468589084	0.718640576725
-сли	0.16406594098	0.636118626649	0.0922733278802	0.10754210449
-ойи	0.105572875892	0.559918451721	0.264909246394	0.0695994259936
-сла	0.687777777778	0.278888888889	0.0	0.0333333333333
-фан	0.0361925443359	0.866087585957	0.0043431053203	0.0933767643865
-вга	0.289600638104	0.50180681549	0.0456248747376	0.162967671668
-риб	0.546439877582	0.0810758063401	0.0184051751828	0.354079140895
-ниб	0.4977258511	0.229972682569	0.0991826532992	0.173118813031
-вги	0.140836012862	0.777491961415	0.00739549839228	0.0742765273312
-рик	0.329087523895	0.253624269345	0.279416802024	0.137871404736
-ним	0.427860160604	0.331778359374	0.0664873159919	0.17387416403
-яра	0.0794912559618	0.777424483307	0.0	0.143084260731
-рин	0.201082736864	0.24910380232	0.156362439463	0.393451021353
-пай	0.331766286098	0.43317662861	0.114170584285	0.120886501007
-рит	0.0357852882703	0.908548707754	0.00795228628231	0.0477137176938
-рис	0.027654267433	0.970719010953	0.0	0.0016267216137
-нит	0.0	0.992248062015	0.00775193798451	0.0
-риф	0.622356495468	0.256797583082	0.0	0.12084592145
-нию	0.532828282828	0.467171717172	0.0	0.0
-ния	0.00545722445565	0.98435595656	0.00909537409273	0.00109144489113
-риш	0.528500803493	0.21317356105	0.048301044307	0.21002459115
-рия	0.0110379336988	0.965966371095	0.0119577615071	0.0110379336988
-рию	0.239431641453	0.622013289976	0.0989679061219	0.0395871624487
-ниш	0.396554413605	0.444142609485	0.0626677325922	0.096635244318
-риѓ	0.302739067756	0.29649207112	0.0816914944738	0.319077366651
-тих	0.135287485908	0.864712514092	0.0	0.0
-риё	0.079843444227	0.832485322896	0.0	0.0876712328767
-ниё	0.0	1.0	0.0	0.0
-хга	0.377358490566	0.465408805031	0.157232704402	0.0
-фат	0.128363992325	0.702407874579	0.0801606946243	0.0890674384714
-фас	0.0544554455445	0.856435643564	0.059405940594	0.029702970297
-фар	0.117805998379	0.243853012699	0.194542015671	0.44379897325
-лжа	0.239467849224	0.414634146341	0.292682926829	0.0532150776053
-оят	0.156862367218	0.516881896053	0.0400587363966	0.286197000333
-з-а	0.361757105943	0.405684754522	0.0	0.232558139535
-ежа	0.307167235495	0.569965870307	0.122866894198	0.0
-риқ	0.318509289854	0.578354368669	0.015383782027	0.0877525594497
-ежо	0.589416058394	0.410583941606	0.0	0.0
-уфр	0.317488471089	0.323518978361	0.168144732175	0.190847818375
-ниқ	0.217639743202	0.139860845014	0.118483412322	0.524015999462
-уфт	0.072202166065	0.776173285199	0.13357400722	0.0180505415162
-иши	0.281844627855	0.291674731499	0.0225225102744	0.403958130371
-фси	0.150317572336	0.698659139026	0.100211714891	0.0508115737474
-иша	0.177254386788	0.363579493916	0.0547371055019	0.404429013794
-фақ	0.396332297826	0.422286802285	0.0420883856098	0.13929251428
-йдо	0.483092009853	0.109804102115	0.0158836122557	0.391220275776
-г-у	0.658045977011	0.341954022989	0.0	0.0
-йди	0.491877499939	0.167399257726	0.0545910069817	0.286132235353
-ишт	0.0780399274047	0.807622504537	0.032667876588	0.08166969147
-йда	0.10876975376	0.621798886757	0.0343483432926	0.235083016191
-фсу	0.0822669104205	0.776355880561	0.0670322973796	0.0743449116393
-з-у	0.581085750138	0.278776819136	0.035257005936	0.10488042479
-гар	0.030441806748	0.0216213600011	0.00280385062152	0.945132982629
-айё	0.587529976019	0.153477218225	0.187050359712	0.0719424460432
-ѓул	0.453055490518	0.424373682978	0.0210723483962	0.101498478108
-тка	0.180904522613	0.819095477387	0.0	0.0
-гач	0.520589005736	0.110306485338	0.0252316339269	0.343872874999
-гаш	0.0553167096589	0.672398968186	0.0189165950129	0.253367727142
-айр	0.2	0.733333333333	0.0666666666667	0.0
-айт	0.438171371471	0.0751936047964	0.018735948039	0.467899075693
-айф	0.219241681713	0.431519215889	0.230590662884	0.118648439515
-айш	0.193266832918	0.66957605985	0.112219451372	0.0249376558603
-яир	0.0	0.959568733154	0.0404312668464	0.0
-мта	0.835125448029	0.136200716846	0.0	0.0286738351255
-нта	0.0580357142857	0.0541294642857	0.0931919642858	0.794642857143
-чиқ	0.299934450416	0.125847183272	0.110151365416	0.464067000896
-ийб	0.0662055335969	0.231225296443	0.0207509881423	0.681818181818
-н-а	0.467356687898	0.129777070064	0.101910828026	0.300955414013
-тур	0.312947972004	0.090100345729	0.0173918542879	0.579559827979
-доѓ	0.309731652118	0.463950856773	0.135790494665	0.0905269964435
-н-у	0.42171803823	0.273455205955	0.1352502553	0.169576500515
-тта	0.0680470007699	0.0779926681599	0.414909533142	0.439050797928
-тти	0.00445790706978	0.00582957078356	0.0	0.989712522147
-тто	0.125838576607	0.118171590483	0.0225009375391	0.733488895371
-айб	0.242241925269	0.436035465485	0.200126662445	0.121595946802
-айд	0.44	0.371428571429	0.0428571428571	0.145714285714
-айи	0.0108283703303	0.897130481862	0.081212777477	0.0108283703303
-ужу	0.318663406683	0.332925835371	0.134474327628	0.213936430318
-айл	0.751479289941	0.248520710059	0.0	0.0
-габ	0.59425435765	0.185603615236	0.0387346675274	0.181407359587
-гав	0.0	1.0	0.0	0.0
-йўқ	0.336767447315	0.00982703917236	0.00445056233873	0.648954951173
-гад	0.0	1.0	0.0	0.0
-газ	0.0353982300885	0.858407079646	0.0	0.106194690266
-гай	0.401681427694	0.341280442641	0.0240249175429	0.233013212122
-гак	0.349146110057	0.375711574953	0.0569259962049	0.218216318786
-гал	0.229184356426	0.377915688527	0.218957594526	0.173942360521
-гам	0.203942895989	0.710401087695	0.0	0.0856560163154
-ган	0.451117399346	0.121873575237	0.0411020861334	0.385906939284
-гап	0.339263269844	0.187179735087	0.0527893261143	0.420767668955
-зки	0.696265664952	0.111352803262	0.0817576312384	0.110623900548
-қлу	0.191489361702	0.659574468085	0.063829787234	0.0851063829787
-чоѓ	0.324028461959	0.489874110564	0.0821018062397	0.103995621237
-чим	0.279746940354	0.443379285576	0.175207890157	0.101665883913
-чин	0.0829360855279	0.599898181145	0.0673855694914	0.249780163836
-чик	0.0361474817255	0.0661900554262	0.736605349827	0.161057113021
-чил	0.08	0.92	0.0	0.0
-дод	0.455464154075	0.240876803281	0.0405204188737	0.26313862377
-чиб	0.561385220583	0.170857039398	0.0334816505456	0.234276089473
-мга	0.261397227555	0.528211669903	0.0236600582699	0.186731044272
-дот	0.318801089918	0.427792915531	0.0590372388737	0.194368755677
-жни	0.151874192159	0.777035760448	0.0290822921155	0.0420077552779
-мги	0.0699935191186	0.051847051199	0.68985382012	0.188305609563
-ест	0.0	1.0	0.0	0.0
-йўл	0.176170454009	0.34123872065	0.0062361222658	0.476354703076
-жга	0.189655172414	0.663286004057	0.147058823529	0.0
-жой	0.191475714412	0.482062284349	0.00464478457047	0.321817216668
-чию	0.360406091371	0.639593908629	0.0	0.0
-чиш	0.848072562358	0.103552532124	0.0136054421769	0.0347694633409
-чир	0.874715261959	0.0706150341685	0.0546697038724	0.0
-қли	0.218194283755	0.466855208467	0.164331319364	0.150619188413
-жон	0.221886461828	0.277531296867	0.0826089774681	0.417973263837
-қла	0.529220779221	0.256493506493	0.0909090909091	0.123376623377
-юги	0.596112311015	0.24838012959	0.103671706263	0.0518358531317
-хту	0.111842105263	0.800438596491	0.0877192982456	0.0
-ясу	0.0471698113208	0.952830188679	0.0	0.0
-кас	0.253012048193	0.674698795181	0.0	0.0722891566265
-кар	0.257224761757	0.554737739211	0.111179979856	0.0768575191756
-кат	0.379714183719	0.225071684381	0.045774364053	0.349439767846
-қеа	0.478939895883	0.123521060104	0.0028395646001	0.394699479413
-каш	0.303236539625	0.41091954023	0.2722323049	0.013611615245
-каю	0.095041322314	0.871900826446	0.0330578512397	0.0
-ъла	0.0713295026747	0.750346740638	0.178323756687	0.0
-ўпа	0.778417266187	0.0	0.0920863309352	0.129496402878
-ъло	0.00692201199815	0.959237040455	0.0	0.0338409475465
-сиш	0.612403100775	0.201550387597	0.186046511628	0.0
-ѓма	0.401548672566	0.444690265487	0.0586283185841	0.0951327433628
-сия	0.0390282406595	0.955709524645	0.0	0.00526223469567
-сир	0.235566241592	0.459475910765	0.165565937243	0.1393919104
-оис	0.171388464196	0.127061422361	0.0319925133166	0.669557600126
-оир	0.236442024053	0.534377127297	0.0521896982074	0.176991150442
-оит	0.142857142857	0.292857142857	0.35	0.214285714286
-оин	0.352668213457	0.431554524362	0.169373549884	0.046403712297
-оим	0.0671798460462	0.119897364124	0.00139958012596	0.811523209704
-сий	0.176606439343	0.579540823258	0.172191278359	0.0716614590408
-оил	0.074825018352	0.871247659387	0.010098492194	0.0438288300666
-син	0.494471110746	0.172911301557	0.0369569156371	0.29566067206
-оид	0.157809983897	0.541062801932	0.0595813204509	0.24154589372
-оиз	0.434545454546	0.154545454545	0.4	0.0109090909091
-сиб	0.409946406379	0.118668636131	0.145584900979	0.325800056511
-сиз	0.184429521409	0.213696055758	0.160481240273	0.441393182559
-рўз	0.0210157618214	0.929947460595	0.0490367775832	0.0
-ёда	0.0869768361277	0.752331662084	0.0180063615289	0.142685140259
-рўн	0.0	1.0	0.0	0.0
-фга	0.219041048637	0.566114752213	0.0206967919972	0.194147407152
-ўпу	0.561569688769	0.133964817321	0.0405953991881	0.263870094723
-рўй	0.532242540905	0.150144369586	0.0	0.317613089509
-каб	0.703703703704	0.185185185185	0.0	0.111111111111
-кай	0.148095909732	0.623060648801	0.00669957686884	0.222143864598
-кал	0.471411435426	0.380647740904	0.0199920031987	0.127948820472
-как	0.0456508328192	0.834916718075	0.0342998149291	0.0851326341765
-кан	0.440016802275	0.104097803376	0.0391415900879	0.416743804262
-кам	0.272348521127	0.375216584967	0.140257812296	0.21217708161
-хти	0.00719712115154	0.955617752899	0.0239904038385	0.0131947221112
-рли	0.152817435732	0.330758071657	0.333991014315	0.182433478295
-яси	0.200675485505	0.658598367577	0.11961722488	0.0211089220377
-хта	0.054040144107	0.159553182872	0.728422770863	0.0579839021583
-рла	0.17735042735	0.547008547009	0.224358974359	0.0512820512821
-яса	0.569536423841	0.341059602649	0.0198675496689	0.069536423841
-оул	0.00535714285714	0.966071428571	0.0	0.0285714285714
-ред	0.0	1.0	0.0	0.0
-рей	0.0	1.0	0.0	0.0
-оқе	0.12539184953	0.74921630094	0.12539184953	0.0
-оқа	0.366737739872	0.452025586354	0.0820895522388	0.0991471215352
-оқо	0.285714285714	0.607142857143	0.0357142857143	0.0714285714286
-оқи	0.277462121212	0.523674242424	0.127840909091	0.0710227272727
-иёҳ	0.0	1.0	0.0	0.0
-ҳли	0.334925450203	0.46644721272	0.0416747348265	0.15695260225
-сиҳ	0.0314739104044	0.820999002323	0.000156977109249	0.147370110163
-еза	0.350877192982	0.578947368421	0.0	0.0701754385965
-езо	0.0	1.0	0.0	0.0
-чаб	0.685567010309	0.237113402062	0.0154639175258	0.0618556701031
-реф	0.185185185185	0.777777777778	0.0	0.037037037037
-сиқ	0.297372356334	0.24617247027	0.342519404686	0.11393576871
-хат	0.478324761205	0.51432770022	0.00734753857458	0.0
-рет	0.0303030303031	0.949494949495	0.0	0.020202020202
-хая	0.0	1.0	0.0	0.0
-лса	0.534980574498	0.0540847630044	0.00865856550483	0.402276096992
-чан	0.216603455542	0.258322798146	0.427728613569	0.0973451327434
-сеҳ	0.0	1.0	0.0	0.0
-рур	0.355028202356	0.269485928047	0.179559867902	0.195926001695
-рус	0.0138858080831	0.924182600594	0.000266181624595	0.0616654096979
-руш	0.13874685848	0.807868966115	0.0533841754052	0.0
-руѓ	0.0911578982078	0.753862133777	0.0969449161624	0.0580350518524
-ахи	0.263369397218	0.528902627511	0.114992272025	0.0927357032457
-роқ	0.124390801067	0.134143286606	0.18874032597	0.552725586358
-мми	0.307036247335	0.449893390192	0.153518123667	0.089552238806
-ммо	0.0688086806796	0.0123452779312	0.00688736558266	0.911958675807
-сён	0.438765670203	0.424300867888	0.0617164898747	0.0752169720347
-қиб	0.361443035853	0.112900810859	0.0293409414651	0.496315211822
-қид	0.695652173913	0.278260869565	0.0260869565217	0.0
-роҳ	0.489061464154	0.263756037504	0.0170470688512	0.230135429492
-қиз	0.0909970958374	0.306873184898	0.0585672797677	0.543562439497
-қий	0.182410033151	0.21135386295	0.400074556323	0.206161547576
-фоқ	0.198601398601	0.451748251748	0.176223776224	0.173426573427
-қил	0.295269922879	0.088174807198	0.0262210796915	0.590334190231
-қим	0.0797080998266	0.680199975809	0.00967624884087	0.230415675523
-қин	0.12243394305	0.172232225123	0.042459316177	0.66287451565
-қир	0.208470774509	0.435941417074	0.261248185776	0.0943396226415
-қис	0.6	0.35	0.05	0.0
-қит	0.473031618103	0.204587724736	0.122752634842	0.199628022319
-қиф	0.470523617722	0.271695349689	0.206517759063	0.0512632735262
-қич	0.155996100097	0.707507312317	0.116997075073	0.0194995125122
-қиш	0.501702949937	0.393564508102	0.0338049386295	0.0709276033315
-қиё	0.0	1.0	0.0	0.0
-лки	0.0479636287296	0.0446198053659	0.0122933198221	0.895123246082
-ахс	0.252427184466	0.631067961165	0.0582524271845	0.0582524271845
-ахт	0.0	0.984410667557	0.00584599966596	0.00974333277659
-ўка	0.965217391304	0.0347826086956	0.0	0.0
-ахш	0.527491184537	0.287492925863	0.105350224196	0.0796656654042
-ъон	0.0759493670887	0.924050632911	0.0	0.0
-ъом	0.0322580645161	0.934017595308	0.024926686217	0.00879765395893
-рув	0.0967741935484	0.903225806452	0.0	0.0
-рум	0.300613496932	0.175513470259	0.0197385969592	0.50413443585
-рун	0.0772396882389	0.506349067344	0.00919520098081	0.407216043436
-рук	0.0521928234868	0.328017397608	0.526277636825	0.0935121420804
-олд	0.140105078809	0.681260945709	0.0735551663748	0.105078809107
-сев	0.0	0.926829268293	0.0	0.0731707317073
-ола	0.267448727507	0.571899896212	0.0251721264746	0.135479249806
-оло	0.0676223965378	0.731854656929	0.128662879813	0.0718600667208
-оли	0.181078739657	0.476269804894	0.142092874511	0.200558580939
-яҳё	0.0184574818721	0.941382282846	0.00517215151361	0.0349880837686
-қиқ	0.110713006091	0.638480831243	0.164815478323	0.0859906843426
-фон	0.265762463343	0.664589442815	0.032991202346	0.0366568914956
-ьта	0.099173553719	0.900826446281	0.0	0.0
-дчи	0.107142857143	0.678571428571	0.214285714286	0.0
-бат	0.258170794343	0.639082014857	0.0418028987686	0.0609442920315
-еса	0.534680511124	0.183881712647	0.0379351465227	0.243502629706
-роз	0.03094122876	0.558822523847	0.251290642415	0.158945604978
-рож	0.525510204082	0.324829931973	0.0918367346938	0.0578231292517
-роб	0.262021589794	0.622505724567	0.0143931959437	0.101079489696
-ров	0.311353045486	0.296795744154	0.0215266608932	0.370324549466
-рон	0.26156332163	0.262261368696	0.0338126041056	0.442362705569
-ром	0.272326646357	0.301507922822	0.346649805522	0.0795156252993
-баш	0.732283464567	0.267716535433	0.0	0.0
-рой	0.105263157895	0.745614035088	0.0767543859649	0.0723684210526
-рол	0.158994090971	0.766799505291	0.0535935138106	0.0206128899272
-рок	0.363572471211	0.407093042115	0.0200032437693	0.209331242904
-роф	0.717521652232	0.17854763491	0.0359760159893	0.0679546968688
-баб	0.317816955613	0.313088736576	0.0531466480959	0.315947659715
-рос	0.180610177571	0.692587295912	0.0425455845549	0.0842569419617
-рор	0.274796975637	0.249201904228	0.0286684402128	0.447332679922
-бад	0.0288894599456	0.440456063946	0.00412513355965	0.526529342548
-рот	0.0222780723398	0.879537639771	0.0570732059426	0.0411110819466
-баи	0.225386493084	0.344995931652	0.00976403580146	0.419853539463
-бай	0.228346456693	0.35905511811	0.00629921259841	0.406299212598
-бам	0.489953632148	0.278207109737	0.0927357032458	0.139103554869
-бан	0.721558983744	0.170638948858	0.00257352415538	0.105228543242
-руқ	0.168115942029	0.396811594203	0.252463768116	0.182608695652
-фос	0.0	1.0	0.0	0.0
-фот	0.251243130071	0.609002878827	0.0486783564512	0.0910756346506
-фоф	0.0	0.146174863388	0.771857923497	0.0819672131148
-фош	0.357142857143	0.237333887043	0.205357142857	0.200166112957
-ека	0.197183098592	0.161971830986	0.640845070423	0.0
-лда	0.283552881844	0.257426674458	0.018945618115	0.440074825583
-руҳ	0.00771053911676	0.945162024819	0.0119901470695	0.0351372889952
-олу	0.400977960656	0.366721154388	0.109492136858	0.122808748098
-еки	0.512172946762	0.140317203758	0.0181836549147	0.329326194565
-лди	0.540887678015	0.0508746386793	0.0153356842417	0.392901999064
-сея	0.0387096774194	0.961290322581	0.0	0.0
-қур	0.213123275621	0.208125074973	0.403614698708	0.175136950698
-қут	0.0	0.908629441624	0.0913705583756	0.0
-қуш	0.043956043956	0.931318681319	0.0247252747252	0.0
-жир	0.0343187428503	0.936781263171	0.0288999939792	0.0
-шга	0.444295579117	0.232792709659	0.0681948806699	0.254716830554
-ёри	0.282658517952	0.679144385027	0.0	0.0381970970206
-тга	0.248280510186	0.538920351923	0.0684298760901	0.144369261801
-азо	0.412356471364	0.352828945086	0.0825614874943	0.152253096056
-шни	0.500848179962	0.223937340962	0.0411991723541	0.234015306723
-оку	0.253012048193	0.10843373494	0.313253012048	0.325301204819
-зор	0.313331427195	0.409073466562	0.186081683019	0.0915134232228
-зуқ	0.248554913295	0.226075786769	0.440590879897	0.0847784200384
-пиқ	0.837691614067	0.0991884580703	0.0495942290351	0.0135256988278
-қуб	0.0	0.996475253341	0.000881186664708	0.00264355999413
-қув	0.11304321949	0.747388677823	0.109710249874	0.0298578528137
-қул	0.211995804329	0.553313626395	0.0320396681606	0.202650901116
-қун	0.323529411765	0.647058823529	0.0294117647059	0.0
-қум	0.150113722517	0.831690674754	0.00909780136466	0.00909780136466
-йфи	0.475308641975	0.0205761316872	0.462962962963	0.0411522633745
-ҳда	0.271252171755	0.562246628609	0.107863820634	0.0586373790023
-удо	0.044032098856	0.721448930038	0.00250998682589	0.23200898428
-уди	0.416544869921	0.451914644841	0.0701549254603	0.0613855597779
-уда	0.250008236961	0.11446080854	0.0895522388059	0.545978715693
-тфу	0.375	0.114583333333	0.34375	0.166666666667
-мри	0.26624939817	0.562831006259	0.0548868560424	0.116032739528
-яда	0.152541846848	0.805714758644	0.0159835302394	0.0257598642693
-ипа	0.193399044205	0.806600955795	0.0	0.0
-пич	0.0215053763441	0.913978494624	0.0645161290323	0.0
-пир	0.300455235205	0.59028831563	0.109256449165	0.0
-яди	0.346809740481	0.226992337449	0.046894221221	0.379303700849
-пия	0.0	0.931034482759	0.0	0.0689655172413
-пиш	0.389133627019	0.43906020558	0.0440528634361	0.127753303965
-зур	0.540908879483	0.153030373506	0.252337318015	0.0537234289966
-зун	0.42899408284	0.523213472918	0.0	0.0477924442422
-зум	0.162346079067	0.776085547634	0.0594080794988	0.00216029379995
-ипр	0.0166666666667	0.983333333333	0.0	0.0
-пиз	0.230613621038	0.769386378962	0.0	0.0
-пиб	0.56725563113	0.105339216555	0.0144511454941	0.312954006821
-зук	0.12265758092	0.805792163544	0.0408858603066	0.03066439523
-пим	0.636208368915	0.260461144321	0.0520922288642	0.0512382578992
-пик	0.729957805907	0.270042194093	0.0	0.0
-зув	0.123579545455	0.729403409091	0.106534090909	0.0404829545454
-мру	0.0403090359422	0.862277460531	0.0655021834061	0.0319113201209
-қуқ	0.112068965517	0.758620689655	0.0	0.129310344828
-уду	0.619373776908	0.217221135029	0.045988258317	0.117416829746
-апи	0.0783847980998	0.657957244656	0.0285035629453	0.235154394299
-ҳду	0.304721030043	0.525751072961	0.0858369098713	0.0836909871245
-зим	0.195666478475	0.191571139101	0.050334191412	0.562428191011
-зин	0.0	1.0	0.0	0.0
-зий	0.0589125341663	0.880076142132	0.0124463100351	0.0485650136665
-зил	0.0818390804597	0.369655172414	0.542988505747	0.00551724137932
-зид	0.270860077022	0.310654685494	0.256739409499	0.161745827985
-зиз	0.20060851927	0.183164300203	0.212981744422	0.403245436105
-зиб	0.5155495107	0.214505357792	0.0519097484766	0.218035383031
-ѓаб	0.443303891144	0.332298878014	0.15994270709	0.0644545237526
-ѓай	0.410509031199	0.208538587849	0.380952380952	0.0
-ѓал	0.0104166666667	0.0104166666667	0.96875	0.0104166666667
-ѓам	0.0689655172414	0.879310344828	0.0	0.051724137931
-афс	0.205405405405	0.524324324324	0.27027027027	0.0
-деб	0.180701527456	0.0194320754461	0.000661517461993	0.799204879636
-аъл	0.0	0.879518072289	0.120481927711	0.0
-аъм	0.0	1.0	0.0	0.0
-мби	0.121093873424	0.719659388922	0.0323469935859	0.126899744068
-аъз	0.742096505824	0.0855716662704	0.0242453054433	0.148086522462
-эди	0.787791801887	0.0127636106232	0.000407891684363	0.199036695805
-афв	0.400763358779	0.586513994911	0.0127226463104	0.0
-кса	0.625269978402	0.315334773218	0.0431965442765	0.0161987041037
-афа	0.287071523262	0.176756517897	0.430118048103	0.106053910738
-аъё	0.00379146919431	0.991469194313	0.0	0.00473933649289
-афо	0.32800982801	0.311034174671	0.230288139379	0.130667857941
-афн	0.299606520517	0.629567172569	0.0101180438448	0.0607082630691
-афи	0.0254777070063	0.898089171975	0.0	0.0764331210191
-ѓат	0.367251461988	0.534502923977	0.0771929824562	0.021052631579
-ѓаш	0.821339950372	0.0794044665013	0.0893300248139	0.00992555831265
-зиё	0.0	1.0	0.0	0.0
-зиш	0.798898869893	0.107891432435	0.0497440355453	0.0434656621269
-ама	0.431177620184	0.334767936919	0.109679251866	0.124375191032
-зир	0.131963357267	0.090814558059	0.0481307254271	0.729091359247
-нли	0.227918831487	0.613395745515	0.0834477012058	0.0752377217919
-юнг	0.0	0.992844364937	0.00715563506259	0.0
-нла	0.678111587983	0.218884120172	0.103004291845	0.0
-лли	0.214293486803	0.524187210582	0.168210231051	0.0933090715642
-лло	0.456420835482	0.381124290872	0.0	0.162454873646
-лла	0.134789487563	0.774852773139	0.0238199876945	0.0665377516041
-оди	0.357933579336	0.554325543255	0.0459204592046	0.0418204182042
-одо	0.357972992048	0.0643438573378	0.11645414765	0.461229002964
-ода	0.190041729947	0.655619454439	0.0507888115277	0.103550004086
-ўйи	0.0809742012429	0.511643964597	0.071244742954	0.336137091206
-рта	0.0563610786757	0.667607550362	0.0132581852284	0.262773185734
-ъни	0.401085084352	0.066942784866	0.0442257115852	0.487746419197
-ъно	0.173652694611	0.646706586826	0.0958083832335	0.0838323353293
-поя	0.854635635254	0.113315528424	0.0	0.032048836322
-рти	0.258478081059	0.445271574304	0.00827129859387	0.287979046044
-ъна	0.628751851563	0.193342168863	0.0539487019568	0.123957277617
-ски	0.0733126454616	0.0279286268425	0.873157486424	0.0256012412723
-ока	0.317073170732	0.536585365854	0.0975609756098	0.0487804878049
-оки	0.0510614594294	0.0709599554372	0.00547750201152	0.872501083122
-оду	0.0714285714286	0.785714285714	0.142857142857	0.0
-ато	0.571248545948	0.260663047693	0.0540907328422	0.113997673517
-ёжи	0.113780025284	0.407079646018	0.403286978508	0.0758533501897
-вда	0.539324335403	0.416262356007	0.0224327204704	0.0219805881198
-вди	0.738758029979	0.21948608137	0.0256959314775	0.0160599571734
-бби	0.528957528958	0.297297297297	0.023166023166	0.150579150579
-дшо	0.403652090341	0.596347909659	0.0	0.0
-бба	0.0	0.989890480202	0.0101095197978	0.0
-ела	0.36018957346	0.32701421801	0.227488151659	0.085308056872
-рид	0.28490832158	0.561706629055	0.0952045133991	0.0581805359661
-рил	0.237891737892	0.762108262108	0.0	0.0
-рий	0.192822071061	0.620872207451	0.0986153793032	0.0876903421843
-лчи	0.519801980198	0.299504950495	0.0940594059406	0.0866336633663
-ник	0.16063174114	0.619799691834	0.0462249614792	0.173343605547
-лча	0.8	0.0	0.0352941176471	0.164705882353
-моқ	0.364050139657	0.366277336551	0.0802919621907	0.189380561601
-ёси	0.0845264792134	0.645976759139	0.177834930293	0.0916618313548
-лги	0.222607760727	0.238099892484	0.2900498485	0.249242498289
-ний	0.0777102285143	0.698151257256	0.15645025071	0.0676882635198
-муѓ	0.0240123934934	0.752904725019	0.176607281177	0.0464756003099
-иоя	0.616119174943	0.187452253629	0.00401069518717	0.192417876241
-шма	0.291666666667	0.489583333333	0.09375	0.125
-иос	0.0	1.0	0.0	0.0
-шми	0.490633877841	0.181551846591	0.254794034091	0.0730202414772
-қўш	0.781083142639	0.173150266972	0.0	0.045766590389
-йза	0.0338983050847	0.966101694915	0.0	0.0
-қўя	0.438016528926	0.140495867769	0.0330578512397	0.388429752066
-муш	0.0995053624261	0.773137019231	0.0575536242603	0.0698039940828
-моя	0.261102977062	0.567593948267	0.00878477306003	0.162518301611
-мою	0.0	1.0	0.0	0.0
-мос	0.70742173972	0.0847424450033	0.0140484543689	0.193787360908
-мор	0.119899560578	0.0966729441306	0.689265536723	0.0941619585687
-мот	0.248135398738	0.567125645439	0.0470453241538	0.13769363167
-вҳа	0.0	0.955882352941	0.0441176470588	0.0
-ҳеч	0.0610982859233	0.162068415131	0.0065207320349	0.77031256691
-ҳей	0.562248995984	0.172690763052	0.0240963855422	0.240963855422
-мой	0.241516966068	0.690618762475	0.0479041916168	0.0199600798403
-мол	0.128831172041	0.622043332942	0.186072172146	0.0630533228718
-мон	0.18112756674	0.50432529886	0.138113994436	0.176433139964
-мом	0.484268569575	0.156989944859	0.00713590658449	0.351605578981
-моа	0.0380952380952	0.819047619048	0.142857142857	0.0
-қўл	0.351629209503	0.437244491859	0.0288794522489	0.182246846389
-қўй	0.243895284887	0.384688714527	0.0329984600718	0.338417540515
-мук	0.444723618091	0.527638190955	0.0	0.0276381909548
-лёс	0.0031185031185	0.996881496881	0.0	0.0
-зиқ	0.0231278909864	0.890611326416	0.0862607825978	0.0
-мун	0.00212891780012	0.994322885866	0.0	0.00354819633353
-ион	0.016399843811	0.927372120265	0.0	0.0562280359235
-ҳшу	0.0823558772148	0.650611429997	0.267032692788	0.0
-бер	0.564518828452	0.123179916318	0.0	0.31230125523
-оси	0.161701400527	0.683798094512	0.0640237824528	0.0904767225081
-бет	0.0372439478585	0.907262569832	0.024208566108	0.0312849162011
-осо	0.0	1.0	0.0	0.0
-таи	0.137245622338	0.649787032655	0.19403691434	0.0189304306673
-беш	0.02023988006	0.0272363818091	0.00974512743628	0.942778610695
-дўқ	0.72017511857	0.100693177672	0.0525355709595	0.126596132798
-тал	0.0	0.934382194935	0.0287797390637	0.0368380660016
-воз	0.0816732291139	0.727550582823	0.031718061674	0.159058126389
-хон	0.334108527132	0.547286821705	0.00465116279069	0.113953488372
-нур	0.0717743152518	0.683336430566	0.206475253526	0.0384140006561
-воб	0.769044052817	0.147221602558	0.00621434717486	0.0775199974505
-вон	0.0559104662357	0.741435153349	0.0989203685875	0.103734011828
-вом	0.276431568973	0.0705067460855	0.0473805333695	0.605681151573
-вол	0.666372187289	0.20423010965	0.0192277711376	0.110169931923
-хоб	0.324786324786	0.273504273504	0.307692307692	0.0940170940171
-вой	0.0411999331247	0.586758699754	0.250232869187	0.121808497934
-вои	0.6	0.132673267327	0.207920792079	0.0594059405941
-шиқ	0.479446981854	0.38550796198	0.120232070115	0.0148129860511
-лур	0.336869668924	0.114850538649	0.0265362520534	0.521743540373
-лут	0.00683501044238	0.990886652743	0.0	0.00227833681413
-луш	0.252877572375	0.73491454482	0.0122078828043	0.0
-луя	0.0748299319728	0.925170068027	0.0	0.0
-соб	0.310924369748	0.621848739496	0.0504201680672	0.0168067226891
-луѓ	0.0963124141091	0.195422419999	0.461880766965	0.246384398927
-сой	0.0296296296296	0.269135802469	0.641975308642	0.0592592592593
-сол	0.159870811465	0.708114654824	0.0835688332661	0.0484457004441
-сом	0.0	1.0	0.0	0.0
-сон	0.084469343204	0.701670233667	0.10192122258	0.111939200548
-соп	0.0	1.0	0.0	0.0
-сор	0.400467016929	0.321657910099	0.220665499124	0.0572095738471
-сос	0.474898045282	0.284629447335	0.142033469273	0.09843903811
-сот	0.977272727273	0.0	0.0	0.0227272727273
-соф	0.0189237137789	0.0972797161443	0.806327616795	0.0774689532821
-соч	0.054820415879	0.854442344045	0.0680529300567	0.0226843100189
-нѓи	0.0745110738774	0.48049223491	0.309575771229	0.135420919984
-соя	0.884836852207	0.0230326295585	0.0230326295586	0.0690978886756
-луб	0.922131147541	0.0	0.0532786885246	0.0245901639344
-ихо	0.0	1.0	0.0	0.0
-соѓ	0.465223274696	0.0746955345061	0.133964817321	0.326116373478
-луд	0.668032786885	0.243852459016	0.0	0.0881147540983
-лун	0.0	1.0	0.0	0.0
-лум	0.48100038854	0.137620907548	0.120157052003	0.261221651909
-рзу	0.459932685315	0.213670911897	0.0642549266545	0.262141476134
-вот	0.0444444444444	0.911111111111	0.0444444444444	0.0
-вос	0.40127388535	0.59872611465	0.0	0.0
-вор	0.197672255184	0.516424451657	0.169412688897	0.116490604263
-хоч	0.0341637010676	0.957295373666	0.0085409252669	0.0
-хор	0.439277828289	0.479932458761	0.0688401091051	0.0119496038447
-хос	0.219178082192	0.411431270666	0.10769957487	0.261691072272
-вош	0.0666666666666	0.138095238095	0.62380952381	0.171428571429
-ост	0.0	0.8	0.0857142857143	0.114285714286
-осу	0.148760330579	0.710743801653	0.140495867769	0.0
-бел	0.466891133558	0.130190796858	0.187429854097	0.215488215488
-бен	0.0	1.0	0.0	0.0
-шил	0.0851730076719	0.295757006419	0.562705495538	0.056364490371
-шик	0.20058237963	0.764881153924	0.0182840116476	0.0162524547978
-ший	0.131618759455	0.419062027231	0.431164901664	0.018154311649
-шин	0.199011124846	0.292954264524	0.368355995056	0.139678615575
-шим	0.369568526219	0.241027451888	0.0702278829352	0.319176138958
-шиб	0.447076936659	0.137178911177	0.0310595493881	0.384684602776
-икс	0.0	1.0	0.0	0.0
-икр	0.442492234945	0.259885957999	0.0890083908951	0.208613416161
-воҳ	0.224719101124	0.707376648754	0.0122129946263	0.0556912554958
-жўй	0.434481164779	0.468453894153	0.0970649410677	0.0
-соқ	0.123304562269	0.316892725031	0.530209617756	0.0295930949445
-учи	0.123029269481	0.534507360874	0.0382835067692	0.304179862875
-хоҳ	0.0594471790989	0.119273002651	0.0569859901552	0.764293828095
-дўл	0.0	0.974248927039	0.0257510729614	0.0
-дўн	0.0	1.0	0.0	0.0
-дўм	0.00503778337531	0.994962216625	0.0	0.0
-лқи	0.0456431535269	0.813739050254	0.0124481327801	0.128169663439
-воқ	0.223541661792	0.676076935676	0.0810772866603	0.0193041158715
-уби	0.348909657321	0.389408099688	0.261682242991	0.0
-мча	0.333124795431	0.427451728907	0.0705212038999	0.168902271762
-гун	0.0708092485549	0.832369942197	0.0377786952932	0.0590421139554
-ёѓи	0.138659320477	0.653810835629	0.0661157024793	0.141414141414
-мчи	0.195496979681	0.637012630423	0.0329489291598	0.134541460736
-ьма	0.0	1.0	0.0	0.0
-ика	0.0117663538311	0.988233646169	0.0	0.0
-гуп	0.216165413534	0.412593984962	0.0281954887218	0.343045112782
-ики	0.325840811092	0.281589391148	0.0712285715386	0.321341226222
-шиё	0.0	1.0	0.0	0.0
-жўя	0.376436781609	0.284482758621	0.304597701149	0.0344827586207
-беҳ	0.358492927776	0.460633370885	0.060708474152	0.120165227187
-шиш	0.436	0.295866666667	0.1158	0.152333333333
-шию	0.58904109589	0.313111545988	0.0587084148728	0.0391389432485
-нса	0.582157611104	0.211982598834	0.0516984242701	0.154161365791
-луқ	0.131578947368	0.749177631579	0.0205592105263	0.0986842105263
-шир	0.228865979381	0.690721649485	0.0371134020619	0.0432989690722
-пни	0.25320569639	0.531111505052	0.00709094132247	0.208591857236
-мду	0.38726063441	0.532707206549	0.0339862593188	0.0460458997223
--уй	0.260939381774	0.509233239663	0.136491368928	0.0933360096347
-аёт	0.147955607477	0.789369158878	0.0213785046729	0.041296728972
-аки	0.343559617058	0.270234986945	0.0783289817233	0.307876414273
-тми	0.555555555556	0.177777777778	0.0888888888889	0.177777777778
-ака	0.390725667054	0.425579056539	0.00989974543512	0.173795530972
-тма	0.570118774745	0.368975679457	0.00357217277409	0.0573333730242
-гги	0.0742368742369	0.424664224664	0.395604395604	0.105494505494
-адя	0.0	0.938461538462	0.0	0.0615384615385
-гга	0.345921811581	0.361553361243	0.0421205049728	0.250404322204
-ада	0.214701545302	0.327709420584	0.0836112422058	0.373977791909
-адо	0.393449477352	0.379094076655	0.00836236933798	0.219094076655
-адл	0.38497061293	0.556255247691	0.044080604534	0.0146935348447
-чли	0.106938825993	0.169208919672	0.610106601897	0.113745652438
-ади	0.477624960231	0.121618776107	0.0324754368465	0.368280826816
-а-ю	0.514075587334	0.288784473953	0.0586312563841	0.138508682329
-гна	0.0	1.0	0.0	0.0
-акс	0.103634232122	0.0318874560375	0.0150058616647	0.849472450176
-акр	0.03125	0.875	0.03125	0.0624999999999
-гни	0.291151078431	0.503578509042	0.0287385564575	0.17653185607
-аёл	0.0305038089751	0.439536521349	0.00460917995007	0.525350489725
-аён	0.462094871477	0.33658264001	0.0381845275053	0.163137961008
-аёз	0.182976786527	0.496131087847	0.116067364588	0.204824761038
-мди	0.467289719626	0.0280373831776	0.0560747663551	0.448598130841
--уч	0.0173210161663	0.64896073903	0.0600461893764	0.273672055427
-мда	0.200594663762	0.177078805977	0.0398597508312	0.58246677943
-жам	0.252762430939	0.575966850829	0.0904696132597	0.0808011049723
-жал	0.229384436702	0.686991869919	0.0313588850174	0.0522648083624
-жак	0.435311662773	0.20741004694	0.0571854667353	0.300092823552
-жад	0.0	0.797619047619	0.202380952381	0.0
-жаб	0.641791044776	0.164179104478	0.194029850746	0.0
-қаю	0.0638297872341	0.712765957447	0.223404255319	0.0
-қар	0.403349555	0.223113683195	0.158270857995	0.21526590381
-қат	0.172900552673	0.329217170751	0.0577512699865	0.44013100659
-қач	0.552	0.048	0.0891428571429	0.310857142857
-зни	0.203918996723	0.265980910685	0.0558903576381	0.474209734953
-аёқ	0.223205621013	0.426967339956	0.0478374778881	0.301989561143
-адҳ	0.638095238095	0.331428571428	0.0228571428572	0.00761904761907
-қай	0.242417066872	0.119943169625	0.0233093333531	0.61433043015
-қал	0.456347080878	0.348152115694	0.0321371183717	0.163363685056
-қан	0.25330424555	0.0890167960303	0.0375222788531	0.620156679567
-қаб	0.553034388352	0.196623387398	0.0684448500435	0.181897374207
-қад	0.471528471529	0.383616383616	0.054945054945	0.0899100899101
-қаз	0.315789473684	0.684210526316	0.0	0.0
-ъий	0.407834101382	0.171082949309	0.0967741935484	0.324308755761
-ъил	0.0	1.0	0.0	0.0
-жар	0.0964366761947	0.677634001192	0.211871498095	0.0140578245182
-жат	0.388070175439	0.254035087719	0.0378947368421	0.32
-аус	0.0285714285714	0.971428571429	0.0	0.0
-онч	0.236562689113	0.335313858173	0.080156241404	0.347967211311
-пуч	0.251121076233	0.313901345291	0.0807174887892	0.354260089686
-фда	0.2	0.386885245902	0.0	0.413114754098
-онт	0.17747440273	0.726962457338	0.0614334470989	0.0341296928327
-пур	0.63963963964	0.0900900900901	0.0337837837838	0.236486486487
-ёли	0.490595611285	0.462382445141	0.0470219435737	0.0
-ёла	0.0751207297442	0.897335002683	0.0168127347523	0.0107315328206
-яфа	0.00583941605839	0.994160583942	0.0	0.0
-кни	0.246733399817	0.617375805659	0.0948162115493	0.0410745829746
-нди	0.326079719458	0.0803424640439	0.0269461283614	0.566631688137
-нда	0.217298325091	0.236659198483	0.0227179678447	0.523324508582
-ври	0.282520325203	0.329268292683	0.060975609756	0.327235772358
-нду	0.417526551568	0.0715759802688	0.447475713495	0.0634217546686
--ҳа	0.307298335467	0.372599231754	0.0384122919334	0.281690140845
-вни	0.264451882154	0.588859964464	0.0845006404694	0.0621875129127
-ёлу	0.110812625923	0.273337810611	0.615849563465	0.0
-пуд	0.0	1.0	0.0	0.0
-оне	0.463414634146	0.170731707317	0.0	0.365853658537
-онг	0.121393531221	0.658061029351	0.0320113078906	0.188534131537
-она	0.166959635464	0.445001855064	0.17163935614	0.216399153332
-оно	0.0303358613218	0.0725893824486	0.879739978331	0.0173347778982
-они	0.061443197292	0.623334791182	0.0109240749245	0.304297936602
-ифо	0.768423621279	0.048560273304	0.150073206442	0.0329428989751
-ифи	0.700704225352	0.176056338028	0.12323943662	0.0
-ева	0.0413313676487	0.8682075258	0.0249547880143	0.0655063185375
-ифа	0.034325815556	0.884055023011	0.00839075491368	0.0732284065194
-урт	0.0288461538462	0.971153846154	0.0	0.0
-лѓу	0.251184834123	0.559241706161	0.189573459716	0.0
-бки	0.243384704856	0.401861006106	0.146845013085	0.207909275952
-ора	0.456287153376	0.24888817013	0.139405858985	0.155418817509
-оро	0.131022823331	0.732318963088	0.102845872077	0.0338123415046
-ори	0.206754389059	0.476158558813	0.0838113380604	0.233275714067
-ору	0.29286222433	0.459943877954	0.152715200379	0.0944786973361
-орт	0.553990610329	0.342723004695	0.0281690140845	0.075117370892
-нуд	0.942959001783	0.0570409982174	0.0	0.0
-лўд	0.0	1.0	0.0	0.0
-ура	0.581756565942	0.218676456745	0.144968464652	0.0545985126612
-нук	0.357285429142	0.522954091816	0.0	0.119760479042
-ури	0.151386404293	0.647361359571	0.161001788909	0.0402504472271
-дён	0.196721311475	0.754098360656	0.0491803278689	0.0
-евс	0.0	1.0	0.0	0.0
-ону	0.230551359516	0.661820241692	0.0693919939577	0.0382364048338
-уви	0.270487551867	0.608488934993	0.0847164591977	0.0363070539419
-бўй	0.0631238990018	0.746525738892	0.111078488941	0.079271873165
-бўл	0.427409988386	0.112659698026	0.0182926829268	0.441637630662
-ува	0.0	0.784299339692	0.0	0.215700660308
-гоҳ	0.101842495051	0.644589487673	0.0281011641911	0.225466853085
-тлу	0.395061728395	0.469135802469	0.0987654320988	0.037037037037
-поқ	0.0781065088757	0.0674556213018	0.847337278107	0.00710059171598
-йқу	0.0384615384615	0.767307692308	0.0846153846154	0.109615384615
-гча	0.421305841924	0.400687285223	0.0568728522337	0.121134020619
-еҳр	0.15873015873	0.512471655329	0.260770975057	0.0680272108844
-шла	0.551939096376	0.259805814531	0.0169636453908	0.171291443703
-тўр	0.0813001973581	0.859066406047	0.0536700569357	0.00596333965952
-шли	0.271514904992	0.323232029752	0.0656633157069	0.33958974955
-тўп	0.051724137931	0.879310344828	0.0689655172413	0.0
-тўн	0.0744186046511	0.272868217054	0.643410852713	0.00930232558139
-тўй	0.0585651537334	0.930453879942	0.010980966325	0.0
-нўх	0.0	0.985	0.0	0.015
-зоқ	0.125609948056	0.0768141035731	0.245553281914	0.552022666457
