-ɛgɛ	0.36	0.56	0.08	0.0
-ɛpa	0.0959936533122	0.337961126537	0.430384767949	0.135660452202
-eus	0.00715990453461	0.992840095465	0.0	0.0
-ɛrɛ	0.212157601965	0.517745953576	0.108545481313	0.161550963146
-hel	0.5885070824	0.0824221608154	0.0352649732453	0.29380578354
-hem	0.763796283161	0.11590296496	0.0482337920272	0.0720669598525
-hei	0.0316789862724	0.239704329461	0.158394931362	0.570221752904
-gta	0.100481647567	0.242484637103	0.649393788407	0.00763992692243
-hee	0.85259387024	0.109194639777	0.0059705453098	0.0322409446729
-rbi	0.0666666666667	0.925	0.00833333333333	0.0
-lzi	0.119850187266	0.861423220974	0.0112359550562	0.00749063670412
-yei	0.414144552856	0.3530296439	0.211074513703	0.0217512895408
-aus	0.336448598131	0.570093457944	0.0	0.0934579439252
-iɛl	0.0243540028268	0.969557496466	0.00608850070671	0.0
-zin	0.0807132054446	0.583061370692	0.0745044973334	0.26172092653
-ᴐɛl	0.0	1.0	0.0	0.0
-zik	0.00421644413211	0.991567111736	0.0042164441321	0.0
-zii	0.161006735923	0.69307724292	0.050531215488	0.0953848056689
-auh	0.518796992481	0.0902255639098	0.368421052632	0.0225563909774
-aum	0.00481927710844	0.995180722892	0.0	0.0
-ufi	0.559044368601	0.0539249146758	0.0	0.387030716724
-zia	0.363622963305	0.387656127306	0.0882784072763	0.160442502113
-nti	0.126455219946	0.759527778463	0.0870675284873	0.0269494731032
-naŋ	0.299313409953	0.0645368404576	0.0504456319076	0.585704117682
-ŋia	0.324098702787	0.0965748659819	0.470955927487	0.108370503744
-ɛza	0.137256132971	0.693116004583	0.154089432298	0.0155384301477
-pur	0.528814571514	0.300985368767	0.10749477456	0.0627052851598
-pus	0.0149439601495	0.970112079701	0.00747198007471	0.00747198007473
-nta	0.0411663807891	0.938250428816	0.0205831903945	0.0
-uah	0.568717809704	0.202493900786	0.0927080509624	0.136080238547
-ŋii	0.416001419195	0.265566790846	0.156554905091	0.161876884868
-kia	0.0961538461539	0.77036199095	0.0673076923077	0.0661764705882
-rgᴐ	0.0474074074074	0.558518518519	0.106666666667	0.287407407407
-siŋ	0.17381841266	0.779779628482	0.0279620924714	0.0184398663865
-pua	0.0	1.0	0.0	0.0
-óoŋ	0.2	0.371428571429	0.128571428571	0.3
-ɛɛh	0.0971180584815	0.260765147046	0.0396056290554	0.602511165417
-pui	0.446117011189	0.463090271193	0.0374549592262	0.0533377583918
-pam	0.769230769231	0.230769230769	0.0	0.0
-ŋŋi	0.593768304444	0.171539581186	0.0480414953289	0.186650619041
-muu	0.422393369872	0.441372444686	0.0483125895792	0.0879215958623
-ŋŋo	0.123456790123	0.802469135802	0.0	0.0740740740741
-iva	0.285765544975	0.688643510699	0.0170606295508	0.00853031477539
-ŋŋa	0.100945217873	0.566824707904	0.182810626835	0.149419447388
-ŋŋe	0.224364038553	0.409069363248	0.309369568652	0.0571970295465
-fig	0.00883808625971	0.944909262314	0.0215060098987	0.0247466415273
-ŋiŋ	0.490169525461	0.126448852352	0.0127775749843	0.370604047203
-ŋŋu	0.051715893724	0.527224105882	0.386656250198	0.0344037501959
-jús	0.728260869565	0.184782608696	0.0434782608696	0.0434782608696
-bɛɛ	0.266331461554	0.153993537727	0.0192741608154	0.560400839904
-dee	0.127003943088	0.45721835796	0.0361729104557	0.379604788496
-dei	0.837907375643	0.048885077187	0.0874785591767	0.0257289879931
-hɛŋ	0.631014555456	0.353533792763	0.00988905714022	0.00556259464137
-ári	0.195239240202	0.791295984612	0.0134647751863	0.0
-ima	0.160939114167	0.749027324015	0.0781610042162	0.0118725576025
-ime	0.176470588235	0.329411764706	0.458823529412	0.0352941176471
-kim	0.462199492989	0.375015231601	0.0353002215856	0.127485053824
-fᴐŋ	0.358854113569	0.32959526965	0.245896625548	0.0656539912325
-lga	0.045393858478	0.175048212431	0.501409286456	0.278148642635
-ᴐza	0.182663566921	0.636001328462	0.119561607439	0.061773497177
-kkᴐ	0.275521784975	0.157618100888	0.145850270048	0.421009844088
-kil	0.227112676056	0.677816901409	0.0211267605634	0.0739436619718
-ɛin	0.0	1.0	0.0	0.0
-yaŋ	0.352185089974	0.447300771208	0.107969151671	0.0925449871465
-dɛs	0.0357142857143	0.964285714286	0.0	0.0
-lla	0.223825379208	0.625231224565	0.11320754717	0.0377358490566
-obi	0.481481481482	0.407407407407	0.0925925925926	0.0185185185185
-bir	0.423746956749	0.0535834069246	0.0282812206951	0.494388415632
-obo	0.184	0.728	0.072	0.016
-lle	0.253227735841	0.370581198697	0.150283930757	0.225907134706
-rpa	0.0170212765958	0.974468085106	0.00425531914894	0.00425531914894
-lli	0.467190945637	0.314338202781	0.107237779337	0.111233072246
-nnᴐ	0.223802967722	0.278529906685	0.332338993422	0.165328132171
-llo	0.260205768118	0.339543219569	0.226401743658	0.173849268656
-kpu	0.60719199331	0.289837869918	0.0234157921714	0.0795543446006
-ida	0.0263653483993	0.973634651601	0.0	0.0
-bie	0.0233721941688	0.923385250742	0.0236044518771	0.0296381032125
-dɛg	0.238789393308	0.0664846437442	0.506733305567	0.18799265738
-uuɛ	0.576923076923	0.307692307692	0.0	0.115384615385
-bia	0.109563253012	0.879141566265	0.00308050383351	0.00821467688938
-kpa	0.51781784924	0.0395644225825	0.00610353683769	0.436514191339
-bil	0.645909241471	0.170255051341	0.0546538588936	0.129181848294
-bim	0.366515837104	0.565610859729	0.027149321267	0.0407239819005
-bii	0.0881666117194	0.672954803799	0.122305073486	0.116573510996
-uta	0.0	1.0	0.0	0.0
-tte	0.361271742054	0.139704534231	0.135980097079	0.363043626636
-ria	0.0505029958912	0.876512716798	0.0482655213897	0.0247187659214
-ril	0.0	0.664	0.336	0.0
-rim	0.164177402805	0.507467791586	0.246266104207	0.0820887014024
-rik	0.0337121695824	0.618311837569	0.302387945345	0.0455880475035
-rii	0.22825534952	0.526141495108	0.129550164893	0.116052990478
-tea	0.69298245614	0.131578947368	0.122807017544	0.0526315789474
-rit	0.0127427184466	0.972694174757	0.0	0.0145631067961
-riu	0.0	1.0	0.0	0.0
-ris	0.0260869565217	0.873913043478	0.0391304347826	0.0608695652174
-utu	0.323997151673	0.676002848327	0.0	0.0
-kᴐb	0.0	1.0	0.0	0.0
-gri	0.44449605202	0.323827217836	0.17166744078	0.0600092893637
-par	0.426418446251	0.279561252847	0.0799430926072	0.214077208294
-are	0.315193396679	0.432703074511	0.138528969511	0.113574559299
-ara	0.122449427618	0.547782319225	0.289580439491	0.0401878136659
-'ᴐr	0.580968280468	0.181969949917	0.100166944908	0.136894824708
-iwɛ	0.791064388962	0.119250985545	0.0827858081472	0.00689881734559
-sig	0.0316116285634	0.794524414338	0.158058142817	0.0158058142817
-lus	0.108487084871	0.856088560886	0.0177121771218	0.0177121771218
-ari	0.352216725305	0.478025589631	0.0782797094229	0.091477975641
-nzi	0.169672611224	0.714136408458	0.0627896061244	0.0534013741933
-jia	0.0346820809249	0.936416184971	0.0231213872832	0.0057803468208
-mee	0.127981039846	0.744037920308	0.0995408087691	0.0284402310769
-haa	0.373133147128	0.0915778760148	0.0303721641938	0.504916812663
-lul	0.49760872919	0.412560833649	0.0274189702809	0.0624114668798
-lun	0.0	0.971995332555	0.0280046674445	0.0
-puŋ	0.630486560055	0.259612112964	0.0204151071793	0.0894862198027
-jis	0.0174418604651	0.947674418605	0.0348837209302	0.0
-jip	0.00138456213222	0.943002192223	0.0549209645783	0.000692281066113
-rtᴐ	0.145732130465	0.387925052047	0.466342817488	0.0
-kɛɛ	0.470008837333	0.363197226965	0.128699024461	0.0380949112406
-aya	0.0263589135665	0.952873457563	0.00359439730452	0.017173231566
-wɛɛ	0.556185385663	0.209005162361	0.052016139556	0.182793312419
-míŋ	0.0380923588542	0.847630564583	0.114277076563	0.0
-pau	0.337155511085	0.0455495928569	0.0173024071806	0.599992488877
-vug	0.0972644376899	0.806990881459	0.0273556231003	0.0683890577507
-ziŋ	0.375542299349	0.270381417209	0.0312575319354	0.322818751507
-chᴐ	0.862162830982	0.087973273942	0.00556792873051	0.044295966345
-rme	0.127183817669	0.734236660132	0.128777923785	0.00980159841452
-ɛɛa	0.473876825431	0.292450795807	0.0721272035927	0.16154517517
-gɛɛ	0.214338419963	0.0457010818773	0.0121431337918	0.727817364368
-ubi	0.496911196911	0.300643500644	0.0920205920206	0.110424710425
-ŋni	0.126315789474	0.873684210526	0.0	0.0
-gzi	0.395730926256	0.357926191223	0.155705778754	0.0906371037667
-ᴐta	0.0243902439024	0.967479674797	0.0	0.00813008130081
-uba	0.156626506024	0.638554216867	0.204819277108	0.0
-arɛ	0.262308093522	0.212473629828	0.0585052311695	0.466713045481
-ᴐti	0.170419120194	0.771388985106	0.0166262556287	0.0415656390717
-mɛk	0.0	1.0	0.0	0.0
-ŋuu	0.606444556338	0.17037443095	0.0488739371362	0.174307075576
-kel	0.335524643518	0.583136048963	0.0656971329964	0.0156421745229
-gᴐᴐ	0.261300992282	0.321940463065	0.208379272326	0.208379272326
-ija	0.0136457615438	0.96733287388	0.0157133011716	0.00330806340455
-oti	0.0500725689405	0.921988388969	0.0021770682148	0.0257619738752
-mɛa	0.511751326763	0.298711144807	0.0636846095527	0.125852918878
-ali	0.298906939273	0.139825858115	0.0907958264175	0.470471376195
-mɛg	0.0880772203548	0.437564035734	0.245357970988	0.229000772923
-iga	0.241696150801	0.5714140818	0.1611307672	0.0257590001987
-ɛbi	0.762693180698	0.120655991796	0.00643866069174	0.110212166814
-ume	0.06	0.46	0.48	0.0
-eeu	0.575176589304	0.233097880928	0.0242179616549	0.167507568113
-uma	0.134748347422	0.671517934203	0.144890911207	0.0488428071685
-mɛs	0.0	1.0	0.0	0.0
-mɛr	0.0530973451327	0.946902654867	0.0	0.0
-nua	0.238611879649	0.527459958841	0.0271035452082	0.206824616302
-umi	0.566678980421	0.285925378648	0.0620613224973	0.0853343184337
-hwᴐ	0.75	0.176470588235	0.0441176470588	0.0294117647059
-ako	0.075	0.775	0.1	0.05
ALL	0.233220914381	0.347322735852	0.0633848213127	0.356071528455
-nai	0.502360318467	0.40945066817	0.0218417529768	0.0663472603866
-nan	0.0467807460298	0.834113012434	0.105256678567	0.0138495629694
-ɛjɛ	0.0665725783251	0.900022675967	0.00923961051488	0.0241651351928
-nam	0.417276720351	0.560761346999	0.0	0.0219619326501
-sis	0.0391765795284	0.943145393676	0.00174837627648	0.015929650519
-oŋa	0.338986037088	0.263004889222	0.358719112012	0.0392899616791
-kii	0.219137062747	0.428897660421	0.276499856328	0.0754654205043
-naa	0.13281412484	0.273031755019	0.162572679146	0.431581440995
-siu	0.29157154459	0.420043136358	0.233975617854	0.0544097011983
-zum	0.796827758011	0.0852697367342	0.0170760466153	0.10082645864
-kis	0.00943396226415	0.971698113208	0.0188679245283	0.0
-kir	0.791044776119	0.149253731343	0.0298507462687	0.0298507462687
-sii	0.294522080206	0.438888626767	0.185400037983	0.0811892550439
-dᴐm	0.0189416061083	0.953660713628	0.00811783118927	0.0192798490745
-zuu	0.506495601395	0.0798582149647	0.0178100701863	0.395836113454
-nas	0.0495526496903	0.933929800413	0.0165175498968	0.0
-sia	0.088940092166	0.880368663594	0.0150230414747	0.015668202765
-ból	0.46	0.08	0.06	0.4
-igi	0.240236905423	0.227651304831	0.450305385897	0.0818064038497
-nau	0.716131767647	0.0769729991925	0.011123106487	0.195772126674
-uaa	0.415349887133	0.419864559819	0.0338600451467	0.130925507901
-mos	0.0	1.0	0.0	0.0
-goo	0.375	0.1125	0.4375	0.075
-puu	0.585933297472	0.209117805272	0.0127756858526	0.192173211404
-bᴐr	0.102309731793	0.320617611549	0.0474746169436	0.529598039715
-bᴐu	0.251968503937	0.0236220472441	0.692913385827	0.0314960629921
-awɛ	0.452655889146	0.29792147806	0.15935334873	0.0900692840647
-lɛɛ	0.33463211357	0.116070140775	0.0411148988015	0.508182846853
-lki	0.0	1.0	0.0	0.0
-wᴐᴐ	0.385375203643	0.165938081489	0.137743968779	0.310942746089
-yᴐl	0.548951048951	0.34965034965	0.027972027972	0.0734265734265
-bᴐa	0.513795077275	0.0630795649685	0.355123068117	0.0680022896393
-abɛ	0.0	1.0	0.0	0.0
-wuu	0.480773475563	0.122155602109	0.0167152271104	0.380355695217
-yau	0.77798972854	0.191049156273	0.00410858400587	0.0268525311812
-yat	0.0	1.0	0.0	0.0
-u's	0.410404624277	0.381502890173	0.0	0.208092485549
-yas	0.0331002331003	0.928205128205	0.016317016317	0.0223776223776
-hɛl	0.247288503254	0.661605206074	0.0130151843818	0.0780911062907
-hɛm	0.0	0.995412844037	0.0	0.0045871559633
-hkɛ	0.29	0.32	0.14	0.25
-fᴐs	0.0185185185185	0.981481481482	0.0	0.0
-sᴐᴐ	0.219570405728	0.651551312649	0.128878281623	0.0
-uai	0.405405405405	0.540540540541	0.0540540540541	0.0
-yag	0.667151162791	0.293604651163	0.00872093023256	0.0305232558139
-hɛr	0.501977278442	0.32795391684	0.108350286877	0.0617185178412
-wàá	0.10485898743	0.0457864015793	0.0229344998898	0.826420111101
-bel	0.0227272727273	0.977272727273	0.0	0.0
-iᴐs	0.0	0.971428571429	0.0285714285714	0.0
-ɛᴐr	0.0	1.0	0.0	0.0
-bea	0.253968253968	0.746031746032	0.0	0.0
-yai	0.140625	0.661458333333	0.0625	0.135416666667
-iᴐt	0.00698080279232	0.986038394415	0.0	0.00698080279232
-bee	0.170526348564	0.689900947228	0.0995818324287	0.03999087178
-sil	0.0	0.924050632912	0.0759493670885	0.0
-pol	0.10165184244	0.45540025413	0.3791613723	0.0637865311309
-isi	0.0406546990497	0.94878563886	0.00791974656811	0.0026399155227
-iᴐk	0.0605421686747	0.919578313253	0.00542168674698	0.0144578313253
-ᴐwɛ	0.539920196007	0.167067213128	0.0677485630587	0.225264027806
-rea	0.394736842105	0.578947368421	0.0	0.0263157894737
-isa	0.0	1.0	0.0	0.0
-ree	0.245109136441	0.637420244296	0.0481770831467	0.0692935361159
-ssɛ	0.0130813953488	0.986918604651	0.0	0.0
-luŋ	0.171358294616	0.540858157967	0.277944793659	0.00983875375787
-keŋ	0.160110199765	0.145383549021	0.047082803079	0.647423448135
-upo	0.313725490196	0.647058823529	0.0	0.0392156862745
-rɛi	0.715180722892	0.175421686747	0.00963855421686	0.0997590361446
-hab	0.0230414746544	0.963133640553	0.0138248847926	0.0
-rɛl	0.0358194035653	0.924291347016	0.0119001340748	0.027989115344
-ɛᴐn	0.0106007067138	0.989399293286	0.0	0.0
-hag	0.688878676471	0.246323529412	0.0413602941176	0.0234375
-hah	0.854702352162	0.109600055564	0.0252942939542	0.0104032983199
-rɛa	0.165856155618	0.778858459176	0.00998208343997	0.0453033017661
-mas	0.00242326332795	0.996365105008	0.00121163166397	0.0
-mar	0.0	1.0	0.0	0.0
-hal	0.035601461418	0.937367799357	0.0171414443865	0.00988929483834
-ham	0.0172864491104	0.941310397167	0.0387047811789	0.00269837254406
-han	0.717171717172	0.0	0.161616161616	0.121212121212
-hao	0.409836065574	0.131147540984	0.344262295082	0.114754098361
-mai	0.468391745824	0.440406976744	0.0506673763511	0.0405339010809
-har	0.295754026354	0.235949994369	0.236062619664	0.232233359613
-mam	0.0569909886044	0.888128800147	0.0485478791815	0.00633233206716
-mal	0.234375	0.765625	0.0	0.0
-man	0.027149321267	0.592760180995	0.380090497738	0.0
-maa	0.096557861812	0.198393289616	0.0666742228797	0.638374625693
-haz	0.0	1.0	0.0	0.0
-teŋ	0.471733052947	0.066971041428	0.0372715227631	0.424024382862
-rɛt	0.0168399168399	0.973180873181	0.0024948024948	0.00748440748441
-mag	0.128	0.456	0.352	0.064
-ahŋ	0.993339676499	0.00666032350143	0.0	0.0
-uno	0.1	0.856451612903	0.0435483870967	0.0
-uni	0.173401695826	0.713286304922	0.0428394571488	0.0704725421037
-hzi	0.315388483418	0.270232250115	0.223259329844	0.191119936623
-una	0.168260016984	0.5165716723	0.150553810242	0.164614500474
-boŋ	0.0724255793293	0.278002800657	0.0189721891798	0.630599430834
-kɛŋ	0.289655172414	0.586206896552	0.0827586206897	0.0413793103448
-iia	0.407602102709	0.310958350182	0.238576627578	0.0428629195309
-pta	0.0	1.0	0.0	0.0
-unu	0.0121089808274	0.184661957618	0.00908173562058	0.794147325934
-ìŋ́	0.19081992805	0.592237213823	0.0219861142007	0.194956743927
-doŋ	0.360893641398	0.264619736361	0.354776800018	0.0197098222232
-iri	0.205164225062	0.677882255338	0.0875199168248	0.0294336027757
-nla	0.106468405083	0.168377678241	0.0232518483402	0.701902068335
-zɛɛ	0.437069416008	0.294239202001	0.0828307173886	0.185860664603
-hin	0.438214362735	0.219969808066	0.058227302135	0.283588527065
-gaa	0.17689058079	0.55174166636	0.20014671606	0.0712210367903
-ado	0.110429447853	0.834355828221	0.0	0.0552147239264
-gal	0.0547112462006	0.899696048632	0.0364741641338	0.00911854103343
-gai	0.0	1.0	0.0	0.0
-laŋ	0.189312744241	0.602783319867	0.142608043267	0.0652958926245
-osi	0.365853658537	0.585365853659	0.0	0.0487804878049
-aau	0.774385703648	0.137379002234	0.0502606105734	0.0379746835443
-uŋa	0.0238403252633	0.863241545001	0.00609868785807	0.106819441878
-gat	0.0	1.0	0.0	0.0
-ɛgi	0.576923076923	0.269230769231	0.0384615384615	0.115384615385
-gar	0.0764872521246	0.906515580737	0.0169971671388	0.0
-aaŋ	0.0742507996158	0.695009632139	0.0755009879481	0.155238580297
-ire	0.172476006958	0.471090050018	0.240021238275	0.116412704748
-yaa	0.0309726223263	0.0320991729442	0.00956246917144	0.927365735558
-ᴐpa	0.0529661016949	0.947033898305	0.0	0.0
-ɛga	0.116071428571	0.848214285714	0.0357142857143	0.0
-gɛŋ	0.0	0.172413793103	0.586206896552	0.241379310345
-ini	0.060076876938	0.120358236772	0.0109040205066	0.808660865784
-hᴐᴐ	0.611786523623	0.185031459028	0.0642188644625	0.138963152886
-lbi	0.0833333333333	0.916666666667	0.0	0.0
-loŋ	0.0967741935484	0.838709677419	0.0322580645161	0.0322580645161
-gra	0.143335911317	0.807682392369	0.0293890177881	0.0195926785254
-rᴐn	0.0238095238095	0.948051948052	0.0238095238095	0.004329004329
-ina	0.0865813665323	0.324492718483	0.043891467076	0.545034447908
-see	0.138319312565	0.279315773114	0.0929481716182	0.489416742703
-ɛna	0.184190963905	0.72502330411	0.0736763855621	0.0171093464229
-rᴐd	0.0189732142857	0.936941964286	0.0368303571429	0.00725446428572
-uih	0.386489952971	0.431380932022	0.125694741342	0.056434373664
-ŋŋɛ	0.418811591375	0.305532247049	0.216099131623	0.0595570299541
-peg	0.322381405217	0.277380616736	0.339023143126	0.0612148349207
-iki	0.0689655172414	0.931034482759	0.0	0.0
-ɛ́l	0.464527027027	0.334459459459	0.0996621621622	0.101351351351
-ɛns	0.0485362095533	0.951463790447	0.0	0.0
-ins	0.0625	0.9375	0.0	0.0
-int	0.0189125295509	0.966903073286	0.00472813238771	0.00945626477545
-fᴐg	0.15652173913	0.829565217391	0.0139130434783	0.0
-ɛnt	0.0666666666667	0.933333333333	0.0	0.0
-ooa	0.478260869565	0.45652173913	0.0217391304348	0.0434782608696
-fug	0.60685483871	0.371471774194	0.0136088709678	0.00806451612904
-kuu	0.0516442833487	0.0844895433546	0.00874507178047	0.855121101516
-oob	0.031746031746	0.873015873016	0.0634920634921	0.031746031746
-iaa	0.32626307431	0.314085665891	0.0708098430509	0.288841416749
-kur	0.275966183575	0.381642512077	0.286231884058	0.0561594202899
-aal	0.0587717933347	0.744482564539	0.0426590633493	0.154086578777
-ooi	0.13698630137	0.808219178082	0.0547945205479	0.0
-new	0.264705882353	0.28431372549	0.176470588235	0.274509803922
-ful	0.293706293706	0.559440559441	0.146853146853	0.0
-edi	0.431818181818	0.136363636364	0.340909090909	0.0909090909091
-iai	0.146049828278	0.0556552184357	0.0302031958194	0.768091757467
-ooo	0.465648854962	0.488549618321	0.0458015267176	0.0
-wil	0.413978494624	0.424731182796	0.0	0.161290322581
-ᴐgᴐ	0.676465150675	0.196154557219	0.00554631170272	0.121833980403
-fuu	0.509306811634	0.372447829246	0.102713129744	0.015532229376
-fur	0.290943396226	0.557358490566	0.0849056603773	0.0667924528302
-fus	0.0	1.0	0.0	0.0
-ias	0.0863328463275	0.875813521052	0.0322752025501	0.0055784300704
-nei	0.346278033383	0.240743987632	0.205154990581	0.207822988405
-ɛŋa	0.0	1.0	0.0	0.0
-aai	0.311510805424	0.414250263785	0.133016139748	0.141222791043
-kum	0.709677419355	0.250474383302	0.0298861480076	0.00996204933586
-nee	0.174016308243	0.742405928731	0.0272421189608	0.0563356440645
-lᴐŋ	0.119942713928	0.578947368421	0.0290010741139	0.272108843537
-ban	0.358049074576	0.119317537831	0.0290589015494	0.493574486043
-bal	0.272541680844	0.643756379721	0.0	0.0837019394352
-bam	0.330575663564	0.388831437435	0.0310237849018	0.249569114099
-uui	0.394033992369	0.277835587929	0.204301075269	0.123829344433
-uuh	0.387359100344	0.430082240732	0.13506660711	0.0474920518143
-uuk	0.0129032258064	0.941935483871	0.0	0.0451612903226
-bai	0.513089005236	0.424083769634	0.0	0.0628272251309
-dɛɛ	0.589107243122	0.341605839416	0.0300954519933	0.0391914654688
-iᴐn	0.015795015795	0.949104949105	0.0351000351	0.0
-uua	0.401673640167	0.338912133891	0.205020920502	0.0543933054393
-hoo	0.386321510522	0.126209108257	0.107127357593	0.380342023628
-hol	0.564463103671	0.166065352323	0.0671944490017	0.202277095004
-baa	0.084670684184	0.0909361956078	0.00526812468014	0.819124995528
-hor	0.258230054897	0.343287887835	0.154262152642	0.244219904626
-rei	0.255882352941	0.372058823529	0.275	0.0970588235294
-eku	0.204819277108	0.771084337349	0.0	0.0240963855421
-uuu	0.497369942993	0.434193495084	0.0	0.0684365619234
-bau	0.664843928002	0.246069719754	0.0246069719754	0.0644793802689
-bar	0.429007116232	0.123009149441	0.02439850898	0.423585225347
-bas	0.0450135521949	0.932568330927	0.0079793297363	0.0144387871419
-nya	0.0484273721997	0.875530930155	0.0343638365214	0.0416778611239
-mbu	0.616666666667	0.166666666667	0.0	0.216666666667
-asa	0.114565014999	0.624288817627	0.150512051309	0.110634116065
-ɛnɛ	0.439244747103	0.208983089499	0.0671618131558	0.284610350243
-bɛr	0.0	1.0	0.0	0.0
-bɛt	0.03	0.954	0.0	0.016
-asi	0.157039711191	0.602888086643	0.212996389892	0.0270758122744
-gze	0.220323894957	0.669514157565	0.0734412983189	0.0367206491595
-dre	0.820512820513	0.153846153846	0.0	0.025641025641
-mba	0.155251141553	0.794520547945	0.0228310502283	0.027397260274
-bɛl	0.0392097020334	0.0878954707928	0.0345411121559	0.838353715018
-bɛn	0.0	1.0	0.0	0.0
-fɛɛ	0.0	1.0	0.0	0.0
-bɛa	0.0	0.810526315789	0.189473684211	0.0
-bɛd	0.286472148541	0.713527851459	0.0	0.0
-nfᴐ	0.155555555556	0.844444444444	0.0	0.0
-ogo	0.779831932773	0.0941176470588	0.0268907563025	0.0991596638655
-iᴐl	0.338461538462	0.476923076923	0.184615384615	0.0
-ras	0.156939676312	0.81363413438	0.0147130946542	0.0147130946542
-meɛ	0.545961002786	0.200557103064	0.136490250696	0.116991643454
-ran	0.139784946237	0.860215053763	0.0	0.0
-eri	0.0	1.0	0.0	0.0
-ram	0.0	1.0	0.0	0.0
-rak	0.0	1.0	0.0	0.0
-iwe	0.444444444444	0.5	0.0185185185185	0.037037037037
-rai	0.437543133195	0.391304347826	0.0455486542443	0.125603864734
-era	0.202917275849	0.766039917038	0.00397810343069	0.0270647036823
-ɛuh	0.187845303867	0.580110497238	0.0	0.232044198895
-iwo	0.693617021277	0.263829787234	0.0	0.0425531914893
-ere	0.207244481385	0.624382206455	0.0694554233365	0.0989178888234
-raa	0.269541661584	0.520681917271	0.143496385017	0.0662800361278
-oza	0.103825136612	0.896174863388	0.0	0.0
-grɛ	0.122807017544	0.105263157895	0.701754385965	0.0701754385965
-dᴐn	0.00315789473686	0.985789473684	0.0	0.0110526315789
-ozi	0.476484115208	0.425246776048	0.0682122870379	0.0300568217058
-ᴐᴐŋ	0.0758540587838	0.29906926198	0.524766225638	0.100310453599
-uge	0.357041251778	0.617354196302	0.0	0.0256045519203
-llᴐ	0.674044963301	0.174247240363	0.0568543027221	0.0948534936138
-poo	0.0229681978799	0.93816254417	0.0388692579505	0.0
-uga	0.0458096590909	0.888139204545	0.0639204545455	0.00213068181818
-ᴐra	0.288911283812	0.396697244918	0.132399901977	0.181991569293
-aza	0.105263157895	0.824561403509	0.0	0.0701754385965
-ugi	0.596201486375	0.40132122213	0.0	0.00247729149463
-gɛu	0.359036144578	0.460240963856	0.159036144578	0.0216867469879
-laa	0.169455466789	0.669605103542	0.0931772461435	0.0677621835254
-ika	0.0201484267437	0.95365861849	0.00846233923235	0.0177306155344
-zɛi	0.358279316441	0.428403064231	0.0477312905127	0.165586328816
-iko	0.0	1.0	0.0	0.0
-lam	0.179211469534	0.820788530466	0.0	0.0
-lan	0.371681415929	0.628318584071	0.0	0.0
-lai	0.188550511716	0.190368286063	0.0229089369755	0.598172265246
-ɔ'ᴐ	0.336448598131	0.308411214953	0.332710280374	0.022429906542
-lak	0.233362143474	0.766637856526	0.0	0.0
-aam	0.450991831972	0.459743290549	0.036756126021	0.0525087514586
-lau	0.50710669916	0.188960292437	0.0717754815437	0.23215752686
-aan	0.313092979127	0.352941176471	0.106261859583	0.22770398482
-lap	0.202898550725	0.797101449275	0.0	0.0
-aah	0.377330559946	0.357543469649	0.138924489327	0.126201481078
-aak	0.0224550898204	0.973053892216	0.00449101796407	0.0
-las	0.0180806675939	0.972183588317	0.00278164116829	0.00695410292072
-uŋŋ	0.155320648821	0.175885865605	0.106396272541	0.562397213033
-gɛi	0.315870570108	0.379044684129	0.0647149460709	0.240369799692
-ewe	0.394564198688	0.301780693533	0.143392689784	0.160262417994
-mᴐn	0.00459773823544	0.992982399535	0.0	0.00241986222917
-gei	0.590027700831	0.229916897507	0.0498614958448	0.130193905817
-bol	0.109907671857	0.826283332992	0.00882830063578	0.0549806945151
-boo	0.205370113622	0.635862990847	0.130331033645	0.0284358618861
-mɛŋ	0.811700182815	0.073126142596	0.0	0.115173674589
-gee	0.436998584238	0.301557338367	0.190655969797	0.0707881075979
-mᴐa	0.349378881988	0.375776397516	0.0326086956522	0.242236024845
-gᴐn	0.0	1.0	0.0	0.0
-yáa	0.148527580794	0.416986953933	0.048043089915	0.386442375359
-ile	0.520738192437	0.190001256814	0.229055603584	0.0602049471655
-kɛa	0.518181818182	0.427272727273	0.0181818181818	0.0363636363636
-kɛm	0.0	1.0	0.0	0.0
-mᴐu	0.945454545455	0.0	0.0	0.0545454545454
-ɛwᴐ	0.396915344063	0.211247458476	0.160807975738	0.231029221723
-geu	0.238095238095	0.253968253968	0.0	0.507936507937
-gla	0.159931905743	0.637465280889	0.124988800287	0.0776140130812
-lᴐu	0.713362068966	0.193965517241	0.0484913793103	0.0441810344828
-lᴐt	0.0418472447202	0.902848497815	0.0336960176044	0.0216082398606
-lᴐs	0.0227125243348	0.965606748864	0.00389357560026	0.00778715120053
-gle	0.358974358974	0.615384615385	0.025641025641	0.0
-sau	0.0474561778538	0.806755023514	0.137238135956	0.00855066267637
-jus	0.0221022552889	0.808111057578	0.142514916144	0.0272717709899
-gli	0.581616412907	0.181712772842	0.0782002025725	0.158470611678
-ooŋ	0.140239498194	0.787949059114	0.0478996388519	0.0239118038396
-fuŋ	0.709439528024	0.237463126844	0.0530973451327	0.0
-mpa	0.267657992565	0.423791821561	0.278810408922	0.0297397769517
-lfa	0.0380549682875	0.130265083753	0.0211416490486	0.81053829891
-oli	0.0384615384615	0.961538461538	0.0	0.0
-saa	0.527515185805	0.358620743849	0.0379546901153	0.0759093802307
-sag	0.448809113909	0.119088609111	0.0312878935313	0.400814383449
-esu	0.00606769289796	0.721021734706	0.00404312775775	0.268867444639
-sad	0.0	1.0	0.0	0.0
-lᴐn	0.0288461538461	0.942307692308	0.0240384615385	0.0048076923077
-sai	0.663212435233	0.278497409326	0.0427461139896	0.0155440414508
-kuŋ	0.267917010977	0.583501532172	0.0586963222522	0.0898851345989
-sam	0.704735376045	0.286908077994	0.008356545961	0.0
-sal	0.0392888714272	0.937137805717	0.0117866614281	0.0117866614281
-ᴐzi	0.250849271553	0.553495674348	0.0601060352391	0.13554901886
-vᴐᴐ	0.360289736333	0.248677938329	0.0377997914494	0.35323253389
-kko	0.0728750816003	0.0953662156278	0.0719589377172	0.759799765055
-loi	0.111111111111	0.833333333333	0.0277777777778	0.0277777777778
-tis	0.0907715582451	0.880484114977	0.0226928895613	0.00605143721634
-mmᴐ	0.885666459235	0.027819987747	0.0428853287795	0.0436282242387
-mᴐs	0.00970873786408	0.970873786408	0.0194174757281	0.0
-mɛɛ	0.0850850312726	0.881331275802	0.0156449057378	0.0179387871872
-hwɛ	0.574528914979	0.240016315423	0.164360388222	0.0210943813761
-ɛ'i	0.465772759351	0.534227240649	0.0	0.0
-uwᴐ	0.627222916466	0.164375660867	0.0970873786409	0.111314044026
-roo	0.166419402696	0.375604721667	0.118041669354	0.339934206283
-lor	0.030303030303	0.909090909091	0.030303030303	0.030303030303
-rɛd	0.0	1.0	0.0	0.0
-ᴐah	0.547945205479	0.438356164384	0.013698630137	0.0
-naá	0.614173228346	0.14848143982	0.0371203599551	0.200224971879
-ᴐam	0.0	0.957446808511	0.0	0.0425531914894
-gna	0.245213536464	0.687009769129	0.0163536259961	0.0514230684101
-ŋᴐᴐ	0.416806722689	0.159663865546	0.368067226891	0.0554621848739
-mau	0.858899676375	0.11003236246	0.0155339805825	0.0155339805825
-ipa	0.350364963504	0.430656934307	0.21897810219	0.0
-riŋ	0.555876249948	0.226300819585	0.105882677353	0.111940253114
-yeŋ	0.284981278602	0.522257661905	0.062404659548	0.130356399944
-bɛŋ	0.0614715197778	0.0699641312059	0.0817388871682	0.786825461848
-rda	0.135128132045	0.794910994222	0.0355504884306	0.0344103853031
-úna	0.549295774648	0.323943661972	0.0	0.12676056338
-nyɛ	0.236286919831	0.603375527426	0.160337552743	0.0
-ᴐlᴐ	0.200812617532	0.231673463354	0.523859002259	0.0436549168549
-mnɛ	0.31775210084	0.640756302521	0.00630252100841	0.0351890756302
-rdi	0.465587003063	0.512645585569	0.00583878799054	0.0159286233777
-uza	0.150747850665	0.768460723119	0.0624190319161	0.0183723942998
-lɛk	0.0913284132841	0.84778597786	0.0608856088561	0.0
-awi	0.432458697765	0.351797862002	0.0	0.215743440233
-lɛi	0.0596975702915	0.0335850237514	0.011193670561	0.895523735396
-ᴐna	0.18447362297	0.652672609777	0.129949608865	0.0329041583875
-baŋ	0.234164413104	0.0669826606457	0.0249570019906	0.67389592426
-lɛl	0.187880364109	0.799011703511	0.0	0.0131079323797
-lɛm	0.00228160016225	0.995284692998	0.000912640064899	0.00152106677483
-awa	0.15332197615	0.733777295958	0.0933870218368	0.0195137060555
-lɛa	0.515401953419	0.39203606311	0.0	0.092561983471
-ᴐni	0.379992217159	0.36234974837	0.180101177254	0.0775568572164
-rɛz	0.0	1.0	0.0	0.0
-too	0.184738880178	0.352355086647	0.0509419238243	0.41196410935
-ɛri	0.082402816236	0.638180578406	0.0361927885787	0.24322381678
-ddi	0.0	1.0	0.0	0.0
-hau	0.434912718205	0.340648379052	0.22144638404	0.00299251870324
-duɛ	0.210519898804	0.22370787316	0.0149355333611	0.550836694675
-ŋoo	0.367713004484	0.188340807175	0.255605381166	0.188340807175
-ᴐᴐu	0.421259183039	0.385771375242	0.121467371796	0.0715020699227
-poŋ	0.0743034055728	0.222910216718	0.702786377709	0.0
-ᴐᴐi	0.228775562669	0.551626117863	0.118789112258	0.10080920721
-ttᴐ	0.319888734353	0.500695410292	0.129346314326	0.0500695410292
-ᴐᴐm	0.380952380952	0.285714285714	0.0238095238095	0.309523809524
-ᴐᴐl	0.0195520951798	0.951396786516	0.00404601522177	0.0250051030823
-ᴐᴐa	0.404958677686	0.427209154482	0.0629370629371	0.104895104895
-toi	0.325	0.15	0.525	0.0
-ssi	0.198584703351	0.658965862377	0.0950534802584	0.0473959540138
-ŋɛi	0.563049467999	0.276496020395	0.0816859331812	0.0787685784247
-sso	0.199534834047	0.152614778512	0.315292330695	0.332558056745
-ssa	0.408284023669	0.476331360947	0.10650887574	0.00887573964496
-mia	0.161377996637	0.796964776465	0.0169779454163	0.0246792814814
-sse	0.167136488135	0.159339451009	0.576360982826	0.0971630780304
-tii	0.27172757457	0.504911341428	0.152630498113	0.0707305858899
-pᴐl	0.141192967112	0.80827481308	0.0431010110131	0.00743120879534
-pᴐg	0.0	0.944444444444	0.0555555555556	0.0
-ɛdi	0.00356506238859	0.996434937611	0.0	0.0
-dᴐᴐ	0.622658031854	0.0412012725489	0.0425346571826	0.293606038415
-lei	0.456604457329	0.378510599746	0.0761007428882	0.0887842000362
-ois	0.0716417910448	0.708955223881	0.219402985075	0.0
-lem	0.0485436893204	0.826736370426	0.120238984317	0.00448095593727
-mum	0.0	1.0	0.0	0.0
-lea	0.191616766467	0.269461077844	0.215568862275	0.323353293413
-olo	0.352337280131	0.476832523441	0.138799534597	0.0320306618301
-lee	0.204891446122	0.169979967614	0.17453278273	0.450595803535
-águ	0.0425531914894	0.893617021277	0.063829787234	0.0
-leg	0.267533743557	0.102975095131	0.618999641956	0.0104915193552
-hri	0.262611125219	0.605553689982	0.0782211232425	0.0536140615558
-mus	0.0255839822025	0.880978865406	0.0100111234705	0.0834260289211
-rya	0.443906152675	0.103536576926	0.429026230189	0.0235310402104
-hra	0.129931305201	0.750932286555	0.0944062806673	0.0247301275761
-leu	0.589402669541	0.229050945117	0.0779825070469	0.103563878295
-iou	0.180327868852	0.540983606557	0.0	0.27868852459
-mᴐŋ	0.45618729097	0.48762541806	0.0321070234113	0.0240802675585
-eel	0.0	1.0	0.0	0.0
-een	0.0192926045016	0.980707395498	0.0	0.0
-eei	0.221961244862	0.693482090429	0.0493247210804	0.0352319436289
-mmɛ	0.704023705803	0.179503696909	0.0554861479742	0.0609864493139
-eza	0.0550425539735	0.886351869586	0.0117948329943	0.0468107434462
-vol	0.62490258179	0.220140282223	0.0315386273567	0.123418508631
-giu	0.204081632653	0.755102040816	0.0	0.0408163265306
-alu	0.293865905849	0.252496433666	0.427960057061	0.0256776034237
-eea	0.524058018655	0.372395940338	0.0293380449521	0.0742079960554
-mmu	0.0489614243323	0.937685459941	0.0	0.013353115727
-gil	0.638745707659	0.0516712212346	0.0113632860195	0.298219785087
-lᴐi	0.276955602537	0.697674418605	0.0190274841438	0.00634249471458
-gii	0.178820759141	0.605363234536	0.171625505895	0.0441905004275
-liŋ	0.44550944459	0.172661243482	0.0434083321885	0.33842097974
-nda	0.0	1.0	0.0	0.0
-ald	0.0192307692308	0.692307692308	0.288461538462	0.0
-ale	0.0253235790658	0.90377039955	0.060776589758	0.0101294316263
-nde	0.256102096882	0.365991150403	0.0349797985984	0.342926954117
-gᴐi	0.236842105263	0.368421052632	0.157894736842	0.236842105263
-gia	0.216196673897	0.537960954447	0.105567606652	0.140274765004
-ala	0.0525995310362	0.828101451295	0.0762945699036	0.0430044477654
-ᴐŋa	0.0415168394087	0.147169146161	0.16717431667	0.64413969776
-paŋ	0.233990693376	0.3740164674	0.0529282947754	0.339064544449
-mfa	0.0188679245283	0.981132075472	0.0	0.0
-zᴐᴐ	0.54333032713	0.258260227925	0.0983848487333	0.100024596212
-kpo	0.650955414013	0.303184713376	0.0382165605095	0.00764331210191
-duu	0.509046189087	0.35501291336	0.0255649000759	0.110375997477
-yoo	0.48370966079	0.239076193422	0.0159294772657	0.261284668523
-yom	0.113826208986	0.79105873967	0.0506760519457	0.0444389993985
-dɛk	0.0664119894211	0.917719659124	0.014105201293	0.00176315016162
-duŋ	0.334918478261	0.264266304348	0.101222826087	0.299592391304
-waŋ	0.285428135463	0.0731370001132	0.0186825688667	0.622752295557
-chi	0.634827667788	0.0837569749393	0.0233700136758	0.258045343597
-dɛi	0.378787878788	0.454545454545	0.0909090909091	0.0757575757576
-pɛɛ	0.273459109111	0.279348828249	0.276734233304	0.170457829336
-pen	0.0262390670554	0.973760932945	0.0	0.0
-azu	0.0229957473618	0.124429043944	0.0474877933533	0.805087415341
-che	0.0524580335731	0.887589928058	0.0149880095924	0.044964028777
-peu	0.142529462944	0.829470853437	0.0166099818081	0.0113897018113
-eli	0.179435046092	0.156917541094	0.167168152324	0.49647926049
-ɛwɛ	0.544728960376	0.227762945499	0.0450000969966	0.182507997128
-rko	0.214953271028	0.766355140187	0.0	0.018691588785
-oga	0.112994350282	0.864406779661	0.0225988700565	0.0
-zeŋ	0.126820875798	0.6743494324	0.161188629735	0.0376410620661
-ela	0.0972411233453	0.770134850922	0.107385871582	0.0252381541507
-oge	0.901248369667	0.0670765790944	0.00447177193963	0.0272032792994
-ele	0.0263157894737	0.78947368421	0.184210526316	0.0
-nᴐŋ	0.209393596791	0.782358953008	0.00824745020181	0.0
-diŋ	0.716782221725	0.183680431543	0.0202096700196	0.0793276767126
-hgi	0.476549385042	0.389838637843	0.0935283839802	0.0400835931344
-ɛra	0.0773385432711	0.644495746832	0.0231747850855	0.254990924811
-ttɛ	0.39778447724	0.431515409804	0.05751646521	0.113183647746
-ite	0.263803680982	0.736196319018	0.0	0.0
-ᴐma	0.0386229610523	0.705534671709	0.200205312466	0.0556370547726
-ili	0.110844158884	0.843098043407	0.031428619379	0.0146291783299
-ita	0.0	0.990338164251	0.0	0.00966183574881
-faa	0.793146150023	0.0184291252281	0.00883877104674	0.179585953702
-bru	0.0	0.954128440367	0.045871559633	0.0
-fan	0.0	1.0	0.0	0.0
-666	0.209302325581	0.209302325581	0.046511627907	0.53488372093
-far	0.234501347709	0.385444743935	0.194070080862	0.185983827493
-fas	0.0507462686567	0.906467661692	0.0238805970149	0.0189054726368
-ɛɛɛ	0.194029850746	0.562189054726	0.213930348259	0.0298507462686
-uda	0.0378787878788	0.936079545455	0.00473484848485	0.0213068181818
-suŋ	0.0722558648861	0.800987154708	0.102019631981	0.0247373484253
-ŋli	0.222499942497	0.371564169995	0.216864606255	0.189071281253
-fat	0.0237780713342	0.976221928666	0.0	0.0
-ezi	0.367826785639	0.456928997336	0.120607265192	0.0546369518332
-ᴐrɛ	0.457831525131	0.209177855551	0.103910717685	0.229079901632
-ŋla	0.138604474782	0.706674251043	0.141827834661	0.0128934395146
-ŋki	0.0425531914893	0.914893617021	0.0212765957447	0.0212765957447
-hum	0.692396754862	0.21345889899	0.017475912865	0.0766684332831
-kᴐs	0.0799999999999	0.91	0.01	0.0
-lpa	0.0857142857143	0.721428571429	0.0642857142857	0.128571428571
-nɛa	0.291262135922	0.485436893204	0.0582524271844	0.165048543689
-yir	0.801909623864	0.0855481932163	0.0114232578762	0.101118925044
-ᴐsa	0.0	1.0	0.0	0.0
-sᴐi	0.342972089515	0.488559215489	0.0352024138798	0.133266281116
-hug	0.416197975253	0.52266260835	0.0301726990009	0.0309667173956
-nɛi	0.232655703982	0.159667642742	0.0615891479402	0.546087505336
-sᴐn	0.0564895763282	0.927370544721	0.0141223940821	0.00201748486886
-fᴐᴐ	0.453987730061	0.521472392638	0.0245398773006	0.0
-sᴐp	0.0387096774194	0.825806451613	0.135483870968	0.0
-hwe	0.570841889117	0.240246406571	0.160164271047	0.0287474332649
-sᴐs	0.15923566879	0.75796178344	0.0	0.0828025477707
-aba	0.126050420168	0.621848739496	0.100840336134	0.151260504202
-woo	0.43289573614	0.274330042313	0.193436042096	0.099338179451
-nɛs	0.0594059405941	0.90099009901	0.039603960396	0.0
-tᴐᴐ	0.385119047619	0.23630952381	0.271428571429	0.107142857143
-hur	0.243475183207	0.733519287671	0.0	0.0230055291219
-ɛ́r	0.293192748798	0.222160562338	0.0588235294118	0.425823159452
-tua	0.0681818181818	0.727272727273	0.204545454545	0.0
-gba	0.106342407009	0.0316763683939	0.0470082455715	0.814972979026
-koa	0.594747682801	0.152935118435	0.252317198764	0.0
-dis	0.0	1.0	0.0	0.0
-ŋra	0.0417004808885	0.908438353041	0.00266601385656	0.0471951522143
-sou	0.487935656836	0.512064343164	0.0	0.0
-bᴐᴐ	0.188643006263	0.663980514962	0.0457480862909	0.101628392484
-yᴐᴐ	0.58206364513	0.388572806172	0.0248794599807	0.00448408871745
-zaa	0.158073454731	0.767257311731	0.0419417046551	0.0327275288831
-ŋri	0.207710337024	0.559837953609	0.0545441687545	0.177907540613
-wᴐu	0.101123595506	0.898876404494	0.0	0.0
-soo	0.222653250899	0.236473107851	0.376611306421	0.164262334828
-íla	0.404255319149	0.531914893617	0.0212765957447	0.0425531914894
-tuu	0.217063510572	0.0614401513985	0.0137136206898	0.70778271734
-ora	0.0772667288994	0.860963170442	0.0335837440475	0.0281863566113
-nue	0.0237745592333	0.0251578579605	0.0251379748166	0.92592960799
-nᴐᴐ	0.308006009873	0.304003636226	0.285468984761	0.10252136914
-yɛg	0.220768136558	0.44039829303	0.263726884779	0.075106685633
-gúŋ	0.209302325581	0.581395348837	0.116279069767	0.093023255814
-gma	0.1290342261	0.585443231041	0.181196998353	0.104325544506
-nɛr	0.0895630807084	0.49434947906	0.00434378545289	0.411743654778
-eeŋ	0.660606060606	0.19797979798	0.020202020202	0.121212121212
-rus	0.034457874797	0.908894100667	0.0411329604907	0.0155150640447
-yɛm	0.188976377953	0.0629921259842	0.716535433071	0.0314960629921
-lmi	0.465821715613	0.41552558324	0.052734533843	0.0659181673037
-lip	0.00361228175798	0.996387718242	0.0	0.0
-yɛi	0.429436920884	0.277975766215	0.0898075552388	0.202779757662
-lis	0.030010348396	0.897895826147	0.00379441186616	0.0682994135909
-lil	0.68	0.266666666667	0.0533333333333	0.0
-igɛ	0.648468326279	0.254250663606	0.0193701126336	0.0779108974819
-lio	0.0	0.987654320988	0.0	0.0123456790123
-giŋ	0.412711305142	0.418244580943	0.0776689172039	0.0913751967104
-yɛr	0.106573928652	0.4895669733	0.383666143146	0.0201929549024
-rum	0.521739130435	0.217391304348	0.0869565217391	0.173913043478
-ɛka	0.189349112426	0.704142011834	0.0355029585799	0.0710059171597
-ŋŋᴐ	0.386949740175	0.358478062342	0.173109094289	0.0814631031946
-oma	0.0934558742111	0.824382681873	0.0389768574909	0.0431845864246
-adi	0.00436363636365	0.860363636364	0.0283636363637	0.106909090909
-lia	0.380350137596	0.580713156508	0.0278704842204	0.0110662216757
-ome	0.0220588235294	0.955882352941	0.0220588235294	0.0
-gᴐŋ	0.0387096774194	0.187096774193	0.706451612903	0.0677419354838
-sᴐu	0.760810284379	0.177639267628	0.0148032723023	0.0467471756915
-rɛɛ	0.115999892816	0.0708754253865	0.0172164313085	0.795908250489
-usɛ	0.140350877193	0.859649122807	0.0	0.0
-ize	0.444444444444	0.21578099839	0.339774557166	0.0
-ᴐ'ᴐ	0.399421128799	0.327062228654	0.247467438495	0.0260492040521
-haŋ	0.245617281095	0.210108392309	0.0550441741061	0.489230152489
-iza	0.102821178967	0.877419590911	0.0175637601083	0.00219547001354
-rna	0.0	1.0	0.0	0.0
-amᴐ	0.281301619887	0.0822519356396	0.0175380160289	0.618908428444
-izi	0.142305294303	0.53027551249	0.0194247944501	0.307994398757
-rni	0.0	1.0	0.0	0.0
-màá	0.219421234582	0.146050071637	0.0442798304157	0.590248863366
-wɛe	0.4	0.342857142857	0.0	0.257142857143
-uri	0.459920316591	0.421978792479	0.058624396075	0.0594764948552
-hni	0.313188616438	0.544048009752	0.0841577195368	0.0586056542735
-rgi	0.499524779178	0.190801135992	0.0899530474429	0.219721037387
-ᴐda	0.0	1.0	0.0	0.0
-mzi	0.528789659225	0.324324324324	0.0446533490012	0.10223266745
