-đam	0.0344691660827	0.913411002102	0.04108269096	0.0110371408549
--kẻ	0.0	1.0	0.0	0.0
-đao	0.130418394271	0.836411609499	0.0196004523181	0.0135695439125
-đan	0.110375504293	0.805420502741	0.0767559739318	0.00744801903382
--kế	0.165517241379	0.732625994695	0.0954907161803	0.00636604774537
-cai	0.251048474934	0.556712199992	0.0138427751799	0.178396549893
-cao	0.107703753823	0.174281305697	0.574852300482	0.143162639998
-can	0.383783660741	0.375133732444	0.109569552252	0.131513054563
-cam	0.270720428005	0.590452546639	0.0740837712851	0.0647432540709
-bấn	0.538461538462	0.307692307692	0.153846153846	0.0
-700	0.169117647059	0.125	0.0	0.705882352941
-cau	0.724637681159	0.0144927536232	0.231884057971	0.0289855072464
-đau	0.226806966869	0.310656144603	0.380010808115	0.0825260804139
-đai	0.157987757565	0.779937925683	0.0189671523407	0.0431071644108
-cay	0.0878345759803	0.320361529797	0.277584079815	0.314219814408
-i--	0.0	1.0	0.0	0.0
-cợt	0.366364348897	0.438360765872	0.168402194603	0.0268726906282
-ăm!	0.193548387097	0.290322580645	0.0645161290323	0.451612903226
-trô	0.00867052023122	0.973988439306	0.0173410404625	0.0
-ảo!	0.181818181819	0.818181818181	0.0	0.0
-lỗi	0.0359161966612	0.881904730544	0.0668772032058	0.0153018695889
-gã!	0.130434782609	0.782608695652	0.086956521739	0.0
-bằm	0.79883872196	0.134371926262	0.0223688802868	0.0444204714915
--em	0.5	0.25	0.25	0.0
-idù	0.0909090909091	0.909090909091	0.0	0.0
-tlà	0.0	1.0	0.0	0.0
-iđổ	0.2	0.8	0.0	0.0
-!ôi	0.40579710145	0.536231884058	0.0579710144927	0.0
--kỹ	0.4	0.2	0.4	0.0
-sến	0.0	1.0	0.0	0.0
-i-u	0.0277522514244	0.945046866385	0.017276235986	0.00992464620474
-ngọ	0.0	0.666666666667	0.333333333333	0.0
--kỳ	0.192088091354	0.500407830343	0.160277324633	0.14722675367
-tụy	0.390243902439	0.383592017738	0.133037694013	0.0931263858093
-ép!	0.173333333333	0.48	0.333333333333	0.0133333333333
--kỷ	0.0681818181818	0.681818181818	0.204545454545	0.0454545454545
-dãy	0.0260869565217	0.808695652174	0.139130434783	0.0260869565217
--kỵ	0.0780856423174	0.827455919395	0.0869017632242	0.00755667506297
-i-a	0.012442764656	0.962767842183	0.0211911543754	0.00359823878572
-tục	0.353579661764	0.268921828892	0.0746277159362	0.302870793408
-nhũ	0.015690376569	0.963650627615	0.0206589958159	0.0
-i-i	0.0	1.0	0.0	0.0
-sết	0.00427435670932	0.970079503035	0.0170974268373	0.00854871341863
-sếp	0.110609480813	0.855530474041	0.00677200902934	0.0270880361174
--ấu	0.140804597701	0.695402298851	0.132183908046	0.0316091954023
-uế!	0.336170212766	0.134042553191	0.28085106383	0.248936170213
-bẫm	0.063829787234	0.31914893617	0.617021276596	0.0
-cựu	0.247216035635	0.449888641425	0.267260579065	0.0356347438753
-khố	0.0644391408114	0.90214797136	0.0286396181385	0.00477326968974
-vồn	0.0	0.333333333333	0.666666666667	0.0
-ã	0.75	0.25	0.0	0.0
-tít	0.0275644424996	0.953333654727	0.00716089579803	0.0119410069755
-tíu	0.333333333333	0.416666666667	0.183333333333	0.0666666666667
-cực	0.306706271327	0.279707915628	0.231651903322	0.181933909723
-bẫy	0.214527253697	0.746759346233	0.0318697834197	0.00684361665012
-cựa	1.0	0.0	0.0	0.0
-tím	0.0122468974526	0.0872251251904	0.900527977357	0.0
-tín	0.134711964117	0.510707817705	0.241224862055	0.113355356123
--ơn	0.25	0.75	0.0	0.0
--kể	0.53488372093	0.279069767442	0.046511627907	0.139534883721
-tía	0.0425728354534	0.113407878539	0.828887977021	0.0151313089865
-!xe	0.0	0.666666666667	0.0	0.333333333333
-ội!	0.256097560976	0.256097560976	0.121951219512	0.365853658537
--ổn	0.0258342303552	0.550053821313	0.228202368138	0.195909580194
-hém	0.640712110565	0.0937456078707	0.0449754040759	0.220566877489
-hén	0.0659679309182	0.910983419739	0.0155690737204	0.00747957562236
-héo	0.379739206781	0.242925306481	0.215569983849	0.161765502889
-héc	0.0	1.0	0.0	0.0
-như	0.0398665653079	0.0276063876769	0.0329319494836	0.899595097532
-ivà	0.264285433187	0.418055528226	0.0590553117806	0.258603726806
-ọc!	0.0	0.75	0.25	0.0
-6gm	0.181818181818	0.545454545455	0.272727272727	0.0
-nọp	0.228571428571	0.2	0.0571428571429	0.514285714286
-đat	0.0	1.0	0.0	0.0
-hép	0.549787197267	0.311187881804	0.0831274571806	0.0558974637484
-212	0.333333333333	0.333333333333	0.0	0.333333333333
-hét	0.798946076582	0.135133546491	0.0429009710161	0.0230194059109
-cửa	0.0207431950389	0.937548402844	0.00608261054999	0.0356257915671
--hơ	0.25	0.75	0.0	0.0
-cửi	0.35799522673	0.579952267303	0.0620525059667	0.0
-ót!	0.051724137931	0.913793103448	0.0344827586207	0.0
-cửu	0.266741805203	0.380858457782	0.305438151592	0.0469615854231
--hư	0.0	1.0	0.0	0.0
-mởn	0.384615384615	0.0769230769231	0.538461538462	0.0
-phơ	0.39263803681	0.576687116564	0.0306748466257	0.0
-uta	0.0	1.0	0.0	0.0
-i-ô	0.00919188050555	0.97472232861	0.0160857908847	0.0
-.0m	0.0	0.1	0.1	0.8
-hé!	0.516949152542	0.0762711864407	0.177966101695	0.228813559322
-lịm	0.0	0.555555555556	0.0	0.444444444444
-i-ý	0.125	0.586538461538	0.25	0.0384615384615
-nhị	0.0745501285347	0.362467866324	0.334190231363	0.228791773779
-i-ê	0.012463231412	0.890086168691	0.088904384072	0.00854621582536
-ưvà	0.571428571429	0.142857142857	0.285714285714	0.0
-hội	0.0223631131065	0.941962064845	0.00883753655509	0.0268372854931
-sữa	0.0345761569664	0.938662312248	0.0267615307855	0.0
-rừu	0.0975609756098	0.829268292683	0.0731707317073	0.0
-môt	0.0	0.25	0.75	0.0
-môi	0.0789426907433	0.829358316168	0.0380597873253	0.0536392057633
-môn	0.0453881938193	0.837248032167	0.00692265478084	0.110441119233
-bêu	0.35784841954	0.396102729885	0.154903017241	0.0911458333333
--cú	0.25	0.75	0.0	0.0
--vơ	0.191489361702	0.510638297872	0.0212765957447	0.276595744681
-hăn	0.220830366192	0.716594301523	0.0438736549464	0.0187016773385
-gưu	0.0833333333333	0.845238095238	0.0714285714286	0.0
-pha	0.122953466629	0.816100832305	0.0430946170186	0.0178510840476
-hăm	0.52699191895	0.242315628411	0.0227156910898	0.207976761549
-hặn	0.303977272727	0.344696969697	0.321022727273	0.030303030303
-phe	0.124243083202	0.816608678197	0.0322170553009	0.0269311832993
-hặm	0.394736842105	0.131578947369	0.473684210526	0.0
-hặc	0.105633802817	0.80985915493	0.0422535211268	0.0422535211268
-phi	0.102531530714	0.597132746575	0.157880410126	0.142455312585
-lãi	0.0760368663595	0.875576036866	0.0483870967741	0.0
-pho	0.232624113475	0.624113475177	0.143262411348	0.0
-lão	0.0113324905749	0.910208191164	0.0675743100382	0.0108850082225
-mỹở	0.0	0.461538461538	0.538461538462	0.0
-khử	0.5	0.0	0.5	0.0
-gmà	0.231155778894	0.639626704953	0.129217516152	0.0
-phu	0.123513120405	0.784733706589	0.0762119189464	0.0155412540597
-iẹo	0.515151515151	0.484848484849	0.0	0.0
-hặp	0.0833333333333	0.287148594378	0.289156626506	0.340361445783
-nh!	0.379021522219	0.399215050989	0.089801539747	0.131961887046
-gằm	0.416666666667	0.166666666667	0.25	0.166666666667
-hặt	0.611411266733	0.115425267805	0.0766175219873	0.196545943475
-iốt	0.0	0.973614775726	0.0263852242744	0.0
-rện	0.285714285714	0.428571428571	0.285714285714	0.0
-dáy	0.364092885751	0.0799317784728	0.52366052679	0.0323148089866
-dát	0.62518089725	0.0709117221418	0.295224312591	0.00868306801736
--vu	0.202222596397	0.507829600943	0.278834820677	0.0111129819835
-ahọ	0.0	1.0	0.0	0.0
-núm	0.216216216216	0.567567567568	0.216216216216	0.0
-nh–	0.222222222222	0.703703703704	0.0740740740741	0.0
-ửcả	0.0	0.666666666667	0.0	0.333333333333
-dám	0.589333069642	0.10475454194	0.105154574303	0.200757814115
-dán	1.0	0.0	0.0	0.0
-dáo	0.505050505051	0.393939393939	0.0	0.10101010101
--vi	0.0105757822352	0.969297618974	0.0105602524521	0.00956634633901
-iốc	0.0769230769231	0.923076923077	0.0	0.0
-rệt	0.0938267927619	0.799314915481	0.0646362350138	0.0422220567429
--ve	0.0108891290423	0.956720326095	0.0298989644891	0.00249158037409
-rệp	0.913043478261	0.0869565217391	0.0	0.0
--va	0.00555439967899	0.989101735301	0.00380200825296	0.00154185676708
-goa	0.57369165488	0.183592644979	0.110325318246	0.132390381895
-lã!	0.0	0.666666666667	0.333333333333	0.0
-tịt	0.0	0.272727272727	0.727272727273	0.0
-ráy	1.0	0.0	0.0	0.0
-nhu	0.243482132176	0.542037351392	0.177147296166	0.0373332202666
-rát	0.0161587378809	0.954825033881	0.00173749869688	0.0272787295409
-ráp	0.115808823529	0.884191176471	0.0	0.0
-ập!	0.222222222222	0.666666666667	0.0	0.111111111111
-rán	0.0177714835907	0.965424188388	0.0113640779424	0.0054402500788
-ráo	0.742496050553	0.181674565561	0.0631911532385	0.0126382306477
-nho	0.0245618475482	0.954603601795	0.00611042922483	0.0147241214318
-rám	0.0358890701467	0.954323001631	0.00978792822186	0.0
-nhi	0.129834915065	0.749860435441	0.043045697424	0.0772589520695
-nồi	0.0492404400209	0.90099528549	0.0403352540597	0.00942902042957
-rái	0.155892685014	0.573047499205	0.0975189568366	0.173540858945
-nhe	0.727272727273	0.0909090909091	0.0	0.181818181818
-nha	0.0296106744654	0.920855419485	0.0363736062877	0.0131602997624
-rác	0.0826059185249	0.831174605709	0.0662726397965	0.0199468359693
-cẩn	0.379696175119	0.257603583902	0.189651694816	0.173048546163
--he	0.0121951219512	0.90243902439	0.0731707317073	0.0121951219512
-uồm	0.400288496213	0.528489001082	0.0164082221421	0.0548142805626
--ha	0.00361010830325	0.992779783394	0.0	0.00361010830325
-ốm!	0.0	0.714285714286	0.285714285714	0.0
--ho	0.0	1.0	0.0	0.0
--hi	0.0	1.0	0.0	0.0
-ỉmà	0.333333333333	0.666666666667	0.0	0.0
--hu	0.0271618625277	0.961751662971	0.00776053215078	0.00332594235034
-ơng	0.257429092722	0.541070059586	0.0645888062532	0.136912041439
-vẹo	0.407407407407	0.0	0.37037037037	0.222222222222
-các	0.0313927112062	0.0156357518065	0.00561849388637	0.947353043101
-phá	0.743608301653	0.104195968557	0.0209108240096	0.13128490578
-bộc	0.264348249027	0.567850194552	0.103356031128	0.0644455252919
-ốc!	0.193384223919	0.529262086514	0.246819338422	0.0305343511451
-bộn	0.363636363636	0.454545454545	0.181818181818	0.0
-phê	0.249316939891	0.716302367942	0.0187209066991	0.0156597854685
-cái	0.0474785713708	0.376655594858	0.0193038267108	0.556562007061
-phè	0.227827502034	0.625711960944	0.0976403580146	0.0488201790073
-cáo	0.390614133331	0.241776514479	0.0197131315316	0.347896220659
-cán	0.209737827715	0.543071161049	0.247191011236	0.0
-phí	0.41088434105	0.360316418279	0.128367686996	0.100431553675
-bội	0.368282318248	0.270459935596	0.145269541873	0.215988204283
-gởi	0.545950286133	0.150547714064	0.0275129228379	0.275989076966
-phò	0.0882352941176	0.882352941177	0.0	0.0294117647059
-bột	0.0925643469971	0.831077216397	0.0729265967588	0.00343183984747
-cáp	0.0786802030457	0.888324873096	0.0203045685279	0.01269035533
-iẵm	0.519230769231	0.365384615385	0.0	0.115384615385
-bộp	0.0	0.808510638298	0.145896656535	0.0455927051672
-cát	0.0153597896247	0.930402820942	0.03735357399	0.0168838154435
-phú	0.224867458222	0.514080674098	0.219122301288	0.0419295663918
-phù	0.309876367416	0.463631557532	0.133740680048	0.0927513950039
-ên!	0.254120217175	0.625791113824	0.0431779484049	0.0769107205962
-dột	0.0982834279814	0.379904491482	0.459860609189	0.0619514713474
-ình	0.0576709069398	0.171149788443	0.0900743333865	0.681104971231
-hạc	0.183794716384	0.767796297516	0.043626062323	0.00478292377627
-oùc	0.0307692307692	0.969230769231	0.0	0.0
-vạt	0.168067874508	0.781173371446	0.0	0.0507587540459
--vô	0.0	0.595238095238	0.309523809524	0.095238095238
-hại	0.514799677295	0.232452897645	0.107501801301	0.14524562376
-vạy	0.253246753247	0.0779220779222	0.581168831169	0.0876623376623
-hạm	0.553838122865	0.24231057669	0.0805909246984	0.123260375747
-hạn	0.215548029815	0.531197741157	0.13871545139	0.114538777637
-hạo	0.476514902732	0.38256961225	0.102978585748	0.0379368992712
--vì	0.474440894569	0.486022364217	0.0119808306709	0.0275559105431
--ép	0.495462794918	0.406533575318	0.059891107078	0.038112522686
-hạt	0.31897303725	0.565987788943	0.0581531838854	0.0568859899212
--vê	0.0	1.0	0.0	0.0
-!ta	0.406504065041	0.49593495935	0.0487804878048	0.0487804878048
-hạy	0.825068381977	0.0783852835973	0.0152895087519	0.0812568256735
-dộn	0.571428571428	0.428571428572	0.0	0.0
-vại	0.0898203592814	0.88622754491	0.0239520958084	0.0
-vạn	0.069709391948	0.453491876056	0.0166647025465	0.460134029449
-dội	0.249748490946	0.375233544122	0.28824734119	0.0867706237425
--vã	0.451678535097	0.198372329603	0.131230925738	0.218718209563
-iệc	0.154744907227	0.565070800878	0.0158071363005	0.264377155594
-àcố	0.0	1.0	0.0	0.0
-cá!	0.0954356846472	0.497925311203	0.0705394190871	0.336099585062
-nẹt	0.0396744659207	0.92980671414	0.030518819939	0.0
-nhú	0.2	0.4	0.4	0.0
-rat	0.0	0.666666666667	0.0	0.333333333333
-đa!	0.0	0.952951719503	0.0470482804974	0.0
-242	0.0	1.0	0.0	0.0
-iện	0.406002532565	0.205970370161	0.158433741039	0.229593356235
-iệm	0.387471396525	0.417804962235	0.146553181533	0.0481704597073
-nhí	0.0822552905107	0.615344350557	0.257533836835	0.0448665220967
-nhì	0.0460703178535	0.103948131358	0.801539191397	0.0484423593906
-iệp	0.298146720794	0.516173614587	0.0491442357682	0.136535428851
-nhé	0.452261306533	0.412060301507	0.0603015075377	0.0753768844221
-mẫu	0.120074430823	0.803086690018	0.0538528896672	0.0229859894921
-iệu	0.407568270158	0.386375242924	0.128144581417	0.0779119055016
-iệt	0.518484398333	0.259657310194	0.109984275351	0.111874016122
-êng	0.219737506472	0.140276358702	0.328322847474	0.311663287351
-gậy	0.052897101406	0.938863846682	0.00304486701096	0.00519418490104
-nhá	0.212389380531	0.12389380531	0.132743362832	0.530973451327
-nhà	0.0378247011593	0.81043998988	0.00412796063531	0.147607348326
-nhã	0.193858252041	0.401129802907	0.353747760303	0.0512641847502
-xây	0.856664726965	0.101971453034	0.00846920508078	0.0328946149199
-iảo	0.136363636364	0.770202020202	0.0883838383838	0.00505050505049
--hà	0.31847133758	0.643312101911	0.0254777070064	0.0127388535032
--bề	0.333333333333	0.333333333333	0.333333333333	0.0
--hí	0.333333333333	0.666666666667	0.0	0.0
-xâu	0.367164179104	0.570149253731	0.0537313432836	0.0089552238806
-hu!	0.333333333333	0.333333333333	0.333333333333	0.0
--đa	0.00845204771595	0.929533615946	0.0523898386856	0.00962449765265
--hô	0.14606741573	0.85393258427	0.0	0.0
-rổi	0.39716186775	0.163928634517	0.192584741604	0.246324756129
-xâm	0.488713334379	0.30106806223	0.0742652615968	0.135953341794
-cẩu	0.0961538461538	0.269230769231	0.605769230769	0.0288461538462
-220	0.428571428571	0.142857142857	0.0	0.428571428572
--hú	0.0	1.0	0.0	0.0
-hũi	0.111111111111	0.888888888889	0.0	0.0
-lẻn	0.630986636432	0.216009814482	0.0474311002167	0.105572448869
-lẻo	0.30492030492	0.469854469855	0.225225225225	0.0
-hũn	0.428571428571	0.571428571429	0.0	0.0
-vóc	0.14081485053	0.694503375121	0.120925747348	0.043756027001
-ṁi	0.333333333333	0.333333333333	0.0	0.333333333333
-vói	1.0	0.0	0.0	0.0
-se!	0.162162162162	0.763513513514	0.0743243243243	0.0
-vót	0.15625	0.4375	0.40625	0.0
--xể	0.428571428571	0.571428571429	0.0	0.0
-đạt	0.584071145725	0.223330219831	0.058937287043	0.133661347401
-ui!	0.0	0.0	1.0	0.0
--xỉ	0.351906158358	0.436950146628	0.0879765395894	0.123167155425
-quá	0.202499555564	0.0966118163908	0.159870249103	0.541018378942
-ững	0.0597663212092	0.071489049625	0.0191629148703	0.849581714295
-75m	0.0	0.735849056604	0.0	0.264150943396
-ân!	0.58025177026	0.219118804091	0.0275373721479	0.173092053501
-gốp	0.0	1.0	0.0	0.0
-què	0.169246276365	0.0503315451001	0.767593549032	0.0128286295025
-mảy	0.333333333333	0.666666666667	0.0	0.0
-quê	0.0993214169354	0.669730027301	0.0709085598086	0.160039995955
-quí	0.0978176916903	0.335743817298	0.456225106389	0.110213384622
-quì	0.71584938704	0.240367775832	0.0055823117338	0.038200525394
-đạp	0.692457686608	0.17243411417	0.0945064087565	0.0406017904653
-đẩu	0.0	1.0	0.0	0.0
-dãi	0.303930131004	0.262008733624	0.334497816594	0.0995633187773
-gốc	0.191972418657	0.534368939646	0.0574154243962	0.216243217301
-oắt	0.333333333333	0.666666666667	0.0	0.0
-tìm	0.848177843358	0.0274193066267	0.00476904765787	0.119633802358
-ỡng	0.486434163226	0.300070048675	0.0966312488934	0.116864539205
-gốm	0.0488584680506	0.906560994281	0.0391768361327	0.00540370153555
--xử	0.414715719064	0.377926421405	0.107023411371	0.100334448161
-quý	0.101189680247	0.155783654306	0.23498679168	0.508039873766
-lan	0.598691284446	0.294860372953	0.0318884212467	0.0745599213542
-gối	0.331331513497	0.538125568699	0.0202608431908	0.110282074613
--xứ	0.28525980912	0.635206786851	0.0159066808059	0.0636267232237
-sen	0.0104046242775	0.982658959538	0.00693641618497	0.0
-sem	0.0	1.0	0.0	0.0
-lao	0.242081847247	0.518011565818	0.157821292105	0.0820852948299
-vặn	0.583333333333	0.166666666667	0.0946601941748	0.155339805825
-yệt	0.221396135696	0.506464250735	0.177294987089	0.0948446264803
-uôi	0.421011159704	0.429799426934	0.0427725833208	0.106416830041
-uôn	0.142717493228	0.225062682279	0.0294917766012	0.602728047892
-uôm	0.0934579439253	0.870716510903	0.0171339563863	0.0186915887851
-dịp	0.226214316567	0.579023834767	0.0579573565791	0.136804492088
-ửng	0.493153631456	0.287344476301	0.144762404967	0.0747394872761
-ió!	1.0	0.0	0.0	0.0
-dịu	0.140484154431	0.249418901298	0.536283236011	0.0738137082601
-lợm	0.0940325497288	0.323688969259	0.538878842676	0.0433996383363
-vặt	0.425572519084	0.248091603053	0.143129770992	0.18320610687
-yện	0.479210490371	0.383241554631	0.0149008721785	0.122647082819
--ấp	0.315789473684	0.684210526316	0.0	0.0
-âng	0.644362081255	0.238543836904	0.0608389995211	0.0562550823199
-ôlà	0.0	1.0	0.0	0.0
-!tư	0.0	0.666666666667	0.333333333333	0.0
-gùi	0.519774011299	0.316384180791	0.0169491525424	0.146892655367
-lau	0.816332512604	0.112439910892	0.0633134013366	0.00791417516707
--xẻ	0.194805194805	0.636363636364	0.142857142857	0.025974025974
-ám!	0.142517814727	0.857482185273	0.0	0.0
-giở	0.346041559334	0.399450455092	0.160741885626	0.0937660999485
-giờ	0.0828043383292	0.377110248866	0.00773331384602	0.532352098959
-giớ	0.5	0.5	0.0	0.0
-lợt	0.0	1.0	0.0	0.0
-mõm	0.952380952381	0.047619047619	0.0	0.0
-hồm	0.681818181818	0.318181818182	0.0	0.0
-giổ	0.333333333333	0.666666666667	0.0	0.0
-ớn!	0.635294117647	0.294117647059	0.0705882352941	0.0
-bợm	0.166540499621	0.674489023467	0.136260408781	0.0227100681302
-bợn	0.170124481328	0.705394190871	0.124481327801	0.0
-ḁ¿n	0.0	0.833333333333	0.166666666667	0.0
-giỏ	0.0245725043605	0.945065180419	0.013676718568	0.016685596653
-500	0.0965909090908	0.176136363636	0.0397727272727	0.6875
-ra-	0.25	0.642857142857	0.0	0.107142857143
-ồng	0.130863521086	0.545789169805	0.0897399919356	0.233607317173
-ra!	0.269320843091	0.511542321847	0.0585480093677	0.160588825694
-qua	0.230585236938	0.0987658409995	0.0164174844192	0.654231437643
-au!	0.159151193634	0.490716180371	0.14323607427	0.206896551724
-que	0.127071823204	0.84861878453	0.0243093922652	0.0
-cáu	0.0	1.0	0.0	0.0
-qui	0.411729410196	0.434041512956	0.0811147162096	0.0731143606383
-nấn	0.4	0.0	0.6	0.0
-ãvà	0.333333333333	0.0	0.666666666667	0.0
-lận	0.554530477759	0.348599670511	0.0415156507413	0.0553542009885
-lay	0.587862299885	0.263743852673	0.108841686722	0.0395521607199
-giữ	0.731371543285	0.111745538208	0.0381604455449	0.118722472962
-lật	0.519681799479	0.42147853518	0.0263338362364	0.0325058291044
-lậu	0.328502415459	0.652173913043	0.0	0.0193236714976
-át!	0.0987341772151	0.624050632911	0.243037974684	0.0341772151898
-quy	0.378365564208	0.473434671418	0.0443234389816	0.103876325393
-lậy	0.428571428571	0.571428571429	0.0	0.0
-pút	0.4	0.6	0.0	0.0
-adù	1.0	0.0	0.0	0.0
-sụm	0.868421052632	0.131578947368	0.0	0.0
-iêm	0.221234746754	0.479901933471	0.206014932858	0.0928483869171
-iên	0.0903896682644	0.710301625471	0.0608182405411	0.138490465724
-rau	0.115966521809	0.701673909545	0.168356671495	0.0140028971511
-sục	0.538461538462	0.184615384615	0.0923076923077	0.184615384615
-ớng	0.313193240076	0.402178928443	0.0906604334424	0.193967398039
-ran	0.00866788321168	0.979698905109	0.0116332116788	0.0
-rao	0.823217636754	0.0944797916737	0.0357551500843	0.0465474214884
-ram	0.0205879829904	0.940258085073	0.02450950356	0.0146444283771
-úa–	0.0	0.925925925926	0.0740740740741	0.0
-rai	0.0109799556668	0.963196431835	0.013638463019	0.0121851494796
-sụt	0.51552795031	0.260869565217	0.149068322981	0.0745341614907
-xon	0.234899328859	0.765100671141	0.0	0.0
-sụp	0.703164360399	0.196418095862	0.051244004279	0.0491735394596
-giẻ	0.583783783784	0.305945945946	0.11027027027	0.0
-úa!	0.146454605699	0.726971504307	0.0159045725646	0.110669317429
-mũi	0.125581501414	0.815584237891	0.0351181246009	0.0237161360941
-ễn—	0.310344827586	0.0	0.0229885057471	0.666666666667
-giô	0.0526315789473	0.947368421053	0.0	0.0
-đắc	0.360388030143	0.421932430391	0.158266619673	0.0594129197925
-giả	0.105603220242	0.459190339275	0.37337320299	0.0618332374928
--ỏi	0.562814070352	0.286432160804	0.120603015075	0.0301507537688
-ộng	0.280526134159	0.4878499627	0.103016862832	0.128607040309
-rày	0.203946738193	0.301912699173	0.0726442507264	0.421496311907
-ỏng	0.40797520315	0.351763424646	0.218145262629	0.0221161095753
-tắc	0.17978169948	0.689952055493	0.0782413546873	0.0520248903397
-rảy	0.79822616408	0.156160912258	0.0161545771302	0.0294583465315
-tắm	0.756571428571	0.167314285714	0.0130285714286	0.0630857142857
-noi	0.508068669528	0.376480686695	0.0240343347639	0.0914163090129
-tắt	0.495173861043	0.103211526734	0.0975205090283	0.304094103194
-kẹp	0.195454545455	0.668181818182	0.109090909091	0.0272727272727
-nom	0.432066471765	0.44976150177	0.0747807354978	0.0433912909678
-non	0.143233517892	0.557468655872	0.204899867917	0.0943979583185
-hừa	0.361793703577	0.463863351101	0.0970843453361	0.0772585999859
-ềnh	0.151401713668	0.507216537726	0.341381748607	0.0
-rải	0.543801283967	0.28336201692	0.0414452722322	0.131391426881
-cồn	0.302457466919	0.584120982987	0.113421550095	0.0
-rảm	0.5	0.393939393939	0.0	0.106060606061
-nọc	0.173358220791	0.772271631145	0.0441223714656	0.0102477765985
-tĩu	0.0494488513444	0.42134542083	0.502420933347	0.0267847944782
-mọt	0.0738881939743	0.824515539311	0.0982377124432	0.00335855427156
-kẹt	0.593688362919	0.169625246548	0.153846153846	0.0828402366864
--im	0.00116652841145	0.991575072584	0.00648071339693	0.000777685607631
-mọp	0.409523809524	0.234920634921	0.0190476190476	0.336507936508
--in	0.00690070328444	0.976801891086	0.00616658591376	0.0101308197155
-ọng	0.223115161285	0.407659295887	0.258489776125	0.110735766704
-mọi	0.0146950220419	0.207181807852	0.00881911004899	0.769304060057
-gủi	0.430340557276	0.169246646027	0.261093911249	0.139318885449
-ôm!	0.2	0.0	0.8	0.0
-@¡c	0.4	0.6	0.0	0.0
-mọc	0.641983271402	0.299903868977	0.0201573247852	0.037955534836
-ghĩ	0.679801914902	0.157429474636	0.0259552294506	0.136813381012
-hèo	0.0826279662679	0.0992939792116	0.804381251226	0.0136968032948
-hèn	0.205821423584	0.254050090778	0.466342349053	0.0737861365858
-hèm	0.474026702569	0.359643217772	0.0673174015483	0.0990126781106
-toa	0.413793103448	0.503448275862	0.0206896551725	0.0620689655172
-nắp	0.261399825094	0.658469325457	0.0515436274833	0.0285872219655
-vức	0.0156739811912	0.692789968652	0.206896551724	0.0846394984326
--tử	0.159519339091	0.763274502441	0.0483665039429	0.028839654525
-rọi	0.334022750776	0.330920372285	0.276111685626	0.0589451913133
-iếc	0.256078514664	0.413034606833	0.257604531501	0.0732823470024
-nắm	0.583198063712	0.303595756399	0.0263051102931	0.0869010695962
-nắn	0.597295266717	0.356123215627	0.0420736288505	0.00450788880541
-voi	0.0192307692308	0.884615384615	0.0961538461538	0.0
-vứt	0.632551848512	0.188007213706	0.0500450856628	0.129395852119
-quơ	0.0	1.0	0.0	0.0
-ieo	0.694734002407	0.265586103575	0.028877658091	0.0108022359272
-lúp	0.021164021164	0.94708994709	0.0	0.031746031746
-mến	0.520548242475	0.298282480199	0.0791662770179	0.102003000309
-ổng	0.0678570533876	0.823148438778	0.0491951848135	0.059799323021
-ộmà	0.25	0.75	0.0	0.0
-mết	0.00343053173241	0.846769582619	0.149799885649	0.0
-ọn!	0.571428571429	0.151260504202	0.252100840336	0.0252100840336
-ẳm!	0.0	1.0	0.0	0.0
-ỗng	0.224833961142	0.191799662966	0.157303231562	0.42606314433
-ượi	0.0	0.333333333333	0.666666666667	0.0
-roi	0.295015424582	0.614385452184	0.0173729501542	0.07322617308
-uật	0.210238529874	0.748277066071	0.0137643547552	0.0277200493003
-ườm	0.464285714286	0.214285714286	0.214285714286	0.107142857143
-!về	1.0	0.0	0.0	0.0
-uậy	0.699275362319	0.177536231884	0.101449275362	0.0217391304348
-27m	0.0	0.190476190476	0.0952380952381	0.714285714286
--ki	0.0486187845304	0.865193370166	0.0729281767956	0.0132596685083
-ắm!	0.224274406332	0.221635883905	0.0791556728231	0.474934036939
-uận	0.399208990362	0.357690537624	0.0961040989285	0.146996373085
-cỗi	0.305555555556	0.555555555556	0.138888888889	0.0
-ểng	0.352941176471	0.647058823529	0.0	0.0
-rằn	0.513897467573	0.0667078443484	0.39345274861	0.0259419394688
-hổm	0.352941176471	0.411764705882	0.117647058824	0.117647058824
-hổn	0.304	0.624	0.072	0.0
-rằm	0.0392670157068	0.175392670157	0.785340314136	0.0
-hổi	0.693352677394	0.260845063667	0.0290560578084	0.0167462011303
-ực!	0.4	0.2	0.0	0.4
-284	0.0	0.0	0.0	1.0
-nhơ	0.159673024523	0.548592188919	0.25267938238	0.039055404178
-vọt	0.335220125786	0.603773584906	0.0204402515723	0.0405660377358
-àm!	0.420365535248	0.266318537859	0.0548302872063	0.258485639687
-mơi	0.0	0.0	0.444444444444	0.555555555556
-vọi	0.527131782946	0.472868217054	0.0	0.0
-hđổ	1.0	0.0	0.0	0.0
-dẵm	0.4	0.6	0.0	0.0
-nge	0.368979376688	0.43730645055	0.0968570863807	0.0968570863806
-lâm	0.679886077399	0.202327112434	0.0510218685596	0.0667649416075
-mới	0.204536239943	0.0574558559491	0.465219769065	0.272788135043
-lân	0.0572279840569	0.849280026565	0.0411923792697	0.0522996101085
-ại–	0.2757310556	0.267886507544	0.456382436856	0.0
-chú	0.410423994018	0.399918764482	0.0911591754595	0.0984980660408
-doạ	0.0	1.0	0.0	0.0
-uét	0.651960522076	0.229115528788	0.0821108969869	0.0368130521491
-273	0.146341463415	0.341463414634	0.0	0.512195121952
-tằm	0.0	1.0	0.0	0.0
-lây	0.351906158358	0.266862170088	0.346041055718	0.0351906158358
-lâu	0.0583059439298	0.372049414262	0.266630261942	0.303014379866
-êm!	0.909090909091	0.0909090909091	0.0	0.0
-tin	0.455795496284	0.385943371952	0.0809380216659	0.0773231100986
-@³i	0.2	0.0	0.0	0.8
-ợvì	0.181818181818	0.545454545455	0.272727272727	0.0
-cấy	0.640238704177	0.24978687127	0.0588235294118	0.0511508951407
-cấu	0.492935635793	0.361852433281	0.119309262166	0.0259026687598
-cất	0.732202077471	0.0779834814692	0.0186139053561	0.171200535703
-610	0.0	0.0	0.0	1.0
-cấp	0.551757076065	0.307207614834	0.0767264927186	0.0643088163826
-dào	0.315579026181	0.367726827403	0.0972013137179	0.219492832697
-dàn	0.349317947346	0.564021244889	0.0497497229758	0.0369110847885
-cấm	0.73232453937	0.108465648739	0.0334657755992	0.125744036292
-ại!	0.415632338141	0.224421335122	0.0821871855083	0.277759141228
-dài	0.112943437635	0.366907880282	0.269187635471	0.250961046612
-nạc	0.333333333333	0.666666666667	0.0	0.0
--lỗ	0.25	0.75	0.0	0.0
-răm	0.00232024517586	0.0404946960183	0.0352618026429	0.921923256163
-răn	0.0809194778513	0.888457102986	0.00933239008034	0.0212910290826
-mua	0.928485888141	0.0633900828586	0.00223329880891	0.00589073019161
-lem	0.00203746465308	0.996561006631	0.000166701653433	0.00123482706247
-len	0.0185152914525	0.970542534344	0.00506084633034	0.00588132787314
-leo	0.561083308802	0.294083014425	0.0629967618487	0.0818369149249
-mum	0.0	1.0	0.0	0.0
-ửa–	0.383399209486	0.426877470356	0.142292490119	0.0474308300395
-mun	0.0	0.967391304348	0.0326086956522	0.0
-mui	0.941176470588	0.0588235294118	0.0	0.0
-yta	0.777777777778	0.222222222222	0.0	0.0
-!cả	0.125	0.499999999999	0.0	0.375000000001
-òđi	0.0	1.0	0.0	0.0
-bến	0.358863242405	0.446583340936	0.0310190676033	0.163534349056
-lủi	0.675417661098	0.18138424821	0.143198090692	0.0
-ễng	0.545454545454	0.454545454546	0.0	0.0
-êsẽ	0.5	0.166666666667	0.333333333333	0.0
-sờ!	0.837209302326	0.162790697674	0.0	0.0
-sắt	0.00883694412771	0.982611174458	0.00085518814139	0.00769669327252
-sắp	0.444074059486	0.0647323797184	0.0471978351486	0.443995725647
-san	0.147918963432	0.785657473655	0.0520515784635	0.0143719844497
-sắm	0.649460695756	0.217027525131	0.0818639520017	0.0516478271105
--ôn	0.0133674311936	0.975735895037	0.00407569387104	0.00682097989817
-ửa!	0.857142857143	0.142857142857	0.0	0.0
-gúp	0.0	1.0	0.0	0.0
-sắc	0.136672007856	0.470009805879	0.341036413504	0.0522817727615
-cân	0.240750563586	0.699509348893	0.0424346903594	0.0173053971622
-còm	0.272727272728	0.727272727272	0.0	0.0
-dầm	0.439419795222	0.260523321957	0.159271899886	0.140784982935
-nim	0.0054298642534	0.994570135747	0.0	0.0
-650	0.125	0.125	0.0	0.75
-rến	0.047697368421	0.889802631579	0.0625	0.0
-128	0.0	0.625	0.0	0.375
-uûa	0.2	0.0571428571428	0.528571428571	0.214285714286
-rết	0.0186667693018	0.963089831422	0.00484951120006	0.0133938880764
-kìm	0.615384615385	0.299145299145	0.0854700854701	0.0
-rếp	0.0	0.994535519126	0.00546448087431	0.0
-bẻm	0.0615384615384	0.846153846154	0.0923076923076	0.0
-óvì	0.428571428571	0.0	0.571428571429	0.0
-cây	0.0387639545158	0.700943308368	0.0129124765183	0.247380260598
-hoẻ	0.18335922199	0.230431552644	0.323833322077	0.262375903289
-óvà	0.415720524018	0.385152838428	0.0890829694323	0.110043668122
-câu	0.264765802798	0.600347899723	0.0254397261966	0.109446571282
-kìa	0.491708762377	0.284212341498	0.00660448196113	0.217474414164
-mứa	0.0	0.666666666667	0.333333333333	0.0
-mức	0.282832411637	0.534311132484	0.0802837220486	0.10257273383
-âm!	0.208791208791	0.714285714286	0.054945054945	0.021978021978
-hịp	0.0333333333333	0.633333333333	0.266666666667	0.0666666666666
--đơ	0.0350432763352	0.936668777707	0.00675533037788	0.0215326155795
-sờn	0.573762881812	0.236839662056	0.16711540247	0.0222820536626
--tư	0.0955357142857	0.886607142857	0.0178571428571	0.0
-sớt	0.198979591837	0.647959183673	0.061224489796	0.0918367346939
-ývà	0.125	0.0	0.875	0.0
-hệt	0.311926605505	0.353211009174	0.160550458716	0.174311926605
-cđể	0.223157894737	0.562105263158	0.113684210526	0.101052631579
-hện	0.0425531914894	0.957446808511	0.0	0.0
-dôm	0.25	0.75	0.0	0.0
--tơ	0.0715040507221	0.871961958436	0.00264177527298	0.0538922155688
-cũ!	0.0	1.0	0.0	0.0
--mẽ	0.147967479675	0.140487804878	0.662764227642	0.0487804878049
-gì!	0.352154531947	0.352154531946	0.144130757801	0.151560178306
-hsẽ	0.396551724138	0.603448275862	0.0	0.0
--mẻ	0.0243902439024	0.658536585366	0.317073170731	0.0
-cca	0.0860215053763	0.784946236559	0.0	0.129032258065
-trĩ	0.138674884438	0.728813559322	0.11093990755	0.0215716486903
-00l	0.0769230769231	0.923076923077	0.0	0.0
-ữvì	0.0	1.0	0.0	0.0
-tác	0.328482940133	0.52179098781	0.0479075721794	0.101818499877
-mơn	1.0	0.0	0.0	0.0
-ện!	0.16	0.84	0.0	0.0
-hlẽ	1.0	0.0	0.0	0.0
--mả	0.0447851523099	0.939882993746	0.00927980633447	0.00605204760944
-ita	0.0	1.0	0.0	0.0
-ghẽ	0.0559701492537	0.34328358209	0.380597014925	0.220149253731
-lộn	0.638864871541	0.228044713439	0.0747282608696	0.0583621541502
-ghế	0.107102671704	0.818042723803	0.0701639765357	0.00469062795782
-lội	0.779717931498	0.113498992612	0.0141034251175	0.0926796507724
-ngỡ	0.521573231582	0.379219254476	0.0675080716172	0.0316994423246
-tkẻ	0.5	0.0	0.5	0.0
-ải!	0.156774916013	0.308510638298	0.0671892497201	0.467525195969
-lộc	0.36601423037	0.376978198668	0.199934165548	0.0570734054136
-sps	0.248648648649	0.718918918919	0.0324324324324	0.0
-lột	0.542456237993	0.131386809231	0.0775434409166	0.24861351186
-ỳnh	0.0396235760277	0.939574046558	0.0208023774146	0.0
-tđể	0.25	0.39705882353	0.176470588235	0.176470588236
-gô!	0.857142857143	0.142857142857	0.0	0.0
-nãy	0.684803001876	0.18574108818	0.0112570356473	0.118198874296
-tải	0.121827411168	0.786802030457	0.0913705583756	0.0
-sẹo	0.0229591836735	0.93112244898	0.0459183673469	0.0
-hảo	0.356466156831	0.246090628924	0.339725297721	0.057717916524
-vòm	0.0607973421927	0.89634551495	0.0169435215947	0.0259136212625
-ngủ	0.555219984814	0.161175839877	0.0131357751563	0.270468400152
-gìn	0.687377252156	0.126131414909	0.13429681496	0.0521945179745
-nkẻ	0.727272727273	0.272727272727	0.0	0.0
-rì!	0.75	0.25	0.0	0.0
-ghỉ	0.326146616269	0.629987859215	0.0125873146901	0.0312782098256
-ghị	0.317458500286	0.534172867773	0.0906697195192	0.0576989124213
-ghễ	0.446428571429	0.410714285714	0.0357142857143	0.107142857143
-ghệ	0.1091529278	0.732234223991	0.135872654918	0.0227401932916
--mỡ	0.0	0.2	0.777777777778	0.0222222222222
-ghề	0.223300513799	0.657836564285	0.111373134775	0.00748978714025
-tủa	0.5	0.25	0.0	0.25
--đĩ	0.195121951219	0.771106941839	0.0112570356473	0.0225140712946
-vốc	0.0	0.272727272727	0.545454545455	0.181818181818
-psẽ	0.0731707317073	0.926829268293	0.0	0.0
--mộ	0.484659848822	0.309322661924	0.16155328294	0.0444642063139
-ắn!	0.360759493671	0.483122362869	0.0	0.15611814346
-vốn	0.587624139876	0.152863169769	0.0430141003948	0.216498589961
-lộ!	0.19014084507	0.535211267606	0.253521126761	0.0211267605634
-bẩy	0.312883435583	0.374233128834	0.266871165644	0.0460122699386
-áu!	0.8	0.0	0.0	0.2
-gra	0.0	0.4	0.4	0.2
-vốt	0.0	1.0	0.0	0.0
-bẩn	0.356978025317	0.310811274308	0.274588760713	0.0576219396619
-bẩm	0.231797109354	0.272702481593	0.434142350695	0.0613580583583
-ợn!	0.666666666667	0.333333333333	0.0	0.0
-kép	0.0555555555556	0.722222222222	0.222222222222	0.0
-ủy!	0.333333333333	0.666666666667	0.0	0.0
-etừ	0.142857142857	0.571428571429	0.0	0.285714285714
-cột	0.464484848485	0.453090909091	0.062264752791	0.0201594896332
--ăn	0.119623156068	0.810710301227	0.0384281641254	0.0312383785794
--tú	0.6	0.0	0.0	0.4
-aên	0.521739130435	0.260869565217	0.173913043478	0.0434782608697
--đê	0.00493880742767	0.973959015381	0.0133946443872	0.00770753280378
--đá	0.104776579353	0.836671802774	0.0493066255778	0.00924499229585
--đà	0.00360781349323	0.940471077362	0.0360781349322	0.0198429742127
--ếm	0.433734939759	0.506024096385	0.0361445783133	0.0240963855421
-lăn	0.822088155627	0.0778133464663	0.00480177296232	0.0952967249446
-cút	0.0300891530461	0.915304606241	0.0523774145617	0.00222882615155
--tô	0.00362501258685	0.955367032524	0.0377605477797	0.00324740710905
-lăm	0.017130620985	0.149773970973	0.117773019272	0.71532238877
--tê	0.0111848751624	0.974383027854	0.0122672824361	0.00216481454756
-bà!	0.4	0.4	0.2	0.0
--ết	0.0	1.0	0.0	0.0
-cữu	0.0	1.0	0.0	0.0
--tã	0.0	1.0	0.0	0.0
--tà	0.0448818897638	0.224409448819	0.695275590551	0.0354330708661
--đò	0.71129707113	0.188284518828	0.100418410042	0.0
--đô	0.0	0.969015280136	0.0246179966044	0.00636672325976
-ihá	0.375	0.625	0.0	0.0
-rức	0.333333333333	0.333333333333	0.333333333333	0.0
-mòi	0.555555555555	0.333333333333	0.0	0.111111111111
-mòn	0.56990054017	0.220033439081	0.0834905255937	0.126575495156
-vịt	0.0	0.869158878505	0.0560747663551	0.0747663551402
-rứt	0.716636197441	0.170018281536	0.0804387568556	0.0329067641682
-hùy	0.209284028324	0.484657749803	0.239968528718	0.066089693155
-xốc	0.555555555555	0.444444444445	0.0	0.0
-bên	0.0269441507314	0.355853478411	0.0695202395485	0.547682131309
-oải	0.266852306563	0.448815978147	0.142165857645	0.142165857645
-xối	0.302325581395	0.418604651163	0.186046511628	0.0930232558139
-xốn	1.0	0.0	0.0	0.0
-xốp	0.0569105691057	0.894308943089	0.0487804878049	0.0
-hùi	0.623961323463	0.211764113411	0.126907387823	0.0373671753034
-xốt	0.075	0.891666666667	0.0277777777778	0.00555555555556
-hùm	0.0825857298566	0.748050641402	0.156787121657	0.0125765070848
-hùn	0.5	0.25	0.0	0.25
-tức	0.121838042581	0.0811766089972	0.0222603274355	0.774725020986
-hùa	0.494589601478	0.450778569543	0.0356294536817	0.0190023752969
-sĩ!	0.0	1.0	0.0	0.0
-đực	0.00851100046812	0.928507596068	0.0597897782885	0.00319162517554
-oét	0.441571824556	0.372659383662	0.160841350073	0.0249274417088
--vú	0.0	1.0	0.0	0.0
-xử!	0.0	1.0	0.0	0.0
-iễm	0.347758887172	0.344667697063	0.224111282844	0.0834621329212
-hằm	0.298252348332	0.236456331777	0.0997235902579	0.365567729633
-hằn	0.338746512872	0.452170330862	0.104939074628	0.104144081639
-ặn!	0.910052910053	0.0899470899471	0.0	0.0
--đi	0.0299395982015	0.948399920785	0.0141515142625	0.00750896675151
--ty	0.0	0.970588235294	0.0	0.0294117647059
-glà	0.333333333333	0.666666666667	0.0	0.0
-cmà	0.394117647059	0.358823529412	0.141176470588	0.105882352941
-đổi	0.593321742688	0.330377231686	0.035272331473	0.0410286941531
-gắn	0.37108056235	0.166525171916	0.369313200349	0.0930810653841
--đe	0.0248349620506	0.951289881196	0.0139171768013	0.00995797995264
-đắt	0.0641125879593	0.183997915038	0.745634610373	0.00625488663017
--tu	0.020462501849	0.96102263202	0.0046102263202	0.0139046398107
--ti	0.031857680284	0.914335293806	0.0474487362899	0.00635828962009
-ihả	0.666666666667	0.333333333333	0.0	0.0
--ta	0.0210134617489	0.931049578636	0.0420269234979	0.00591003611689
--đu	0.0385438972163	0.89721627409	0.017130620985	0.0471092077088
-gắc	0.714285714286	0.285714285714	0.0	0.0
--te	0.0	1.0	0.0	0.0
-víu	0.180327868852	0.475409836066	0.344262295082	0.0
-bơi	0.873938602221	0.0476812540823	0.00587851077727	0.0725016329196
-nốp	0.0148148148148	0.977777777778	0.0074074074074	0.0
-ẵng	0.31576686238	0.39252470285	0.141343262208	0.150365172562
-nốt	0.153970972685	0.800594969801	0.0454340575138	0.0
-nối	0.601872500089	0.214328696329	0.067785211143	0.116013592439
-uỡi	0.666666666667	0.333333333333	0.0	0.0
-ận!	0.352422907489	0.502202643172	0.0264317180617	0.118942731278
-ặng	0.0871174114164	0.125563311551	0.110770558649	0.676548718383
-tọc	0.571428571429	0.428571428571	0.0	0.0
-đổ!	0.307692307692	0.153846153846	0.384615384615	0.153846153846
-lót	0.117239401781	0.853088002101	0.0185725784999	0.0111000176191
-º·c	0.4	0.0	0.0	0.6
-iỡn	0.536534446764	0.382045929019	0.0062630480167	0.0751565762004
-ếp!	0.341702903633	0.312666573152	0.274933370739	0.0706971524758
-atừ	0.366071428571	0.428571428571	0.0	0.205357142857
-lóc	0.581045353691	0.343343071484	0.0372003566531	0.0384112181716
-ẳng	0.12100767632	0.0673448827483	0.0255569406736	0.786090500258
-lóe	0.462152909852	0.435146443515	0.102700646634	0.0
-lói	0.284753363229	0.447683109118	0.18086696562	0.0866965620329
-cãi	0.524306255568	0.34561381831	0.0604486008051	0.0696313253169
-mèm	0.185185185185	0.296296296296	0.518518518519	0.0
-đẹp	0.394085365094	0.183261409915	0.344971007004	0.0776822179867
-kít	0.0	1.0	0.0	0.0
-kíp	0.1905476721	0.0623196903952	0.0875337164302	0.659598921074
-iôn	0.0	1.0	0.0	0.0
-kín	0.324585852612	0.318998873796	0.276731617393	0.0796836561995
-00m	0.0	1.0	0.0	0.0
-gắp	0.299703996053	0.700296003947	0.0	0.0
-obồ	0.5	0.25	0.0	0.25
-mụt	0.235924932976	0.747989276139	0.0	0.0160857908847
-hản	0.672213197636	0.147727190341	0.0286843944697	0.151375217553
-vầy	0.521941343839	0.0575344714379	0.00700372072664	0.413520463996
-hảm	0.37236306676	0.308872354554	0.21115897366	0.107605605026
-46m	0.0	0.5	0.0	0.5
-hải	0.238121578652	0.0463763627888	0.0437031456043	0.671798912955
-ạn!	0.0	0.8	0.2	0.0
-rí!	0.302325581395	0.209302325581	0.279069767442	0.209302325581
-ẹp!	0.0	0.0	0.0	1.0
-vần	0.24	0.52	0.24	0.0
-hảy	0.19414138317	0.110081676612	0.0334429618402	0.662333978377
-hởm	0.1875	0.6875	0.125	0.0
-ốt-	0.0	1.0	0.0	0.0
-gắm	0.534315875662	0.367137468199	0.0412316869901	0.0573149691493
-iễn	0.371889390719	0.232365834219	0.109397139568	0.286347635494
-rồi	0.0823214513208	0.0110291859214	0.00243914391505	0.904210218843
-vít	0.0103030257485	0.965654625632	0.0197626302313	0.00427971838785
-000	0.0406205923837	0.226516220028	0.0194640338505	0.713399153738
-víp	0.0	1.0	0.0	0.0
-vòi	0.266666666667	0.733333333333	0.0	0.0
-uổi	0.432058427384	0.243474654116	0.191280917953	0.133186000547
-xẩy	0.444444444444	0.555555555556	0.0	0.0
-iễu	0.436716585621	0.47125946878	0.0585078559389	0.0335160896604
-gắt	0.465605808968	0.349001583562	0.117415318064	0.0679772894056
-vía	0.575626853599	0.279050957131	0.105688864923	0.0396333243462
-ắng	0.29567740767	0.333533765704	0.307927743753	0.0628610828727
-ríp	0.0	1.0	0.0	0.0
-rít	0.0139827203014	0.983367922168	0.00176623835387	0.000883119176934
-ríu	0.550691244239	0.331797235023	0.0691244239632	0.0483870967742
-!do	0.285714285714	0.0	0.714285714286	0.0
-thư	0.128663382664	0.827222464562	0.0223673897855	0.0217467629879
--gơ	0.00684931506849	0.993150684932	0.0	0.0
-468	0.0	0.2	0.0	0.8
-ãhọ	0.333333333333	0.666666666667	0.0	0.0
-ạng	0.235285799065	0.608079009087	0.0595912608723	0.0970439309756
-ạnh	0.158973140236	0.284768000075	0.414736292771	0.141522566918
-tởm	0.165943516267	0.461873305765	0.330790177735	0.041393000233
