giw-	0.442350261017	0.387721126709	0.0438637914814	0.126064820793
agu-	0.111111111111	0.185185185185	0.0	0.703703703704
ivi-	0.188736549809	0.678728450769	0.01885919241	0.113675807011
tut-	0.211828899932	0.647374062165	0.119847997661	0.0209490402416
siu-	0.145717471563	0.286535763756	0.0276523848729	0.540094379808
gin-	0.524153133533	0.221345702232	0.0687016261317	0.185799538103
tiu-	0.338028169014	0.633802816901	0.0	0.0281690140845
del-	0.151459139083	0.780883017731	0.015721532975	0.0519363102115
dok-	0.228698515143	0.592420905741	0.123934326145	0.0549462529709
fal-	0.0525092506871	0.885577514126	0.0252443026529	0.0366689325339
niy-	0.0449438202247	0.955056179775	0.0	0.0
uꞌi-	0.609521475866	0.241607419559	0.027850417009	0.121020687565
ogo-	0.163866974364	0.743841571406	0.0446161827581	0.0476752714718
aiꞌ-	0.135537047965	0.597175920679	0.0633717771846	0.203915254171
udi-	0.55178795584	0.272071840098	0.111525958351	0.0646142457111
aul-	0.431522825725	0.291349098773	0.0318937512197	0.245234324282
kul-	0.103644550166	0.655594257073	0.215274827967	0.0254863647948
hiv-	0.509752238715	0.259167861144	0.0653803556962	0.165699544444
mah-	0.061711992176	0.657888701572	0.223309504058	0.0570898021942
eda-	0.2433710471	0.492580951213	0.0416206808271	0.22242732086
hem-	0.0	0.991525423729	0.00847457627118	0.0
hoi-	0.0501841825176	0.578868705652	0.193932095153	0.177015016677
aku-	0.0882229183702	0.0493217174724	0.0200274805498	0.842427883608
baf-	0.41315355988	0.49228235007	0.0451467268623	0.0494173631871
lis-	0.0	1.0	0.0	0.0
yuo-	0.0769230769231	0.923076923077	0.0	0.0
fog-	0.362134688691	0.561626429479	0.0762388818297	0.0
aba-	0.139104371473	0.683918870009	0.056306752045	0.120670006473
ana-	0.0595008045498	0.0333899391045	0.0451129146048	0.861996341741
duꞌ-	0.275314557872	0.621977420538	0.0358662932535	0.0668417283361
yal-	0.261386138614	0.70297029703	0.0118811881188	0.0237623762376
seꞌ-	0.11150712831	0.211939918534	0.061099796334	0.615453156823
gow-	0.0914091117857	0.843730746396	0.01377857935	0.0510815624685
veu-	0.285694536846	0.460544846594	0.19103327314	0.0627273434193
weꞌ-	0.276899924755	0.398444946075	0.0680210684726	0.256634060697
vil-	0.658653846154	0.331730769231	0.00961538461538	0.0
fou-	0.188405797101	0.730434782609	0.0289855072463	0.0521739130435
nun-	0.515618314078	0.353872486093	0.130509199829	0.0
kat-	0.421728165816	0.412280591697	0.0614782379584	0.104513004529
kuv-	0.17204831156	0.500123243776	0.327828444664	0.0
ayu-	0.785597381342	0.0490998363339	0.050736497545	0.114566284779
mil-	0.239698691333	0.522245997196	0.127573231019	0.110482080452
igi-	0.149941043373	0.595430064693	0.199496478537	0.0551324133974
gan-	0.539653332349	0.196997615192	0.0620326783886	0.20131637407
yut-	0.0964467005076	0.827411167513	0.0761421319797	0.0
sen-	0.0322580645161	0.935483870968	0.0	0.0322580645161
yau-	0.132198143333	0.70158233789	0.00784782403042	0.158371694746
ini-	0.00723879996784	0.978283600097	0.0	0.0144775999356
bay-	0.120940649496	0.771556550952	0.026875699888	0.0806270996641
mig-	0.0495325968193	0.86524219983	0.0400631297803	0.0451620735705
gig-	0.561233638316	0.0450808449144	0.00444360382752	0.389241912942
ked-	0.0453492899444	0.925223877539	0.0208200987725	0.00860673374454
uga-	0.441603062281	0.128561330593	0.0359609412419	0.393874665884
tai-	0.0528701056712	0.858177349036	0.0338633137943	0.0550892314987
mey-	0.131753395761	0.728962834983	0.0669066368562	0.0723771324
iꞌo-	0.134529147982	0.681614349776	0.159940209267	0.0239162929746
dek-	0.0113421550095	0.769376181474	0.0	0.219281663516
kum-	0.373878120776	0.509009675072	0.0663290359796	0.050783168172
bik-	0.048128342246	0.459129106188	0.436210847976	0.0565317035905
git-	0.477220334306	0.202703749542	0.0865856946404	0.233490221512
ful-	0.325302790943	0.458135860979	0.0967614533966	0.119799894681
aiw-	0.109168772817	0.646342319573	0.100217635496	0.144271272115
val-	0.464023948944	0.197091913942	0.0184222646227	0.320461872492
mul-	0.186711385631	0.0843479750344	0.0501409069401	0.678799732395
gaw-	0.465653810159	0.403882837857	0.0635590689154	0.0669042830689
ate-	0.00447293872075	0.986581183838	0.0	0.00894587744148
naw-	0.147239263804	0.742331288343	0.0	0.110429447853
kam-	0.0966621132302	0.634434830906	0.0193998285478	0.249503227316
aꞌa-	0.277431739124	0.589091512413	0.0361722543091	0.0973044941535
sin-	0.0481236970118	0.759207783183	0.184329395413	0.00833912439193
bod-	0.293400477074	0.666843360721	0.0159024648821	0.0238536973231
kim-	0.323581560284	0.59219858156	0.0	0.084219858156
tag-	0.277929424383	0.408323070426	0.156321602844	0.157425902346
toe-	0.0152983171851	0.796022437532	0.127485976543	0.0611932687405
waf-	0.249238577586	0.524720591079	0.103268588562	0.122772242773
giꞌ-	0.598920762962	0.197462964421	0.0757473393336	0.127868933283
maw-	0.347874720358	0.652125279642	0.0	0.0
noy-	0.158259149357	0.737883283877	0.0326409495549	0.0712166172107
lom-	0.157376414118	0.518573443335	0.212933314771	0.111116827776
him-	0.446363047753	0.214104783589	0.0776322806584	0.261899887999
saw-	0.0859950859951	0.666769041769	0.247235872236	0.0
ake-	0.280373831776	0.682242990654	0.0	0.0373831775701
nuꞌ-	0.0479233226837	0.784345047923	0.119808306709	0.0479233226837
kid-	0.0995106035888	0.800978792822	0.0440456769984	0.0554649265906
vel-	0.184761258526	0.294190033703	0.158318960725	0.362729747046
kiv-	0.372219017601	0.394116316053	0.0587029890083	0.174961677337
uho-	0.345945009242	0.268888632163	0.0980822550832	0.287084103512
yod-	0.0	1.0	0.0	0.0
hiꞌ-	0.644758463463	0.175214851122	0.0560023690717	0.124024316343
276-	0.0	0.156862745098	0.0	0.843137254902
eso-	0.0	1.0	0.0	0.0
gug-	0.368401537021	0.479301320091	0.0262581280842	0.126039014804
500-	0.229007633588	0.137404580153	0.297709923664	0.335877862595
bwa-	0.145148532092	0.678990211463	0.0542552960383	0.121605960407
asi-	0.329411764706	0.6	0.0705882352941	0.0
sem-	0.0	1.0	0.0	0.0
oto-	0.202082057563	0.682928488807	0.0244947948561	0.0904946587739
beꞌ-	0.562369519833	0.28888308977	0.0417536534447	0.106993736952
uva-	0.607029408751	0.225945281279	0.0850496977149	0.0819756122553
yoꞌ-	0.0573407627594	0.514091746976	0.0178668863674	0.410700603897
153-	0.18	0.09	0.02	0.71
lau-	0.233852453488	0.409932114957	0.0862443994585	0.269971032096
hid-	0.221994821871	0.121654371905	0.0344797658279	0.621871040396
usi-	0.707591975615	0.183242361948	0.0645069823492	0.0446586800879
ufi-	0.672888015717	0.188113948919	0.0250491159136	0.11394891945
maꞌ-	0.316875847107	0.182850700695	0.0823140070468	0.417959445151
nog-	0.224198158145	0.40489044141	0.104795173071	0.266116227374
mog-	0.0455614480055	0.784628391361	0.0167857966336	0.153024364
tol-	0.272571682403	0.558482562798	0.0249407727415	0.144004982058
mel-	0.099548029351	0.607276543153	0.023166497543	0.270008929953
foꞌ-	0.0805604203153	0.45534150613	0.464098073555	0.0
kaf-	0.139185343294	0.623141230879	0.0331732479545	0.204500177873
ail-	0.382593457944	0.417640186916	0.0	0.19976635514
laꞌ-	0.271653543307	0.688976377953	0.0	0.0393700787402
vay-	0.152	0.721066666667	0.0741333333333	0.0528
isa-	0.0	1.0	0.0	0.0
tum-	0.16304234369	0.800424480707	0.0323579555339	0.00417522006889
luv-	0.11515938149	0.773335479183	0.0475559014792	0.0639492378482
fik-	0.0426120641948	0.915882678473	0.0415052573326	0.0
yom-	0.198879171366	0.519035780299	0.0167002285357	0.265384819799
bab-	0.0747481779705	0.738037871768	0.0253200784446	0.161893871817
ita-	0.18116622828	0.512067485212	0.081931621255	0.224834665253
eno-	0.362853179528	0.509235599036	0.0695042710083	0.0584069504271
tuh-	0.866242038217	0.0764331210191	0.0573248407644	0.0
kug-	0.115096430947	0.772511638218	0.0234981157171	0.0888938151185
hol-	0.110555662373	0.771197846568	0.0288406075755	0.0894058834839
hei-	0.183976261128	0.326409495549	0.0445103857567	0.445103857567
daw-	0.138482950592	0.729993041058	0.0508002783577	0.0807237299931
tow-	0.332892998679	0.528401585205	0.00792602377807	0.130779392338
ali-	0.161321747423	0.473770300896	0.195886030202	0.169021921479
kev-	0.262189965364	0.567081805525	0.0372668951823	0.133461333928
non-	0.160494464952	0.0313524388425	0.0178766898297	0.790276406376
uba-	0.548763415772	0.346710219319	0.0	0.104526364909
boꞌ-	0.0762795275591	0.867618110236	0.00984251968505	0.0462598425198
dod-	0.134831460674	0.696629213483	0.0674157303371	0.101123595506
tau-	0.122621111318	0.131990402606	0.148117353483	0.597271132593
mal-	0.0959404288368	0.532000783647	0.0965603495625	0.275498437954
tod-	0.277126567845	0.402006841505	0.207525655644	0.113340935006
sab-	0.0291704649043	0.931256367634	0.00611292830715	0.0334602391549
aki-	0.353824021152	0.373537073759	0.134919709164	0.137719195925
nin-	0.56	0.309090909091	0.0872727272727	0.0436363636363
use-	0.482770705879	0.255492049229	0.16616058044	0.0955766644515
veg-	0.433070866142	0.459755030621	0.0721784776903	0.0349956255468
toy-	0.205256677462	0.377811685017	0.141437554169	0.275494083352
tuw-	0.288161615681	0.117593502516	0.0808133163892	0.513431565414
yav-	0.0981697171381	0.712146422629	0.126455906822	0.0632279534109
emo-	0.0	1.0	0.0	0.0
ova-	0.0	1.0	0.0	0.0
udu-	0.0	0.542682926829	0.457317073171	0.0
sak-	0.117357813979	0.770422126974	0.0177756573531	0.094444401694
ALL	0.216840368005	0.270379445991	0.0502802865144	0.462499899489
dud-	0.574402467232	0.190439475713	0.0578257517348	0.17733230532
fib-	0.0923076923077	0.907692307692	0.0	0.0
uwa-	0.323586206897	0.556873563218	0.00735632183909	0.112183908046
liv-	0.11670340436	0.802736083412	0.0196809068962	0.0608796053322
tel-	0.0106761565836	0.806049822064	0.0106761565836	0.172597864769
k10-	0.0454565497116	0.82659168073	0.013468607322	0.114483162237
mii-	0.0299253839503	0.851520558146	0.00475783518499	0.113796222719
guy-	0.0172744721689	0.976967370441	0.0	0.00575815738962
gas-	0.445407386448	0.298990797257	0.134686123125	0.12091569317
ata-	0.113036730471	0.815386889365	0.0362131401966	0.0353632399675
fit-	0.0241881003868	0.9353282642	0.00241679604198	0.0380668393717
aꞌu-	0.37037037037	0.592592592593	0.0	0.037037037037
ofa-	0.215084297467	0.731367744657	0.0535479578756	0.0
baw-	0.0679767395228	0.901744535793	0.0134349308201	0.016843793864
wae-	0.294172062905	0.337650323774	0.123959296947	0.244218316374
lum-	0.523625096824	0.391169635941	0.0852052672347	0.0
vad-	0.214002642008	0.655217965654	0.0515191545575	0.0792602377807
mes-	0.108843537415	0.866666666667	0.0	0.0244897959184
sed-	0.0	0.953642384106	0.046357615894	0.0
adi-	0.0839408091858	0.0557692406092	0.0170725782125	0.843217371992
ami-	0.102108717648	0.045093052945	0.0234617471045	0.829336482302
eit-	0.0232855415443	0.102159267576	0.172050440491	0.702504750389
amu-	0.206389595703	0.541984732824	0.183771557817	0.0678541136557
nou-	0.102581394172	0.765607319148	0.0184823838503	0.11332890283
dev-	0.0112408127972	0.963251188932	0.00302637267618	0.0224816255945
haw-	0.249926751716	0.497710377069	0.0767398526149	0.1756230186
bug-	0.134453781513	0.831932773109	0.0336134453782	0.0
gis-	0.559974098157	0.181457970005	0.051661931116	0.206906000722
tal-	0.0705436390533	0.820267673032	0.0232890106688	0.0858996772458
gid-	0.461398825572	0.238157186273	0.0822344338628	0.218209554292
bin-	0.133333333333	0.866666666667	0.0	0.0
kos-	0.0	1.0	0.0	0.0
lem-	0.361634008241	0.351050899712	0.077313016927	0.210002075119
450-	0.046511627907	0.46511627907	0.046511627907	0.441860465116
aih-	0.112025068547	0.564825695261	0.24089306698	0.0822561692127
lud-	0.276595744681	0.255319148936	0.0	0.468085106383
uhi-	0.493419028963	0.341692434716	0.0679952727095	0.0968932636113
giv-	0.540898936547	0.207429568297	0.0626231312257	0.189048363931
umi-	0.586254893047	0.160175190263	0.049047911426	0.204522005263
ged-	0.0	1.0	0.0	0.0
sik-	0.0441812748931	0.619777703817	0.0256017321401	0.31043928915
ben-	0.0	1.0	0.0	0.0
bog-	0.0220430158897	0.777687537622	0.126601630056	0.0736678164324
veh-	0.216554627477	0.580373332438	0.0193473877009	0.183724652384
lai-	0.10973897079	0.759715041151	0.0921016499682	0.0384443380905
ela-	0.148908170833	0.716327227141	0.0538776836288	0.0808869183967
bun-	0.148723084627	0.746357631686	0.0319526909412	0.0729665927463
ili-	0.659217877095	0.240223463687	0.100558659218	0.0
lam-	0.0147160122542	0.958448906576	0.0121190689152	0.0147160122542
til-	0.0130434782609	0.9	0.0608695652174	0.0260869565217
gat-	0.479747190197	0.335249379089	0.0760903389159	0.108913091798
uve-	0.598341583755	0.20144829509	0.062580188781	0.137629932375
idi-	0.147408674462	0.764703164512	0.0152673367959	0.0726208242302
hih-	0.52899516538	0.222332330897	0.0651476853348	0.183524818388
fet-	0.00553490062337	0.97324798032	0.0175271853074	0.00368993374892
yem-	0.0429201283705	0.914789598392	0.0031492756666	0.0391409975705
sat-	0.0522875816993	0.738562091503	0.130718954248	0.078431372549
fef-	0.360558585329	0.4364279492	0.0362961982239	0.166717267247
ani-	0.0355141681787	0.94926547403	0.008922278705	0.00629807908588
dik-	0.301986754967	0.300662251656	0.373509933775	0.0238410596027
yoi-	0.310897435897	0.689102564103	0.0	0.0
yad-	0.050558107785	0.0254907428001	0.0100248023088	0.913926347106
nib-	0.320515609488	0.356723288685	0.0258228173816	0.296938284445
abi-	0.0	1.0	0.0	0.0
wow-	0.153099265153	0.637625498758	0.0689802772252	0.140294958863
ahu-	0.207428847082	0.364688856729	0.103714423541	0.324167872648
mom-	0.421013790877	0.0817766708178	0.380978737143	0.116230801162
ban-	0.141936612321	0.0482974229169	0.00213385321894	0.807632111543
hal-	0.338231595588	0.366363669026	0.0740416052886	0.221363130097
nau-	0.307367516181	0.567581917476	0.0757483818771	0.049302184466
ise-	0.330739299611	0.412451361868	0.175097276265	0.0817120622567
nag-	0.145317146644	0.160820006602	0.293139954681	0.400722892073
dab-	0.0588749281585	0.328825818992	0.600524267217	0.0117749856317
did-	0.0650254920094	0.872610201597	0.00902489035006	0.0533394160433
nam-	0.0766600920447	0.907429322814	0.00144641683103	0.0144641683103
sev-	0.116256528595	0.154811122751	0.118089754439	0.610842594215
ale-	0.0919094660498	0.831616734324	0.0620202087978	0.0144535908283
udo-	0.0419067574646	0.502881089576	0.356731272918	0.098480880042
moꞌ-	0.907643312102	0.0445859872611	0.0	0.0477707006369
bon-	0.24984544762	0.438050095104	0.0378560338199	0.274248423456
oli-	0.0254560882478	0.94145099703	0.0305473058973	0.00254560882478
won-	0.182829736944	0.385084178813	0.0459136331873	0.386172451056
mod-	0.31534302197	0.552393012925	0.106936822851	0.0253271422541
tok-	0.0724426498803	0.672793398913	0.179059860185	0.0757040910214
ula-	0.194203355508	0.406644826188	0.266436045574	0.13271577273
gib-	0.532211146959	0.270348905045	0.0549132898136	0.142526658183
kon-	0.110338014861	0.67910778966	0.0903377285287	0.12021646695
eli-	0.0422714349843	0.915083046536	0.00561125243154	0.0370342660482
fut-	0.0	0.970873786408	0.0291262135922	0.0
yul-	0.0	1.0	0.0	0.0
fif-	0.155200489865	0.492781878397	0.204441195974	0.147576435764
uꞌu-	0.0777005046833	0.833193698198	0.0288283461265	0.0602774509918
eto-	0.505327362569	0.393221124151	0.00849289684991	0.0929586164299
maf-	0.0939007134076	0.231346069089	0.654972659388	0.0197805581154
vit-	0.303128033904	0.275701443611	0.147579236708	0.273591285777
ehe-	0.0102040816326	0.0553168635876	0.00402792696026	0.93045112782
waw-	0.243934715483	0.428607363283	0.169062400887	0.158395520348
siv-	0.474969279265	0.330047550355	0.0612811882246	0.133701982155
uꞌa-	0.562163927155	0.253498376835	0.103874390067	0.0804633059425
fwa-	0.197917148516	0.424181766955	0.248445115413	0.129455969117
nim-	0.207651169405	0.609681643133	0.0284800906114	0.154187096851
waꞌ-	0.355571533244	0.275074204057	0.0870120474327	0.282342215266
tul-	0.0631114389918	0.414290375068	0.0908955216905	0.43170266425
ai--	0.167757258336	0.75710656437	0.0461577004531	0.0289784768408
aye-	0.444324324324	0.0967567567568	0.0277477477478	0.431171171171
ina-	0.0119051653056	0.0822292252605	0.0126506500401	0.893214959394
mai-	0.0986728216966	0.858049624928	0.0126947489902	0.0305828043855
hiu-	0.228852228852	0.737451737452	0.025272025272	0.00842400842399
fad-	0.0	1.0	0.0	0.0
fot-	0.0192674147787	0.0817277154351	0.0664831674784	0.832521702308
ba--	0.0	0.96	0.04	0.0
hul-	0.357360997013	0.158724237124	0.08023624056	0.403678525303
vet-	0.127564782132	0.727247524634	0.0313597972921	0.113827895941
gim-	0.578830029151	0.149114635398	0.0744144086622	0.197640926788
lab-	0.184952978056	0.51724137931	0.0	0.297805642633
kau-	0.0431149509723	0.864658890668	0.0138183625349	0.0784077958249
iba-	0.0166961251417	0.959484069656	0.0022261500189	0.0215936551833
wav-	0.317865737727	0.424386950499	0.106701286955	0.151046024819
ino-	0.0174672489083	0.982532751092	0.0	0.0
bas-	0.0	1.0	0.0	0.0
mim-	0.229585798817	0.68875739645	0.00355029585799	0.0781065088757
fey-	0.0890892217951	0.695611825534	0.090945247249	0.124353705422
sit-	0.126366634229	0.758491354007	0.0307505013455	0.0843915104189
yes-	0.00835432209218	0.669055227204	0.00304548609823	0.319544964605
mid-	0.153973706029	0.524102807059	0.215622409096	0.106301077816
gaf-	0.518457484128	0.300379479274	0.0630198967769	0.118143139821
oꞌo-	0.0264072272411	0.145934676859	0.594162612926	0.233495482974
omi-	0.0420757704333	0.0230360075157	0.00730643785863	0.927581784192
day-	0.0860113502385	0.876991026103	0.0133502752036	0.0236473484548
eha-	0.0	1.0	0.0	0.0
666-	0.0558659217877	0.100558659218	0.0	0.843575418994
sod-	0.0123456790123	0.975308641975	0.0123456790123	0.0
vai-	0.272208848771	0.0743850278407	0.0111402949972	0.642265828391
ide-	0.0997475014433	0.0222905641817	0.0153704402605	0.862591494114
kan-	0.394204855835	0.279730204962	0.108804001905	0.217260937298
nei-	0.0357142857143	0.892857142857	0.0	0.0714285714286
kuk-	0.0955123590112	0.665226781857	0.221982241421	0.0172786177106
diy-	0.0543679723218	0.816631656988	0.121586556283	0.00741381440751
nav-	0.327690744051	0.597133144079	0.0231311113448	0.0520450005256
sey-	0.276883116883	0.518961038961	0.0696103896104	0.134545454545
fis-	0.110157367668	0.881258941345	0.0	0.00858369098713
ifi-	0.0	1.0	0.0	0.0
uya-	0.269325664402	0.51315136405	0.0618329187641	0.155690052784
luh-	0.0366984732825	0.0419847328244	0.0494592875318	0.871857506361
uhu-	0.596733668342	0.192211055276	0.0753768844221	0.13567839196
taf-	0.0970722445358	0.735490973884	0.0466251918393	0.120811589741
wan-	0.45623614863	0.271429716642	0.0926135915955	0.179720543133
uka-	0.560402684564	0.345637583893	0.0469798657718	0.0469798657719
met-	0.0581636892397	0.687577897798	0.0249272953884	0.229331117574
100-	0.122208145872	0.0369978489191	0.068656261726	0.772137743483
iꞌa-	0.0246004865077	0.44948072726	0.480658817314	0.045259968919
oke-	0.279411764706	0.691176470588	0.0	0.0294117647059
giy-	0.547614594431	0.203953447412	0.0555502674615	0.192881690696
ken-	0.0499280697301	0.95007193027	0.0	0.0
hil-	0.601650871727	0.227228378234	0.0348124915601	0.136308258479
ufa-	0.306911752474	0.438576062547	0.138484571238	0.11602761374
ilu-	0.450638792102	0.242740998839	0.1393728223	0.16724738676
mat-	0.176727184818	0.311058747183	0.100327873958	0.411886194041
hig-	0.312674831965	0.0423953400834	0.00923396663645	0.635695861315
aka-	0.0584675143552	0.840510343271	0.0208247398754	0.0801974024987
uyo-	0.166134417187	0.629626941501	0.150892727537	0.0533459137755
kiw-	0.52719665272	0.422594142259	0.0502092050209	0.0
aꞌi-	0.702931966382	0.141927434386	0.0414310507623	0.113709548469
leh-	0.0359193486074	0.85717444783	0.034925532638	0.0719806709247
wab-	0.332690385705	0.491517547378	0.0690691264188	0.106722940499
ala-	0.289274118475	0.534091683128	0.0604749903504	0.116159208047
but-	0.27659354661	0.618719652881	0.0464892041737	0.058197596336
dig-	0.166722045664	0.0322908683605	0.0186229744238	0.782364111551
nah-	0.0	1.0	0.0	0.0
sol-	0.0	1.0	0.0	0.0
how-	0.0699708454811	0.930029154519	0.0	0.0
hib-	0.522118113848	0.320874430105	0.0856440208229	0.0713634352241
fok-	0.116305587229	0.746864310148	0.0684150513113	0.0684150513113
anu-	0.425680414093	0.335283313526	0.0681347175704	0.170901554811
hik-	0.521294917489	0.26446439402	0.0888995096282	0.125341178863
wai-	0.137050096169	0.0440574122127	0.240184967717	0.578707523901
gay-	0.43273856663	0.354326330174	0.0662454141587	0.146689689038
kin-	0.0513016624336	0.917094781806	0.0229450473332	0.00865850842761
aim-	0.110015259425	0.0279615251986	0.00847474840126	0.853548466975
dan-	0.0604838709677	0.939516129032	0.0	0.0
lug-	0.47610839797	0.321363592837	0.0416546969262	0.160873312267
eba-	0.0	1.0	0.0	0.0
uyu-	0.0824413829921	0.771975586447	0.082412338996	0.0631706915652
hay-	0.190839694657	0.229007633588	0.488549618321	0.0916030534351
mis-	0.0696260565833	0.868596642303	0.00759556980908	0.0541817313048
hos-	0.0366166819897	0.917414323305	0.0218749009289	0.0240940937768
vag-	0.139210323305	0.523809523809	0.118521635458	0.218458517428
yai-	0.16469531367	0.818835154963	0.00748615062136	0.00898338074561
mak-	0.219259142888	0.27243761024	0.058290266445	0.450012980427
yon-	0.0524106293528	0.873255830695	0.0123876082927	0.0619459316596
vav-	0.0319451920724	0.815258135552	0.0253486665035	0.127448005872
afe-	0.0	1.0	0.0	0.0
sos-	0.0143540669856	0.985645933014	0.0	0.0
don-	0.0483738726429	0.910631320033	0.0	0.0409948073244
ule-	0.474662162162	0.251689189189	0.233108108108	0.0405405405405
get-	0.0794511752083	0.27414203883	0.230817323127	0.415589462834
tov-	0.11795474204	0.509771758812	0.02357881053	0.348694688618
leg-	0.185567010309	0.783505154639	0.0309278350515	0.0
hak-	0.0728582378812	0.441357441465	0.00605059010921	0.479733730545
ave-	0.424395402419	0.368642601652	0.0482092913851	0.158752704543
kag-	0.175971249768	0.206270524816	0.0687774955077	0.548980729909
utu-	0.237605616191	0.558775298762	0.0751755059752	0.128443579072
esa-	0.0	0.857142857143	0.0	0.142857142857
hiy-	0.564688115248	0.205838785102	0.0625742066718	0.166898892978
uꞌe-	0.751883532371	0.078104012504	0.0270318948885	0.142980560236
boi-	0.479636050776	0.0593796212531	0.0145803641906	0.44640396378
sis-	0.0749028144569	0.89165944457	0.00716523020861	0.0262725107649
gil-	0.480152961812	0.174020037096	0.0894493251478	0.256377675945
huh-	0.366540642722	0.384688090737	0.211720226843	0.0370510396975
ama-	0.121958044395	0.0781923897953	0.0388803369311	0.760969228879
ved-	0.106400143421	0.618859806382	0.133978725947	0.14076132425
abu-	0.387537993921	0.557750759878	0.0364741641337	0.0182370820669
tuv-	0.0	0.22131147541	0.77868852459	0.0
dub-	0.322815533981	0.626213592233	0.0	0.0509708737864
lit-	0.134529147982	0.798206278027	0.067264573991	0.0
oin-	0.132553480855	0.859774236258	0.00183702548011	0.0058352574074
wol-	0.021507698883	0.978492301117	0.0	0.0
law-	0.00200169031627	0.997998309684	0.0	0.0
sal-	0.0369913686807	0.963008631319	0.0	0.0
vey-	0.221687061795	0.611836828416	0.0221977647837	0.144278345006
kov-	0.33423180593	0.55525606469	0.0458221024258	0.0646900269542
gab-	0.388486327058	0.552161089466	0.00983140953284	0.0495211739431
nub-	0.205887833054	0.266815725731	0.499347866592	0.0279485746227
kiꞌ-	0.30007558579	0.443688586546	0.165532879819	0.0907029478458
yan-	0.0409552592294	0.0249798904799	0.00174854858342	0.932316301707
bad-	0.0720604788694	0.0608496539442	0.0028958326721	0.864194034514
ufw-	0.638121546961	0.279005524862	0.0331491712707	0.0497237569061
yew-	0.459888361814	0.279686041417	0.0266712388791	0.23375435789
efi-	0.0416666666667	0.569444444444	0.375	0.0138888888889
eme-	0.128746680157	0.741621348173	0.0765144808397	0.0531174908309
min-	0.343654275247	0.623542362115	0.0140585839874	0.0187447786499
tun-	0.0906069182829	0.298872049412	0.328999065851	0.281521966454
fow-	0.011124157963	0.0074161053087	0.00927013163586	0.972189605092
yu--	0.180362860192	0.673425827108	0.127001067236	0.0192102454642
age-	0.0867448007817	0.772929305358	0.0480241025245	0.0923017913355
lul-	0.228431917619	0.568396625492	0.130169934009	0.0730015228794
tab-	0.166691050319	0.366413319938	0.136490998957	0.330404630786
lok-	0.217153281629	0.522771045562	0.0800084043843	0.180067268425
yow-	0.16088526134	0.799089624863	0.00784806152882	0.0321770522681
gal-	0.280713857922	0.53864076997	0.0432414361854	0.137403935922
dak-	0.534611288605	0.254703585375	0.0793397231097	0.131345402911
ida-	0.310344827586	0.051724137931	0.637931034483	0.0
hav-	0.288322762281	0.330803831467	0.241703611417	0.139169794835
sel-	0.0681609740621	0.883540022052	0.0330894617968	0.015209542089
kay-	0.434471446982	0.343996251	0.0866803518762	0.134851950142
kus-	0.031718061674	0.93127753304	0.0123348017621	0.0246696035242
wad-	0.517390981089	0.24142794287	0.0933746836278	0.147806392413
lil-	0.271710377972	0.0776653311162	0.0261338779711	0.62449041294
gak-	0.534963099376	0.269556090951	0.114840342472	0.0806404672008
imo-	0.151429112247	0.842892296044	0.0	0.00567859170926
ubu-	0.352091864736	0.527842276354	0.0947355089289	0.025330349981
gik-	0.542778914179	0.225337350584	0.125531484916	0.106352250321
tak-	0.0469843293623	0.942074114485	0.00450534665118	0.00643620950168
lob-	0.0412498697392	0.750468644627	0.0757219076209	0.132559578013
luk-	0.31883453337	0.538202061973	0.0303719773533	0.112591427304
lel-	0.165773788199	0.433530683081	0.146595925142	0.254099603579
kak-	0.346126570788	0.339942699912	0.2201089269	0.0938218023997
nel-	0.0776947285601	0.910503540519	0.0	0.0118017309205
one-	0.0338484179544	0.93451066961	0.0176600441501	0.0139808682855
tou-	0.120320855615	0.526737967915	0.144385026738	0.208556149733
kik-	0.12928533531	0.497433190113	0.198054053874	0.175227420703
aꞌe-	0.278118609407	0.252044989775	0.0306748466257	0.439161554192
gog-	0.0	1.0	0.0	0.0
vek-	0.286413562915	0.424463387692	0.104106807362	0.185016242032
hif-	0.47211690653	0.341466603587	0.0705989178349	0.115817572048
buh-	0.0135434622014	0.973528687515	0.00184683575474	0.0110810145284
unu-	0.21381308056	0.570694186098	0.101007599709	0.114485133633
sil-	0.0156285136047	0.96210928716	0.0197886215426	0.00247357769283
430-	0.0	0.0	0.0	1.0
lal-	0.199207236508	0.593454619372	0.20733814412	0.0
nad-	0.0182186234818	0.7995951417	0.182186234818	0.0
kib-	0.45587797529	0.413368990428	0.019397620978	0.111355413304
leu-	0.0	1.0	0.0	0.0
kis-	0.0	1.0	0.0	0.0
gen-	0.0152284263959	0.984771573604	0.0	0.0
tik-	0.121348314607	0.754307116105	0.0299625468165	0.0943820224718
nuw-	0.333085511992	0.251965677547	0.0481394406178	0.366809369843
gaꞌ-	0.627124418862	0.192234368185	0.0459878618607	0.134653351093
600-	0.185524974516	0.475535168196	0.115953109072	0.222986748216
haꞌ-	0.166703601352	0.0891554382777	0.026659015561	0.717481944809
sau-	0.0425292529253	0.881863186319	0.0013501350135	0.0742574257426
way-	0.300257371823	0.497339168705	0.131485527842	0.0709179316305
fon-	0.00636267232236	0.971367974549	0.0	0.0222693531283
aut-	0.0926916221034	0.900178253119	0.00713012477717	0.0
veb-	0.262068965517	0.641379310345	0.0827586206896	0.0137931034483
kit-	0.119170984456	0.880829015544	0.0	0.0
gol-	0.0379973067642	0.647074006625	0.307811035488	0.00711765112299
weh-	0.143859649123	0.779949874687	0.0586466165413	0.0175438596491
iyo-	0.157884231537	0.563872255489	0.211177644711	0.0670658682634
yud-	0.0182602671646	0.957831960362	0.00579810545021	0.0181096670231
fin-	0.119607843137	0.803267973856	0.0352941176471	0.0418300653595
sow-	0.40404040404	0.457070707071	0.113636363636	0.0252525252525
luy-	0.21568627451	0.450980392157	0.235294117647	0.0980392156862
tiy-	0.0759493670886	0.886075949367	0.0379746835443	0.0
bai-	0.0549766765614	0.746259162779	0.0740594899134	0.124704670746
sew-	0.224775224775	0.619380619381	0.0659340659341	0.0899100899101
itu-	0.0584415584416	0.902597402597	0.0	0.038961038961
had-	0.197353329911	0.164086991666	0.0562321816732	0.58232749675
kad-	0.0303287861296	0.0227353386096	0.0120454487419	0.934890426519
fen-	0.0164158686731	0.963064295486	0.0123119015048	0.00820793433653
yek-	0.0	1.0	0.0	0.0
tam-	0.103728685481	0.46115451305	0.00584329989457	0.429273501575
man-	0.11167036005	0.764825645497	0.0245871402546	0.0989168541984
koy-	0.12611938383	0.424067853938	0.277344443997	0.172468318235
men-	0.116412834889	0.0626999614124	0.0246363029088	0.79625090079
ava-	0.258296366226	0.560584176437	0.0478401501477	0.13327930719
iko-	0.191846522782	0.736211031175	0.0719424460432	0.0
ubw-	0.460694698355	0.189518586228	0.0438756855576	0.30591102986
ain-	0.0105263157895	0.789473684211	0.0210526315789	0.178947368421
lub-	0.0726535878055	0.670791322517	0.0155487933138	0.241006296364
deb-	0.0115629215648	0.961456928117	0.0	0.0269801503179
aho-	0.357479720807	0.216468590832	0.0509337860781	0.375117902283
ame-	0.0223880597015	0.768656716418	0.164179104478	0.044776119403
new-	0.897250361795	0.102749638205	0.0	0.0
uye-	0.425248032843	0.386589120766	0.0273691412932	0.160793705097
iso-	0.0132450331126	0.986754966887	0.0	0.0
dew-	0.418536598074	0.212122358317	0.0441472414186	0.32519380219
nig-	0.00978615440376	0.624864081189	0.365349764407	0.0
mag-	0.164781791122	0.712322540973	0.0469956361195	0.0759000317859
vin-	0.062393378404	0.790705755987	0.113571744487	0.0333291211221
ika-	0.106293169609	0.0894090560245	0.0138142747506	0.790483499616
hob-	0.531317494601	0.209503239741	0.097192224622	0.161987041037
gih-	0.510583549124	0.145378444795	0.0443017012338	0.299736304848
ket-	0.764065335753	0.208711433757	0.0	0.02722323049
afa-	0.200381102172	0.10744964007	0.169862682233	0.522306575525
bot-	0.0229885057471	0.827586206897	0.149425287356	0.0
nil-	0.0264400377715	0.9537299339	0.0198300283286	0.0
lag-	0.123313568789	0.706869996893	0.147374752943	0.0224416813744
dob-	0.295051579626	0.305303030303	0.0372340425532	0.362411347518
taw-	0.209686529229	0.677351030782	0.0381248234962	0.0748376164925
meg-	0.0	0.945701357466	0.0542986425339	0.0
mon-	0.0902255639098	0.90977443609	0.0	0.0
kof-	0.0220827522083	0.94769874477	0.0220827522083	0.00813575081357
alo-	0.518214651982	0.10188611941	0.0107013867214	0.369197841887
ano-	0.590271877655	0.0297366185216	0.0244265080713	0.355564995752
hit-	0.48074077675	0.213108354674	0.0567477976916	0.249403070884
las-	0.016393442623	0.95150273224	0.00409836065574	0.0280054644809
wik-	0.0440771349862	0.340023612751	0.0944510035419	0.521448248721
fos-	0.229691876751	0.616455537439	0.0593670303942	0.0944855554162
afo-	0.0966272045217	0.783693521585	0.0240295895945	0.0956496842985
huk-	0.17679558011	0.767955801105	0.0331491712708	0.0220994475138
iꞌi-	0.282265916981	0.552283195139	0.0750000529572	0.0904508349227
mib-	0.0854901297759	0.503257351197	0.0710917921294	0.340160726898
yos-	0.0440342707615	0.920935271029	0.0036577988492	0.0313726593604
gah-	0.375003020514	0.257455239772	0.0408810013864	0.326660738328
gou-	0.0700934579439	0.901869158879	0.0280373831776	0.0
fai-	0.165615777339	0.524582225514	0.0414980222743	0.268303974872
vew-	0.0984246551631	0.687159967582	0.103004135646	0.111411241608
ahe-	0.618509832154	0.0332650945274	0.0140407221	0.334184351219
mie-	0.134250713207	0.785198858869	0.0100688034905	0.0704816244336
ten-	0.0196784737509	0.0704422653592	0.0170102061237	0.892869054766
nai-	0.12048012003	0.736234058515	0.0345086271568	0.108777194299
his-	0.470708942161	0.246244316945	0.063620982429	0.219425758465
sai-	0.03211614375	0.954128054582	0.00173458714198	0.0120212145264
fan-	0.195108812171	0.27555165966	0.330383821059	0.198955707109
yas-	0.358208955224	0.641791044776	0.0	0.0
lot-	0.0510186374206	0.868809218061	0.0801721445181	0.0
gag-	0.469297359303	0.097216549818	0.0302791303603	0.403206960519
atu-	0.0767331388805	0.144128906322	0.0289080952319	0.750229859566
awa-	0.232920085991	0.555451801008	0.0686916694657	0.142936443535
ima-	0.231506849315	0.391780821918	0.123287671233	0.253424657534
yot-	0.0	1.0	0.0	0.0
wat-	0.434081893374	0.481520861384	0.0298032880225	0.0545939572187
300-	0.125872249061	0.41384863124	0.131508319914	0.328770799785
mik-	0.131654229123	0.579297222962	0.043040805675	0.24600774224
fes-	0.0273538156591	0.944697720515	0.00237859266601	0.0255698711596
guw-	0.217077411307	0.514742856404	0.0599398479394	0.208239884349
yef-	0.0	1.0	0.0	0.0
lik-	0.0	0.0992937266306	0.898213543831	0.00249272953885
fol-	0.0487580039915	0.876039393761	0.00332109391247	0.0718815083353
ewa-	0.0985031385804	0.90149686142	0.0	0.0
tog-	0.0976582414719	0.747572705541	0.110018466698	0.0447505862893
bul-	0.250543153498	0.525072910092	0.0431651169631	0.181218819447
ihi-	0.161094224924	0.601823708207	0.170212765957	0.0668693009118
dav-	0.282874617737	0.599898063201	0.058613659531	0.0586136595311
ebe-	0.0994693292422	0.889967556148	0.0105631146098	0.0
van-	0.126264720518	0.746744899652	0.0943357107314	0.0326546690994
now-	0.012976981307	0.987023018693	0.0	0.0
oꞌe-	0.215976780002	0.077604549224	0.00644078505706	0.699977885717
ley-	0.00693120776296	0.993068792237	0.0	0.0
aha-	0.622506967258	0.162527830108	0.0281959862368	0.186769216398
moy-	0.0872048516777	0.1198703227	0.160203181264	0.632721644358
kav-	0.289272784439	0.334074442124	0.0896608386734	0.286991934764
abo-	0.173658935046	0.439040455864	0.319003913291	0.0682966957988
aga-	0.0161506859727	0.00666015686374	0.00222696978101	0.974962187383
ive-	0.292072555119	0.555395246671	0.0642940951758	0.0882381030343
mos-	0.048643589195	0.862200572317	0.0113264191931	0.0778294192952
niw-	0.056338028169	0.758077879039	0.163214581607	0.0223695111847
inu-	0.376868332816	0.21309897553	0.0236775601478	0.386355131506
yaꞌ-	0.642626480086	0.228202368138	0.0	0.129171151776
mau-	0.0217391304348	0.951086956522	0.0271739130435	0.0
wam-	0.297818709661	0.282602336126	0.103072396214	0.316506557999
sid-	0.16265060241	0.512048192771	0.180722891566	0.144578313253
oye-	0.0590760580503	0.830939898184	0.00227946204695	0.107704581719
bel-	0.0866908748769	0.793625498008	0.0620543655636	0.0576292615516
wal-	0.301709265645	0.503914098679	0.117568340875	0.0768082948012
ton-	0.144226425983	0.553975335569	0.122599705963	0.179198532485
mem-	0.242107339269	0.187827666396	0.115746792711	0.454318201625
lid-	0.0875912408759	0.855474452555	0.00875912408759	0.0481751824817
ede-	0.19395681218	0.51997566154	0.020325203252	0.265742323028
yof-	0.0669491525424	0.916101694915	0.0	0.0169491525424
ven-	0.177706521177	0.457529256759	0.314067766733	0.0506964553306
kih-	0.0708413503586	0.90012244184	0.012419100927	0.0166171068742
esi-	0.00458155161882	0.994502138057	0.0	0.000916310323762
aya-	0.326475144359	0.391130170438	0.109236972723	0.17315771248
ufo-	0.260273972603	0.678082191781	0.0616438356164	0.0
yaw-	0.167984536484	0.57391920356	0.151793675236	0.106302584719
wes-	0.176104066463	0.403913423699	0.113686051596	0.306296458242
kah-	0.450469170176	0.209441118271	0.0545848343397	0.285504877213
luf-	0.0	1.0	0.0	0.0
dam-	0.0199904807234	0.974297953356	0.0	0.00571156592099
gif-	0.438082234213	0.307661415487	0.134520820637	0.119735529663
nab-	0.0255681818182	0.957386363636	0.0	0.0170454545454
yaf-	0.0370594614735	0.566783544801	0.149568526737	0.246588466989
bal-	0.0621557508068	0.854759929139	0.0310078801886	0.0520764398652
han-	0.0204895865812	0.03652491521	0.088830630023	0.854154868186
efa-	0.0172390929585	0.957565309641	0.00663042036866	0.0185651770322
liꞌ-	0.0417948017715	0.934695622232	0.0235095759965	0.0
uwo-	0.469387755102	0.224489795918	0.0408163265306	0.265306122449
ayo-	0.298780487805	0.37118902439	0.153201219512	0.176829268293
sad-	0.0120392134381	0.977928108697	0.00601960671903	0.00401307114601
dim-	0.0	0.986547085202	0.00896860986547	0.00448430493273
mok-	0.115523465704	0.696750902527	0.187725631769	0.0
nes-	0.0612244897959	0.908163265306	0.030612244898	0.0
edi-	0.290456431535	0.435684647303	0.224066390041	0.0497925311203
toꞌ-	0.11081561004	0.593082647433	0.198900148035	0.0972015944916
fus-	0.184210526316	0.815789473684	0.0	0.0
lut-	0.0	1.0	0.0	0.0
hes-	0.0	1.0	0.0	0.0
nol-	0.175226586103	0.534743202417	0.235649546828	0.0543806646526
ubo-	0.266055045872	0.211009174312	0.0366972477064	0.48623853211
tas-	0.0	1.0	0.0	0.0
lef-	0.171348750582	0.727766568369	0.0719126700813	0.028972010968
mob-	0.0	1.0	0.0	0.0
set-	0.100293219328	0.720247624937	0.0720609308057	0.10739822493
hag-	0.195592225482	0.09929959867	0.462726819225	0.242381356623
ais-	0.0192733610079	0.901386148999	0.00720103598098	0.0721394540122
huy-	0.457212713936	0.493887530562	0.0	0.0488997555013
yog-	0.203165440097	0.608996887921	0.12738020976	0.0604574622213
adu-	0.0	1.0	0.0	0.0
saf-	0.0	1.0	0.0	0.0
tug-	0.636485042735	0.278400997151	0.0343660968661	0.0507478632479
sib-	0.205714285714	0.137142857143	0.622857142857	0.0342857142857
wau-	0.127371273713	0.646341463415	0.20189701897	0.0243902439024
keb-	0.346763128352	0.385680429088	0.138455781464	0.129100661095
uki-	0.663269619513	0.214500227933	0.0763534390267	0.0458767135272
eki-	0.0	1.0	0.0	0.0
lus-	0.243808381181	0.647013454452	0.0483331905048	0.0608449738623
dem-	0.0492610837438	0.92118226601	0.0197044334975	0.00985221674876
sus-	0.529411764706	0.139705882353	0.0	0.330882352941
bla-	0.151396821028	0.146287758894	0.0319789444712	0.670336475607
fam-	0.0379075056861	0.952994692949	0.0	0.00909780136467
meꞌ-	0.636766334441	0.197120708749	0.0	0.166112956811
uda-	0.521641564853	0.304596557446	0.0652906049321	0.108471272769
ves-	0.428108182696	0.505381537188	0.0353249620533	0.0311853180626
uno-	0.493062610462	0.363736309615	0.0253280821632	0.117872997759
kwa-	0.0768731925206	0.495755253185	0.116952358661	0.310419195634
lav-	0.441360166551	0.0850104094379	0.230742539903	0.242886884108
uto-	0.377734666468	0.526995970751	0.0150425309655	0.0802268318162
hiw-	0.45845359689	0.343941706929	0.106000849845	0.0916038463354
sam-	0.0391822827939	0.938330494037	0.00613287904602	0.0163543441226
buy-	0.0580609427473	0.0106950245327	0.0338617629076	0.897382269812
uꞌo-	0.500921609021	0.453540062886	0.0455383280928	0.0
bow-	0.020905923345	0.962369337979	0.016724738676	0.0
nik-	0.0197331328698	0.98026686713	0.0	0.0
miy-	0.131929311278	0.607876182735	0.139161728038	0.12103277795
yun-	0.0115384615385	0.988461538462	0.0	0.0
fid-	0.0	1.0	0.0	0.0
fab-	0.0645161290322	0.903225806452	0.0322580645161	0.0
mas-	0.0186065288655	0.962244251844	0.0137223150383	0.00542690425243
hah-	0.0243902439024	0.512195121951	0.170731707317	0.292682926829
ega-	0.265730582455	0.313173130921	0.00743864426197	0.413657642362
saꞌ-	0.0370692887091	0.0460569579049	0.0510563979596	0.865817355426
lib-	0.084521047398	0.910507126284	0.00497182631753	0.0
nay-	0.397426192279	0.534443603331	0.0	0.0681302043906
lad-	0.0917030567686	0.698689956332	0.183406113537	0.0262008733624
uta-	0.564152159897	0.301740812379	0.109606705351	0.0245003223727
fat-	0.25543392453	0.46600178938	0.153412978264	0.125151307826
k50-	0.0683321884377	0.402726056618	0.0303698615278	0.498571893416
kas-	0.395899465584	0.238869691003	0.153996062201	0.211234781211
hel-	0.0201735382781	0.916291278383	0.0475109750926	0.0160242082459
hau-	0.645569620253	0.354430379747	0.0	0.0
gam-	0.416847889135	0.177990536782	0.0956294129607	0.309532161122
ime-	0.0635625507533	0.0453169945989	0.0144585839769	0.876661870671
000-	0.113908414369	0.316582822935	0.0146116142886	0.554897148407
sef-	0.269736842105	0.690789473684	0.0	0.0394736842105
kow-	0.122177674615	0.15741717662	0.66870647816	0.0516986706056
gad-	0.491829572372	0.244121557664	0.100321369144	0.163727500821
nud-	0.0	0.571428571428	0.428571428572	0.0
afi-	0.43410041841	0.450089659295	0.0866706515242	0.0291392707711
sof-	0.0	0.84555984556	0.15444015444	0.0
ado-	0.165441176471	0.592524509804	0.0827205882352	0.15931372549
mif-	0.250440273525	0.71814561551	0.0209427406432	0.0104713703216
yuw-	0.125853723228	0.252363164836	0.118176660846	0.50360645109
oya-	0.0595139725036	0.84338807963	0.00375118372144	0.093346764145
sek-	0.0356083086054	0.952522255193	0.0118694362018	0.0
iva-	0.116094232687	0.216252341223	0.568908564618	0.0987448614725
kek-	0.156199997048	0.0303575726132	0.0138313972998	0.799611033039
lif-	0.15671395579	0.750907291323	0.0175959529308	0.074782799956
los-	0.38402238465	0.438956144358	0.040543627227	0.136477843764
ago-	0.207699651379	0.589777580836	0.0819543625964	0.120568405188
dai-	0.098118033985	0.843778549242	0.0164443632377	0.0416590535355
wah-	0.581280464539	0.194196043145	0.069599556304	0.154923936012
kal-	0.145364642493	0.369603181855	0.0140954720359	0.470936703617
suf-	0.0737704918033	0.926229508197	0.0	0.0
bou-	0.098851188886	0.153620090836	0.0288538605397	0.718674859738
