jer-	0.0531023410899	0.869184764391	0.0206117060377	0.057101188481
ni'-	0.0707624075906	0.611124840345	0.0164023055469	0.301710446517
tut-	0.126748570733	0.781291813648	0.0656854397275	0.026274175891
vas-	0.034155597723	0.859582542695	0.0379506641366	0.0683111954459
kic-	0.443280142207	0.426469691186	0.0595593987379	0.0706907678692
fig-	0.0	1.0	0.0	0.0
son-	0.429707469469	0.500426015337	0.0289690428855	0.040897472309
ye'-	0.707653061225	0.106179138322	0.0239229024943	0.162244897959
maa-	0.0	1.0	0.0	0.0
xto-	0.113636363636	0.136363636364	0.659090909091	0.0909090909091
jac-	0.00308166409861	0.957370313303	0.0297894196199	0.00975860297893
mab-	0.491379310345	0.353448275862	0.0775862068966	0.0775862068966
pro-	0.0638235551057	0.894706550393	0.00817064835894	0.0332992461421
kañ-	0.0728862973761	0.468415937804	0.0534499514091	0.405247813411
tít-	0.0810810810811	0.810810810811	0.108108108108	0.0
nij-	0.33239053286	0.133997336548	0.0250699216732	0.508542208919
abí-	0.0	0.955882352941	0.0441176470588	0.0
mah-	0.0	1.0	0.0	0.0
'mo-	0.217308425467	0.551658406405	0.207014868471	0.0240182996569
tum-	0.120851414408	0.384443292306	0.0395948892408	0.455110404045
nyu-	0.0427703458935	0.621329211747	0.119783616692	0.216116825668
mar-	0.0843317446717	0.346907464405	0.0495367012243	0.519224089699
baf-	0.110091743119	0.834862385321	0.0550458715595	0.0
ñej-	0.387559808612	0.444976076555	0.167464114833	0.0
nkj-	0.0433205816184	0.251896319901	0.624955482233	0.0798276162475
mo'-	0.59173126615	0.40826873385	0.0	0.0
lis-	0.00220913107511	0.996686303387	0.00110456553755	0.0
xub-	0.227166276347	0.604215456674	0.0327868852459	0.135831381733
san-	0.0417970941068	0.414604674068	0.0555752666305	0.488022965194
abb-	0.0943396226415	0.830188679245	0.0	0.0754716981132
fu'-	0.362416107383	0.41610738255	0.221476510067	0.0
sak-	0.407754133668	0.171611544189	0.0745191371442	0.346115184999
elí-	0.00839718694238	0.983205626115	0.00335887477695	0.00503831216542
jaj-	0.102389078498	0.317406143345	0.0819112627986	0.498293515358
nun-	0.364161849711	0.277456647399	0.277456647399	0.0809248554913
tse-	0.114201539457	0.0783154053112	0.0835503163515	0.72393273888
der-	0.0898716119829	0.910128388017	0.0	0.0
ski-	0.763043978517	0.168450440046	0.0159866618617	0.052518919576
kat-	0.190070210632	0.212303577399	0.0379471748579	0.559679037111
pró-	0.0	1.0	0.0	0.0
abi-	0.00983767830792	0.958189867191	0.0319724545007	0.0
mil-	0.0347826086956	0.786956521739	0.0130434782609	0.165217391304
cai-	0.00388349514563	0.992233009709	0.0	0.00388349514562
tib-	0.31078541077	0.364361522297	0.258580652432	0.0662724145017
ju'-	0.80701754386	0.157894736842	0.0	0.0350877192982
ari-	0.014598540146	0.985401459854	0.0	0.0
mai-	0.105461393597	0.719397363465	0.0677966101695	0.107344632768
'ye-	0.753980966739	0.0312823895223	0.00734947705644	0.207387166682
ini-	0.0480468125232	0.439439313838	0.0516419763923	0.460871897246
bay-	0.435578330893	0.377745241581	0.175695461201	0.010980966325
mig-	0.0385852090032	0.961414790997	0.0	0.0
xkú-	0.0255707762557	0.891324200913	0.083105022831	0.0
tus-	0.0717772564461	0.0310146516476	0.0186019141257	0.878606177781
s'e-	0.426029749211	0.267050497876	0.0817922007972	0.225127552116
paf-	0.0	1.0	0.0	0.0
nii-	0.0594059405941	0.772277227723	0.168316831683	0.0
abr-	0.0354773921486	0.914245058585	0.0249016163817	0.0253759328842
zaq-	0.0527156549521	0.875399361022	0.0431309904153	0.0287539936102
nor-	0.0547945205479	0.808219178082	0.109589041096	0.027397260274
adm-	0.0	1.0	0.0	0.0
ya'-	0.330920517798	0.248939107084	0.131351456609	0.288788918509
zac-	0.055944055944	0.914685314685	0.0097902097902	0.0195804195804
her-	0.0199101796407	0.92120758483	0.0395209580838	0.0193612774451
kió-	0.654545454545	0.163636363636	0.0545454545455	0.127272727273
ate-	0.0	1.0	0.0	0.0
cum-	0.0	0.853211009174	0.0	0.146788990826
kam-	0.585101580135	0.256884875846	0.0812641083522	0.076749435666
fe'-	0.170003251428	0.607041664731	0.202517534488	0.020437549352
kji-	0.523243454159	0.220710856817	0.066460061083	0.189585627941
jat-	0.843995000568	0.0668105897057	0.0351096466311	0.0540847630951
sin-	0.429850878619	0.417547928034	0.0440552309373	0.10854596241
per-	0.0	0.9375	0.0446428571429	0.0178571428571
ja'-	0.572902109019	0.233747372991	0.0291208917856	0.164229626205
urí-	0.0	1.0	0.0	0.0
dor-	0.0652173913043	0.934782608696	0.0	0.0
mic-	0.768545994065	0.172601384768	0.0276953511375	0.0311572700297
joñ-	0.021897810219	0.408759124088	0.043795620438	0.525547445256
pat-	0.0522648083623	0.947735191638	0.0	0.0
ára-	0.0967741935484	0.838709677419	0.0645161290323	0.0
yaj-	0.601552908914	0.273927392739	0.0738189761005	0.0507007222461
alt-	0.0176029389254	0.975049747436	0.0	0.00734731363845
ñá=-	0.131222515391	0.152154793316	0.0133685136324	0.703254177661
jor-	0.0307898259706	0.933065595716	0.00401606425703	0.0321285140562
naí-	0.0	0.806451612903	0.0	0.193548387097
gen-	0.0269662921348	0.94606741573	0.0	0.0269662921348
mij-	0.605069501227	0.255110384301	0.00817661488144	0.131643499591
jam-	0.15601237305	0.76877986864	0.0199388010401	0.055268957269
bex-	0.556018643004	0.25127722506	0.0985928116878	0.0941113202473
cal-	0.0434782608696	0.95652173913	0.0	0.0
bej-	0.7444451099	0.166616757501	0.0691741031323	0.0197640294664
sja-	0.464295900115	0.21160390092	0.0380911068442	0.286009092121
por-	0.138461538461	0.861538461539	0.0	0.0
tsé-	0.197887805098	0.154041291952	0.221982549631	0.426088353319
alf-	0.00265017667844	0.990282685512	0.00706713780917	0.0
pas-	0.0541645375575	0.900613183444	0.00459887583036	0.0406234031681
cos-	0.0	1.0	0.0	0.0
fi'-	0.375	0.34375	0.28125	0.0
hor-	0.0752532561505	0.825615050651	0.034008683068	0.0651230101302
nai-	0.0936741306744	0.703460621185	0.0194551374523	0.183410110688
bak-	0.316184016235	0.407469260198	0.16488170384	0.111465019728
ped-	0.0100272118949	0.922618283963	0.00253212421588	0.0648223799267
che-	0.504178840796	0.337500849358	0.121628049195	0.036692260651
epa-	0.0974025974026	0.844720496894	0.0324675324675	0.0254093732354
yac-	0.0393920203791	0.172849298223	0.0129127369707	0.774845944428
oro-	0.00781928757602	0.70964378801	0.281494352737	0.0010425716768
asi-	0.00978067575577	0.98132780083	0.0026674570243	0.00622406639004
nan-	0.0969115391288	0.452321014852	0.0267436602861	0.424023785733
hac-	0.13220338983	0.766101694915	0.0	0.101694915254
uva-	0.0686423748479	0.875222813468	0.00651152962983	0.0496232820541
fay-	0.777777777778	0.177777777778	0.0444444444444	0.0
kib-	0.0582511162322	0.140339190552	0.0174636324355	0.783946060781
tér-	0.127167630058	0.861271676301	0.0115606936416	0.0
'bi-	0.391334594564	0.0754423949064	0.0116549954063	0.521568015124
bir-	0.321061113177	0.0671873063096	0.0334077104252	0.578343870088
tol-	0.025974025974	0.974025974026	0.0	0.0
mel-	0.0292747837658	0.960079840319	0.00133067198936	0.00931470392548
fo'-	0.551020408163	0.0204081632653	0.30612244898	0.122448979592
kaf-	0.369503045848	0.385687720423	0.205488938762	0.0393202949663
sku-	0.640484226722	0.161343085164	0.0467107903196	0.151461897795
mir-	0.0301003344482	0.954849498328	0.0150501672241	0.0
xun-	0.17267027027	0.709016216216	0.0764108108108	0.0419027027027
joe-	0.041958041958	0.958041958042	0.0	0.0
fik-	0.414241737953	0.315493473236	0.174312792784	0.0959519960277
pud-	0.0466926070039	0.953307392996	0.0	0.0
dio-	0.0552338530066	0.929621380846	0.0133630289532	0.00178173719376
bab-	0.0194174757282	0.972815533981	0.00776699029126	0.0
ita-	0.0	0.97628458498	0.0237154150198	0.0
eno-	0.0	0.978647686833	0.0	0.0213523131673
se'-	0.548387096774	0.258064516129	0.161290322581	0.0322580645161
láz-	0.0346349745331	0.927674023769	0.00509337860781	0.03259762309
fla-	0.0	1.0	0.0	0.0
moi-	0.0558481050211	0.91463324186	0.00289253133576	0.026626121783
bo'-	0.20602526725	0.7648202138	0.0291545189504	0.0
t'i-	0.529791610489	0.278943595515	0.0240894293518	0.167175364644
be'-	0.469361147327	0.30964797914	0.129074315515	0.0919165580183
jud-	0.0237481265979	0.86278247965	0.0964802080579	0.0169891856946
nu'-	0.508734453622	0.256004936865	0.0937054970094	0.141555112504
jóf-	0.242693110647	0.483298538622	0.0548016701461	0.219206680585
mi'-	0.734112490869	0.157779401023	0.0153396639883	0.0927684441198
uzí-	0.0	1.0	0.0	0.0
cis-	0.0	1.0	0.0	0.0
mal-	0.0265486725664	0.973451327434	0.0	0.0
adá-	0.0040899795501	0.963190184049	0.0224948875255	0.0102249488752
sab-	0.00932823650667	0.973880937781	0.0	0.016790825712
nyi-	0.025775335481	0.142178089492	0.809551736789	0.022494838238
boj-	0.213392609058	0.349819394276	0.390108363434	0.0466796332314
nin-	0.115746697498	0.396680163083	0.0123851788992	0.47518796052
nt'-	0.614046196844	0.231397440778	0.0770502219527	0.0775061404258
cie-	0.198882314267	0.139381985536	0.195266272189	0.466469428008
'be-	0.46434321759	0.295839969607	0.077684130889	0.162132681914
sir-	0.0412583806086	0.915420319752	0.0402269210933	0.00309437854564
sós-	0.0	1.0	0.0	0.0
rei-	0.00550451652638	0.972477417368	0.0220180661055	0.0
ta'-	0.278236186234	0.0855496658669	0.020915875523	0.615298272376
esr-	0.0	1.0	0.0	0.0
xja-	0.501168676405	0.324328225317	0.0860201764696	0.0884829218083
fel-	0.00653654108034	0.978756241489	0.00108942351339	0.0136177939174
fak-	0.329995913363	0.5825500613	0.0130772374336	0.0743767879036
and-	0.0	0.998535871157	0.0	0.00146412884334
ALL	0.21049691307	0.289833864422	0.0522785638902	0.447390658617
ana-	0.0274809160306	0.928244274809	0.00763358778626	0.036641221374
xat-	0.0944410463231	0.0976330590522	0.693404360047	0.114521534578
'ya-	0.523553769694	0.119961087026	0.0715025906736	0.284982552607
kix-	0.158867717302	0.276012398489	0.302926110392	0.262193773816
mna-	0.0	0.942965779468	0.0	0.0570342205324
mae-	0.0267166440705	0.949889677539	0.00225961666268	0.0211340617274
cil-	0.0	1.0	0.0	0.0
'ña-	0.43125	0.41875	0.075	0.075
ger-	0.0129032258065	0.987096774194	0.0	0.0
xac-	0.123167155425	0.432062561095	0.13229064842	0.31247963506
sej-	0.454558360069	0.34896794526	0.0289599954572	0.167513699214
ji̱-	0.0223004087546	0.0135561649506	0.00248357220469	0.96165985409
kui-	0.260712416419	0.0583499175162	0.0144430621125	0.666494603953
zor-	0.0	1.0	0.0	0.0
enñ-	0.33488372093	0.469767441861	0.139534883721	0.0558139534884
lid-	0.0215827338129	0.978417266187	0.0	0.0
ata-	0.0	1.0	0.0	0.0
fit-	0.68795603146	0.182223064531	0.00284279351843	0.12697811049
far-	0.0147538826831	0.976631854604	0.00447941661081	0.00413484610228
tju-	0.109555765028	0.135161553187	0.388383810034	0.36689887175
arm-	0.0	1.0	0.0	0.0
si'-	0.473552078188	0.189708089755	0.0413443600946	0.295395471962
'ñu-	0.240986161131	0.0325648825131	0.195044348546	0.53140460781
rud-	0.0377952755906	0.962204724409	0.0	0.0
jót-	0.106990900339	0.108679617379	0.0166154228392	0.767714059443
xuk-	0.52635432151	0.311785995079	0.0684680784693	0.0933916049414
lev-	0.0474563401671	0.914578587699	0.0132877752468	0.0246772968868
xa̱-	0.150382475661	0.751390820584	0.0721488178025	0.0260778859527
arc-	0.147727272727	0.852272727273	0.0	0.0
skj-	0.497388906622	0.312358831806	0.065402640333	0.124849621239
saú-	0.467532467533	0.506493506493	0.025974025974	0.0
bin-	0.137544483986	0.854982206406	0.0	0.00747330960854
kax-	0.301139797945	0.664320870391	0.0246092738106	0.00993005785338
ome-	0.0230179028133	0.95652173913	0.0204603580562	0.0
cás-	0.0428571428571	0.871428571429	0.0857142857143	0.0
tek-	0.324472759227	0.466644698301	0.164543057997	0.0443394844757
tsa-	0.337631113795	0.122725348132	0.0297390910084	0.509904447065
adi-	0.0	1.0	0.0	0.0
xio-	0.710083167228	0.03244209224	0.035466355076	0.222008385456
jai-	0.018018018018	0.891891891892	0.0900900900901	0.0
tal-	0.0	1.0	0.0	0.0
nañ-	0.127118644068	0.835805084746	0.0370762711864	0.0
k'o-	0.403022670025	0.481108312343	0.0654911838791	0.0503778337531
ami-	0.0945826835717	0.85721065835	0.028883314123	0.0193233439555
rod-	0.0184049079755	0.981595092025	0.0	0.0
yak-	0.28948323189	0.257805167789	0.0821596319546	0.370551968366
zaf-	0.0	1.0	0.0	0.0
pon-	0.00680272108843	0.986394557823	0.0	0.00680272108843
gól-	0.0	0.98339100346	0.0166089965398	0.0
hig-	0.0952935185859	0.854149996363	0.0432821706554	0.00727431439587
chi-	0.124623003902	0.584234876355	0.130074646566	0.161067473177
sik-	0.563135249401	0.269267064502	0.0657196344813	0.101878051616
nga-	0.0761802945996	0.115546095629	0.0221045932732	0.786169016498
ben-	0.418001975856	0.363147875955	0.0679501698754	0.150899978314
sje-	0.468643764211	0.218735149836	0.242382094266	0.0702389916876
kuá-	0.521844689617	0.0640237111387	0.0322385796955	0.381893019549
kij-	0.725929165452	0.0396133857211	0.0168455347763	0.217611914051
ni̱-	0.0800246229609	0.210042650486	0.681462428	0.0284702985534
sti-	0.243948816592	0.561741230665	0.0640400557226	0.130269897021
euf-	0.0	1.0	0.0	0.0
ili-	0.1	0.9	0.0	0.0
lam-	0.0381154049762	0.806246691371	0.149285336157	0.00635256749602
nar-	0.0193619062986	0.924675390847	0.00636904812453	0.0495936547297
cua-	0.0	1.0	0.0	0.0
dám-	0.0	1.0	0.0	0.0
fet-	0.057906307368	0.0745699521791	0.704156562337	0.163367178116
sat-	0.513321935087	0.434711780699	0.0304290654407	0.021537218773
xi̱-	0.232558139535	0.655469422911	0.0861326442721	0.0258397932816
sió-	0.0348837209302	0.938953488372	0.0	0.0261627906977
esl-	0.0	1.0	0.0	0.0
ani-	0.0	1.0	0.0	0.0
tjí-	0.692307692308	0.269230769231	0.0	0.0384615384616
evo-	0.0	1.0	0.0	0.0
kis-	0.625971369366	0.183916886135	0.0675306594992	0.122581085
sun-	0.633740288568	0.219755826859	0.0732519422863	0.0732519422863
eub-	0.111801242236	0.888198757764	0.0	0.0
ño'-	0.487444746447	0.129329591635	0.063707590856	0.319518071062
fle-	0.0609137055838	0.939086294416	0.0	0.0
bix-	0.501294422217	0.426335608378	0.0308896210873	0.0414803483172
ban-	0.487476993555	0.308970061331	0.119546967765	0.0840059773484
adr-	0.0761904761905	0.828571428571	0.0761904761905	0.0190476190476
ise-	0.0327450427311	0.865744578374	0.0621696561792	0.0393407227159
tey-	0.286004056795	0.42799188641	0.256254225828	0.0297498309669
kac-	0.181268882175	0.555891238671	0.262839879154	0.0
jma-	0.0110091743119	0.533944954128	0.45504587156	0.0
ter-	0.0341089048605	0.889146059203	0.0460470215617	0.0306980143745
nag-	0.0	1.0	0.0	0.0
'et-	0.619678113264	0.0779726957126	0.0333671738004	0.268982017223
ñe'-	0.583107464655	0.168485825214	0.0319390520841	0.216467658047
tra-	0.0	0.989010989011	0.010989010989	0.0
yej-	0.185512743077	0.192110191425	0.0455727382852	0.576804327213
jng-	0.0175737965516	0.0307258360848	0.0200820730268	0.931618294337
tis-	0.518499285309	0.275205871374	0.0435897306086	0.162705112709
arq-	0.092715231788	0.907284768212	0.0	0.0
ale-	0.00423728813559	0.877118644068	0.118644067797	0.0
sid-	0.0	1.0	0.0	0.0
oli-	0.073949579832	0.894537815126	0.0302521008404	0.00126050420168
luc-	0.00797872340426	0.984042553191	0.0	0.00797872340426
enb-	0.120890219158	0.349256773507	0.022035127666	0.50781787967
jec-	0.20348304308	0.684692942255	0.0439963336389	0.0678276810266
dec-	0.00854700854701	0.74358974359	0.008547008547	0.239316239316
kue-	0.498223275076	0.275914445174	0.0651657387099	0.16069654104
bic-	0.14	0.7	0.16	0.0
'ba-	0.0301852237689	0.0170009154291	0.00548642868091	0.947327432121
eli-	0.00733276799521	0.888960941787	0.00209507657006	0.101611213648
col-	0.0	1.0	0.0	0.0
jab-	0.955970545813	0.0341607834206	0.00341607834207	0.0064525924239
maf-	0.280048217133	0.316327720963	0.216199401174	0.18742466073
tuk-	0.32304079325	0.118291728277	0.0488823171262	0.509785161346
ene-	0.142105263158	0.857894736842	0.0	0.0
pan-	0.0161290322581	0.983870967742	0.0	0.0
nim-	0.254392758689	0.450524613559	0.162927035486	0.132155592265
tor-	0.18393030906	0.790404996653	0.0256646942874	0.0
sen-	0.435344827586	0.338362068966	0.0646551724138	0.161637931034
fi=-	0.0	0.903846153846	0.0	0.0961538461538
enn-	0.0851232926616	0.325207487279	0.0218458007716	0.567823419288
yam-	0.205280573556	0.710368123535	0.00694884875224	0.0774024541569
ñoj-	0.575579982144	0.307115060837	0.0141012978458	0.103203659173
cre-	0.0	0.969670710572	0.00173310225303	0.028596187175
lat-	0.0	0.980392156863	0.0196078431373	0.0
pen-	0.012987012987	0.961038961039	0.012987012987	0.012987012987
ka'-	0.0924270224056	0.139162313338	0.0285813110188	0.739829353238
ape-	0.0	1.0	0.0	0.0
xí=-	0.243902439024	0.749128919861	0.0	0.00696864111498
ánñ-	0.0657959457661	0.0110527930003	0.00329847749223	0.919852783741
fuñ-	0.300699300699	0.699300699301	0.0	0.0
kab-	0.169327073552	0.606572769953	0.0935837245696	0.130516431925
xtu-	0.0205128205128	0.723076923077	0.194871794872	0.0615384615384
tia-	0.0	1.0	0.0	0.0
ndu-	0.138110997963	0.650932697649	0.0458827069061	0.165073597482
jo'-	0.120603015075	0.517587939699	0.0904522613065	0.27135678392
car-	0.0724137931035	0.860344827586	0.0413793103448	0.0258620689655
bas-	0.51876164713	0.282873459573	0.114036669672	0.0843282236249
ñaj-	0.049597955963	0.272939054633	0.194634402946	0.482828586458
mañ-	0.18823880004	0.437899407304	0.206483229032	0.167378563624
t'é-	0.339285714286	0.321428571429	0.125	0.214285714286
le'-	0.7533632287	0.125560538117	0.107623318386	0.0134529147982
se̱-	0.569343065693	0.408759124088	0.0	0.021897810219
oné-	0.0791366906475	0.729016786571	0.0	0.191846522782
pun-	0.258064516129	0.532258064516	0.177419354839	0.0322580645161
yar-	0.284210526316	0.621052631579	0.0947368421053	0.0
tur-	0.0532684646674	0.884265637917	0.00804775365479	0.0544181437609
jóy-	0.255060728745	0.0458839406208	0.113360323887	0.585695006748
jiu-	0.209756097561	0.731707317073	0.0146341463415	0.0439024390244
ña'-	0.416100494967	0.223926518054	0.178808244276	0.181164742703
sod-	0.00479003672361	0.995209963276	0.0	0.0
bij-	0.135135135135	0.0756756756757	0.054054054054	0.735135135135
kun-	0.263139279904	0.298219801467	0.242323925397	0.196316993233
sko-	0.559485530547	0.395498392283	0.0	0.0450160771704
kan-	0.23332812744	0.276432922068	0.103232859597	0.387006090895
zab-	0.0	1.0	0.0	0.0
kux-	0.193751457216	0.780368384239	0.0216833760784	0.00419678246679
jeñ-	0.04	0.12	0.74	0.1
si̱-	0.272727272727	0.125	0.0113636363636	0.590909090909
óni-	0.0	0.846153846154	0.153846153846	0.0
tso-	0.140666406229	0.113432382734	0.0102416848517	0.735659526185
k'a-	0.0664823274826	0.869039031819	0.0103790975395	0.0540995431594
taf-	0.276485788114	0.227390180878	0.108527131783	0.387596899225
xia-	0.472548028487	0.169413936771	0.0482816715709	0.309756363171
met-	0.092807424594	0.784996133024	0.00773395204951	0.114462490333
sa̱-	0.504003490055	0.246518460115	0.0600360455417	0.189442004289
'yá-	0.14527271316	0.0765664001699	0.0121537210813	0.766007165589
teñ-	0.304137812887	0.241673269919	0.0582869662513	0.395901950943
nef-	0.0	1.0	0.0	0.0
'ef-	0.782006920415	0.0934256055363	0.0415224913495	0.083044982699
ces-	0.00230946882217	0.997690531178	0.0	0.0
'ma-	0.348189415042	0.289693593315	0.222841225627	0.139275766017
ján-	0.0580193397799	0.0539513171057	0.0650216738913	0.823007669223
así-	0.0	1.0	0.0	0.0
na̱-	0.0813559322034	0.857627118644	0.0542372881356	0.00677966101693
mat-	0.366280100237	0.352732324383	0.160410896419	0.12057667896
pél-	0.0	1.0	0.0	0.0
nit-	0.270905596639	0.257698386217	0.13842222205	0.332973795094
stu-	0.609878747472	0.182477710101	0.0723786062174	0.13526493621
tró-	0.00714285714286	0.992857142857	0.0	0.0
mad-	0.0363636363636	0.854545454545	0.109090909091	0.0
xi'-	0.0448098032265	0.869782831264	0.0232111197522	0.0621962457578
cha-	0.16172897542	0.698463542142	0.0674225191215	0.0723849633171
par-	0.0480769230769	0.951923076923	0.0	0.0
xiu-	0.197344437333	0.192637659087	0.523132883449	0.0868850201314
ala-	0.0	0.948148148148	0.0518518518518	0.0
jul-	0.0143884892086	0.985611510791	0.0	0.0
nah-	0.0	1.0	0.0	0.0
baj-	0.278399294798	0.453183132187	0.24173915298	0.0266784200361
zeu-	0.0569620253164	0.943037974684	0.0	0.0
álo-	0.0350877192982	0.929824561404	0.0350877192982	0.0
feb-	0.0588235294118	0.941176470588	0.0	0.0
fek-	0.254909740131	0.11525490974	0.585201348939	0.0446340011902
gay-	0.0166666666667	0.983333333333	0.0	0.0
kin-	0.637822202805	0.121875894485	0.0595519667365	0.180749935974
gob-	0.25	0.654850746269	0.0279850746269	0.0671641791045
dió-	0.0	1.0	0.0	0.0
'ex-	0.759807846277	0.162129703763	0.0172137710168	0.0608486789431
dan-	0.0	0.960784313726	0.0392156862745	0.0
xti-	0.0828220858896	0.539877300613	0.377300613497	0.0
apó-	0.0450644617736	0.856283553431	0.0403620831538	0.0582899016419
gre-	0.0	0.964285714286	0.0357142857143	0.0
ion-	0.209605718471	0.487547674977	0.0291732969614	0.273673309591
ndi-	0.199087339001	0.564945414867	0.0459399771707	0.190027268961
cri-	0.0205495172052	0.921744618764	0.00431154609092	0.0533943179396
mis-	0.283835508882	0.651388752576	0.0117774070076	0.052998331534
elm-	0.0	1.0	0.0	0.0
cor-	0.0316363671225	0.93500164573	0.0218578536483	0.0115041334991
ech-	0.701530257323	0.118502053383	0.015664309109	0.164303380184
'yi-	0.15	0.5625	0.1875	0.1
nac-	0.228919564281	0.743977908024	0.00580768450608	0.021294843189
xik-	0.487012987013	0.412337662338	0.0438311688312	0.0568181818182
agr-	0.00673778775969	0.99326221224	0.0	0.0
miy-	0.628976994616	0.209495839452	0.0807635829662	0.0807635829662
jon-	0.0742643971262	0.0459033081212	0.0277571522462	0.852075142506
fij-	0.490598290598	0.355555555556	0.00512820512821	0.148717948718
juñ-	0.969543147208	0.0304568527918	0.0	0.0
sos-	0.0	1.0	0.0	0.0
kua-	0.528357575557	0.249190004734	0.10444428092	0.118008138789
tat-	0.793774319066	0.194552529183	0.011673151751	0.0
bit-	0.340292926145	0.544317321818	0.0881449494725	0.0272448025642
ser-	0.0	1.0	0.0	0.0
leg-	0.0903614457832	0.792168674699	0.0632530120482	0.0542168674699
jín-	0.363805970149	0.212686567164	0.0783582089552	0.345149253731
cef-	0.252747252747	0.681318681319	0.0	0.0659340659341
tja-	0.438813234299	0.418906088211	0.0549497788926	0.0873308985971
arn-	0.0	1.0	0.0	0.0
esa-	0.0	1.0	0.0	0.0
tuñ-	0.25	0.321428571429	0.0968688845402	0.331702544031
joh-	0.0	1.0	0.0	0.0
enr-	0.206881120049	0.502885621805	0.00842276271552	0.28181049543
sis-	0.350106812248	0.407785426062	0.181580821268	0.0605269404225
yá=-	0.0472312703583	0.0342019543974	0.0	0.918566775244
aug-	0.0344827586207	0.965517241379	0.0	0.0
mos-	0.00840336134455	0.953781512605	0.0336134453782	0.00420168067227
bec-	0.354838709677	0.459677419355	0.112903225806	0.0725806451613
tif-	0.546201189047	0.226881960533	0.0676654478466	0.159251402573
faj-	0.338278931751	0.459940652819	0.148367952522	0.0534124629081
fri-	0.0	0.966666666667	0.0333333333333	0.0
reg-	0.0260869565217	0.973913043478	0.0	0.0
pla-	0.038666022233	0.880618656356	0.0749154180763	0.00579990333495
mac-	0.30150158223	0.413793581068	0.0899445239195	0.194760312782
jaa-	0.194305157593	0.398280802292	0.267012893983	0.140401146132
bet-	0.100858414526	0.838561044281	0.0364574788439	0.0241230623488
tsi-	0.500186556531	0.260192577459	0.0732986883741	0.166322177636
maj-	0.0814591648756	0.0748196192816	0.742324224747	0.101396991096
pér-	0.0	1.0	0.0	0.0
foy-	0.450980392157	0.218137254902	0.330882352941	0.0
sal-	0.0195530726257	0.973082783139	0.00152361604876	0.00584052818689
asu-	0.0140296180826	0.925175370226	0.0607950116914	0.0
kiy-	0.405572755418	0.352941176471	0.0185758513932	0.222910216718
neá-	0.0	1.0	0.0	0.0
tec-	0.532761265619	0.311914254605	0.0798439226575	0.0754805571184
gab-	0.0	1.0	0.0	0.0
nub-	0.0410256410257	0.907692307692	0.0	0.0512820512821
den-	0.0306748466258	0.780163599182	0.158486707566	0.0306748466258
ind-	0.102151324455	0.278647738914	0.570320503439	0.0488804331918
xak-	0.726047904192	0.130239520958	0.0359281437126	0.107784431138
t'í-	0.619047619048	0.257142857143	0.0	0.12380952381
mix-	0.513154341493	0.133031964292	0.0272022517054	0.32661144251
min-	0.472179411266	0.345306445549	0.0969238048011	0.0855903383838
tun-	0.0417080634092	0.0234590536306	0.00160229012908	0.933230592831
tuc-	0.281621142186	0.271636501659	0.144430175366	0.302312180789
ich-	0.0818671295752	0.167426738849	0.535483111686	0.215223019889
'mi-	0.602047654505	0.186563042939	0.0293186895011	0.182070613055
je'-	0.267639902676	0.683698296837	0.0340632603406	0.014598540146
ren-	0.0	1.0	0.0	0.0
lla-	0.241904698121	0.758095301879	0.0	0.0
pañ-	0.037037037037	0.962962962963	0.0	0.0
'ec-	0.522368947579	0.310204081633	0.0928371348539	0.0745898359344
kut-	0.439906995735	0.39318749203	0.114178252028	0.0527272602062
ma'-	0.0569105691057	0.11149825784	0.808362369338	0.0232288037166
naz-	0.0070287539936	0.984664536741	0.00702875399361	0.00127795527156
gal-	0.00208395355761	0.984221494492	0.0108875940969	0.0028069578531
sel-	0.0804838334496	0.855315189579	0.0642009769714	0.0
noé-	0.0	1.0	0.0	0.0
kus-	0.0850852604532	0.863174491941	0.0266292922214	0.0251109553842
ki=-	0.319283790208	0.322452860085	0.0538741879259	0.304389161781
'ej-	0.553235138754	0.220642973846	0.0770856110954	0.149036276304
tej-	0.20522200902	0.107588411947	0.0110775062591	0.676112072774
ónr-	0.0963855421686	0.0722891566265	0.0	0.831325301205
fa'-	0.442955407171	0.284414357329	0.0984305007245	0.174199734776
kju-	0.213824149863	0.521918982389	0.0744771388873	0.189779728861
'nd-	0.121717855983	0.120799695439	0.0589246324559	0.698557816122
max-	0.298292422625	0.411419423693	0.213447171825	0.076840981857
jen-	0.219789568741	0.258763814643	0.0391392089636	0.482307407652
kej-	0.421910460078	0.534763771405	0.0247575820095	0.0185681865071
tak-	0.278520499109	0.18063345072	0.0923872875092	0.448458762662
fef-	0.415335463259	0.507987220447	0.076677316294	0.0
jek-	0.388317413666	0.372520205731	0.138868479059	0.100293901543
kak-	0.212761159818	0.325122450367	0.202522927227	0.259593462587
ged-	0.0189873417722	0.981012658228	0.0	0.0
'ñú-	0.025641025641	0.974358974359	0.0	0.0
mé=-	0.0743892699807	0.132299943581	0.00413544761833	0.78917533882
one-	0.032	0.952	0.016	0.0
tjo-	0.562342487464	0.154667567357	0.0952999558315	0.187689989348
ti=-	0.422110552764	0.577889447236	0.0	0.0
kik-	0.657096678276	0.150840317154	0.0293007762972	0.162762228273
gog-	0.129411764706	0.870588235294	0.0	0.0
xtj-	0.0387827337334	0.881888947266	0.0634626552001	0.0158656638
kaj-	0.537634408602	0.376344086021	0.0430107526882	0.0430107526882
sil-	0.0270306081887	0.929508413939	0.0015900357758	0.0418709420962
jas-	0.156332164768	0.0719919869788	0.0292037060223	0.742472142231
nk'-	0.315045740721	0.237008243765	0.276270478973	0.17167553654
nis-	0.145254357172	0.567523549452	0.0723810789484	0.214841014427
k'e-	0.586735464585	0.15312572051	0.189459289706	0.0706795251989
him-	0.0	0.923076923077	0.0	0.0769230769231
tik-	0.524501916891	0.325643426424	0.0657501343203	0.084104522365
xu'-	0.309028960818	0.632367972743	0.0442930153322	0.0143100511074
egi-	0.00494699646643	0.933568904594	0.0558303886926	0.00565371024734
iny-	0.531708309571	0.270066137383	0.0722585779726	0.125966975073
sau-	0.0505952380952	0.806746031746	0.0	0.142658730159
sín-	0.0	1.0	0.0	0.0
fon-	0.0392156862745	0.882352941176	0.078431372549	0.0
pri-	0.0564751703992	0.92599805258	0.0	0.0175267770204
ñar-	0.556213017751	0.159763313609	0.0710059171598	0.213017751479
tro-	0.0	0.996716646602	0.00328335339827	0.0
kit-	0.673006395691	0.122532419583	0.032322628698	0.172138556027
tex-	0.519599955896	0.0752267501929	0.0165391856187	0.388634108293
ela-	0.0	1.0	0.0	0.0
fin-	0.347280334728	0.344490934449	0.0878661087866	0.220362622036
'na-	0.428584645275	0.244252386166	0.277203830201	0.0499591383591
ntj-	0.0724392924052	0.84005710477	0.0178339818418	0.0696696209829
'yu-	0.339929328622	0.521554770318	0.0876325088339	0.0508833922261
yoj-	0.103550797767	0.29165977527	0.0330480907617	0.571741336201
arp-	0.0163043478261	0.983695652174	0.0	0.0
itu-	0.0377358490566	0.962264150943	0.0	0.0
x'i-	0.472093023256	0.295930232558	0.158720930233	0.0732558139535
fen-	0.0763410047462	0.899032864691	0.00985045222529	0.014775678338
tam-	0.0	0.758575197889	0.023746701847	0.217678100264
que-	0.388429752066	0.520661157025	0.0743801652893	0.0165289256198
tir-	0.0137768155875	0.976776225153	0.0	0.00944695925997
man-	0.377386109018	0.220080933966	0.083635996252	0.318896960765
toj-	0.407635123805	0.0700911072607	0.0389022413504	0.483371527584
men-	0.207701699752	0.0936486814006	0.0211268571742	0.677522761674
rob-	0.0	1.0	0.0	0.0
iko-	0.0	0.996655518395	0.00334448160535	0.0
sie-	0.00884852718595	0.0440097799511	0.0391198044009	0.908021888462
ank-	0.0177958228843	0.937015741803	0.00930701081881	0.0358814244938
ceb-	0.0	0.980535279805	0.0	0.0194647201946
tsu-	0.480622792865	0.265605073595	0.0388327782056	0.214939355335
nuk-	0.35946716885	0.408873134122	0.0627267440251	0.168932953003
jór-	0.300699300699	0.576923076923	0.0	0.122377622378
jet-	0.738218539617	0.168047643708	0.0460901087519	0.0476437079234
iso-	0.0428571428571	0.914285714286	0.0	0.0428571428571
nch-	0.0792100554577	0.138729277625	0.0145266094486	0.767534057469
pre-	0.0	0.981836528759	0.00605449041372	0.0121089808274
azo-	0.0148148148148	0.985185185185	0.0	0.0
com-	0.125	0.75	0.125	0.0
mag-	0.025078369906	0.949395432154	0.00671742051053	0.0188087774295
job-	0.12	0.832	0.0	0.0479999999999
ñañ-	0.0221169036335	0.355450236967	0.00947867298577	0.612954186414
fos-	0.126692360905	0.686530289554	0.163059590869	0.0237177586718
aqu-	0.0316602316602	0.96138996139	0.0	0.00694980694982
jok-	0.318681318681	0.556776556777	0.0586080586081	0.065934065934
dru-	0.0	0.9375	0.0625	0.0
leb-	0.00921658986174	0.930875576037	0.0599078341014	0.0
yij-	0.672489082969	0.240174672489	0.0	0.0873362445415
xku-	0.081925433636	0.824204863899	0.0520647615631	0.0418049409021
xju-	0.63866123916	0.230234169472	0.0560794205848	0.0750251707824
ram-	0.0	1.0	0.0	0.0
nts-	0.0380023931235	0.791202401237	0.0198778211195	0.15091738452
xuj-	0.214563414328	0.633830215793	0.0202125532171	0.131393816662
ara-	0.0	1.0	0.0	0.0
las-	0.0	1.0	0.0	0.0
eti-	0.0167832167832	0.916083916084	0.0671328671328	0.0
esp-	0.0247116968698	0.935749588138	0.0395387149917	0.0
niñ-	0.0878102342536	0.6530366928	0.0240871297904	0.235065943156
tíq-	0.00819672131148	0.991803278689	0.0	0.0
arf-	0.0	1.0	0.0	0.0
jio-	0.0276073619632	0.755943251534	0.201495398773	0.0149539877301
reb-	0.166007905138	0.505928853755	0.304347826087	0.0237154150197
fai-	0.478991596639	0.176470588235	0.218487394958	0.126050420168
yax-	0.133791850506	0.807812094472	0.0208928107968	0.0375032442253
ema-	0.0547945205479	0.945205479452	0.0	0.0
sia-	0.831509846827	0.144420131291	0.0	0.0240700218818
zeb-	0.0	0.996625421822	0.0	0.00337457817773
pis-	0.0279069767442	0.944186046512	0.0279069767442	0.0
amó-	0.0	1.0	0.0	0.0
ten-	0.468933150974	0.260394305232	0.0590458307571	0.211626713037
xka-	0.163910646939	0.766463591529	0.0208877284595	0.0487380330722
his-	0.101351351351	0.858108108108	0.0405405405406	0.0
'eñ-	0.551255230126	0.160041841004	0.0	0.28870292887
apo-	0.0471821756226	0.935517693316	0.00550458715596	0.0117955439056
fan-	0.122232497416	0.246532122069	0.0988957188707	0.532339661644
yas-	0.634244733304	0.26759300762	0.0363065889736	0.0618556701031
kuo-	0.360278010036	0.0882978554387	0.01913896105	0.532285173475
'en-	0.549548865137	0.295767895483	0.0396001483991	0.11508309098
quí-	0.0	0.905511811024	0.0944881889764	0.0
lot-	0.0	1.0	0.0	0.0
joy-	0.389806173726	0.5	0.0139985642498	0.0961952620244
nín-	0.124422410474	0.875577589526	0.0	0.0
tu'-	0.0780745960225	0.328439328322	0.0136711392032	0.579814936452
nds-	0.045420608144	0.676510311455	0.018384311075	0.259684769326
jo=-	0.42455112382	0.0482121625704	0.031697121305	0.495539592304
sa'-	0.406837516968	0.121882315127	0.0449661197348	0.426314048171
ch'-	0.197939738495	0.249055604503	0.354801746417	0.198202910585
kuy-	0.112042024071	0.450907640136	0.164439124942	0.272611210852
rub-	0.0	1.0	0.0	0.0
bau-	0.0456	0.9172	0.0036	0.0336
mik-	0.091736677116	0.240827586207	0.617630094044	0.0498056426332
chu-	0.175597265057	0.596787425659	0.0853249398638	0.14229036942
s'i-	0.226961765804	0.677991277835	0.033765678964	0.0612812773974
fél-	0.0161943319838	0.983805668016	0.0	0.0
dav-	0.00793103448276	0.978275862069	0.00172413793104	0.0120689655172
na'-	0.0522789514529	0.762378075877	0.0131923977309	0.17215057494
ñáñ-	0.207692307692	0.203846153846	0.103846153846	0.484615384615
tux-	0.0929923460653	0.0806976915379	0.00400949839425	0.822300464003
tan-	0.51203489014	0.323876134906	0.0627224161507	0.101366558803
fec-	0.520907192463	0.268321111165	0.0854742363168	0.125297460055
ña=-	0.143747948802	0.159501148671	0.0377420413522	0.659008861175
bar-	0.083315790326	0.889047225776	0.00550580538597	0.0221311785123
aga-	0.0	0.990476190476	0.00952380952381	0.0
ama-	0.0	0.928571428571	0.0714285714286	0.0
tji-	0.274887897003	0.314736898065	0.0465536485129	0.363821556419
caí-	0.0	0.986842105263	0.0	0.0131578947368
tu̱-	0.281425891182	0.574108818011	0.0450281425891	0.0994371482176
k'i-	0.383534365043	0.268775603095	0.159308147474	0.188381884388
pac-	0.0754716981132	0.820754716981	0.0	0.103773584906
bue-	0.0350877192982	0.964912280702	0.0	0.0
ngu-	0.169347730476	0.0843979594362	0.0466060510307	0.699648259057
ji=-	0.322593800979	0.120445894508	0.00693311582382	0.550027188689
'nu-	0.255520504732	0.110410094637	0.258675078864	0.375394321767
bel-	0.0321500334896	0.943737441393	0.0040187541862	0.020093770931
boa-	0.0363636363636	0.945454545455	0.0181818181818	0.0
ixi-	0.0738216922203	0.777399204997	0.124929017604	0.0238500851789
jef-	0.0	1.0	0.0	0.0
te'-	0.612235915493	0.245692907445	0.0505218812877	0.0915492957747
jún-	0.291411042945	0.355636503068	0.100651840491	0.252300613497
ant-	0.0253444852278	0.969962091582	0.0	0.00469342319032
onr-	0.137345679012	0.734567901235	0.0694444444444	0.0586419753086
rey-	0.0443134931437	0.861209413548	0.0204967253278	0.0739803679803
tiu-	0.0227272727273	0.977272727273	0.0	0.0
ven-	0.260869565217	0.739130434783	0.0	0.0
cle-	0.0203389830508	0.966101694915	0.0135593220339	0.0
rab-	0.411363636364	0.452272727273	0.0	0.136363636364
fej-	0.328042328042	0.26455026455	0.407407407407	0.0
jñi-	0.0	1.0	0.0	0.0
sar-	0.0665099093047	0.901242861942	0.00806180718844	0.0241854215653
lao-	0.0	1.0	0.0	0.0
jó=-	0.435356200528	0.241424802111	0.11345646438	0.209762532982
kio-	0.158208008738	0.0242779016783	0.00454034931952	0.812973740265
bee-	0.0326721120187	0.967327887981	0.0	0.0
ske-	0.123076923077	0.415384615385	0.461538461538	0.0
x'e-	0.933333333333	0.0666666666667	0.0	0.0
'ey-	0.529745953478	0.289420087898	0.0757851859792	0.105048772644
teu-	0.321428571429	0.617346938776	0.0	0.0612244897959
dam-	0.00267260579065	0.997327394209	0.0	0.0
put-	0.0	1.0	0.0	0.0
tin-	0.508642759063	0.308512480767	0.0492799523338	0.133564807837
gaz-	0.0	0.945945945946	0.0540540540541	0.0
art-	0.00361010830325	0.996389891697	0.0	0.0
anf-	0.0384615384615	0.961538461538	0.0	0.0
xkj-	0.033464680999	0.230312337023	0.736222981978	0.0
yaf-	0.853333333333	0.146666666667	0.0	0.0
bal-	0.0729228993931	0.917354047354	0.00972305325242	0.0
efa-	0.121951219512	0.829268292683	0.0	0.0487804878049
die-	0.147350524228	0.793142533296	0.0255029753471	0.0340039671295
sad-	0.0	0.993646759848	0.00635324015249	0.0
pub-	0.0	0.955390334573	0.0446096654275	0.0
je=-	0.738722226378	0.0748734445525	0.0347871624149	0.151617166654
top-	0.0	0.946902654867	0.0530973451327	0.0
ni=-	0.102739726027	0.743150684931	0.154109589041	0.0
jof-	0.159255429162	0.0601861427094	0.0397104446742	0.740847983454
ts'-	0.335956794572	0.362418837669	0.0915969159115	0.210027451847
isc-	0.0	0.992818671454	0.0	0.0071813285458
kon-	0.300108735049	0.309894889453	0.144980065241	0.245016310257
asó-	0.0	1.0	0.0	0.0
tas-	0.642673521851	0.27467567406	0.0143480600227	0.0683027440665
amp-	0.0	1.0	0.0	0.0
nda-	0.151910267695	0.346745293552	0.231385398603	0.26995904015
set-	0.577514792899	0.318934911243	0.08224852071	0.0213017751479
ele-	0.0	1.0	0.0	0.0
fia-	0.819277108434	0.0	0.0	0.180722891566
cés-	0.0718062900083	0.883106039521	0.0116893960479	0.0333982744225
nab-	0.0205479452054	0.972602739726	0.00684931506848	0.0
ñat-	0.0714559701901	0.0442763987068	0.0462491095403	0.838018521563
eun-	0.0425531914893	0.765957446809	0.191489361702	0.0
saf-	0.182509505703	0.817490494297	0.0	0.0
rom-	0.0755768886769	0.712151928925	0.17738954147	0.0348816409278
sib-	0.539267015707	0.258289703316	0.167539267016	0.0349040139616
ti'-	0.574103370678	0.263743460126	0.0583691296716	0.103784039524
hen-	0.0	1.0	0.0	0.0
sit-	0.487592706192	0.332009591693	0.111779422191	0.0686182799248
can-	0.0205735660848	0.950124688279	0.0180798004987	0.0112219451372
sus-	0.0322580645161	0.967741935484	0.0	0.0
jes-	0.0249724580563	0.634847202229	0.00948572055552	0.330694619159
bro-	0.0345911949685	0.889937106918	0.0754716981132	0.0
xjo-	0.266656670165	0.606887589344	0.0532313690209	0.07322437147
bla-	0.125	0.85	0.025	0.0
yat-	0.220513230307	0.147180221246	0.0273604702874	0.604946078159
méñ-	0.0689831374553	0.0112416964742	0.429228410833	0.490546755238
kuú-	0.216547497446	0.630234933606	0.0306435137896	0.122574055158
mak-	0.24833104645	0.627777304106	0.0425991976904	0.081292451753
cen-	0.0	1.0	0.0	0.0
get-	0.0	1.0	0.0	0.0
sam-	0.00401746257064	0.98634062726	0.0056244475989	0.00401746257064
ngo-	0.0963082727028	0.133225545675	0.0103476151981	0.760118566424
jua-	0.0314684142601	0.899259172351	0.0133248411914	0.0559475721971
'e'-	0.746271660595	0.161953830982	0.0338116609979	0.0579628474249
sju-	0.794117647059	0.0588235294118	0.0	0.147058823529
nik-	0.359999738671	0.438280719176	0.107389719333	0.0943298228192
lit-	0.056338028169	0.774647887324	0.169014084507	0.0
teb-	0.479615375708	0.300209854774	0.138593627675	0.0815811418433
isl-	0.32403867776	0.642230717338	0.0121430177648	0.0215875871374
tuj-	0.194201662759	0.279897676402	0.136431464506	0.389469196333
xaj-	0.556942440502	0.15032360342	0.0786189828565	0.214114973222
ta̱-	0.143020594966	0.234553775744	0.199084668192	0.423340961098
mas-	0.309217330709	0.387339920202	0.123850701807	0.179592047282
rut-	0.0357142857143	0.964285714286	0.0	0.0
scu-	0.0	1.0	0.0	0.0
ruf-	0.0	0.960784313726	0.0392156862745	0.0
lib-	0.0425531914893	0.914893617021	0.0212765957447	0.0212765957447
may-	0.0229805013928	0.024373259053	0.864902506964	0.0877437325905
naa-	0.0135483870968	0.837419354839	0.149032258064	0.0
jak-	0.507825895952	0.0713535553222	0.00648348354532	0.41433706518
isa-	0.00182717929197	0.991320898363	0.00274076893795	0.00411115340692
fat-	0.54506892895	0.3032873807	0.0752916224814	0.0763520678685
kas-	0.688524590164	0.196721311475	0.114754098361	0.0
cap-	0.0170682730924	0.970883534137	0.0	0.0120481927711
tiy-	0.45013477089	0.495956873315	0.0377358490566	0.0161725067385
ko'-	0.617087512971	0.304047042546	0.0332065029402	0.0456589415427
eya-	0.417721518987	0.341772151899	0.151898734177	0.0886075949366
bi=-	0.401360544218	0.285714285714	0.0408163265306	0.272108843537
gam-	0.0959752321981	0.897832817338	0.00619195046441	0.0
tsj-	0.202611988621	0.340650509347	0.273872187095	0.182865314937
tic-	0.424514357321	0.331363269516	0.0961089249488	0.148013448215
sef-	0.0889929742389	0.178411752182	0.672556951245	0.0600383223334
gad-	0.0198675496689	0.960264900662	0.0198675496689	0.0
sem-	0.188730624214	0.619187264349	0.0994972769166	0.0925848345204
cla-	0.00851063829786	0.991489361702	0.0	0.0
an=-	0.0819821687447	0.0452470090427	0.00222475356159	0.870546068651
eut-	0.0674157303371	0.932584269663	0.0	0.0
isu-	0.0381644706951	0.0204452521581	0.941390277147	0.0
ose-	0.0	0.953846153846	0.0461538461538	0.0
'ek-	0.703676649623	0.132700267835	0.0336011687363	0.130021913806
jot-	0.134189673551	0.0717897725232	0.0261679246345	0.767852629291
taj-	0.13397439853	0.183743549815	0.198902883968	0.483379167687
gni-	0.130434782609	0.695652173913	0.0	0.173913043478
fes-	0.211887727023	0.699779856907	0.0404512933407	0.0478811227298
ma=-	0.29816832831	0.362856480408	0.242754463251	0.0962207280315
hes-	0.0	1.0	0.0	0.0
clo-	0.168539325843	0.831460674157	0.0	0.0
ska-	0.428975565892	0.375225302293	0.118927779922	0.0768713518934
x'a-	0.304974271012	0.331818181818	0.207118353345	0.156089193825
aba-	0.0	1.0	0.0	0.0
'ny-	0.0428571428571	0.914285714286	0.0428571428571	0.0
kil-	0.0181695827725	0.909152086137	0.0242261103634	0.0484522207267
yan-	0.248218552742	0.621106300568	0.0428090792466	0.0878660674439
jej-	0.43615819209	0.41581920904	0.0666666666667	0.0813559322034
pau-	0.0	1.0	0.0	0.0
sim-	0.131003062521	0.780611399451	0.0320777066076	0.0563078314202
jus-	0.0	1.0	0.0	0.0
teó-	0.0	0.978494623656	0.0	0.0215053763441
ébe-	0.0	1.0	0.0	0.0
eze-	0.0	1.0	0.0	0.0
