koi-	0.0716295647824	0.121717108554	0.0230740370185	0.783579289645
iam-	0.568312535492	0.170464638816	0.0505263770986	0.210696448593
agu-	0.564512201062	0.281574204861	0.113730456383	0.0401831376942
ris-	0.0312419252543	0.958892203613	0.0	0.00986587113295
won-	0.177683859639	0.198636864192	0.256793356945	0.366885919224
hem-	0.0802721088435	0.797278911565	0.00408163265307	0.118367346939
eṙi-	0.979865771812	0.00671140939597	0.0	0.013422818792
mla-	0.161774744027	0.748122866894	0.0491467576791	0.0409556313993
muw-	0.495698189948	0.152560845588	0.0897494518336	0.26199151263
imt-	0.694942350548	0.170865226238	0.0305202984207	0.103672124794
iya-	0.0738600869064	0.0347556577172	0.00414168711625	0.88724256826
son-	0.0899093989903	0.367798602946	0.471540217166	0.0707517808977
mou-	0.688180404355	0.218506998445	0.0233281493002	0.0699844479004
ure-	0.213306753053	0.720907052081	0.0403688013955	0.0254173934712
maa-	0.102370033905	0.0369764727979	0.0138864697395	0.846767023558
ngy-	0.466324906381	0.228471798953	0.078224038056	0.226979256611
nzo-	0.0309278350515	0.942225085911	0.00622852233677	0.0206185567011
ipu-	0.223874471175	0.707836080066	0.00861905663952	0.0596703921198
uṙa-	0.217234479849	0.702731764418	0.0657420136384	0.0142917420953
gyu-	0.300469483568	0.417840375587	0.0	0.281690140845
ito-	0.293844465085	0.60356328633	0.0734611162712	0.0291311323144
lpṟ-	0.96174863388	0.0382513661202	0.0	0.0
mba-	0.116765784954	0.431082019398	0.117893404971	0.334258790677
oṟo-	0.0173684210526	0.966842105263	0.00947368421049	0.00631578947369
aul-	0.389776357827	0.495207667732	0.0	0.115015974441
iiṙ-	0.238553246274	0.656734790678	0.0159236268225	0.0887883362257
nas-	0.272962168817	0.615828829621	0.0269292686061	0.0842797329563
iye-	0.404639169582	0.0565759370052	0.0151497468803	0.523635146532
mah-	0.0820354297943	0.836820829866	0.0784686719772	0.00267506836286
wah-	0.155585106383	0.235372340426	0.573138297872	0.0359042553191
kop-	0.0385099874033	0.0286725451383	0.0125367404475	0.920280727011
eno-	0.00961230374879	0.971163088754	0.0	0.0192246074976
aku-	0.413482193256	0.241369060063	0.0356709802856	0.309477766396
emu-	0.226804123711	0.371134020619	0.371134020618	0.0309278350515
ite-	0.434133412968	0.446265258128	0.034641084027	0.0849602448766
ruw-	0.0384645133389	0.903867133608	0.0186355006061	0.0390328524469
esi-	0.0	1.0	0.0	0.0
umf-	0.0837070254111	0.01644245142	0.899850523169	0.0
san-	0.176740044078	0.711592178771	0.0827417866845	0.0289259904669
lur-	0.9	0.04	0.06	0.0
hew-	0.150814619111	0.787098194628	0.0264200792602	0.0356671070013
yal-	0.377601210745	0.220961029134	0.13129020053	0.270147559591
sak-	0.0239471511148	0.872832369942	0.0660611065236	0.0371593724195
ual-	0.476190476191	0.523809523809	0.0	0.0
myu-	0.0127219719056	0.830108666843	0.14921812881	0.00795123244103
ius-	0.655021834061	0.323144104803	0.0218340611353	0.0
wii-	0.0138888888889	0.972222222222	0.0	0.0138888888889
umt-	0.643874643875	0.230769230769	0.102564102564	0.022792022792
nun-	0.405585106383	0.203457446808	0.359042553191	0.031914893617
tse-	0.40460311833	0.425480452605	0.104733327261	0.0651831018035
der-	0.00546448087431	0.994535519126	0.0	0.0
hat-	0.190010109365	0.163909567135	0.162668872346	0.483411451153
kat-	0.629120660894	0.129716419096	0.122805623957	0.118357296052
abi-	0.0	1.0	0.0	0.0
uṙi-	0.730769230769	0.230769230769	0.0192307692308	0.0192307692308
mlo-	0.0168564450101	0.967949820542	0.00206405449104	0.0131296799569
mil-	0.0	1.0	0.0	0.0
ṙem-	0.0903527704983	0.808259639466	0.00647154830016	0.0949160417355
tib-	0.0114285714286	0.988571428571	0.0	0.0
gan-	0.0858454657024	0.088904255518	0.0705203680516	0.754729910728
yer-	0.0130974767132	0.969759916036	0.000262386845672	0.016880220405
gae-	0.0574162679426	0.363636363636	0.0861244019139	0.492822966507
sod-	0.00480769230769	0.985576923077	0.0	0.00961538461536
imm-	0.648078240578	0.106020256932	0.0225175963941	0.223383906096
ṙic-	0.651622002821	0.141043723554	0.157968970381	0.049365303244
ari-	0.0263461221802	0.971677918656	0.0	0.00197595916351
oku-	0.512008175779	0.217169136433	0.0715380684721	0.199284619315
lya-	0.0667550220993	0.0377475670263	0.0079035490694	0.887593861805
ṙum-	0.188902256023	0.731957115752	0.00823212208486	0.07090850614
iit-	0.30492128776	0.388030066657	0.0723301659339	0.234718479648
omh-	0.714022140221	0.0774907749077	0.049815498155	0.158671586716
uga-	0.42899408284	0.423668639053	0.0923076923077	0.0550295857988
naṟ-	0.510946855349	0.256325908393	0.132475503716	0.100251732542
mhy-	0.0432024687125	0.121892679582	0.819475398594	0.0154294531116
paf-	0.0	1.0	0.0	0.0
mar-	0.0112232068934	0.924933304713	0.00993529790562	0.0539081904879
fes-	0.0113636363636	0.988636363636	0.0	0.0
dek-	0.0	0.90157480315	0.0	0.0984251968504
abr-	0.0206327372765	0.936898211829	0.0236416781293	0.0188273727648
lua-	0.578057412505	0.185214313803	0.0306724341329	0.206055839559
oko-	0.0147758794603	0.0116709746564	0.00224593367797	0.971307212205
nen-	0.810344827586	0.120689655172	0.0344827586207	0.0344827586207
ook-	0.0392156862745	0.0	0.0	0.960784313725
aig-	0.726975476839	0.125885558583	0.00108991825613	0.146049046321
ong-	0.709491850431	0.196228827101	0.0271652285075	0.0671140939598
wai-	0.372015410477	0.292289970227	0.0584374185246	0.277257200771
mul-	0.585628149326	0.207873191794	0.103926430717	0.102572228163
gaw-	0.0941275055461	0.0749609292942	0.0453549143676	0.785556650792
ate-	0.149738032865	0.570135746606	0.2411288402	0.0389973803286
imc-	0.59604519774	0.107344632768	0.135593220339	0.161016949153
naw-	0.360445276157	0.0821420522149	0.0299538183742	0.527458853254
kam-	0.625145337064	0.0773643681382	0.0139344870612	0.283555807736
wuṙ-	0.0663719210629	0.147700613721	0.160790283087	0.625137182129
sin-	0.095213630653	0.869455525268	0.00538945079167	0.0299413932871
neṙ-	0.732089942479	0.210388704898	0.0104584277497	0.0470629248736
aal-	0.60358056266	0.212276214834	0.168797953964	0.0153452685422
dor-	0.0527859237537	0.456500488758	0.0332355816226	0.457478005865
iṙi-	0.476412801963	0.425021593391	0.0464231370793	0.0521424675675
faṟ-	0.386416861827	0.177985948478	0.00936768149883	0.426229508197
pat-	0.372814641899	0.117214661766	0.1737235522	0.336247144134
iar-	0.85	0.15	0.0	0.0
lyo-	0.110261817224	0.0995115084134	0.0698562622059	0.720370412157
osh-	0.567818617659	0.223931282461	0.100379544546	0.107870555334
weṙ-	0.541255713255	0.3847726726	0.0252585999519	0.0487130141929
mog-	0.444009141365	0.399281749918	0.0685602350637	0.0881488736533
maw-	0.115037813075	0.705937588647	0.0811650556631	0.0978595426152
maṙ-	0.147377416861	0.699138138547	0.0275102813308	0.125974163261
uam-	0.356923076923	0.0953846153846	0.498461538462	0.0492307692307
oṙu-	0.00927814257861	0.0197216557226	0.00121019251026	0.969790009188
nye-	0.0442078870389	0.936657355885	0.00989728814305	0.00923746893351
mṙi-	0.34914950761	0.597135183527	0.053715308863	0.0
pic-	0.141342756184	0.858657243816	0.0	0.0
gen-	0.182038834951	0.186893203884	0.490291262136	0.140776699029
mok-	0.413559648044	0.46945115213	0.0541588994788	0.0628303003476
msh-	0.0646736679338	0.844945557632	0.0653050705496	0.0250757038851
amṟ-	0.771078047507	0.161054554947	0.0318454711564	0.03602192639
mfi-	0.0343281425189	0.61598756702	0.00516360102626	0.344520689435
ngw-	0.0901287553648	0.832618025751	0.0643776824034	0.0128755364807
ium-	0.452787258248	0.321956769056	0.17747440273	0.0477815699659
rek-	0.0612244897959	0.938775510204	0.0	0.0
gaṟ-	0.0546056991385	0.0895957587806	0.0246520874751	0.831146454606
mwi-	0.165587918015	0.550701186624	0.175296655879	0.108414239482
she-	0.370681412736	0.423351543565	0.123413802717	0.0825532409822
por-	0.0201342281879	0.979865771812	0.0	0.0
luf-	0.34962406015	0.548872180451	0.0451127819549	0.0563909774436
pas-	0.00759493670886	0.990084388186	0.00126582278481	0.00105485232068
ifa-	0.127902864553	0.69503713309	0.0952493221739	0.0818106801839
mwe-	0.0208768267223	0.736483319842	0.22831366367	0.0143261897661
jum-	0.0	0.984536082474	0.0	0.0154639175258
och-	0.301985743526	0.407296439734	0.134996262342	0.155721554398
ṟuk-	0.253378378378	0.537162162162	0.0	0.209459459459
oal-	0.613636363636	0.0113636363636	0.238636363636	0.136363636364
haa-	0.569169960474	0.383399209486	0.0474308300396	0.0
umm-	0.645771732703	0.184506209344	0.0177409816677	0.151981076286
tso-	0.0347826086956	0.120361601378	0.0258286698235	0.819027120103
moṟ-	0.622421524664	0.309417040359	0.0412556053812	0.0269058295964
epa-	0.0	0.993135011442	0.00686498855837	0.0
yac-	0.215671260847	0.229623957802	0.0518972264761	0.502807554875
yei-	0.335820895522	0.417910447761	0.0	0.246268656716
asi-	0.0512639989521	0.895237081669	0.0301673325037	0.0233315868754
nan-	0.376943325325	0.148197657114	0.207188376988	0.267670640573
mch-	0.0836229228533	0.555380046756	0.27873254565	0.0822644847413
seṟ-	0.0	1.0	0.0	0.0
uic-	0.536270008686	0.113512842784	0.257451296687	0.0927658518426
usi-	0.0	1.0	0.0	0.0
ufi-	0.564220183486	0.220183486239	0.160550458716	0.0550458715595
wom-	0.222535194806	0.481910249592	0.0372255564841	0.258328999118
nog-	0.520434782609	0.0860869565218	0.0104347826087	0.383043478261
kya-	0.0599981994056	0.0576420275388	0.0107575959195	0.871602177136
amu-	0.587878355226	0.292547115934	0.0439034837236	0.0756710451171
tol-	0.141666666667	0.858333333333	0.0	0.0
mel-	0.0490880215602	0.93214302902	0.01010635738	0.00866259204004
iim-	0.602691924227	0.222831505484	0.10667996012	0.0677966101695
kri-	0.00608789473367	0.985750709752	0.00169978843059	0.00646160708366
kaf-	0.512592379258	0.199919770833	0.0275144901076	0.259973359802
yaṙ-	0.0151949435758	0.0285806507022	0.00832418648065	0.947900219241
tew-	0.140650673677	0.40814985212	0.361156753204	0.0900427209991
ail-	0.388586339914	0.554402087588	0.0374404356705	0.0195711368278
wec-	0.576659481108	0.136160893186	0.0599356327517	0.227243992954
mir-	0.0909090909091	0.886363636364	0.0	0.0227272727273
isa-	0.120761649237	0.779061253559	0.051217174483	0.048959922721
aṙa-	0.847776098712	0.0849325619827	0.00189553068465	0.0653958086207
mle-	0.262866015972	0.547914818101	0.089174800355	0.100044365572
mus-	0.551041442989	0.286922911746	0.0850762293321	0.076959415933
eut-	0.0	1.0	0.0	0.0
pud-	0.0845070422535	0.915492957746	0.0	0.0
dio-	0.0689655172413	0.908045977012	0.0229885057471	0.0
igu-	0.523442757796	0.408509683691	0.0146563972183	0.0533911612951
bab-	0.0592550790068	0.924320272228	0.00934941545094	0.00707523331424
ita-	0.265822664409	0.401963208857	0.0320067723096	0.300207354424
pfo-	0.136128414927	0.0668632466949	0.0230428245035	0.773965513874
hoi-	0.227506426735	0.41088260497	0.0179948586118	0.343616109683
ṙeṙ-	0.133283358321	0.741100878132	0.0194688370101	0.106146926537
mum-	0.0764057385923	0.870244551355	0.0190374789517	0.0343122311006
war-	0.0951623441184	0.713461920859	0.163111098486	0.0282646365366
eka-	0.752136752137	0.196581196581	0.0	0.0512820512821
ila-	0.372634383982	0.381940400878	0.126447654432	0.118977560709
opf-	0.0180092297302	0.0883765429782	0.0087232206506	0.884891006641
ura-	0.194506931729	0.12330630395	0.0260005231494	0.656186241172
kom-	0.337110481586	0.24433427762	0.0899433427762	0.328611898017
mga-	0.0230991337825	0.783445620789	0.167468719923	0.0259865255053
ṙen-	0.677552221241	0.203000882613	0.0735510444249	0.0458958517211
mee-	0.0873282323548	0.640849469082	0.221853529044	0.049968769519
amr-	0.857142857143	0.10599078341	0.00921658986173	0.0276497695853
kod-	0.132841328413	0.862730627307	0.00442804428044	0.0
han-	0.0863533592817	0.251596003325	0.00636384618315	0.65568679121
uud-	0.0344827586207	0.775862068966	0.189655172414	0.0
non-	0.70306122449	0.0948979591837	0.00612244897959	0.195918367347
uba-	0.0	0.935483870968	0.0645161290323	0.0
wor-	0.234206342565	0.682118651159	0.0319638523973	0.0517111538784
tau-	0.137254901961	0.696078431373	0.127450980392	0.0392156862745
far-	0.0291173794359	0.951774340309	0.00727934485896	0.0118289353958
mal-	0.0682333806294	0.849368829019	0.0241527607167	0.0582450296354
apf-	0.292946432652	0.268533753828	0.37653114859	0.0619886649299
umb-	0.0805137070882	0.859471474438	0.010372931588	0.0496418868857
ṟii-	0.244039270687	0.570827489481	0.168302945302	0.0168302945301
sab-	0.0679859559527	0.916693265241	0.0	0.0153207788062
imṙ-	0.566235366605	0.279112754159	0.0388170055453	0.115834873691
nyi-	0.524860641701	0.0218403144651	0.00361417935115	0.449684864483
nin-	0.0667903525047	0.933209647495	0.0	0.0
aup-	0.0984251968504	0.724409448819	0.0787401574803	0.0984251968504
muṙ-	0.540253941677	0.201618529371	0.136179712572	0.121947816381
naṙ-	0.717342449708	0.173587938056	0.0398523583171	0.0692172539192
ian-	0.282801951741	0.605841855491	0.0297440010695	0.0816121916984
wot-	0.131147540984	0.459016393443	0.0327868852459	0.377049180328
nuw-	0.564802600134	0.124099034509	0.0707771723545	0.240321193003
sir-	0.0532150776053	0.920177383592	0.0	0.0266075388027
mṟa-	0.0328832513438	0.0375045557346	0.0140574351319	0.91555475779
ny'-	0.0993274513651	0.106903900967	0.0239605694082	0.769808078259
eon-	0.830303030303	0.0363636363636	0.0363636363636	0.0969696969697
and-	0.0206967919972	0.932088651259	0.00388064849948	0.0433339082442
loṙ-	0.311926605505	0.0711704197943	0.0133444537114	0.60355852099
ALL	0.232986995623	0.299251890882	0.0555458437653	0.41221526973
ofo-	0.18	0.82	0.0	0.0
wuu-	0.0442944526471	0.587639738452	0.340645433453	0.0274203754482
ine-	0.771929824561	0.228070175439	0.0	0.0
rah-	0.0280531138956	0.960725640546	0.0	0.0112212455582
amg-	0.57280803399	0.0324449594438	0.00231749710313	0.392429509463
aos-	0.95953002611	0.0208877284595	0.0195822454308	0.0
mtu-	0.0689962463882	0.48914423051	0.351934865383	0.0899246577192
per-	0.0	1.0	0.0	0.0
suo-	0.787234042553	0.191489361702	0.0212765957447	0.0
sok-	0.122524752475	0.257425742574	0.0519801980198	0.568069306931
lum-	0.469724464468	0.300419247857	0.0709175479215	0.158938739753
bar-	0.0145431041448	0.977512051924	0.00471304300988	0.00323180092106
kui-	0.0615877846142	0.0144905595692	0.00592532939358	0.917996326423
mor-	0.0666249811337	0.858341059531	0.0470040319972	0.0280299273378
uwa-	0.133206440367	0.796870309985	0.0245027526629	0.0454204969846
noṟ-	0.76	0.2	0.0	0.04
gaa-	0.0634934162867	0.049857246346	0.0264200792602	0.860229258107
mii-	0.0492452000586	0.921881870145	0.0145097464458	0.0143631833504
gas-	0.165965123271	0.263980757667	0.0769693325316	0.49308478653
ata-	0.161904761905	0.82380952381	0.0	0.0142857142857
img-	0.679662279613	0.18624286069	0.0148994288552	0.119195430842
iua-	0.714612918003	0.0854328905176	0.0	0.19995419148
uin-	0.3802672148	0.502569373073	0.0801644398767	0.0369989722508
wae-	0.21163676619	0.355321850682	0.409598541334	0.0234428417934
muh-	0.21186440678	0.0169491525423	0.771186440678	0.0
uan-	0.571428571428	0.30612244898	0.0	0.122448979592
mes-	0.0911045822197	0.846595635475	0.00725650873436	0.0550432735704
num-	0.137413936051	0.278048135732	0.0118614188042	0.572676509413
siṟ-	0.0218376824414	0.948584697037	0.00740822644849	0.0221693940734
iwu-	0.272069317023	0.0621712538226	0.0212232415902	0.644536187564
haw-	0.289868758069	0.145594558119	0.0387750753147	0.525761608497
aic-	0.770198187259	0.0666551021294	0.0595862786765	0.103560431935
ami-	0.0	1.0	0.0	0.0
nec-	0.515337746174	0.122628417874	0.0720190868059	0.290014749146
iku-	0.246233909521	0.454904703479	0.0530398793501	0.24582150765
lek-	0.685049325505	0.174712132229	0.028488327925	0.111750214341
uen-	0.534582132565	0.417867435159	0.0389048991354	0.00864553314121
aṙo-	0.80484773151	0.151646985705	0.00870105655687	0.0348042262276
tsa-	0.0535388769551	0.0270608165564	0.00875521487127	0.910645091617
adi-	0.0903361344538	0.77731092437	0.132352941176	0.0
mda-	0.0	1.0	0.0	0.0
hos-	0.0160427807486	0.935828877005	0.024064171123	0.024064171123
ien-	0.56423696415	0.131593212387	0.0626868321197	0.241482991343
nze-	0.0	0.956852791878	0.0	0.0431472081218
tal-	0.130243250704	0.732824268194	0.031872215429	0.105060265673
heg-	0.31067961165	0.68932038835	0.0	0.0
olu-	0.710344827586	0.0620689655172	0.103448275862	0.124137931035
aiṙ-	0.651649336411	0.230829499317	0.0162956139516	0.101225550321
uṟi-	0.406454248366	0.348447712418	0.0857843137255	0.15931372549
kos-	0.2	0.753424657534	0.00821917808219	0.0383561643836
rod-	0.0594059405941	0.940594059406	0.0	0.0
nem-	0.644962302947	0.215215901302	0.0813342472013	0.0584875485493
aih-	0.665573770492	0.314754098361	0.0196721311475	0.0
mua-	0.4709347388	0.207874748101	0.217020616959	0.10416989614
noc-	0.614117409258	0.165776327568	0.0571742080795	0.162932055095
kye-	0.186832581026	0.124525045517	0.0251966081257	0.663445765332
loc-	0.517047111739	0.210398661406	0.0959811491641	0.176573077691
koṙ-	0.0400751516823	0.0467974351903	0.00542953667954	0.907697876448
iṟo-	0.776397515528	0.149068322981	0.0745341614906	0.0
kur-	0.52722323049	0.320326678766	0.062613430127	0.089836660617
chi-	0.141540310271	0.041984034871	0.0170735075142	0.799402147343
uiṙ-	0.458434753909	0.208630719089	0.0317669870869	0.301167539915
pil-	0.0149914821124	0.911413969336	0.0456558773424	0.0279386712095
nga-	0.481993055373	0.287326949841	0.0498888320834	0.180791162703
ben-	0.0	1.0	0.0	0.0
ion-	0.592094580316	0.194588101832	0.0422630765295	0.171054241322
mpa-	0.0179265013445	0.918641263129	0.0110316931351	0.0524005423915
uig-	0.620727673649	0.199558985667	0.00330760749724	0.176405733186
muu-	0.169191919192	0.266153437206	0.513127223654	0.0515274199484
amp-	0.414190193165	0.190193164933	0.303120356612	0.0924962852898
wuc-	0.146539529523	0.573872269084	0.10163985959	0.177948341803
iyo-	0.0563420281121	0.0563114350512	0.00331328622002	0.884033250617
map-	0.137127484627	0.802945066254	0.0335972869401	0.0263301621787
nar-	0.511920980926	0.429155313351	0.0170299727521	0.0418937329701
gat-	0.0858649380805	0.267608359133	0.0307178792569	0.615808823529
nut-	0.369565217391	0.630434782609	0.0	0.0
wun-	0.110252736595	0.576478434392	0.190456053539	0.122812775474
mao-	0.0344827586207	0.931034482759	0.0344827586207	0.0
peṟ-	0.192757009346	0.0257009345795	0.781542056075	0.0
gek-	0.357818575898	0.424200897329	0.173597488109	0.0443830386643
hag-	0.106523534269	0.80759702725	0.036333608588	0.0495458298927
usu-	0.811594202899	0.188405797101	0.0	0.0
yem-	0.545762711864	0.362711864407	0.0406779661017	0.0508474576271
sat-	0.0755250144499	0.816967439471	0.0662770534969	0.0412304925824
kaṙ-	0.768265373217	0.0692402252737	0.0149324845863	0.147561916923
saf-	0.0740276035132	0.627352572146	0.0853199498118	0.213299874529
upi-	0.814285714286	0.185714285714	0.0	0.0
iow-	0.136017286478	0.569657682247	0.233594905038	0.0607301262368
aaf-	0.269996966326	0.039336636667	0.597633734453	0.0930326625543
goo-	0.0635138670853	0.0875850340136	0.0296964939822	0.819204604919
neg-	0.822423527952	0.0470465967612	0.0	0.130529875287
aka-	0.00745156482862	0.980625931446	0.0	0.0119225037258
eub-	0.197802197802	0.802197802198	0.0	0.0
eri-	0.0	1.0	0.0	0.0
wow-	0.177248677249	0.0510582010582	0.0148148148148	0.756878306878
mom-	0.5463297574	0.286753899566	0.0553074569219	0.111608886112
mru-	0.0594059405941	0.940594059406	0.0	0.0
pen-	0.0	1.0	0.0	0.0
ios-	0.63347983948	0.142843493216	0.0234091343398	0.200267532964
iig-	0.652471975128	0.10175259653	0.0947402489138	0.151035179428
hal-	0.189709605924	0.141380099903	0.0315892200953	0.637321074078
ṟui-	0.10579735839	0.75059835121	0.0133459405687	0.130258349831
ise-	0.239267315398	0.724098454493	0.0269032627361	0.00973096737265
kac-	0.598606609575	0.0717225385179	0.131687751281	0.197983100626
iin-	0.288623808975	0.546220689511	0.0856804436012	0.0794750579134
ter-	0.153442699313	0.754571599172	0.0756824147132	0.016303286802
wen-	0.0553720384528	0.354068579214	0.13139050791	0.459168874423
iyi-	0.121234939759	0.185993975904	0.0632530120482	0.629518072289
ums-	0.407993338884	0.162642242576	0.42936441854	0.0
wao-	0.401297122011	0.282124037292	0.261856505878	0.0547223348196
ṟan-	0.631026252983	0.192999204455	0.12537788385	0.0505966587112
upf-	0.0857259744124	0.831560547456	0.0466379053853	0.0360755727462
nam-	0.599261031718	0.210776200429	0.101485975681	0.0884767921714
sho-	0.0449674134823	0.408926130623	0.00172342069293	0.544383035201
ale-	0.640767929956	0.13991517837	0.0411475751196	0.178169316554
ṟoṟ-	0.32	0.28	0.28	0.12
sid-	0.00343053173242	0.953687821612	0.0	0.0428816466552
eky-	0.605667741945	0.244623949835	0.0653110245294	0.0843972836905
owu-	0.471224439069	0.407404712972	0.0712947638361	0.050076084123
muf-	0.157142857143	0.0	0.842857142857	0.0
umh-	0.00740740740742	0.0	0.0444444444444	0.948148148148
ewi-	0.316666666667	0.583333333333	0.0333333333333	0.0666666666667
ioṟ-	0.791500594249	0.177243865444	0.0312555403072	0.0
ula-	0.477522561555	0.309043981348	0.112286684987	0.10114677211
net-	0.734210526316	0.0789473684211	0.0684210526316	0.118421052632
mkr-	0.224037339557	0.551925320887	0.154025670945	0.0700116686114
kon-	0.0219077815778	0.019770181879	0.00164766045292	0.95667437609
eṟu-	0.0746268656716	0.925373134328	0.0	0.0
wuh-	0.169811320755	0.356664637858	0.224994927977	0.24852911341
hak-	0.257300387993	0.413818499962	0.0709303597232	0.257950752322
yul-	0.0197368421053	0.980263157895	0.0	0.0
imu-	0.604045032846	0.239936314161	0.0722416466435	0.0837770063495
kuw-	0.195168343185	0.175897062201	0.12752661251	0.501407982105
mut-	0.398563256618	0.287614739923	0.236530530797	0.077291472662
oṟe-	0.929432013769	0.0189328743546	0.0516351118761	0.0
iiṟ-	0.218092578074	0.429757938064	0.276688880178	0.0754606036848
tia-	0.0	1.0	0.0	0.0
maf-	0.0469009720465	0.755079295928	0.155525463142	0.0424942688836
waṙ-	0.315618339342	0.32985147126	0.0404018832344	0.314128306164
waw-	0.410863375875	0.209082525626	0.0853516460619	0.294702452437
weo-	0.0493103869157	0.90760405224	0.0175759794947	0.0255095813499
ene-	0.713888888889	0.203333333333	0.015	0.0677777777777
ewu-	0.537130497477	0.134823359769	0.0	0.328046142754
kuṟ-	0.359147382209	0.442980192911	0.161354344461	0.0365180804192
nim-	0.0	1.0	0.0	0.0
koa-	0.424892703863	0.575107296137	0.0	0.0
lly-	0.69918699187	0.20325203252	0.0	0.0975609756098
sen-	0.0365853658537	0.707317073171	0.109756097561	0.146341463415
omw-	0.622309197652	0.213307240704	0.0939334637964	0.0704500978473
yoe-	0.0454545454545	0.954545454545	0.0	0.0
tup-	0.127459072056	0.0652966557665	0.0313946320925	0.775849640085
yam-	0.530679513185	0.233519269777	0.025354969574	0.210446247464
uso-	0.246153846154	0.105494505494	0.00879120879119	0.639560439561
wuy-	0.0309309659202	0.585071618425	0.0425540014243	0.34144341423
lyi-	0.270313987281	0.119753020536	0.154775008039	0.455157984144
baa-	0.0	1.0	0.0	0.0
uṟu-	0.311218335344	0.306393244873	0.144752714113	0.237635705669
mai-	0.01171875	0.84375	0.05859375	0.0859375
mti-	0.17526929982	0.224977558348	0.500448833034	0.0993043087971
umg-	0.0	0.668085106383	0.0382978723404	0.293617021276
rab-	0.00959999999999	0.92	0.0	0.0704
ape-	0.0	1.0	0.0	0.0
uwe-	0.50134717596	0.208916769934	0.118856734536	0.17087931957
nzi-	0.125354634902	0.659711463007	0.151270649309	0.0636632527817
uit-	0.724185451324	0.172457919087	0.0172261049316	0.0861305246579
iic-	0.767675728127	0.099195789288	0.0754958319244	0.0576326506609
eiṙ-	0.14104198725	0.102923719499	0.223169927457	0.532864365795
nuk-	0.349496925657	0.505310229178	0.048071548351	0.0971212968139
und-	0.604290475083	0.248168642951	0.0348074091297	0.112733472836
hen-	0.116834838024	0.0764737121614	0.0653212958045	0.74137015401
tuu-	0.691573926868	0.152424483307	0.0367647058824	0.119236883943
ber-	0.0	0.943731490622	0.0	0.0562685093781
imk-	0.500355037813	0.219939718055	0.0531811884581	0.226524055674
yor-	0.00361663652803	0.996383363472	0.0	0.0
ndu-	0.09316252611	0.611139504911	0.24517428855	0.050523680429
tir-	0.0156331422616	0.894997394476	0.0823345492444	0.00703491401774
kau-	0.64157505745	0.216663561269	0.0537233712192	0.0880380100615
api-	0.0	0.914893617021	0.0	0.0851063829787
uir-	0.519886363636	0.303977272727	0.161931818182	0.0142045454545
ṟey-	0.607342378292	0.191540303272	0.0957701516361	0.1053471668
lui-	0.534961004938	0.0895427145074	0.0302121454061	0.345284135149
gea-	0.969297132707	0.0205531590967	0.0	0.0101497081959
dir-	0.0500595947557	0.928486293206	0.0214541120381	0.0
eng-	0.591989987484	0.127659574468	0.177722152691	0.102628285357
uko-	0.409861120108	0.381603757666	0.142838412821	0.0656967094042
yes-	0.0125607864877	0.924131318589	0.00271119058266	0.0605967043405
zom-	0.0	1.0	0.0	0.0
gaf-	0.11539243595	0.136208824725	0.635802155348	0.112596583977
sah-	0.0183441558442	0.689123376623	0.281818181818	0.0107142857143
kuk-	0.444759357972	0.157382317539	0.0791566115041	0.318701712985
yar-	0.0	1.0	0.0	0.0
mṟe-	0.0	1.0	0.0	0.0
wur-	0.251188212928	0.299904942966	0.209600760456	0.23930608365
iky-	0.275320749532	0.234301460676	0.0145927387377	0.475785051054
hec-	0.145309558091	0.445785801307	0.112969321077	0.295935319526
iuṟ-	0.236099230111	0.464499572284	0.115483319076	0.183917878529
imr-	0.609638554217	0.159036144578	0.144578313253	0.0867469879518
mot-	0.603842865047	0.199864191942	0.0184849856647	0.177807957346
mbi-	0.173958063681	0.560445249806	0.189490033653	0.0761066528605
amm-	0.640741135129	0.191246938558	0.0833351080822	0.0846768182303
kun-	0.102188817436	0.0501428575506	0.00271158187978	0.844956743133
ṟam-	0.865979381443	0.134020618557	0.0	0.0
har-	0.0886503822079	0.817688165675	0.0918392448774	0.00182220723963
kan-	0.181273753811	0.613258985625	0.0249665425585	0.180500718006
nei-	0.066467264872	0.0358923230309	0.407444333666	0.490196078431
fuo-	0.0526315789474	0.947368421053	0.0	0.0
yea-	0.328547763666	0.525124240751	0.096631695196	0.0496963003865
woi-	0.295454545455	0.0681818181818	0.0454545454545	0.590909090909
ṙek-	0.202438274767	0.339309496978	0.187378342383	0.270873885872
ref-	0.025	0.975	0.0	0.0
gap-	0.132372463493	0.0779442442632	0.029963967381	0.759719324863
nup-	0.487704918033	0.340163934426	0.0983606557377	0.0737704918033
dak-	0.0331491712707	0.370165745856	0.0662983425415	0.530386740331
sim-	0.00754688214667	0.983877115414	0.00682268638512	0.00175331605428
ifi-	0.555735056543	0.395799676898	0.00969305331179	0.0387722132472
sio-	0.0137299771167	0.986270022883	0.0	0.0
nju-	0.0758225546368	0.755206367722	0.162795484956	0.00617559268534
luh-	0.14348785872	0.33995584989	0.503311258278	0.0132450331126
daw-	0.00261361986351	0.995643966894	0.00174241324234	0.0
wan-	0.0651249426006	0.559867434081	0.0334902990237	0.341517324294
kum-	0.410045986853	0.224665801248	0.0798728111363	0.285415400762
uka-	0.151538402517	0.718598941149	0.0345277372823	0.0953349190517
met-	0.052205220522	0.793879387939	0.021602160216	0.132313231323
pon-	0.0	0.993127147766	0.0	0.00687285223367
aml-	0.554589896795	0.23845736013	0.0863661053775	0.120586637697
oum-	0.615384615385	0.0384615384615	0.307692307692	0.0384615384615
mna-	0.124843698585	0.76551497203	0.0792365909839	0.0304047384008
nef-	0.767511177347	0.232488822653	0.0	0.0
kyo-	0.183660447104	0.297411327231	0.0125143020595	0.506413923605
iho-	0.136066399589	0.116404912909	0.0136377866168	0.733890900885
tem-	0.0815597327948	0.742892651857	0.0636942675159	0.111853347833
lol-	0.477326968974	0.0978520286396	0.284009546539	0.140811455847
uik-	0.541329011345	0.2528363047	0.095623987034	0.110210696921
saa-	0.0358089475516	0.76339321571	0.0196781880003	0.181119648738
geo-	0.595779220779	0.180194805195	0.159090909091	0.064935064935
moe-	0.671916010499	0.265091863517	0.0393700787401	0.0236220472441
msi-	0.146341463415	0.493312352478	0.275373721479	0.0849724626279
ufa-	0.485714285714	0.428571428571	0.0571428571429	0.0285714285714
ilu-	0.564706538512	0.246035434754	0.0894234880738	0.0998345386603
mat-	0.222970459247	0.554440807611	0.162360836598	0.0602278965438
ipf-	0.227195387391	0.151132927119	0.0419590746531	0.579712610837
ijo-	0.0637323242382	0.884485162318	0.035849432384	0.0159330810595
nya-	0.154644395173	0.605274378544	0.113418326014	0.126662900269
eku-	0.611111111111	0.0740740740741	0.259259259259	0.0555555555556
mad-	0.0555555555556	0.694444444444	0.0277777777778	0.222222222222
oic-	0.333333333333	0.488095238095	0.0714285714285	0.107142857143
uiw-	0.729229444684	0.0912613000431	0.0232458028412	0.156263452432
mem-	0.00658376005852	0.964886613021	0.0153621068032	0.013167520117
par-	0.162179787068	0.6549851855	0.0318263655566	0.151008661875
too-	0.0780871670702	0.896489104116	0.00726392251815	0.0181598062954
ala-	0.505928460641	0.222898557092	0.101300729102	0.169872253165
sik-	0.0	1.0	0.0	0.0
nah-	0.264367816092	0.574712643678	0.0298850574713	0.131034482759
aho-	0.891402714932	0.0542986425339	0.027149321267	0.027149321267
oos-	0.138292770651	0.19022898933	0.135535307517	0.535942932502
aṟi-	0.425650557621	0.507434944238	0.0	0.0669144981412
mow-	0.552153684706	0.21142391874	0.0426212167701	0.193801179784
aṟe-	0.451203027845	0.402811570695	0.0989456609895	0.0470397404704
ane-	0.126984126984	0.666666666667	0.047619047619	0.15873015873
uṙu-	0.614997563192	0.324148105217	0.0387254837392	0.022128847851
esh-	0.336206896552	0.301724137931	0.155172413793	0.206896551724
iṟu-	0.350704416243	0.440125505148	0.0334845749496	0.175685503659
yen-	0.547102102617	0.412492138087	0.00121826409935	0.0391874951958
gay-	0.029099448642	0.970900551358	0.0	0.0
aam-	0.677783754707	0.152770306616	0.0205389016578	0.148907037019
ipa-	0.151100571568	0.787820746686	0.00565487048522	0.0554238112611
ira-	0.475129918337	0.518930957684	0.00593912397922	0.0
iaṙ-	0.740740740741	0.107936507936	0.0952380952382	0.0560846560846
dan-	0.0	0.891402714932	0.108597285068	0.0
aim-	0.657699290312	0.256477966661	0.0577653078066	0.0280574352203
ona-	0.421686746988	0.0361445783132	0.10843373494	0.433734939759
nof-	0.409836065574	0.379391100703	0.196721311475	0.0140515222482
lug-	0.378176382661	0.106128550075	0.0227952167414	0.492899850523
oiṙ-	0.502732240437	0.304918032787	0.0976320582878	0.0947176684881
wuk-	0.351742182729	0.392926310442	0.066430229583	0.188901277246
ser-	0.0176817288802	0.917485265226	0.0530451866405	0.0117878192534
uyu-	0.0157068062827	0.976201808663	0.00237981913375	0.00571156592099
wea-	0.524784603335	0.230166722614	0.00335683115139	0.2416918429
wer-	0.798657718121	0.120805369128	0.0402684563758	0.0402684563758
ndi-	0.240413380473	0.330795032182	0.155742906355	0.27304868099
mis-	0.020314792252	0.971479722505	0.00298381281547	0.00522167242709
umṙ-	0.556643356643	0.303496503497	0.041958041958	0.0979020979021
moṙ-	0.104528643765	0.748467285544	0.0302819698173	0.116722100874
yai-	0.0	0.96	0.04	0.0
ech-	0.633373301529	0.141560733665	0.0421256727343	0.182940292071
yon-	0.0	0.993442941448	0.0	0.0065570585521
rin-	0.0916726796662	0.836067627883	0.0152175697688	0.0570421226824
iaf-	0.429663608563	0.25254841998	0.209480122324	0.108307849134
geṙ-	0.2734375	0.501953125	0.17578125	0.048828125
was-	0.144295318954	0.694642633593	0.0908978380088	0.0701642094436
iwi-	0.363521937094	0.224287515463	0.0607717926278	0.351418754815
hoo-	0.506850113683	0.268699352883	0.0122427563691	0.212207777065
imy-	0.98452883263	0.0154711673699	0.0	0.0
sos-	0.0535714285714	0.910714285714	0.0178571428571	0.0178571428571
luu-	0.738903394256	0.185378590078	0.00783289817232	0.0678851174935
ule-	0.572688704204	0.194247385247	0.0904842322718	0.142579678277
nep-	0.528301886792	0.377358490566	0.0	0.0943396226415
iun-	0.328125	0.640625	0.0208333333334	0.0104166666667
moa-	0.273463554073	0.570747975226	0.0771796093378	0.0786088613626
uri-	0.513652854688	0.400420087837	0.0591941951499	0.0267328623257
koe-	0.746887966805	0.203319502075	0.0	0.0497925311203
leg-	0.923076923077	0.0384615384615	0.0	0.0384615384615
wek-	0.46436175863	0.330360424192	0.0882498873198	0.117027929858
kag-	0.723679951236	0.0652512147272	0.00150288607802	0.209565947959
air-	0.395209580838	0.479041916168	0.0538922155689	0.0718562874252
wos-	0.344637946838	0.596700274977	0.00458295142071	0.0540788267644
nom-	0.256315465188	0.613062230437	0.0418977202711	0.0887245841035
yeṙ-	0.511111111111	0.222222222222	0.0	0.266666666667
nyg-	0.592233009709	0.145631067961	0.0	0.26213592233
mam-	0.0319962621654	0.917383913394	0.015826150925	0.0347936735161
utu-	0.0187891440501	0.179540709812	0.0845511482255	0.717118997912
umc-	0.478260869565	0.239130434783	0.195652173913	0.0869565217391
tit-	0.0177602368032	0.971879625062	0.0014800197336	0.00888011840158
sia-	0.110514375666	0.693180239826	0.111394046021	0.0849113384879
uim-	0.605172413793	0.301724137931	0.0724137931034	0.0206896551724
loy-	0.364161849711	0.208092485549	0.294797687861	0.132947976879
wok-	0.180888729481	0.091809488981	0.048709226974	0.678592554564
amt-	0.497419052088	0.312529328954	0.0422336931018	0.147817925856
mos-	0.106230806256	0.842043536327	0.00508443552596	0.0466412218915
kok-	0.0653360198574	0.0242230757817	0.00900519881657	0.901435705544
mug-	0.586207291206	0.228517800735	0.108479193054	0.0767957150051
omm-	0.589189189189	0.283783783784	0.0202702702703	0.106756756757
ifu-	0.505632242166	0.383230812485	0.0719121411081	0.0392248042408
yaw-	0.0536912138327	0.057822010199	0.00923031931421	0.879256456654
piu-	0.248145094806	0.380873866447	0.0519373454246	0.319043693322
mṙe-	0.142609124206	0.73541370311	0.0372988048701	0.0846783678133
ṙuo-	0.852000517933	0.099155480743	0.0276950522969	0.0211489490267
alu-	0.398193876111	0.280090306194	0.287850994779	0.0338648229152
mac-	0.0892857142857	0.696428571429	0.0	0.214285714286
lam-	0.0	1.0	0.0	0.0
bet-	0.0030612244898	0.990612244898	0.0	0.00632653061225
tsi-	0.294989501694	0.260850553182	0.164884286839	0.279275658285
ges-	0.373461012312	0.351573187414	0.274965800274	0.0
maj-	0.0	1.0	0.0	0.0
wac-	0.357787780673	0.505856958593	0.0506725631104	0.085682697623
sal-	0.0326530612245	0.967346938775	0.0	0.0
asu-	0.758474576271	0.0635593220339	0.101694915254	0.0762711864407
ewo-	0.511904761905	0.0952380952381	0.190476190476	0.202380952381
ima-	0.618054936415	0.186336410572	0.0493601018001	0.146248551212
hek-	0.0800263638538	0.883440364003	0.0126247889813	0.0239084831623
isk-	0.0040128410915	0.868378812199	0.127608346709	0.0
ṟuf-	0.0	1.0	0.0	0.0
sek-	0.0	1.0	0.0	0.0
ṟoc-	0.0413913176784	0.896521705804	0.0620869765175	0.0
mbe-	0.0555854644953	0.342378162613	0.0159793203549	0.586057052537
uiy-	0.59756097561	0.237804878049	0.0365853658537	0.128048780488
yan-	0.0402864816473	0.0873052820054	0.00322291853178	0.869185317816
lut-	0.391194968553	0.486289308176	0.0591194968553	0.0633962264151
haṙ-	0.373665480427	0.435688866294	0.0305033045246	0.160142348754
pfe-	0.258620689655	0.0344827586207	0.706896551724	0.0
din-	0.0595894945929	0.858309423968	0.0635621275657	0.0185389538733
her-	0.0101079715139	0.940615667356	0.0427291523087	0.0065472088215
mse-	0.0590903480622	0.898204147124	0.0345593680573	0.00814613675635
yee-	0.0882800608828	0.104437419506	0.0353588572766	0.771923662335
ich-	0.260723605698	0.164649304524	0.0299065052642	0.544720584513
ren-	0.0	0.846153846154	0.153846153846	0.0
uio-	0.816933638444	0.160183066362	0.0228832951945	0.0
kut-	0.0429822658602	0.0853646216542	0.136356977286	0.7352961352
lul-	0.507965517932	0.204511370004	0.0750073279155	0.212515784149
tab-	0.0	0.678696158324	0.0139697322468	0.307334109429
waf-	0.0581727277334	0.168572538554	0.732412208841	0.0408425248721
igo-	0.185751647705	0.743085169904	0.0117248263893	0.0594383560015
gal-	0.184383550049	0.540830484323	0.09360338081	0.181182584818
goṟ-	0.561201780415	0.243323442137	0.0436449060336	0.151829871414
nac-	0.636946442089	0.148727289932	0.0508610900833	0.163465177895
wol-	0.0720952161742	0.596905325839	0.150724293341	0.180275164646
idu-	0.0	1.0	0.0	0.0
kar-	0.409947861943	0.237971571873	0.0969411018378	0.255139464346
iṙe-	0.571625512307	0.271535208459	0.0381083674872	0.118730911746
sel-	0.0	1.0	0.0	0.0
kay-	0.720050784438	0.0840210392673	0.0032647138841	0.19266346241
kus-	0.455135892304	0.413496796366	0.0883976944424	0.0429696168873
amn-	0.211111111111	0.148148148148	0.6	0.0407407407407
loi-	0.126171736823	0.318137601698	0.278471730928	0.277218930551
mfu-	0.0168769745485	0.211917459857	0.0791108181962	0.692094747399
gak-	0.116741872101	0.0820488751622	0.0162676773791	0.784941575358
ṙio-	0.891768292683	0.108231707317	0.0	0.0
imo-	0.271158586688	0.383730484799	0.0246507806081	0.320460147905
muṟ-	0.538111983924	0.233079101206	0.10686883449	0.12194008038
mne-	0.0257372518194	0.878540456931	0.0476709688871	0.0480513223622
aow-	0.389839867477	0.231363887355	0.358917725014	0.0198785201546
lae-	0.388141252656	0.395122938379	0.131033087119	0.0857027218456
tof-	0.0	0.966728280961	0.0332717190388	0.0
mku-	0.110028767484	0.579782961198	0.133275705314	0.176912566005
ugo-	0.790884718499	0.108579088472	0.0201072386059	0.0804289544235
uaf-	0.0	0.111111111111	0.0	0.888888888889
lew-	0.00436046511627	0.986918604651	0.0	0.00872093023256
het-	0.154506437768	0.369098712446	0.244635193133	0.231759656652
luk-	0.492516093131	0.167174135574	0.0444476123084	0.295862158987
mon-	0.0502469376332	0.81915006561	0.0189050321838	0.111697964573
toc-	0.472727272727	0.454545454545	0.0363636363636	0.0363636363636
kak-	0.672221535305	0.123145896587	0.037826228322	0.166806339786
uly-	0.0557170239895	0.0770257908529	0.0126435131628	0.854613671995
nel-	0.566987740806	0.276853473438	0.0218914185639	0.134267367192
afe-	0.939501779359	0.0604982206406	0.0	0.0
aii-	0.638252756573	0.276929601357	0.0212044105174	0.0636132315522
ihu-	0.690265486726	0.150442477876	0.159292035398	0.0
lom-	0.568565292975	0.174353205849	0.0478576541568	0.209223847019
aso-	0.236117817479	0.712699179141	0.0173829068083	0.0338000965717
gog-	0.0	1.0	0.0	0.0
rak-	0.0	1.0	0.0	0.0
mly-	0.137401127104	0.696360472203	0.127788702574	0.0384496981196
sil-	0.0508196972249	0.168286672075	0.0315582155959	0.749335415104
neṟ-	0.606060606061	0.128787878788	0.0	0.265151515151
ngi-	0.376842705486	0.339141664011	0.0850285944287	0.198987036074
rai-	0.328358208955	0.388059701493	0.253731343284	0.0298507462687
aiṟ-	0.706360946746	0.229289940828	0.0244082840237	0.0399408284023
amṙ-	0.557911476279	0.208852372118	0.0768619135966	0.156374238007
him-	0.0	1.0	0.0	0.0
wuo-	0.169801324503	0.59059602649	0.110728476821	0.128874172185
nau-	0.797342192691	0.126245847176	0.0265780730897	0.0498338870432
tur-	0.0	1.0	0.0	0.0
nnj-	0.963215974777	0.0216500262743	0.0044140830268	0.0107199159222
run-	0.047225501771	0.811097992916	0.0236127508855	0.118063754427
gel-	0.0964685615849	0.528854435831	0.1834625323	0.191214470284
sau-	0.0502204331992	0.756660916235	0.123155069964	0.0699635806019
mta-	0.0595966006718	0.917648333617	0.013002894692	0.00975217101901
umo-	0.117403314917	0.15285451197	0.0414364640883	0.688305709024
sei-	0.437777777778	0.475555555556	0.04	0.0466666666666
bit-	0.0	1.0	0.0	0.0
gol-	0.00546448087431	0.972677595628	0.0	0.0218579234973
ela-	0.905660377359	0.0943396226415	0.0	0.0
aiw-	0.689025263373	0.258470560158	0.0286386417101	0.0238655347584
yud-	0.0173335259281	0.970099667774	0.000866676296404	0.0117001300014
oṙi-	0.338028169014	0.28602383532	0.162513542795	0.213434452871
luy-	0.623015873016	0.0218253968254	0.00992063492064	0.345238095238
yae-	0.61797752809	0.247191011236	0.0674157303371	0.0674157303371
iṟe-	0.737037037037	0.102777777778	0.0907407407408	0.0694444444444
wua-	0.282828282828	0.396694214876	0.25987144169	0.0606060606061
nag-	0.68099116271	0.0935737453659	0.0273831517959	0.198051940128
aen-	0.415730337079	0.359550561798	0.179775280899	0.0449438202247
iak-	0.963364993216	0.0366350067843	0.0	0.0
kaa-	0.515080537638	0.190948073943	0.110050088285	0.183921300133
ias-	0.473684210526	0.347368421053	0.178947368421	0.0
itu-	0.454893737146	0.256885913619	0.0919466064444	0.196273742791
iio-	0.78381795196	0.160556257901	0.0556257901391	0.0
sky-	0.0	0.980392156863	0.0196078431372	0.0
kad-	0.0	0.975903614458	0.0	0.0240963855422
aye-	0.741910023678	0.171270718232	0.0710339384372	0.0157853196527
yek-	0.393875078476	0.400254062403	0.131634490979	0.0742363681417
spa-	0.0	1.0	0.0	0.0
mmi-	0.0	0.30563002681	0.69436997319	0.0
upa-	0.9765625	0.0234375	0.0	0.0
yoa-	0.0	1.0	0.0	0.0
oti-	0.462686567164	0.0597014925373	0.44776119403	0.0298507462687
koy-	0.280373831776	0.579439252336	0.0	0.140186915888
men-	0.101486335304	0.721272175164	0.0329231260988	0.144318363433
iko-	0.174857142857	0.709714285714	0.0437142857143	0.0717142857143
