-uno	0.332484267306	0.394815702727	0.0674258315853	0.205274198382
-ioo	0.185776011967	0.0357110903819	0.00393077481483	0.774582122836
-ivu	0.426764705882	0.220294117647	0.00117647058824	0.351764705882
-ova	0.0226616939702	0.891642460742	0.00245381399677	0.0832420312906
-mmu	0.510359609431	0.278875922839	0.0912915773596	0.119472890371
-emi	0.304812834225	0.093925682161	0.00874125874126	0.592520224873
-una	0.175122904922	0.460148434979	0.128717992521	0.236010667578
-260	0.0	0.146788990826	0.0366972477064	0.816513761468
-muu	0.566538716448	0.122473213299	0.0165690931183	0.294418977135
-iva	0.0907547080247	0.650553811259	0.00854135195465	0.250150128762
-mmi	0.272604060781	0.105298824511	0.0347694633409	0.587327651367
-ema	0.259335641143	0.423089703017	0.100979976533	0.216594679306
-u-o	0.103172842245	0.740847570446	0.0110938540049	0.144885733304
-mma	0.301842828863	0.342912511018	0.0874845937269	0.267760066392
-666	0.0285714285714	0.0285714285714	0.0	0.942857142857
-ivo	0.16349040867	0.324549895537	0.0476821788439	0.464277516949
-ava	0.0592788364946	0.296688409278	0.0417037787445	0.602328975483
-fai	0.132256371817	0.0116710242071	0.0015371241324	0.854535479844
-ika	0.20624982373	0.0786367211615	0.0217070442132	0.693406410895
-oya	0.122160364691	0.296237477888	0.0555865366626	0.526015620759
-ada	0.220038105704	0.0675877275158	0.0161718812919	0.696202285489
-ado	0.0676691729323	0.751879699248	0.18045112782	0.0
-upu	0.0	0.867318435754	0.132681564246	0.0
-144	0.0	0.0435380384967	0.0	0.956461961503
-adu	0.173410404624	0.566473988439	0.167630057803	0.0924855491329
-ufa	0.0168131448223	0.969812762705	0.0110813909056	0.00229270156668
-gii	0.0377376592003	0.0284092755455	0.00755588808254	0.926297177172
-gie	0.20602165088	0.310711869321	0.0461772665765	0.437089213222
-voo	0.425198802229	0.361304459912	0.100987566185	0.112509171674
-gia	0.0644517560109	0.0688724561501	0.022082243253	0.844593544586
-uaa	0.142562664187	0.189346412162	0.148871410238	0.519219513413
-ini	0.37311763473	0.131795749863	0.0712439944253	0.423842620982
-120	0.0208333333333	0.0	0.0	0.979166666667
-uva	0.0160173492843	0.664798662902	0.00350233584934	0.315681651964
-ino	0.423258246445	0.164444732864	0.0548234116149	0.357473609076
-uai	0.0930696455337	0.527922248912	0.0618171821718	0.317190923383
-ina	0.299978269268	0.411430905345	0.0749628484411	0.213627976946
-see	0.411764705882	0.488687782805	0.0180995475113	0.0814479638009
-uvo	0.268166053264	0.368999179363	0.0726653536703	0.290169413703
-qoo	0.328906661054	0.0366200147322	0.016457960644	0.618015363569
ALL	0.223970210326	0.259671604133	0.0490126828974	0.467345502644
-eta	0.102992463537	0.496639323954	0.0962009837894	0.304167228719
-yoo	0.285177844998	0.640346302284	0.0306665275895	0.0438093251278
-ete	0.350347222222	0.373726851852	0.0641203703704	0.211805555556
-eti	0.565024955269	0.387889631792	0.0	0.0470854129392
-eto	0.0	0.911659371269	0.033426183844	0.0549144448866
-i-o	0.125599651112	0.78543392935	0.0436109899695	0.0453554295682
-pee	0.140597539543	0.824253075571	0.0351493848858	0.0
-kuu	0.442227399959	0.5429951993	0.0	0.0147774007412
-eda	0.353107757024	0.0697689012763	0.011327337798	0.565796003902
-iaa	0.113547149373	0.121766709908	0.0272435034303	0.737442637289
-aki	0.155819029327	0.307670298372	0.0323498800834	0.504160792218
-uya	0.173839364899	0.486759510934	0.0482287441814	0.291172379986
-opu	0.961538461538	0.0	0.0	0.0384615384615
-edi	0.307526061531	0.517035341978	0.0381388253242	0.137299771167
-iai	0.334226335677	0.177134775233	0.0977882066418	0.390850682448
-ano	0.241511654277	0.458081832058	0.0580052574685	0.242401256196
-iau	0.186667292309	0.542344044332	0.0596147656338	0.211373897726
-153	0.0794701986755	0.0	0.0	0.920529801324
-opo	0.00790774299835	0.985172981878	0.00197693574959	0.00494233937397
-ofa	0.0890992959455	0.452051468803	0.0291332847779	0.429715950474
-kua	0.102048845978	0.0822243949577	0.018164676519	0.797562082545
-ata	0.218667868726	0.318342383989	0.049663795067	0.413325952218
-oga	0.425742574257	0.316831683168	0.118811881188	0.138613861386
-ato	0.141724226145	0.742900997698	0.0227679713482	0.0926068048094
-nee	0.449674089883	0.220303782445	0.060151977505	0.269870150168
-iya	0.0856096116436	0.223172205989	0.0386353072589	0.652582875108
-opa	0.0791149849146	0.810593362387	0.0811263828361	0.0291652698626
-ati	0.0878229641148	0.175063119892	0.0262239189082	0.710889997085
-kai	0.484132494497	0.269122953702	0.0508199696142	0.195924582187
-naa	0.136816056681	0.452358321676	0.0834088441981	0.327416777445
-osa	0.0959575878066	0.527971564552	0.279679498765	0.0963913488765
-dee	0.180115211148	0.13426320732	0.0312717532657	0.654349828267
-bai	0.265812983919	0.455151876117	0.212924359738	0.0661107802263
-oku	0.138178096213	0.769703172979	0.0921187308086	0.0
-kio	0.368691833209	0.237966071774	0.0666373144251	0.326704780592
-oso	0.016256509212	0.951812006027	0.00190320107848	0.0300282836827
-itu	0.495059162454	0.462068261534	0.0285817173415	0.0142908586708
-osi	0.359208127116	0.618911174785	0.0218806980985	0.0
-hoo	0.398104265403	0.111374407583	0.120853080569	0.369668246446
-baa	0.188233187069	0.406555028208	0.00537297394107	0.399838810782
-ima	0.292271087768	0.0756016398632	0.018862945165	0.613264327204
-oko	0.157946692991	0.593287265548	0.236920039487	0.0118460019743
-nia	0.102564102564	0.51282051282	0.384615384615	0.0
-nai	0.367714297152	0.164284473479	0.0596710662275	0.408330163141
-iti	0.222915316483	0.0997785698855	0.074665154461	0.60264095917
-oke	0.151300236407	0.60756501182	0.127659574468	0.113475177305
-esa	0.0	0.964705882353	0.0352941176471	0.0
-nii	0.106210366871	0.442222279274	0.02700829247	0.424559061385
-oka	0.356759109394	0.114290766155	0.0418916529521	0.487058471499
-aku	0.274240542882	0.28003630998	0.0236551122435	0.422068034895
-kau	0.142508441508	0.58557154467	0.0458603725853	0.226059641237
-ita	0.30255142984	0.29129272047	0.0484717905012	0.357684059189
-vaa	0.24964800953	0.33964988997	0.0582823711382	0.352419729361
-ido	0.213063858282	0.492908017289	0.117185122055	0.176843002374
-faa	0.115467239527	0.710884353741	0.16290726817	0.0107411385607
-isi	0.351315561393	0.0890299816805	0.0565990552985	0.503055401628
-asa	0.0404570733786	0.713085474467	0.185364750572	0.0610927015819
-idi	0.0195757106275	0.242780070222	0.0106540684337	0.726990150717
-aso	0.0409854753204	0.876718831866	0.0492978705953	0.0329978222187
-oba	0.155062659823	0.213261031212	0.336163410394	0.295512898571
-asi	0.276607783573	0.258384442365	0.0332706823149	0.431737091747
-ida	0.274060816619	0.121958114697	0.0436444757956	0.560336592889
-asu	0.0559571030402	0.0286893009034	0.0253724704482	0.889981125608
-uda	0.300242981074	0.404962129122	0.184421211489	0.110373678316
-yee	0.345277765098	0.555028073219	0.0709362304286	0.0287579312548
-udo	0.366026783602	0.328674858432	0.0585201192486	0.246778238718
-opi	0.166426582157	0.373571497167	0.0460962258714	0.413905694805
-uoo	0.296464491866	0.126740963003	0.0580249203913	0.51876962474
-100	0.293560919903	0.132384390985	0.0957537764492	0.478300912662
-uta	0.326100433974	0.283942963422	0.378797272164	0.0111593304402
-maa	0.231179140299	0.609816193348	0.0923507842147	0.0666538821383
-ria	0.239885317938	0.200376202952	0.0663818694113	0.493356609699
-430	0.183544303797	0.0	0.0	0.816455696203
-rau	0.300511192701	0.310929359745	0.0719257099219	0.316633737631
-pai	0.357481573115	0.486315138395	0.10517499098	0.0510282975104
-eri	0.354219831157	0.329286556949	0.0127260100904	0.303767601804
-aba	0.128005451183	0.639345858075	0.0472111359875	0.185437554755
-ero	0.164001094905	0.794353419622	0.0187697962695	0.0228756892035
-era	0.22951036738	0.452821386609	0.104341423516	0.213326822496
-rii	0.436432132121	0.194356710682	0.0627877773126	0.306423379885
-abi	0.0964171570139	0.321667306488	0.26889206235	0.313023474148
-raa	0.171099481689	0.345947314647	0.131187478099	0.351765725565
-tua	0.272052033565	0.574194464948	0.0657646444775	0.0879888570096
-iga	0.165053624685	0.597578286304	0.115923950447	0.121444138564
-gaa	0.0562242090784	0.691196698762	0.201083218707	0.0514958734525
-tii	0.434118286367	0.231229053157	0.052189840177	0.2824628203
-atu	0.530036611995	0.280336239308	0.0482687287593	0.141358419938
-uyu	0.599073034453	0.250891823077	0.0746114436262	0.0754236988445
-koo	0.262884055182	0.573016964481	0.0545819420491	0.109517038288
-aro	0.745762711864	0.0508474576271	0.152542372881	0.0508474576271
-igo	0.136363636364	0.829545454545	0.0340909090909	0.0
-ari	0.048808740552	0.036052251874	0.0174399733755	0.897699034199
-oru	0.473630831643	0.390973630832	0.0	0.135395537525
-mee	0.159628073944	0.529354646501	0.131821893321	0.179195386234
-aru	0.219328027113	0.280861076846	0.0334567847771	0.466354111264
-soo	0.163004961021	0.676318720259	0.0877796901893	0.0728966285309
-ori	0.270285833217	0.29938502916	0.0282851353822	0.40204400224
-qee	0.644927536232	0.202898550725	0.0434782608696	0.108695652174
-poo	0.290561381863	0.392521762972	0.0791692370965	0.237747618068
-uga	0.342242951535	0.257721170807	0.0315424402787	0.368493437379
-o-o	0.0214720267207	0.94846713587	0.0107360133604	0.0193248240487
-ama	0.172023567902	0.184256525643	0.0640009958421	0.579718910613
-ora	0.390589182284	0.392930646414	0.0921293783049	0.124350792997
-nau	0.0916737223616	0.67501780278	0.00860931127439	0.224699163584
-tee	0.455728955828	0.20440299208	0.0615838520575	0.278284200034
-usi	0.224736636754	0.479711275849	0.181428014046	0.114124073352
-vuu	0.402070504407	0.21987740682	0.0474911363782	0.330560952394
-aya	0.137959298217	0.483187701616	0.0834058051333	0.295447195033
-iri	0.233238812604	0.39833189324	0.0814331002073	0.286996193949
-500	0.0927835051546	0.0618556701031	0.0618556701031	0.783505154639
-mua	0.233910982446	0.167937155614	0.0709071160821	0.527244745858
-usa	0.029894233592	0.436520418308	0.00699336480933	0.526591983291
-utu	0.419097305978	0.178776793592	0.0275827424339	0.374543157996
-ira	0.125190115668	0.566447077112	0.0447048160442	0.263657991176
-iki	0.269384044993	0.190457473296	0.047620372618	0.492538109093
-ruu	0.600313632241	0.0986096662276	0.0198582505266	0.281218451005
-ayu	0.468892955169	0.517383348582	0.0137236962489	0.0
-fuu	0.627450980392	0.372549019608	0.0	0.0
-omo	0.156115508702	0.0995120816422	0.0322013872309	0.712171022425
-gai	0.189212864473	0.319359279189	0.396821424102	0.0946064322362
-noo	0.603396251647	0.0872110177028	0.0295568614496	0.279835869201
-oma	0.217579856059	0.157833080992	0.13592302434	0.488664038609
-rua	0.443349753695	0.20197044335	0.295566502463	0.0591133004926
-isu	0.0584225900682	0.85394352483	0.0	0.0876338851023
-usu	0.0344827586207	0.965517241379	0.0	0.0
-ubi	0.139761383005	0.727132537943	0.125801477153	0.00730460189919
-boo	0.100616334384	0.683577737601	0.0723127498273	0.143493178188
-aqa	0.0455369174295	0.770689094373	0.0471632359091	0.136610752288
-ubu	0.0902561986667	0.817321453898	0.0581249919414	0.0342973554934
-epi	0.253241140882	0.249207721118	0.118985883031	0.37856525497
-oda	0.438110236221	0.194645669291	0.0296062992126	0.337637795276
-avi	0.543669347298	0.188890966897	0.118758182158	0.148681503647
-a-o	0.0228206688593	0.92447811609	0.0189061121785	0.0337951028725
-doo	0.169079269632	0.485667956016	0.216374170228	0.128878604125
-amo	0.0181439619274	0.952111838192	0.0151100535396	0.0146341463415
-kaa	0.161325060253	0.727324328195	0.0409174418995	0.0704331696518
-pia	0.0	1.0	0.0	0.0
-oqi	0.0	0.98	0.02	0.0
-sau	0.296777840588	0.407009609949	0.258903335218	0.0373092142453
-uro	0.00824515597085	0.991754844029	0.0	0.0
-pii	0.0	0.990644490644	0.0	0.00935550935552
-etu	0.0948408034929	0.394928748764	0.12623648717	0.383993960572
-300	0.0368932038835	0.407766990291	0.256310679612	0.299029126213
-rai	0.211505473972	0.440668450773	0.149915742496	0.197910332759
-oto	0.142100203703	0.632750452038	0.038165754961	0.186983589298
-saa	0.158926580339	0.774302776581	0.0192561582083	0.0475144848721
-uma	0.332983055951	0.174740169575	0.109667598249	0.382609176225
-otu	0.314941103534	0.473385882561	0.100079709503	0.111593304402
-imo	0.0628272251309	0.82722513089	0.0942408376963	0.0157068062827
-sai	0.579784598456	0.186524139894	0.0256331998412	0.208058061809
-400	0.183739090492	0.235186035829	0.0	0.581074873679
-uru	0.256380560885	0.594611470956	0.0295626503655	0.119445317793
-oti	0.506566604128	0.323327079425	0.0262664165103	0.143839899937
-ara	0.252283247002	0.262885039868	0.0459588357431	0.438872877387
-ako	0.0	1.0	0.0	0.0
-osu	0.129496402878	0.870503597122	0.0	0.0
-kia	0.131983399592	0.741565992716	0.0868605659045	0.0395900417873
-apa	0.33351485736	0.0841037466385	0.0157496511924	0.56663174481
-duu	0.376282166713	0.0978779715342	0.0325406581921	0.493299203561
-kie	0.672421112212	0.203056459601	0.0	0.124522428187
-paa	0.0493506289246	0.436637661556	0.262455617463	0.251556092056
-kii	0.586546571377	0.291956318651	0.0172610397967	0.104236070175
-api	0.20987079604	0.618650692572	0.00780845139701	0.163670059991
-iee	0.30811425199	0.0956168975129	0.0205393569155	0.575729493581
-apo	0.0299686691186	0.970031330881	0.0	0.0
-aka	0.434408067281	0.297362665103	0.179907094906	0.0883221727102
-sii	0.457436571166	0.383542574612	0.0852137066932	0.0738071475294
-ene	0.300655300103	0.192515730213	0.0151030115706	0.491725958113
-oqa	0.504484304933	0.264573991031	0.207399103139	0.0235426008969
-upi	0.567368421053	0.225263157895	0.0508771929824	0.15649122807
-apu	0.0551051761401	0.249580020778	0.0337655980733	0.661549205008
-uee	0.248947649655	0.230186940007	0.0526394166269	0.468225993711
-000	0.0743648236261	0.17650323567	0.00220796020501	0.746923980499
-roo	0.131226963853	0.204341079963	0.0360734708149	0.628358485369
-pau	0.324324324324	0.346581875994	0.214626391097	0.114467408585
-vau	0.223005844753	0.391242471061	0.0508777828783	0.334873901307
-kee	0.169370546771	0.160421517904	0.0470647573298	0.623143177996
-ipi	0.399948114839	0.385160843999	0.0216188170184	0.193272224144
-unu	0.194478007738	0.492633692744	0.0638214973188	0.249066802199
-ipo	0.0274238227147	0.950554016621	0.00429362880886	0.017728531856
-goo	0.268292682927	0.360975609756	0.370731707317	0.0
-ota	0.181425492224	0.62518790183	0.0814444997699	0.111942106176
-suu	0.00820029934228	0.929622595032	0.00332119204796	0.0588559135782
-ipa	0.0640451833866	0.853684779665	0.0447119766022	0.0375580603459
-vee	0.402987210326	0.338453420223	0.0651245952789	0.193434774172
-uqa	0.231111049468	0.687505787587	0.0310112684066	0.0503718945389
-imi	0.326691380908	0.589898053754	0.0	0.0834105653383
-ine	0.957081545064	0.0429184549356	0.0	0.0
-taa	0.177561299413	0.200223248667	0.105662612228	0.516552839692
-moo	0.4	0.368421052632	0.0	0.231578947368
-aga	0.124657236126	0.799390642002	0.0322089227421	0.0437431991295
-nuu	0.467531040545	0.376625279273	0.0547558876314	0.10108779255
-uqo	0.207342591185	0.572824535072	0.0030732449566	0.216759628786
-ipu	0.0330543034986	0.43936467053	0.506975745868	0.020605280103
-yau	0.0661708223149	0.103457779993	0.524698411575	0.305672986118
-mai	0.09	0.91	0.0	0.0
-oro	0.463042372085	0.0750053927204	0.00347783892058	0.458474396274
-ona	0.137037286444	0.504389609096	0.312495594418	0.0460775100417
-ono	0.220971059439	0.416161969786	0.0386551965038	0.324211774272
-sb9	0.210140093396	0.619157869953	0.12949809677	0.0412039398815
-dii	0.0260128763738	0.93386226182	0.00390193145608	0.0362229303505
-450	0.037037037037	0.185185185185	0.037037037037	0.740740740741
-ana	0.14968304026	0.346838538619	0.0489428902985	0.454535530823
-fee	0.526121419564	0.473878580436	0.0	0.0
-yaa	0.15358402173	0.430577560392	0.0571073576723	0.358731060205
-dai	0.0996061491551	0.676280015246	0.117392961504	0.106720874095
-uso	0.0341190620229	0.878586552588	0.0143318065278	0.072962578861
-sb7	0.317753866846	0.641896435776	0.0201748486886	0.0201748486887
-ani	0.35584485206	0.366457484844	0.10316999108	0.174527672015
-ank	0.353943850267	0.31885026738	0.127673796791	0.199532085561
-yai	0.107056912606	0.655773369787	0.0321492015053	0.205020516102
-daa	0.408967918453	0.410796974751	0.0927276116959	0.0875074950999
-ura	0.205066510599	0.542343424961	0.062799841496	0.189790222944
-tuu	0.272762047765	0.356647013961	0.0177493379215	0.352841600353
-iso	0.0518743581872	0.914407308991	0.020379212145	0.0133391206767
-ovo	0.368679471933	0.306005577767	0.184731537358	0.140583412942
-iha	0.3264604811	0.365979381443	0.0927835051546	0.214776632302
-tai	0.377866631514	0.336306626748	0.125759777157	0.160066964581
-uku	0.151054852868	0.362635482532	0.0688282325728	0.417481432027
-ovi	0.11208732248	0.844737680455	0.0101021109639	0.0330728861018
-276	0.0	0.135593220339	0.0	0.864406779661
-eko	0.108695652174	0.885583524027	0.00572082379862	0.0
-qii	0.19893584349	0.222168553741	0.07593626419	0.502959338579
-afu	0.0978608556577	0.383046781288	0.303678528589	0.215413834466
-nnu	0.630428802738	0.118955142281	0.0350430666673	0.215572988314
-ree	0.489585856528	0.205180173603	0.0496411078419	0.255592862027
-nni	0.0783748132771	0.509055845919	0.328482121349	0.0840872194551
-eya	0.149499206262	0.786963631076	0.0395105045121	0.0240266581493
-uka	0.350984805852	0.437141249297	0.137310073157	0.0745638716939
-200	0.0184464029514	0.653617544579	0.133224021316	0.194712031154
-nno	0.340725644853	0.17554995525	0.0721702835779	0.411554116319
-eva	0.0587629592853	0.932445731845	0.00601510606857	0.00277620280089
-eka	0.512520076885	0.273940862055	0.0813607519945	0.132178309066
-upa	0.336850037679	0.617935192163	0.0452147701583	0.0
--oo	0.415705094972	0.0908987671145	0.0378209970721	0.455575140841
-tau	0.287887718092	0.393673214141	0.0655581823498	0.252880885418
-uki	0.145229776942	0.74765385649	0.00496640687987	0.102149959688
-evo	0.231663203263	0.228911721696	0.402716847533	0.136708227507
-uko	0.4105536543	0.157767081654	0.0993602710757	0.33231899297
-anu	0.0860091743118	0.896053869678	0.00543989649494	0.0124970595154
-eqa	0.0697168564626	0.466189721713	0.193561707073	0.270531714752
-haa	0.508196721311	0.491803278689	0.0	0.0
-vai	0.391548373928	0.163679488703	0.0606733041682	0.384098833201
-qai	0.17793594306	0.5871886121	0.213523131673	0.0213523131672
-puu	0.317314170222	0.539636200315	0.085111161015	0.0579384684482
-too	0.340631044807	0.0696998192007	0.0257392185014	0.563929917491
-mii	0.4369168357	0.374876847291	0.0121703853955	0.176035931614
-hai	0.270114942529	0.626436781609	0.103448275862	0.0
-avo	0.34977197077	0.188188044028	0.062580489979	0.399459495223
-udu	0.369655172414	0.177931034483	0.102068965517	0.350344827586
-qaa	0.0480642569219	0.454007380442	0.0172788645219	0.480649498114
-uvi	0.717948717949	0.251885369532	0.0301659125188	0.0
-ena	0.117718843631	0.487912310921	0.0934791999667	0.300889645481
-nna	0.0897402132135	0.218132296528	0.0189441107422	0.673183379516
-nga	0.00962432023879	0.961518410871	0.0142865362385	0.0145707326514
-eno	0.443570320343	0.262462352834	0.0417997627088	0.252167564114
-tia	0.433172998973	0.256607036697	0.208074366319	0.102145598011
-dau	0.716981132075	0.207547169811	0.0377358490566	0.0377358490566
-isa	0.135737770191	0.26949285591	0.217363569166	0.377405804733
-uau	0.153780222135	0.50805838567	0.0474217757529	0.290739616442
-hau	0.596705006128	0.203073442067	0.0305222965966	0.169699255209
-avu	0.130364940053	0.0800122668926	0.730245191816	0.0593776012384
-ngo	0.0812553457464	0.84643726561	0.0588196591881	0.0134877294559
