-caa	0.108132554888	0.774689581449	0.0452265438697	0.0719513197927
-cai	0.0484848484848	0.892424242424	0.0590909090909	0.0
-can	0.147917395736	0.693723980594	0.0722184932123	0.086140130458
-her	0.31550802139	0.0588235294117	0.0	0.625668449198
-hel	1.0	0.0	0.0	0.0
-hem	0.478092783505	0.521907216495	0.0	0.0
-hen	0.141447062591	0.14315155522	0.0519870251955	0.663414356993
-700	0.0759493670888	0.341772151899	0.151898734177	0.430379746835
-hei	0.179983969039	0.658977742873	0.0473642023788	0.113674085709
-cau	0.142857142857	0.428571428571	0.0	0.428571428571
-818	0.0	0.181818181818	0.0	0.818181818182
-hee	0.0868699235635	0.802566737245	0.0347420356875	0.0758213035038
-930	0.0	0.25	0.0	0.75
-ufu	1.0	0.0	0.0	0.0
-xen	0.0236406619385	0.900709219858	0.00472813238771	0.0709219858155
-oya	0.278519075362	0.257282465702	0.454425859801	0.0097725991355
-oyo	1.0	0.0	0.0	0.0
-xee	0.115346038114	0.824473420261	0.0	0.0601805416249
-oyi	0.449339207048	0.484581497797	0.0264317180617	0.0396475770925
-zin	0.526948744091	0.251007971082	0.0380595977385	0.183983687089
-ufe	0.0	1.0	0.0	0.0
-zil	0.18904109589	0.61095890411	0.123287671233	0.0767123287671
-ufa	0.0506329113924	0.835443037975	0.113924050633	0.0
-zii	0.407423208191	0.117320819113	0.321672354949	0.153583617747
-ufo	0.0332717190388	0.890942698706	0.0536044362292	0.0221811460259
-ufi	0.0	1.0	0.0	0.0
-250	0.0	0.125	0.0	0.875
-nte	0.0	1.0	0.0	0.0
-254	0.0	0.181818181818	0.0	0.818181818182
-pun	0.0119020781831	0.045999717254	0.0550972608026	0.88700094376
-dhe	0.0	0.844827586207	0.155172413793	0.0
-dha	0.379796878195	0.286449458115	0.0257651148525	0.307988548838
-dho	0.470368086419	0.221014877978	0.198467547012	0.110149488592
-812	0.0	1.0	0.0	0.0
-dhi	0.417594293743	0.180578702782	0.0876756898189	0.314151313656
-ake	0.0	0.944444444444	0.0555555555556	0.0
-815	0.0	0.142857142857	0.0	0.857142857143
-fon	0.2	0.8	0.0	0.0
-imu	0.0	1.0	0.0	0.0
-dee	0.230858005753	0.614975870366	0.0261267108981	0.128039412983
-403	0.0	1.0	0.0	0.0
-den	0.10018941282	0.83251919051	0.00598145748181	0.0613099391884
-400	0.0865384615385	0.304487179487	0.211538461538	0.397435897436
-ima	0.0509981172698	0.728693169022	0.175852858777	0.0444558549307
-oko	0.0	0.953846153846	0.0461538461538	0.0
-ime	0.0	0.766606822262	0.147217235188	0.0861759425494
-imi	0.0225394440271	0.977460555973	0.0	0.0
-840	0.0	1.0	0.0	0.0
-oka	0.0122359796067	0.914348142753	0.0	0.0734158776402
-imo	0.14180171592	0.581327454719	0.133877502383	0.142993326978
-ido	0.563225352908	0.17331479827	0.0525126015276	0.210947247294
-lla	0.267680669245	0.296289968753	0.230827130965	0.205202231037
-obi	0.241385063931	0.60744520163	0.0518037796824	0.0993659547562
-lle	0.087229322073	0.733697780662	0.0974689763703	0.0816039208944
-idi	0.485324295979	0.10631386844	0.033226358063	0.375135477518
-lli	0.111301256395	0.0229011700561	0.00784594970557	0.857951623844
-oba	0.0217816359155	0.959468324279	0.00881455675645	0.0099354830492
-llo	0.100635376372	0.173522066485	0.555554821848	0.170287735295
-ida	0.398898899382	0.228445105718	0.122861303373	0.249794691528
-llu	0.433333333333	0.133333333333	0.2	0.233333333333
-bin	0.385360185902	0.261812548412	0.0487993803254	0.30402788536
-bil	0.138248847926	0.861751152074	0.0	0.0
-idu	0.292682926829	0.634146341464	0.0731707317071	0.0
-bii	0.430692732103	0.328877460663	0.10930794905	0.131121858184
-bba	0.0891078270388	0.132308702792	0.0270257252326	0.751557744937
-uta	0.019599836668	0.634544712127	0.226623111474	0.119232339731
-bbe	0.301696865114	0.403221167673	0.246764452114	0.0483175150992
-ute	0.0	1.0	0.0	0.0
-rin	0.483967018974	0.309199537142	0.0872941711894	0.119539272694
-bbi	0.0471855223715	0.288886421672	0.0532918840901	0.610636171866
-uti	0.0	1.0	0.0	0.0
-bbo	0.0302474793767	0.76993583868	0.169569202566	0.0302474793767
-uto	0.0	1.0	0.0	0.0
-rii	0.142455312585	0.240450049905	0.0476363306415	0.569458306869
-tee	0.211851332281	0.625857330598	0.0669806518305	0.0953106852901
-utu	0.0	1.0	0.0	0.0
-435	0.0	0.272727272727	0.0	0.727272727273
-ten	0.151515151515	0.19696969697	0.030303030303	0.621212121212
-jin	0.565714285714	0.114285714286	0.148571428571	0.171428571428
-are	0.118372889231	0.426908890942	0.0506386066443	0.404079613182
-ara	0.0912541103002	0.264742474773	0.0636357948662	0.58036762006
-jii	0.363636363637	0.636363636363	0.0	0.0
-aro	0.154601667992	0.213246860522	0.386600507705	0.245550963781
-ari	0.227620996643	0.572827210718	0.0480620879682	0.151489704671
-mee	0.0942094482236	0.673224597305	0.0366335483839	0.195932406087
-580	0.2	0.0	0.0	0.8
-630	0.166666666666	0.5	0.0	0.333333333334
-men	0.0111087600508	0.958562561715	0.00246861334461	0.0278600648893
-aye	0.163015463918	0.740335051546	0.0618556701031	0.034793814433
-pha	0.0101910828025	0.963057324841	0.00382165605095	0.0229299363057
-aya	0.306603011829	0.611893899633	0.0403225806452	0.0411805078929
-phe	0.0936534225759	0.428142127819	0.316082435501	0.162122014103
-ayo	0.341173007098	0.456347518891	0.0732720552157	0.129207418796
-rai	0.157126221975	0.369185435901	0.0235678834434	0.450120458681
-ayi	0.215422134479	0.658140750203	0.0786784345605	0.0477586807572
-623	0.0	0.428571428571	0.0	0.571428571429
-621	0.0	0.2	0.0	0.8
-ifo	0.0	1.0	0.0	0.0
-628	0.0	0.333333333333	0.0	0.666666666667
-zze	0.0779582366589	0.680046403712	0.241995359629	0.0
-gin	0.410958161249	0.0333082210551	0.0154078463308	0.540325771365
-ere	0.170730397834	0.664623935492	0.0246968500012	0.139948816673
-xaa	0.154891635719	0.50017183083	0.0315836150989	0.313352918353
-exi	0.0945017182131	0.30412371134	0.20618556701	0.395189003436
-xai	0.219976218787	0.624256837099	0.0868014268727	0.0689655172414
-raa	0.0865637840025	0.79440687057	0.0286160728434	0.0904132725845
-ube	0.355392156863	0.512254901961	0.0257352941176	0.106617647059
-xan	0.0777858871432	0.670034187378	0.0760573118734	0.176122613606
-exa	0.0909990108803	0.857072205737	0.0148367952522	0.0370919881306
-umu	0.207071654429	0.136844150276	0.241940886436	0.414143308859
-ota	0.192409549242	0.670331687818	0.0856378424453	0.0516209204945
-ote	0.168421052632	0.6	0.231578947368	0.0
-oti	0.09430785323	0.484976278723	0.204755180333	0.215960687714
-372	0.0	0.2	0.0	0.8
-oto	0.30488714792	0.43956351427	0.216377541503	0.0391717963067
-ume	0.104821802935	0.825296995108	0.0698812019566	0.0
-962	0.0	0.142857142857	0.0	0.857142857143
-uma	0.151008098734	0.421425742747	0.17093942704	0.25662673148
-otu	0.0612728478028	0.775741098719	0.136962836265	0.0260232172135
-969	0.0	0.0	0.0	1.0
-umo	0.544943820225	0.185393258427	0.0674157303371	0.202247191011
-umi	0.118279039968	0.494357104135	0.357794095905	0.0295697599921
-ako	0.0	1.0	0.0	0.0
ALL	0.222421289833	0.329460365924	0.0534184559112	0.394699888332
-nai	0.0972773813735	0.807895348192	0.0398832477368	0.0549440226979
-nan	0.273716036048	0.332273459041	0.0540817681616	0.33992873675
-aki	0.0495867768597	0.702479338843	0.148760330578	0.0991735537189
-kii	0.528033958045	0.345370815245	0.0434386721084	0.0831565546019
-naa	0.118235498858	0.324388219878	0.145839748906	0.411536532358
-kin	0.390370837126	0.21708791337	0.0249714112348	0.367569838269
-aka	0.0492610837439	0.92118226601	0.0295566502463	0.0
-kil	0.0	1.0	0.0	0.0
-sii	0.313646567072	0.294682250948	0.0592151095286	0.332456072451
-sin	0.559611459867	0.250058126017	0.0466299826913	0.143700431424
-sim	0.368421052631	0.0	0.631578947369	0.0
-nau	0.559187953742	0.157116554566	0.0465717000355	0.237123791657
-goi	0.161904761905	0.638095238095	0.0880952380952	0.111904761905
-280	0.0	0.4	0.0	0.6
-zza	0.135345552453	0.581795051649	0.177644849715	0.105214546183
-gom	0.0964408725603	0.820895522388	0.0551090700344	0.0275545350172
-mor	0.0409556313993	0.883959044369	0.075085324232	0.0
-goo	0.141604180427	0.76469559812	0.0301779400909	0.0635222813629
-gon	0.0	1.0	0.0	0.0
-igo	1.0	0.0	0.0	0.0
-zzi	0.25449515906	0.665283540802	0.00691562932228	0.0733056708161
-zzo	0.0513468013468	0.787037037037	0.0488215488216	0.112794612795
-365	0.0	0.0833333333333	0.0	0.916666666667
-zzu	0.0142831439803	0.0135091805134	0.050940868186	0.92126680732
-moo	0.0619430558574	0.907194088242	0.00608563355793	0.0247772223429
-mon	0.2	0.8	0.0	0.0
-moi	0.114701594206	0.787064700399	0.0695523315567	0.0286813738378
-yau	0.198942518778	0.658412548398	0.0634777148087	0.0791672180154
-coo	0.139494114701	0.124217380416	0.088822105351	0.647466399533
-coi	0.23784901758	0.429507066529	0.218890037918	0.113753877973
-650	0.0	0.5	0.3	0.2
-247	0.0	0.25	0.0	0.75
-ofo	0.285714285714	0.714285714286	0.0	0.0
-azo	0.149450549451	0.682783882784	0.0974358974359	0.0703296703297
-yaa	0.0846506223481	0.751980522034	0.043395162949	0.119973692669
-ofi	0.439726718327	0.367508826631	0.0802421018845	0.112522353157
-yan	0.155776685781	0.389036107912	0.0245827373907	0.430604468917
-yai	0.41475888922	0.285843410394	0.0901350003343	0.209262700052
-ixo	0.146124523507	0.606099110547	0.121982210927	0.125794155019
-ofa	0.263032367973	0.518228279387	0.136967632027	0.0817717206133
-iso	0.0741701244814	0.695539419087	0.00959543568465	0.220695020747
-ren	0.212606777958	0.233599464017	0.155546870638	0.398246887388
-pol	0.4	0.6	0.0	0.0
-isi	0.0524305332497	0.861713850852	0.0197862257428	0.0660693901553
-ish	0.0	0.805447470817	0.194552529183	0.0
-qqu	0.568785717395	0.0416016317292	0.239971146252	0.149641504623
-128	0.0	0.0	0.0	1.0
-ise	0.104008667389	0.861321776815	0.0281690140845	0.00650054171183
-isa	0.0494054822414	0.878445609789	0.0356518565474	0.0364970514224
-ree	0.14202565886	0.676961771654	0.11809818488	0.0629143846057
-qqo	0.270632423104	0.590193888945	0.0608060095421	0.0783676784083
-qqi	0.575516276713	0.195519683535	0.112652933938	0.116311105814
-qqe	0.0706605222734	0.861751152074	0.0358422939068	0.031746031746
-isu	0.0	0.0	0.0	1.0
-qqa	0.165871968385	0.427039068639	0.319087254057	0.0880017089192
-eqa	0.0605051889563	0.897004112003	0.0276091638927	0.0148815351478
-haa	0.145264427999	0.643303671645	0.039401885955	0.172030014401
-eqi	0.0414393621485	0.891208560638	0.0484683172471	0.0188837599664
-hai	0.106554338481	0.766918871543	0.0504006617495	0.0761261282272
-mar	0.0	1.0	0.0	0.0
-mau	0.244583269992	0.553315035174	0.0716405261539	0.13046116868
-ham	0.313953488372	0.662790697675	0.0232558139535	0.0
-eqo	0.147229306747	0.590772084396	0.241131463019	0.0208671458381
-323	0.0	1.0	0.0	0.0
-mai	0.150700043068	0.700148848877	0.0443146529252	0.10483645513
-mal	0.0246238030096	0.426128590971	0.485636114911	0.063611491108
-man	0.0860286928899	0.594079631671	0.0350024519833	0.284889223455
-maa	0.134865441094	0.573670965644	0.0294512131713	0.262012380091
-182	0.0	0.2	0.0	0.8
-uno	0.227722772277	0.0891089108911	0.653465346535	0.029702970297
-uni	0.0192566393083	0.00378633292523	0.00169289136776	0.975264136399
-une	0.0	1.0	0.0	0.0
-sse	0.0	0.985507246377	0.0	0.0144927536232
-una	0.0283612478179	0.0429070070462	0.0908496758431	0.837882069293
-782	0.0	0.2	0.0	0.8
-667	0.0	0.2	0.0	0.8
-666	0.0	0.2	0.0	0.8
-him	0.042471042471	0.957528957529	0.0	0.0
-ade	0.0719213521904	0.855639875819	0.0139703345981	0.0584684373921
-328	0.0	0.333333333333	0.0	0.666666666667
-052	0.0	0.25	0.0	0.75
-gaa	0.251785980689	0.198286732173	0.0478030623609	0.502124224778
-ada	0.407469102934	0.174132381853	0.0408075012805	0.377591013932
-gan	0.197087601967	0.219465492197	0.0439030520297	0.539543853807
-gam	0.255958162122	0.233246171087	0.176914456481	0.33388121031
-gal	0.184890656064	0.272365805169	0.530815109344	0.0119284294235
-oco	0.0	1.0	0.0	0.0
-gai	0.263600572656	0.476914817466	0.059949892627	0.199534717251
-adi	0.0112327997753	0.938219601236	0.050547598989	0.0
-oqo	0.0886867538375	0.911313246163	0.0	0.0
-iko	0.0	1.0	0.0	0.0
-gau	0.396213204673	0.361938924155	0.0661682644075	0.175679606764
-ixa	0.0443123480141	0.922453390975	0.0235071602269	0.00972710078355
-oqi	0.0295058045964	0.949250016094	0.0212441793095	0.0
-lam	0.125	0.75	0.0	0.125
-ben	0.078947368421	0.842105263158	0.078947368421	0.0
-oqe	0.0115953618553	0.0285219245635	0.951352792216	0.00852992136479
-oqa	0.0436708860759	0.594303797468	0.324050632912	0.0379746835443
-ini	0.120517743234	0.386975908838	0.0724592803617	0.420047067567
-pee	0.102587170074	0.788731372521	0.0528171568699	0.0558643005354
-ina	0.0963099753777	0.795218606508	0.0409263326013	0.0675450855127
-see	0.0747830411731	0.824853466581	0.014360954988	0.0860025372574
-ixe	0.0	1.0	0.0	0.0
-lba	0.0	1.0	0.0	0.0
-ine	0.0613949180869	0.774299826487	0.0983596086905	0.0659456467358
-ohe	0.0	1.0	0.0	0.0
-800	0.0	0.352941176471	0.0	0.647058823529
-807	0.0	0.6	0.0	0.4
-aas	0.65074783147	0.142216365467	0.0471652084936	0.159870594569
--me	0.0	1.0	0.0	0.0
-oho	0.107014931122	0.497778947504	0.084964886829	0.310241234546
--ma	0.0	1.0	0.0	0.0
-ohi	0.098901098901	0.901098901099	0.0	0.0
-105	0.0	1.0	0.0	0.0
-eda	0.14338997099	0.7472026523	0.0696228760878	0.0397845006216
-lau	0.105110613787	0.481014051436	0.0466302234288	0.367245111348
-fun	0.012454592631	0.176959003633	0.26362221069	0.546964193046
-edi	0.143019296254	0.856980703746	0.0	0.0
-edo	0.491525423729	0.508474576271	0.0	0.0
-oon	0.0	1.0	0.0	0.0
-nen	0.112147760458	0.726665908143	0.105814085789	0.0553722456101
-oos	0.455720680624	0.385007827161	0.042174587459	0.117096904756
-oor	0.666666666667	0.222222222222	0.0	0.111111111111
-xuu	0.235294117647	0.63025210084	0.0756302521008	0.0588235294119
-nee	0.203182952075	0.37013006928	0.0273433481621	0.399343630482
-ban	0.104055336528	0.270627349555	0.0647174435817	0.560599870335
-eka	0.234564711961	0.600103332472	0.0697494187548	0.0955825368121
-bai	0.154256721496	0.175564569949	0.0718786853389	0.598300023216
-gst	0.0	1.0	0.0	0.0
-eki	0.0970361726954	0.77325554259	0.0921353558927	0.0375729288215
-hoi	0.146475803364	0.662471545126	0.0587401170595	0.132312534451
-hon	0.194111937884	0.6421869945	0.107085085733	0.0566159818829
-hoo	0.375607123583	0.225040474905	0.108472746897	0.290879654614
-baa	0.209619162061	0.339344593704	0.0958917684082	0.355144475826
-500	0.0392749244713	0.294993526111	0.0323694432456	0.633362106172
-joi	0.0738976426041	0.845486747282	0.0329791132283	0.0476364968853
-bau	0.165820535521	0.221124438497	0.0546839238017	0.55837110218
-bar	0.6	0.4	0.0	0.0
-uus	0.00214005469029	0.995878413189	0.0	0.00198153212064
-905	0.0	0.0	0.0	1.0
-151	0.117647058823	0.176470588236	0.0	0.705882352941
-zon	0.00859598853867	0.962750716332	0.00573065902578	0.0229226361031
-zoo	0.2	0.6	0.0	0.2
-zoi	0.0618046971569	0.897404202719	0.0111248454882	0.0296662546354
-asa	0.162339532573	0.472429298967	0.0357777830237	0.329453385436
-aso	0.236561790597	0.640483600916	0.0323564759175	0.0905981325691
-qum	0.141840549994	0.795344349295	0.00607888071402	0.0567362199976
-asi	0.146732904657	0.500578482574	0.0108631986014	0.341825414167
-qun	0.347826086957	0.5	0.0186335403727	0.133540372671
-asu	0.351660409834	0.234104769896	0.0455669619317	0.368667858339
-ubi	0.0	1.0	0.0	0.0
-yen	0.0512740832815	0.0910503418272	0.680546923555	0.177128651336
-yee	0.101768761561	0.792441869353	0.0288933392445	0.0768960298411
-067	0.0	0.25	0.0	0.75
-xor	0.0	1.0	0.0	0.0
-157	0.0	0.5	0.0	0.5
-430	0.111111111111	0.333333333333	0.0	0.555555555556
-rau	0.133365990657	0.519311362692	0.0347484953848	0.312574151266
-afu	0.0392156862745	0.921568627451	0.0	0.0392156862745
-ran	0.137173778482	0.617810913973	0.0703789728018	0.174636334743
-eri	0.0726137578042	0.638506102705	0.0211485460375	0.267731593453
-iwa	0.0	1.0	0.0	0.0
-ero	0.334490262017	0.522721959466	0.0298523567177	0.112935421799
-era	0.180382431411	0.361492496783	0.0834080889222	0.374716982884
-xoi	0.295731707317	0.545731707317	0.0914634146342	0.0670731707317
-xoo	0.0134892086331	0.986510791367	0.0	0.0
-gen	0.0306650736758	0.783552369574	0.000597371565113	0.185185185185
-oza	0.293080054274	0.663500678426	0.0434192672999	0.0
-oze	0.0	0.533333333333	0.466666666667	0.0
-iya	0.23038656313	0.231397866583	0.0817004328924	0.456515137394
-ozi	0.386617100372	0.156133828996	0.405204460967	0.0520446096654
-zhu	0.4	0.428571428571	0.171428571429	0.0
-ozo	0.222672064777	0.582995951417	0.0	0.194331983806
-245	0.0	0.0952380952381	0.0	0.904761904762
-uge	0.0717453980927	0.0393657130184	0.020625415835	0.868263473054
-poi	0.0713833920664	0.756483238457	0.056925996205	0.115207373272
-poo	0.0887304456052	0.719945979226	0.165504822811	0.0258187523585
-uga	0.0	1.0	0.0	0.0
-ugo	0.0483870967742	0.0774193548387	0.874193548387	0.0
-aze	0.0	1.0	0.0	0.0
-324	0.0	1.0	0.0	0.0
-322	0.0	1.0	0.0	0.0
-aza	0.202432227008	0.772232074994	0.00405371167975	0.0212819863187
-ugi	0.325996677741	0.356312292359	0.0726744186046	0.245016611296
-ike	0.0448765893792	0.38406881077	0.534405385191	0.0366492146597
-aha	0.0336739433348	0.921272642824	0.0366929865304	0.00836042731074
-119	0.0	0.0	0.0	1.0
-laa	0.112455927252	0.645241010567	0.0277934614817	0.2145096007
-ika	0.0	0.955610357583	0.0	0.0443896424167
-lal	0.564231738035	0.25314861461	0.0692695214106	0.113350125945
-foi	0.0543615317427	0.902149242863	0.035071955963	0.00841726943113
-lan	0.119992116295	0.325576899714	0.0137844549083	0.540646529082
-ihu	0.0277777777778	0.916666666667	0.0555555555555	0.0
-lai	0.0936104460122	0.662587986579	0.0397891525261	0.204012414883
-ppu	0.372380906507	0.242666538221	0.295746833004	0.0892057222676
-foo	0.0	0.793103448276	0.0	0.206896551724
-noi	0.0921559206742	0.815300948901	0.0266068414431	0.0659362889818
-ppi	0.614763714862	0.276502886105	0.0520906659158	0.0566427331174
-aan	0.174904942966	0.460076045627	0.365019011407	0.0
-ppo	0.464852617229	0.362758813214	0.0797662613251	0.0926223082323
-noo	0.172005948873	0.404337914694	0.0919733159499	0.331682820484
-ppa	0.475100672758	0.327638357221	0.0988699835061	0.0983909865147
-uki	0.0	1.0	0.0	0.0
-ppe	0.165563851611	0.351009787594	0.06298288873	0.420443472065
-ujo	0.272727272728	0.727272727272	0.0	0.0
-ahi	0.0196078431373	0.502450980392	0.475490196078	0.00245098039216
-aho	0.0710715758189	0.357428241764	0.290421754825	0.281078427592
-ori	0.267394768291	0.629132917275	0.0763510821936	0.0271212322401
-bol	0.0330250990752	0.0951122853369	0.871862615588	0.0
-boo	0.164705882353	0.819117647059	0.00882352941175	0.00735294117647
-boi	0.177514792899	0.579881656805	0.051775147929	0.190828402367
-gee	0.355428660076	0.281869979974	0.0558771519205	0.30682420803
-ahe	0.033626527594	0.832023040399	0.125009729898	0.00934070210944
-188	0.0	0.294117647059	0.0	0.705882352941
-bor	0.0	0.666666666667	0.333333333333	0.0
-don	0.0535506777269	0.05568980977	0.019340648736	0.871418863767
-doo	0.430363748864	0.445042720415	0.0416540502113	0.0829394805092
-180	0.0	0.0	0.25	0.75
-dom	0.391836734694	0.461224489796	0.10612244898	0.0408163265306
-186	0.0	0.0	0.0	1.0
-ixi	0.0	0.960882928192	0.0	0.0391170718078
-doi	0.195929859429	0.662774568867	0.0734736972859	0.0678218744177
-sar	0.0	0.933333333333	0.0666666666666	0.0
-dda	0.440287709566	0.315839690114	0.0409253339955	0.202947266325
-sau	0.110337724333	0.555183988355	0.0622510481406	0.272227239172
-ton	0.181773560209	0.47054973822	0.0163612565445	0.331315445026
-too	0.0933590422351	0.693688702053	0.0758259220132	0.137126333699
-ddi	0.505585091907	0.208367318642	0.0385837245232	0.247463864927
-ddo	0.153639685428	0.183127076974	0.104168233012	0.559065004586
-olu	0.0348837209303	0.337209302326	0.139534883721	0.488372093023
-toi	0.11279331931	0.622132933634	0.196238963133	0.068834783923
-oli	0.1505219159	0.588291724721	0.010278431283	0.250907928097
-saa	0.0643688644347	0.611892740166	0.0121470641711	0.311591331229
-ibo	0.0	0.909090909091	0.090909090909	0.0
-ibi	0.0485403937542	0.259334691107	0.0237610319077	0.668363883232
-ddu	0.0280933124708	0.050039625287	0.00650261120482	0.915364451037
-olo	0.12011062821	0.57724219676	0.145397076254	0.157250098775
-ibe	0.020725388601	0.979274611399	0.0	0.0
-sai	0.140571988613	0.529640967365	0.00561189861346	0.324175145409
-750	0.25	0.0	0.0	0.75
-san	0.125150644416	0.558516876505	0.0366304152321	0.279702063847
-lon	0.00390625	0.9765625	0.0	0.01953125
-loo	0.0769230769231	0.871794871795	0.0	0.0512820512821
-ais	0.725962156107	0.121524737948	0.0376051429554	0.11490796299
-loi	0.11329715256	0.636169185818	0.142846061247	0.107687600376
-720	0.0	0.375	0.0	0.625
-187	0.0	0.2	0.0	0.8
-oce	0.061224489796	0.816326530612	0.061224489796	0.0612244897958
-721	0.0	0.2	0.0	0.8
-oca	0.740235475548	0.232005694119	0.027758830333	0.0
-oki	0.0307692307692	0.948717948718	0.0205128205128	0.0
-ron	0.144348108225	0.118546171161	0.0181844784776	0.718921242136
-roo	0.266839378238	0.497409326425	0.0647668393782	0.170984455959
-oci	0.379120879121	0.472527472528	0.065934065934	0.0824175824176
-roi	0.140399708521	0.628834123751	0.102129150689	0.128637017039
-kke	0.552813681507	0.17370449354	0.0872743245149	0.186207500438
-725	0.0	0.428571428571	0.0	0.571428571429
-uqa	0.0545454545455	0.872727272727	0.0	0.0727272727272
-uqe	0.206572769953	0.723004694836	0.0140845070422	0.0563380281689
-han	0.194945627862	0.684478115506	0.0480141998143	0.0725620568172
-ewa	0.0143567090005	0.971286581999	0.0143567090005	0.0
-uqi	0.0	1.0	0.0	0.0
-ewi	0.127559055118	0.820472440945	0.00472440944882	0.0472440944882
-uxo	0.268482490272	0.731517509728	0.0	0.0
-awi	0.136738056013	0.609555189456	0.0647995606809	0.18890719385
-awo	0.0530802355216	0.852711134546	0.0353282362246	0.0588803937077
-dde	0.130365316945	0.618509914625	0.164671979298	0.0864527891317
-uxi	0.6	0.0	0.0	0.4
-awa	0.326556607032	0.150381985218	0.00679698832631	0.516264419424
-awe	0.0178474046899	0.894402855585	0.0788260373804	0.00892370234497
-uxa	0.152969687931	0.69173408896	0.100622646434	0.054673576675
-830	0.0	0.428571428571	0.0	0.571428571429
-awu	0.337080077402	0.33205739603	0.203550771378	0.127311755189
-hau	0.0973552718405	0.0650639342103	0.00398004325644	0.833600750693
-xis	0.384615384615	0.128205128205	0.435897435898	0.0512820512821
-273	0.0869565217391	0.0	0.0	0.913043478261
-ssi	0.098816992745	0.14518689015	0.0237115131434	0.732284603961
-yyo	0.101781806859	0.230264797958	0.0242297435144	0.643723651668
-yyi	0.142857142857	0.375	0.321428571428	0.160714285714
-sso	0.539370965818	0.297406194913	0.0858858301634	0.0773370091055
-yye	0.335121674703	0.274418231895	0.0919599558432	0.298500137558
-iki	0.0	1.0	0.0	0.0
-yya	0.0820216680294	0.495349550286	0.351594439902	0.0710343417825
-eyi	0.0602094240837	0.925392670157	0.0	0.0143979057592
-eyo	0.2	0.0	0.8	0.0
-eya	0.115818111154	0.860862806063	0.0116595413914	0.0116595413914
-200	0.188679245283	0.4474393531	0.121293800539	0.242587601078
-uca	0.125	0.375	0.5	0.0
-ssu	0.713640098603	0.0994248151191	0.186935086278	0.0
-207	0.0	1.0	0.0	0.0
-ide	0.236220472441	0.409448818898	0.236220472441	0.11811023622
-lem	0.0794223826715	0.472924187726	0.317689530686	0.129963898917
-len	0.0255319148936	0.974468085106	0.0	0.0
-mul	0.3	0.7	0.0	0.0
-lee	0.118319718438	0.727928284783	0.096933077053	0.0568189197262
-017	0.0	0.0	0.0	1.0
-ola	0.173765124287	0.670344165741	0.0143574882863	0.141533221685
-eel	0.0	1.0	0.0	0.0
-360	0.0	0.0	0.0	1.0
-ife	0.044660134651	0.818543056508	0.0498906008714	0.0869062079695
-ifi	0.0	0.571428571428	0.428571428572	0.0
-alu	0.131578947368	0.868421052632	0.0	0.0
-ole	0.0737016230735	0.826064169547	0.0737016230735	0.0265325843065
-alo	0.0891551159713	0.466601657728	0.324719648952	0.119523577349
-gil	0.0	0.0	1.0	0.0
-gii	0.358226567768	0.37963587323	0.0143290627107	0.247808496291
-ali	0.127014312882	0.340906816135	0.399159243319	0.132919627665
-eet	0.0470357449369	0.757141742552	0.0160501120164	0.179772400495
-ale	0.0314465408805	0.895178197065	0.0655136268344	0.00786163522012
-gib	0.0	1.0	0.0	0.0
-ees	0.520195731494	0.146890170156	0.0570391493951	0.275874948954
-ala	0.110216585204	0.0678470914678	0.022305391591	0.799630931737
-ocu	0.29696969697	0.321212121212	0.381818181818	0.0
-655	0.0	0.2	0.0	0.8
-652	0.0	0.333333333333	0.0	0.666666666667
-122	0.0	1.0	0.0	0.0
-123	0.0	0.0588235294118	0.0	0.941176470588
-qoi	0.126055138905	0.76435972372	0.0697477168473	0.0398374205283
-fau	0.185770750988	0.719367588933	0.0474308300395	0.0474308300395
-qoo	0.416	0.548	0.0120000000001	0.024
-qon	0.0297121634169	0.959145775302	0.0	0.0111420612813
-qol	0.0549682875264	0.526427061311	0.346723044398	0.0718816067653
-yoi	0.298824912111	0.566471404953	0.0821692465905	0.0525344363448
-yoo	0.105821269855	0.832313987768	0.0460245522946	0.0158401900823
-550	0.0	0.1	0.0	0.9
-chi	0.083706243583	0.651838814214	0.049204781	0.215250161203
-cho	0.104075362581	0.609881172909	0.205485022365	0.0805584421453
-iyu	0.0	1.0	0.0	0.0
-cha	0.110018902058	0.376585854331	0.463152401211	0.0502428423992
-che	0.0	0.0	0.666666666667	0.333333333333
-elu	1.0	0.0	0.0	0.0
-ogi	0.391232423491	0.435070306038	0.0264681555005	0.147229114971
-iyo	0.354390399873	0.314029852948	0.0467307587906	0.284848988388
-eli	0.134296100762	0.736247982502	0.0135575835282	0.115898333208
-iyi	0.324395415199	0.407586602688	0.0237131151461	0.244304866967
-elo	0.173509532936	0.653989710481	0.0121053162514	0.160395440331
-ogo	0.206680584551	0.787056367432	0.0062630480167	0.0
-156	0.0	0.428571428571	0.0	0.571428571429
-oga	0.17035036837	0.487548754876	0.19268593526	0.149414941494
-ela	0.0287382298451	0.825177957339	0.0916996678448	0.0543841449707
-oge	0.254745665215	0.598159257129	0.0246528063111	0.122442271345
-chu	0.886934673367	0.0753768844221	0.0376884422111	0.0
-ele	0.0	0.992238033635	0.0	0.00776196636481
-cci	0.604902368093	0.216452014956	0.103863730785	0.0747818861654
-cco	0.720615210949	0.262452377593	0.0169324114576	0.0
-cca	0.070669933439	0.756460503134	0.127316619067	0.04555294436
-itu	0.111526946108	0.834580838323	0.0112275449102	0.0426646706587
-cce	0.226084281759	0.107197785297	0.574438634266	0.0922792986774
-100	0.0079365079365	0.0912698412698	0.079365079365	0.821428571429
-ito	0.0921273031826	0.806811836963	0.0636515912897	0.0374092685651
-esi	0.231367731368	0.70515970516	0.0511875511875	0.012285012285
-tes	0.324324324325	0.567567567567	0.108108108108	0.0
-eso	0.872483221477	0.0419463087248	0.0855704697987	0.0
-iti	0.0181622134194	0.905480017742	0.00802961014332	0.0683281586957
-esa	0.0741096257817	0.365918041812	0.533786931297	0.0261854011095
-ite	0.512497806545	0.285404536502	0.0741539116654	0.127943745287
-ccu	0.454935622318	0.248927038627	0.244635193133	0.0515021459228
-ese	0.010276226077	0.877982648952	0.0776270411282	0.0341140838432
-ita	0.036685036618	0.290492381754	0.493251227373	0.179571354256
-faa	0.197241758116	0.616681527912	0.0312886019699	0.154788112002
-222	0.0	1.0	0.0	0.0
-tir	0.0	1.0	0.0	0.0
-fai	0.406221432361	0.437711407576	0.0111083576289	0.144958802433
-fan	0.287583957843	0.57667969678	0.0408612832862	0.094875062091
-bul	0.564755838641	0.256900212314	0.101910828025	0.076433121019
-eza	0.0599999999999	0.94	0.0	0.0
-uda	0.0407677362114	0.777615555381	0.0759350561352	0.105681652273
-eze	0.238709677419	0.141935483871	0.232258064516	0.387096774194
-ude	0.130585590694	0.0567647431579	0.0789436821708	0.733705983978
-ezi	0.141935483871	0.858064516129	0.0	0.0
-udi	0.0	0.98753894081	0.0	0.01246105919
-108	0.25	0.375	0.0	0.375
-axo	0.882352941177	0.117647058823	0.0	0.0
-abu	0.0588235294119	0.941176470588	0.0	0.0
-cii	0.782608695652	0.217391304348	0.0	0.0
-woi	0.0236968457897	0.337609064084	0.00498071880367	0.633713371323
-abe	0.440860215054	0.322580645161	0.0	0.236559139785
-aba	0.102769516134	0.845102177876	0.0244651252038	0.0276631807861
-woo	0.142950647991	0.815813588166	0.0	0.0412357638434
-huu	0.0	0.984526112186	0.0	0.0154738878143
-abo	0.0629095674967	0.905635648755	0.0157273918742	0.0157273918742
-abi	0.309252786814	0.49369828957	0.0921226601661	0.10492626345
-koo	0.271428571428	0.342857142857	0.0428571428571	0.342857142857
-kon	0.0359281437125	0.964071856288	0.0	0.0
-koi	0.137176287128	0.739391829269	0.0597970802705	0.0636348033327
-tum	0.25	0.75	0.0	0.0
-tun	0.183363080774	0.694585014969	0.0436097121099	0.0784421921469
-oru	0.051724137931	0.948275862069	0.0	0.0
-som	0.074377989381	0.814822940892	0.0102388579285	0.100560211798
-soo	0.165867471023	0.706491962461	0.00546986601089	0.122170700505
-son	0.0532531899188	0.842244015607	0.0167668459348	0.0877359485395
-soi	0.0706002283554	0.188672777108	0.0885270892539	0.652199905283
-oro	0.231500032314	0.407484004395	0.172946422801	0.18806954049
-ado	0.0240721949956	0.733370754982	0.0493318076815	0.193225242341
-ora	0.140482997028	0.404145191961	0.0987855364237	0.356586274588
-zal	0.248333200328	0.655177417132	0.0421506250045	0.054338757536
-ore	0.0702247191011	0.854868913858	0.0567305573915	0.0181758096497
-jee	0.666666666667	0.111111111111	0.222222222222	0.0
-345	0.0	0.0	0.0	1.0
-ruu	0.0	1.0	0.0	0.0
-lil	0.0	1.0	0.0	0.0
-lim	0.0	1.0	0.0	0.0
-lin	0.47862252537	0.210371565174	0.0540494600478	0.256956449408
-omo	0.08	0.92	0.0	0.0
-lii	0.19018404908	0.368098159509	0.294478527607	0.147239263804
-ici	0.0	0.978916639637	0.0129743756082	0.00810898475511
-oma	0.00811647416498	0.981737933129	0.000869622231961	0.00927597047425
-ome	0.040902893501	0.606877745796	0.319497045902	0.0327223148008
-xxi	0.631063627165	0.181745134218	0.0836259746443	0.103565263973
-530	0.0	0.727272727273	0.272727272727	0.0
-xxo	0.491259410489	0.349240780911	0.105907872911	0.0535919356897
-odu	0.25	0.25	0.0	0.5
-ohu	0.0	1.0	0.0	0.0
-xxa	0.435670924578	0.279593517182	0.183838547045	0.100897011194
-aiq	0.0	1.0	0.0	0.0
-xxe	0.0074854759422	0.950208550574	0.0310591389841	0.0112468345002
-230	0.0	0.666666666667	0.0	0.333333333333
-oda	0.399272467694	0.485730490351	0.014888009896	0.100109032059
-ode	0.156580768359	0.0792144014978	0.00139106860124	0.762813761542
-odi	0.334788937409	0.459970887919	0.119359534207	0.0858806404658
-335	0.571428571428	0.0	0.0	0.428571428572
-izi	0.0141342756184	0.985865724382	0.0	0.0
-337	0.143198090692	0.510739856802	0.0715990453462	0.27446300716
-odo	0.174757281553	0.817961165049	0.00728155339807	0.0
-168	0.0	1.0	0.0	0.0
-eho	0.576407502924	0.223965797329	0.0157600026116	0.183866697135
-ehi	0.128475136451	0.0635729068379	0.139813477769	0.668138478942
-ura	0.153922529682	0.552333248602	0.0491199752575	0.244624246459
-162	0.0	0.2	0.0	0.8
-ehe	0.108605050257	0.82887962736	0.0220642314293	0.0404510909537
-ure	0.0799936439159	0.265616491713	0.571256935011	0.0831329293602
-eha	0.0682722993045	0.196707824961	0.28680394167	0.448215934065
-ajo	0.0	0.833333333334	0.0	0.166666666667
-zee	0.12544284693	0.678147589165	0.145698625784	0.0507109381205
-ehu	0.0229226361031	0.816618911175	0.0	0.160458452722
-pai	0.14575795614	0.609392305988	0.185409436609	0.0594403012626
-wau	0.126805572291	0.728610867799	0.0364432637102	0.1081402962
-duu	0.0	1.0	0.0	0.0
-pan	0.212851405623	0.654618473895	0.0361445783132	0.0963855421688
-paa	0.0328575466366	0.917856133409	0.0270279819107	0.0222583380441
-895	0.0	0.0	0.666666666667	0.333333333333
-425	0.0	0.625	0.375	0.0
-iba	0.144772028346	0.207748362081	0.0128693675625	0.634610242011
-wii	0.4	0.0	0.4	0.2
-148	0.0	0.142857142857	0.0	0.857142857143
-waa	0.116087836956	0.671570255692	0.0498707879862	0.162471119366
-wan	0.125126201176	0.549638169338	0.0369968561871	0.288238773299
-par	0.0	1.0	0.0	0.0
-845	0.0	1.0	0.0	0.0
-wai	0.0401532204621	0.907376508667	0.0175749936413	0.0348952772298
-kee	0.0803881128714	0.827739758133	0.0637480078747	0.0281241211213
-oqu	1.0	0.0	0.0	0.0
-760	0.0	1.0	0.0	0.0
-sen	0.0581744032626	0.875854623965	0.0455799448243	0.0203910279477
-ken	0.0442967884828	0.889258028793	0.0664451827241	0.0
-omi	0.0460683081811	0.930103256553	0.0190627482129	0.00476568705321
-ase	0.317768935428	0.157093193717	0.0556509598604	0.469486910995
-nuu	0.0	1.0	0.0	0.0
-601	0.0	0.142857142857	0.0	0.857142857143
-600	0.202702702703	0.310810810811	0.121621621622	0.364864864865
-603	0.0	0.1	0.0	0.9
-dil	0.0	1.0	0.0	0.0
-dim	0.5	0.0	0.0	0.5
-din	0.224762093124	0.111268152047	0.0221513932101	0.641818361618
-ino	0.054678692221	0.273111612176	0.523675310034	0.148534385569
-dii	0.582205136688	0.221065573249	0.0447567485033	0.15197254156
-fee	0.113689482471	0.768927378965	0.0334307178631	0.0839524207012
-iis	0.55574419764	0.0994740765505	0.0306083014797	0.31417342433
-dis	0.0	0.0	0.272727272727	0.727272727273
-fen	0.236220472441	0.61154855643	0.0629921259843	0.0892388451444
-eni	0.163967354238	0.0302180321352	0.0134722192235	0.792342394404
-iha	0.00732600732603	0.992673992674	0.0	0.0
-ihi	0.0	1.0	0.0	0.0
-iho	0.0	0.974358974359	0.025641025641	0.0
-nnu	0.461538461539	0.384615384615	0.153846153846	0.0
-afi	0.179422258027	0.708942340891	0.0333755322822	0.0782598687996
-nni	0.37053164137	0.419009703906	0.146387990379	0.0640706643443
-azi	0.0149563772331	0.960947237225	0.0	0.0240963855422
-nno	0.276884690343	0.182007770895	0.0424544111623	0.498653127599
-afo	0.376606683805	0.584832904884	0.0115681233933	0.0269922879177
-afa	0.423758632	0.442619466635	0.0782574146346	0.0553644867305
-nna	0.355651809855	0.17536209822	0.0851807749277	0.383805316998
-945	0.0	1.0	0.0	0.0
-uko	0.0	0.666666666667	0.333333333333	0.0
-afe	0.0466782183469	0.649135392092	0.0241170794793	0.280069310082
-nne	0.204634428014	0.493872537603	0.061106872572	0.240386161811
-kki	0.442724521096	0.140786560221	0.0578442724521	0.358644646231
-efe	0.5	0.5	0.0	0.0
-qan	0.0982835910053	0.571580990506	0.0378153661286	0.29232005236
-qai	0.145666893747	0.600880452509	0.050809231849	0.202643421895
-efa	0.0728391386325	0.902848069862	0.0115113625087	0.0128014289967
-kko	0.265547684669	0.144245920899	0.0287691815733	0.561437212859
-tis	0.666666666667	0.0	0.333333333333	0.0
-kka	0.220308436322	0.310786128995	0.0619624386002	0.406942996084
-efo	0.421646746348	0.392430278884	0.0265604249668	0.159362549801
-qaa	0.0572544225451	0.60995315377	0.0306114485119	0.302180975173
-efi	0.049141221374	0.787929389313	0.00500954198475	0.157919847328
-dau	0.0177157365607	0.953247896679	0.00377892648606	0.0252574402743
-qau	0.195731287499	0.574358217763	0.16425690961	0.0656535851283
-tim	0.428571428572	0.285714285714	0.285714285714	0.0
-tin	0.134411860925	0.0652389717535	0.0301650981236	0.770184069198
-ain	0.378378378378	0.540540540541	0.081081081081	0.0
-kku	0.415338475695	0.241726970134	0.127830097584	0.215104456587
-tii	0.606012825859	0.197494418125	0.0694484169739	0.127044339042
-oha	0.015037593985	0.984962406015	0.0	0.0
-eme	0.0134529147982	0.979500320307	0.00192184497117	0.00512491992313
-ema	0.0136291773428	0.968162241727	0.0142833778553	0.00392520307474
-uwa	0.507874015748	0.42125984252	0.0472440944881	0.0236220472441
-mmu	0.0117029131895	0.0302603898185	0.00626941778007	0.951767279212
-emi	0.0182741116751	0.978680203046	0.00304568527919	0.0
-emu	0.0	1.0	0.0	0.0
-mmo	0.250164184668	0.533289550755	0.0683363211985	0.148209943378
-mmi	0.163600030046	0.245325713427	0.0208676302134	0.570206626314
-jaa	0.0301810865191	0.891348088531	0.0	0.0784708249497
-jan	0.514640638864	0.378881987578	0.106477373558	0.0
-056	0.0	0.25	0.0	0.75
-mma	0.248398280069	0.38320139901	0.182174718536	0.186225602385
-jai	0.0352941176471	0.7	0.264705882353	0.0
-450	0.117647058823	0.176470588236	0.0	0.705882352941
-jja	0.511425462459	0.281828073993	0.121055495103	0.085690968444
-390	0.0	0.0	0.0	1.0
-cin	0.715648854962	0.173664122137	0.0486641221374	0.0620229007633
-jje	0.175491679274	0.28895612708	0.481089258699	0.054462934947
-zaa	0.0811386337858	0.822750722623	0.0492627419414	0.0468479016501
-zan	0.284151076597	0.692022590893	0.0238263325097	0.0
-jji	0.22498857926	0.0753768844221	0.195979899498	0.50365463682
-jjo	0.522554485555	0.311201216422	0.0993411049162	0.0669031931069
-zai	0.136516754329	0.502688966373	0.0966254949472	0.264168784351
-zau	0.318181818182	0.590909090909	0.090909090909	0.0
-jju	0.30303030303	0.636363636364	0.0606060606061	0.0
-454	0.0	0.2	0.0	0.8
-phi	0.0879765395894	0.553600521343	0.256109481916	0.102313457152
-ane	0.389884517338	0.369782548604	0.0207315949507	0.219601339107
-etu	0.134489993352	0.584307512127	0.0773026087872	0.203899885734
-pho	0.310344827586	0.689655172414	0.0	0.0
-000	0.263083451202	0.362093352192	0.0495049504952	0.32531824611
-eta	0.192859001973	0.242787351723	0.04687689315	0.517476753154
-iqa	0.302735474558	0.4794081559	0.0254637315049	0.192392638037
-ete	0.021420518602	0.901352874859	0.0400225479143	0.0372040586246
-392	0.0	0.0	0.0	1.0
-iqo	0.127232537577	0.400618921309	0.249867374005	0.222281167109
-eti	0.10227330604	0.18358972633	0.0299022716253	0.684234696005
-iqi	0.579116835327	0.136844526219	0.0517479300828	0.232290708372
-eto	0.121378230227	0.645262333594	0.195771339076	0.0375880971026
-uyi	0.174838227974	0.205823792932	0.0169238427078	0.602414136386
-oxe	0.0237623762376	0.845544554455	0.0118811881188	0.118811881188
-atu	0.0752770011589	0.607362051594	0.15815375269	0.159207194557
-esh	0.0	1.0	0.0	0.0
-oxa	0.0601750179652	0.894693718561	0.0451312634739	0.0
-uyo	0.548286604361	0.367601246106	0.00934579439252	0.0747663551402
-uya	0.57858863744	0.376438852624	0.0155674072854	0.0294051026502
-oxo	0.0	0.938650306748	0.0613496932515	0.0
-oxi	0.0	1.0	0.0	0.0
-kau	0.695652173913	0.173913043478	0.0	0.130434782609
-300	0.145161290323	0.516129032258	0.0967741935484	0.241935483871
-ate	0.0330188679245	0.823733862959	0.0059582919563	0.13728897716
-wen	0.117647058823	0.882352941177	0.0	0.0
-ata	0.0928961210114	0.72182836392	0.0558354021535	0.129440112915
-ato	0.112009803921	0.831862745098	0.0416666666666	0.0144607843137
-wee	0.269820875217	0.589600181392	0.0113370115637	0.129241931827
-ati	0.100150772592	0.609542137508	0.0453643106398	0.24494277926
-ose	0.107694708912	0.75339472452	0.0468237864835	0.0920867800842
-kai	0.227743271221	0.396480331263	0.0565907522429	0.319185645273
-uli	0.0678851174934	0.911227154047	0.0208877284595	0.0
-osa	0.0251782982389	0.889258893597	0.00748460206623	0.0780782060984
-ulo	0.0778105263157	0.833768421053	0.0565894736842	0.0318315789474
-130	0.0	0.555555555555	0.0	0.444444444445
-648	0.0	0.2	0.0	0.8
-oso	0.251555233436	0.440538744942	0.032252219605	0.275653802017
-ula	0.0492026053951	0.785148623108	0.116446166102	0.0492026053951
-osi	0.0459518475777	0.835284999887	0.00829316860136	0.110469983934
-139	0.0	0.5	0.0	0.5
-ule	0.319104504915	0.164372920266	0.159903947356	0.356618627462
-ace	0.29600450197	0.653348339899	0.0337647720877	0.0168823860439
-aca	0.613259668508	0.353591160221	0.0	0.0331491712707
-aco	0.176104448155	0.773796872628	0.00910885076666	0.04098982845
-775	0.0	0.6	0.0	0.4
-nii	0.276711249132	0.426801629593	0.128920571063	0.167566550211
-nin	0.456395698511	0.214166285755	0.0797808357591	0.249657179975
-ice	0.4	0.6	0.0	0.0
-aci	0.285114045618	0.404261704682	0.15756302521	0.15306122449
-tta	0.101821534828	0.268374953437	0.203097573465	0.426705938269
-743	0.0	0.636363636364	0.0	0.363636363636
-aji	0.4	0.6	0.0	0.0
-tte	0.0376147098001	0.0494306369364	0.0151579660652	0.897796687198
-tti	0.303581453184	0.37312760653	0.0710103134345	0.252280626851
-dol	0.906976744186	0.0930232558142	0.0	0.0
-tto	0.227708531088	0.156202894946	0.25077211398	0.365316459986
-shu	0.0352268779746	0.0435613884987	0.0444667148204	0.876745018706
-shi	0.326191385677	0.298804273593	0.0605039876839	0.314500353046
-fii	1.0	0.0	0.0	0.0
-fin	0.697063369397	0.154173106646	0.0394126738794	0.109350850077
-ica	0.115384615385	0.0769230769229	0.576923076923	0.23076923077
-ttu	0.128809702361	0.797010679838	0.0160740606656	0.0581055571358
-sho	0.148865060681	0.581452544882	0.154996718003	0.114685676433
-sha	0.103960161357	0.468702054339	0.239465456775	0.187872327529
-she	0.145777156829	0.532127139364	0.141865176388	0.180230527419
-ifa	0.0383561643835	0.961643835616	0.0	0.0
-ile	0.0808477237048	0.876766091052	0.0282574568289	0.0141287284144
-320	0.0	1.0	0.0	0.0
-ila	0.0276148443769	0.904222381605	0.0397046605265	0.0284581134916
-ilo	0.0256939307821	0.557363646981	0.0105111535018	0.406431268735
-736	0.0	0.142857142857	0.0	0.857142857143
-yuu	0.0	1.0	0.0	0.0
-730	0.0	0.189189189189	0.0	0.810810810811
-xau	0.203448275862	0.672413793104	0.0413793103448	0.0827586206896
-ebi	0.0	1.0	0.0	0.0
-iga	0.439330543933	0.180226251356	0.185185185185	0.195258019526
-kul	0.0851063829787	0.914893617021	0.0	0.0
-ige	0.28125	0.53125	0.1875	0.0
-ebo	0.0	1.0	0.0	0.0
-eba	0.0	0.924812030075	0.0601503759398	0.015037593985
-igi	0.270223801473	0.12499641803	0.386852738058	0.217927042439
-amu	0.0148412928977	0.0594156951409	0.00682067928913	0.918922332672
