-7th	0.0283018867924	0.00943396226414	0.943396226415	0.0188679245283
-het	0.0247502297073	0.925853987602	0.00635038788541	0.0430453948057
-hew	0.0456273764259	0.946768060837	0.0	0.00760456273764
-eus	0.0227174383384	0.972090004327	0.0	0.0051925573345
-hes	0.0851063829787	0.893617021277	0.0	0.0212765957447
-hel	0.03125	0.90625	0.0	0.0625
-hem	0.0	1.0	0.0	0.0
-hen	0.0462090623598	0.841184387618	0.0264692687304	0.0861372812921
-ive	0.00516795865634	0.908914728682	0.0762273901808	0.00968992248061
-rbe	0.00961538461538	0.990384615385	0.0	0.0
-hea	0.0	1.0	0.0	0.0
-lem	0.0256372279569	0.954711901883	0.00455483745428	0.0150960327056
-aus	0.234848484848	0.704545454546	0.0151515151515	0.0454545454545
-ziz	0.357034417201	0.423874646352	0.0604289563669	0.15866198008
-auz	0.297849776206	0.525284549709	0.0612117703624	0.115653903723
-zin	0.117676292291	0.486466453882	0.336917363353	0.0589398904733
-zio	0.0	0.010989010989	0.989010989011	0.0
-aud	0.160407427938	0.746743348115	0.0512749445676	0.0415742793792
-zii	0.130373778685	0.0307075925884	0.0166363369304	0.822282291796
-nse	0.0580985915493	0.889084507042	0.0528169014085	0.0
-aum	0.0101394169835	0.987325728771	0.0	0.00253485424588
-aul	0.0321848759859	0.882844022246	0.00118137427149	0.0837897274964
-aun	0.0776241830193	0.215247622675	0.0362024458791	0.670925748426
-nth	0.0986367281476	0.891740176423	0.0	0.00962309542903
-pus	0.0	1.0	0.0	0.0
-uai	0.064453125	0.51953125	0.3125	0.103515625
-oꞌo	0.17852615962	0.268137095341	0.0558462573592	0.49749048768
-nah	0.0	0.992866076335	0.0	0.00713392366527
-puz	0.324496485076	0.586935062527	0.0702439450047	0.0183245073925
-uan	0.48306998411	0.252036260268	0.160711193173	0.104182562449
-apa	0.273100242886	0.121907216723	0.0492418090524	0.555750731338
-her	0.0714285714284	0.928571428572	0.0	0.0
-sha	0.0269982030417	0.880757936566	0.0787447588715	0.0134991015208
-pun	0.0708799347525	0.684741302865	0.0511412187455	0.193237543637
-uaz	0.152173913043	0.811594202899	0.0144927536232	0.0217391304348
-nyx	0.0	0.84375	0.15625	0.0
-cas	0.0	1.0	0.0	0.0
-pao	0.0200267022697	0.97997329773	0.0	0.0
-fig	0.0240028599152	0.938920382003	0.034012563199	0.0030641948828
-opo	0.0	0.994123572868	0.00587642713231	0.0
-opa	0.118802571467	0.0861584374968	0.0402685935632	0.754770397473
-dea	0.00378548895899	0.992429022082	0.00315457413249	0.0006309148265
-zui	0.264758497317	0.228980322003	0.463327370304	0.0429338103757
-dee	0.0	1.0	0.0	0.0
-dek	0.028427220514	0.940244822185	0.0174044207229	0.0139235365783
-400	0.13986013986	0.06993006993	0.0	0.79020979021
-oko	0.22619028906	0.167262459888	0.0417932325745	0.564754018478
-des	0.0	1.0	0.0	0.0
-kim	0.00724200362102	0.562462281231	0.0247435123718	0.405552202776
-oka	0.282051282051	0.644970414201	0.0	0.0729783037475
-lla	0.0	1.0	0.0	0.0
-oil	0.0	1.0	0.0	0.0
-yuo	0.141781900928	0.8232102223	0.0	0.0350078767722
-idi	0.144328415192	0.0226936666424	0.00402696321016	0.828950954956
-ꞌan	0.160426183934	0.0526313293029	0.00979254005526	0.777149946708
-oba	0.218738538093	0.636161270801	0.067955256168	0.0771449349381
-ꞌai	0.158288843597	0.0673058821211	0.0198042745088	0.754600999773
-ida	0.204170617436	0.104880742523	0.0269619656257	0.663986674415
-bia	0.00831024930748	0.991689750693	0.0	0.0
-ꞌaz	0.616564417178	0.245398773006	0.11963190184	0.0184049079755
-bii	0.0929250806457	0.0917087837787	0.0273666795096	0.787999456066
-dam	0.0357142857143	0.946654611212	0.00768535262207	0.00994575045208
-ter	0.0164341282062	0.926814685163	0.00360749155747	0.0531436950734
-uta	0.456191446321	0.26663892914	0.0708598154976	0.206309809042
-ria	0.0191341784262	0.926094235829	0.0442477876106	0.0105237981344
-rin	0.176867111537	0.567906930043	0.220300300952	0.034925657468
-uth	0.0	1.0	0.0	0.0
-rim	0.0	1.0	0.0	0.0
-rii	0.354281112058	0.302977265296	0.012436929012	0.330304693633
-ris	0.0	0.963076923077	0.0	0.0369230769231
-utu	0.584795321637	0.415204678363	0.0	0.0
-hos	0.0	1.0	0.0	0.0
-riz	0.183050847458	0.484745762712	0.0983050847457	0.233898305085
-ard	0.00901916572719	0.87373167982	0.113866967305	0.00338218714769
-mew	0.0	0.845849802372	0.0	0.154150197628
-ara	0.143770577451	0.501897200782	0.0327514895404	0.321580732226
-mes	0.00398260927285	0.990541302977	0.000995652318211	0.00448043543195
-eri	0.0	1.0	0.0	0.0
-arl	0.0318888445988	0.928250099653	0.0398610557485	0.0
-aro	0.0318803275494	0.871980205647	0.0211538548686	0.0749856119346
-ari	0.110541310541	0.826210826211	0.0102564102564	0.0529914529914
-ark	0.0461016949152	0.909152542373	0.0	0.0447457627118
-aru	0.106169982305	0.492643811986	0.0190811172204	0.382105088489
-mea	0.0	1.0	0.0	0.0
-wai	0.254125922507	0.571435665823	0.0436643573712	0.130774054299
-lun	0.0	1.0	0.0	0.0
-mel	0.0972097209721	0.881188118812	0.0	0.021602160216
-men	0.00417861532159	0.0793936911102	0.000557148709543	0.915870544859
-lue	0.0	0.200610997963	0.799389002037	0.0
-pha	0.00528900642237	0.968265961466	0.0264450321118	0.0
-5th	0.0	0.0131004366812	0.986899563319	0.0
-num	0.0866574757015	0.0259501058916	0.00672270880015	0.880669709607
-mor	0.0	0.942307692308	0.0576923076923	0.0
-xad	0.0	1.0	0.0	0.0
-uba	0.0752737403936	0.81612790958	0.0326392172252	0.0759591328011
-ota	0.381796906985	0.427258480471	0.0550318477734	0.135912764771
-oti	0.0905465128813	0.77632855449	0.0323380403148	0.100786892314
-ali	0.0	1.0	0.0	0.0
-oto	0.244616349571	0.706460380514	0.023834413548	0.0250888563663
-uma	0.0524216563364	0.0382942812551	0.0125884220502	0.896695640358
-ako	0.411527983115	0.490782043311	0.0263445154338	0.0713454581399
ALL	0.219505312638	0.26239951453	0.0492065930171	0.468888579814
-nai	0.0564140284838	0.876753810142	0.0170008702945	0.0498312910797
-nan	0.402205891137	0.262165169603	0.0756685366801	0.259960402579
-nao	0.0797553908237	0.446205202955	0.0543318079724	0.419707598249
-nam	0.144881004936	0.42990729221	0.343741220853	0.0814704820003
-sis	0.0	1.0	0.0	0.0
-kii	0.401604571762	0.113593718972	0.0688005739573	0.416001135309
-naa	0.134612574851	0.197840929467	0.0238871638511	0.643659331831
-zun	0.0261564524478	0.621127511725	0.0335681008925	0.319147934934
-kin	0.1303996106	0.250112702805	0.0465050704021	0.572982616194
-aka	0.263747848992	0.26511883063	0.120073708857	0.351059611521
-naz	0.125151692532	0.637565495481	0.0388903958997	0.198392416087
-sii	0.0457875457876	0.826007326007	0.128205128205	0.0
-2nd	0.0	0.0102739726027	0.986301369863	0.00342465753424
-eba	0.0	0.922648696162	0.0	0.0773513038383
-zuz	0.0913513513513	0.867567567568	0.0248648648649	0.0162162162162
-nas	0.00940807526459	0.96942375539	0.0117600940807	0.0094080752646
-sia	0.00953481652701	0.990465183473	0.0	0.0
-nau	0.235547838221	0.601278117393	0.0249756190386	0.138198425347
-ozi	0.0924764890282	0.816614420063	0.0133228840126	0.0775862068965
-mos	0.0434324166114	0.926320007534	0.0	0.0302475758544
-wun	0.147739875357	0.253798808781	0.0904392481729	0.508022067689
-gon	0.0	0.994524298426	0.0	0.00547570157429
-gog	0.0	0.980392156863	0.0196078431372	0.0
-wuz	0.18035326929	0.56770994732	0.240780911063	0.0111558723272
-cos	0.0	0.926380368098	0.0736196319019	0.0
-moo	0.0467426220122	0.844220374019	0.0104567995885	0.0985802043807
-mon	0.0118403640332	0.98583799596	0.0	0.0023216400065
-wuu	0.213007848833	0.208827990048	0.391616914625	0.186547246494
-nuu	0.181887878807	0.274074108022	0.0316987414561	0.512339271715
-ber	0.0	1.0	0.0	0.0
-rls	0.0	0.990016638935	0.0	0.00998336106489
-cob	0.0	0.984293193717	0.0	0.0157068062827
-eon	0.1689373297	0.820163487738	0.0	0.0108991825613
-yaa	0.0190002923122	0.926629640456	0.0368313358667	0.0175387313651
-bel	0.0312796208531	0.949763033175	0.0189573459716	0.0
-216	0.103134479272	0.300303336704	0.0	0.596562184024
-bed	0.134020618557	0.852233676976	0.00687285223367	0.00687285223368
-ish	0.0	0.953846153846	0.0461538461538	0.0
-ise	0.0	0.44	0.56	0.0
-rea	0.00786639235144	0.964389446932	0.00399370688612	0.0237504538303
-red	0.112801013942	0.859315589354	0.0278833967047	0.0
-rez	0.0	1.0	0.0	0.0
-eve	0.0454545454546	0.936363636364	0.0	0.0181818181818
-eva	0.0	0.226993865031	0.0	0.773006134969
-upa	0.412922030605	0.180714112218	0.312363371387	0.0940004857907
-res	0.0	0.946672743847	0.0410209662716	0.0123062898815
-ist	0.0118836660944	0.941569948364	0.00204509602555	0.0445012895159
-evi	0.0384858044164	0.906624605678	0.0132492113565	0.0416403785489
-ret	0.0821917808219	0.876712328767	0.0	0.0410958904109
-reu	0.0	1.0	0.0	0.0
-haa	0.267614014653	0.556804206377	0.0585880873076	0.116993691663
-hab	0.0158144438587	0.984185556141	0.0	0.0
-maz	0.204995693368	0.26270456503	0.0671834625322	0.46511627907
-hai	0.358208955224	0.55223880597	0.0597014925373	0.0298507462687
-mas	0.0324389267121	0.960752903484	0.00120144173008	0.00560672807369
-mar	0.0	1.0	0.0	0.0
-mau	0.0453194650817	0.479940564636	0.115898959881	0.358841010401
-ham	0.047221195142	0.905706931369	0.0251713643733	0.0219005091157
-han	0.110125350065	0.276098871198	0.0590354082287	0.554740370508
-mai	0.101769911504	0.855457227139	0.0250737463127	0.0176991150442
-mah	0.0	0.929411764706	0.0	0.070588235294
-har	0.0	0.972080037227	0.0279199627734	0.0
-has	0.0330237358101	0.934984520124	0.015479876161	0.0165118679051
-hat	0.0251805221255	0.974819477874	0.0	0.0
-man	0.280218359722	0.166707100057	0.167776165625	0.385298374597
-maa	0.252059308072	0.451400329489	0.0	0.296540362438
-haz	0.0897666068222	0.802513464991	0.102333931777	0.00538599640934
-una	0.0331753554502	0.505213270142	0.0872037914693	0.374407582938
-nka	0.151970607883	0.527388109552	0.0801603206412	0.240480961924
-unu	0.0465909385311	0.897338367221	0.00459562070615	0.0514750735417
-666	0.136363636364	0.272727272727	0.0227272727273	0.568181818182
-him	0.0	1.0	0.0	0.0
-tra	0.0	1.0	0.0	0.0
-500	0.0480167014614	0.153444676409	0.027139874739	0.77139874739
-ada	0.257483636355	0.434353983881	0.0369315483846	0.27123083138
-gan	0.0390625	0.9609375	0.0	0.0
-gai	0.00735844841859	0.992641551581	0.0	0.0
-144	0.0	0.0708661417323	0.0	0.929133858268
-adu	0.685262281432	0.129891756869	0.0199833472107	0.164862614488
-gar	0.0	0.988847583643	0.0111524163569	0.0
-hia	0.0494233937397	0.95057660626	0.0	0.0
-uiz	0.242789759222	0.656214265732	0.0667600513018	0.0342359237445
-oes	0.0379746835443	0.962025316456	0.0	0.0
-seh	0.0	1.0	0.0	0.0
-see	0.0484359233098	0.937436932392	0.0	0.0141271442987
-ine	0.0428671800887	0.955410477854	0.0	0.00172234205713
-sea	0.133822181485	0.824014665445	0.0311640696608	0.0109990834097
-ing	0.0274186433201	0.809189317588	0.0175099256846	0.145882113407
-iki	0.0215577842386	0.0184301158431	0.00338438207082	0.956627717848
-uin	0.414634146341	0.585365853659	0.0	0.0
-ohn	0.0429144470149	0.867712290681	0.0093384553346	0.0800348069699
-ses	0.0408334337228	0.853637111995	0.0393526884311	0.0661767658515
-noi	0.0977867147796	0.784249452532	0.00592229399369	0.112041538695
-iam	0.0955286122481	0.105799675651	0.0162174685304	0.782454243571
-3rd	0.0	0.00664451827243	0.993355481728	0.0
-ian	0.622901011138	0.107356577436	0.0318662337416	0.237876177684
-oom	0.111551809618	0.85870104115	0.0	0.0297471492315
-iah	0.0199447201457	0.95445693825	0.00581066649915	0.0197876751052
-oon	0.0999402125174	0.793325542843	0.0201103350817	0.0866239095579
-iau	0.201432408236	0.286481647269	0.0179051029543	0.49418084154
-kao	0.461585417822	0.316461932707	0.0985522316138	0.123400417857
-fur	0.029197080292	0.959854014599	0.0109489051095	0.0
-fus	0.0	0.990291262136	0.00970873786408	0.0
-ias	0.0306292163438	0.922434067059	0.0265974727386	0.020339243859
-8th	0.025	0.025	0.95	0.0
-kuo	0.0607347876005	0.925947187141	0.000688863375431	0.0126291618829
-kun	0.112630167542	0.675267227228	0.152629666295	0.0594729389356
-ooz	0.278752436647	0.218323586745	0.245614035088	0.25730994152
-aon	0.388313689072	0.547756618215	0.0118388319839	0.0520908607292
-iaz	0.414993429938	0.342324220048	0.095846311823	0.146836038191
-ban	0.111361590351	0.516608519976	0.153678994685	0.218350894988
-uun	0.301604373936	0.474321054047	0.186430043919	0.037644528099
-bai	0.140150775691	0.753952003627	0.0472968921256	0.058600328557
-aꞌu	0.0949921635734	0.348240456431	0.124328506629	0.432438873366
-hon	0.00967741935484	0.990322580645	0.0	0.0
-hoo	0.0	0.693761814745	0.306238185255	0.0
-baa	0.440701510679	0.327487411009	0.131793714186	0.100017364126
-hor	0.0	1.0	0.0	0.0
-aꞌo	0.203348944757	0.25420332059	0.183520976801	0.358926757852
-baz	0.296156893819	0.511027469625	0.113576333862	0.0792393026941
-uuz	0.253027405991	0.225462077757	0.036328871893	0.485181644359
-bas	0.0212797399143	0.966898182356	0.00398995123393	0.00783212649623
-job	0.0759493670886	0.886075949367	0.0379746835443	0.0
-aꞌa	0.307506202834	0.173395487732	0.0691220563514	0.449976253083
-ogi	0.0203636363636	0.872727272727	0.106909090909	0.0
-zon	0.449174885145	0.337301337609	0.0964104149586	0.117113362288
-zoo	0.183062653911	0.61321078674	0.0614585816307	0.142267977719
-zoi	0.139442231076	0.833997343958	0.0132802124834	0.0132802124834
-asa	0.00868306801738	0.927641099855	0.0	0.0636758321274
-yer	0.0	0.96	0.04	0.0
-ꞌin	0.232914368017	0.360973355831	0.168204724412	0.23790755174
-ast	0.0211416490486	0.966173361522	0.0126849894292	0.0
-ass	0.0	0.926778242678	0.0732217573221	0.0
-ꞌii	0.287777727816	0.0589895105386	0.0201847605058	0.63304800114
-zoz	0.349830116559	0.481171251947	0.104997404559	0.0640012269359
-lta	0.0606060606061	0.939393939394	0.0	0.0
-zor	0.0	1.0	0.0	0.0
-raz	0.317097428086	0.228861243266	0.115887865918	0.338153462731
-iwu	0.381278538813	0.324200913242	0.130136986301	0.164383561644
-430	0.314285714286	0.0	0.0	0.685714285714
-rau	0.146889282516	0.550073373145	0.094339454018	0.208697890321
-ras	0.0	1.0	0.0	0.0
-ran	0.0786700300107	0.225258077262	0.245326227947	0.45074566478
-rao	0.1	0.433333333333	0.466666666667	0.0
-iwa	0.272646538246	0.408530930976	0.164536309019	0.15428622176
-ram	0.140207806854	0.200097390403	0.00956809255885	0.650126710183
-rak	0.0	1.0	0.0	0.0
-rah	0.0255082322022	0.949370023962	0.0057973255005	0.019324418335
-rai	0.336274965165	0.624709707385	0.00836042731073	0.0306549001393
-poz	0.129979035639	0.844863731656	0.0	0.0251572327044
-azu	0.242634667991	0.113216641625	0.0256903876517	0.618458302732
-4th	0.0	0.01171875	0.98828125	0.0
-ozo	0.0826686004351	0.886149383611	0.0108774474257	0.0203045685279
-azo	0.189483759249	0.222683108569	0.0431967256126	0.54463640657
-pon	0.195222549208	0.404789215356	0.172454658854	0.227533576583
-azi	0.0187396505974	0.887010550162	0.0459002283778	0.0483495708625
-ozu	0.0527295285359	0.717741935484	0.0682382133995	0.161290322581
-aza	0.0820188369992	0.637050877101	0.0137144058604	0.26721588004
-noz	0.43301759134	0.377537212449	0.189445196211	0.0
-ika	0.705774597439	0.174630948875	0.0921060549378	0.0274883987487
-aaz	0.332193447071	0.359107216454	0.0693927707651	0.239306565709
-aau	0.662790697674	0.197674418605	0.0	0.139534883721
-nor	0.0	1.0	0.0	0.0
-lah	0.0	1.0	0.0	0.0
-oun	0.170802460756	0.434826410969	0.217316747287	0.177054380988
-oum	0.0	0.837209302326	0.0	0.162790697674
-aam	0.10120863647	0.587244778221	0.224419150434	0.0871274348745
-our	0.0373134328358	0.89552238806	0.0335820895522	0.0335820895522
-ppi	0.00676437429539	0.972942502818	0.0	0.0202931228861
-aan	0.483209394136	0.1752100137	0.0549908683051	0.28658972386
-nom	0.137565467087	0.212422942287	0.0031385461555	0.64687304447
-non	0.290867944622	0.436235356763	0.224973375932	0.0479233226837
-las	0.00558763270628	0.97317936301	0.00223505308251	0.0189979512013
-ouz	0.348376571166	0.366462011067	0.100733573027	0.184427844741
-ppa	0.00683079550306	0.973388359186	0.00939234381671	0.0103885014942
-aaa	0.0	0.560975609756	0.439024390244	0.0
-aac	0.0	0.977401129943	0.00112994350282	0.0214689265537
-nix	0.0725806451613	0.733870967742	0.0483870967742	0.145161290323
-gel	0.0282118999534	0.878235202734	0.014913779711	0.0786391176014
-ypt	0.0	0.970690273956	0.0192606771145	0.0100490489293
-rew	0.00181186773366	0.975539785596	0.0172127434697	0.00543560320097
-don	0.174248590947	0.313185850738	0.0352392041298	0.477326354185
-doo	0.235023041475	0.764976958525	0.0	0.0
-dom	0.00502413378551	0.984927598643	0.0050241337855	0.00502413378551
-dok	0.0	1.0	0.0	0.0
-sar	0.085967617579	0.861603700848	0.0215882806477	0.0308404009252
-dda	0.0	1.0	0.0	0.0
-sau	0.0859813084111	0.871028037383	0.0	0.0429906542056
-ton	0.14400921659	0.780662885502	0.0540588443814	0.0212690535271
-ddi	0.0	1.0	0.0	0.0
-ges	0.0170731707317	0.924390243902	0.0292682926829	0.0292682926829
-oll	0.218032224889	0.699691463833	0.0730202262599	0.00925608501887
-old	0.00136310970761	0.774700683827	0.222573096758	0.00136310970761
-san	0.077003793688	0.342239083058	0.0498829606909	0.530874162564
-sam	0.0	1.0	0.0	0.0
-lon	0.0300533204072	0.672321861367	0.00920988851186	0.288414929714
-cle	0.00410818212941	0.979459089353	0.0	0.0164327285176
-iel	0.0	0.991810737034	0.00545950864423	0.00272975432211
-loi	0.0	0.973214285714	0.0	0.0267857142857
-loe	0.0	1.0	0.0	0.0
-der	0.0	1.0	0.0	0.0
-roz	0.119484906059	0.744669622124	0.0617479417353	0.0740975300823
-rod	0.0385663668575	0.908490051785	0.045584627964	0.00735895339329
-low	0.0	0.204840103716	0.795159896284	0.0
-ron	0.197818792378	0.652263916175	0.0967934464298	0.0531238450173
-roo	0.0290014187384	0.126636813002	0.015315355963	0.829046412296
-och	0.0106038291605	0.941089837997	0.00706921944035	0.0412371134021
-ock	0.0	0.758277300196	0.030640905609	0.211081794195
-ipi	0.11320754717	0.735849056604	0.0754716981132	0.0754716981132
-win	0.271247739602	0.617669852751	0.103332472229	0.0077499354172
-ipa	0.297395175912	0.632432928648	0.0100245564914	0.0601473389484
-aiz	0.367949666861	0.460588839167	0.0745848534255	0.096876640547
-awa	0.0995094740408	0.582758802229	0.0213303256287	0.296401398102
-awu	0.114481208483	0.598139861981	0.0124123656767	0.274966563859
-kiz	0.245989304813	0.590527119939	0.140565317036	0.0229182582124
-276	0.0	0.610778443114	0.0	0.389221556886
-ech	0.00721996836966	0.985560063261	0.00721996836966	0.0
-cum	0.0975609756098	0.90243902439	0.0	0.0
-ain	0.262003662266	0.489612201571	0.0401489686304	0.208235167532
-oli	0.0805369127517	0.919463087248	0.0	0.0
-hꞌo	0.061797752809	0.831460674157	0.0112359550562	0.0955056179775
-hys	0.0	1.0	0.0	0.0
-sse	0.00982800982799	0.990171990172	0.0	0.0
-isa	0.142005958292	0.813306852036	0.00893743793444	0.0357497517378
-200	0.00439367311072	0.132396016403	0.0175746924429	0.845635618043
-cus	0.00427872860636	0.995721271394	0.0	0.0
-ois	0.063829787234	0.914893617021	0.0212765957447	0.0
-ion	0.0505836575875	0.910505836576	0.0350194552529	0.00389105058365
-len	0.132463622679	0.836427496237	0.0311088810838	0.0
-mum	0.0	1.0	0.0	0.0
-lea	0.0	1.0	0.0	0.0
-mun	0.071297191725	0.828204107173	0.0104291104917	0.09006959061
-oiz	0.140748031496	0.724409448819	0.00590551181101	0.128937007874
-leg	0.0	1.0	0.0	0.0
-ley	0.144	0.76	0.096	0.0
-oic	0.153409090909	0.573863636364	0.272727272727	0.0
-mus	0.0	1.0	0.0	0.0
-ios	0.0	0.95	0.05	0.0
-oin	0.692737430168	0.265363128492	0.0418994413408	0.0
-ryl	0.0	0.933333333333	0.0666666666666	0.0
-les	0.0	0.97385620915	0.00653594771241	0.0196078431373
-oii	0.109606691271	0.462383437793	0.26622043633	0.161789434605
-iot	0.0183665972817	0.955920166524	0.0146932778254	0.011019958369
-eel	0.0	1.0	0.0	0.0
-een	0.0	0.975855130785	0.0	0.0241448692152
-eek	0.0843672456575	0.0434243176179	0.872208436725	0.0
-aly	0.0	0.950320512821	0.0496794871794	0.0
-nds	0.331983805668	0.643724696356	0.0242914979757	0.0
-rrh	0.0062630480167	0.98121085595	0.0125260960334	0.0
-iba	0.0844865806525	0.297855586956	0.492929518498	0.124728313894
-alm	0.0405405405406	0.716216216216	0.243243243243	0.0
-eez	0.0795454545454	0.818181818182	0.0	0.102272727273
-fty	0.111111111111	0.494949494949	0.171717171717	0.222222222222
-eet	0.0620689655172	0.514942528736	0.177011494253	0.245977011494
-ald	0.0196078431373	0.696078431373	0.28431372549	0.0
-gia	0.0	0.965277777778	0.0347222222222	0.0
-ala	0.0	1.0	0.0	0.0
-120	0.0	0.0229885057471	0.0	0.977011494253
-yon	0.0	1.0	0.0	0.0
-chi	0.0500503083927	0.825858062653	0.0730847843056	0.0510068446486
-cho	0.0235294117647	0.976470588235	0.0	0.0
-cha	0.234682674347	0.665221792879	0.0427758687066	0.0573196640668
-che	0.0	1.0	0.0	0.0
-pet	0.013716525147	0.986283474853	0.0	0.0
-153	0.0857580398162	0.0	0.0401990811639	0.87404287902
-eli	0.121459646631	0.844446417473	0.00852348397407	0.0255704519222
-tle	0.0435032947348	0.872688887467	0.0307082080481	0.0530996097499
-per	0.0408163265306	0.918367346939	0.0408163265306	0.0
-iꞌo	0.220606866155	0.180264070811	0.0712423028981	0.527886760135
-iꞌi	0.255844247768	0.256151061314	0.0407609753743	0.447243715543
-cca	0.154639175258	0.762886597938	0.041237113402	0.041237113402
-rid	0.724533715926	0.215208034433	0.0344332855093	0.025824964132
-tes	0.0	0.954022988506	0.0459770114943	0.0
-iti	0.13132156909	0.0288771880289	0.00700959708373	0.832791645797
-esa	0.0	1.0	0.0	0.0
-ite	0.0225960331408	0.507908611599	0.366557870952	0.102937484308
-ita	0.391226231267	0.340365232456	0.0454524259293	0.222956110348
-apu	0.103556363439	0.626142274479	0.0384547547739	0.231846607309
-udu	0.574904580153	0.349952290076	0.0572519083969	0.017891221374
-ute	0.0	1.0	0.0	0.0
-uda	0.378994987983	0.289554585679	0.157810463224	0.173639963113
-ude	0.1	0.9	0.0	0.0
-hum	0.0276002562881	0.972399743712	0.0	0.0
-hua	0.128491620112	0.807262569832	0.0	0.0642458100558
-aba	0.184141049507	0.544722302854	0.0787647978039	0.192371849836
-lot	0.0121883161819	0.963435051454	0.0243766323638	0.0
-hus	0.0153203342618	0.973073351903	0.0116063138347	0.0
-ory	0.027397260274	0.72602739726	0.246575342466	0.0
-koo	0.0372884596998	0.899607993116	0.0286834305383	0.0344201166459
-kon	0.59577951733	0.107421230057	0.0310442868509	0.265754965762
-koi	0.0814479638009	0.868778280543	0.0	0.0497737556561
-ael	0.0199155099578	0.947193723597	0.007242003621	0.0256487628244
-sos	0.529411764706	0.382352941176	0.0	0.0882352941176
-aen	0.0	1.0	0.0	0.0
-soo	0.161196397954	0.0670251273142	0.0651427824015	0.706635692331
-ori	0.10634456699	0.745962181278	0.0104219484231	0.137271303309
-soi	0.139383879451	0.793505363776	0.0232306465751	0.0438801101975
-oro	0.0317597438894	0.909700696174	0.0427867269679	0.0157528329692
-ora	0.0781977621683	0.691298792444	0.0849905142926	0.145512931095
-ore	0.0829268292682	0.780487804878	0.136585365854	0.0
-ruz	0.320000280317	0.466348781817	0.0833654186244	0.130285519242
-lix	0.0357142857143	0.94387755102	0.0	0.0204081632653
-rus	0.0197789412449	0.949472284551	0.00531870688939	0.0254300673149
-lip	0.0363429869392	0.950028392959	0.0	0.0136286201022
-lis	0.013187972569	0.886583435906	0.0	0.100228591525
-lim	0.0	1.0	0.0	0.0
-lin	0.152598295298	0.709925762992	0.0472917239483	0.0901842177619
-rui	0.0493912791505	0.852699641762	0.0658285698003	0.0320805092875
-run	0.140460974303	0.544042068031	0.0430793459649	0.272417611701
-jew	0.009705248023	0.817397555715	0.127965492451	0.0449317038103
-ich	0.0	0.239130434783	0.652173913043	0.108695652174
-ice	0.029949047724	0.905874421439	0.00427843538915	0.059898095448
-rug	0.0	1.0	0.0	0.0
-ome	0.120116630396	0.648904477171	0.185974772338	0.0450041200955
-izu	0.351618313826	0.166737047179	0.0380752843117	0.443569354683
-eas	0.0	1.0	0.0	0.0
-ear	0.0	0.837837837838	0.162162162162	0.0
-eat	0.0724112961622	0.914554670529	0.0	0.0130340333092
-oda	0.344529015816	0.415115912537	0.045781918409	0.194573153238
-eae	0.0185185185185	0.981481481481	0.0	0.0
-ead	0.0116647723874	0.951965065502	0.0145959203206	0.0217742417898
-rna	0.0	1.0	0.0	0.0
-odi	0.201669899479	0.192649280922	0.239346453908	0.36633436569
-izo	0.16782396784	0.732768106959	0.0521945751056	0.0472133500956
-izi	0.225030704275	0.206163732608	0.0429871027842	0.525818460332
-rni	0.0	1.0	0.0	0.0
-ean	0.0861244019139	0.368421052632	0.545454545455	0.0
-zer	0.0	1.0	0.0	0.0
-gue	0.00253653822925	0.98695494625	0.00108708781254	0.00942142770865
-rga	0.0	1.0	0.0	0.0
-urs	0.0451127819549	0.954887218045	0.0	0.0
-uru	0.133527024571	0.0533755310196	0.0231762174164	0.789921226993
-pai	0.0511905004228	0.0895090019259	0.0348128048372	0.824487692814
-wau	0.240506145879	0.618891121233	0.0340675110751	0.106535221813
-dus	0.061099796334	0.828920570265	0.0	0.109979633401
-was	0.424896986866	0.0840200875611	0.0486093226887	0.442473602884
-pam	0.102578236753	0.0346910595349	0.0294250473512	0.833305656361
-pan	0.440185096235	0.213922433371	0.0596370357677	0.286255434627
-ape	0.0464270905044	0.881070329804	0.00381592524694	0.0686866544448
-paa	0.418139422628	0.541395471957	0.0161860421662	0.0242790632493
-duz	0.221419129865	0.258055122371	0.075525910913	0.444999836851
-api	0.086	0.842	0.0720000000001	0.0
-apo	0.0517608020003	0.574054167738	0.0685275629192	0.305657467343
-/10	0.0971854702911	0.902814529709	0.0	0.0
-paz	0.262295081967	0.497950819672	0.129098360656	0.110655737705
-waa	0.305291157891	0.178601723879	0.0392096025685	0.476897515662
-waz	0.204450625869	0.695410292072	0.0	0.100139082058
-wan	0.390056954644	0.0853984709541	0.0268556982564	0.497688876145
-wam	0.0778607943375	0.904050334251	0.0165159260716	0.00157294534015
-pas	0.0259365994236	0.939481268012	0.0172910662824	0.0172910662824
-pau	0.0583409298086	0.918687329079	0.00656335460344	0.0164083865086
-dun	0.0804150453956	0.763078253351	0.0752269779507	0.081279723303
-nun	0.126513861384	0.582908176735	0.210018677088	0.0805592847936
-ꞌuz	0.102377166789	0.808516780635	0.0260682600621	0.0630377925139
-lus	0.0871248789932	0.832526621491	0.0396902226525	0.0406582768635
-nui	0.205836199094	0.686076117379	0.043935494335	0.064152189192
-sus	0.0124012699554	0.644492160845	0.00271724695893	0.340389322241
-ꞌuu	0.324687322657	0.554153005265	0.0261196968858	0.0950399751924
-sop	0.0	0.924596050269	0.0754039497307	0.0
-1/3	0.03	0.258	0.712	0.0
-ꞌui	0.109342589849	0.703974939677	0.144012191508	0.0426702789654
-ket	0.182541436464	0.34408839779	0.35270718232	0.120662983425
-nuz	0.404475313654	0.349425175037	0.086850630489	0.159248880821
-ꞌum	0.11597463899	0.0614524299687	0.23357813527	0.588994795771
-ꞌun	0.336661249129	0.536800557232	0.0708149524031	0.0557232412352
-1/4	0.157480314961	0.708661417323	0.133858267717	0.0
-oru	0.13502545112	0.675266724232	0.0257674013793	0.163940423268
-nus	0.0	1.0	0.0	0.0
-key	0.0	1.0	0.0	0.0
-dia	0.0478284771852	0.952171522815	0.0	0.0
-din	0.382676553772	0.387323682942	0.16609395296	0.0639058103254
-dii	0.195036298273	0.086276258131	0.00983929486982	0.708848148726
-son	0.0415140528361	0.955425943269	0.00306000389455	0.0
-dis	0.0	0.979797979798	0.020202020202	0.0
-ane	0.0	1.0	0.0	0.0
-sli	0.0276002562881	0.972399743712	0.0	0.0
-diz	0.349418816573	0.354238386457	0.175347292536	0.120995504435
-uku	0.0621704135443	0.823480432973	0.0	0.114349153483
-veh	0.0394201932689	0.960579806731	0.0	0.0
-uka	0.451661766016	0.435623273635	0.0485609908224	0.0641539695268
-ver	0.00870195794054	0.950598259608	0.0264684554025	0.0142313270486
-uke	0.0133333333333	0.973333333333	0.0	0.0133333333333
-nna	0.167294649586	0.832705350414	0.0	0.0
-anu	0.118059614261	0.0748100526008	0.00876680303916	0.798363530099
-daz	0.139461775132	0.157762316524	0.00840047372368	0.69437543462
-ais	0.147540983606	0.852459016394	0.0	0.0
-tis	0.0	1.0	0.0	0.0
-tiz	0.400047606737	0.163207327698	0.0963497067187	0.340395358847
-ary	0.00258402537691	0.807980183199	0.000801938910077	0.188633852515
-1/2	0.0	0.687845303868	0.0497237569061	0.262430939226
-aia	0.0300283286119	0.969971671388	0.0	0.0
-nge	0.0609271523178	0.939072847682	0.0	0.0
-any	0.0131386861314	0.954744525547	0.0	0.0321167883212
-aim	0.132352941177	0.647058823529	0.0441176470587	0.176470588235
-tim	0.303885534261	0.187450774482	0.0911000262536	0.417563665004
-tin	0.541300437154	0.216603827374	0.0551905379063	0.186905197565
-koz	0.326530612245	0.34693877551	0.0	0.326530612245
-tii	0.181867644951	0.0983086916103	0.0113176534216	0.708506010017
-ema	0.0	0.944444444444	0.0555555555556	0.0
-260	0.0	0.0718562874251	0.0359281437126	0.892215568862
-uwu	0.15672901455	0.830563227514	0.0127077579365	0.0
-das	0.0238954787691	0.904933814681	0.00103145951521	0.0701392470346
-jah	0.00700247420755	0.992297278372	0.0	0.000700247420754
-uꞌo	0.165552221245	0.223325988066	0.295801164443	0.315320626246
-zaa	0.301949246046	0.157410812799	0.116219198235	0.42442074292
-zan	0.0703918703867	0.0219603558354	0.00765223118053	0.899995542597
-cia	0.00323799244469	0.991905018888	0.00161899622234	0.00323799244469
-uꞌa	0.756198347107	0.0578512396694	0.0371900826446	0.148760330578
-zai	0.12196837526	0.719936143547	0.0343377767587	0.123757704434
-zar	0.0	1.0	0.0	0.0
-dah	0.0	1.0	0.0	0.0
-zaz	0.0322225000568	0.933764860994	0.0232718055966	0.0107408333523
-los	0.0280964645282	0.92449075158	0.0175602903301	0.0298524935612
-uꞌu	0.209876639592	0.0537524670229	0.0113015081792	0.725069385206
-000	0.0801608337695	0.147080174903	0.00526170659373	0.767497284734
-ete	0.00402036987403	0.97989815063	0.0	0.0160814794961
-rch	0.0	0.984126984127	0.015873015873	0.0
-eth	0.0168961201502	0.948060075094	0.0125156445557	0.0225281602003
-ruu	0.204739400994	0.0200162506642	0.0127449223362	0.762499426006
-atu	0.0362068965517	0.846551724138	0.0310344827586	0.0862068965517
-bul	0.195962433343	0.804037566657	0.0	0.0
-tia	0.00585651537337	0.950219619326	0.0439238653002	0.0
-nꞌs	0.0	1.0	0.0	0.0
-300	0.0	0.232323232323	0.242424242424	0.525252525253
-ble	0.0	0.969230769231	0.0307692307692	0.0
-lio	0.0	1.0	0.0	0.0
-ata	0.423861643235	0.272962062817	0.0614426706673	0.241733623281
-bus	0.0	1.0	0.0	0.0
-rtz	0.0	0.833333333333	0.166666666667	0.0
-ath	0.0	1.0	0.0	0.0
-lii	0.601409159537	0.398590840463	0.0	0.0
-kai	0.183099942452	0.194657586802	0.0844043736812	0.537838097065
-bya	0.125523012552	0.811715481172	0.0376569037657	0.0251046025104
-osa	0.0337735962849	0.918380475645	0.0478459280703	0.0
-kan	0.411977040946	0.289881350728	0.0467551977982	0.251386410528
-kam	0.220430107527	0.147849462365	0.0403225806452	0.591397849462
-niz	0.156822132633	0.70253726375	0.0712911935496	0.0693494100677
-oso	0.136363636364	0.781818181818	0.0818181818182	0.0
-osh	0.418300653595	0.503267973856	0.0	0.078431372549
-nes	0.00900630441309	0.984238967277	0.00450315220654	0.00225157610327
-kaz	0.132158590308	0.832599118943	0.0352422907489	0.0
-ace	0.0800000000001	0.92	0.0	0.0
-nia	0.0224610554281	0.960512015457	0.0141287284144	0.0028982007004
-oss	0.561255889375	0.416654962397	0.00153219525275	0.0205569529744
-nii	0.272278653857	0.0862963381064	0.0221785802826	0.619246427754
-nin	0.137221653751	0.700287588722	0.0821897138272	0.0803010436996
-oma	0.199281341085	0.476836358589	0.0650571380103	0.258825162315
-nim	0.216920560227	0.102014092396	0.00923548789344	0.671829859484
-hãĩ	0.921739130435	0.0260869565217	0.0	0.0521739130435
-lee	0.0139419087137	0.978091286307	0.000995850622407	0.00697095435686
-shu	0.283950617284	0.358024691358	0.148148148148	0.20987654321
-lia	0.0	0.99379524302	0.0	0.00620475698035
-shi	0.199910269359	0.140638600027	0.0201541272823	0.639297003331
-ate	0.0478823088456	0.878092203898	0.0432908545727	0.0307346326836
-ica	0.00477326968974	0.99522673031	0.0	0.0
-yst	0.0	0.964912280702	0.0350877192982	0.0
-sho	0.62623599209	0.202373104812	0.158206987475	0.0131839156229
-yre	0.0	1.0	0.0	0.0
-yra	0.0617283950617	0.913580246914	0.0	0.0246913580247
-vil	0.0	0.641196013289	0.358803986711	0.0
-wel	0.0873786407767	0.912621359223	0.0	0.0
-vid	0.0135793155476	0.969960908031	0.00164597764214	0.0148137987792
-ile	0.104176442984	0.524167057719	0.273111215392	0.0985452839043
-ila	0.0	1.0	0.0	0.0
-ilk	0.0192307692308	0.923076923077	0.0576923076923	0.0
-oan	0.516113879706	0.358911088538	0.100439175923	0.0245358558325
-oam	0.0	0.951060358891	0.0	0.0489396411093
-aoh	0.226804123711	0.773195876289	0.0	0.0
-ers	0.0	1.0	0.0	0.0
-oah	0.0	1.0	0.0	0.0
-amp	0.0462316397785	0.879123525162	0.0486395376836	0.0260052973754
-ebe	0.044776119403	0.955223880597	0.0	0.0
-lms	0.0234283483015	0.929714955096	0.0	0.0468566966029
-oaz	0.371980676329	0.469776671709	0.070669117368	0.0875735345945
-ama	0.0	0.971675845791	0.0283241542093	0.0
-ati	0.117946795784	0.0291353078429	0.00735878918381	0.84555910719
-oas	0.0063829787234	0.907446808511	0.0	0.086170212766
-hii	0.213416368982	0.605206588057	0.0888312837859	0.0925457591755
-iro	0.292749602187	0.357011709984	0.199926557591	0.150312130238
-iri	0.49567723343	0.400576368876	0.103746397695	0.0
-hin	0.185497782444	0.629975627691	0.124312650015	0.0602139398508
-ein	0.0	1.0	0.0	0.0
-gus	0.0284765068818	0.914570479354	0.0569530137637	0.0
-ire	0.0	0.774798927614	0.225201072386	0.0
-usa	0.147806004619	0.526558891455	0.187066974596	0.13856812933
-ira	0.0175953079179	0.976539589443	0.00586510263929	0.0
-use	0.133333333333	0.866666666667	0.0	0.0
-6th	0.0126582278481	0.0379746835443	0.949367088608	0.0
-usu	0.707142857143	0.142857142857	0.0	0.15
-uza	0.317035031547	0.393346888764	0.228955597972	0.0606624817168
-uzi	0.542904290429	0.368399339934	0.0598184818481	0.0288778877888
-eph	0.0152745682376	0.959687737435	0.00850336788483	0.0165343264427
-uzo	0.231190143686	0.595057768925	0.115785727903	0.057966359485
-uzu	0.446775184096	0.416861690902	0.0527377998358	0.0836253251658
-kaa	0.544611734295	0.337910280771	0.0721071769597	0.0453708079746
-cea	0.0	1.0	0.0	0.0
-iza	0.153725898906	0.815007816571	0.0273579989578	0.00390828556541
-pia	0.0162748643761	0.915009041591	0.0470162748643	0.0216998191681
-hoi	0.0392472577237	0.844017309047	0.116735433229	0.0
-wii	0.693147471467	0.235485180674	0.01046600803	0.0609013398295
-pii	0.596153846154	0.25	0.0	0.153846153846
-ius	0.0305751958724	0.937320848462	0.0126122682973	0.0194916873686
-pin	0.208165222374	0.334619747629	0.388824568174	0.0683904618227
-ium	0.0134730538922	0.951596806387	0.0289421157685	0.00598802395209
-iud	0.0	1.0	0.0	0.0
-ost	0.0	0.984962406015	0.0150375939849	0.0
-uel	0.0561224489796	0.928571428571	0.00510204081633	0.0102040816327
-100	0.0	0.0149418926397	0.0563779745434	0.928680132817
-iin	0.152389465679	0.130169078176	0.174659073047	0.542782383099
-nid	0.155172413793	0.844827586207	0.0	0.0
-owa	0.0849420849421	0.494208494209	0.247104247104	0.173745173745
-aꞌi	0.357565778467	0.0945920863322	0.0241858368275	0.523656298373
-iiz	0.118691934851	0.669674310127	0.0133083525387	0.198325402484
-min	0.0	1.0	0.0	0.0
-age	0.0648648648648	0.902702702703	0.0	0.0324324324324
-one	0.0	0.72	0.0	0.28
-ant	0.0511627906977	0.935400516796	0.00930232558138	0.00413436692506
-day	0.0401408450704	0.845774647887	0.00422535211268	0.10985915493
-ega	0.00819992190552	0.950800468567	0.0409996095275	0.0
-ono	0.0553036565645	0.0924065936808	0.00134021174541	0.850949538009
-thy	0.00955156621195	0.979304939874	0.00477578310597	0.00636771080796
-oni	0.0	0.782608695652	0.0	0.217391304348
-450	0.0	0.111111111111	0.0	0.888888888889
-ana	0.0	1.0	0.0	0.0
-dan	0.368993079436	0.296478826243	0.0377750469058	0.296753047415
-dao	0.40153883145	0.59846116855	0.0	0.0
-and	0.050505050505	0.525252525253	0.020202020202	0.40404040404
-dai	0.0934792704238	0.871501305007	0.0172272975705	0.017792126999
-tha	0.00680184804928	0.98318788501	0.0	0.0100102669405
-ani	0.136301284172	0.347306510173	0.0206260899223	0.495766115732
-daa	0.0091642228739	0.956928152493	0.0326138519924	0.00129377264102
-dab	0.0	1.0	0.0	0.0
-ony	0.0	0.983606557377	0.016393442623	0.0
-tal	0.0	0.863636363636	0.136363636364	0.0
-tam	0.0370524562864	0.0208992506245	0.0169858451291	0.92506244796
-tan	0.48388065747	0.239074783948	0.0583789506327	0.218665607949
-taa	0.542521358255	0.287552221114	0.0496552322303	0.120271188401
-tax	0.0319357543766	0.952376506631	0.00980483687001	0.005882902122
-taz	0.320227325446	0.577197865924	0.0474599860821	0.055114822547
-aal	0.0	0.825834542816	0.0	0.174165457184
-tar	0.0133754412038	0.979379528144	0.00445848040128	0.00278655025079
-tas	0.0	1.0	0.0	0.0
-mia	0.078947368421	0.921052631579	0.0	0.0
-oer	0.0	1.0	0.0	0.0
-ꞌiz	0.00456020488349	0.990309564623	0.00171007683131	0.00342015366262
-tus	0.0282550697392	0.94506573036	0.0123719605756	0.0143072393249
-ent	0.0494777350193	0.950522264981	0.0	0.0
-roi	0.264856443356	0.517805475184	0.189294458046	0.0280436234142
-ens	0.0057803468208	0.994219653179	0.0	0.0
-mis	0.00873362445416	0.974890829694	0.0163755458515	0.0
-ene	0.0211524434719	0.970094821298	0.0	0.00875273522976
-miz	0.5045553078	0.362277602165	0.0	0.133167090035
-ena	0.0	1.0	0.0	0.0
-oel	0.225641025641	0.712820512821	0.0	0.0615384615385
