-ylo	0.676615081785	0.260547571692	0.0250187361753	0.037818610348
-eus	0.0	1.0	0.0	0.0
-hel	0.00820928388972	0.977239496168	0.00863207962653	0.00591914031533
-hem	0.0311804008908	0.968819599109	0.0	0.0
-rbe	0.51346015645	0.467210744996	0.00594741493958	0.0133816836141
-lem	0.00514871511975	0.990438100492	0.000551648048544	0.00386153633981
-aus	0.0384615384615	0.923076923077	0.0384615384615	0.0
-oya	0.142857142857	0.375	0.0892857142857	0.392857142857
-oyi	0.169491525424	0.615496368039	0.136561743341	0.0784503631961
-aen	0.0	0.931818181818	0.0681818181818	0.0
-plo	0.00912634280826	0.98450423044	0.00228158570206	0.00408784104953
-ang	0.226631018248	0.255661372043	0.0471100397441	0.470597569965
-nso	0.0223546944858	0.955290611028	0.0223546944858	0.0
-bta	0.927710843373	0.0722891566265	0.0	0.0
-nse	0.0184924269109	0.28701420688	0.0678055653399	0.626687800869
-ufo	0.0	1.0	0.0	0.0
-aum	0.00356435643564	0.992871287129	0.0	0.00356435643565
-nti	0.0718294051628	0.892255892256	0.0359147025813	0.0
-nto	0.0235382199426	0.88604989348	0.0694677860022	0.0209441005754
-nak	0.0380349360572	0.941800941882	0.00608218421251	0.0140819378484
-nta	0.456086203267	0.128931436847	0.0290829080532	0.385899451832
-nte	0.0565401934812	0.523612087267	0.279548168513	0.140299550739
-uan	0.018621131223	0.942552739997	0.0138695322213	0.0249565965587
-pak	0.249532414847	0.257066462949	0.105371302126	0.388029820078
-uaw	0.593997422206	0.30951942552	0.0290922482048	0.0673909040693
-dlo	0.021875	0.978125	0.0	0.0
-puo	0.604921700224	0.259656972409	0.0882923191648	0.0471290082028
--15	0.0	0.9296875	0.0234375	0.046875
-lta	0.204586330935	0.795413669065	0.0	0.0
-i-o	0.487179487179	0.410256410256	0.102564102564	0.0
-pra	0.753623188406	0.246376811594	0.0	0.0
-cas	0.0506064674429	0.93029675239	0.00381935603343	0.0152774241337
-pre	0.0753000235312	0.916071848772	0.00862812769629	0.0
-nal	0.105892355654	0.627444412954	0.259706799268	0.00695643212327
-car	0.0	0.980487804878	0.0	0.019512195122
-y-i	0.706146926537	0.131934032983	0.0494752623688	0.112443778111
-kid	0.0477457108658	0.935496741588	0.00159595690916	0.015161590637
-dhi	0.387683965918	0.464626904209	0.0184611412342	0.129227988639
-opo	0.0	0.868852459016	0.131147540984	0.0
-opi	0.0740740740741	0.833333333333	0.0	0.0925925925926
-sma	0.575757575758	0.25	0.106060606061	0.0681818181818
-gda	0.367062467734	0.28642230253	0.0379969024265	0.30851832731
-ope	0.0490196078431	0.944059976932	0.0	0.00692041522491
-dla	0.331709346429	0.150478258185	0.103744486949	0.414067908437
-dea	0.0037392770731	0.987902338881	0.00439914949776	0.00395923454799
-dec	0.0269509492723	0.968736898844	0.00431215188357	0.0
-gka	0.376629899745	0.33590500874	0.0590681694895	0.228396922026
-msi	0.00657894736841	0.986842105263	0.00657894736843	0.0
-deo	0.0014064697609	0.998593530239	0.0	0.0
-ima	0.0321074482223	0.065343949569	0.105213638021	0.797334964188
-der	0.0	0.986435568952	0.0	0.0135644310475
-des	0.0171827866662	0.925668537681	0.0408568482951	0.0162918273575
-oki	0.48362720403	0.435768261965	0.0604534005038	0.0201511335013
-.00	0.0697674418604	0.734219269103	0.0963455149502	0.0996677740863
-kil	0.272479564033	0.568119891008	0.143051771117	0.016348773842
-oka	0.567421521997	0.310067013026	0.0727699679184	0.0497414970582
-imo	0.160530899016	0.0801978536076	0.0442350961376	0.715036151239
-ido	0.352941176471	0.164813815434	0.360496492175	0.12174851592
-bit	0.471356840884	0.36320565995	0.0929210621074	0.0725164370591
-bis	0.244158878505	0.375	0.182242990654	0.198598130841
-rpo	0.0	1.0	0.0	0.0
-idi	0.351837645349	0.122046380311	0.0532677949074	0.472848179432
-rpa	0.047138047138	0.946127946128	0.006734006734	0.0
-ida	0.0792693987	0.0627797666681	0.00788162124978	0.850069213382
-big	0.190520417324	0.76982136776	0.0103402371444	0.0293179777716
-bid	0.368932038835	0.572815533981	0.0194174757282	0.0388349514563
-kip	0.416378885052	0.305377405032	0.0651208682783	0.213122841638
-aho	0.395524946925	0.404797513697	0.141204193447	0.0584733459302
-gso	0.425531914894	0.340425531915	0.106382978723	0.127659574468
-bia	0.166666666667	0.821428571429	0.0	0.0119047619048
-kpa	0.581005586592	0.347765363128	0.0460893854749	0.0251396648045
-rig	0.50623244382	0.306179775281	0.107970505618	0.0796172752809
-100	0.0141554070112	0.0421507922447	0.113243256089	0.830450544655
-uta	0.0827646800913	0.0967958931696	0.781639729106	0.0387996976335
-ria	0.0484974579127	0.851797043267	0.0221242179602	0.0775812808603
-rio	0.12231620039	0.830839297332	0.0312296681848	0.0156148340924
-ril	0.142785192647	0.81755225384	0.0	0.039662553513
-rim	0.0	1.0	0.0	0.0
-aad	0.344162211748	0.558789105748	0.0442223136052	0.0528263688989
-rik	0.602658788774	0.317577548006	0.0177252584933	0.0620384047267
-rii	0.410311493018	0.514500537057	0.0193340494092	0.0558539205156
-tea	0.0237623762376	0.976237623762	0.0	0.0
-rit	0.528176093365	0.273313001567	0.114677614482	0.0838332905866
-ris	0.463651050081	0.354873451804	0.140549273021	0.0409262250942
-tel	0.0	0.970491803279	0.0196721311475	0.00983606557376
-gro	0.0343466118833	0.83266459089	0.130966520078	0.00202227714827
-teo	0.00664038182195	0.986511724424	0.000622535795809	0.00622535795809
-gyo	0.745306404421	0.140198309493	0.0305794863459	0.0839157997399
-are	0.0	1.0	0.0	0.0
-pas	0.363045847976	0.484202134583	0.101502505532	0.0512495119094
-ara	0.402076853506	0.127440969245	0.0277389843739	0.442743192875
-mes	0.0	1.0	0.0	0.0
-pat	0.134435473536	0.044213763937	0.145200563886	0.676150198642
-aro	0.522332381105	0.356439126146	0.0421671145651	0.0790613781833
-ari	0.575711382114	0.307975222609	0.0774535423925	0.0388598528842
-gya	0.676277303192	0.21920213009	0.0391038483878	0.0654167183309
-mea	0.0	1.0	0.0	0.0
-mec	0.0	1.0	0.0	0.0
-ydi	0.503638673906	0.30922952524	0.0277232297563	0.159408571098
-meo	0.0	1.0	0.0	0.0
-men	0.0	0.0661741085769	0.00578220366206	0.928043687761
-mei	0.0	1.0	0.0	0.0
-aye	0.00937374080122	0.751065679808	0.0174326129833	0.222127966407
-nwa	0.034831614506	0.962001875084	0.00316651040964	0.0
-aya	0.397578453434	0.44724929541	0.0470725845587	0.108099666597
-ayo	0.106775588659	0.686881307064	0.0540124939933	0.152330610284
-ayi	0.325258592065	0.280317866235	0.289246665555	0.105176876145
-rag	0.454462280933	0.379463778877	0.119601544995	0.0464723951953
-law	0.0371351568797	0.885979018655	0.0312672416261	0.0456185828396
-gom	0.489051448503	0.381963956981	0.0864741788586	0.0425104156574
-mor	0.0338983050847	0.966101694915	0.0	0.0
-ndi	0.0368616787298	0.0154497390093	0.00235279997736	0.945335782284
-gin	0.385059899072	0.273513223318	0.0384029470504	0.303023930559
-xad	0.0	1.0	0.0	0.0
-ubo	0.473622336079	0.399843617256	0.0789566191002	0.0475774275648
-uba	0.429402666274	0.357000810194	0.16203874199	0.0515577815423
-ota	0.421380259771	0.515173280661	0.0353145388161	0.0281319207518
-ote	0.0330123796424	0.9477303989	0.019257221458	0.0
-oti	0.73320572981	0.109965423561	0.0552605581625	0.101568288466
-oam	0.0	1.0	0.0	0.0
-oto	0.299086757991	0.452054794521	0.111872146119	0.13698630137
-aet	0.237689254741	0.479347346759	0.215052182861	0.0679112156402
-nhi	0.638106289865	0.0891917081436	0.019340430076	0.253361571915
-nhe	0.12187910461	0.23692190228	0.0147219288818	0.626477064228
-kbo	0.722028841372	0.236200895077	0.0358030830433	0.00596718050722
-umo	0.0629328515508	0.444866004215	0.452454080096	0.0397470641373
-ako	0.147166244322	0.0305935818653	0.0667858435969	0.755454330216
-kib	0.3	0.425	0.1671875	0.1078125
ALL	0.200895881687	0.262539719081	0.0478776960859	0.488686703146
-nai	0.0	1.0	0.0	0.0
-nan	0.107846988301	0.304280660671	0.0358763001497	0.551996050878
-aki	0.130468052544	0.66120392807	0.15782425711	0.0505037622752
-gdo	0.450058420438	0.297944232166	0.0503994694792	0.201597877917
-sir	0.145748987854	0.663967611336	0.0	0.19028340081
-ake	0.0384583471289	0.846269994138	0.0549995717004	0.0602720870326
-naa	0.520095187731	0.204918032787	0.117398202009	0.157588577472
-nag	0.512651889937	0.414112125786	0.0408029055256	0.0324330787511
-kim	0.0	1.0	0.0	0.0
-nae	0.408376963351	0.591623036649	0.0	0.0
-sik	0.63	0.31	0.06	0.0
-mog	0.452063533607	0.422897616672	0.0920615706738	0.0329772790473
-nay	0.189659482211	0.275180256613	0.0908497575672	0.444310503609
-sio	0.0615384615385	0.938461538462	0.0	0.0
-sin	0.0470581994963	0.927636919642	0.0253048808612	0.0
-kit	0.0930770952029	0.32219391707	0.510439437492	0.074289550235
-nas	0.145890111016	0.835818475116	0.00762908216626	0.0106623317022
-nap	0.0189061708182	0.898062604764	0.025727985031	0.0573032393872
-sig	0.504829550328	0.374011357593	0.0821795597646	0.0389795323143
-naw	0.148376758265	0.741765089916	0.072585910143	0.0372722416761
-nat	0.460308395203	0.426613363792	0.0548258138207	0.0582524271845
-sid	0.0726770929162	0.86844526219	0.0165593376265	0.0423183072677
-goi	0.202216066482	0.786703601108	0.0	0.01108033241
-gok	0.954545454545	0.0	0.0	0.0454545454545
-mot	0.185914352505	0.729632501789	0.0548407217307	0.0296124239752
-mos	0.408348269966	0.513884873665	0.0607101852693	0.0170566710995
-gol	0.32936802974	0.105576208178	0.540520446097	0.0245353159852
-gon	0.313220428056	0.196272020631	0.234658408841	0.255849142472
-goa	0.568783068783	0.232804232804	0.0396825396826	0.15873015873
-gob	0.499701848539	0.267740011926	0.08228980322	0.150268336315
-god	0.125703866862	0.133693422815	0.0123904763671	0.728212233955
-gog	0.11924491863	0.836671932154	0.0214354313064	0.0226477179098
-goy	0.532911756252	0.276516240299	0.120724346076	0.0698476573728
-mod	0.517985611511	0.374100719424	0.107913669065	0.0
-dya	0.0549702244617	0.933119560238	0.00458085203848	0.00732936326157
-moa	0.367533632287	0.435156950673	0.0182959641256	0.179013452915
-yna	0.0636386323933	0.872722735213	0.0466683304218	0.0169703019715
-moo	0.860436998014	0.10899041368	0.00647724328526	0.0240953450212
-mon	0.0289367718466	0.202224742116	0.0110980066676	0.757740479369
-gos	0.106672834824	0.770105754414	0.049526673311	0.0736947374508
-mol	0.0851926977687	0.752535496958	0.146044624746	0.0162271805274
-mok	0.295110906439	0.570419832681	0.088111136695	0.0463581241845
-got	0.458380878655	0.323175532457	0.149093245481	0.0693503434074
-yat	0.44	0.3	0.0	0.26
-yaw	0.412240059068	0.268658943322	0.0639979097887	0.255103087822
-yap	0.425236839535	0.297880652407	0.194159585897	0.0827229221604
-yas	0.166349743432	0.790306343591	0.0223710518589	0.0209728611177
-ber	0.0	1.0	0.0	0.0
-met	0.0380952380953	0.933333333333	0.0	0.0285714285714
-mfa	0.0	1.0	0.0	0.0
-bet	0.0	0.923798004233	0.0108859993952	0.0653159963713
-cob	0.0213675213675	0.970655270655	0.0005698005698	0.0074074074074
-yad	0.545561091557	0.295458021913	0.0912536030307	0.0677272834994
-yag	0.562021037787	0.178439980687	0.0556959693048	0.203843012221
-ben	0.0	1.0	0.0	0.0
-bel	0.072243191688	0.890417630586	0.0129875400787	0.0243516376476
-yab	0.827586206897	0.1	0.0	0.0724137931034
-yam	0.0157480314961	0.797900262467	0.0892388451443	0.0971128608924
-yal	0.0318889970789	0.91187925998	0.0372444011685	0.0189873417721
-yan	0.212094031928	0.410075149257	0.0669035258902	0.310927292924
-yai	0.556161167899	0.331853178219	0.0246573916803	0.0873282622009
-bed	0.0357142857143	0.964285714286	0.0	0.0
-iso	0.233522638462	0.711665711457	0.0152138800604	0.0395977700203
-lyo	0.0846704401928	0.900032745474	0.0147354633484	0.000561350984703
-reo	0.00161637931034	0.893318965517	0.105064655172	0.0
-isi	0.557509999675	0.247191810068	0.0789831543535	0.116315035903
-ise	0.0	0.843137254902	0.156862745098	0.0
-rea	0.0218093911764	0.931418661481	0.00840843997162	0.0383635073706
-lya	0.0192307692308	0.980769230769	0.0	0.0
-isa	0.625535289181	0.2544397893	0.0529839743645	0.0670409471551
-eva	0.238341968912	0.709844559586	0.0	0.0518134715026
-upa	0.0657384158868	0.899109792285	0.0150650536407	0.0200867381876
-res	0.00673986913421	0.740178044876	0.129180825072	0.123901260917
-evi	0.0721649484536	0.904925544101	0.0126002290951	0.0103092783505
-ret	0.00315656565657	0.991792929293	0.00252525252525	0.00252525252525
-dia	0.156633906634	0.784398034398	0.036855036855	0.022113022113
-may	0.115370324588	0.596051051436	0.0243616402364	0.26421698374
-haa	0.624090975361	0.201026388686	0.0925849249162	0.0822977110366
-hab	0.00731261425958	0.99268738574	0.0	0.0
-hag	0.181944993374	0.581428870341	0.193662381141	0.0429637551438
-mas	0.122961808418	0.60076879321	0.127697855247	0.148571543124
-hak	0.417280064978	0.247677547084	0.197979592873	0.137062795066
-hal	0.158758158405	0.192626565532	0.511024872111	0.137590403951
-mat	0.460907525347	0.435339271242	0.0423475498877	0.0614056535237
-han	0.0255624666947	0.0485572164729	0.00879858527633	0.917081731556
-pog	0.0	0.999196464444	0.0	0.000803535556448
-hap	0.388091196844	0.383457956787	0.189916968668	0.0385338777008
-mak	0.186648501362	0.532697547684	0.0776566757493	0.202997275204
-has	0.518661423166	0.234621948505	0.212955405506	0.0337612228241
-hat	0.61608677468	0.256037832538	0.033412957735	0.0944624350463
-pod	0.227422869315	0.118958030003	0.0330407849156	0.620578315767
-man	0.385313012318	0.198028084343	0.0407450463674	0.375913856972
-maa	0.572745381401	0.399835956724	0.0121860719447	0.0152325899309
-hay	0.335967473213	0.476178102502	0.0914051633217	0.0964492609633
-mad	0.481322965918	0.321711071773	0.168731933583	0.028234028727
-mag	0.710059171598	0.267399267399	0.0112707805015	0.0112707805016
-mti	0.72571844307	0.21062204438	0.0440719702269	0.0195875423231
-uno	0.285592526052	0.423605804955	0.260204275994	0.0305973929983
-uni	0.110905730129	0.889094269871	0.0	0.0
-ung	0.725190839695	0.0687022900764	0.18320610687	0.0229007633588
-una	0.217626297073	0.626940006542	0.0436443239793	0.111789372405
-pte	0.0	1.0	0.0	0.0
-pta	0.0785854616896	0.92141453831	0.0	0.0
-pto	0.0158880720892	0.949964429689	0.0149395304719	0.0192079677496
-sia	0.0600843288827	0.936753338018	0.00105411103303	0.00210822206606
-pti	0.504078644635	0.307676218364	0.00627483790002	0.181970299101
-nla	0.154662623199	0.615617892343	0.109173616376	0.120545868082
-gad	0.129822813773	0.123117147271	0.0531992434981	0.693860795459
-tra	0.153495043443	0.17855644146	0.0197092795278	0.648239235569
-gab	0.118421052632	0.763157894737	0.118421052632	0.0
-ada	0.351402121322	0.166940866878	0.0293679675945	0.452289044206
-gan	0.057622599765	0.0589620048438	0.01047828141	0.872937113981
-tro	0.0194741966894	0.738266796495	0.0467380720545	0.195520934761
-gal	0.789864029666	0.121137206428	0.0148331273177	0.0741656365884
-gak	0.692111959288	0.307888040712	0.0	0.0
-lot	0.107368761572	0.577414670071	0.274986406404	0.0402301619531
-nlo	0.883555555556	0.079111111111	0.0373333333333	0.0
-adi	0.212540736744	0.696897874004	0.0298794226284	0.0606819666236
-gaw	0.374318154327	0.20682228602	0.356130831342	0.0627287283117
-nop	0.069194430442	0.930805569558	0.0	0.0
-gau	0.0	1.0	0.0	0.0
-gat	0.123396184313	0.806370634832	0.0512105321879	0.0190226486667
-gas	0.446559525031	0.252041944367	0.265254025965	0.036144504637
-gar	0.419923371647	0.493486590038	0.0314176245211	0.0551724137931
-aat	0.0	1.0	0.0	0.0
-yaa	0.775230233685	0.163080357798	0.0370136451096	0.0246757634064
-sno	0.0438247011952	0.948207171315	0.00398406374502	0.00398406374502
-gay	0.333675637977	0.188260232071	0.167903173548	0.310160956403
-seo	0.0	1.0	0.0	0.0
-ini	0.0719160187862	0.037241280085	0.0123808060294	0.878461895099
-sem	0.0	1.0	0.0	0.0
-lao	0.210526315789	0.710526315789	0.0	0.0789473684211
-ino	0.0515194047142	0.923305707793	0.0121418705164	0.0130330169763
-ina	0.17825438005	0.453146769922	0.264552608147	0.10404624188
-uis	0.0	1.0	0.0	0.0
-apa	0.798762319505	0.123080449232	0.0206280082512	0.0575292230117
-lba	0.43135783946	0.360840210052	0.154538634659	0.0532633158289
-sea	0.0	1.0	0.0	0.0
-ing	0.754758052969	0.125071722551	0.0153319070293	0.104838317451
-uim	0.0	1.0	0.0	0.0
-oha	0.613020141656	0.242004205401	0.0926848162903	0.0522908366534
-uio	0.0	0.944444444444	0.0555555555555	0.0
-kin	0.0795053003533	0.533568904594	0.0106007067138	0.376325088339
-inp	0.392307692308	0.284615384615	0.184615384615	0.138461538462
-kna	0.0629413922774	0.811634412547	0.0233880583326	0.102036136843
-ses	0.0378724938252	0.950587625643	0.00394989199404	0.00758998853757
-ohi	0.756488128106	0.124792932082	0.0524572059636	0.0662617338487
-uig	0.0166747875047	0.96654214715	0.00443939147853	0.0123436738671
-lat	0.597137827247	0.253101092785	0.037602524683	0.112158555284
-blo	0.0298996945499	0.920817931213	0.000397118245266	0.0488852559923
-aop	0.638339969534	0.257699286595	0.00915694632878	0.0948037975415
-rse	0.0647149460709	0.104776579353	0.0693374422188	0.761171032358
-aot	0.155847049024	0.239874815168	0.538281616135	0.0659965196729
-ble	0.108527131783	0.046511627907	0.693798449612	0.151162790698
-aoy	0.175182481752	0.75	0.0419708029197	0.0328467153285
-ian	0.391818308498	0.547035470589	0.0260958261111	0.0350503948021
-bla	0.0774193548387	0.858064516129	0.0258064516129	0.0387096774194
-nes	0.0434782608696	0.880434782609	0.0277777777778	0.048309178744
-rso	0.0	1.0	0.0	0.0
-iat	0.740072343798	0.0998611187396	0.0874873476818	0.0725791897809
-iaw	0.351518726039	0.549985255087	0.0583898554998	0.0401061633736
-tka	0.516524520256	0.483475479744	0.0	0.0
-aog	0.549157995796	0.289677700223	0.0954992201262	0.0656650838545
-nad	0.522796352584	0.170212765957	0.306990881459	0.0
-ias	0.0181812326772	0.96268938253	0.00758521692665	0.0115441678665
-aod	0.0200955734406	0.937751509054	0.0293259557344	0.0128269617706
-ooy	0.331130899369	0.500328171605	0.121821729347	0.0467191996787
-iay	0.13675349079	0.159591826675	0.530198121225	0.17345656131
-aon	0.509251323352	0.368960426386	0.0675165583732	0.0542716918884
-aom	0.296637453049	0.664281881595	0.00822750849579	0.0308531568592
-ban	0.28911576528	0.563819930188	0.0652922902951	0.0817720142371
-bal	0.731968247855	0.183302308663	0.0371226223335	0.0476068211481
-rhe	0.0842347046922	0.182917814818	0.464151074285	0.268696406205
-hog	0.531064289573	0.345759049163	0.111831442463	0.0113452188007
-hod	0.458638091506	0.336788102428	0.128290375246	0.0762834308196
-bai	0.296296296296	0.666666666667	0.0	0.037037037037
-hok	0.0127413127413	0.976833976834	0.00810810810811	0.00231660231661
-bad	0.438982436022	0.403047075206	0.0670496963456	0.0909207924267
-las	0.0571191477097	0.513982886617	0.385299583594	0.0435983820796
-hon	0.133469650994	0.623374929826	0.0640849608911	0.179070458289
-hol	0.299337985328	0.60261227411	0.0264805868671	0.0715691536948
-hom	0.0504605858985	0.860597444677	0.0484941204487	0.0404478489754
-hor	0.0	1.0	0.0	0.0
-hos	0.280898876404	0.202247191011	0.38202247191	0.134831460674
-hop	0.0230326295585	0.579654510557	0.385796545106	0.0115163147793
-iha	0.143426553821	0.170116894673	0.262393395065	0.424063156441
-hot	0.0672043010753	0.684715821813	0.228110599078	0.0199692780338
-bay	0.245490014293	0.471858461776	0.0795766214702	0.203074902461
-baw	0.0714327956141	0.125410313344	0.453677693979	0.349479197063
-bat	0.472889817143	0.350667575977	0.0669536677891	0.10948893909
-hoy	0.0165642901512	0.936365518669	0.0131133963697	0.0339567948099
-tdo	0.346848014292	0.587576580246	0.0385957433608	0.0269796621013
-bas	0.125462325042	0.658713467256	0.124011893538	0.0918123141634
-job	0.0	1.0	0.0	0.0
-que	0.206896551724	0.793103448276	0.0	0.0
-asa	0.456242471702	0.376764315206	0.0688205164555	0.0981726966364
-aso	0.119144942421	0.708859430106	0.121915755035	0.0500798724387
-nyo	0.116763969975	0.858215179316	0.0250208507089	0.0
-asi	0.126816278618	0.0831846093348	0.0364646199512	0.753534492096
-lay	0.164029637888	0.766430514214	0.0299005114585	0.0396393364391
-mba	0.82473444613	0.0523520485584	0.0227617602428	0.100151745068
-lsa	0.488475177305	0.379432624113	0.0310283687944	0.101063829787
-iwa	0.502336158262	0.261935531973	0.0800258468574	0.155702462907
-dro	0.0251061796202	0.955609851315	0.00259138851308	0.0166925805518
-aab	0.462727657772	0.394324438797	0.0952986022871	0.0476493011436
-mbo	0.240875912409	0.496350364963	0.175182481752	0.0875912408759
-wga	0.823923444976	0.0784688995215	0.00382775119617	0.0937799043062
-ray	0.195301236955	0.091853271555	0.0145151724208	0.698330319069
-raw	0.693001633985	0.170993190969	0.0625559727395	0.0734492023074
-rat	0.636773873872	0.271189525413	0.0219756654648	0.0700609352508
-ras	0.0248837501571	0.931381173809	0.000754053035065	0.0429810229986
-rap	0.409961685824	0.35153256705	0.205938697318	0.0325670498084
-ran	0.210305075474	0.68511495569	0.0649541851369	0.0396257836992
-eri	0.0	1.0	0.0	0.0
-ral	0.0743801652892	0.539944903581	0.115702479339	0.269972451791
-ram	0.867275519663	0.0346676788262	0.0711123677451	0.0269444337653
-rak	0.470389436869	0.395920933705	0.0957283766259	0.0379612527999
-ero	0.0429958532588	0.927009420539	0.0183244231746	0.0116703030274
-era	0.0	0.969230769231	0.0307692307692	0.0
-rab	0.412457912458	0.542087542088	0.0218855218855	0.023569023569
-raa	0.391061452514	0.474860335195	0.134078212291	0.0
-poy	0.521903323263	0.317975830816	0.105740181269	0.0543806646526
-pos	0.254070451345	0.213895675827	0.0286269166804	0.503406956147
-pot	0.385830242694	0.321214744972	0.201520295752	0.0914347165826
-opa	0.833333333333	0.0666666666667	0.1	0.0
-pok	0.156802459646	0.809377401999	0.0122982321292	0.021521906226
-pon	0.186430718608	0.583765310075	0.0897997470469	0.14000422427
-uga	0.0886918544157	0.818250844904	0.0891712698451	0.00388603083537
-ugo	0.513978068156	0.43129465522	0.0150118908577	0.0397153857661
-poa	0.760736196319	0.141104294479	0.0245398773006	0.0736196319019
-aza	0.0	0.961538461538	0.0384615384615	0.0
-ugi	0.520007375991	0.325834408999	0.0601143278628	0.0940438871474
-lad	0.419781275343	0.473507126792	0.066661942592	0.0400496552738
-noy	0.32	0.5	0.08	0.1
-lag	0.411274850209	0.425251284243	0.0365352599201	0.126938605628
-aay	0.342053659477	0.153673078449	0.0871201387393	0.417153123335
-laa	0.615384615385	0.269230769231	0.0	0.115384615385
-ika	0.464730290456	0.398340248963	0.0	0.136929460581
-iko	0.0866469921815	0.148355875072	0.737303663091	0.0276934696561
-lam	0.559020044543	0.440979955457	0.0	0.0
-lan	0.304882550552	0.256621277844	0.0295174886819	0.408978682922
-nos	0.156447055443	0.716905328246	0.079713499678	0.0469341166328
-not	0.288224042194	0.546864263562	0.147083402975	0.0178282912697
-oum	0.0	0.718309859155	0.112676056338	0.169014084507
-lak	0.359990886307	0.612668033721	0.0136705399863	0.0136705399863
-aam	0.0	1.0	0.0	0.0
-noi	0.547477744807	0.370178041543	0.0333827893175	0.0489614243324
-aan	0.26779138156	0.361320237083	0.272911070414	0.0979773109437
-lap	0.295499800876	0.543926722421	0.140501792115	0.0200716845878
-nom	0.469973104668	0.331720525154	0.0695588105051	0.128747559672
-non	0.227553994849	0.438414097761	0.267838264625	0.0661936427658
-noo	0.00319783733887	0.982131671777	0.00132968494159	0.0133408059429
-noa	0.557640476272	0.356384974924	0.0537340930026	0.0322404558016
-aag	0.343511450382	0.564885496183	0.0916030534351	0.0
-noc	0.0368852459016	0.963114754098	0.0	0.0
-nod	0.559624747244	0.222926859361	0.0960520441099	0.121396349284
-noe	0.0	1.0	0.0	0.0
-aac	0.0	0.995767195767	0.0042328042328	0.0
-nog	0.460031979978	0.434997219132	0.0881813125695	0.0167894883204
-bod	0.278398488659	0.656021217495	0.0274490714449	0.0381312224012
-ahi	0.169491525424	0.830508474576	0.0	0.0
-dor	0.0443725444881	0.93725444881	0.0124797781373	0.00589322856483
--id	0.104560622914	0.238042269188	0.150166852058	0.50723025584
-dog	0.625056020369	0.301618735925	0.0237086137125	0.0496166299938
-bon	0.365736926793	0.399162828798	0.171308032683	0.0637922117253
-aha	0.371256614935	0.503405314447	0.0744810000797	0.050857070539
--im	0.0250521920668	0.94363256785	0.00939457202505	0.0219206680585
-ahe	0.142740481132	0.811323964749	0.0122494810984	0.0336860730205
-bot	0.670159567149	0.120484422715	0.0322391747588	0.177116835377
-pya	0.0	0.820512820513	0.179487179487	0.0
--is	0.163157894737	0.110526315789	0.705263157895	0.0210526315789
-aka	0.445906917823	0.364291613184	0.109831783391	0.0799696856027
-gko	0.0704600183336	0.160324879556	0.615967219098	0.153247883012
-doa	0.554493307839	0.177820267686	0.126195028681	0.141491395793
-don	0.295442420724	0.492211848531	0.145082328991	0.0672634017536
-dol	0.736975857687	0.129606099111	0.0686149936467	0.0648030495553
-dom	0.723197097631	0.168771380289	0.0497546569205	0.0582768651587
-dok	0.13586237318	0.512130569034	0.322893692104	0.0291133656815
-myo	0.354691075515	0.617848970252	0.00686498855835	0.0205949656751
-doc	0.0	1.0	0.0	0.0
-gop	0.458591934921	0.311548612373	0.0501820821818	0.179677370524
-sar	0.157376181974	0.666732791113	0.0925742246909	0.0833168022217
-tod	0.235483141548	0.657649509183	0.0933683156775	0.0134990335919
-tob	0.203644581555	0.107346558095	0.0368583420023	0.652150518348
-sau	0.00678733031674	0.993212669683	0.0	0.0
-toa	0.581787842238	0.288925970599	0.0215476978606	0.107738489303
-ton	0.317272124077	0.118584003097	0.0168168674926	0.547327005334
-too	0.337561696921	0.625716726801	0.0119169873089	0.0248045889688
-tol	0.0778340377453	0.847679625058	0.0451939574005	0.0292923797966
-bos	0.287049879931	0.357841833859	0.177795057817	0.177313228392
-kso	0.80024691358	0.0987654320988	0.0750617283951	0.0259259259259
-tok	0.682421551987	0.206888047468	0.0241183212198	0.0865720793257
-mpa	0.464266065629	0.470956750138	0.030347667134	0.0344295170994
-oli	0.46785738786	0.331566470238	0.0546083235276	0.145967818374
-tot	0.576271186441	0.254237288136	0.169491525424	0.0
-ibo	0.00843017404793	0.957706245454	0.0270051338146	0.00685844668306
-sag	0.121457489879	0.19388214125	0.667791273054	0.0168690958165
-tos	0.51164168725	0.29995703314	0.0639942171339	0.124407062476
-top	0.248370900545	0.628244845636	0.0689028949899	0.0544813588292
-sad	0.425344807473	0.0988343398631	0.0123834564201	0.463437396244
-sak	0.25	0.259259259259	0.444444444444	0.0462962962963
-ola	0.321428571429	0.107142857143	0.535714285714	0.0357142857143
-sai	0.125326370757	0.643603133159	0.0665796344647	0.164490861619
-400	0.230769230769	0.230769230769	0.0961538461538	0.442307692308
-san	0.150630725775	0.355225648165	0.0938677202251	0.400275905834
-sam	0.0	1.0	0.0	0.0
-sal	0.162822281843	0.781079284917	0.0091216964618	0.0469767367782
-rot	0.468591474755	0.346798575935	0.0913035032965	0.0933064460129
-kag	0.57900743512	0.260337247858	0.0632086493203	0.0974466677022
-lom	0.209769786295	0.256974380426	0.394533902701	0.138721930577
-rop	0.404081632653	0.0979591836735	0.187755102041	0.310204081633
-lok	0.21319732708	0.373978714693	0.352160500544	0.0606634576833
-ros	0.316039013817	0.59410277251	0.0167976158223	0.0730605978506
-log	0.487001031393	0.361362951309	0.0339911887394	0.117644828559
-lod	0.554036059512	0.152912877831	0.0218802438098	0.271170818847
-loe	0.0293398533007	0.904645476773	0.0073349633252	0.0586797066014
-lob	0.339984082719	0.484485288108	0.0971383093483	0.0783923198248
-roy	0.00891218872871	0.974137177807	0.0111839231105	0.00576671035386
-boy	0.4078613694	0.490701606086	0.0316990701606	0.0697379543533
-rod	0.258088788563	0.211437170805	0.471783295711	0.058690744921
-rog	0.557110281924	0.187785033167	0.0803275290216	0.174777155887
-roa	0.472727272727	0.327272727273	0.0181818181818	0.181818181818
-rob	0.682242990654	0.280373831776	0.0373831775701	0.0
-rol	0.0793650793651	0.920634920635	0.0	0.0
-rom	0.138281243436	0.286243978825	0.29910834178	0.276366435959
-ron	0.144829653672	0.786641617529	0.0379039562172	0.0306247725826
-pyo	0.216008414175	0.170741691711	0.5731244921	0.040125402014
-lor	0.203389830508	0.618644067797	0.165254237288	0.0127118644068
-roi	0.563758389262	0.239010822903	0.0507890440777	0.146441743757
-lop	0.193119936246	0.575508035596	0.133351042635	0.0980209855226
-rok	0.513296184714	0.247946100608	0.0333953716672	0.205362343011
-sas	0.0	1.0	0.0	0.0
-uro	0.343412410095	0.227465351515	0.171769882483	0.257352355906
-mar	0.0	1.0	0.0	0.0
-ipo	0.0788013318535	0.882352941176	0.0299667036626	0.00887902330743
-mpo	0.557068625723	0.366648796012	0.0203105316742	0.0559720465905
-ipa	0.343152064451	0.565290365895	0.0357502517623	0.0558073178919
-ham	0.036773619979	0.930008890326	0.0213367817021	0.0118807079932
-rde	0.554006968641	0.428571428571	0.0174216027874	0.0
-rdo	0.0155440414507	0.79792746114	0.186528497409	0.0
-awi	0.225464300796	0.343603288815	0.297479569109	0.133452841281
-ite	0.0707679032328	0.885270217486	0.0225170601195	0.0214448191614
-awo	0.0494484585051	0.790181069664	0.0404692684957	0.119901203335
-nga	0.188412389888	0.0310106292295	0.00159615069204	0.77898083019
-awa	0.14562106791	0.720176700257	0.103703338746	0.0304988930876
-say	0.474262972254	0.24232793255	0.106946828376	0.17646226682
-tom	0.0803632332879	0.299965893588	0.597928035471	0.0217428376535
-haw	0.33174841786	0.200255936554	0.141264124331	0.326731521255
-til	0.0346025944456	0.814643937805	0.0946103837742	0.0561430839749
-sto	0.0119274719056	0.970472750091	0.00357236596976	0.0140274120332
-sti	0.143854564616	0.811882492425	0.0442629429587	0.0
--14	0.198113207547	0.0	0.745283018868	0.0566037735849
-ste	0.167893284269	0.779208831647	0.0528978840847	0.0
-glo	0.909090909091	0.0545454545455	0.0363636363637	0.0
-sta	0.273999476851	0.655996599529	0.0265825268114	0.0434213968088
-sab	0.307354555434	0.293084522503	0.0307354555434	0.36882546652
-red	0.0	1.0	0.0	0.0
-tor	0.0287539936102	0.958466453674	0.0127795527157	0.0
-ngo	0.559363657307	0.312125315476	0.0320089118346	0.0965021153824
-iok	0.441588785047	0.495327102804	0.0490654205607	0.0140186915888
-ion	0.325186825763	0.511540386181	0.095112524557	0.0681602634998
-len	0.0492004920049	0.655596555966	0.29520295203	0.0
-lea	0.0127137220517	0.964226216572	0.0131521262604	0.00990793511617
-muo	0.550653018002	0.216378397458	0.112954465231	0.120014119308
-olo	0.0200960142905	0.966506642849	0.00669867143016	0.00669867143016
-iog	0.131364634233	0.794278025636	0.0148714680263	0.0594858721054
-leg	0.0	1.0	0.0	0.0
-ibe	0.206676451514	0.793323548486	0.0	0.0
-ryo	0.0509868421053	0.877467105263	0.0657894736842	0.00575657894737
-les	0.0546408209806	0.881368301026	0.021755986317	0.0422348916762
-eel	0.0	1.0	0.0	0.0
-wit	0.25974025974	0.659090909091	0.0811688311689	0.0
-giw	0.70771383099	0.207082880598	0.0265661938586	0.0586370945528
-git	0.0142490662342	0.919370489014	0.0450600135579	0.0213204311938
-gis	0.584469818913	0.319315539424	0.0590583395774	0.0371563020859
-tli	0.153990610329	0.24765258216	0.523591549296	0.074765258216
-iba	0.0525047624815	0.376686932597	0.174020818483	0.396787486439
-gio	0.0200668896321	0.959866220736	0.0200668896321	0.0
-alo	0.131557667569	0.749243423055	0.0652534744421	0.0539454349339
-gil	0.470681597508	0.363387074402	0.0946292719881	0.0713020561027
-dos	0.0426496851208	0.0343077356895	0.0	0.92304257919
-ndo	0.270249037631	0.49092623144	0.0314243067012	0.207400424228
-ali	0.678919085997	0.198758607151	0.0461971901583	0.0761251166939
-nda	0.495976411328	0.20190292879	0.0618656619639	0.240254997918
-gid	0.131139304108	0.321442029896	0.0386886069589	0.508730059038
-gib	0.0555555555556	0.911111111111	0.0111111111111	0.0222222222222
-gia	0.0	0.979020979021	0.020979020979	0.0
-ala	0.330621518139	0.452540580315	0.0728074667246	0.144030434822
-kan	0.286945484961	0.146824805734	0.0193807077248	0.546849001581
-lon	0.28093763302	0.567731802903	0.0782339385578	0.0730966255192
-bda	0.662551958685	0.276987026074	0.0151152538103	0.0453457614309
-fat	0.0569770118723	0.943022988128	0.0	0.0
-yos	0.0213192771284	0.939218849813	0.0106530138214	0.028808859237
-yop	0.273360707386	0.314816575164	0.285520186997	0.126302530454
-yon	0.30373577146	0.329579563112	0.134489942768	0.23219472266
-yoa	0.40281030445	0.149882903981	0.447306791569	0.0
-gpo	0.236358951234	0.501964826387	0.0280873542485	0.233588868131
-yog	0.745821412438	0.0960698689956	0.0252973949706	0.132811323596
-gpi	0.75	0.222222222222	0.0	0.0277777777777
-yod	0.749987608426	0.0983890954151	0.0338042131351	0.117819083024
-loi	0.0	0.963302752294	0.0183486238532	0.0183486238532
-mga	0.241177406003	0.0744307581465	0.0139988206357	0.670393015215
-ogi	0.44924418776	0.347791496007	0.169549459292	0.0334148569408
-153	0.0	0.06	0.08	0.86
-eli	0.0130718954248	0.97385620915	0.0	0.0130718954248
-elo	0.0178041543027	0.982195845697	0.0	0.0
-ogo	0.0	1.0	0.0	0.0
-rko	0.065198983912	0.881456392887	0.0186282811177	0.034716342083
-oga	0.0539056838932	0.929735369989	0.00768673371786	0.00867221239964
-rka	0.114107883818	0.821576763485	0.051867219917	0.0124481327801
-ela	0.0	0.961977186312	0.0380228136882	0.0
-iya	0.025329029435	0.0255182415732	0.00270486654617	0.946447862446
-syo	0.0285110876452	0.897307286167	0.0327349524815	0.0414466737064
-uon	0.624834740161	0.231160378318	0.0463744533713	0.0976304281501
-cca	0.252941176471	0.641176470588	0.0352941176471	0.0705882352941
-sya	0.0346896681042	0.889754139046	0.061713415912	0.0138427769382
-itu	0.00476739800282	0.955550337723	0.0213851853269	0.0182970789471
-ter	0.072	0.928	0.0	0.0
-yba	0.0443131462334	0.23929098966	0.354505169867	0.361890694239
-ito	0.114969911809	0.1060683521	0.0400657206637	0.738896015427
-tes	0.0	1.0	0.0	0.0
-eso	0.0140105078809	0.937828371278	0.0411558669002	0.00700525394046
-esa	0.0924697619977	0.847834568865	0.0	0.0596956691377
-loa	0.740659742656	0.12030998998	0.00751514958726	0.131515117777
-ita	0.464951772265	0.0902479533163	0.0268507246799	0.417949549738
-spe	0.0429184549356	0.909871244635	0.0472103004292	0.0
-uma	0.104292335893	0.868230923015	0.00981391659634	0.0176628244955
-fan	0.0	0.961904761905	0.0	0.0380952380952
-spo	0.0	1.0	0.0	0.0
-fas	0.0	1.0	0.0	0.0
-bra	0.222581355301	0.214232368475	0.0681209841847	0.49506529204
-uda	0.00640341515475	0.985058697972	0.0	0.00853788687299
-bre	0.385571058713	0.3687338187	0.19850219805	0.0471929245365
-uag	0.206195689528	0.532623103736	0.24350729049	0.0176739162453
-hum	0.0759814267623	0.845727907035	0.0365008814838	0.0417897847193
-uol	0.33949945593	0.348204570185	0.173014145811	0.139281828074
-uok	0.354996764352	0.210501987612	0.237588980309	0.196912267727
-uod	0.246101881587	0.181281616292	0.287157851376	0.285458650745
-uob	0.53800630236	0.214510798555	0.174467758051	0.0730151410345
-uto	0.257340241796	0.412780656304	0.158894645941	0.170984455959
-abe	0.0963287506666	0.860820684165	0.0326480496522	0.0102025155163
-aba	0.121116414161	0.715037681108	0.0970476468718	0.0667982578591
-uoy	0.131782945736	0.666666666667	0.162790697674	0.0387596899224
-won	0.372884946436	0.475154444161	0.0794466615018	0.0725139479013
-abo	0.645527024452	0.149706447624	0.0262990876119	0.178467440312
-wod	0.198048502897	0.299155392396	0.468577516494	0.0342185882131
-kod	0.71237332794	0.175822408099	0.0593960152292	0.0524082487316
-kog	0.296232692927	0.675110013953	0.0128796823012	0.0157776108189
-gba	0.316437045	0.614117637403	0.0429861748513	0.0264591427458
-soy	0.122905027933	0.223463687151	0.463687150838	0.189944134078
-kob	0.320035632806	0.251915544382	0.0359423201231	0.39210650269
-kom	0.346216958163	0.592780115495	0.0185730694375	0.0424298569046
-kol	0.479693761589	0.452519090057	0.0175449089858	0.0502422393684
-kon	0.0671627050646	0.024042755612	0.00798323746337	0.90081130186
-koi	0.013947649821	0.0562090287787	0.744339578781	0.185503742619
-ael	0.0176332828213	0.969233595077	0.00514304082288	0.00799008127841
-sos	0.0309463804247	0.856521327122	0.004219960967	0.108312331486
-los	0.341525966653	0.424976119984	0.186302436184	0.0471954771792
-sol	0.535154680595	0.345821615106	0.0569505825633	0.0620731217356
-son	0.48862001703	0.34964256317	0.0964283065491	0.0653091132511
-kop	0.565529653994	0.246978212033	0.0547166955533	0.13277543842
-kos	0.242647289095	0.240271474855	0.436107465381	0.0809737706692
-ado	0.280750079458	0.556150015891	0.079086767666	0.0840131369848
-aob	0.409090909091	0.0454545454545	0.409090909091	0.136363636364
-bog	0.50339910292	0.350256272322	0.108175594065	0.0381690306935
-sog	0.291725400861	0.304880811539	0.309813697234	0.0935800903668
-ora	0.303664599457	0.558997488596	0.0607042181333	0.0766336938137
-koy	0.606231723642	0.239271851428	0.0692742196908	0.0852222052394
-gam	0.363449691992	0.260780287474	0.277207392197	0.0985626283367
-sob	0.118994413408	0.0731843575419	0.0418994413408	0.76592178771
-gma	0.401946935147	0.396968973333	0.0811963847371	0.119887706783
-lix	0.0107238605898	0.975871313673	0.00268096514745	0.0107238605898
-lit	0.128103490179	0.0514529374555	0.00903843888151	0.811405133484
-liw	0.255813953488	0.093023255814	0.139534883721	0.511627906977
-wsa	0.3125	0.4375	0.0	0.25
-rut	0.0	1.0	0.0	0.0
-lis	0.0347826086957	0.879841897233	0.00316205533597	0.0822134387352
-ico	0.0484913793103	0.897244458128	0.0508004926108	0.00346366995074
-lim	0.0	1.0	0.0	0.0
-lin	0.481696548472	0.382160385025	0.0511601958978	0.084982870605
-lio	0.0145631067961	0.980582524272	0.00242718446602	0.00242718446602
-gai	0.0	1.0	0.0	0.0
-lik	0.557078697733	0.0951340824854	0.0224741987004	0.325313021081
-lid	0.385982941116	0.285582160107	0.319186106258	0.00924879251876
-oma	0.253118698286	0.64509920939	0.0516107175221	0.0501713748024
-lig	0.398852787935	0.418928926533	0.0878836696656	0.0943346158661
-rug	0.0	1.0	0.0	0.0
-ome	0.0	1.0	0.0	0.0
--ay	0.047096167614	0.559314431611	0.347166035555	0.0464233652196
-eas	0.0	0.987577639752	0.0	0.0124223602484
-uot	0.328130548038	0.353513894152	0.143961795185	0.174393762625
--as	0.376669449082	0.162979966611	0.2316360601	0.228714524207
--at	0.251036891508	0.390416939533	0.286509495743	0.0720366732154
--aw	0.38008126941	0.279854147676	0.216306413485	0.12375816943
-abi	0.182241495752	0.27586819749	0.178971314826	0.362918991931
-oda	0.0	0.962264150943	0.0377358490566	0.0
-rne	0.169696969697	0.8	0.0121212121212	0.0181818181818
-rna	0.0	1.0	0.0	0.0
-tog	0.424001983635	0.423754029259	0.0354574758244	0.116786511282
-rno	0.0967845417846	0.872909187556	0.0185748110496	0.0117314596103
-gii	0.932968536252	0.0225718194254	0.0	0.0444596443228
--ad	0.105737543921	0.501429475568	0.33783636324	0.0549966172715
-rni	0.0	1.0	0.0	0.0
-odo	0.0	0.954198473282	0.0458015267175	0.0
-zer	0.0	1.0	0.0	0.0
-uri	0.251298529436	0.185681438473	0.359246025838	0.203774006253
-kaw	0.143539531168	0.0707724910897	0.00662960885308	0.77905836889
-lwa	0.0	1.0	0.0	0.0
-ura	0.465837242505	0.312257801346	0.125229451356	0.096675504793
-rga	0.216532553036	0.714703730798	0.0160936356986	0.0526700804682
-sda	0.0303900676365	0.948114518669	0.0133419809136	0.00815343278051
-pye	0.0178571428571	0.767857142857	0.0535714285714	0.160714285714
-gto	0.0409682604165	0.877048118645	0.0353839541716	0.0465996667668
-gta	0.459016393443	0.422131147541	0.0532786885246	0.0655737704918
-kyi	0.523636363636	0.0	0.316363636364	0.16
-ipe	0.00115942028985	0.99768115942	0.0	0.00115942028985
-nio	0.00593471810088	0.988130563798	0.00593471810088	0.0
-doy	0.581056793674	0.199317038102	0.0603882099209	0.159237958303
-wat	0.305688495531	0.0511067845768	0.0384635707426	0.60474114915
-was	0.315704473429	0.390461219981	0.102953496885	0.190880809705
-pus	0.102389078498	0.249146757679	0.423208191126	0.225255972696
-pan	0.441810722676	0.401738553883	0.0803292223048	0.0761215011364
-bya	0.192201992442	0.247423565785	0.51709034696	0.0432840948128
-paa	0.0	0.843137254902	0.0196078431373	0.137254901961
-api	0.166706491438	0.736519315014	0.0743926722422	0.0223815213063
-pad	0.50333716916	0.280322209436	0.10080552359	0.115535097814
-apo	0.594589162245	0.324610065927	0.0114568258562	0.069343945972
-way	0.357788718258	0.546312491463	0.0386992120987	0.0571995781797
-pag	0.306942752741	0.593179049939	0.00487210718635	0.095006090134
-wag	0.824709755738	0.108689222663	0.0251991460081	0.0414018755907
-pay	0.205875674537	0.26977721849	0.402035180116	0.122311926856
-wad	0.464031845323	0.307932897356	0.140460619846	0.0875746374751
-sot	0.449744463373	0.366269165247	0.156729131175	0.0272572402044
-wan	0.12349492788	0.720795161032	0.124418207802	0.0312917032859
-wal	0.230769230769	0.684615384615	0.0692307692307	0.0153846153846
-wak	0.250969333803	0.648924920691	0.0627423334508	0.037363412055
-paw	0.0374556028195	0.932291794903	0.025930801952	0.00432180032533
-sus	0.020405301956	0.743380551391	0.00324655247047	0.232967594182
-gbo	0.0456273764259	0.942965779468	0.0114068441065	0.0
-amo	0.209238778486	0.0567288156322	0.124187930397	0.609844475484
