-mïu	0.0818732548343	0.820811776257	0.0255753389364	0.0717396299726
-mït	0.125083370691	0.741304846981	0.0241638329743	0.109447949354
-het	0.246108472864	0.497141174968	0.024863081446	0.231887270722
-aja	0.128892036114	0.516584326057	0.024696380274	0.329827257555
-hem	0.20911307923	0.461983592918	0.0382620423964	0.290641285455
-okï	0.215232077086	0.636619128249	0.058686962138	0.0894618325275
-heh	0.179745369038	0.185372720961	0.0193332335984	0.615548676402
-hek	0.170923428831	0.0467380269349	0.0127639676983	0.769574576535
-mïn	0.10800624765	0.633072050444	0.182952014578	0.0759696873283
-imë	0.461903432143	0.304413843387	0.0622659648962	0.171416759574
-imï	0.836956521739	0.0978260869565	0.0	0.0652173913043
-mïh	0.26195103312	0.627953605134	0.0645386603339	0.0455567014121
-nsu	0.0681670687058	0.775068265027	0.0348365925037	0.121928073763
-nsi	0.188034188034	0.659544159544	0.135327635328	0.017094017094
-ple	0.540094908711	0.254805758868	0.123059599453	0.0820397329687
-aun	0.0657529997867	0.828018686878	0.037800220986	0.0684280923489
-nti	0.0999781629751	0.80983174595	0.0146821078494	0.0755079832259
-utë	0.0612895531418	0.658483090832	0.0185410352029	0.261686320823
-nte	0.118408462683	0.845411173719	0.0350839889432	0.00109637465447
-nah	0.34014587059	0.329354319185	0.0822359985092	0.248263811715
-wat	0.189450222883	0.546805349183	0.0965824665675	0.167161961367
-pun	0.114996561241	0.648839602169	0.0344465001932	0.201717336396
-ntu	0.0	0.800285306705	0.199714693295	0.0
-nme	0.209400495648	0.155698871262	0.067254389594	0.567646243496
-nma	0.28810201077	0.230390559216	0.236813262431	0.244694167582
-pao	0.0713034543941	0.520456150197	0.0264895716407	0.381750823768
-hen	0.118704559224	0.710324522872	0.0198803392911	0.151090578613
-opo	0.415841947071	0.440840114361	0.0513158859321	0.0920020526354
-opi	0.0161395362007	0.955545488009	0.00594614491604	0.0223688308747
-ope	0.363745738921	0.636254261079	0.0	0.0
-opa	0.623556581986	0.26558891455	0.0277136258661	0.0831408775981
-nët	0.0	0.9921875	0.0078125	0.0
-nëp	0.572626082177	0.238972103889	0.0606018963859	0.127799917548
-msi	0.160002366024	0.488495208802	0.00887258961317	0.342629835561
-400	0.21359223301	0.0291262135922	0.0194174757281	0.73786407767
-ima	0.517529532558	0.293736138059	0.0194131123461	0.169321217037
-oko	0.0204144271469	0.874801030714	0.0162744384248	0.0885101037139
-ime	0.25601635778	0.369744034461	0.102482932901	0.271756674858
-aka	0.369782617494	0.361553622175	0.0804018230122	0.188261937319
-oke	0.238786799716	0.334096517345	0.341549232751	0.0855674501882
-nën	0.305615862268	0.497320357691	0.020040384411	0.177023395631
-nëh	0.304347826087	0.695652173913	0.0	0.0
-imo	0.424460431655	0.36690647482	0.208633093525	0.0
-kpu	0.423841059603	0.496688741722	0.0794701986753	0.0
-mëë	0.400489396411	0.220228384992	0.269168026101	0.110114192496
-plë	0.200717625313	0.128193976297	0.0624116559748	0.608676742416
-kpo	0.262842916021	0.302632307056	0.0526260980655	0.381898678857
-kpa	0.364444444444	0.292063492064	0.0152380952381	0.328253968254
-kpe	0.512353706112	0.160208062419	0.24655396619	0.0808842652796
-eja	0.106017232252	0.125412761127	0.00965185659882	0.758918150022
-ntë	0.303471486916	0.283650625581	0.0255526503447	0.387325237159
-uta	0.411451398136	0.508655126498	0.0399467376831	0.0399467376831
-ute	0.554937413074	0.317107093185	0.0	0.127955493741
-uti	0.0	1.0	0.0	0.0
-uto	0.0287923659098	0.854886475814	0.116321158276	0.0
-ejo	0.154069767442	0.745639534884	0.0348837209302	0.0654069767441
-wao	0.0215685879241	0.0681480615405	0.334043187976	0.57624016256
-ïne	0.424056142711	0.195978328441	0.0168199290143	0.363145599833
-eju	0.124137931034	0.793103448276	0.051724137931	0.0310344827586
-utu	0.024384634461	0.785379356987	0.176609301059	0.0136267074929
-mja	0.497037011116	0.358866328954	0.0322142146017	0.111882445328
-aku	0.291438979964	0.646630236794	0.0619307832422	0.0
-meu	0.0	0.849979392774	0.115400467097	0.0346201401291
-jim	0.0	1.0	0.0	0.0
-lup	0.226244343891	0.538461538462	0.190045248869	0.0452488687783
-luh	0.30519064201	0.577658491206	0.0572491734446	0.0599016933385
-opï	0.597329224448	0.195582948125	0.0345146379045	0.172573189522
-lum	0.0937658702279	0.77733496346	0.0366568379591	0.0922423283526
-lun	0.204576199127	0.643914505469	0.0476472684952	0.103862026909
-opë	0.166623544631	0.788874514877	0.0119016817594	0.0326002587322
-men	0.241379310345	0.586206896552	0.0344827586207	0.137931034483
-mei	0.492353265181	0.367230929542	0.0747422344015	0.0656735708754
-lue	0.741935483871	0.0	0.0	0.258064516129
-mek	0.545990882274	0.400375435774	0.0193081255028	0.0343255564495
-pha	0.043844856661	0.956155143339	0.0	0.0
-phe	0.51720949241	0.173113580149	0.168986498233	0.140690429208
-mte	0.453689167975	0.370486656201	0.0952380952381	0.080586080586
-mëp	0.632857779759	0.0978600089167	0.119928666964	0.14935354436
-mët	0.129358789625	0.7344740634	0.0907780979827	0.0453890489914
-mëk	0.726847375152	0.0706821797311	0.0603886584111	0.142081786706
-mëi	0.614834554979	0.110554463073	0.0275743850855	0.247036596862
-mëh	0.601740130943	0.327697508426	0.0235207868772	0.0470415737544
-ïmï	0.403333656362	0.480860548503	0.0537842814226	0.0620215137126
-mën	0.12865497076	0.368421052632	0.432748538012	0.0701754385965
-mëm	0.510629251701	0.236819727891	0.00765306122449	0.244897959184
-ilo	0.0866666666667	0.673333333333	0.2	0.04
-oji	0.463152671677	0.248017821516	0.120589846698	0.168239660109
-lap	0.872057318321	0.127942681679	0.0	0.0
-ëne	0.412305052744	0.190962444782	0.060682874755	0.336049627718
-umu	0.050615011535	0.750911837078	0.0123212199587	0.186151931428
-ije	0.0171295094731	0.958733454451	0.0	0.0241370360758
-isë	0.382165605096	0.579617834395	0.0	0.0382165605096
-ija	0.0725130671841	0.819558344096	0.0172646468884	0.0906639418311
-oti	0.0320091923834	0.887557452397	0.0269821076822	0.0534512475377
-ijo	0.0230769230769	0.942307692308	0.0115384615385	0.0230769230769
-iji	0.497681607419	0.190108191654	0.200927357032	0.111282843895
-oto	0.0203946883824	0.979605311618	0.0	0.0
-ume	0.206691661881	0.613287607053	0.057051606864	0.122969124202
-iju	0.0163889647637	0.980333242284	0.0	0.00327779295274
-uma	0.524045473274	0.295292603808	0.098199512109	0.0824624108094
-nhe	0.336405529954	0.517665130568	0.0506912442396	0.0952380952381
-umo	0.0	1.0	0.0	0.0
-mat	0.217917675545	0.642857142857	0.0635593220339	0.0756658595641
-umi	0.0	0.831288343558	0.0460122699387	0.122699386503
-nak	0.182150580907	0.607540294278	0.10425700882	0.106052115994
ALL	0.223434971237	0.269308764685	0.0500242143322	0.457232049746
-nai	0.301062196916	0.144002086482	0.0095847394861	0.545350977116
-nan	0.28225563262	0.482531340197	0.164649119028	0.0705639081549
-nao	0.136409026252	0.573158731101	0.0973132410016	0.193119001645
-aki	0.0396152915025	0.939586680459	0.010564077734	0.0102339503048
-nam	0.243939785794	0.651461224892	0.0661215039594	0.0384774853549
-ake	0.323319394365	0.323829987442	0.181889767139	0.170960851053
-ïkï	0.416795785559	0.499535171986	0.0650759219089	0.0185931205454
-kim	0.0	1.0	0.0	0.0
-sik	0.260133620417	0.267863342694	0.110176873666	0.361826163222
-sih	0.236048893266	0.575068720096	0.0603644740801	0.128517912558
-sin	0.0	0.95	0.0	0.05
-nap	0.492957746479	0.398474178404	0.0410798122066	0.0674882629108
-nat	0.188348151614	0.658633598503	0.128451099672	0.0245671502106
-put	0.23595505618	0.76404494382	0.0	0.0
-nïp	0.275825835687	0.0937807841335	0.446509489722	0.183883890458
-nwë	0.361154373398	0.307841678369	0.145871661328	0.185132286904
-nïh	0.336760910055	0.29399505327	0.192754777547	0.176489259128
-ale	0.171522847691	0.67476183744	0.0489447819587	0.104770532911
-nïk	0.248168914065	0.107610876692	0.0137899143704	0.630430294873
-ïmo	0.0149253731343	0.925373134328	0.0298507462687	0.0298507462687
-nïn	0.377509257455	0.208926135256	0.17813291756	0.235431689729
-mon	0.164627363737	0.224694104561	0.103448275862	0.50723025584
-ïma	0.482509285136	0.362284703687	0.0266067447731	0.128599266404
-mok	0.576559546314	0.257088846881	0.166351606805	0.0
-mom	0.42905982906	0.129914529915	0.230769230769	0.210256410256
-moi	0.559504908283	0.284064000636	0.0527515336285	0.103679557453
-moh	0.0912286089703	0.682052769186	0.0863548528856	0.140363768958
-pok	0.163677955515	0.191801249875	0.210197224558	0.434323570052
-ïme	0.239667804486	0.495151623177	0.142599927654	0.122580644682
-iso	0.0	0.988095238095	0.0	0.0119047619048
-hwë	0.397093020686	0.260852459441	0.058501568931	0.283552950942
-upu	0.0779577985172	0.820894105157	0.00371347906093	0.0974346172653
-isi	0.0407239789656	0.86724565958	0.0497568521638	0.0422735092905
-ise	0.43838155708	0.307879149444	0.0274854050369	0.226253888439
-isa	0.0639826757247	0.749316553576	0.0996226435372	0.0870781271621
-otï	0.51137254902	0.394509803921	0.0941176470589	0.0
-ama	0.464718376914	0.416005273566	0.0380634292829	0.0812129202373
-upe	0.08	0.696	0.208	0.016
-upa	0.279682066567	0.357178340785	0.064083457526	0.299056135122
-upo	0.141685560159	0.730802908295	0.0169650535533	0.110546477992
-isu	0.0329697419953	0.578677234448	0.00319153477921	0.385161488777
-umë	0.530612244898	0.428571428572	0.0408163265306	0.0
-upi	0.251626739344	0.676764070013	0.0179022976608	0.0537068929825
-akï	0.162856101245	0.560647882923	0.255663767512	0.0208322483204
-akë	0.13220338983	0.0983050847457	0.0	0.769491525424
-twë	0.254815169279	0.587988993899	0.0710611317143	0.0861347051083
-hah	0.358011070833	0.321140133442	0.0713013243926	0.249547471332
-kwa	0.423690516946	0.325162615543	0.136117767888	0.115029099623
-hak	0.429769164595	0.280138785761	0.0926310971772	0.197460952467
-ham	0.0894027662707	0.689010672334	0.0610136152218	0.160572946173
-han	0.0360984126587	0.79755292697	0.0706452662143	0.0957033941568
-mai	0.61297935525	0.227307867356	0.0355711004957	0.124141676899
-mah	0.204614582428	0.5116450856	0.0121665073434	0.271573824629
-mak	0.422978210591	0.382983012914	0.0394832518977	0.154555524597
-mam	0.346268656716	0.325373134328	0.0199004975124	0.308457711443
-man	0.665349997828	0.065305206442	0.0136860356719	0.255658760058
-maa	0.185756518021	0.0353893326583	0.00445127629796	0.774402873022
-jum	0.0960259995456	0.660325941906	0.0245187885851	0.219129269963
-uno	0.285593813098	0.28645588476	0.247988933793	0.179961368349
-une	0.358733145187	0.315668443608	0.103742029894	0.221856381311
-ekï	0.195936254481	0.56546066848	0.049967951863	0.188635125176
-una	0.0870586199651	0.745009949204	0.0447405173586	0.123190913473
-mkë	0.308418517231	0.442934903349	0.0157232969569	0.232923282463
-nke	0.302159338846	0.265180783659	0.0729026035055	0.35975727399
-nka	0.271953294061	0.0573462518381	0.00147405905784	0.669226395043
-pta	0.0624921328724	0.438221763866	0.402727078511	0.0965590247508
-unu	0.081568627451	0.823529411765	0.0203921568627	0.0745098039215
-666	0.269230769231	0.192307692308	0.0	0.538461538462
-ika	0.0630020656415	0.910029837044	0.00286894652284	0.0240991507918
-nop	0.444915254237	0.453389830508	0.0508474576271	0.0508474576271
-144	0.0	0.0764430577223	0.0	0.923556942278
-ëpë	0.249025095994	0.575419945029	0.116778849364	0.0587761096134
-ini	0.046511627907	0.938800489596	0.00244798041616	0.0122399020808
-sem	0.0	1.0	0.0	0.0
-ino	0.0428265524625	0.745182012848	0.0578158458244	0.154175588865
-ïsi	0.06472242555	0.727626459144	0.207651115306	0.0
-apa	0.205630085771	0.51946338245	0.00824719595337	0.266659335826
-ine	0.467260479809	0.245993201623	0.0494332196861	0.237313098882
-ohe	0.425449670234	0.280827075143	0.201490534435	0.0922327201881
-ëlo	0.270880361174	0.279909706546	0.196388261851	0.252821670429
-ëli	0.0	1.0	0.0	0.0
-iwë	0.192136197811	0.704094041346	0.0486420753952	0.0551276854479
-ële	0.422346439495	0.322975462911	0.0586264859908	0.196051611603
-seu	0.0123138266682	0.987686173332	0.0	0.0
-wën	0.140927954805	0.855940312866	0.0	0.003131732329
-wëi	0.654775874208	0.292654306501	0.0145505749824	0.0380192443089
-ëla	0.343866794528	0.208930062664	0.0813567368189	0.365846405989
-kne	0.609950535921	0.111210418261	0.0338591524119	0.244979893406
-ëki	0.024190761433	0.879046192835	0.048381522866	0.048381522866
-uja	0.140746329286	0.493137514936	0.010977219677	0.355138936101
-ëka	0.75328759291	0.133790737564	0.0200114351057	0.0929102344197
-ooh	0.345153664303	0.598108747045	0.0567375886525	0.0
-ëke	0.289599975748	0.56502292123	0.0797710257608	0.0656060772612
-lëh	0.218992678056	0.151985799867	0.489238961615	0.139782560462
-nep	0.582438164491	0.297471492315	0.0319506417672	0.0881397014267
-nem	0.136061353622	0.772752409386	0.0402081045005	0.0509781324916
-nek	0.304929418292	0.210204039698	0.00739720960815	0.477469332402
-neh	0.471947194719	0.405940594059	0.046204620462	0.0759075907591
-nei	0.795115661311	0.037709395716	0.0122981544128	0.154876788561
-kun	0.0	0.9	0.05	0.05
-mta	0.455353511406	0.428104631936	0.0778163494299	0.038725507228
-ëku	0.376087481108	0.266266177274	0.20117606716	0.156470274458
-pïp	0.0445836403832	0.955416359617	0.0	0.0
-kui	0.0975160477637	0.71931512286	0.0806702098288	0.102498619547
-lëo	0.0955284552846	0.896341463415	0.0	0.00813008130081
-eka	0.595395060514	0.352700974122	0.00762570107252	0.0442782642921
-eke	0.219966877346	0.570429947861	0.132400805673	0.0772023691201
-unë	0.286096256684	0.179144385027	0.0882352941177	0.446524064171
-jot	0.330808080808	0.469696969697	0.0	0.199494949495
-eki	0.00970812072742	0.957526971818	0.0218432716367	0.0109216358184
-mku	0.0928955837412	0.464802444763	0.0269086188712	0.415393352625
-eku	0.302944862155	0.662593984962	0.015664160401	0.0187969924812
-ptï	0.186666666667	0.573333333333	0.0533333333333	0.186666666667
-mka	0.5	0.137168141593	0.362831858407	0.0
-pek	0.0722885541932	0.0587165924375	0.0188578837026	0.850136969667
-ptë	0.138790982511	0.251074741266	0.0723528367861	0.537781439437
-mke	0.165631395259	0.155330784965	0.0444651416062	0.63457267817
-uku	0.292794304473	0.342117404336	0.117543410919	0.247544880272
-asa	0.0147783251232	0.977832512315	0.0	0.00738916256158
-jha	0.533612410736	0.2078305836	0.0517114011327	0.206845604531
-153	0.0	0.0	0.0472440944882	0.952755905512
-asi	0.0403284986001	0.897959756061	0.0312758797998	0.0304358655391
-ïpï	0.0926325164542	0.799894615618	0.0198669221336	0.0876059457939
-snë	0.145006394866	0.173493466765	0.194501163043	0.486998975326
-inë	0.122366982431	0.129479660111	0.0450576900108	0.703095667447
-430	0.468884120172	0.0	0.0	0.531115879828
-ëlë	0.150566303125	0.0721259954598	0.0327863237682	0.744521377647
-ëkë	0.53605015674	0.46394984326	0.0	0.0
-ëkï	0.612903225806	0.191108060703	0.0270723709296	0.168916342561
-jëm	0.0	1.0	0.0	0.0
-pot	0.0466200466201	0.876068376068	0.0314685314685	0.0458430458431
-mtë	0.62860136197	0.261393399686	0.0733368255631	0.0366684127816
-poh	0.23316101444	0.339774594044	0.0529963230346	0.374068068481
-poi	0.322642270056	0.20142918474	0.0854168339688	0.390511711235
-pon	0.212135973441	0.213480245367	0.0228866363217	0.55149714487
-pom	0.71052631579	0.245614035088	0.0438596491228	0.0
-tkë	0.435413642961	0.457184325109	0.0870827285921	0.0203193033382
-ipë	0.0238809552382	0.898355934237	0.00780031201248	0.069962798512
-ike	0.0452811024032	0.0148151574519	0.00173855457179	0.938165185573
-uke	0.294276440802	0.598338546028	0.0595238346307	0.0478611785399
-500	0.037610619469	0.0199115044248	0.0132743362832	0.929203539823
-iko	0.00987166831192	0.962487660415	0.0118460019743	0.0157946692991
-lam	0.314651955295	0.458509926037	0.0193522029284	0.20748591574
-lan	0.25921806916	0.622521162658	0.0294033044538	0.0888574637283
-lah	0.30310880829	0.564766839378	0.0	0.132124352332
-lai	0.187592151525	0.304298514234	0.41283883407	0.0952705001704
-iki	0.0442638276763	0.918340869632	0.00228950832808	0.035105794364
-lak	0.223120035431	0.714843762446	0.028389448429	0.0336467536936
-noh	0.135393134883	0.726764758801	0.00629735511086	0.131544751204
-lëk	0.343773451886	0.262643521349	0.130903058191	0.262679968574
-iku	0.846749060088	0.103905580107	0.010388496801	0.0389568630037
-lëi	0.703104965044	0.109383245757	0.0276114458509	0.159900343348
-lën	0.11366144038	0.159026747514	0.152666362665	0.574645449442
-nom	0.217729332392	0.473948991924	0.190131406953	0.11819026873
-non	0.146857907418	0.111366193248	0.0794806472297	0.662295252104
-lëm	0.431697612732	0.445181255526	0.0711759504863	0.0519451812555
-ppa	0.0817941952506	0.197889182058	0.633245382586	0.0870712401055
-ahe	0.106876754503	0.0693111488333	0.0189535362224	0.804858560442
-hkë	0.820132320648	0.0882301121902	0.0468546865142	0.0447828806479
-awë	0.132651951723	0.308796346635	0.258997499185	0.299554202457
-ëha	0.266973287474	0.286826421877	0.0290406772112	0.417159613438
-ëhe	0.219848798743	0.144763105438	0.0331541190489	0.60223397677
-kja	0.665021389879	0.129708495169	0.0245863144545	0.180683800497
-ile	0.291214882166	0.359871838491	0.156060212335	0.192853067009
-mpo	0.385445502745	0.510392718059	0.0375357762868	0.066626002909
-sap	0.0642054574638	0.807383627608	0.128410914928	0.0
-pkë	0.53624166133	0.328071839097	0.0236912935763	0.111995205997
-ton	0.474564434362	0.291894345369	0.111281103796	0.122260116473
-tom	0.150844177962	0.571005230099	0.0556488408282	0.222501751111
-toh	0.262730446447	0.338618244498	0.0720458247939	0.326605484261
-mpa	0.28427037271	0.277953253316	0.248262792167	0.189513581807
-oli	0.138221286964	0.656440358844	0.0797430501716	0.12559530402
-tot	0.339519135609	0.180295590248	0.0416215734365	0.438563700706
-ïja	0.244167152006	0.136741614187	0.0225573432021	0.596533890604
-uje	0.126050420168	0.647058823529	0.0	0.226890756303
-top	0.200963823348	0.306172576355	0.0543481038748	0.438515496422
-ïje	0.196906603212	0.680696014277	0.0495240928019	0.0728732897085
-sak	0.728629579376	0.189959294437	0.0	0.0814111261872
-ola	0.327997294915	0.338337320437	0.182850203527	0.15081518112
-mpu	0.0405469118341	0.871758604432	0.02828854314	0.059405940594
-sao	0.04	0.501538461538	0.00158241758242	0.456879120879
-ole	0.0984335310587	0.501661191484	0.238620128937	0.16128514852
-sam	0.0	1.0	0.0	0.0
-lon	0.118089575409	0.682165755292	0.0555626464528	0.144182022846
-lom	0.31184302733	0.665732305536	0.0224246671338	0.0
-lok	0.06657347545	0.899994175549	0.0132797483837	0.0201526006174
-loh	0.535079868739	0.171236406042	0.194017302633	0.0996664225856
-loi	0.00694114638512	0.942498082052	0.0414276842144	0.00913308734882
-kïn	0.0526131182041	0.861452122062	0.0683970536655	0.017537706068
-sïm	0.616541353383	0.248120300752	0.0451127819549	0.0902255639098
-kït	0.525	0.405	0.0	0.07
-kïp	0.604651162791	0.359570661896	0.0357781753131	0.0
-apë	0.307958477509	0.429065743945	0.262975778547	0.0
-lot	0.0355819125278	0.891771682728	0.00148257968866	0.0711638250556
-ëwa	0.421665947346	0.194216659473	0.310746655158	0.0733707380233
-lop	0.704340404779	0.0538892952938	0.130577907827	0.111192392099
-ipi	0.0294914741983	0.940633970444	0.00541703710145	0.0244575182565
-ipo	0.40704614708	0.41892061697	0.0652624634813	0.108770772469
-ipa	0.00641025641026	0.970137585991	0.00469043151972	0.0187617260788
-ikë	0.280173013776	0.189546633617	0.0340973414828	0.496183011125
-ipe	0.224227845556	0.280637691547	0.453887402738	0.0412470601591
-ewe	0.264551669211	0.575247229044	0.039822127829	0.120378973917
-hke	0.255550627472	0.555677668148	0.163651886011	0.0251198183694
-ewa	0.0309278350515	0.958762886598	0.0103092783505	0.0
-hka	0.424461493066	0.456771909118	0.00516376512246	0.113602832694
-ipu	0.0417391304348	0.91652173913	0.0417391304348	0.0
-awi	0.0693641618497	0.93063583815	0.0	0.0
-awa	0.132970426918	0.795806610051	0.0322489683136	0.0389739947172
-awe	0.610687022901	0.251908396947	0.0916030534351	0.0458015267176
-ïpi	0.535947712418	0.416122004357	0.0	0.0479302832244
-275	0.146050670641	0.342771982116	0.156482861401	0.354694485842
-276	0.0	0.222222222222	0.0	0.777777777778
-pke	0.335070139837	0.456925417789	0.0728963180527	0.135108124321
-pka	0.532594801875	0.376651043886	0.020451640392	0.0703025138475
-olë	0.243089168549	0.386361191782	0.121544584274	0.249005055394
-olï	0.327619047619	0.60380952381	0.0609523809523	0.00761904761903
-tëu	0.333839150228	0.629742033384	0.00682852807285	0.0295902883156
-ëwë	0.393098780321	0.148064387031	0.0205339084798	0.438302924168
-tëk	0.402832202195	0.175736401294	0.050993696675	0.370437699837
-tëh	0.356170645816	0.297674578352	0.119023236054	0.227131539779
-tëi	0.335906777936	0.126069320886	0.0338718475824	0.504152053595
-tën	0.180110785091	0.638500110491	0.0734372413026	0.107951863115
-tëo	0.422963195508	0.228702363435	0.0660898490646	0.282244591992
-tëm	0.71997819074	0.0551592530329	0.0190831023672	0.20577945386
-leh	0.349118846832	0.309735073746	0.141040870023	0.2001052094
-lek	0.554511278195	0.248120300752	0.0845864661654	0.112781954887
-lem	0.0331309300568	0.910439493775	0.0374144871327	0.0190150890354
-len	0.288617886179	0.711382113821	0.0	0.0
-hme	0.347321762885	0.20137358203	0.0500404683595	0.401264186725
-olo	0.301017348746	0.176036726721	0.0443879540718	0.478557970461
-ïwe	0.448275862069	0.275862068966	0.0	0.275862068966
-mut	0.0220994475138	0.860036832412	0.0220994475138	0.0957642725599
-itë	0.379287469348	0.351381882929	0.0874409885539	0.181889659169
-lep	0.446033142331	0.260855423716	0.101957963316	0.191153470637
-ema	0.18352401964	0.664594033072	0.0316420723517	0.120239874936
-ëme	0.337683797543	0.369928927385	0.0665413714782	0.225845903594
-let	0.0	1.0	0.0	0.0
-leu	0.0	1.0	0.0	0.0
-ëma	0.504875350537	0.206205459364	0.120147160977	0.168772029123
-sah	0.174644243208	0.476067270375	0.349288486417	0.0
-ïna	0.110243552567	0.634019052765	0.0518386610814	0.203898733587
-alu	0.107716313485	0.820305028439	0.0609050183721	0.011073639704
-san	0.0	1.0	0.0	0.0
-ïnu	0.705807275048	0.294192724952	0.0	0.0
-ëta	0.408872192059	0.358078377892	0.0874096184031	0.145639811646
-ëni	0.0032414910859	0.974068071313	0.0	0.0226904376013
-ali	0.0384999998332	0.939063344859	0.00975506752532	0.0126815877829
-ëto	0.035933732597	0.0663218480205	0.879777553084	0.0179668662985
-tja	0.47332984299	0.165262377918	0.0142068254485	0.347200953643
-ala	0.327557637844	0.240908742759	0.0953891966943	0.336144422703
-120	0.0326530612245	0.122448979592	0.0	0.844897959184
-ësi	0.0877715094451	0.849484009199	0.02575039805	0.0369940833055
-490	0.0	0.291262135922	0.0194174757281	0.689320388349
-mit	0.164061418219	0.609374278813	0.01146206748	0.215102235488
-umï	0.5	0.234913793103	0.0969827586206	0.168103448276
-këh	0.227903289734	0.566983749505	0.205112960761	0.0
-këm	0.0944881889764	0.905511811024	0.0	0.0
-kën	0.139884060058	0.478270262485	0.144744896122	0.237100781334
-pen	0.0205008053888	0.97181139259	0.00768780202079	0.0
-peh	0.385239076127	0.296708594469	0.00394442740062	0.314107902003
-pei	0.753684165102	0.187412345999	0.0112197121712	0.0476837767277
-pït	0.159172110064	0.693902937517	0.0883502205574	0.0585747318613
-elu	0.0	0.524953358209	0.475046641791	0.0
-pet	0.0921787709497	0.891061452514	0.0	0.0167597765363
-peu	0.0431997840011	0.886600566997	0.0593997030015	0.0107999460003
-pïh	0.423423423423	0.387387387387	0.027027027027	0.162162162162
-eli	0.0612619971411	0.824382274862	0.0187870124566	0.0955687155401
-pïn	0.20650434355	0.320003847883	0.30031994944	0.173171859128
-ela	0.234556167707	0.221733872551	0.149431675716	0.394278284026
-kët	0.455685334422	0.311052738957	0.052067394335	0.181194532286
-ele	0.139057077095	0.424419037596	0.083468265666	0.353055619643
-ïwë	0.0938765255142	0.476856943192	0.110815241343	0.318451289951
-itu	0.0434749473451	0.794212809001	0.0102018900344	0.152110353619
-hle	0.180719623798	0.427833624623	0.270327622556	0.121119129024
-ëmï	0.540515822206	0.380830437168	0.0676788000732	0.0109749405524
-ito	0.102183692339	0.695179453256	0.0735887397249	0.12904811468
-esi	0.0700248381088	0.852456311541	0.0231846003725	0.0543342499778
-ëmë	0.417358477396	0.211551970867	0.0763456722765	0.29474387946
-iti	0.0238911395035	0.872026591877	0.0910979536719	0.0129843149475
-ite	0.197916666667	0.666666666667	0.104166666667	0.03125
-ita	0.302346748981	0.52194388381	0.132573509043	0.0431358581661
-spe	0.151028277635	0.478791773779	0.0980077120823	0.272172236504
-ïnë	0.458536585366	0.482926829268	0.0585365853659	0.0
-alï	0.132698552622	0.631130699141	0.11672389786	0.119446850377
-alë	0.114405845242	0.0540027180974	0.012324234286	0.819267202375
-ëtï	0.180736868156	0.0576161603663	0.0018560910722	0.759790880406
-ëtë	0.0189231264763	0.951444062701	0.0072471548207	0.0223856560017
-tpe	0.946131243879	0.0538687561215	0.0	0.0
-wap	0.20879940343	0.297188226521	0.0153528973111	0.478659472738
-tïn	0.136046317287	0.492249739658	0.0755441467	0.296159796355
-tïm	0.340670170828	0.190538764783	0.0423784494087	0.42641261498
-wot	0.534391534392	0.465608465608	0.0	0.0
-tïh	0.25077423442	0.0710557560508	0.0235208776845	0.654649131844
-tïi	0.266747724252	0.707014794674	0.0229577959397	0.00327968513425
-woi	0.407590759076	0.455445544555	0.0891089108911	0.0478547854786
-wok	0.923763736264	0.0	0.0556318681319	0.0206043956044
-tïu	0.0	1.0	0.0	0.0
-tïp	0.117101317711	0.0181476815322	0.00805115291023	0.856699847847
-mlë	0.356231390897	0.390153126329	0.0972990216929	0.15631646108
-lïn	0.45	0.378571428571	0.171428571429	0.0
-lïk	0.150241459488	0.844392774101	0.0	0.00536576641032
-lïh	0.139919759278	0.557171514544	0.243731193581	0.0591775325978
-lïi	0.0223297040462	0.460763215648	0.00786227174909	0.509044808557
-kom	0.191826478205	0.462411627961	0.0647116170182	0.281050276815
-kon	0.189098230813	0.277284886184	0.195405566935	0.338211316069
-tum	0.273489932886	0.243288590604	0.43288590604	0.0503355704698
-tun	0.0601386679554	0.579922007665	0.275369322567	0.0845700018122
-som	0.845144356955	0.107611548556	0.0	0.0472440944882
-elë	0.301100253775	0.0754839001595	0.0145033757882	0.608912470277
-son	0.222304557243	0.733234531308	0.0389032975176	0.00555761393109
-soi	0.688293370945	0.283497884344	0.0282087447109	0.0
-soh	0.393343419062	0.186838124054	0.419818456884	0.0
-ïpa	0.131147540984	0.514754098361	0.0196721311475	0.334426229508
-lïp	0.934426229508	0.0655737704918	0.0	0.0
-lit	0.0328467153285	0.78102189781	0.0328467153285	0.153284671533
-jem	0.166009463722	0.684542586751	0.123107255521	0.0263406940063
-lim	0.0	1.0	0.0	0.0
-jep	0.257364341085	0.311627906977	0.350387596899	0.0806201550387
-hku	0.133391978119	0.113051703136	0.0349584130892	0.718597905655
-omo	0.44168654799	0.299320976326	0.10185355111	0.157138924573
-tei	0.171601398416	0.393117005602	0.293815077288	0.141466518694
-ïke	0.394722370683	0.265616575799	0.0599472978039	0.279713755714
-oma	0.328831759902	0.383753912193	0.0469181846847	0.24049614322
-ïka	0.362247224446	0.0897902864477	0.0130647961886	0.534897692917
-ome	0.167574237701	0.213391711098	0.0365490933152	0.582484957885
-mhe	0.620175419905	0.115363461434	0.0227689297168	0.241692188944
-ëpu	0.0690147248251	0.743995150658	0.0630161897305	0.123973934787
-ëpi	0.102531397174	0.746173469388	0.00981161695446	0.141483516483
-ëpo	0.399770820671	0.39025136172	0.0725863584102	0.137391459199
-ëpa	0.477832512315	0.344827586207	0.0295566502463	0.147783251232
-pën	0.1523333602	0.493511727251	0.02720238575	0.326952526799
-jin	0.228239404527	0.502886222087	0.166337536078	0.102536837308
-pëm	0.277214334009	0.127789046653	0.217714672076	0.377281947262
-pëk	0.0829624393255	0.0461188433312	0.00339413531129	0.867524582032
-pëh	0.149403399181	0.0897274795642	0.0118449092106	0.749024212045
-pëi	0.615057688068	0.208754868579	0.0680172125191	0.108170230834
-hne	0.407615226958	0.394159882184	0.129090901145	0.069133989713
-ehe	0.340239928203	0.349213080099	0.0517578319496	0.258789159748
-hna	0.0976602238046	0.898270600204	0.00406917599186	0.0
-eha	0.420378426904	0.12745436549	0.0120272541031	0.440139953502
-tpï	0.338476028195	0.433880098794	0.0740453990477	0.153598473963
-tpë	0.196055244037	0.41061465687	0.05086367833	0.342466420762
-klë	0.111778969177	0.1393160553	0.0168180229911	0.732086952532
-ukë	0.475907904106	0.382862568241	0.0735817707097	0.0676477569428
-pët	0.0208333333333	0.979166666667	0.0	0.0
-ilë	0.26781670656	0.153230424064	0.0430801760084	0.535872693368
-pah	0.105683056183	0.669761253179	0.0292084667089	0.195347223929
-pai	0.63642969326	0.263022363565	0.0255099381053	0.0750380050701
-pak	0.150778557358	0.460323491837	0.0498831871456	0.339014763659
-pam	0.292563998375	0.233238520926	0.35229581471	0.121901665989
-pan	0.213496350385	0.554193444599	0.203189630021	0.029120574995
-ape	0.207843137255	0.556862745098	0.235294117647	0.0
-api	0.204647676162	0.693403298351	0.0494752623688	0.0524737631184
-apo	0.495796905463	0.318931945488	0.0683391875176	0.116931961531
-ïïp	0.600790513834	0.241106719368	0.158102766798	0.0
-apu	0.0407948126665	0.889063615573	0.00845257841507	0.0616889933452
-pap	0.356435643564	0.49504950495	0.0	0.148514851485
-wam	0.0191163365625	0.818495414954	0.102020869865	0.0603673786184
-wak	0.200182924136	0.411483370699	0.0335897328413	0.354743972323
-pau	0.106789716546	0.849044166117	0.0355965721819	0.0085695451549
-wai	0.177205868315	0.0274179641064	0.00601201077409	0.789364156805
-wah	0.10680228862	0.839796567069	0.00762873490146	0.0457724094088
-num	0.601134215501	0.34458547124	0.0445584661086	0.00972184715097
-nuk	0.682083520431	0.166367310283	0.0107768298159	0.14077233947
-nuh	0.0576583797356	0.843813796733	0.0302471990796	0.0682806244517
-pja	0.482269322025	0.307940065751	0.0717625615202	0.138028050704
-ken	0.284846403003	0.273659637274	0.097754042579	0.343739917144
-kem	0.141245663572	0.475595347053	0.353495546059	0.0296634433154
-kek	0.717948717949	0.179487179487	0.102564102564	0.0
-kei	0.340172038218	0.0993205390657	0.0117099460596	0.548797476656
-keh	0.46	0.5	0.0	0.04
-sun	0.258526633241	0.622649915455	0.00816746561067	0.110655985693
-sum	0.583756345178	0.0	0.0	0.416243654822
-ket	0.455696202532	0.455696202532	0.0253164556962	0.0632911392405
-omï	0.586360266864	0.366938472943	0.0	0.0467012601927
-ïkë	0.346850089859	0.26588489556	0.0429372746328	0.344327739948
-suh	0.339440993789	0.417391304348	0.0	0.243167701863
-kat	0.320497353483	0.183657687216	0.351308202344	0.144536756957
-ïpo	0.363151464955	0.273796459261	0.101161610933	0.261890464851
-ina	0.0586717671034	0.636275689597	0.220010336491	0.0850422068087
-tse	0.388209173397	0.391335046433	0.147660172694	0.0727956074761
-elï	0.17017548077	0.584461895186	0.0301322520756	0.215230371968
-ïta	0.304130162703	0.357947434293	0.0488110137672	0.289111389236
-ila	0.388505830889	0.359551280194	0.0368086536043	0.215134235312
-hnë	0.307779616209	0.238713392616	0.0876316368529	0.365875354322
-ihe	0.681962269986	0.140121643214	0.0277627441885	0.150153342611
-iho	0.0	1.0	0.0	0.0
-keu	0.0568060021436	0.897642015005	0.032154340836	0.013397642015
-tpo	0.708508858808	0.0867485343028	0.0270874068018	0.177655200088
-klo	0.525	0.475	0.0	0.0
-tpi	0.0489082969432	0.673362445415	0.0	0.277729257642
-kle	0.485477178423	0.452282157676	0.0373443983403	0.0248962655602
-uki	0.00881057268721	0.991189427313	0.0	0.0
-kla	0.231958762887	0.505154639175	0.123711340206	0.139175257732
-nne	0.118780096308	0.285714285714	0.216693418941	0.378812199037
-anu	0.190751646274	0.0151269381509	0.022569927188	0.771551488387
-këi	0.373250638377	0.542259962105	0.00385014985145	0.0806392496664
-apï	0.162790697674	0.651162790698	0.093023255814	0.0930232558139
-epï	0.223585571672	0.61402512609	0.0458191629213	0.116570139316
-tin	0.179551122195	0.718204488778	0.0598503740649	0.0423940149625
-tih	0.0	1.0	0.0	0.0
-aih	0.00678733031674	0.911764705882	0.0	0.081447963801
-eme	0.328858844567	0.416007418334	0.0639854463246	0.191148290774
-ulë	0.230344737401	0.692920542034	0.0290207103977	0.0477140101672
-uwe	0.546708471984	0.453291528016	0.0	0.0
-htë	0.207317073171	0.658536585366	0.109756097561	0.0243902439024
-hma	0.364705882353	0.635294117647	0.0	0.0
-uwa	0.0684435910182	0.0570511618481	0.00786577720799	0.866639469926
-emo	0.322033898305	0.411994784876	0.129074315515	0.136897001304
-hmo	0.632698978691	0.173985193961	0.0151516014559	0.178164225892
-emi	0.0714285714286	0.928571428571	0.0	0.0
-hmi	0.0308285163776	0.850032113038	0.0979447655748	0.0211946050096
-260	0.0	0.135571336346	0.0387346675274	0.825693996127
-hmu	0.64538926251	0.188532998974	0.0205174968654	0.14556024165
-jan	0.0504680848863	0.432604920005	0.425139074729	0.0917879203796
-jao	0.20772476187	0.602445078739	0.0624571370622	0.127373022329
-jam	0.301565377532	0.656998158379	0.0111264579496	0.0303100061388
-jak	0.251125347683	0.590357365579	0.0488098407619	0.109707445976
-jah	0.300359813347	0.423876988812	0.145190307528	0.130572890313
-jai	0.424877469622	0.179737314347	0.0460680168811	0.34931719915
-eti	0.0218658892128	0.960641399417	0.00874635568514	0.00874635568515
-kte	0.508626586608	0.235996047731	0.025081705556	0.230295660105
-inu	0.0706638115631	0.773019271949	0.141327623126	0.0149892933619
-ane	0.464357194754	0.198763708657	0.0564798441042	0.280399252485
-lët	0.482934804823	0.171673819742	0.198242387084	0.147148988351
-100	0.0268516446632	0.0199149697919	0.104124710972	0.849108674573
-ëja	0.373794416137	0.187631134752	0.0381455367193	0.400428912392
-000	0.0684001696039	0.153086974878	0.0116243672086	0.766888488309
-hja	0.294949008188	0.165437728121	0.0173976264872	0.522215637204
-ënë	0.468594667872	0.329755987347	0.109466787167	0.0921825576141
-eta	0.109891571875	0.673468369587	0.0612319563627	0.155408102175
-hje	0.097565333929	0.732856823766	0.097565333929	0.0720125083761
-ënï	0.852702056432	0.13868962219	0.0	0.00860832137733
-ete	0.220573963953	0.600178570984	0.0	0.179247465063
-lis	0.175675675676	0.648648648649	0.027027027027	0.148648648649
-eto	0.11796888357	0.748674987177	0.0	0.133356129253
-ïmë	0.117283950617	0.700617283951	0.0501543209877	0.131944444444
-lin	0.172928541828	0.64833577718	0.0505537067845	0.128181974207
-atu	0.159029472157	0.752945082899	0.0754583604824	0.0125670844623
-kep	0.162600238867	0.522436444293	0.106125234602	0.208838082239
-wep	0.664429530201	0.241610738255	0.0134228187919	0.0805369127517
-omi	0.209266802811	0.436555624607	0.0163537436923	0.33782382889
-weu	0.10501606128	0.672596985421	0.144551519644	0.0778354336545
-wet	0.0	0.934855916616	0.0651440833844	0.0
-300	0.128767123288	0.312328767123	0.238356164384	0.320547945206
-amë	0.421490081117	0.25498442627	0.107658610524	0.215866882089
-ate	0.747126436782	0.183908045977	0.0459770114942	0.0229885057471
-kwë	0.0694698354662	0.579524680073	0.230347349177	0.120658135283
-ata	0.144133972564	0.589944942654	0.131250122875	0.134670961907
-lih	0.174060075592	0.657648697036	0.0666401432266	0.101651084146
-ati	0.07320251903	0.859326120013	0.0355852814929	0.0318860794636
-kak	0.408710477371	0.433780223187	0.115661810291	0.0418474891507
-kai	0.18666615593	0.0941052608116	0.00230432735812	0.7169242559
-uli	0.160599165324	0.731220318776	0.0431624290836	0.0650180868161
-kan	0.0573757945601	0.425049622361	0.0334067802672	0.484167802811
-not	0.0789473684211	0.921052631579	0.0	0.0
-oso	0.0	1.0	0.0	0.0
-lik	0.49851219996	0.298651061297	0.127752430073	0.0750843086689
-uwë	0.00656552629729	0.962248223791	0.00328276314864	0.0279034867634
-amï	0.565601460134	0.314659507348	0.0186528141108	0.101086218407
-emë	0.388802568978	0.280084740275	0.0952563248067	0.235856365941
-ule	0.120538144915	0.607602340381	0.117314358912	0.154545155792
-nih	0.145748987854	0.635627530364	0.0728744939271	0.145748987854
-kap	0.269731189395	0.434208911256	0.166564379526	0.129495519823
-usi	0.178416553091	0.699541568579	0.0811547515797	0.04088712675
-tuh	0.541137123746	0.318394648829	0.0722408026755	0.0682274247491
-kau	0.150339476237	0.779340446169	0.0501131587455	0.020206918849
-nim	0.230440967283	0.49359886202	0.275960170697	0.0
-khe	0.718952770091	0.119733817713	0.0152193508858	0.146094061311
-wei	0.0834032243035	0.803979125897	0.0832634423633	0.0293542074364
-tka	0.339432753888	0.583714547118	0.0230558096981	0.0537968892955
-mto	0.089552238806	0.850746268657	0.0298507462687	0.0298507462687
-wem	0.0938383654109	0.691234151236	0.196456261972	0.018471221381
-tke	0.413610491726	0.518615772797	0.0321754097719	0.0355983257051
-ënu	0.135006490697	0.808740804846	0.0432713111207	0.0129813933362
-ïhe	0.661280906199	0.105304391335	0.0327014808937	0.200713221573
-oja	0.262526724232	0.485954853641	0.0570522040867	0.19446621804
-ëno	0.192877956805	0.275968460747	0.08848988687	0.442663695578
-ato	0.122015362231	0.612822502989	0.134325555119	0.130836579661
-etë	0.120263953155	0.787225313649	0.0796022587967	0.0129084743995
-ëna	0.306673600679	0.207275362688	0.0217107367242	0.464340299909
-etï	0.561008719261	0.252597504307	0.0562836109226	0.130110165509
-ili	0.0471799655568	0.920278415614	0.0196254305396	0.0129161882893
-aoh	0.114896988907	0.804278922345	0.00475435816165	0.0760697305864
-mne	0.324429573136	0.400176070713	0.085902626729	0.189491729422
-kuk	0.220721149272	0.497669108553	0.0342498335077	0.247359908667
-amu	0.0586415032423	0.461472652946	0.0846490833749	0.395236760437
-ami	0.0909090909091	0.909090909091	0.0	0.0
-amo	0.172829117729	0.324344226564	0.0914479285406	0.411378727166
-tuk	0.754424778761	0.202433628319	0.00995575221239	0.0331858407079
-kwe	0.166046719238	0.326885880077	0.442791251302	0.0642761493825
-atï	0.552424674936	0.239514819774	0.094760230132	0.113300275158
-kuh	0.0	0.821705426357	0.178294573643	0.0
-ame	0.258313457532	0.183426966552	0.170695202255	0.387564373661
-ose	0.0	1.0	0.0	0.0
-owë	0.190092592697	0.0885426355171	0.00796032632736	0.713404445458
-ein	0.0137614678899	0.896788990826	0.0	0.0894495412844
-usa	0.0	1.0	0.0	0.0
-kah	0.246268656716	0.358208955224	0.0	0.39552238806
-usu	0.188413227378	0.702640348629	0.101256088183	0.00769033581132
-ulo	0.192307692308	0.653846153846	0.153846153846	0.0
-jeu	0.238723872387	0.738173817382	0.003300330033	0.019801980198
-epe	0.27249149577	0.52933559853	0.017552028741	0.180620876958
-kam	0.882108183079	0.0319001386962	0.0	0.0859916782246
-epa	0.331070262947	0.519505511423	0.0355471396022	0.113877086028
-epo	0.510081610145	0.165486714925	0.133208035087	0.191223639842
-epi	0.084500414318	0.868523084163	0.000920706693538	0.0460557948256
-epu	0.236891056257	0.624453270323	0.110502237193	0.0281534362275
-anë	0.32400457269	0.259306226654	0.0298287851973	0.386860415458
-emï	0.0445517563673	0.437962458135	0.507204610951	0.0102811745463
-ktë	0.490797546012	0.435582822086	0.0736196319019	0.0
-pia	0.249635947576	0.750364052424	0.0	0.0
-ula	0.418152801842	0.304728952475	0.0908744599736	0.186243785709
-npa	0.112244897959	0.622448979592	0.214285714286	0.0510204081632
-pih	0.178206583428	0.774120317821	0.0	0.0476730987514
-osi	0.0357546104629	0.926608957471	0.0254045916447	0.0122318404215
-ïlë	0.374141621201	0.20796290937	0.038644097173	0.379251372256
-hta	0.65075067684	0.319714496677	0.0	0.0295348264829
-ïlï	0.496962011698	0.153710733616	0.0742141509584	0.275113103728
-nok	0.554691397881	0.401344172805	0.0378011915593	0.00616323775423
-hmë	0.34126984127	0.507936507937	0.0793650793651	0.0714285714286
-mnë	0.167627058206	0.0547532600973	0.379136780488	0.398482901209
-enï	0.295393513737	0.460855195208	0.0024788266887	0.241272464367
-enë	0.545454545455	0.387559808612	0.00956937799041	0.0574162679426
-070	0.0	0.41847826087	0.0652173913044	0.516304347826
-ota	0.43325092707	0.339925834363	0.0630407911001	0.163782447466
-owa	0.299807507219	0.671318575553	0.0230991337825	0.00577478344562
-owe	0.765060240964	0.180722891566	0.0542168674699	0.0
-hpa	0.728098637249	0.271901362751	0.0	0.0
-hpe	0.305281902142	0.398891858498	0.13648819613	0.159338043229
-kme	0.564809787878	0.271914511056	0.0382758243258	0.12499987674
-uhe	0.544831462454	0.167748804936	0.030607306671	0.256812425938
-hpo	0.402875849602	0.365620111421	0.070799606203	0.160704432773
-kma	0.591932304823	0.231563620136	0.0663678207611	0.11013625428
-uha	0.0333996023857	0.421073558648	0.534393638171	0.0111332007953
-ktu	0.91124260355	0.0887573964497	0.0	0.0
-one	0.419152562023	0.36522331118	0.0780796463546	0.137544480442
-ëpï	0.437497311552	0.338876774789	0.0947789516874	0.128846961971
-hte	0.494382022472	0.488764044944	0.0	0.0168539325843
-ona	0.0920313134026	0.176516482627	0.00460887011663	0.726843333854
-ono	0.164721560531	0.369147437999	0.0288789922951	0.437252009174
-ëje	0.131210896716	0.817997788425	0.00923478451968	0.0415565303384
