-nyi	0.0	0.090909090909	0.909090909091	0.0
-hex	0.467144927277	0.203946544537	0.0443673184607	0.284541209725
-eux	0.124280782509	0.315304948216	0.530494821634	0.029919447641
-cad	0.40586797066	0.320293398533	0.0684596577017	0.205378973105
-cak	0.178592964993	0.760088823641	0.0417410643048	0.0195771470613
-heu	0.0914901323012	0.0802267855791	0.0312359249608	0.797047157159
-cai	0.12829362741	0.234110615372	0.623789881303	0.0138058759155
-cah	0.285714285714	0.285714285714	0.285714285714	0.142857142857
-cao	0.0200360847166	0.203118961541	0.0115250234705	0.765319930272
-can	0.0601664655192	0.205881448569	0.0360527954369	0.697899290475
-cam	0.260869565217	0.608695652174	0.130434782609	0.0
-shu	0.0	1.0	0.0	0.0
-hem	0.0269230769231	0.973076923077	0.0	0.0
-hen	0.281872814861	0.613482204714	0.0791080606442	0.0255369197802
-eun	0.358466552521	0.523888043146	0.090496464872	0.0271489394616
-caw	0.416058048635	0.235264681219	0.154825664746	0.193851605399
-euh	0.686027307075	0.172244332214	0.030804737084	0.110923623626
-cau	0.0311849279117	0.890556715583	0.0144113319758	0.0638470245294
-cat	0.309481216458	0.5885509839	0.0483005366727	0.0536672629696
-eue	0.0112041642299	0.0681468131929	0.00204810055951	0.918600922018
-eud	0.473116877365	0.366474802413	0.0330263782796	0.127381941943
-eug	0.014744429882	0.970838794233	0.0137614678899	0.000655307994756
-cax	0.555555555556	0.444444444444	0.0	0.0
-lem	0.0	1.0	0.0	0.0
-wza	0.0	1.0	0.0	0.0
-iom	0.00804649083595	0.983907018328	0.00536432722396	0.00268216361198
-zix	0.0205155181483	0.963703314045	0.00946870068384	0.00631246712256
-aux	0.0658874291436	0.125872650256	0.0297178443481	0.778522076253
-plu	0.622327790974	0.361045130641	0.00950118764845	0.00712589073633
-asu	0.0	1.0	0.0	0.0
-zip	0.0	1.0	0.0	0.0
-zin	0.0094004028744	0.962398388502	0.0282012086232	0.0
-het	0.0594059405941	0.940594059406	0.0	0.0
-zim	0.0	1.0	0.0	0.0
-aug	0.81107982198	0.0927545287514	0.0848857818591	0.0112798674092
-eut	0.358463072321	0.583250249252	0.0398803589232	0.018406319503
-auh	0.570811744387	0.345423143351	0.0630397236616	0.020725388601
-auk	0.336414048059	0.631873844732	0.0192352125693	0.0124768946396
-zie	0.0	1.0	0.0	0.0
-nti	0.0	0.952380952381	0.0	0.047619047619
-veo	0.461538461539	0.461538461538	0.0	0.076923076923
-pup	0.393939393939	0.363636363636	0.181818181818	0.0606060606059
-uad	0.192314212317	0.535112861372	0.215770599971	0.0568023263396
-uag	0.5	0.5	0.0	0.0
-nak	0.0	1.0	0.0	0.0
--um	0.384615384615	0.423076923077	0.192307692308	0.0
-uah	0.592904983839	0.33579586611	0.0522671060133	0.0190320440375
-uak	0.0	1.0	0.0	0.0
--un	0.0	1.0	0.0	0.0
-pux	0.0150632602747	0.950963127523	0.029855598602	0.00411801360028
-kia	0.460010512023	0.421028426262	0.0517279138014	0.0672331479129
--uk	0.0236220472441	0.974690663667	0.00168728908887	0.0
-uan	0.16503200422	0.685380700529	0.0838310975523	0.0657561976991
-i-a	0.0	1.0	0.0	0.0
-wma	0.0744680851064	0.925531914894	0.0	0.0
-pug	0.530357142857	0.442857142857	0.0267857142857	0.0
-uat	0.633677479407	0.314941589521	0.0395987520508	0.0117821790218
-pub	0.827530364372	0.138461538462	0.0182186234818	0.0157894736842
-pum	0.144299408525	0.817458698756	0.0290638384663	0.0091780542525
-puh	0.833333333334	0.166666666667	0.0	0.0
-pui	0.0106443067264	0.35716650646	0.00756219295814	0.624626993855
-puk	0.257575757576	0.569023569024	0.153198653199	0.020202020202
-hri	0.0168854449777	0.840802636905	0.136384664315	0.00592725380212
-wti	0.0	0.92	0.0799999999999	0.0
-pre	0.328210501804	0.538673497109	0.0915900182404	0.0415259828463
-aki	0.074074074074	0.925925925926	0.0	0.0
-dha	0.291045613202	0.189281920334	0.464874601635	0.0547978648298
-nma	0.0	1.0	0.0	0.0
-yee	0.482866043614	0.403426791277	0.113707165109	0.0
-nam	0.00713012477719	0.976232917409	0.00713012477719	0.00950683303623
-oik	0.842043132434	0.0140450005829	0.0059248262229	0.13798704076
-cap	0.614634146341	0.346341463415	0.00975609756097	0.0292682926829
-u-a	0.0	1.0	0.0	0.0
-gka	0.228947368421	0.289473684211	0.110526315789	0.371052631579
-dee	0.0266655359443	0.234288765974	0.0130022571014	0.72604344098
-vik	0.0	1.0	0.0	0.0
-deh	0.0	1.0	0.0	0.0
-hek	0.571428571429	0.285714285714	0.142857142857	0.0
-leu	0.5	0.5	0.0	0.0
-dem	0.0	1.0	0.0	0.0
-den	0.0	0.963636363636	0.0363636363636	0.0
-400	0.0	0.0	0.0	1.0
-ima	0.0	0.95652173913	0.0	0.0434782608696
-ime	0.0	1.0	0.0	0.0
-siu	0.253581661891	0.243553008596	0.494269340974	0.00859598853868
-msu	0.333333333333	0.666666666667	0.0	0.0
-hee	0.0381355932203	0.920550847458	0.041313559322	0.0
-dex	0.165486348381	0.05404338462	0.0550449039943	0.725425363005
-vin	0.0428571428572	0.957142857143	0.0	0.0
-yon	0.0	1.0	0.0	0.0
-mre	0.0	1.0	0.0	0.0
-ido	0.0213158197949	0.951031224795	0.0034566194262	0.0241963359834
-bit	0.0	0.846153846154	0.0	0.153846153846
-idi	0.0	1.0	0.0	0.0
-hre	0.505138350417	0.252615646078	0.214496255776	0.0277497477296
-bix	0.361199294533	0.578130511464	0.0303350970017	0.0303350970018
-ida	0.0	1.0	0.0	0.0
-bie	0.0	0.942857142857	0.0142857142857	0.0428571428571
-bib	0.0	0.5	0.25	0.25
-aho	0.0	1.0	0.0	0.0
-uix	0.0	1.0	0.0	0.0
-bia	0.0967741935484	0.859521331946	0.0187304890738	0.0249739854319
-bin	0.00720115218435	0.974015842535	0.00780124819971	0.0109817570811
-tla	0.0	1.0	0.0	0.0
-idu	0.152685714286	0.456914285714	0.290285714286	0.100114285714
-bih	0.647996137132	0.308546595847	0.0434572670208	0.0
-eza	0.00210674157303	0.984199438202	0.0136938202247	0.0
-rid	0.480926430518	0.461852861036	0.0490463215258	0.00817438692098
-rie	0.0542124285063	0.899119267343	0.0302934605892	0.0163748435618
-rib	0.0366986927075	0.934950385888	0.020790675697	0.00756024570798
-eki	0.0	0.856115107914	0.143884892086	0.0
-ria	0.0	1.0	0.0	0.0
-tex	0.0	1.0	0.0	0.0
-rim	0.0551759145765	0.379694974746	0.504125262678	0.0610038479997
-rih	0.114623757691	0.500236630383	0.346994794132	0.0381448177946
-hlu	0.691886584749	0.242658653417	0.0400166612121	0.0254381006218
-gra	0.00833142944178	0.976437438124	0.0124895285964	0.00274160383824
-tee	0.172913117547	0.355195911414	0.125212947189	0.34667802385
-rip	0.0166666666667	0.983333333333	0.0	0.0
-gre	0.19555809586	0.24838736017	0.338858495958	0.217196048012
-teh	0.428571428571	0.296875	0.214285714286	0.0602678571428
-tem	0.203539823009	0.743362831858	0.0530973451327	0.0
-rix	0.031542424561	0.934599198084	0.0168368347319	0.0170215426235
-bwa	0.0	1.0	0.0	0.0
-lux	0.0155159420147	0.965773802194	0.00969623233522	0.00901402345617
-are	0.00220896841175	0.993373094765	0.0044179368235	0.0
-jim	0.155092592593	0.844907407407	0.0	0.0
-ara	0.0705396989557	0.859314050609	0.0489000303518	0.0212462200839
-gyi	0.400217410997	0.561192136969	0.0259081438536	0.0126823081801
-eri	0.0	1.0	0.0	0.0
-lup	0.747848537005	0.195352839931	0.0516351118761	0.00516351118761
-aro	0.0	1.0	0.0	0.0
-lut	0.281274344992	0.628521054574	0.0664233875928	0.0237812128418
-ari	0.0188883728131	0.879547917634	0.0416989214016	0.0598647881509
-dum	0.308571428571	0.485714285714	0.0	0.205714285714
-mee	0.0698849346776	0.899067458993	0.0140214996328	0.0170261066969
-aru	0.0	0.860465116279	0.093023255814	0.046511627907
-luk	0.214955562366	0.594544897334	0.155746245786	0.0347532945142
-rob	0.536798764797	0.108594956253	0.0247040658775	0.329902213073
-lun	0.012440850421	0.946904227668	0.0406549219114	0.0
-lua	0.0573065902579	0.868194842407	0.0429799426934	0.0315186246418
-wah	0.0865622423742	0.753572890424	0.0287387797693	0.131126087433
-lud	0.363012377538	0.362902635797	0.183651140982	0.0904338456832
-meh	0.0189817406852	0.559518864346	0.385107189944	0.0363922050245
-mek	0.0215053763441	0.978494623656	0.0	0.0
-lug	0.781065088757	0.183431952663	0.0	0.0355029585798
-kra	0.211267605634	0.535211267606	0.169014084507	0.0845070422533
-nun	0.04	0.96	0.0	0.0
-pha	0.0544498685692	0.87357616723	0.0250344223307	0.04693954187
-alu	0.0	0.75	0.25	0.0
-aya	0.0	0.873684210526	0.126315789474	0.0
-nue	0.333333333333	0.666666666667	0.0	0.0
-phi	0.10164209517	0.855327819729	0.019777058612	0.0232530264893
-ila	0.0484261501212	0.937046004842	0.0145278450363	0.0
-pho	0.0	1.0	0.0	0.0
-vux	0.142857142857	0.857142857143	0.0	0.0
-ebo	0.0	1.0	0.0	0.0
-vud	0.309050266522	0.280392044477	0.305496646988	0.105061042013
-nki	0.75	0.0	0.0	0.25
-phu	0.0	1.0	0.0	0.0
-vot	0.0	1.0	0.0	0.0
-ahi	0.0	0.833333333333	0.166666666667	0.0
-eeb	0.218181818182	0.727272727273	0.0545454545454	0.0
-pao	0.66008431329	0.270690037719	0.0279565120924	0.0412691368982
-vuh	0.502923976608	0.431286549708	0.0482456140351	0.0175438596491
-mpo	0.193548387097	0.806451612903	0.0	0.0
-nui	0.0	1.0	0.0	0.0
-ira	0.016393442623	0.950819672131	0.0327868852459	0.0
-kem	0.0	1.0	0.0	0.0
-umu	0.0	0.467741935484	0.451612903226	0.0806451612903
-hwi	0.0	0.994186046512	0.00581395348838	0.0
-ote	0.0126582278481	0.974683544304	0.0126582278481	0.0
-hwm	0.369829683698	0.279805352798	0.29197080292	0.0583941605839
-nhu	0.0234705053982	0.924894382726	0.0117352526991	0.039899859177
-ava	0.0952380952382	0.809523809524	0.0952380952379	0.0
-uma	0.016	0.984	0.0	0.0
-otu	0.111111111111	0.222222222222	0.444444444444	0.222222222222
-kbo	0.00858369098712	0.768240343348	0.0	0.223175965665
-sup	0.2	0.8	0.0	0.0
-umi	0.205011389522	0.49430523918	0.21867881549	0.0820045558086
-gdi	0.501844602777	0.350305556338	0.125883578811	0.0219662620744
-nah	0.663619744058	0.336380255942	0.0	0.0
-nai	0.446838527639	0.480312940875	0.052071309478	0.0207772220084
-nan	0.030653285515	0.0687658380671	0.00893825566278	0.891642620755
-kie	0.0433399602386	0.931610337972	0.0202783300199	0.00477137176939
-kid	0.797340944941	0.0728181905978	0.0159350151839	0.113905849277
-nab	0.178552884762	0.349638068477	0.442258941388	0.0295501053725
-ake	0.0786026200873	0.912663755459	0.00873362445415	0.0
-kih	0.0846474789618	0.838130259529	0.0772222615091	0.0
-kin	0.328402264125	0.342396777442	0.25141507796	0.0777858804736
-kim	0.0226244343891	0.977375565611	0.0	0.0
-twa	0.356310679612	0.377669902913	0.14854368932	0.117475728155
-eup	0.05	0.9125	0.025	0.0125
-nax	0.0291938803149	0.44966114994	0.0128028638205	0.508342105925
-kip	0.175879396985	0.623115577889	0.0	0.201005025125
-sin	0.269973846284	0.681334442154	0.0241650697232	0.0245266418387
-sim	0.00956032465269	0.963750435692	0.0191206493054	0.00756859035003
-kit	0.0	1.0	0.0	0.0
-nar	0.0	1.0	0.0	0.0
-sia	0.141542002302	0.391829689298	0.463176064442	0.00345224395857
-kix	0.0389283966328	0.0603078491417	0.00077968892417	0.899984065301
-vat	0.0	1.0	0.0	0.0
-naw	0.0900975027769	0.392479532645	0.487390463652	0.0300325009257
-sie	0.0905562742561	0.856403622251	0.0271668822768	0.025873221216
-goi	0.0	0.925925925926	0.0740740740741	0.0
-goh	0.693618233618	0.128148148148	0.00547008547009	0.172763532764
-gok	0.435483870968	0.516129032258	0.0483870967743	0.0
-mot	0.007299270073	0.98296836983	0.00486618004866	0.00486618004867
-gon	0.0243902439025	0.975609756098	0.0	0.0
-goe	0.0186307519641	0.0808080808081	0.0325476992143	0.868013468013
-mox	0.595555957822	0.250079196271	0.120468841924	0.0338960039824
-gox	0.0257251898454	0.934000234457	0.02933322913	0.0109413465672
-moe	0.140495867769	0.834710743802	0.0165289256198	0.00826446280991
--25	0.947368421053	0.0	0.0	0.0526315789474
-gop	0.0	1.0	0.0	0.0
-mon	0.00890499293741	0.984909765663	0.00565883787649	0.000526403523395
-mom	0.0	1.0	0.0	0.0
-gju	0.374408828166	0.529689963216	0.0157645822386	0.0801366263794
-mok	0.0	0.922857142857	0.0	0.0771428571429
-got	0.0459613584135	0.822112520215	0.00510681760149	0.126819303771
-moi	0.75178899347	0.0952510355163	0.0214102785807	0.131549692433
-moh	0.471438976173	0.369420455728	0.0899663579927	0.0691742101064
-com	0.684978540772	0.298448332783	0.0161769560911	0.000396170353251
-yat	0.30612244898	0.525510204082	0.0765306122449	0.0918367346939
-yaw	0.561478465129	0.359027257431	0.0503790894065	0.0291151880336
-con	0.344827586207	0.51724137931	0.137931034483	0.0
-coi	0.0453537593227	0.885708526507	0.0181415037291	0.0507962104415
-coh	0.634402227421	0.344424565155	0.0186324225325	0.0025407848908
-ber	0.0	1.0	0.0	0.0
-cod	0.769692769693	0.187341187341	0.036729036729	0.00623700623701
-yax	0.0163047305386	0.973078235622	0.00663564614942	0.00398138768966
-bet	0.248803827751	0.751196172249	0.0	0.0
-beu	0.377708978328	0.362229102167	0.176470588235	0.0835913312693
-wha	0.0	1.0	0.0	0.0
-eon	0.00600934787447	0.98864900957	0.00534164255508	0.0
-ben	0.0	0.900362318841	0.0	0.0996376811594
-cox	0.771916743345	0.0791113666015	0.0989661975143	0.0500056925394
-bem	0.0	1.0	0.0	0.0
-yam	0.0750551149818	0.0539940925532	0.00546773549921	0.865483056966
-cot	0.514828390536	0.465178273909	0.0199933355548	0.0
-yao	0.16053277252	0.530669470733	0.270942867157	0.0378548895899
-yan	0.147368421053	0.442105263158	0.126315789474	0.284210526316
-yah	0.425531914894	0.422492401216	0.115501519757	0.0364741641338
-yak	0.123388856765	0.84135718416	0.0352539590756	0.0
-bee	0.106439282564	0.7230226404	0.161246692149	0.0092913848868
-rek	0.455284552846	0.341463414634	0.154471544715	0.0487804878049
-reh	0.503496503497	0.401398601399	0.0321678321678	0.062937062937
-ren	0.0919540229885	0.804597701149	0.0574712643678	0.0459770114943
-amo	0.054054054054	0.945945945946	0.0	0.0
-die	0.0960533282648	0.766349430468	0.112073530011	0.0255237112562
-bex	0.10077880094	0.820851293104	0.0644102664577	0.0139596394984
-isa	0.125	0.875	0.0	0.0
-eve	0.0405505038093	0.944703858442	0.0147456377488	0.0
-rex	0.248008079901	0.735158792504	0.0168331275951	0.0
-eva	0.0	1.0	0.0	0.0
-upa	0.0	1.0	0.0	0.0
-rep	0.0	1.0	0.0	0.0
-ret	0.0	0.985365853659	0.0146341463415	0.0
-upi	0.672897196262	0.0654205607476	0.0934579439252	0.168224299065
-max	0.0620875546055	0.797750720327	0.135979180221	0.00418254484617
-jup	0.831408775982	0.120092378753	0.0207852193995	0.027713625866
-jut	0.25	0.25	0.0	0.5
-hah	0.494778651656	0.38724781019	0.0798327064208	0.0381408317332
-map	0.117182184323	0.734776663707	0.0972556786948	0.0507854732747
-jux	0.266666666667	0.2	0.133333333333	0.4
-hak	0.539270377483	0.320504788492	0.0404650184565	0.0997598155682
-mau	0.0768100445152	0.868093415722	0.0404293630119	0.014667176751
-ham	0.280242853072	0.63464382366	0.0435629624568	0.0415503608114
-han	0.0797234630744	0.177712884806	0.00835236834173	0.734211283778
-hao	0.06797	0.138405	0.482685	0.31094
-mai	0.00162873394055	0.00492470088479	0.000223979632163	0.993222585543
-mah	0.309619876832	0.556593756636	0.125504353366	0.00828201316628
-mak	0.96	0.0	0.0	0.04
-mla	0.0	0.909090909091	0.0	0.090909090909
-hat	0.329487057245	0.388909852722	0.257253061294	0.0243500287397
-hau	0.109181789285	0.731850785911	0.143842674773	0.0151247500309
-mao	0.282258064516	0.342030360531	0.274667931689	0.101043643264
-man	0.0712104072398	0.871790158371	0.0314055429864	0.0255938914027
-hax	0.239655493391	0.685453185576	0.0547395787404	0.0201517422928
-jun	0.380361104422	0.526713939512	0.0355955302568	0.0573294258091
-mag	0.120967741935	0.33064516129	0.435483870968	0.112903225806
-jum	0.199404761905	0.609002976191	0.178199404762	0.0133928571429
-lad	0.712121212121	0.287878787879	0.0	0.0
-uni	0.0	1.0	0.0	0.0
-unk	0.25	0.75	0.0	0.0
-kge	0.0	1.0	0.0	0.0
-une	0.285714285714	0.714285714286	0.0	0.0
-ung	0.220899930504	0.539342296134	0.0715833846361	0.168174388726
-eik	0.619099505779	0.165635417883	0.0490978194601	0.166167256878
-wni	0.0	0.936507936508	0.063492063492	0.0
-wng	0.353549859532	0.243821767184	0.0218941844551	0.380734188828
-666	0.024	0.048	0.0	0.928
-wna	0.0	1.0	0.0	0.0
-tra	0.00793650793652	0.992063492063	0.0	0.0
-ika	0.0277777777778	0.944444444444	0.0277777777778	0.0
-ada	0.0	0.88	0.12	0.0
-gao	0.118500353118	0.828120328768	0.0346618948791	0.0187174232347
-ado	0.0731707317073	0.90243902439	0.0243902439024	0.0
-gam	0.444444444445	0.111111111111	0.444444444444	0.0
-tri	0.0179372197309	0.946188340807	0.0358744394619	0.0
-mam	0.476190476191	0.523809523809	0.0	0.0
-gai	0.0976142558324	0.703223211449	0.0681457756108	0.131016757108
-gah	0.671956437184	0.228004667445	0.0574873590043	0.0425515363672
-gaw	0.252148997135	0.672206303725	0.0515759312321	0.0240687679083
-gau	0.578028681277	0.382409866856	0.0268126266351	0.0127488252323
-adu	0.0393442622951	0.790163934426	0.170491803279	0.0
-iva	0.0689655172413	0.724137931035	0.206896551724	0.0
-lam	0.00780487804878	0.992195121951	0.0	0.0
-ana	0.0236634531113	0.958808063103	0.0105170902717	0.00701139351447
-gmi	0.0969432314411	0.672489082969	0.212227074236	0.0183406113537
-gax	0.132836657629	0.393868182315	0.45963246468	0.0136626953766
-sen	0.238223418573	0.471063257066	0.250336473755	0.0403768506056
-seh	0.00310197751067	0.518547240533	0.290034897247	0.18831588471
-not	0.0204081632653	0.938775510204	0.0408163265307	0.0
-see	0.0776986148712	0.419659030328	0.364922072695	0.137720282106
-apa	0.0	1.0	0.0	0.0
-ine	0.0243902439024	0.975609756098	0.0	0.0
-ing	0.126635684755	0.337505844983	0.133599640583	0.402258829679
-uik	0.0237164565978	0.107736803344	0.0704040887404	0.798142651318
-kah	0.506984031831	0.129969537978	0.0266676986582	0.336378731532
-oha	0.0	1.0	0.0	0.0
-sex	0.358438233412	0.430339236185	0.160017068487	0.0512054619159
-tum	0.56555993247	0.266741699494	0.0360157568936	0.131682611142
-inu	0.0	1.0	0.0	0.0
-aam	0.0	1.0	0.0	0.0
-iag	0.269258556994	0.644676723954	0.0636361266461	0.0224285924053
-kut	0.418467583497	0.35952848723	0.21021611002	0.0117878192534
-bli	0.0461538461538	0.923076923077	0.0307692307692	0.0
-nex	0.031638049977	0.753324773877	0.191452360877	0.0235848152691
-fua	0.187056037885	0.753749013418	0.0307813733228	0.0284135753749
-ble	0.0	1.0	0.0	0.0
-iao	0.412595266747	0.470677898115	0.0838347372644	0.032892097874
-ian	0.0150987224158	0.970963995354	0.01393728223	0.0
-bla	0.35	0.45	0.2	0.0
-iah	0.111573400793	0.214419846994	0.119190583428	0.554816168785
-iak	0.277097834968	0.224975969317	0.274839471566	0.223086724149
-kux	0.0529801324503	0.933774834437	0.0132450331126	0.0
-kug	0.406940063092	0.460567823344	0.132492113565	0.0
-xso	0.342857142857	0.171428571429	0.485714285714	0.0
-nok	0.541996830428	0.358161648177	0.080824088748	0.0190174326466
-aog	0.566057327365	0.133174043251	0.190262625266	0.110506004117
-kub	0.267613916132	0.197484339623	0.230765969889	0.304135774356
-neh	0.127548483342	0.270014917951	0.488065638986	0.114370959721
-pem	0.0	1.0	0.0	0.0
-aok	0.256268537124	0.354586183174	0.0200869805904	0.369058299111
-ghe	0.55190230155	0.313762329732	0.106153123532	0.0281822451855
-kum	0.491428036099	0.488274053024	0.00710426880679	0.0131936420698
-aoh	0.521729969437	0.242751493677	0.0798307720308	0.155687764855
-kuk	0.517482517482	0.41958041958	0.041958041958	0.020979020979
-iax	0.0514705882352	0.948529411765	0.0	0.0
-cag	0.552258064516	0.348387096774	0.0929032258066	0.00645161290324
-kuh	0.0562031640299	0.90632805995	0.0312239800166	0.00624479600332
-ban	0.0402965828498	0.866215344939	0.0870406189555	0.00644745325597
-eka	0.0	1.0	0.0	0.0
-bam	0.0	1.0	0.0	0.0
-edi	0.0363636363638	0.836363636364	0.0909090909089	0.0363636363636
-bak	0.403562221701	0.493990424855	0.0478757239947	0.0545716294486
-bah	0.313546423136	0.490106544901	0.0593607305936	0.13698630137
-hoe	0.490170380079	0.478374836173	0.0235910878113	0.00786369593708
-rhi	0.133019383993	0.724090855036	0.101933642526	0.0409561184445
-hok	0.122028737175	0.84308710387	0.0292237105208	0.00566044843421
-bad	0.160647571606	0.754669987547	0.0149439601494	0.0697384806974
-hoi	0.161837069437	0.679606342264	0.127938764352	0.0306178239475
-hon	0.0504733805302	0.893067613685	0.0496645122524	0.00679449353291
-hom	0.0555555555557	0.944444444444	0.0	0.0
-hop	0.592105263158	0.268914473684	0.0748355263158	0.0641447368421
-joh	0.773794808406	0.140914709518	0.0556242274412	0.0296662546353
-joi	0.0	0.7	0.0	0.3
-bax	0.0773570195908	0.752115668713	0.018369887233	0.152157424463
-gub	0.0	1.0	0.0	0.0
-baw	0.0102040816327	0.989795918367	0.0	0.0
-hox	0.153181073875	0.79208782353	0.0433287895544	0.0114023130406
-bau	0.0490998363339	0.931260229133	0.0147299509002	0.00490998363339
-kui	0.0	0.833333333333	0.166666666667	0.0
-bap	0.0	1.0	0.0	0.0
-jhi	0.75463137766	0.176326861207	0.0356716563341	0.0333701047987
-yex	0.162659123055	0.562234794908	0.118811881188	0.156294200849
-ase	0.025298465037	0.967879476976	0.00682205798749	0.0
-nya	0.0299602495901	0.562774979653	0.393877021432	0.0133877493247
-asa	0.0189035916824	0.958412098299	0.0226843100189	0.0
-nye	0.196405410413	0.174911988142	0.617009449694	0.011673151751
-hit	0.316887364391	0.339601946394	0.275107689853	0.0684029993619
-rem	0.00357607282185	0.996423927178	0.0	0.0
-yeu	0.708253358925	0.139475367882	0.0511836212411	0.101087651951
-nyo	0.0942013703967	0.844874237328	0.0399073534616	0.0210170388136
-dre	0.00537634408602	0.814516129032	0.174731182796	0.00537634408601
-yeh	0.133333333333	0.733333333333	0.133333333333	0.0
-yek	0.412880284472	0.398064006322	0.122876333465	0.0661793757409
-nyu	0.0	0.102564102564	0.897435897436	0.0
-zot	0.0	1.0	0.0	0.0
-dri	0.306976744186	0.637209302326	0.0558139534884	0.0
-zit	0.0	1.0	0.0	0.0
-wga	0.253164556962	0.645569620254	0.101265822785	0.0
-rax	0.205797616433	0.379721142654	0.0166757899001	0.397805451013
-raw	0.251931993818	0.681856708381	0.0262252580147	0.0399860397866
-rat	0.0439442658093	0.956055734191	0.0	0.0
-rau	0.732989505964	0.171249925327	0.0217049323961	0.0740556363129
-eru	0.0	1.0	0.0	0.0
-rap	0.0336134453782	0.882352941176	0.0672268907563	0.0168067226891
-vek	0.6	0.4	0.0	0.0
-ran	0.131619007471	0.481955080915	0.0292746902738	0.35715122134
-rao	0.173179470027	0.551505308343	0.219975258407	0.0553399632236
-ram	0.0592738006898	0.917974639449	0.0191592083038	0.00359235155696
-rak	0.214754098361	0.736065573771	0.0	0.0491803278689
-rah	0.771657023465	0.152925104468	0.0520331083253	0.0233847637416
-rai	0.847451702552	0.0868552149894	0.027849629601	0.0378434528573
-era	0.0	0.947916666667	0.0	0.0520833333333
-uax	0.0	1.0	0.0	0.0
-pox	0.362068965517	0.0	0.413793103448	0.224137931034
-oza	0.0	1.0	0.0	0.0
-pex	0.0151606695805	0.0290786452261	0.0107798715884	0.944980813605
-pot	0.345606119434	0.605087032648	0.024835656237	0.0244711916801
-uim	0.0	1.0	0.0	0.0
-poh	0.293388429752	0.632231404959	0.0743801652893	0.0
-azo	0.0	1.0	0.0	0.0
-pon	0.411379613572	0.0502475362398	0.0838852766075	0.45448757358
-azi	0.0	0.883870967742	0.116129032258	0.0
-pom	0.4	0.6	0.0	0.0
-aze	0.0	1.0	0.0	0.0
-aza	0.00714746195027	0.974353224767	0.011772290271	0.00672702301202
-vex	0.2	0.8	0.0	0.0
-poe	0.0	1.0	0.0	0.0
-nox	0.8	0.0	0.0	0.2
-000	0.0	0.333333333333	0.333333333333	0.333333333333
-lag	0.0900321543408	0.881028938907	0.0	0.0289389067524
-lab	0.767483562463	0.205020920502	0.0	0.0274955170353
-aat	0.0	1.0	0.0	0.0
-lan	0.0646900269541	0.741239892183	0.0242587601078	0.169811320755
-lao	0.482910722709	0.317321298811	0.12742060912	0.0723473693604
-lah	0.0914502880386	0.497396897804	0.040501196332	0.370651617826
-lai	0.201558872118	0.219586173916	0.0596325141935	0.519222439772
-iki	0.0163191296464	0.961922030825	0.0163191296464	0.00543970988214
-lak	0.0812472834507	0.164286048481	0.0769455578106	0.677521110257
-lat	0.115700949409	0.799705127866	0.0427432364531	0.0418506862719
-lau	0.190751445087	0.242774566474	0.497109826589	0.0693641618497
-ppi	0.0	1.0	0.0	0.0
-law	0.337240340596	0.413218210829	0.0876094185717	0.161932030003
-lap	0.129950495049	0.721534653465	0.0556930693069	0.0928217821782
-nom	0.627906976744	0.212624584718	0.159468438538	0.0
-non	0.0270859277709	0.898505603985	0.0688044831881	0.00560398505604
-imu	0.0	0.0	0.75	0.25
-ppa	0.0	1.0	0.0	0.0
--in	0.0	1.0	0.0	0.0
-lax	0.0141678029393	0.971683948695	0.0105337398724	0.0036145084936
-nna	0.0303983228512	0.900419287212	0.0314465408805	0.0377358490566
-boe	0.714285714286	0.285714285714	0.0	0.0
-dot	0.0769230769231	0.923076923077	0.0	0.0
-geh	0.0518748041639	0.508094558368	0.390005396372	0.0500252410961
-gen	0.0	1.0	0.0	0.0
-gem	0.0	1.0	0.0	0.0
-ato	0.0	1.0	0.0	0.0
-bom	0.0350116705568	0.956985661887	0.0060020006669	0.00200066688896
-bon	0.0	1.0	0.0	0.0
-aha	0.0121212121212	0.975757575758	0.0	0.0121212121212
-boh	0.0585223116313	0.655693733236	0.272616435016	0.013167520117
-boi	0.678178963893	0.208791208791	0.113029827315	0.0
-gee	0.5	0.5	0.0	0.0
-bok	0.0168067226891	0.983193277311	0.0	0.0
-mya	0.606796116505	0.26213592233	0.0873786407767	0.0436893203883
-dod	0.184435249582	0.181530064266	0.141473721278	0.492560964874
-doe	0.319904138869	0.37372886845	0.29470820649	0.0116587861908
-aka	0.0133333333333	0.933333333333	0.0533333333333	0.0
-don	0.0440665542599	0.946353760031	0.00957968570865	0.0
--ix	0.0	1.0	0.0	0.0
-180	0.0	0.333333333333	0.333333333333	0.333333333333
-dom	0.0519133252231	0.281709084631	0.0213193934211	0.645058196725
-dok	0.0100755667506	0.977329974811	0.0125944584383	0.0
-doh	0.575372233263	0.24703547055	0.0400308672664	0.137561428921
-aon	0.0697674418605	0.93023255814	0.0	0.0
-gla	0.785811732606	0.111869031378	0.0818553888131	0.0204638472033
-toe	0.530804843305	0.274038461538	0.0715811965812	0.123575498575
-saw	0.0137659783677	0.976401179941	0.00688298918387	0.00294985250737
-sau	0.676835846116	0.0988586493709	0.00576874675647	0.218536757756
-sat	0.109794135995	0.792888334373	0.0786026200874	0.0187149095446
-ton	0.0937269712602	0.848010316875	0.055729550479	0.00253316138542
-tom	0.142767004949	0.0412692468784	0.176642160391	0.639321587782
-wrn	0.617302052786	0.0923753665689	0.0439882697947	0.24633431085
-tok	0.487230000704	0.365193836628	0.0890030253993	0.0585731372687
-toh	0.163701067616	0.71276054906	0.0808337569904	0.0427046263345
-toi	0.118954692007	0.372136433056	0.0897675207874	0.419141354149
-tot	0.0	1.0	0.0	0.0
-ibo	0.0	1.0	0.0	0.0
-sag	0.536170212766	0.272340425532	0.153191489362	0.0382978723404
-voe	0.0314044631143	0.22023375694	0.0424048871632	0.705956892782
-top	0.0	1.0	0.0	0.0
-sak	0.668158023233	0.0918092729069	0.147099235774	0.0929334680853
-voi	0.207597594731	0.292259234514	0.494416340556	0.00572683019948
-sai	0.0389498909117	0.907228441647	0.0488644085983	0.00495725884331
-sah	0.111847555924	0.87323943662	0.00994200497102	0.00497100248549
-san	0.00838769804288	0.991612301957	0.0	0.0
-sam	0.0172413793104	0.413793103448	0.568965517241	0.0
-lon	0.0436384984182	0.834512899123	0.075927073481	0.0459215289782
-ieh	0.633075501825	0.0837316007357	0.0269335027601	0.256259394679
-iek	0.0193452380952	0.980654761905	0.0	0.0
-lom	0.00621452541742	0.980113518664	0.0111861457513	0.00248581016696
-iem	0.385068872381	0.548575710459	0.0427244725543	0.0236309446057
-lok	0.417293233083	0.582706766917	0.0	0.0
-loh	0.647715830198	0.278684614977	0.0447162011765	0.0288833536489
-ien	0.370367794728	0.352516484698	0.202189108825	0.0749266117492
-iea	0.0	1.0	0.0	0.0
-log	0.0	0.0	1.0	0.0
-loe	0.0205551244878	0.0224336722887	0.304311131076	0.652700072147
-rox	0.822543076418	0.0560665332816	0.0165735957237	0.104816794577
-ied	0.361118396858	0.148375175878	0.219248023242	0.271258404022
-ieg	0.253699788583	0.54334038055	0.202959830867	0.0
-iex	0.130558854921	0.737907257305	0.0209560613418	0.110577826433
-oca	0.270470383275	0.289851916376	0.276567944251	0.163109756098
-geu	0.601716268324	0.33492992441	0.0229426112717	0.0404111959943
-lox	0.121946155121	0.421563316875	0.0149405783148	0.441549949689
-hai	0.155455592261	0.792513887707	0.0223552330035	0.0296752870287
-iep	0.0689042510054	0.82405174626	0.0415482349346	0.0654957678
-lot	0.0	1.0	0.0	0.0
-uzi	0.0	1.0	0.0	0.0
-roh	0.447527320662	0.158714972148	0.377386571416	0.0163711357741
-iet	0.446959321896	0.472355455864	0.0597256374037	0.0209595848365
-lop	0.595	0.345	0.03	0.03
-rok	0.445244956772	0.520172910663	0.0345821325648	0.0
-hie	0.309165437346	0.628265367001	0.00771726322101	0.0548519324324
-pia	0.0	0.791489361702	0.208510638298	0.0
-yim	0.0	1.0	0.0	0.0
-tix	0.0192115162826	0.0722246307382	0.0499976808487	0.858566172131
-zam	0.0	1.0	0.0	0.0
-mat	0.252300475131	0.67645997474	0.0581584170326	0.0130811330968
-imi	0.422997561433	0.405177265053	0.0675295441757	0.104295629338
-sap	0.0	1.0	0.0	0.0
-maw	0.153876504242	0.754060629973	0.071677516933	0.0203853488525
-adi	0.0	1.0	0.0	0.0
-euk	0.44892072434	0.440088584527	0.065463271752	0.0455274193813
-awk	0.599795497937	0.343406669421	0.0297344420226	0.0270633906195
-hap	0.153966305924	0.752203503291	0.0619212317304	0.0319089590539
-awh	0.22676987378	0.0369255455734	0.00360817433248	0.732696406314
-awn	0.052915670598	0.503581216768	0.0766643071429	0.366838805491
-awm	0.187441648415	0.287245471351	0.113607470492	0.411705409742
-tie	0.288265282971	0.47629676099	0.0902094601953	0.145228495844
-wbi	0.0	1.0	0.0	0.0
-awb	0.458220152504	0.445718341941	0.0376745828761	0.0583869226786
-awa	0.0	0.684210526316	0.315789473684	0.0
-wre	0.0	1.0	0.0	0.0
-awg	0.366931705124	0.469742973538	0.0449235460018	0.118401775336
-awe	0.0153846153846	0.984615384615	0.0	0.0
-awd	0.456753252429	0.334591085017	0.0970848326802	0.111570829873
-wdi	0.0	1.0	0.0	0.0
-awx	0.373689160307	0.0721825064294	0.0117425403288	0.542385792934
-wda	0.0	1.0	0.0	0.0
-ose	0.0294620730525	0.968207897856	0.00185863592285	0.00047139316884
-awp	0.284325245549	0.504005023097	0.160864690317	0.0508050410369
-wde	0.111111111111	0.805555555556	0.0	0.0833333333333
-awt	0.596816061977	0.100430017802	0.0378932064279	0.264860713793
-sax	0.311435869156	0.249078567624	0.213059853188	0.226425710032
-jud	0.500525288909	0.176096853269	0.109059982991	0.214317874831
-haw	0.288555151916	0.254945693252	0.170057926257	0.286441228576
-pim	0.0	1.0	0.0	0.0
-yau	0.279069767442	0.581395348837	0.0697674418606	0.0697674418606
-wka	0.0390625	0.9453125	0.015625	0.0
-tim	0.0132475397426	0.981074943225	0.00567751703256	0.0
-ahe	0.0	1.0	0.0	0.0
-wki	0.311111111111	0.688888888889	0.0	0.0
-nap	0.0	1.0	0.0	0.0
-cun	0.368909512761	0.547563805104	0.0417633410673	0.0417633410673
-cum	0.255040299564	0.730118501267	0.0130145900404	0.00182660912848
-ain	0.0	1.0	0.0	0.0
-cue	0.327769347496	0.444613050076	0.182094081942	0.0455235204855
-cud	0.549132947977	0.209248554913	0.181502890173	0.0601156069364
-cub	0.0756394194041	0.434606569901	0.103288006111	0.386466004584
-uci	0.1718151341	0.637811302682	0.120929118774	0.0694444444444
-tou	0.0	1.0	0.0	0.0
-cux	0.311223263638	0.504686373468	0.160057678443	0.0240326844508
-yuk	0.0	1.0	0.0	0.0
-hya	0.166666666667	0.833333333333	0.0	0.0
-ngo	0.0	1.0	0.0	0.0
-cup	0.251162790698	0.586046511628	0.153488372093	0.00930232558139
-leh	0.144935344828	0.728987068966	0.106681034483	0.0193965517241
-mug	0.671606307948	0.219034788811	0.0546794516205	0.0546794516206
-oit	0.286063569682	0.525672371638	0.180929095355	0.00733496332519
-mua	0.0	1.0	0.0	0.0
-ion	0.0166720447456	0.974723028934	0.00645369474024	0.00215123158008
-len	0.0	1.0	0.0	0.0
-mum	0.0	1.0	0.0	0.0
-mun	0.0523471226078	0.884598388796	0.0523471226079	0.010707365988
-hru	0.76618705036	0.125899280575	0.0539568345323	0.0539568345324
-lee	0.423727176118	0.533378417544	0.0253115641001	0.0175828422375
-ioe	0.0626945877937	0.631637309677	0.303109139762	0.0025589627671
-oix	0.223728813559	0.681355932203	0.0406779661017	0.0542372881356
-oig	0.0480827508182	0.558689239969	0.36817649198	0.025051517233
-mut	0.0	1.0	0.0	0.0
-ibe	0.325	0.675	0.0	0.0
-oim	0.0	1.0	0.0	0.0
-let	0.0315789473684	0.968421052632	0.0	0.0
-mux	0.0213903743315	0.969251336898	0.00802139037434	0.00133689839572
-iot	0.0	1.0	0.0	0.0
-eem	0.2746794486	0.425443794221	0.0445698678576	0.255306889321
-een	0.245583585075	0.496185938674	0.0631501182814	0.19508035797
-eei	0.752505478457	0.0700750384884	0.0114641609169	0.165955322138
-eeh	0.370464740914	0.195702347832	0.0135809015337	0.42025200972
-eek	0.173333333333	0.626666666666	0.12	0.0800000000001
-gix	0.0328414051133	0.93223861983	0.0249428393265	0.00997713573061
-eed	0.439870427858	0.387957214199	0.10485558105	0.067316776893
-eeg	0.5625	0.3125	0.125	0.0
-git	0.0	1.0	0.0	0.0
-eea	0.0	1.0	0.0	0.0
-sum	0.843015335173	0.132881545394	0.00957138365877	0.0145317357739
-gip	0.222891566265	0.759036144578	0.0180722891566	0.0
-alo	0.216657223148	0.499161529964	0.0561231205966	0.228058126291
-gim	0.363636363636	0.636363636364	0.0	0.0
-ure	0.0	0.94	0.06	0.0
-ali	0.0	0.876288659794	0.118556701031	0.00515463917526
-eet	0.524823391937	0.255346045573	0.153370159877	0.0664604026133
-gie	0.0705934293457	0.156121547971	0.0886287285977	0.684656294086
-ale	0.0	1.0	0.0	0.0
-hia	0.039289993591	0.793100565664	0.165658873687	0.00195056705771
-eep	0.494056971775	0.459391845931	0.0239245312211	0.0226266510725
-gia	0.550184594206	0.330611350979	0.0450535010325	0.0741505537826
-ala	0.0499314666145	0.897199921676	0.0411200313296	0.0117485803799
-rot	0.0246027678114	0.920041004613	0.0430548436699	0.0123013839057
-osa	0.0	1.0	0.0	0.0
-yox	0.643594713025	0.2550924952	0.067631379886	0.033681411889
-uvi	0.120481927711	0.373493975904	0.289156626506	0.21686746988
-yot	0.0	0.833333333333	0.166666666667	0.0
-yok	0.0	0.979797979798	0.020202020202	0.0
-yoi	0.274787997391	0.624374864101	0.0404979343336	0.0603392041748
-yoh	0.0	1.0	0.0	0.0
-nat	0.0	0.981176470588	0.0188235294118	0.0
-mle	0.212121212121	0.424242424243	0.363636363636	0.0
-mlo	0.166666666667	0.5	0.0	0.333333333333
-bim	0.153846153846	0.762820512821	0.0576923076924	0.025641025641
-xke	0.0361804442409	0.857568124571	0.0952599038241	0.0109915273643
-ora	0.0	1.0	0.0	0.0
-cha	0.29017572827	0.266965444038	0.16759051775	0.275268309942
-pen	0.0	1.0	0.0	0.0
-loi	0.858074138819	0.0500096840997	0.0728211189522	0.0190950581294
-peh	0.859239492995	0.0847231487658	0.0560373582388	0.0
-mga	0.0	1.0	0.0	0.0
-pet	0.0	1.0	0.0	0.0
-weh	1.0	0.0	0.0	0.0
-ela	0.0285714285714	0.971428571429	0.0	0.0
-iya	0.130325814536	0.829573934837	0.0100250626566	0.0300751879699
-chu	0.4624	0.350933333333	0.122666666667	0.064
-ele	0.0188679245283	0.981132075472	0.0	0.0
-ieb	0.644221947524	0.200218596377	0.100053902182	0.0555055539165
-nua	0.0	1.0	0.0	0.0
-hum	0.060606060606	0.939393939394	0.0	0.0
-itu	0.39705882353	0.205882352941	0.397058823529	0.0
-hun	0.0344549870729	0.7753282416	0.178765846264	0.0114509250632
-ero	0.0	1.0	0.0	0.0
-uta	0.0799999999999	0.92	0.0	0.0
-zon	0.0	1.0	0.0	0.0
-iti	0.255813953488	0.697674418605	0.0	0.0465116279069
-whu	0.0	1.0	0.0	0.0
-esa	0.0623014903494	0.909113119961	0.0168580503298	0.0117273393599
-ite	0.0	0.961538461538	0.0	0.0384615384615
-ivu	0.4375	0.5625	0.0	0.0
-aku	0.0740740740741	0.925925925926	0.0	0.0
-ita	0.0	0.974358974359	0.025641025641	0.0
-roe	0.635807192043	0.27467482785	0.071155317521	0.0183626625861
-fak	0.328621908127	0.422261484099	0.227915194346	0.0212014134276
-fah	0.477173030057	0.232331437855	0.225182778229	0.0653127538586
-gru	0.265486725664	0.628318584071	0.106194690266	0.0
-kon	0.0	0.896551724138	0.103448275862	0.0
-rin	0.0	0.333333333333	0.666666666667	0.0
-bra	0.0	1.0	0.0	0.0
-uda	0.0	1.0	0.0	0.0
-bre	0.225429553265	0.652233676976	0.0453608247422	0.0769759450172
-wba	0.0	1.0	0.0	0.0
-udi	0.0	1.0	0.0	0.0
-ioh	0.326086956522	0.54347826087	0.0869565217391	0.0434782608696
-abu	0.0357142857143	0.892857142857	0.0714285714286	0.0
-nju	0.0727272727273	0.327272727273	0.509090909091	0.0909090909091
-huh	0.630250040856	0.254535054747	0.0404477855858	0.0747671188102
-hui	0.131782945736	0.834390415786	0.0295983086681	0.00422832980972
-huk	0.0591952244527	0.900476157202	0.0233586551803	0.0169699631652
-hua	0.49917287014	0.36559139785	0.0372208436725	0.0980148883375
-abe	0.0101180438448	0.989881956155	0.0	0.0
-hux	0.0237258347979	0.95079086116	0.0149384885765	0.0105448154657
-aba	0.0	0.97619047619	0.0	0.0238095238095
-rom	0.349993030495	0.405377359952	0.14620471758	0.0984248919727
-hut	0.19801980198	0.80198019802	0.0	0.0
-pwi	0.0310398344541	0.512674599069	0.0103466114847	0.445938954992
-hup	0.463238487398	0.41516140966	0.0608000514709	0.0608000514709
-ron	0.00863422291994	0.987441130298	0.00313971742543	0.000784929356358
-veh	0.496296296297	0.244444444444	0.0444444444444	0.214814814815
-koe	0.732559199769	0.0152201018349	0.00764464682327	0.244576051572
-tua	0.157991798833	0.517324423423	0.300709466056	0.0239743116877
-tub	0.336448598131	0.607476635514	0.0	0.0560747663552
-tud	0.19644204174	0.720423686196	0.0671046014584	0.016029670606
-sox	0.0132488479263	0.966877880184	0.0103686635945	0.00950460829494
-hvi	0.0	1.0	0.0	0.0
-tug	0.369296577947	0.446292775665	0.124524714829	0.0598859315589
-tuh	0.192481203008	0.742857142857	0.0496240601503	0.015037593985
-vax	0.091054313099	0.870607028754	0.0383386581469	0.0
-tuk	0.85814889336	0.0882796780684	0.034708249497	0.0188631790744
-koi	0.440531390784	0.427147825171	0.0580920515319	0.0742287325131
-rit	0.00454076254663	0.989910266143	0.00374664795163	0.00180232335866
-kok	0.933163227339	0.0458791759739	0.00575652812236	0.015201068565
-roi	0.67697602831	0.232615071382	0.0535666674745	0.0368422328332
-som	0.689467417402	0.193147422561	0.0555370649635	0.0618480950731
-nli	0.0176241497514	0.965792638059	0.0125989339364	0.00398427825338
-son	0.103158907977	0.226681376434	0.0426491192196	0.62751059637
-soi	0.203099524903	0.729650602198	0.0314159990182	0.0358338738802
-kop	0.00141186581136	0.994536693165	0.00294650256284	0.00110493846107
-sok	0.292230933713	0.589807555239	0.0944404846757	0.0235210263721
-gan	0.0384615384615	0.903846153846	0.0576923076923	0.0
-tux	0.0160542070107	0.895763152323	0.0809062734605	0.00727636720629
-vak	0.346153846154	0.653846153846	0.0	0.0
-vah	0.282352941177	0.405882352941	0.1	0.211764705882
-vai	0.349933504322	0.56955922865	0.0626959247649	0.0178113422628
-van	0.327680798005	0.65885286783	0.0134663341646	0.0
-vao	0.119273471138	0.668343863933	0.183884058927	0.0284986060016
-vam	0.0	1.0	0.0	0.0
-edo	0.0	1.0	0.0	0.0
-rux	0.096919839036	0.804281615687	0.0133411924179	0.0854573528587
-kre	0.240635641317	0.561861520999	0.136208853576	0.061293984109
-lix	0.116539062523	0.816465995633	0.044346025513	0.0226489163305
-jee	0.331722162549	0.464792934718	0.0593746270438	0.144110275689
-lit	0.0164684354986	0.976212259835	0.00731930466606	0.0
-gak	0.462790697674	0.509302325581	0.0209302325581	0.00697674418605
-rup	0.661959949384	0.20015265029	0.105650069295	0.0322373310302
-pak	0.276060429359	0.452612035073	0.119073597751	0.152253937818
-lip	0.0980226059602	0.677923631679	0.138476147449	0.0855776149121
-rut	0.0114786870446	0.947120655188	0.0394660475914	0.00193461017605
-ruk	0.211672172143	0.646016203841	0.0486622115961	0.0936494124207
-ruh	0.160772103063	0.720137450224	0.107553559688	0.0115368870253
-kru	0.0348549152152	0.916559445394	0.0274614483513	0.0211241910395
-lih	0.345767410916	0.0162543624596	0.00860186615119	0.629376360473
-yix	0.0192941790996	0.0178390705961	0.00615622828414	0.95671052202
-rum	0.280618675281	0.215985707818	0.353676443596	0.149719173305
-rub	0.371319980434	0.571236867508	0.0153672335949	0.0420759184628
-lie	0.0989867738854	0.199136703903	0.00649553357147	0.69538098864
-oma	0.00576494151154	0.934101089456	0.0514380303218	0.00869593871101
-lig	0.05625	0.941964285714	0.0	0.00178571428572
-rug	0.442809592698	0.488097338367	0.013878597556	0.0552144713783
-rud	0.593340225257	0.283149246422	0.0889602263453	0.0345503019751
--ax	0.0714285714286	0.928571428571	0.0	0.0
-abo	0.0	1.0	0.0	0.0
-eax	0.0197530864198	0.977777777778	0.00246913580247	0.0
--41	0.943396226415	0.0	0.0	0.0566037735849
-eda	0.0314960629921	0.944881889764	0.0	0.0236220472441
-abi	0.0131578947368	0.9245951417	0.0	0.0622469635627
-oda	0.0	1.0	0.0	0.0
-gat	0.00831967729736	0.980587419639	0.00831967729736	0.00277322576579
-ode	0.0338983050847	0.966101694915	0.0	0.0
-eag	0.263636363636	0.481818181818	0.2	0.0545454545455
-odi	0.046511627907	0.925581395349	0.0186046511628	0.00930232558139
-eak	0.619681993984	0.332187365707	0.018048990116	0.0300816501934
-tah	0.481601217077	0.307121802796	0.0391429748661	0.172134005261
-izi	0.0	1.0	0.0	0.0
-eao	0.6	0.4	0.0	0.0
-ean	0.35294117647	0.529411764706	0.117647058823	0.0
-meu	0.315789473684	0.473684210526	0.105263157895	0.105263157895
-kaw	0.0295878267227	0.326392680468	0.008714866068	0.635304626742
-bua	0.0309917355372	0.969008264463	0.0	0.0
-met	0.0	1.0	0.0	0.0
-lex	0.133333333333	0.4	0.266666666667	0.2
-ura	0.0545454545455	0.927272727273	0.0	0.0181818181818
-gap	0.1	0.8	0.1	0.0
ALL	0.201783159292	0.273708215514	0.0453484706697	0.479160154524
-eha	0.0	1.0	0.0	0.0
-gti	0.583333333333	0.25	0.166666666667	0.0
-wzi	0.0	1.0	0.0	0.0
-xmo	0.0	1.0	0.0	0.0
-zek	0.0	1.0	0.0	0.0
