-nku	0.15063713718	0.15229489184	0.0493502050071	0.647717765973
-yka	0.101707175926	0.658976584758	0.0987023682336	0.140613871083
-uwa	0.297110629706	0.35588054654	0.0196073896474	0.327401434106
-mi-	0.173913043478	0.704347826087	0.0	0.121739130435
-una	0.259843129446	0.13776509243	0.0564756120496	0.545916166075
-yma	0.157894736842	0.842105263158	0.0	0.0
-tu-	0.0	1.0	0.0	0.0
--ji	0.0243331773514	0.964436125409	0.0	0.0112306972391
-uwu	0.0500694767773	0.782766558632	0.0890456167429	0.0781183478477
-nka	0.382306546334	0.415086310722	0.104237405739	0.0983697372045
-unu	0.43704808289	0.388298333771	0.0505688373554	0.124084745984
-ler	0.0528102602792	0.158430780837	0.224443606186	0.564315352697
-nki	0.047914975636	0.810577161716	0.0546332662476	0.0868745964006
-jai	0.572727272727	0.372727272727	0.0545454545455	0.0
-rra	0.232006171044	0.323175325599	0.0416251335862	0.40319336977
-lja	0.0522840289209	0.810181815104	0.0121974314916	0.125336724484
-ada	0.0	1.0	0.0	0.0
-uku	0.183256660023	0.306974694399	0.0596807438774	0.450087901701
-rri	0.216955908206	0.482073790967	0.0749325328417	0.226037767986
-alu	0.272341389236	0.160434850013	0.0381936803926	0.529030080359
-lji	0.256082062455	0.477795933188	0.134797869765	0.131324134592
-rju	0.159208331967	0.255925709963	0.186343384934	0.398522573136
-lju	0.286694098875	0.373117075878	0.118951841305	0.221236983942
-rji	0.405138339921	0.373517786561	0.181818181818	0.0395256916996
-rru	0.143741577853	0.179985233242	0.0327571991026	0.643515989802
-ali	0.236847002129	0.138205319756	0.0282436946336	0.596703983481
-rja	0.0	1.0	0.0	0.0
-ala	0.205658234488	0.233640977025	0.0525995374014	0.508101251086
-nti	0.31672399928	0.467158343695	0.0666769466951	0.14944071033
-ini	0.132178766077	0.593949051616	0.0512375190623	0.222634663244
-120	0.0618192522814	0.682072416838	0.0	0.25610833088
-nta	0.165810846596	0.166022728612	0.031187073827	0.636979350964
-ina	0.340273028284	0.0351969440553	0.0117727601741	0.612757267487
-000	0.212150099959	0.501820526098	0.0450155854042	0.241013788539
-pi-	0.202360876897	0.690676945314	0.0780534810889	0.0289086966996
-iny	0.278445075344	0.556453374099	0.0	0.165101550557
-apa	0.0988108821937	0.290184066639	0.0224836893238	0.588521361843
-ani	0.363093506542	0.291371741616	0.0645762714034	0.280958480439
-ja-	0.263385886264	0.233465974916	0.213317886465	0.289830252355
-ntu	0.154305678314	0.214869196683	0.0176921938507	0.613132931152
-inu	0.0	1.0	0.0	0.0
-atu	0.119728957926	0.581355801894	0.0487215923082	0.250193647872
-nma	0.124322591924	0.731309364256	0.0337975642445	0.110570479576
-iyu	0.0621734004588	0.902195386184	0.0044608717818	0.0311703415753
-rla	0.277534635994	0.293860681921	0.054518868249	0.374085813836
-ga-	0.466101694915	0.0593220338983	0.474576271186	0.0
-rku	0.141495529134	0.603419475287	0.0394025744325	0.215682421146
-nmi	0.0	0.284090909091	0.0795454545455	0.636363636364
-300	1.0	0.0	0.0	0.0
-rki	0.308698979785	0.394147972831	0.0297046959184	0.267448351465
-gi-	0.0	1.0	0.0	0.0
-iyi	0.261990926642	0.279122222896	0.0670592247057	0.391827625757
-lpi	0.5	0.166666666667	0.0	0.333333333333
-ata	0.265061251428	0.566463537101	0.0938296667062	0.074645544764
-rka	0.199045377706	0.638381561647	0.112300706023	0.0502723546245
-uyu	0.0830821466528	0.722613398531	0.0915685533695	0.102735901446
-ati	0.103795171398	0.523263209916	0.0227533245909	0.350188294095
-uli	0.0326904217064	0.799934619157	0.0333442301406	0.134030728996
-gka	0.151408533969	0.187244303582	0.0288102455513	0.632536916897
-upa	0.0	1.0	0.0	0.0
-130	0.404494382023	0.595505617977	0.0	0.0
-kaa	0.0789473684211	0.921052631579	0.0	0.0
-ula	0.118349598603	0.0379972254994	0.0162532175702	0.827399958327
-gki	0.153687946616	0.480796183865	0.0628607373511	0.302655132168
-nju	0.230104959961	0.468565248334	0.0663719045778	0.234957887127
-400	0.0	0.497497629168	0.218033856858	0.284468513974
-gku	0.193132704162	0.22580364223	0.0429658909745	0.538097762633
-uta	0.235012652862	0.0773374124496	0.0554131826978	0.632236751991
-ith	0.0	1.0	0.0	0.0
-iti	0.0799658168339	0.840413503824	0.0068280447475	0.0727926345948
-imi	0.222541913629	0.310234893043	0.100541760114	0.366681433214
-nii	0.382924901186	0.498656126482	0.105138339921	0.0132806324111
-ita	0.0693095155592	0.392888844394	0.0981050525746	0.439696587472
-rpi	0.499051388571	0.282277321645	0.0	0.218671289785
-nya	0.205709839941	0.173468983226	0.0449279049898	0.575893271843
-aji	0.0435200112617	0.573535258431	0.00486221983295	0.378082510474
-rpa	0.163386650537	0.482550503275	0.046675527836	0.307387318352
-nyi	0.446795043432	0.159260199903	0.0311803490456	0.362764407619
-iru	0.0	1.0	0.0	0.0
-aja	0.503484782511	0.0589419317668	0.0153869492431	0.42218633648
-666	0.0	0.624087591241	0.021897810219	0.35401459854
-lti	0.179276491303	0.636467114858	0.184256393839	0.0
-lu-	0.317860851506	0.30072689512	0.0955347871235	0.285877466251
-nyu	0.255183853228	0.564714438896	0.0253551007736	0.154746607102
-aju	0.208023499562	0.179928148449	0.03362243129	0.578425920699
-lta	0.0946372239748	0.479495268139	0.141955835962	0.283911671924
-rpu	0.0194918203968	0.677340758789	0.225548207449	0.0776192133658
-100	0.25677495385	0.545103474561	0.0246673102966	0.173454261292
-ilu	0.0770642201835	0.680733944954	0.23119266055	0.0110091743119
-ka-	0.670967741935	0.245161290323	0.0129032258065	0.0709677419355
-iwa	0.226449275362	0.501811594203	0.0760869565217	0.195652173913
-nja	0.0726384562131	0.0597936289948	0.0259226512876	0.841645263505
-utu	0.14735294141	0.104174621278	0.0400740878345	0.708398349478
--ka	0.360356575288	0.212712020947	0.0496169666902	0.377314437075
-la-	0.346153846154	0.423076923077	0.230769230769	0.0
-nji	0.149813804935	0.411347438597	0.365762423465	0.0730763330033
-ili	0.255545918251	0.210877680039	0.0661682315874	0.467408170122
-dji	0.0358422939068	0.910394265233	0.0537634408602	0.0
-ara	0.19966173557	0.424705951753	0.0733144705963	0.30231784208
-iya	0.222146911008	0.430963170465	0.0963334088722	0.250556509655
-amu	0.050463164231	0.921111594154	0.00668829214459	0.0217369494699
-ari	0.149578726352	0.288779325645	0.0731745156361	0.488467432367
-li-	0.0	1.0	0.0	0.0
-ami	0.435594157906	0.133125434277	0.0220749920109	0.409205415806
-aru	0.143542302708	0.328263983761	0.0510519251163	0.477141788415
-ama	0.0779537756145	0.592106020544	0.0449167618562	0.285023441986
-aya	0.33562522123	0.296403086821	0.028143967974	0.339827723975
-iri	0.0517936884536	0.540395249899	0.0265347724841	0.381276289164
-ika	0.35062383568	0.229705944835	0.0562882850777	0.363381934407
-ila	0.14180196502	0.760643857571	0.0710751863982	0.0264789910111
-ayi	0.196690911186	0.0883121273082	0.0211899084114	0.693807053095
-ira	0.083116773362	0.464029916968	0.309099744353	0.143753565317
-iki	0.158305845093	0.465997186435	0.0629071544509	0.312789814021
-ruu	0.149625935162	0.850374064838	0.0	0.0
-ayu	0.0	1.0	0.0	0.0
-uja	0.0260865563572	0.0144977132631	0.00213204231589	0.957283688064
-iku	0.566801619433	0.409581646424	0.023616734143	0.0
-imu	0.0128148230334	0.92893598136	0.00873737934097	0.0495118162653
-ni-	0.129166666667	0.733928571429	0.119047619048	0.0178571428571
-rnu	0.462158089275	0.177171095892	0.0593114684555	0.301359346377
-pa-	0.179744831565	0.642200727136	0.0935349280243	0.0845195132749
-na-	0.405674271825	0.2897300738	0.0997188154206	0.204876838955
-uni	0.0	1.0	0.0	0.0
-144	0.246910856134	0.347308031774	0.0132391879965	0.392541924095
-ki-	0.177777777778	0.702222222222	0.0266666666667	0.0933333333333
-ypi	0.203203441452	0.569994843112	0.0858335426942	0.140968172742
-upu	0.0387159681593	0.832628634756	0.0975086996304	0.0311466974542
-rna	0.227614376865	0.136109684936	0.0331174015963	0.603158536603
-wa-	0.10231316726	0.755338078292	0.0889679715302	0.0533807829181
-raa	0.370728234337	0.216842961758	0.0747558991049	0.337672904801
-du-	0.103448275862	0.206896551724	0.275862068965	0.413793103449
-rni	0.351548041441	0.230416974057	0.106475722196	0.311559262305
-umu	0.0787226242596	0.753717925982	0.103180138593	0.0643793111663
-uri	0.0708780795957	0.8852630629	0.0120025268478	0.0318563306561
-yku	0.0854328883507	0.914567111649	0.0	0.0
-ri-	0.39157014157	0.346203346203	0.204311454311	0.057915057915
-npa	0.237079828854	0.228792239923	0.0420033130931	0.492124618129
-ija	0.422700190469	0.245204721586	0.0701936735341	0.261901414411
-mpi	0.419770170267	0.0820648577101	0.0360989110162	0.462066061007
-ura	0.291306019751	0.136191104466	0.0435560918527	0.52894678393
-iji	0.190940778237	0.399374218156	0.0519137710937	0.357771232513
-mpa	0.238792038282	0.264741968104	0.134498949576	0.361967044039
-npu	0.915338097856	0.0351841671248	0.0	0.0494777350192
-iju	0.0427687113112	0.879572312887	0.0	0.0776589758019
-kya	0.421465968586	0.0	0.578534031414	0.0
-uma	0.0	1.0	0.0	0.0
-gu-	0.337466216216	0.292432432432	0.177364864865	0.192736486486
-ru-	0.408267415157	0.516713447308	0.0163306966063	0.0586884409288
-mpu	0.0987327258108	0.0512811136519	0.0103110735042	0.839675087033
-umi	0.0166574125486	0.916712937257	0.0	0.0666296501943
-uru	0.192860544864	0.448183481286	0.0550574705394	0.30389850331
-yki	0.828586030152	0.133535751326	0.0378782185212	0.0
-:00	0.0676328502417	0.0	0.378743961353	0.553623188406
ALL	0.231696801987	0.261212617588	0.0487950667472	0.458295513678
-ypa	0.173986916322	0.629956846705	0.0655655606701	0.130490676303
-aki	0.0437858204409	0.911124562976	0.00325949035539	0.0418301262276
-paa	0.216459977452	0.783540022548	0.0	0.0
-ima	0.0	1.0	0.0	0.0
-api	0.323258246249	0.428681918456	0.148392937185	0.0996668981095
-aka	0.249895360319	0.306098203926	0.0263961032164	0.417610332539
-ra-	0.380247521272	0.324414598129	0.1476689403	0.147668940299
-uju	0.192020149832	0.316136751952	0.0487330695533	0.443110028663
-waa	0.327503974563	0.016693163752	0.0143084260731	0.641494435612
-apu	0.249655508953	0.0306419024105	0.00572255494386	0.713980033693
-aku	0.214624194576	0.293025387899	0.0651305974676	0.427219820058
-rdu	0.114768666647	0.473789355005	0.0378815023737	0.373560475974
-ipi	0.0631573430468	0.834795369527	0.010603966169	0.0914433212571
-ipa	0.211400725746	0.224497551628	0.0844789765602	0.479622746066
-lku	0.336705638845	0.333588190247	0.0959715258595	0.233734645049
-lki	0.312053255786	0.324318265743	0.119276282891	0.24435219558
-rda	0.129164712491	0.0840264012809	0.0513555882233	0.735453298005
--ki	0.0293810394359	0.932097153304	0.00195873596239	0.036563071298
-lka	0.192610493109	0.438276686119	0.0887968655872	0.280315955185
-rdi	0.301113935839	0.354727876803	0.0578187766966	0.286339410662
-600	0.0	0.571428571428	0.0	0.428571428572
-age	0.0604751619871	0.0	0.293304535637	0.646220302376
-ipu	0.00379129806824	0.996208701932	0.0	0.0
-lpu	0.173260728837	0.791198608837	0.00444258279071	0.0310980795349
-rta	0.0	1.0	0.0	0.0
-anu	0.179575554204	0.136233757892	0.0286429092657	0.655547778638
-nga	0.135522404565	0.267517075132	0.0732535248814	0.523706995421
-rlu	0.224976079361	0.398391235217	0.0685046282686	0.308128057153
-awa	0.100579425192	0.0345940897216	0.00894941739581	0.85587706769
-rti	0.0844340750984	0.812965105039	0.0151389539704	0.0874618658925
-rtu	0.0552915805712	0.81277025024	0.0742497731145	0.0576883960747
-ana	0.271773613612	0.240453721244	0.0443416933094	0.443430971835
-yu-	0.437768240343	0.416309012875	0.145922746781	0.0
-rli	0.191380336579	0.443826818304	0.0593395074943	0.305453337623
-lpa	0.299405632409	0.223272576008	0.0666512063417	0.410670585241
-pii	0.380952380952	0.301587301587	0.0952380952381	0.222222222222
-ti-	0.547619047619	0.452380952381	0.0	0.0
-ulu	0.211208479733	0.147758975024	0.0428969742953	0.598135570948
-$10	0.229214223535	0.529046185524	0.0303499287152	0.211389662226
-itu	0.00832177531206	0.970873786408	0.0	0.0208044382801
-awu	0.100644413691	0.635768628083	0.112019629003	0.151567329223
-ju-	0.486370358603	0.353447786767	0.0844595233502	0.0757223312795
-$50	0.100250626566	0.545112781955	0.015037593985	0.339598997494
-nu-	0.348921562277	0.492842800699	0.0970270095213	0.0612086275018
-lyi	0.237911598932	0.65529516464	0.0533966182141	0.0533966182141
-wu-	0.0	0.258698940998	0.196671709531	0.544629349471
-uji	0.0	1.0	0.0	0.0
-lya	0.178708963592	0.383946367494	0.0872688269185	0.350075841996
-uka	0.136130081979	0.298045467174	0.0321070586917	0.533717392156
-ji-	0.348066298343	0.403314917127	0.0110497237569	0.237569060774
-ngi	0.120281002965	0.614267505298	0.0348313076853	0.230620184051
-lyu	0.0230973035644	0.737778339111	0.212660943902	0.0264634134227
-ing	0.164179104478	0.149253731343	0.365671641791	0.320895522388
-ngu	0.279862626573	0.251700155529	0.047719684557	0.420717533341
-rmu	0.388601036269	0.487046632124	0.0	0.124352331606
-ank	0.10066098113	0.170536129139	0.0280130097873	0.700789879944
-ku-	0.0	0.0	0.25	0.75
-da-	0.172268907563	0.676470588235	0.0378151260503	0.113445378151
-rma	0.0	1.0	0.0	0.0
-ya-	0.0331491712707	0.569060773481	0.364640883978	0.0331491712707
-200	0.22990604475	0.542196393078	0.0969810159271	0.130916546245
-rmi	0.504741833509	0.400421496312	0.0948366701791	0.0
