jer-	0.0407656629938	0.911721105817	0.000222718271197	0.0472905129175
neu-	0.411764705882	0.509803921569	0.0	0.078431372549
agu-	0.411230388109	0.318249380677	0.0564822460776	0.214037985136
ivi-	0.18015770227	0.0197603992077	0.00330133577124	0.796780562751
tut-	0.263618269432	0.331604860675	0.0395977372722	0.365179132621
wav-	0.174494487095	0.470449222567	0.0280269967403	0.327029293597
amg-	0.553113553114	0.336996336996	0.0659340659341	0.043956043956
dok-	0.204690831557	0.526652452026	0.127931769723	0.140724946695
jac-	0.0	1.0	0.0	0.0
gum-	0.2265625	0.1171875	0.6328125	0.0234375
ova-	0.732600732601	0.197802197802	0.029304029304	0.040293040293
huv-	0.0	0.960784313725	0.0	0.0392156862745
ver-	0.543899462733	0.171863074848	0.0203859720805	0.263851490339
hiv-	0.22956851377	0.103467499164	0.0179878841937	0.648976102873
mah-	0.367339420249	0.201218201801	0.0752472937377	0.356195084212
tum-	0.690189460766	0.189997698857	0.00736365728311	0.112449183094
eno-	0.539064248937	0.191179762704	0.0599955227222	0.209760465637
bov-	0.508602326725	0.226937571686	0.0317876454203	0.232672456169
ola-	0.0865701207271	0.81331477367	0.0	0.100115105603
no'-	0.3984375	0.2734375	0.0	0.328125
ruw-	0.0680203557212	0.0696326900791	0.0398045044591	0.822542449741
sig-	0.173729928929	0.33403527244	0.448802316399	0.0434324822322
tea-	0.0437317784257	0.0160349854228	0.8527696793	0.0874635568513
ana-	0.0510386089645	0.0472303325978	0.0188677259731	0.882863332465
apa-	0.322642048158	0.631674122014	0.0399733510992	0.00571047872847
aub-	0.144396391544	0.0508703139394	0.0110703900184	0.793662904498
uwa-	0.176449493089	0.593259929827	0.0927559268809	0.137534650203
vil-	0.638888888889	0.361111111111	0.0	0.0
nun-	0.3125	0.308653846154	0.0923076923077	0.286538461538
jim-	0.457697642164	0.384188626907	0.0249653259362	0.133148404993
der-	0.077965164501	0.905446502626	0.0	0.0165883328726
kuv-	0.592700729927	0.315328467153	0.0175182481752	0.0744525547445
hem-	0.134615384615	0.0	0.0	0.865384615385
jij-	0.478972902318	0.199022170831	0.15044492484	0.171560002011
nug-	0.0869565217391	0.130434782609	0.782608695652	0.0
yau-	0.733944954129	0.174311926606	0.0183486238532	0.0733944954128
ini-	0.314245707127	0.492961898445	0.0353747512713	0.157417643157
iwa-	0.25647696477	0.74352303523	0.0	0.0
gig-	0.367398648649	0.543918918919	0.0253378378378	0.0633445945947
tai-	0.384713375796	0.527388535032	0.0535031847134	0.0343949044586
mey-	0.159055042417	0.183067062224	0.0229109756391	0.63496691972
hum-	0.293150684931	0.515068493151	0.153424657534	0.0383561643835
dek-	0.0	0.841059602649	0.0	0.158940397351
abr-	0.0211622438697	0.97883775613	0.0	0.0
aml-	0.417475728155	0.368360936608	0.145631067961	0.0685322672759
nen-	0.420930840258	0.290079111096	0.0891479170291	0.199842131617
aig-	0.132075471698	0.754716981132	0.0	0.11320754717
wai-	0.130072506507	0.750487898232	0.0181688580518	0.101270737209
ira-	0.32979423095	0.245161138777	0.251104012027	0.173940618247
ate-	0.299283154122	0.516129032258	0.0448028673836	0.139784946237
naw-	0.102057346509	0.839624169772	0.0291592418597	0.0291592418597
kam-	0.128857826809	0.147974876638	0.0324227053036	0.690744591249
ibi-	0.0628272251309	0.643979057592	0.0314136125654	0.261780104712
ies-	0.00859609130013	0.572329327801	0.00134489042505	0.417729690473
sin-	0.573051948052	0.241883116883	0.112012987013	0.0730519480519
bod-	0.0330578512397	0.933884297521	0.0330578512397	0.0
kim-	0.305084745763	0.627118644068	0.0677966101695	0.0
dor-	0.232619439868	0.115540911587	0.407907742998	0.243931905546
tag-	0.159011254843	0.0902918308981	0.116914358568	0.633782555692
pat-	0.0975232390945	0.680942489382	0.0352063459992	0.186327925524
kov-	0.413524323614	0.212112927789	0.166505158118	0.207857590479
hud-	0.122478386167	0.22358309318	0.0403458213257	0.613592699328
ror-	0.462998882751	0.357775743281	0.143380299174	0.0358450747936
maw-	0.879310344828	0.120689655172	0.0	0.0
vog-	0.106060606061	0.833333333333	0.030303030303	0.030303030303
jor-	0.0108499095841	0.989150090416	0.0	0.0
noy-	0.882352941176	0.0588235294118	0.0	0.0588235294118
uam-	0.25550187869	0.323671497585	0.300590445518	0.120236178207
gen-	0.289683918027	0.162556443209	0.428968391803	0.118791246961
jam-	0.0	1.0	0.0	0.0
vig-	0.12579158014	0.764475339312	0.0419305267134	0.0678025538344
niu-	0.321724709784	0.578772802653	0.0348258706468	0.0646766169154
a'u-	0.0744097305033	0.174338182685	0.0100166944908	0.74123539232
por-	0.103398166778	0.821149116924	0.031857813548	0.0435949027498
amḡ-	0.327868852459	0.453551912568	0.0874316939891	0.131147540984
big-	0.075204359673	0.603269754769	0.0343324250681	0.28719346049
hor-	0.220360489015	0.218319712072	0.0459295425379	0.515390256376
nai-	0.253046099521	0.277566009043	0.0341796726904	0.435208218746
rat-	0.253030895581	0.10011732499	0.251075479077	0.395776300352
ḡet-	0.479706375552	0.177611991376	0.0650217309469	0.277659902125
gug-	0.0665502757083	0.718552834005	0.0667922767108	0.148104613576
epa-	0.426258992806	0.303956834532	0.118705035971	0.151079136691
500-	0.0311082307194	0.0174983797796	0.0	0.951393389501
oro-	0.11628403305	0.499039604866	0.0406719717065	0.344004390378
nan-	0.150898741041	0.0767409184282	0.0539925792759	0.718367761255
yeb-	0.602510460251	0.347280334728	0.0502092050209	0.0
six-	0.0714285714286	0.0	0.0	0.928571428571
lau-	0.318407960199	0.473631840796	0.161194029851	0.0467661691542
bu'-	0.232358003442	0.620113105483	0.125399557413	0.0221293336612
bir-	0.21557345608	0.2416570771	0.508247027234	0.0345224395857
yis-	0.151162790698	0.831395348837	0.0174418604651	0.0
mel-	0.107217495652	0.381571318781	0.0297976188871	0.481413566681
mir-	0.382390568955	0.249064037862	0.212622342221	0.155923050962
isa-	0.101191272922	0.856645696694	0.0	0.0421630303841
yah-	0.245901639344	0.16393442623	0.590163934426	0.0
bab-	0.374547442859	0.417420691097	0.0564836906709	0.151548175373
ita-	0.20930556208	0.0609037405331	0.0176674451377	0.712123252249
tuh-	0.617973629424	0.137751561416	0.00208188757807	0.242192921582
war-	0.363609333396	0.414299207439	0.0665526594802	0.155538799684
hur-	0.422976501305	0.56135770235	0.0	0.0156657963446
ne'-	0.746569588351	0.0243629235508	0.0193223186783	0.20974516942
moi-	0.327974276527	0.247588424437	0.0	0.424437299035
ura-	0.196675391402	0.680884282767	0.0355261771932	0.0869141486385
bo'-	0.422952477029	0.296868769841	0.159383123038	0.120795630092
vou-	0.0560776814359	0.267495177651	0.56905921886	0.107367922053
tow-	0.211538461539	0.576923076923	0.192307692308	0.0192307692308
jud-	0.080174438108	0.872861455887	0.0060382422006	0.0409258638041
tua-	0.361302747117	0.389753465657	0.123459926998	0.125483860228
ḡaḡ-	0.223388305847	0.308845577211	0.287856071964	0.179910044978
non-	0.658624585823	0.136205554576	0.0717964536746	0.133373405926
uba-	0.0572139303482	0.587064676617	0.0746268656716	0.281094527363
dod-	0.337910784401	0.484373173432	0.100121713897	0.0775943282699
tau-	0.111253980192	0.229188915823	0.0120809528501	0.647476151135
ḡeḡ-	0.0638041733548	0.438202247191	0.390850722311	0.107142857143
pou-	0.262287413545	0.336095425841	0.107587958168	0.294029202446
mal-	0.558282208589	0.257668711656	0.0490797546012	0.134969325153
sab-	0.0	0.98778998779	0.0	0.01221001221
ole-	0.411949685535	0.169811320755	0.0	0.418238993711
gra-	0.13373408609	0.825235711312	0.0174683040762	0.0235618985213
ḡab-	0.0434782608696	0.478260869565	0.478260869565	0.0
eḡa-	0.0884837443158	0.0652703770878	0.0124607083531	0.833785170243
koj-	0.0536912751678	0.604026845638	0.261744966443	0.0805369127517
tuw-	0.148148148148	0.735909822866	0.0193236714976	0.0966183574879
hog-	0.712121212121	0.227272727273	0.0	0.060606060606
maḡ-	0.0458239126055	0.0567258400304	0.83902307985	0.0584271675136
yav-	0.504608621668	0.406480431083	0.0514747589336	0.0374361883154
ta'-	0.228593671301	0.0630620270089	0.00735093538797	0.700993366302
vip-	0.4363757495	0.310459693538	0.0999333777482	0.153231179214
gub-	0.337078651685	0.654494382023	0.00842696629214	0.0
red-	0.338028169014	0.478873239437	0.183098591549	0.0
and-	0.0	1.0	0.0	0.0
viy-	0.325251601098	0.413083257091	0.106587374199	0.155077767612
ALL	0.262968968918	0.29470983171	0.0515084927092	0.390812706663
ḡul-	0.0	0.433962264151	0.566037735849	0.0
dud-	0.270967741935	0.445161290323	0.0774193548387	0.206451612903
ine-	0.305084745763	0.694915254237	0.0	0.0
ḡam-	0.107843137255	0.615196078431	0.232843137255	0.0441176470588
oil-	0.47	0.38	0.15	0.0
uji-	0.111882316378	0.197244379986	0.0298352843676	0.661038019269
mae-	0.309334898412	0.233077649815	0.1051611878	0.352426263973
per-	0.175438596491	0.736140350877	0.00631578947368	0.0821052631579
ger-	0.40095879233	0.339453284374	0.0724194206446	0.187168502652
mor-	0.231875880972	0.494987116379	0.170274769737	0.102862232912
bae-	0.731331168831	0.0413961038961	0.0900974025974	0.137175324675
vi'-	0.456687205509	0.242479159116	0.0253715114172	0.275462123958
tel-	0.397178281317	0.117999144934	0.395040615648	0.0897819581017
ḡuḡ-	0.170212765957	0.730496453901	0.0992907801418	0.0
guy-	0.076989300209	0.774197515681	0.0276718730784	0.121141311032
ata-	0.543982488389	0.116533599001	0.0479043596615	0.291579552949
far-	0.0665033251662	0.88799439972	0.0210010500525	0.0245012250613
muh-	0.268656716418	0.276119402985	0.298507462687	0.15671641791
uan-	0.213888888889	0.5	0.00555555555555	0.280555555556
lev-	0.185878962536	0.723342939481	0.00432276657061	0.0864553314121
num-	0.0806601764828	0.715245659731	0.0230160537966	0.18107810999
ami-	0.100020857657	0.259241500505	0.0355778889654	0.605159752873
riy-	0.398285714286	0.282857142857	0.0891428571429	0.229714285714
ome-	0.132352941176	0.705882352941	0.0	0.161764705882
ḡir-	0.597966728281	0.263401109057	0.0	0.138632162662
waḡ-	0.524714828897	0.365019011407	0.110266159696	0.0
jai-	0.053125	0.9375	0.001875	0.00749999999998
win-	0.0108695652174	0.989130434783	0.0	0.0
gid-	0.0424242424242	0.593939393939	0.363636363636	0.0
alp-	0.00625000000001	0.99375	0.0	0.0
nol-	0.398659966499	0.276463618908	0.0068635862238	0.318012828369
nem-	0.475669882101	0.063451232583	0.0257234726688	0.435155412647
aih-	0.283922462942	0.568985176739	0.0957810718358	0.0513112884834
wan-	0.559813328325	0.223141855323	0.0949785373292	0.122066279022
pon-	0.231372707488	0.467461769816	0.158635778487	0.142529744208
ged-	0.678691863755	0.210093923277	0.0370714043227	0.0741428086455
rap-	0.36231884058	0.608695652174	0.0	0.0289855072464
sik-	0.430379746835	0.493670886076	0.0	0.0759493670886
ḡou-	0.491255961844	0.322734499205	0.0906200317965	0.0953895071542
ari-	0.16	0.58	0.16	0.1
ben-	0.619347484864	0.259006652216	0.021582330518	0.100063532401
bog-	0.250323088161	0.715682418385	0.0216328594707	0.0123616339832
syr-	0.0	0.792307692308	0.0	0.207692307692
vib-	0.102753058954	0.732202447163	0.0287819799778	0.136262513904
kia-	0.591672263264	0.108126259234	0.0329079919409	0.267293485561
kei-	0.0196078431373	0.980392156863	0.0	0.0
bun-	0.704444444445	0.255555555555	0.04	0.0
lam-	0.376833013816	0.174843200215	0.0196273893646	0.428696396604
hih-	0.279661016949	0.347457627119	0.0508474576271	0.322033898305
egh-	0.0780507327515	0.0578601589165	0.00554004164025	0.858549066692
am--	0.374289602177	0.14496117826	0.42359721444	0.0571520051228
sat-	0.149056603774	0.824528301887	0.00377358490566	0.022641509434
pur-	0.326807806279	0.485444768498	0.0782811298389	0.109466295384
gur-	0.118714084725	0.213193562291	0.15853354261	0.509558810374
eya-	0.310943136918	0.451125236214	0.0438069060299	0.194124720838
ḡae-	0.323656702469	0.132338351378	0.219269867288	0.324735078865
ani-	0.265085249166	0.241571969238	0.0344832467042	0.458859534892
ou'-	0.0560344827586	0.931034482759	0.0	0.0129310344827
evo-	0.324234053503	0.200075623103	0.0573475196672	0.418342803727
yad-	0.0379266750948	0.791403286979	0.170670037927	0.0
aut-	0.030303030303	0.957575757576	0.0	0.0121212121212
aue-	0.361344537815	0.260504201681	0.117647058824	0.260504201681
ghu-	0.386653706442	0.440412568314	0.0850166846326	0.0879170406115
ḡei-	0.75	0.0333333333333	0.0166666666667	0.2
ded-	0.488708449632	0.151738137529	0.0395838619639	0.319969550875
ahu-	0.219742999716	0.483026087856	0.161879152985	0.135351759444
mom-	0.0720720720721	0.645645645646	0.072072072072	0.21021021021
ban-	0.626043405676	0.0434056761269	0.0901502504174	0.24040066778
ter-	0.348888490683	0.242576713903	0.0679441025695	0.340590692845
wen-	0.168653250256	0.319905768343	0.0772994063673	0.434141575034
dab-	0.471008737093	0.254964257347	0.157267672756	0.116759332804
did-	0.431972789116	0.284013605442	0.0238095238095	0.260204081633
puy-	0.229764097167	0.385687976848	0.178023327195	0.20652459879
nam-	0.40206185567	0.355670103093	0.0670103092784	0.175257731959
bai-	0.206722418378	0.13883897272	0.048944865179	0.605493743723
ale-	0.108552631579	0.871710526316	0.0197368421053	0.0
ker-	0.0950376911156	0.870403148479	0.00357508555921	0.0309840748465
sid-	0.131868131868	0.554945054945	0.0	0.313186813187
oli-	0.129427792916	0.82970027248	0.0408719346049	0.0
mod-	0.0858141421706	0.721962179367	0.0755164451101	0.116707233352
dec-	0.0740740740741	0.740740740741	0.0	0.185185185185
net-	0.500926612305	0.251853224611	0.00444773906598	0.242772424018
amd-	0.411946446962	0.173017507724	0.185375901133	0.229660144181
voh-	0.363773206222	0.408764007359	0.12376651614	0.103696270279
kon-	0.468664850136	0.41689373297	0.0817438692098	0.0326975476839
eli-	0.00740131578947	0.987664473684	0.0	0.00493421052631
vik-	0.0691051765599	0.245158840653	0.653841285913	0.0318946968738
mut-	0.0741071122242	0.750917761691	0.0905753593851	0.0843997666998
ae--	0.356067822442	0.52791007811	0.0440083825491	0.0720137168984
vit-	0.238529043943	0.301231187201	0.326016645823	0.134223123032
heg-	0.522653100403	0.154588212709	0.0607122288347	0.262046458053
var-	0.0842484097458	0.77772450013	0.0153560305658	0.122671059558
ene-	0.503105590062	0.180124223602	0.0931677018634	0.223602484472
pan-	0.579476607731	0.279501498035	0.00477590610767	0.136245988127
ḡai-	0.229066122038	0.47053488692	0.110244496406	0.190154494636
nim-	0.422209429597	0.224436319646	0.232583896334	0.120770354423
guh-	0.861159929701	0.138840070299	0.0	0.0
tor-	0.213012878107	0.487496256364	0.0853548966756	0.214135968853
avi-	0.353030221117	0.238525166243	0.0391955452236	0.369249067416
tug-	0.615590942177	0.117071662894	0.101466761061	0.165870633868
yam-	0.376951051915	0.0980070858801	0.0122834429288	0.512758419276
ina-	0.473015313827	0.056140732814	0.0100506353724	0.460793317986
ruv-	0.359247236718	0.349673336894	0.135760364876	0.155319061511
rov-	0.338008530566	0.152416708978	0.403680223341	0.105894537115
mai-	0.20853778848	0.155800847372	0.0172719234827	0.618389440665
ḡiḡ-	0.422222222222	0.133333333333	0.177777777778	0.266666666667
rab-	0.0355329949239	0.903553299492	0.0	0.0609137055837
vio-	0.369668246445	0.601895734597	0.0	0.0284360189573
swo-	0.65625	0.3125	0.03125	0.0
pae-	0.462102689486	0.508557457213	0.00733496332518	0.0220048899755
vur-	0.828920570265	0.128309572301	0.00610997963338	0.0366598778004
lab-	0.373287671233	0.469178082192	0.102739726027	0.054794520548
kau-	0.3901620268	0.19328430838	0.0461752428064	0.370378422013
wit-	0.431486880466	0.533527696793	0.0	0.0349854227405
aet-	0.542857142857	0.251428571429	0.0228571428571	0.182857142857
yes-	0.012588788955	0.573940290185	0.00122728760349	0.412243633256
po'-	0.533333333333	0.288888888889	0.177777777778	0.0
yar-	0.520599250936	0.232209737828	0.067415730337	0.179775280899
ivo-	0.457808585841	0.0692752479325	0.00257369342164	0.470342472805
tur-	0.126645755696	0.229112791418	0.0523102034395	0.591931249447
tah-	0.461538461538	0.328671328671	0.0	0.20979020979
amm-	0.0470588235294	0.705882352941	0.0	0.247058823529
kun-	0.482456140351	0.394736842105	0.105263157895	0.0175438596491
pe'-	0.607780612245	0.109056122449	0.103954081633	0.179209183673
har-	0.565566953147	0.279512059884	0.0296090934294	0.12531189354
nei-	0.858192659471	0.0451063141488	0.00180131164897	0.0948997147311
agi-	0.0	1.0	0.0	0.0
aid-	0.170563601466	0.444250567091	0.332838946083	0.0523468853604
nav-	0.288299935359	0.291531997414	0.0245636716225	0.395604395604
bia-	0.0	0.414965986395	0.326530612245	0.258503401361
daw-	0.0391261819367	0.960873818063	0.0	0.0
gir-	0.553003472394	0.239555612714	0.0299259024762	0.177515012415
we'-	0.104339725177	0.0613306420309	0.0135082679916	0.820821364801
met-	0.16199376947	0.489909250982	0.0623052959502	0.285791683597
tao-	0.150417827298	0.841225626741	0.008356545961	0.0
100-	0.0435650937648	0.256042244939	0.080427865412	0.619964795884
kol-	0.10495049505	0.805940594059	0.029702970297	0.0594059405941
lol-	0.365585143949	0.504798305014	0.129616551036	0.0
tuy-	0.256535874939	0.257114862156	0.0469552271093	0.439394035795
lav-	0.636678832117	0.231934306569	0.0689781021898	0.0624087591241
ipa-	0.661808435011	0.0110368253775	0.00174265663855	0.325412082973
eta-	0.185605637307	0.654114798895	0.0154572279628	0.144822335836
mat-	0.264243039629	0.446698172223	0.169405291568	0.11965349658
bob-	0.173913043478	0.801242236025	0.0	0.0248447204969
ru'-	0.113378684807	0.512471655329	0.204081632653	0.170068027211
mem-	0.312381563346	0.414640914841	0.00181641913151	0.271161102682
par-	0.585635858147	0.217025102866	0.0181788298735	0.179160209113
dua-	0.0	0.4	0.563636363636	0.0363636363636
ala-	0.144117647059	0.652941176471	0.15	0.0529411764705
dig-	0.227722772277	0.693069306931	0.0	0.0792079207921
aem-	0.22618839462	0.739798312955	0.0194361670995	0.0145771253246
pom-	0.0123839009288	0.766769865841	0.0768833849329	0.143962848297
yoh-	0.255652173913	0.0713043478261	0.0	0.673043478261
rag-	0.265707458952	0.607412080029	0.0489762241307	0.0779042368882
tha-	0.00602409638555	0.993975903614	0.0	0.0
geh-	0.177272727273	0.645454545455	0.15	0.0272727272727
her-	0.0155083285468	0.928489373923	0.0344629523263	0.0215393452039
gay-	0.105860113422	0.65595463138	0.170132325142	0.0680529300567
via-	0.295608537462	0.53434665466	0.0419393023914	0.128105505487
gob-	0.48389092736	0.443243026504	0.0356625361756	0.0372035099609
egu-	0.602724177072	0.335981838819	0.0	0.061293984109
ona-	0.232468656007	0.0864476433105	0.00867420358233	0.672409497101
dan-	0.540822445593	0.333604005035	0.0378147620269	0.0877587873454
aru-	0.0844094342673	0.570643812516	0.227970154081	0.116976599136
tev-	0.0917845320493	0.74069615809	0.0479486407864	0.119570669074
hay-	0.370109270356	0.450123369757	0.0634473034896	0.116320056398
oḡa-	0.260495526497	0.659210828172	0.0	0.0802936453316
ḡer-	0.223270440252	0.308962264151	0.0943396226415	0.373427672956
vom-	0.456241980061	0.215557447439	0.0336837429671	0.294516829533
oiu-	0.400705645161	0.304435483871	0.0907258064516	0.204133064516
vot-	0.539930795848	0.184359861592	0.0440138408305	0.23169550173
vav-	0.0779648935223	0.384077341174	0.330571148534	0.207386616769
tuo-	0.476394849785	0.343347639485	0.038626609442	0.141630901288
eni-	0.534467323187	0.174574753805	0.14503133393	0.145926589078
don-	0.327224519564	0.583855774033	0.0675789768665	0.0213407295368
deg-	0.624906733614	0.133610133338	0.130880171347	0.110602961701
tat-	0.618427308168	0.12256346867	0.013692117524	0.245317105638
uri-	0.576470588235	0.352941176471	0.0705882352941	0.0
tov-	0.553191489362	0.234042553191	0.031914893617	0.18085106383
ave-	0.245207667732	0.222044728434	0.0670926517572	0.465654952077
wek-	0.0523497917906	0.179357525283	0.0	0.768292682927
air-	0.551961180752	0.299009300445	0.011039223615	0.137990295188
ḡau-	0.553271028037	0.252336448598	0.0299065420561	0.164485981308
kip-	0.322376738306	0.677623261694	0.0	0.0
pot-	0.252370960974	0.351070079731	0.280738564834	0.115820394461
mam-	0.392917369309	0.0874648679033	0.0591343451377	0.46048341765
hiy-	0.861271676301	0.0809248554913	0.0	0.0578034682081
joh-	0.0133202981791	0.933398509104	0.019797140413	0.0334840523036
boi-	0.179757511861	0.230363732209	0.0537691091197	0.536109646811
sis-	0.445288753799	0.5	0.0182370820669	0.0364741641338
wat-	0.0820052216637	0.0273231110341	0.00641451887247	0.88425714843
noḡ-	0.196531791908	0.664739884393	0.0924855491329	0.0462427745665
a'i-	0.588709677419	0.241935483871	0.0	0.16935483871
pai-	0.329712362301	0.436811505508	0.0183598531212	0.21511627907
ama-	0.229966009648	0.52906324046	0.0338643723388	0.207106377553
kok-	0.175582728315	0.764042797096	0.00687810470004	0.0534963698892
abu-	0.0765502671803	0.349032765834	0.373472515637	0.200944451348
vok-	0.305857739053	0.436375361368	0.1315765368	0.126190362779
tuv-	0.134357005758	0.440179142674	0.00895713371721	0.41650671785
yaw-	0.422997882675	0.324791381243	0.076208120563	0.176002615519
ote-	0.470551378446	0.377192982456	0.103383458647	0.0488721804512
avo-	0.590138674884	0.0801232665639	0.0	0.329738058552
bet-	0.0	0.997280145059	0.0	0.00271985494107
vis-	0.156462585034	0.503401360544	0.0816326530613	0.258503401361
hip-	0.518701639711	0.0410625995139	0.027933741166	0.412302019609
ovi-	0.354771293016	0.0906495587954	0.0267727864642	0.527806361724
sal-	0.0	1.0	0.0	0.0
phi-	0.00264283916436	0.944500377548	0.0	0.0528567832872
ogh-	0.32052670752	0.408221922409	0.00540520830427	0.265846161766
aun-	0.51876379691	0.167770419426	0.132450331126	0.181015452539
gab-	0.186543704264	0.516539921475	0.0305231989356	0.266393175326
upo-	0.3671875	0.5859375	0.0	0.046875
400-	0.0258302583026	0.00369003690037	0.00738007380074	0.963099630996
rai-	0.705882352941	0.0	0.117647058824	0.176470588235
yan-	0.481791449898	0.10721556209	0.0176430671794	0.393349920832
bad-	0.0947968189321	0.716202275907	0.0600815421966	0.128919362964
sim-	0.00396825396825	0.990079365079	0.0	0.00595238095239
gho-	0.475254990829	0.221969885119	0.0717473989651	0.231027725088
rug-	0.363075462743	0.552918841955	0.063122923588	0.0208827717133
vij-	0.256198347107	0.429752066116	0.198347107438	0.115702479339
ma'-	0.293381530776	0.220373730465	0.0619739686335	0.424270770126
gal-	0.0948869817478	0.763447358878	0.0454490511302	0.0962166082437
hav-	0.269932256384	0.235539343408	0.059405940594	0.435122459614
kar-	0.543729617551	0.252001185888	0.0435813815595	0.160687815001
kay-	0.434949090593	0.31163519276	0.118179444783	0.135236271865
amn-	0.0413302575933	0.924067666282	0.0115340253749	0.0230680507497
vob-	0.348497854077	0.579399141631	0.0	0.0721030042919
oim-	0.281690140845	0.338028169014	0.0140845070423	0.366197183099
evi-	0.370130951597	0.13699154333	0.0197765818044	0.473100923269
ete-	0.253903040263	0.373048479869	0.0714872637634	0.301561216105
van-	0.154838709677	0.632258064516	0.058064516129	0.154838709677
not-	0.427668010671	0.313639542249	0.0462220047102	0.21247044237
tak-	0.453237410072	0.309352517986	0.107913669065	0.129496402878
uat-	0.158765159868	0.742006615215	0.0992282249173	0.0
mei-	0.223300970874	0.611650485437	0.145631067961	0.0194174757281
kak-	0.713310580205	0.286689419795	0.0	0.0
nel-	0.624744412957	0.155289306597	0.00602647343688	0.213939807009
one-	0.299319727891	0.619047619048	0.0816326530612	0.0
daj-	0.295510983763	0.523973256925	0.0521489971347	0.128366762178
gog-	0.366600720096	0.396489334867	0.0512143557653	0.185695589272
a'r-	0.0459770114943	0.827586206897	0.126436781609	0.0
poi-	0.409638554217	0.512048192771	0.0301204819277	0.0481927710843
unu-	0.234963279725	0.633262061913	0.106674723436	0.0250999349261
lal-	0.200668896321	0.623745819398	0.0752508361204	0.100334448161
bua-	0.161764705882	0.647058823529	0.132352941176	0.0588235294118
ram-	0.181818181818	0.49494949495	0.0	0.323232323232
mep-	0.114367726792	0.0688582521796	0.0245505929017	0.792223428127
lad-	0.0	0.965517241379	0.0	0.0344827586207
gau-	0.0681003584229	0.910394265233	0.0	0.0215053763441
nau-	0.594202898551	0.405797101449	0.0	0.0
nuw-	0.41309945273	0.283628186062	0.129653763594	0.173618597614
jib-	0.546805349183	0.191679049034	0.227340267459	0.0341753343239
wel-	0.372881355932	0.627118644068	0.0	0.0
fon-	0.0631578947368	0.273684210526	0.0	0.663157894737
twe-	0.0606060606061	0.010101010101	0.0	0.929292929293
pop-	0.29034373463	0.474014973496	0.185146729329	0.0504945625444
gol-	0.0	0.986666666667	0.0133333333333	0.0
aiw-	0.146293129193	0.073909575803	0.00625629918147	0.773540995822
dog-	0.059375	0.865625	0.0750000000001	0.0
aen-	0.334196891192	0.603626943005	0.0466321243523	0.0155440414508
aiv-	0.499479708637	0.14151925078	0.0	0.359001040583
rui-	0.474552256515	0.214470176026	0.0314153300669	0.279562237391
ras-	0.647577092511	0.253303964758	0.00660792951541	0.0925110132158
gul-	0.306043089858	0.611981082501	0.0573830793484	0.0245927482922
oai-	0.218863361548	0.232164449819	0.146311970979	0.402660217654
koy-	0.122141997593	0.728640192539	0.057761732852	0.0914560770156
men-	0.263419430864	0.39518169729	0.0627539036927	0.278644968153
ava-	0.18485849938	0.101428440881	0.0235823000449	0.690130759694
hop-	0.23512292257	0.345255418549	0.0480968063108	0.37152485257
ain-	0.159427443238	0.395360315893	0.0695952615992	0.375616979269
noi-	0.35916856492	0.213895216401	0.0	0.426936218679
tap-	0.301329076462	0.418596308719	0.128064857496	0.152009757323
uru-	0.515748031496	0.413385826772	0.0236220472441	0.0472440944882
deb-	0.103738150599	0.795922017528	0.0214630656412	0.0788767662314
dew-	0.0337078651685	0.303370786517	0.23595505618	0.426966292135
mag-	0.125847242412	0.273065134771	0.428665253866	0.172422368951
vow-	0.422033262473	0.469175940978	0.0187570338877	0.090033762661
opu-	0.343022071616	0.168049011118	0.0185191296066	0.470409787659
aḡa-	0.527407407407	0.322962962963	0.0266666666667	0.122962962963
wap-	0.191536481714	0.682169150655	0.00538696354821	0.120907404082
nia-	0.123456790123	0.799382716049	0.0462962962963	0.0308641975309
dob-	0.101001147047	0.540565982311	0.0529556783289	0.305477192313
taw-	0.381575772958	0.203330645366	0.0369072500492	0.378186331627
leb-	0.19	0.315	0.475	0.02
mon-	0.393305439331	0.476987447699	0.0878661087866	0.0418410041841
tou-	0.555595408895	0.264705882353	0.0107604017217	0.16893830703
alo-	0.0272451446786	0.735219516279	0.0251290169366	0.212406322106
tho-	0.00693568726356	0.993064312736	0.0	0.0
ano-	0.323746534178	0.160861578929	0.0144165562767	0.500975330617
opa-	0.0	0.808510638298	0.191489361702	0.0
ḡav-	0.177218154544	0.31532898002	0.00468418029633	0.502768685139
sun-	0.0214541120381	0.506555423123	0.185935637664	0.286054827175
hit-	0.259141545091	0.0460811139124	0.0100964238347	0.684680917162
man-	0.249167662626	0.555361106368	0.0958255079392	0.0996457230665
vin-	0.439787041372	0.193448447108	0.152277859591	0.214486651929
sip-	0.0316016279626	0.9157289921	0.00957625089777	0.04309312904
gah-	0.330543933054	0.234309623431	0.322175732218	0.112970711297
ema-	0.0146137787056	0.788100208768	0.0657620041754	0.131524008351
zeb-	0.0	1.0	0.0	0.0
rup-	0.513258153002	0.319719597684	0.086558975922	0.0804632733923
amo-	0.644279400374	0.279172552057	0.0430582767576	0.0334897708115
pet-	0.100935930604	0.876293562624	0.0015979302998	0.0211725764724
his-	0.232394366197	0.633802816901	0.0492957746479	0.0845070422535
sai-	0.409090909091	0.474025974026	0.116883116883	0.0
apo-	0.220334182514	0.166829234058	0.102073298195	0.510763285233
ḡun-	0.641434262948	0.239043824701	0.0239043824701	0.0956175298805
amb-	0.149697041701	0.786147083284	0.0427705833432	0.0213852916716
lot-	0.0584415584416	0.405844155844	0.0487012987013	0.487012987013
gag-	0.12796922108	0.583586989175	0.288443789745	0.0
nua-	0.376081938886	0.31451534239	0.126781507796	0.182621210929
awa-	0.212236466858	0.247115008721	0.0138897746324	0.526758749788
iav-	0.828571428571	0.102857142857	0.0	0.0685714285714
rub-	0.785684311492	0.0698399376536	0.0152868533061	0.129188897548
bau-	0.354191263282	0.440377804014	0.0	0.205430932704
lep-	0.0	0.786301369863	0.213698630137	0.0
bul-	0.745762711864	0.203389830508	0.0338983050847	0.0169491525424
aie-	0.0624133148405	0.812760055478	0.0416088765604	0.0832177531207
dav-	0.0	0.960526315789	0.0	0.0394736842105
na'-	0.318982387476	0.170254403131	0.0454990215264	0.465264187867
hep-	0.491935483871	0.290322580645	0.217741935484	0.0
tae-	0.714285714286	0.0952380952381	0.0	0.190476190476
tan-	0.22751389877	0.293268763702	0.0608587453122	0.418358592217
vag-	0.334400816857	0.543070639562	0.107212475633	0.0153160679476
hub-	0.231116121759	0.317925591883	0.236753100338	0.21420518602
bar-	0.239285714286	0.725892857143	0.01875	0.0160714285714
abo-	0.0409391932571	0.937387116195	0.0216736905479	0.0
ive-	0.0	1.0	0.0	0.0
uau-	0.30669492582	0.483854880938	0.149607280888	0.0598429123551
mos-	0.0491746905089	0.918844566713	0.00618982118294	0.0257909215956
eḡe-	0.587572815534	0.207378640777	0.0256310679612	0.179417475728
mau-	0.15401540154	0.74697469747	0.0660066006601	0.03300330033
giu-	0.371350887235	0.317830566686	0.0708357183743	0.239982827705
law-	0.379161956607	0.299391524549	0.0547822167112	0.266664302133
oye-	0.715517241379	0.103448275862	0.129310344828	0.0517241379311
ḡok-	0.0948616600791	0.0355731225296	0.869565217391	0.0
boa-	0.612244897959	0.285714285714	0.0510204081633	0.0510204081633
vai-	0.508781902341	0.233174353343	0.0246237395043	0.233420004811
iḡo-	0.0	0.873693508023	0.0631532459885	0.0631532459885
ton-	0.10101010101	0.0796312640973	0.00784544473866	0.811513190154
te'-	0.58024691358	0.246913580247	0.0246913580247	0.148148148148
rav-	0.125345809527	0.372442507779	0.0215078752481	0.480703807446
gui-	0.795918367347	0.204081632653	0.0	0.0
pok-	0.303200449186	0.373385738349	0.0	0.323413812465
poe-	0.41726618705	0.561151079137	0.0	0.021582733813
aya-	0.350486105438	0.238366732414	0.130950852581	0.280196309567
mar-	0.131084100628	0.283481396813	0.0194352573258	0.565999245233
ḡor-	0.621955859969	0.21099695586	0.0243531202436	0.142694063927
amv-	0.496224399189	0.158557186275	0.0401202705727	0.305098143964
kah-	0.523990384615	0.234711538462	0.0	0.241298076923
dam-	0.201539124076	0.506099399797	0.146102103992	0.146259372135
sir-	0.0810810810811	0.315315315315	0.045045045045	0.558558558559
viw-	0.184782608696	0.652173913044	0.083850931677	0.0791925465839
han-	0.503533568905	0.496466431095	0.0	0.0
efa-	0.012987012987	0.987012987013	0.0	0.0
ayo-	0.0341752567774	0.675570752041	0.0418352281241	0.248418763058
pei-	0.167480450727	0.73507637794	0.0559190926395	0.0415240786928
sad-	0.25	0.615789473684	0.0157894736842	0.118421052632
dim-	0.502923976608	0.443469785575	0.0438596491228	0.00974658869394
doa-	0.0808757454457	0.514337063965	0.0539171636304	0.350870026959
top-	0.0895629328876	0.775256747074	0.00549319321711	0.129687126821
key-	0.256517205422	0.605839416058	0.0312825860271	0.106360792492
oie-	0.0850968032418	0.398018910401	0.453849617289	0.063034669068
isc-	0.0	1.0	0.0	0.0
rir-	0.499847838871	0.163700684069	0.0268305238556	0.309620953205
hes-	0.205128205128	0.548717948718	0.0307692307692	0.215384615385
dad-	0.648620432513	0.174794929157	0.0638329604773	0.112751677852
ubo-	0.198237885463	0.801762114537	0.0	0.0
ele-	0.0873786407766	0.116504854369	0.0291262135922	0.766990291262
ais-	0.0	0.956204379562	0.0	0.043795620438
boh-	0.702702702703	0.0900900900901	0.153153153153	0.0540540540541
pha-	0.0318696883853	0.912889518414	0.0	0.0552407932012
ḡar-	0.224683036431	0.492216337667	0.152784464773	0.13031616113
toi-	0.528301886792	0.358490566038	0.0	0.11320754717
rom-	0.362246593553	0.571286141575	0.033233632436	0.033233632436
kep-	0.0843507214207	0.711431742508	0.00443951165371	0.199778024417
how-	0.297038327526	0.283101045296	0.13850174216	0.281358885017
gim-	0.674342767697	0.237964820639	0.0349786639707	0.0527137476935
keb-	0.338582677165	0.0629921259842	0.527559055118	0.0708661417323
gia-	0.79	0.11	0.00999999999999	0.0899999999999
maj-	0.0845070422535	0.859154929577	0.056338028169	0.0
hag-	0.276858689221	0.508019808489	0.0360453141091	0.179076188181
era-	0.201655567312	0.596688865376	0.145640131947	0.0560154353644
kuk-	0.0779220779221	0.616883116883	0.266233766234	0.038961038961
mot-	0.321810726303	0.43683122897	0.173282698779	0.0680753459487
vir-	0.258606318044	0.268968221437	0.237201068043	0.235224392476
bla-	0.317323259579	0.425796006476	0.0917431192661	0.165137614679
yat-	0.607295913034	0.178425838821	0.0271767534232	0.187101494721
pah-	0.519689074912	0.30656871957	0.012300333134	0.161441872384
kwa-	0.397783856834	0.367974404848	0.0897048517502	0.144536886568
mak-	0.381414701803	0.423023578363	0.187239944521	0.00832177531207
pep-	0.367521367521	0.598290598291	0.0	0.034188034188
hiw-	0.324499729584	0.446998377501	0.157517577069	0.0709843158465
viḡ-	0.307943690297	0.463298139769	0.12904307022	0.0997150997151
ḡoe-	0.592600605798	0.108827347469	0.0558199913457	0.242752055387
auo-	0.0157480314961	0.952755905512	0.0157480314961	0.0157480314961
oin-	0.0645161290323	0.661290322581	0.274193548387	0.0
yet-	0.284403669725	0.688073394495	0.0275229357798	0.0
tyr-	0.0194174757281	0.95145631068	0.0	0.0291262135922
ḡur-	0.40156992357	0.29353439372	0.215657921917	0.0892377607932
vim-	0.227848101266	0.696202531646	0.0379746835443	0.0379746835443
nih-	0.0772945258107	0.797435035807	0.11993978143	0.00533065695247
bag-	0.482465027725	0.219720430163	0.0477670095091	0.250047532602
gov-	0.366918183163	0.213641071164	0.0954283177985	0.324012427874
ega-	0.578699340245	0.296889726673	0.0197926484449	0.104618284637
laḡ-	0.726351351351	0.233108108108	0.0	0.0405405405406
ruf-	0.0426136363636	0.923295454545	0.0340909090909	0.0
jiḡ-	0.160784313726	0.756862745098	0.0117647058824	0.0705882352941
may-	0.466377440347	0.0889370932755	0.0433839479393	0.401301518438
uta-	0.377216078638	0.267626236031	0.0415423322216	0.31361535311
peu-	0.762221885879	0.0652338428939	0.0435901316785	0.128954139549
apu-	0.0369609856263	0.667351129363	0.221765913758	0.0739219712526
kas-	0.496296296296	0.385185185185	0.0	0.118518518518
cap-	0.257142857143	0.614285714286	0.0214285714286	0.107142857143
hau-	0.53	0.37	0.1	0.0
aia-	0.119028458831	0.331529978495	0.0767703436568	0.472671219017
gam-	0.284362014472	0.494392658313	0.0437998363522	0.177445490863
fiv-	0.0677966101695	0.135593220339	0.0	0.796610169492
ara-	0.648470447245	0.190896789821	0.0502992087275	0.110333554207
bih-	0.0	0.316261203585	0.468629961588	0.215108834827
u'r-	0.723320158103	0.229249011858	0.0474308300395	0.0
zea-	0.0244630071599	0.97553699284	0.0	0.0
tei-	0.367346938776	0.632653061224	0.0	0.0
300-	0.145454545455	0.545454545455	0.145454545455	0.163636363636
otu-	0.657971014493	0.307246376812	0.0	0.0347826086957
pag-	0.06993006993	0.832167832168	0.0769230769231	0.020979020979
nub-	0.0913440626359	0.817311874728	0.0	0.0913440626359
voa-	0.516684324353	0.289329212234	0.0533232932606	0.140663170153
baḡ-	0.641923680084	0.0587210315386	0.0407736539467	0.258581634431
muo-	0.0925196850394	0.340551181102	0.466535433071	0.100393700787
tax-	0.176470588235	0.437908496732	0.150326797386	0.235294117647
wah-	0.133333333333	0.666666666667	0.0285714285714	0.171428571429
vao-	0.187779693947	0.605110349495	0.0384203977385	0.16868955882
wew-	0.164179104478	0.455223880597	0.134328358209	0.246268656716
kal-	0.339702760085	0.447983014862	0.141542816702	0.070771408351
kil-	0.0175953079179	0.862170087977	0.00586510263929	0.114369501466
poh-	0.102452316076	0.750408719346	0.0980926430518	0.0490463215259
god-	0.0888335386324	0.656008018743	0.0101019249813	0.245056517644
iau-	0.742331288344	0.0736196319018	0.0368098159509	0.147239263804
gwa-	0.0899430740038	0.453130929791	0.389373814042	0.0675521821632
oya-	0.10027100271	0.83288166215	0.00542005420054	0.0614272809395
buk-	0.24406779661	0.654237288136	0.0610169491525	0.0406779661017
mav-	0.345435662202	0.150637211416	0.0415431551161	0.462383971266
vid-	0.193340494092	0.667024704619	0.0644468313641	0.0751879699248
wag-	0.145585404996	0.730842011451	0.025809457447	0.0977631261056
jos-	0.0611389309421	0.900197973681	0.00698730639338	0.0316757889833
tuḡ-	0.254901960784	0.549019607843	0.0588235294117	0.137254901961
rua-	0.0489788199697	0.0102118003026	0.0642965204236	0.876512859304
hei-	0.0	0.883116883117	0.0	0.116883116883
pup-	0.362610367417	0.114034463116	0.371332953575	0.152022215893
yoy-	0.69940760558	0.220332505255	0.0458627938085	0.0343970953564
gav-	0.177374810954	0.506342393611	0.0876188825193	0.228663912916
bey-	0.347368421053	0.487719298246	0.0631578947369	0.101754385965
nas-	0.191800878477	0.786237188873	0.00878477306005	0.01317715959
pil-	0.147380541163	0.672807522548	0.0805987334485	0.0992132028401
poa-	0.0957446808511	0.762411347518	0.125886524823	0.0159574468085
hin-	0.240111761275	0.0691495011702	0.0299591087342	0.66077962882
ghe-	0.102351766862	0.188600822828	0.0883774234606	0.62066998685
gom-	0.0238048006348	0.857171196191	0.0793493354493	0.0396746677246
rik-	0.21613832853	0.190201729107	0.0172910662824	0.576368876081
hos-	0.0	0.902912621359	0.0194174757282	0.0776699029126
bol-	0.3019110326	0.344788822868	0.274610566886	0.0786895776457
yag-	0.31326259947	0.39124668435	0.0663129973475	0.229177718833
kiu-	0.0403961062642	0.959603893736	0.0	0.0
hab-	0.197445684087	0.238476218438	0.393423370523	0.170654726952
sev-	0.0172955974843	0.0220125786164	0.0062893081761	0.954402515723
ait-	0.201872253598	0.65455996431	0.0705874928621	0.0729802892304
rau-	0.468723725502	0.338373863187	0.0555679910006	0.13733442031
yab-	0.263803680982	0.355828220859	0.122699386503	0.257668711656
bah-	0.545119705341	0.149171270718	0.0902394106814	0.21546961326
uvi-	0.391919191919	0.136026936027	0.181818181818	0.290235690236
nao-	0.195023434953	0.231479219159	0.0627610467227	0.510736299166
mes-	0.0407951822832	0.676552483326	0.0116557663666	0.270996568024
raḡ-	0.580669782187	0.338830239235	0.0259841703005	0.0545158082776
oho-	0.0421455938697	0.23754789272	0.628352490422	0.0919540229884
rar-	0.557207661582	0.236717353954	0.0903072628165	0.115767721648
dib-	0.404809619239	0.339345357381	0.0521042084168	0.203740814963
opi-	0.281895959123	0.460114452846	0.0677347180931	0.190254869938
tom-	0.310259418589	0.453135184461	0.168165819319	0.06843957763
roa-	0.277087033748	0.645648312611	0.0772646536412	0.0
tep-	0.268372801525	0.265957049137	0.0506980916958	0.414972057642
iri-	0.225988700565	0.632768361582	0.0	0.141242937853
mur-	0.184053857979	0.132941247144	0.0747056623016	0.608299232575
peh-	0.207190082478	0.742175617313	0.0147797416827	0.0358545585266
ota-	0.377449822904	0.146635182999	0.0724911452185	0.403423848878
hai-	0.422442244224	0.310231023102	0.019801980198	0.247524752475
lat-	0.492816572001	0.201470096893	0.150350818577	0.155362512529
bor-	0.232137854263	0.525839413773	0.0976931906362	0.144329541328
pal-	0.0281892708183	0.872946929383	0.014497339278	0.0843664605206
nev-	0.419063270337	0.192686935086	0.0739523418242	0.314297452753
vov-	0.278393575826	0.409912181384	0.0993311323178	0.212363110473
jew-	0.123385939742	0.526183644189	0.0494978479197	0.300932568149
vat-	0.339987714988	0.420915233415	0.116093366093	0.123003685504
rie-	0.66253101737	0.114143920596	0.0372208436724	0.186104218362
ḡoa-	0.240431814669	0.460687112168	0.105524607227	0.193356465936
dag-	0.426845597643	0.164400273752	0.0822596482876	0.326494480317
tav-	0.44140873339	0.355020569861	0.0110336421002	0.192537054648
tot-	0.0291262135922	0.78640776699	0.165048543689	0.0194174757282
med-	0.77027027027	0.027027027027	0.0	0.202702702703
ume-	0.781690140845	0.0845070422535	0.0	0.133802816901
pa'-	0.475055477932	0.441111202433	0.019725486973	0.0641078326621
oge-	0.842857142857	0.1	0.0285714285714	0.0285714285714
lar-	0.245487364621	0.223826714801	0.487364620939	0.043321299639
vev-	0.833333333333	0.0333333333333	0.1	0.0333333333333
taḡ-	0.476174827473	0.15445284259	0.0167597765363	0.352612553401
tup-	0.463779205316	0.317808159256	0.0391360803092	0.179276555119
boy-	0.272620446533	0.487661574618	0.133960047003	0.105757931845
ḡel-	0.0680017605634	0.199163732394	0.142077464789	0.590757042254
eba-	0.275	0.665	0.0	0.06
isr-	0.0	0.957547169811	0.0	0.0424528301887
api-	0.113089005236	0.842931937173	0.0188481675393	0.0251308900524
voe-	0.117148554337	0.598703888335	0.209371884347	0.074775672981
gor-	0.79107065453	0.156913740789	0.0	0.0520156046814
pul-	0.25636672326	0.51103565365	0.0780984719864	0.154499151104
pir-	0.0449832225219	0.701316386745	0.21762658763	0.0360738031027
ham-	0.555343511451	0.17748091603	0.0496183206107	0.217557251908
ipi-	0.188679245283	0.72641509434	0.0849056603773	0.0
wa'-	0.272087568413	0.508991399531	0.143862392494	0.0750586395622
