-nëö	0.250866551126	0.319468515309	0.289572501444	0.14009243212
-imö	0.443387250238	0.485252140818	0.0256898192198	0.0456707897241
-msë	0.0416666666667	0.861111111111	0.0555555555556	0.0416666666667
-pöt	0.243480862855	0.0860799932159	0.0134731164439	0.656966027485
-pöp	0.163311692015	0.150679008885	0.0152874574083	0.670721841692
-eus	0.106951871658	0.893048128342	0.0	0.0
-pör	0.186628079549	0.405906797269	0.010017809439	0.397447313743
-pöl	0.11498417812	0.0388811681757	0.0261868728638	0.81994778084
-pön	0.209928972931	0.457129642028	0.0313778896446	0.301563495396
-pök	0.175233656643	0.369919803677	0.0563858287032	0.398460710977
-gta	0.215895499321	0.446520003763	0.17833384849	0.159250648426
-imë	0.250282459117	0.472689774352	0.0335114233707	0.24351634316
-lem	0.0308772185648	0.941168575297	0.0107177122291	0.0172364939096
-aup	0.352657777577	0.277118644765	0.093198044985	0.277025532672
-aur	0.227075289575	0.538658301158	0.149163449163	0.0851029601029
-aut	0.344703355142	0.273384153361	0.120931910737	0.26098058076
-waö	0.32037161909	0.190941784671	0.0497490072676	0.438937588971
-pës	0.69062868221	0.288925947344	0.0204453704461	0.0
-aua	0.56176765986	0.122530967526	0.0	0.315701372615
-erö	0.316885964912	0.561403508772	0.0822368421053	0.0394736842105
-aul	0.324114631281	0.344484113649	0.0791252609006	0.25227599417
-aun	0.145215136273	0.53990170944	0.168437907511	0.146445246776
-nti	0.434188434684	0.312936826146	0.132513307254	0.120361431916
-öën	0.758620689655	0.241379310345	0.0	0.0
-eöp	0.259433962264	0.714622641509	0.0259433962264	0.0
-pur	0.256281407035	0.683417085427	0.0603015075377	0.0
-nta	0.349034977608	0.346987039298	0.0677787648695	0.236199218225
-utë	0.133017586487	0.200989947836	0.0410837291597	0.624908736517
-uak	0.623523093448	0.1947726459	0.0193340494093	0.162370211242
-nte	0.290564539092	0.30859401638	0.0265570012708	0.374284443257
-öap	0.0890443751586	0.709934217012	0.0713349910488	0.129686416781
-eke	0.601156069364	0.352601156069	0.0346820809248	0.0115606936416
-öta	0.100086106189	0.0411164128634	0.0171925608701	0.841604920078
-pak	0.323931951668	0.496636385423	0.0588053349032	0.120626328007
-öte	0.478346456693	0.467519685039	0.0246062992126	0.0295275590551
-gkë	0.135542168675	0.864457831325	0.0	0.0
-pul	0.0671845670638	0.918133328377	0.00427453677031	0.0104075677886
-eön	0.471565321922	0.308946506977	0.0777121824077	0.141775988694
-teë	0.0	0.951699463327	0.0	0.0483005366726
-war	0.436043099795	0.23554102957	0.0462947869462	0.282121083689
-pra	0.314842578711	0.393303348326	0.0779610194902	0.213893053473
-aök	0.395590142672	0.294422827497	0.119325551232	0.190661478599
-aöl	0.868752701002	0.0648435925954	0.00655299734237	0.0598507090603
-aki	0.0211178698496	0.93148169402	0.0103293928612	0.0370710432687
-aön	0.087017951027	0.0639062520692	0.0113559613831	0.837719835521
-sëa	0.898322851153	0.0455974842767	0.0	0.0560796645701
-aöa	0.0	0.913227921327	0.00578480524491	0.0809872734285
-arë	0.209011718821	0.678538528237	0.0373128725672	0.0751368803749
-arö	0.111956569511	0.301268158819	0.0478637093867	0.538911562283
-gkö	0.469387755102	0.204081632653	0.285714285714	0.0408163265306
-lte	0.121511980054	0.105003310186	0.0246045384756	0.748880171284
-aöp	0.396923076923	0.556923076923	0.0461538461538	0.0
-opa	0.0171184022824	0.977175463623	0.00427960057061	0.00142653352354
-meë	0.392611163237	0.339146840202	0.103811578807	0.164430417754
-imp	0.538788021693	0.118132515916	0.2051402971	0.137939165291
-gka	0.463631874463	0.314875974984	0.0690755181386	0.152416632414
-okë	0.0	0.813898001789	0.0930509991053	0.0930509991053
-nër	0.0827586206896	0.902068965517	0.0151724137931	0.0
-lök	0.3115959168	0.49222231363	0.090571140636	0.105610628933
-gki	0.122557217258	0.862391896412	0.00215012661857	0.0129007597114
-löl	0.36675748435	0.194528234569	0.108656871331	0.33005740975
-lön	0.295774691367	0.561755816861	0.0824048891372	0.0600646026341
-ima	0.521977492427	0.235919144378	0.0566084707349	0.18549489246
-löp	0.22278618623	0.347506040329	0.23588197955	0.19382579389
-oko	0.30973930533	0.37371393208	0.24506846136	0.07147830123
-wëö	0.0734693877551	0.889795918367	0.0367346938775	0.0
-löt	0.285600959848	0.504278443851	0.112597566978	0.0975230293228
-nël	0.44	0.333333333333	0.173333333333	0.0533333333333
-nëm	0.506843371935	0.107423703759	0.0251375892052	0.360595335101
-nën	0.128964747547	0.140521209728	0.00915961077192	0.721354431953
-sit	0.464825772518	0.333333333333	0.130834976989	0.0710059171597
-nëk	0.225477707006	0.72101910828	0.0101910828025	0.0433121019109
-lak	0.238180201839	0.10061498137	0.0504399126934	0.610764904098
-aau	0.425012212995	0.279433317049	0.0293111871031	0.266243282853
-rpa	0.18320610687	0.81679389313	0.0	0.0
-rat	0.297906602254	0.566367609846	0.0920174833219	0.0437083045779
-tep	0.428972754433	0.2189752813	0.0753600784815	0.276691885786
-ntë	0.216977509454	0.408882114072	0.103147404658	0.270992971815
-uta	0.112866990516	0.637073916872	0.13394620853	0.116112884082
-tet	0.138922888617	0.150550795594	0.0381884944921	0.672337821297
-ria	0.0582880144325	0.787219287863	0.024532168164	0.12996052954
-rin	0.0166666666667	0.972222222222	0.0111111111111	0.0
-rim	0.0252649833608	0.0200965618327	0.00565664062425	0.948981814182
-rik	0.0505271277963	0.598482900488	0.34790434559	0.00308562612497
-öeë	0.418332900545	0.457024149572	0.0116852765516	0.112957673332
-rit	0.0152749490835	0.932790224033	0.0030549898167	0.0488798370672
-gra	0.138888888889	0.53431372549	0.0	0.326797385621
-rir	0.0935787858865	0.757725180802	0.115822923515	0.0328731097962
-ris	0.0433996383363	0.913200723327	0.0271247739602	0.0162748643761
-rip	0.131763594894	0.232339813337	0.0287177969297	0.607178794839
-gre	0.120233017354	0.654559309988	0.0726878038582	0.152519868799
-ötë	0.131931409319	0.500158838995	0.0562137043757	0.311696047311
-tek	0.082775366051	0.854090293317	0.0244409146191	0.0386934260129
-tem	0.165217391304	0.782608695652	0.0	0.0521739130435
-ten	0.18781347957	0.174512283991	0.0403041125612	0.597370123878
-ntö	0.180578902039	0.75940834908	0.0259514589756	0.0340612899055
-are	0.123584695999	0.744030946777	0.0715448915593	0.0608394656638
-ngë	0.319018404908	0.346389806512	0.290231241151	0.044360547428
-ara	0.137931034483	0.815517241379	0.0258620689655	0.0206896551724
-mes	0.311763164789	0.641079381713	0.0157191511658	0.0314383023317
-mer	0.171142098971	0.575789840127	0.106281938442	0.14678612246
-lup	0.198974973472	0.312547551847	0.0320937971458	0.456383677535
-wak	0.28500086506	0.0113925860884	0.00799455162406	0.695611997228
-opö	0.152542372881	0.457627118644	0.186440677966	0.203389830509
-lut	0.161832061069	0.75572519084	0.00916030534353	0.0732824427481
-ari	0.275183039665	0.688209027275	0.0199131064446	0.0166948266152
-luk	0.0133333333333	0.973333333333	0.0	0.0133333333333
-lum	0.481481481481	0.407407407407	0.0	0.111111111111
-opë	0.226381246845	0.345529964844	0.0386554717591	0.389433316552
-mem	0.331394885685	0.606468573249	0.0621365410659	0.0
-mel	0.0114722753346	0.942638623327	0.0458891013384	0.0
-men	0.425346671141	0.33235385699	0.0780860306721	0.164213441197
-moö	0.487916794127	0.328540838177	0.110125420618	0.0734169470786
-eëa	0.520887625182	0.188795183561	0.0299951757725	0.260322015484
-aya	0.327489613496	0.577825338873	0.0227926056486	0.0718924419825
-önö	0.122459465631	0.792189997716	0.0565197533684	0.0288307832839
-mës	0.562463389897	0.183616839375	0.0973494328668	0.156570337861
-mër	0.538834951456	0.354368932039	0.0485436893203	0.0582524271845
-ila	0.394035770903	0.472938305388	0.0586621761181	0.0743637475909
-ërë	0.411767762957	0.178753313332	0.0365656025945	0.372913321116
-mët	0.25050991458	0.395923750518	0.228656432592	0.124909902311
-ërö	0.226593486912	0.429754476784	0.159434186836	0.184217849467
-ëre	0.117184378392	0.583816121926	0.113485590337	0.185513909344
-mën	0.0537198476675	0.19476927034	0.0038073063863	0.747703575606
-mëm	0.317548746518	0.573816155989	0.033426183844	0.075208913649
-mël	0.872135102533	0.0699638118214	0.0	0.0579010856454
-önë	0.376703122304	0.308816196868	0.0784180618002	0.236062619028
-mëa	0.452590019692	0.150596824819	0.0302159426159	0.366597212874
-mor	0.0947960408245	0.335028856905	0.0284024714868	0.541772630784
-yaö	0.279702941451	0.11697780602	0.225351335172	0.377967917358
-mop	0.251567040903	0.301644463553	0.0969803550127	0.349808140531
-ëng	0.479742252623	0.241493661891	0.0769187841092	0.201845301376
-suu	0.185122499019	0.544147269112	0.012516973531	0.258213258339
-yaë	0.5555190069	0.0318431917117	0.014323143506	0.398314657882
-upö	0.345754428833	0.650580329872	0.00366524129504	0.0
-ota	0.146865409908	0.668128014029	0.145550197282	0.0394563787812
-kel	0.511272727273	0.228363636364	0.0331636363636	0.2272
-oti	0.0198264467559	0.950376415149	0.0	0.0297971380955
-uma	0.633043106013	0.169188682766	0.020331311434	0.177436899787
-otu	0.0652173913043	0.934782608696	0.0	0.0
-isö	0.414776409592	0.333117303953	0.0810110174983	0.171095268957
-umi	0.0394736842105	0.802631578947	0.0	0.157894736842
-upë	0.211321001996	0.592858625013	0.0647373866722	0.131082986319
-nak	0.428765687941	0.0987442765993	0.0331901838884	0.439299851571
ALL	0.219179998558	0.269067955763	0.0509218821974	0.460830163482
-nai	0.0519330640508	0.894979803808	0.0184650894403	0.0346220427006
-nan	0.505931227946	0.285666874098	0.0681087179033	0.140293180053
-öat	0.275510870275	0.259972579487	0.243846706274	0.220669843964
-öau	0.338461538462	0.164102564103	0.189743589744	0.307692307692
-sis	0.0457516339869	0.849673202614	0.0915032679738	0.0130718954248
-sir	0.0567649756239	0.84862673167	0.0373026982671	0.0573055944394
-sip	0.111504424779	0.299115044248	0.366371681416	0.223008849558
-kin	0.114406779661	0.546610169492	0.110169491525	0.228813559322
-aka	0.233259074826	0.766740925174	0.0	0.0
-maö	0.244734348012	0.638335505425	0.0453953728263	0.0715347737371
-kis	0.0615414864334	0.923220605584	0.00481714510421	0.0104207628785
-neö	0.745967741936	0.157258064516	0.0241935483871	0.0725806451613
-maë	0.340169992609	0.39726533629	0.0643015521064	0.198263118995
-kip	0.24861878453	0.657458563536	0.060773480663	0.0331491712707
-sin	0.23940085382	0.683681731194	0.046003238628	0.030914176358
-öak	0.331000930931	0.268164655069	0.0426816390463	0.358152774953
-sia	0.0234431180785	0.963612828995	0.00517762117072	0.00776643175608
-öan	0.358095238095	0.272380952381	0.114285714286	0.255238095238
-pop	0.311118887931	0.203617183244	0.00901950739058	0.476244421435
-nat	0.248885807175	0.570030883961	0.0873842735902	0.0936990352742
-öam	0.0428738469533	0.922047550994	0.0	0.0350786020527
-put	0.275998028586	0.637752587481	0.086249383933	0.0
-mot	0.238208911811	0.347334894699	0.0746036755746	0.339852517915
-mos	0.162030323006	0.314040870138	0.436387607119	0.0875411997363
-nal	0.284306439627	0.173026592135	0.0571908623865	0.485476105851
-ëra	0.151597061	0.645301320144	0.0289063764916	0.174195242365
-öna	0.354179566563	0.541176470588	0.0452012383901	0.0594427244582
-öng	0.022230463381	0.515310761775	0.025300809753	0.437157965091
-pot	0.199682921775	0.263586145811	0.0338521386723	0.502878793741
-mon	0.0790660197693	0.815011741583	0.061908638838	0.0440135998093
-iön	0.3734870317	0.32795389049	0.125648414986	0.172910662824
-yau	0.158098933075	0.677012609117	0.147429679922	0.0174587778855
-yas	0.911388455538	0.0477899115965	0.00499219968799	0.0358294331773
-mtë	0.108257054795	0.112811739971	0.263029887782	0.515901317453
-met	0.400646203554	0.347334410339	0.14943457189	0.102584814216
-eng	0.550598680714	0.163347609967	0.158814518398	0.127239190921
-rëk	0.37681061007	0.133581811711	0.0676944547213	0.421913123498
-saë	0.0	1.0	0.0	0.0
-yal	0.15724845745	0.0837253344737	0.0186327814772	0.740393426599
-yak	0.256061673619	0.0339165427556	0.0109052705368	0.699116513089
-rëm	0.439902171977	0.54649260621	0.0136052218137	0.0
-iso	0.139103554869	0.664605873261	0.19629057187	0.0
-rek	0.220419403434	0.234723839252	0.0651956121191	0.479661145194
-ren	0.17169608451	0.121922506416	0.0714975238783	0.634883885196
-pol	0.142153686131	0.535596620342	0.0918567071031	0.230392986424
-isi	0.00477042337507	0.991890280262	0.00238521168754	0.000954084675014
-rem	0.391577070844	0.431102088295	0.0851759497584	0.0921448911023
-otë	0.153248554211	0.298956062866	0.0510159323566	0.496779450566
-isa	0.365875155808	0.276039281747	0.0247518814246	0.333333681021
-röp	0.212136437548	0.236883674265	0.0372211317863	0.5137587564
-rön	0.53407919361	0.308678150724	0.0667598992012	0.0904827564646
-röm	0.115601165994	0.370562632272	0.386055983708	0.127780218025
-rök	0.392840308897	0.296684890582	0.065594910885	0.244879889635
-otö	0.235123367199	0.66908563135	0.0609579100145	0.0348330914368
-res	0.12629969419	0.82874617737	0.0266055045871	0.0183486238532
-rep	0.71112981275	0.25099936882	0.0	0.0378708184305
-umë	0.299088089185	0.38027380647	0.134524337057	0.186113767288
-naë	0.0294215846956	0.00352879889499	0.00382883636449	0.963220780045
-akë	0.170471869722	0.651488782315	0.0317596541998	0.146279693764
-map	0.567552380188	0.129926948704	0.0493698322228	0.253150838886
-mas	0.0690618994934	0.868339835789	0.0104815699062	0.0521166948116
-yar	0.260869565217	0.202898550725	0.507246376812	0.0289855072464
-mau	0.141987829615	0.833671399594	0.0	0.0243407707911
-mat	0.358434934521	0.565544061392	0.031275205071	0.0447457990154
-mak	0.152278566104	0.110918261365	0.0285143131748	0.708288859357
-mam	0.365828051483	0.298353229381	0.0419955671346	0.293823152001
-mal	0.0867707719505	0.842810842664	0.0371243370654	0.0332940483206
-man	0.32273550339	0.244893577154	0.3212672395	0.111103679955
-maa	0.178610804851	0.166482910695	0.0	0.654906284454
-utö	0.490909090909	0.436363636364	0.0727272727273	0.0
-naö	0.109571466342	0.108986333907	0.0403958095849	0.741046390166
-möa	0.532514234342	0.231345519928	0.157027270003	0.0791129757267
-uni	0.584905660377	0.132075471698	0.0	0.283018867925
-ëea	0.0970088924818	0.462409054163	0.440582053355	0.0
-ekë	0.284371515055	0.457202030087	0.0715765037893	0.186849951069
-ëen	0.6064	0.2608	0.016	0.1168
-ëem	0.392631307881	0.255395854991	0.0587511564249	0.293221680703
-gën	0.195773580917	0.514772206758	0.225282759593	0.0641714527325
-ëar	0.178024502297	0.697549770291	0.0899693721286	0.0344563552833
-una	0.351648351648	0.516483516483	0.131868131868	0.0
-gët	0.17251931311	0.355386559033	0.37928981613	0.0928043117267
-ëet	0.106090734595	0.670914702113	0.0254345735503	0.197559989742
-gëp	0.252883906095	0.474487483461	0.206987572862	0.0656410375824
-pta	0.221915883313	0.474583158003	0.135284720649	0.168216238036
-ëep	0.252808653399	0.287539249513	0.138731360212	0.320920736876
-unt	0.0819999945955	0.117514860163	0.242342929049	0.558142216193
-oëa	0.526570048309	0.437198067633	0.0289855072464	0.0072463768116
-pun	0.539928502618	0.297627254838	0.0665665277201	0.0958777148232
-tre	0.202992183473	0.549884857942	0.165170830899	0.0819521276857
-tra	0.0	0.973451327434	0.0265486725664	0.0
-500	0.157232704403	0.377358490566	0.0566037735849	0.408805031447
-gan	0.363401074652	0.225121303124	0.0626154855941	0.34886213663
-gam	0.0838831291235	0.57492931197	0.228557964185	0.112629594722
-asë	0.120068244828	0.841330774152	0.020260183408	0.0183407976115
-gai	0.358941150039	0.422733820556	0.0832595451122	0.135065484293
-yeö	0.307950556997	0.27261232587	0.0489415970875	0.370495520045
-tru	0.0	1.0	0.0	0.0
-asö	0.4882567469	0.236907366885	0.0668125455872	0.208023340627
-yeë	0.538133864885	0.0371924345181	0.00916073840402	0.415512962192
-gat	0.148743718593	0.697487437186	0.153768844221	0.0
-gar	0.423707655912	0.419409070318	0.0229929028037	0.133890370967
-gap	0.128310623719	0.776496722619	0.0293321652613	0.0658604884001
-lëp	0.276365070682	0.385732248303	0.111043983355	0.22685869766
-utu	0.056033244822	0.829305772249	0.00496355247784	0.109697430452
-ini	0.0143919405133	0.939553849844	0.0316622691293	0.0143919405133
-sem	0.34165543532	0.127003599401	0.0250185855638	0.506322379715
-sel	0.0231835415501	0.947044564609	0.0164087264591	0.0133631673814
-raö	0.210998727309	0.756179248443	0.0215687587916	0.0112532654565
-ina	0.34877550383	0.371694139811	0.0256495657506	0.253880790608
-öem	0.418154761905	0.403273809524	0.160714285714	0.0178571428572
-örë	0.0613407331678	0.938659266832	0.0	0.0
-nön	0.178743918331	0.781370130583	0.0115429256723	0.0283430254131
-nöm	0.240230132787	0.257938624819	0.0956351212769	0.406196121118
-ing	0.232582820901	0.336077317255	0.0789835561089	0.352356305735
-nör	0.32183908046	0.425287356322	0.0229885057471	0.229885057471
-öet	0.0980722566729	0.237092208142	0.402568077649	0.262267457536
-nöp	0.192035078254	0.426032633337	0.0501179414483	0.33181434696
-wëa	0.69245057501	0.0145886788622	0.0283466856183	0.26461406051
-raë	0.0762388818297	0.466327827192	0.0	0.457433290978
-öep	0.247252540033	0.320470368163	0.155155117403	0.2771219744
-nöt	0.273918616403	0.459110510116	0.0788168977934	0.188153975687
-pre	0.211544090782	0.61333815843	0.101490803681	0.0736269471072
-aar	0.187735805011	0.350903672775	0.112721372275	0.348639149938
-int	0.165063344373	0.676181464543	0.0346948430847	0.124060348
-ser	0.398481973435	0.324478178368	0.201138519924	0.0759013282733
-sep	0.0562627291242	0.920824847251	0.0	0.0229124236253
-aam	0.386993996191	0.428480989668	0.146021763158	0.0385032509821
-kut	0.376543209876	0.549382716049	0.0	0.0740740740741
-kus	0.057961359094	0.852098600933	0.0419720186543	0.0479680213191
-kur	0.286789008929	0.607888116028	0.00887968033151	0.0964431947116
-kup	0.428157051784	0.347878256696	0.0098079110193	0.214156780501
-iam	0.175182481752	0.6766693701	0.04433630711	0.103811841038
-ial	0.509383378016	0.278820375335	0.134048257373	0.0777479892761
-net	0.220148658157	0.597570144814	0.0152512333883	0.16702996364
-ian	0.405477053176	0.262432502469	0.0826154560635	0.249474988292
-ner	0.0585918266863	0.294764483834	0.0479238470376	0.598719842442
-ool	0.0285133129854	0.900150008834	0.0217854526181	0.0495512255627
-iak	0.251674614591	0.115577511053	0.0215242690536	0.611223605302
-oon	0.0432120366712	0.844626313286	0.0231186653873	0.0890429846559
-nen	0.487708068992	0.353134313529	0.115146186278	0.0440114311997
-poë	0.18952633482	0.643184283476	0.0773773653127	0.0899120163915
-nem	0.0222007671462	0.0201541700396	0.00460673362836	0.953038329186
-iap	0.217486919998	0.333966693895	0.203806892633	0.244739493474
-ias	0.0349309744266	0.942142498696	0.0123980359937	0.0105284908835
-iar	0.156132062735	0.0827285425227	0.00930359094278	0.751835803799
-kun	0.0329078570534	0.606228097981	0.0100836682233	0.350780376743
-kum	0.203367945338	0.693065045462	0.0866196804218	0.0169473287782
-mta	0.507832898172	0.268929503916	0.176240208877	0.046997389034
-kuk	0.226666666667	0.773333333333	0.0	0.0
-mte	0.76213592233	0.150485436893	0.0291262135922	0.0582524271845
-uul	0.300071787509	0.340272792534	0.230437903805	0.129217516152
-eka	0.0392456121225	0.946582361278	0.00981140303064	0.00436062356917
-uun	0.10211536661	0.654218803326	0.00836602728472	0.235299802779
-lël	0.347855714649	0.188547957	0.110035751809	0.353560576541
-uuk	0.16007063159	0.530441429396	0.00749642215093	0.301991516864
-unë	0.344609085592	0.459543770715	0.113277441996	0.0825697016963
-orö	0.234934249574	0.174518579058	0.0489461182155	0.541601053152
-ënë	0.302237649073	0.278897946256	0.0617161424526	0.357148262219
-out	0.0740305653435	0.344213963752	0.0282201034783	0.553535367426
-ëeë	0.366584869625	0.255019750302	0.0707780542128	0.30761732586
-noa	0.00777202072538	0.992227979275	0.0	0.0
-uut	0.126434869406	0.873565130594	0.0	0.0
-uup	0.0420203341301	0.922918535342	0.00362320441501	0.0314379261131
-kör	0.242472556194	0.577156299007	0.0195243073706	0.160846837428
-köp	0.0231816128804	0.865956626473	0.0578803059332	0.0529814547139
-lëa	0.41957423977	0.306443213559	0.0417396518803	0.232242894791
-asa	0.229043824522	0.285863900288	0.0877030977617	0.397389177429
-yes	0.314559394372	0.0653320716093	0.00930070875417	0.610807825264
-gaë	0.181818181818	0.635126777984	0.103277674706	0.0797773654917
-mön	0.357172896339	0.470451040882	0.0971006598005	0.0752754029788
-asi	0.458923512748	0.371104815864	0.152974504249	0.0169971671388
-gaö	0.215835708884	0.691640002327	0.0645063703531	0.0280179184362
-asu	0.0	1.0	0.0	0.0
-eli	0.383448275862	0.587586206896	0.00827586206896	0.0206896551724
-ëau	0.323221672479	0.562008273177	0.0697542379756	0.0450158163679
-yen	0.584778052962	0.305677271861	0.0222264558329	0.0873182193434
-iwa	0.306298681963	0.562054320059	0.0230382246462	0.108608773332
-kök	0.484479359974	0.301014845101	0.0680474171685	0.146458377756
-lta	0.398204814361	0.422276621787	0.0905752753978	0.0889432884537
-nea	0.749397590362	0.207228915663	0.0	0.0433734939759
-kön	0.17271615274	0.0427949601493	0.00794479545272	0.776544091658
-kop	0.0370432170866	0.898882029034	0.0030035040881	0.0610712497914
-köl	0.384780734015	0.444156288838	0.0705734648845	0.100489512263
-köm	0.145537092548	0.659350607224	0.0848181318339	0.110294168394
-öre	0.342736694832	0.40888913232	0.0786238225677	0.16975035028
-inë	0.16045921267	0.684651233281	0.112454059789	0.0424354942598
-seë	0.39754636918	0.212223612873	0.0701524343997	0.320077583547
-soë	0.644171779141	0.241308793456	0.0	0.114519427403
-öra	0.122388059701	0.770149253731	0.0716417910448	0.0358208955224
-430	0.45	0.0	0.0	0.55
-rar	0.303181651383	0.383569934113	0.0919517072489	0.221296707255
-ras	0.0366279069767	0.932170542636	0.0186046511628	0.0125968992248
-rap	0.0773021684032	0.750915235145	0.156575612504	0.0152069839482
-ran	0.324035608309	0.482492581602	0.143620178042	0.0498516320475
-eri	0.276738878445	0.463717879843	0.0720047489432	0.187538492769
-ral	0.0196078431373	0.696078431373	0.28431372549	0.0
-ram	0.0629539951574	0.884300765657	0.0297100975067	0.0230351416792
-rak	0.328120350521	0.270790580935	0.0297542737749	0.371334794769
-ero	0.0507442489851	0.928958051421	0.020297699594	0.0
-era	0.268610577325	0.550271534798	0.0718522850697	0.109265602807
-iwi	0.5116482468	0.333147809494	0.0830086666136	0.0721952770931
-ere	0.141414104476	0.547784652293	0.139895138408	0.170906104824
-inö	0.474285714286	0.371428571429	0.0171428571429	0.137142857143
-ëkë	0.37005451096	0.196583525683	0.0902178629827	0.343144100375
-kër	0.0520270270271	0.853378378378	0.0783783783783	0.0162162162162
-por	0.608874281019	0.243221035333	0.0739523418241	0.0739523418242
-pos	0.0181818181818	0.981818181818	0.0	0.0
-rër	0.644444444444	0.111111111111	0.0444444444444	0.2
-rët	0.120669521214	0.879330478786	0.0	0.0
-iaë	0.10060362173	0.777713902463	0.0555715243844	0.0661109514228
-pou	0.10875	0.435	0.41125	0.045
-pok	0.455741626794	0.278708133971	0.106459330144	0.159090909091
-iaö	0.437439379243	0.260329776916	0.107468477206	0.194762366634
-rël	0.192751235585	0.687808896211	0.119439868204	0.0
-neë	0.535653466249	0.251729972017	0.0212073853055	0.191409176428
-rën	0.250739595992	0.149994673301	0.0388563279283	0.560409402779
-rëa	0.561856104937	0.139147490184	0.109047919754	0.189948485125
-nre	0.123691358125	0.734806473869	0.0624329100772	0.0790692579282
-nra	0.200620969668	0.756388822546	0.014330069262	0.028660138524
-ëak	0.250235437827	0.118502945877	0.0404764796856	0.59078513661
-ipë	0.102386646184	0.808292288931	0.0437103083477	0.0456107565368
-ëan	0.455143230796	0.185675248766	0.0588278314025	0.300353689035
-ika	0.0428877769835	0.952823445318	0.0	0.00428877769836
-iko	0.0	0.991983967936	0.00801603206414	0.0
-aat	0.31946034586	0.218463166378	0.0594828718385	0.402593615924
-lan	0.528505324365	0.379215968206	0.0251669202079	0.067111787221
-lai	0.0	1.0	0.0	0.0
-iki	0.142857142857	0.857142857143	0.0	0.0
-oul	0.307291666667	0.5	0.171875	0.0208333333333
-lat	0.0206646188216	0.88969561575	0.0636693660989	0.0259703993298
-our	0.384422110553	0.407035175879	0.155778894472	0.0527638190955
-aan	0.309436889229	0.200561945887	0.0544655465909	0.435535618293
-lap	0.0889495232619	0.315057619053	0.421069513203	0.174923344483
-lar	0.0699523052464	0.882352941177	0.0429252782194	0.00476947535771
-las	0.0934165492249	0.877592107912	0.0217435071472	0.00724783571572
-nëp	0.253320385131	0.415836656784	0.109857818354	0.220985139732
-ëap	0.0623952894484	0.905723905724	0.0122968818621	0.0195839229656
-ipö	0.265151515152	0.316017316017	0.194805194805	0.224025974026
-ppe	0.406834960046	0.441811596206	0.0623220062488	0.0890314374983
-ëat	0.153927016068	0.559868849176	0.143665214997	0.142538919758
-eti	0.00697674418605	0.872674418605	0.0	0.120348837209
-gel	0.398601398601	0.363636363636	0.237762237762	0.0
-gön	0.107154993706	0.160190819477	0.00808437106966	0.724569815747
-göt	0.147117900626	0.653596865861	0.0959374871391	0.103347746375
-gör	0.338709677419	0.47311827957	0.0	0.188172043011
-röa	0.202063506189	0.318837505801	0.0684094709478	0.410689517063
-göp	0.0600605848771	0.63113130607	0.070371664919	0.238436444134
-ges	0.332178798374	0.667821201626	0.0	0.0
-ger	0.251351678502	0.538129438347	0.0177533892834	0.192765493867
-gep	0.397543896795	0.140499992438	0.0685107605753	0.393445350191
-get	0.182793150441	0.593707412455	0.0835456538483	0.139953783255
-sas	0.0115894039735	0.976269315673	0.00331125827815	0.00883002207505
-sar	0.0773634689102	0.78045502066	0.14218151043	0.0
-sap	0.255914297302	0.645904745871	0.0853047657675	0.0128761910592
-sau	0.48656732953	0.330637567163	0.137373289758	0.045421813549
-sat	0.328768673608	0.379130828429	0.285310095066	0.00679040289724
-ton	0.0483058075522	0.919942622315	0.00569899976739	0.0260525703652
-löm	0.398734177215	0.518987341772	0.0632911392405	0.0189873417721
-tol	0.351414839198	0.0186867984402	0.00625898279939	0.623639379562
-tom	0.17875248953	0.156890402931	0.0431732707764	0.621183836762
-tok	0.267403961009	0.189691631118	0.0585793475933	0.484325060279
-mpa	0.530442377695	0.300325751201	0.0904124735781	0.0788193975267
-oli	0.0442967884828	0.81100036914	0.0339608711702	0.110741971207
-tot	0.714975845411	0.259661835749	0.0036231884058	0.0217391304348
-top	0.400736719659	0.199746823894	0.0171635152704	0.382352941176
-sak	0.223984782562	0.0707873822825	0.020506934623	0.684720900533
-öaö	0.131430032627	0.617145806598	0.193415949654	0.0580082111215
-400	0.125603864734	0.458937198068	0.0305958132045	0.384863123994
-san	0.524951848951	0.189603129218	0.0502571702811	0.23518785155
-sam	0.427454276156	0.48539834825	0.0626596832782	0.0244876923156
-sal	0.78231292517	0.121088435374	0.091156462585	0.00544217687074
-rot	0.0168986083499	0.933565275017	0.0400927766733	0.00944333996024
-iem	0.313485336264	0.308889171126	0.128718393312	0.248907099299
-lok	0.222839552519	0.447339222998	0.249234593855	0.080586630628
-loi	0.0181818181818	0.963636363636	0.0181818181818	0.0
-owe	0.30908767166	0.613901934163	0.0124641100403	0.0645462841372
-tis	0.0456007621386	0.948699142594	0.00570009526732	0.0
-iep	0.0141843971631	0.794326241135	0.148936170213	0.0425531914894
-lot	0.0164616497829	0.973408104197	0.0101302460203	0.0
-ëwa	0.115867880521	0.698969227297	0.160885812455	0.0242770797281
-iet	0.112378119319	0.747149231532	0.0710626342753	0.0694100148736
-rok	0.721046770601	0.168708240535	0.043429844098	0.0668151447661
-oön	0.646577380952	0.223958333333	0.0892857142857	0.0401785714286
-ipi	0.305555555556	0.694444444444	0.0	0.0
-win	0.65	0.1	0.0	0.25
-aaö	0.118902360762	0.197347962246	0.032390777269	0.651358899723
-laë	0.355982483402	0.346517869756	0.185619437774	0.111880209069
-laö	0.096241979835	0.831576535289	0.0457149404216	0.0264665444546
-wil	0.411018341989	0.213161527842	0.258602327263	0.117217802906
-ewa	0.18881283529	0.759388953259	0.0217218306085	0.0300763808425
-ëaö	0.323684539657	0.31516847471	0.0618655733486	0.299281412284
-ewi	0.298174442191	0.389452332657	0.100405679513	0.211967545639
-ënt	0.246406624585	0.113360619102	0.0676217156682	0.572611040645
-këö	0.0654782384311	0.397148632376	0.415448133494	0.121924995699
-awi	0.336344231102	0.230601592372	0.11127800953	0.321776166997
-pup	0.227655986509	0.772344013491	0.0	0.0
-mpi	0.109489051095	0.583941605839	0.0	0.306569343066
-aia	0.0160066694456	0.966652771988	0.00950395998333	0.00783659858275
-nas	0.023807274445	0.255890410959	0.0187812942844	0.701521020312
-mpe	0.0376912215654	0.781303260917	0.166542606917	0.0144629106007
-mpë	0.199369333859	0.188309026409	0.0545132045723	0.55780843516
-pil	0.119623131904	0.331543209877	0.274363222872	0.274470435348
-276	0.0	0.235294117647	0.0	0.764705882353
-toë	0.0399647106058	0.893011854701	0.00953553240496	0.0574879022885
-pim	0.0201966078228	0.00581001012966	0.0015340612615	0.972459320786
-sto	0.0102110693841	0.952819498025	0.00124287479377	0.0357265577973
-pin	0.495206710605	0.379029358898	0.0149790293589	0.110784901138
-ngi	0.225255429782	0.639173743067	0.121095092014	0.0144757351373
-mar	0.493235625705	0.427846674183	0.0789177001127	0.0
-ste	0.505804311775	0.44555002764	0.0287451630735	0.0199004975124
-sta	0.172904730866	0.704020721123	0.0996603657072	0.0234141823047
-ieë	0.340303003543	0.111922194231	0.0456321073818	0.502142694844
-ngk	0.202745000174	0.274317240217	0.0923240706609	0.430613688948
-ëëm	0.341577398739	0.216311474021	0.0147009300273	0.427410197214
-ëël	0.434008391183	0.220487602329	0.0786816860862	0.266822320402
-tët	0.152542372881	0.35593220339	0.423728813559	0.0677966101695
-ëën	0.180444700958	0.136300864159	0.0373995607211	0.645854874162
-ëëa	0.467450427722	0.0243381457117	0.00144791937433	0.506763507192
-tëa	0.29402395956	0.155287029984	0.466553562773	0.0841354476837
-ëwë	0.152080249286	0.6892910172	0.0446413974246	0.113987336089
-tëk	0.235427429449	0.498210137575	0.150255731423	0.116106701554
-ëës	0.548780487805	0.0	0.0853658536585	0.365853658537
-ëër	0.259905269028	0.263570628154	0.0833938182105	0.393130284608
-tën	0.237397922459	0.202432961378	0.0621373381786	0.498031777984
-ëët	0.257861394614	0.312567055629	0.0894450434465	0.34012650631
-roë	0.122448979592	0.877551020408	0.0	0.0
-iok	0.0307320441989	0.920925414365	0.00207182320442	0.046270718232
-lei	0.164587457963	0.184588478335	0.0652567587409	0.58556730496
-lek	0.181226610065	0.400016756968	0.31494721555	0.103809417416
-lel	0.306837255783	0.653674123472	0.0138743802615	0.0256142404828
-oir	0.396992752608	0.245600729844	0.0479866735189	0.309419844029
-len	0.0655737704918	0.72131147541	0.0	0.213114754098
-itö	0.0181818181818	0.854545454545	0.0727272727273	0.0545454545455
-mun	0.215747761364	0.391910939266	0.109472012248	0.282869287122
-ëmp	0.381546334053	0.438154633405	0.0747581354442	0.105540897098
-esë	0.0777221248983	0.85827432209	0.0380961780453	0.0259073749661
-itë	0.0782223750376	0.898310912451	0.00722052692655	0.0162461855847
-ola	0.461077540537	0.281821304696	0.0517449048662	0.2053562499
-ios	0.0	0.958041958042	0.041958041958	0.0
-oin	0.0954003407156	0.833049403748	0.0715502555366	0.0
-ler	0.4	0.555555555556	0.0	0.0444444444445
-oik	0.191780821918	0.58904109589	0.219178082192	0.0
-ëma	0.386948853616	0.26937095826	0.0556143445032	0.288065843621
-iot	0.00182982616652	0.984446477585	0.0	0.0137236962489
-eem	0.149930227753	0.0808528708489	0.029768365681	0.739448535717
-een	0.0836468337406	0.0431096209581	0.00685722945199	0.866386315849
-rre	0.196825703251	0.638442800856	0.132505908739	0.0322255871537
-git	0.285985394191	0.305047254418	0.0604097808181	0.348557570573
-eea	0.288915993292	0.056156934492	0.0553946231641	0.599532449052
-ëta	0.360594035813	0.311920211523	0.208659722172	0.118826030491
-ali	0.21198652533	0.139185664532	0.174659331133	0.474168479005
-eet	0.0463563976559	0.849893569495	0.0314561269808	0.0722939058681
-eep	0.464705882353	0.411764705882	0.111764705882	0.0117647058824
-gia	0.492989976725	0.322100577573	0.106972406605	0.0779370390978
-ala	0.0	1.0	0.0	0.0
-ësa	0.975903614458	0.0240963855421	0.0	0.0
-lon	0.0433746716354	0.82283584825	0.0146618608345	0.11912761928
-ung	0.256896551724	0.712068965517	0.0310344827586	0.0
-120	0.0655737704918	0.147540983607	0.0	0.786885245902
-ësi	0.200371057514	0.150278293135	0.638218923933	0.0111317254174
-wat	0.709666146192	0.111207719609	0.0280715095482	0.15105462465
-sël	0.676313048653	0.120666567475	0.0261121856867	0.176908198185
-ömp	0.356368190466	0.502919448529	0.0102379086562	0.130474452348
-sën	0.35498750843	0.149071386308	0.0543092243281	0.441631880934
-yok	0.486845211059	0.0379850149384	0.0603941344796	0.414775639523
-sëp	0.272065747635	0.294268752407	0.0156710553844	0.417994444573
-sër	0.379562043796	0.408759124088	0.175182481752	0.036496350365
-onë	0.0688613869974	0.87057940784	0.0485192444919	0.0120399606702
-tëö	0.376940133038	0.168514412417	0.0665188470067	0.388026607539
-eek	0.357700496806	0.447835344216	0.0383250532292	0.156139105749
-öma	0.637789040228	0.145866328793	0.0209059233449	0.195438707634
-oea	0.12544324551	0.858542723148	0.0	0.0160140313418
-këk	0.680370917446	0.206589528968	0.0172328902019	0.0958066633842
-këm	0.254312178837	0.392629201715	0.0706804569109	0.282378162537
-kël	0.254862836491	0.46598711626	0.0915812956429	0.187568751606
-kën	0.561652133687	0.120680385905	0.0358372299048	0.281830250503
-möt	0.266625343133	0.490598896071	0.123380265061	0.119395495735
-pen	0.287905037719	0.34273720481	0.0579917907642	0.311365966707
-ros	0.0	1.0	0.0	0.0
-möp	0.179167103745	0.798804153992	0.00881149690548	0.0132172453582
-koë	0.399560922064	0.523600439078	0.0768386388584	0.0
-pek	0.198675496689	0.384105960265	0.417218543046	0.0
-pet	0.18829716928	0.164748641351	0.135708532488	0.511245656881
-orë	0.242002781641	0.42280945758	0.254520166898	0.0806675938804
-153	0.0535714285714	0.0267857142857	0.133928571429	0.785714285714
-oën	0.240515829694	0.556836790393	0.102347161572	0.100300218341
-pep	0.0883858684643	0.665254237317	0.0110248083324	0.235335085886
-per	0.386904761905	0.407738095238	0.127976190476	0.0773809523809
-mök	0.212518794548	0.193630981776	0.100710316388	0.493139907287
-këp	0.116285048926	0.578870420135	0.205720120019	0.0991244109195
-ela	0.490800596718	0.300348085529	0.173048234709	0.0358030830433
-kët	0.0314224862011	0.750339972802	0.0446714262859	0.173566114711
-ele	0.159090909091	0.704545454545	0.0227272727273	0.113636363636
-ioë	0.123076923077	0.876923076923	0.0	0.0
-leë	0.539499036609	0.396917148362	0.028901734104	0.0346820809248
-pna	0.416706569818	0.227321548773	0.057876858893	0.298095022515
-gës	0.336084501394	0.180102327928	0.0612867963337	0.422526374344
-ëmö	0.286733238231	0.679029957204	0.0	0.0342368045649
-100	0.0135564665054	0.101061022838	0.0516598205758	0.833722690081
-esu	0.0146020673083	0.870149666797	0.00142330619973	0.113824959695
-esi	0.212171528316	0.589845995048	0.102312472782	0.0956700038543
-ëmë	0.494658997535	0.157217200767	0.0758696247603	0.272254176938
-iti	0.534872052183	0.360762669343	0.104365278475	0.0
-esa	0.374843214731	0.269404419119	0.0272294195293	0.328522946621
-ita	0.0879514589472	0.755505981493	0.0201942926888	0.136348266871
-spa	0.0590163934426	0.901639344262	0.0393442622951	0.0
-tök	0.219123337323	0.396578306643	0.125894576286	0.258403779749
-töm	0.0609957296582	0.810061091836	0.0818508872252	0.0470922912803
-töl	0.641196013289	0.119601328904	0.0	0.239202657807
-tön	0.302931658369	0.401566470075	0.077464354833	0.218037516722
-töa	0.668181818182	0.238636363636	0.0659090909091	0.0272727272727
-töe	0.537313432836	0.462686567164	0.0	0.0
-666	0.133333333333	0.0833333333333	0.0333333333333	0.75
-töp	0.217240555649	0.6954402224	0.0622413831206	0.0250778388302
-töt	0.233303046924	0.518543795962	0.136288840226	0.111864316888
-ëtë	0.273333333333	0.409333333333	0.0813333333333	0.236
-ömö	0.266903914591	0.583629893238	0.149466192171	0.0
-ësë	0.278814724847	0.178694756521	0.0428745363507	0.499615982282
-wot	0.130802872848	0.601974080167	0.0908799101231	0.176343136861
-pëö	0.214395099541	0.554874936192	0.214395099541	0.0163348647269
-ait	0.0941948323552	0.781134048438	0.0663158604871	0.0583552587196
-ömë	0.403892944039	0.110705596107	0.014598540146	0.470802919708
-rom	0.108949416342	0.585801635829	0.25323592472	0.0520130231081
-yëo	0.171875	0.609375	0.21875	0.0
-uot	0.18045465198	0.519568783689	0.103116943989	0.196859620342
-ron	0.0203303684879	0.94917407878	0.0304955527319	0.0
-uop	0.2	0.763636363636	0.0363636363636	0.0
-kom	0.384868864197	0.259120425373	0.0556095733898	0.30040113704
-kol	0.282566367479	0.571163983474	0.026594481645	0.119675167403
-ema	0.524661554459	0.0204522651814	0.00558125889065	0.449304921469
-kon	0.12925170068	0.59410430839	0.0725623582766	0.204081632653
-elö	0.477913783928	0.295902075572	0.0707823310271	0.155401809473
-ael	0.00977232204088	0.932553833493	0.0102866547799	0.0473871896859
-tun	0.121457489878	0.202429149798	0.655870445344	0.0202429149797
-los	0.032021347565	0.957971981321	0.0	0.0100066711141
-tup	0.0456870294811	0.799304195603	0.0341271279723	0.120881646943
-elë	0.1875	0.49537037037	0.247685185185	0.0694444444444
-tur	0.362292051756	0.202957486137	0.434750462107	0.0
-ori	0.493421052632	0.151315789474	0.315789473684	0.0394736842106
-tut	0.362086258776	0.433299899699	0.150451354062	0.0541624874624
-oro	0.536451748841	0.181205225453	0.0606826801518	0.221660345554
-kos	0.268883548743	0.494706761057	0.0679786105518	0.168431079648
-kor	0.295309283879	0.345960725712	0.071201977959	0.28752801245
-ora	0.229411764706	0.667647058824	0.00588235294117	0.0970588235294
-ion	0.037797863599	0.845110928513	0.0110928512736	0.105998356615
-ore	0.453782582067	0.255017061589	0.0506677484271	0.240532607918
-tna	0.540949759119	0.220922229869	0.0660701995871	0.172057811425
-iim	0.565822184541	0.292345054535	0.0754429579388	0.0663898029861
-ööl	0.506350550381	0.117132373695	0.00169348010161	0.374823595823
-kre	0.245305784491	0.52281673389	0.0996206611772	0.132256820442
-iil	0.234483738105	0.680017043034	0.035790370686	0.049708848175
-gak	0.13810741688	0.657289002558	0.0971867007672	0.107416879795
-rup	0.0752351097179	0.924764890282	0.0	0.0
-won	0.092934733787	0.0330091874082	0.0120760388224	0.861980039982
-lip	0.0261520283576	0.954233950374	0.0122883024813	0.00732571878692
-rut	0.206196364398	0.650840822953	0.0769799760419	0.0659828366073
-lis	0.0319218241042	0.914332247557	0.00195439739413	0.0517915309446
-lim	0.0	0.903225806452	0.0967741935484	0.0
-omi	0.0	0.621399176955	0.279835390946	0.0987654320988
-lio	0.0	1.0	0.0	0.0
-rum	0.593086064098	0.319409434642	0.038890889449	0.0486136118113
-kek	0.230840543881	0.688504326329	0.0268850432633	0.0537700865266
-lia	0.00162733930024	0.995117982099	0.0	0.00325467860049
-lni	0.199431197576	0.111321778675	0.0359966751163	0.653250348632
-eap	0.00842696629213	0.991573033708	0.0	0.0
-eas	0.154696132597	0.828729281768	0.0165745856354	0.0
-önt	0.194555644516	0.696557245797	0.0608486789432	0.0480384307446
-irë	0.290523690773	0.137780548628	0.0872817955112	0.484413965087
-144	0.00936037441501	0.0624024960997	0.0	0.928237129485
-ëöa	0.285714285714	0.624060150376	0.0751879699248	0.0150375939849
-ëpa	0.463124202084	0.196013878845	0.0413545710638	0.299507348008
-eak	0.225237415234	0.101659266653	0.0237702291496	0.649333088963
-eam	0.0354449472097	0.945701357466	0.0101809954751	0.00867269984917
-ean	0.377131394183	0.408224674022	0.0240722166499	0.190571715145
-öök	0.164449458351	0.564007757385	0.0738560345523	0.197686749712
-uri	0.0	1.0	0.0	0.0
-pël	0.210650779988	0.0249029007157	0.0101511714623	0.754295147834
-ipa	0.281581208823	0.61415067316	0.0292179891149	0.0750501289029
-öön	0.322023423923	0.239329350025	0.0477249468513	0.390922279201
-uro	0.564971751413	0.367231638418	0.0	0.0677966101695
-öen	0.226894885194	0.462023811648	0.0643207108321	0.246760592327
-ura	0.525143678161	0.194683908046	0.0818965517241	0.198275862069
-ure	0.176305722834	0.609289628984	0.0290160629895	0.185388585192
-pëa	0.576470588235	0.0	0.317647058824	0.105882352941
-aëp	0.344890510949	0.518248175183	0.065693430657	0.0711678832117
-ukë	0.314722617354	0.404516358464	0.258712660028	0.0220483641536
-öör	0.3155221784	0.438651466854	0.103193041223	0.142633313523
-pët	0.216010194545	0.119472701506	0.0879151402176	0.576601963732
-ööp	0.261061946903	0.543615676359	0.149810366625	0.0455120101138
-për	0.347761101757	0.45826044898	0.0692416511806	0.124736798083
-uru	0.449101796407	0.335329341317	0.191616766467	0.0239520958084
-mep	0.245614035088	0.157894736842	0.210526315789	0.385964912281
