-het	0.0149582298487	0.93720365771	0.0280819598103	0.0197561526304
-cah	0.107142857143	0.678571428571	0.0	0.214285714286
-hep	0.697986577181	0.181208053691	0.0805369127517	0.0402684563759
-her	0.0521175238883	0.901292568393	0.00710693507567	0.0394829726427
-hes	0.0397081759918	0.856277486897	0.0300446818345	0.0739696552768
-cas	0.141176470588	0.811764705882	0.0	0.0470588235294
-hem	0.0526315789473	0.907894736842	0.0394736842106	0.0
-hen	0.476309226933	0.269326683292	0.0	0.254364089776
-u-a	0.0242424242424	0.90303030303	0.0727272727273	0.0
-ive	0.0211275011233	0.0985599520727	0.0414264727908	0.838886074013
-hek	0.119656531276	0.505697407449	0.146812685749	0.227833375525
-hed	0.427299703264	0.545994065282	0.0	0.026706231454
-hee	0.307692307692	0.333333333333	0.0512820512821	0.307692307692
-hea	0.0843243243243	0.824864864865	0.0389189189189	0.0518918918919
-lem	0.014265056474	0.973424004377	0.00996599835854	0.00234494079025
-aus	0.0616621983914	0.906166219839	0.0160857908847	0.0160857908847
-oyk	0.0244223632228	0.96767628397	0.00143660960134	0.00646474320603
-zin	0.206477732793	0.429149797571	0.121457489879	0.242914979757
-r-a	0.241540086338	0.413959858241	0.0435972495265	0.300902805895
-mul	0.280793626238	0.249002165842	0.289549814356	0.180654393564
-nse	0.0674157303371	0.932584269663	0.0	0.0
-ple	0.00926784059315	0.170528266914	0.806302131603	0.0139017608897
-aum	0.0183346065699	0.960275019099	0.0	0.0213903743315
-aul	0.0730948678072	0.843422259441	0.0	0.0834828727519
-nth	0.165980106188	0.488602156351	0.0980123513744	0.247405386087
-hew	0.0	1.0	0.0	0.0
-nak	0.261728951586	0.23113549152	0.0476910985312	0.459444458363
-nta	0.160901908535	0.152314447127	0.04491994735	0.641863696988
-nte	0.420989143546	0.521109770808	0.0506634499397	0.00723763570567
-puy	0.385929191457	0.142031267038	0.0232033273802	0.448836214124
--uk	0.305263941627	0.0989129625494	0.0145186508823	0.581304444941
-nty	0.0999737271089	0.674075551269	0.031557363355	0.194393358267
-uuʼ	0.816185645812	0.104828646529	0.0755884729212	0.00339723473803
--uw	0.584848484848	0.221212121212	0.030303030303	0.163636363636
-six	0.0327700972862	0.0885816692268	0.0768049155146	0.801843317972
-eus	0.0191455058444	0.926440951229	0.0423216444982	0.0120918984281
-yre	0.0	1.0	0.0	0.0
-pul	0.367895462142	0.21906619429	0.0351107474865	0.377927596081
-pum	0.521420301042	0.357005017368	0.0	0.12157468159
-nts	0.0347366496584	0.924127844167	0.0411355061745	0.0
-puk	0.0740224172834	0.753937334073	0.0209152662698	0.151124982374
-y-a	0.367883917712	0.315117351339	0.0929752356832	0.224023495266
-nal	0.0684736091298	0.572039942939	0.222539229672	0.13694721826
-ley	0.311111111111	0.2	0.111111111111	0.377777777778
-ape	0.23487544484	0.748517200475	0.00711743772241	0.00948991696323
-~an	0.491830131799	0.238477411834	0.0596546544169	0.210037801951
-~al	0.53889405226	0.324233470664	0.0396731817614	0.0971992953154
-nda	0.0748299319728	0.0680272108844	0.0	0.857142857143
-imp	0.433312195908	0.324573184374	0.10644741708	0.135667202638
-gka	0.387788174099	0.30497772322	0.0552525952779	0.251981507403
-dee	0.0	1.0	0.0	0.0
-dek	0.177966101695	0.694915254237	0.101694915254	0.0254237288136
-den	0.0292941378868	0.956590034012	0.000455349293578	0.0136604788073
-der	0.0222841225626	0.977715877437	0.0	0.0
-des	0.0	0.878787878788	0.121212121212	0.0
-kim	0.0	1.0	0.0	0.0
-oka	0.0677818813817	0.779081275497	0.153136843122	0.0
-nes	0.110886514583	0.889113485417	0.0	0.0
-llb	0.0	0.857740585774	0.0251046025104	0.117154811715
-lla	0.0281491907108	0.971850809289	0.0	0.0
-ech	0.351434270122	0.194924996884	0.247946590578	0.205694142416
-rpa	0.446078431373	0.357843137255	0.078431372549	0.117647058824
-kuʼ	0.0564213521877	0.80983914633	0.133739501482	0.0
-llo	0.698224852071	0.195266272189	0.0	0.10650887574
-ece	0.23275344931	0.642271545691	0.0329934013197	0.0919816036793
-ida	0.0	1.0	0.0	0.0
-lls	0.132	0.868	0.0	0.0
-rga	0.102272727273	0.863636363636	0.0	0.0340909090909
-bia	0.220633299285	0.779366700715	0.0	0.0
-ooʼ	0.375142310394	0.246154591478	0.0159872102318	0.362715887896
-ter	0.0335156263393	0.926711354168	0.00925751315767	0.0305155063346
-tes	0.0813367518345	0.88763150915	0.0198921403943	0.0111395986208
-ria	0.0710801393729	0.862717770035	0.0439024390243	0.0222996515679
-uth	0.121733992452	0.0143510230465	0.00146077501645	0.862454209485
-rim	0.0	1.0	0.0	0.0
-nar	0.432151817648	0.288154593498	0.0863182618908	0.193375326963
-ris	0.0	1.0	0.0	0.0
-tel	0.0911528150134	0.833780160858	0.0750670241287	0.0
-kiy	0.187536020203	0.238949756277	0.492707811773	0.0808064117475
-ten	0.028822667318	0.0166096726917	0.00488519785051	0.94968246214
-riy	0.212765957447	0.510638297872	0.276595744681	0.0
-ard	0.0255319148936	0.968794326241	0.00567375886525	0.0
-mew	0.0	1.0	0.0	0.0
-wal	0.204623612539	0.589421302862	0.0358253089577	0.170129775641
-ara	0.12336897442	0.118468192003	0.0338515093634	0.724311324214
-mes	0.0	0.99142550911	0.00428724544479	0.00428724544481
-mer	0.533707865169	0.415730337079	0.0505617977528	0.0
-arl	0.0312174817898	0.93756503642	0.0312174817898	0.0
-arm	0.0832282471627	0.886506935687	0.03026481715	0.0
-lus	0.243243243243	0.723723723724	0.018018018018	0.015015015015
-ark	0.286786018755	0.530434782609	0.0685421994885	0.114236999148
-ile	0.176352705411	0.823647294589	0.0	0.0
-arp	0.236446142823	0.260807260568	0.278003343683	0.224743252926
-arr	0.535192264448	0.205082077805	0.259725657747	0.0
-ars	0.124215355111	0.790502460783	0.0242105433139	0.061071640792
-mel	0.248538011696	0.369095816464	0.252474134053	0.129892037787
-gaʼ	0.0542738214321	0.924397405698	0.0155206350231	0.00580813784648
-ary	0.0255681818182	0.973721590909	0.0	0.000710227272728
-mow	0.437087364301	0.324495975187	0.0868768924009	0.151539768112
-pha	0.0103806228374	0.906574394464	0.083044982699	0.0
-aya	0.279076956159	0.382670752359	0.118525387738	0.219726903744
-rah	0.0311963812198	0.780065512401	0.132584620184	0.0561534861956
--ey	0.372549019608	0.470588235294	0.117647058824	0.0392156862745
-ayn	0.463698935741	0.299948121707	0.0654201155764	0.170932826976
-hty	0.480427046263	0.103202846975	0.0	0.416370106762
-ays	0.367346938776	0.442176870748	0.0204081632653	0.170068027211
-gin	0.696700148829	0.159491472984	0.0512501133557	0.0925582648309
-xad	0.0	1.0	0.0	0.0
-xan	0.290798611111	0.670138888889	0.0390625	0.0
-ʼow	0.384294818006	0.308520012456	0.0535583354114	0.253626834126
-ota	0.17758065052	0.313299445164	0.276387919864	0.232731984451
-ump	0.690038381973	0.146004731027	0.0413697124161	0.122587174584
-ums	0.0717131474104	0.836653386454	0.0318725099602	0.0597609561753
-oth	0.544729779781	0.14603882547	0.0620795752456	0.247151819504
-sus	0.00969533577144	0.852222936059	0.0063474988338	0.131734229336
-oam	0.0	0.967567567568	0.0	0.0324324324324
-ume	0.394628099174	0.324380165289	0.111570247934	0.169421487603
-alf	0.26532483106	0.652654378074	0.0820207908663	0.0
-otr	0.390361445783	0.493975903614	0.0289156626506	0.0867469879518
-ots	0.0232558139535	0.93023255814	0.046511627907	0.0
-uma	0.191072867653	0.761613850833	0.047313281514	0.0
-nha	0.220136518771	0.616040955632	0.102389078498	0.0614334470989
-rry	0.744802538638	0.0644305986041	0.190766862757	0.0
-two	0.0458505861683	0.173179076721	0.020857521551	0.76011281556
-nah	0.00294117647059	0.997058823529	0.0	0.0
-nai	0.0261796422115	0.966548234952	0.00727212283653	0.0
-nan	0.21379184247	0.152282055228	0.0431309044754	0.590795197827
-kie	0.239278000617	0.760721999383	0.0	0.0
-nam	0.244084670541	0.240104822045	0.124386913469	0.391423593945
-ake	0.16129032258	0.41878066604	0.0535024532832	0.366426558096
-kin	0.672589833283	0.176283577765	0.0542980345257	0.0968285544258
-aka	0.23478463705	0.507739576666	0.0727380751978	0.184737711086
-nsa	0.418803418804	0.444444444444	0.136752136752	0.0
-ees	0.0119943750517	0.974522292994	0.00463231036479	0.00885102158987
-yʼa	0.0332147093713	0.473309608541	0.479240806643	0.0142348754448
-sic	0.572960095295	0.24836212031	0.178677784395	0.0
-nas	0.0330882352941	0.961397058824	0.00551470588235	0.0
-sia	0.00436046511628	0.969476744186	0.0130813953488	0.0130813953488
-wuk	0.653967607212	0.30936131201	0.0366710807783	0.0
-ics	0.0	0.0	1.0	0.0
-mos	0.0	0.974630021142	0.0253699788583	0.0
-wun	0.635482972771	0.112638334846	0.05522469204	0.196654000343
-gon	0.0	1.0	0.0	0.0
-god	0.0302255180344	0.874797596977	0.0187442799146	0.0762326050736
-gog	0.0	1.0	0.0	0.0
-puw	0.0805369127517	0.778523489933	0.0	0.140939597315
-mon	0.00593842787936	0.990779809345	0.0	0.00328176277543
-yna	0.381630413404	0.393820174085	0.102571976299	0.121977436212
-gow	0.540075063582	0.373256129781	0.0144448011062	0.072224005531
-con	0.133333333333	0.621212121212	0.0363636363637	0.209090909091
-ber	0.210989010989	0.78021978022	0.0	0.0087912087912
-pus	0.112359550562	0.865168539326	0.0224719101124	0.0
-eor	0.0	1.0	0.0	0.0
-rls	0.0137299771167	0.972540045767	0.0137299771167	0.0
-cob	0.00739558143355	0.992604418566	0.0	0.0
-eon	0.0	1.0	0.0	0.0
-ixa	0.122065727699	0.676056338028	0.0	0.201877934272
-ben	0.0	0.756756756757	0.0	0.243243243243
-bel	0.0709108594019	0.880141821719	0.022591070252	0.0263562486273
-yam	0.20563792955	0.203705428024	0.153713687624	0.436942954802
-yal	0.530494257324	0.146341463415	0.00929152148664	0.313872757775
-yan	0.195218805104	0.365609153242	0.0707599648626	0.368412076792
-yak	0.323467582039	0.379497154024	0.174544033713	0.122491230225
-wur	0.731688107115	0.0640588080861	0.00315043318457	0.201102651615
-aaʼ	0.337314052543	0.336722489542	0.0739630051002	0.252000452814
-ups	0.0471204188481	0.670157068063	0.251308900523	0.0314136125655
-iʼa	0.525703564728	0.279174484053	0.0735459662288	0.121575984991
-rea	0.0660146699267	0.926650366748	0.0	0.00733496332518
-isa	0.0	1.0	0.0	0.0
-ree	0.0	0.124952443068	0.288602641448	0.586444915484
-rez	0.0	1.0	0.0	0.0
-eve	0.039100684262	0.925708699902	0.0	0.0351906158358
-pak	0.133945961137	0.0700170064705	0.0210693724114	0.774967659981
-eva	0.0	0.806451612903	0.0	0.193548387097
-res	0.326210826211	0.533618233618	0.0290598290598	0.111111111111
-ist	0.0343783287287	0.857973439901	0.0237354137061	0.0839128176644
-evi	0.0108303249097	0.98916967509	0.0	0.0
-ret	0.258064516129	0.741935483871	0.0	0.0
-reu	0.0	1.0	0.0	0.0
-may	0.277679092184	0.461157176471	0.0223719928009	0.238791738544
-hab	0.00559910414335	0.994400895857	0.0	0.0
-oat	0.168281653747	0.740471576227	0.0541020671835	0.0371447028424
-oas	0.0	0.948497854077	0.0	0.0515021459228
-mas	0.0430210325048	0.956978967495	0.0	0.0
-hak	0.224856388978	0.278316304281	0.106093343321	0.39073396342
-hal	0.0	1.0	0.0	0.0
-mat	0.283492711912	0.120230247888	0.0821650728809	0.51411196732
-han	0.144701230096	0.137415282059	0.0373011766945	0.680582311151
-mak	0.356455638575	0.257135887744	0.0668751131487	0.319533360532
-has	0.0163370593293	0.963026655202	0.0	0.0206362854686
-mam	0.325447172153	0.174071133541	0.0631390747102	0.437342619596
-mal	0.203640417848	0.400203591944	0.328776751739	0.0673792384692
-haw	0.929485503713	0.022223566636	0.00186380731926	0.0464271223317
-unk	0.105646630237	0.204007285974	0.668488160292	0.0218579234973
-ung	0.722630621608	0.183670118538	0.0637952407516	0.0299040191023
-una	0.466271910829	0.287978568385	0.0718650720234	0.173884448763
-uny	0.235237173282	0.52371732817	0.157792836399	0.0832526621491
-pta	0.0	0.21186440678	0.135593220339	0.652542372881
-unt	0.137932267639	0.811643958087	0.0336158495154	0.0168079247577
-hil	0.128548738755	0.226806751999	0.236675895883	0.407968613363
-unp	0.273604282374	0.382521482949	0.12784376394	0.216030470738
-uns	0.0940170940171	0.726495726496	0.025641025641	0.153846153846
-gad	0.0	1.0	0.0	0.0
-tra	0.818414075681	0.146155700169	0.0161484695107	0.0192817546397
-ada	0.0983155723616	0.765555173599	0.0100836484474	0.126045605592
-gan	0.210835243831	0.269727659965	0.0322450480345	0.487192048169
-gam	0.316246319077	0.38515864224	0.0749146620539	0.223680376629
-gal	0.212532931315	0.193748754621	0.0189260855723	0.574792228491
-gak	0.166508231524	0.772250563479	0.0218782563363	0.0393629486602
-gai	0.0	1.0	0.0	0.0
-gar	0.0	0.724659606657	0.275340393343	0.0
-yaa	0.26274392057	0.052287016445	0.0125728030454	0.67239625994
-lan	0.138697839917	0.124083491903	0.0423671939331	0.694851474246
-gay	0.0298008354591	0.024632685108	0.00128804319066	0.944278436242
-ʼuw	0.219239047167	0.699412687411	0.039762156641	0.0415861087804
-inh	0.0969097871779	0.403311102572	0.0408556665277	0.458923443722
-ink	0.102289332684	0.841916485852	0.0557941814639	0.0
-seh	0.0	1.0	0.0	0.0
-ina	0.404394214704	0.314638626403	0.119494295265	0.161472863628
-see	0.00273194186428	0.9617528139	0.0245874767785	0.0109277674571
-ine	0.230042821038	0.590594612853	0.0651844210638	0.114178145046
-sea	0.0444115470022	0.914877868246	0.0296076980015	0.0111028867505
-ing	0.312964682243	0.419819405707	0.0672324546425	0.199983457407
-rld	0.13405238829	0.545454545455	0.274268104777	0.0462249614792
-d=a	0.125523012552	0.65690376569	0.200836820084	0.0167364016736
-ohn	0.00443869058628	0.972258183836	0.00554836323284	0.0177547623451
-now	0.440751489625	0.164409323058	0.0333640835068	0.36147510381
-int	0.086934627621	0.0411019471507	0.00420483307067	0.867758592158
-kuw	0.210365853658	0.582317073171	0.0243902439024	0.182926829268
-aam	0.120070128877	0.246293110103	0.0958664785577	0.537770282462
-rse	0.0	1.0	0.0	0.0
-aal	0.136618810171	0.103914709631	0.0311792621985	0.728287217999
-ble	0.545702592087	0.361527967258	0.0723055934516	0.0204638472033
-ook	0.227452724377	0.687335537917	0.0555596300447	0.0296521076606
-ian	0.12015503876	0.606841927873	0.130097741827	0.14290529154
-ner	0.0972222222222	0.875	0.0277777777778	0.0
-ool	0.255343294874	0.642519387176	0.0907887270663	0.0113485908833
-kuy	0.747239263804	0.147239263804	0.0	0.105521472393
-oon	0.111012667321	0.0514954143819	0.088838868801	0.748653049496
-eds	0.191279887482	0.606188466948	0.20253164557	0.0
-oor	0.216895928859	0.742253716827	0.0	0.0408503543143
-bed	0.167741935484	0.832258064516	0.0	0.0
-ias	0.102117857828	0.795764284343	0.0537462409623	0.0483716168661
-ooy	0.0	1.0	0.0	0.0
-kun	0.0853388485001	0.863186262221	0.024860031754	0.0266148575249
-kul	0.244418306396	0.323642573212	0.133903961568	0.298035158824
-ban	0.0469336670838	0.867021276596	0.0344180225281	0.0516270337922
-uul	0.0674157303371	0.910112359551	0.0	0.0224719101123
-eka	0.36641010162	0.260187141564	0.0957088238254	0.277693932991
-non	0.0526315789474	0.842105263158	0.105263157895	0.0
-uuk	0.030701754386	0.91544834308	0.0377680311891	0.016081871345
-bag	0.0651554228316	0.934844577168	0.0	0.0
-hon	0.0944594597644	0.114237383517	0.222973935963	0.568329220756
-hol	0.654796094199	0.267662263067	0.077541642734	0.0
-hor	0.333333333334	0.535211267606	0.131455399061	0.0
-irt	0.0355072463768	0.900241545894	0.0591787439613	0.00507246376812
-uuy	0.329306812361	0.508835581356	0.114478401912	0.0473792043708
-how	0.437851529518	0.324989679692	0.063902638512	0.173256152278
-uut	0.100966642822	0.18972407122	0.0889797264291	0.620329559529
-uuw	0.375264881526	0.339144673473	0.091022924292	0.194567520709
-bas	0.0291545189505	0.860955371159	0.100919488675	0.00897062121553
-job	0.104347826087	0.791304347826	0.0521739130435	0.0521739130435
-yey	0.0957492486046	0.182267067411	0.0221124946329	0.699871189352
-cks	0.188770237685	0.749224939718	0.045470203238	0.0165346193593
-mbs	0.242753623188	0.626811594203	0.108695652174	0.0217391304348
-asa	0.0476190476191	0.917748917749	0.00577200577202	0.02886002886
-yer	0.0406779661017	0.918644067797	0.0406779661017	0.0
-ast	0.0164684354987	0.975297346752	0.0082342177493	0.0
-ass	0.0	0.941616766467	0.0583832335329	0.0
-lta	0.334916864608	0.61757719715	0.0332541567696	0.0142517814727
-irs	0.103360918764	0.854078702922	0.0425603783145	0.0
-heʼ	0.0471153846154	0.932692307692	0.0201923076923	0.0
-per	0.0898203592814	0.805389221557	0.0359281437126	0.0688622754491
-erp	0.329588014981	0.50936329588	0.138576779026	0.0224719101124
-ers	0.13869473962	0.758893411021	0.0316428945491	0.0707689548103
-ran	0.195059687901	0.469435477358	0.0575787099881	0.277926124753
-eri	0.0	1.0	0.0	0.0
-iwa	0.587079268171	0.352566788372	0.0175575108238	0.0427964326331
-ram	0.0691098564223	0.133478655855	0.0223336896797	0.775077798043
-rak	0.306666666667	0.32962962963	0.195555555556	0.168148148148
-ern	0.783874580067	0.179731243001	0.0	0.0363941769317
-era	0.0981375358166	0.637535816619	0.0637535816619	0.200573065903
-erd	0.0432692307692	0.841346153846	0.115384615385	0.0
-ugs	0.837438423645	0.162561576355	0.0	0.0
-epa	0.152247503964	0.143763122938	0.0789875876648	0.625001785434
-pow	0.417206624243	0.307029236829	0.0755268480294	0.200237290899
--em	0.439632545932	0.423884514436	0.120734908136	0.0157480314961
-poo	0.473140145738	0.384511099814	0.0711743772243	0.0711743772242
-pol	0.200117716304	0.398273494212	0.336864822445	0.0647439670394
-oyʼ	0.514018691589	0.305740987984	0.131842456609	0.0483978638184
-aay	0.653945691728	0.198591715821	0.0511028494108	0.0963597430406
-ika	0.525737420474	0.365529207635	0.0451127819549	0.0636205899364
-dea	0.0110294117647	0.971638655462	0.0173319327731	0.0
-lal	0.0790273556232	0.884498480243	0.0286582718194	0.00781589231437
-lam	0.285590600934	0.198788472899	0.112370452725	0.403250473442
-aaw	0.274678610901	0.153219707987	0.353091734047	0.219009947065
-lah	0.0	1.0	0.0	0.0
-aap	0.0310994131057	0.765980073511	0.156527287591	0.0463932257914
-oum	0.0	0.831775700935	0.0	0.168224299065
-lak	0.190933891638	0.67596117244	0.0593198832636	0.0737850526583
-lat	0.43134375436	0.412415458058	0.00942623696614	0.146814550616
-our	0.0163070198696	0.0744640048599	0.00216225677829	0.907066718492
-ppi	0.0283018867924	0.915094339623	0.0	0.0566037735849
-law	0.406779661017	0.203389830508	0.35593220339	0.0338983050847
-ypt	0.092792046396	0.883181441591	0.009942004971	0.0140845070422
-aak	0.0298132634684	0.06285953668	0.0025084626918	0.90481873716
-las	0.0152671755725	0.984732824427	0.0	0.0
-ppa	0.125794155019	0.801778907243	0.0304955527319	0.0419313850064
-aac	0.131782945736	0.71834625323	0.0878552971576	0.062015503876
-dow	0.114285714286	0.885714285714	0.0	0.0
-maʼ	0.0619882258871	0.668946691625	0.0166977006623	0.252367381825
-oʼa	0.471511147812	0.404624277457	0.0462427745665	0.0776218001651
--ik	0.49478390462	0.415797317437	0.0178837555887	0.0715350223547
-aha	0.0484829790814	0.903034041837	0.0153104144468	0.0331725646346
-gee	0.245614035088	0.0	0.0	0.754385964912
-rew	0.0	0.964611165177	0.0132708130585	0.0221180217641
-bow	0.13407821229	0.86592178771	0.0	0.0
-e=a	0.0628272251309	0.219895287958	0.0104712041885	0.706806282723
-ges	0.0691144708424	0.904967602592	0.0129589632829	0.012958963283
-ahs	0.0495867768595	0.789256198347	0.136363636364	0.0247933884298
-dom	0.0	1.0	0.0	0.0
-gew	0.395209580838	0.604790419162	0.0	0.0
-dok	0.0	1.0	0.0	0.0
-dda	0.0	1.0	0.0	0.0
-sau	0.0325203252032	0.642276422764	0.0325203252032	0.292682926829
-too	0.389721226979	0.152185994182	0.0473393534138	0.410753425425
-ddi	0.0	1.0	0.0	0.0
-moʼ	0.589790575916	0.0984293193718	0.0494764397905	0.262303664922
-mpa	0.300589281288	0.280931868516	0.0884552747743	0.330023575421
-don	0.00263296471827	0.992101105845	0.0	0.00526592943655
-olk	0.0194975628046	0.971503562055	0.00899887514061	0.0
-sak	0.058651026393	0.740469208211	0.0439882697947	0.156891495601
-old	0.0239329876346	0.61507778221	0.360989230156	0.0
-san	0.231593093426	0.590420326381	0.0744984776057	0.103488102587
-sam	0.0	1.0	0.0	0.0
-lon	0.0323078052721	0.41243850503	0.0537484396799	0.501505250018
-cle	0.0	0.97	0.015	0.015
-iel	0.0346702923182	0.874915023793	0.0822569680489	0.00815771583956
-ror	0.070796460177	0.761061946903	0.141592920354	0.0265486725664
-loi	0.0	0.979899497487	0.0	0.0201005025126
-haʼ	0.0338779371532	0.843266600189	0.0106108255989	0.112244637059
-rod	0.0457444752271	0.882739514207	0.0560530893628	0.0154629212035
-low	0.297403752409	0.564364762181	0.037925978849	0.10030550656
-ron	0.013430115435	0.959709653695	0.0134301154351	0.013430115435
-ier	0.0627090301003	0.874581939799	0.0301003344482	0.0326086956522
-lor	0.168776371308	0.746835443038	0.0506329113924	0.0337552742616
-och	0.00191693290735	0.915974440895	0.0782747603834	0.00383386581469
-ock	0.103101728002	0.824596919962	0.0101221892849	0.0621791627503
-mar	0.254777070064	0.579617834395	0.0127388535032	0.152866242038
-ews	0.0319535132803	0.808339843392	0.104849888528	0.0548567547997
-rds	0.0778546712803	0.818339100346	0.00519031141869	0.098615916955
-win	0.74970788033	0.0749552509086	0.0317727585863	0.143564110175
-ipa	0.0814312971701	0.879276997818	0.0239100685538	0.0153816364582
-ham	0.181700211453	0.148361263618	0.096250236182	0.573688288747
-rda	0.116154873164	0.843791722296	0.0	0.0400534045394
-ewa	0.0393442622951	0.736612021858	0.208743169399	0.0153005464481
-npa	0.504736129905	0.27401894452	0.117726657645	0.10351826793
-ewm	0.0354861603974	0.25621007807	0.705464868701	0.00283889283179
-eʼe	0.104166666667	0.0833333333333	0.0	0.8125
-awa	0.644458895209	0.141191784127	0.0434521986862	0.170897121978
-har	0.0764261300727	0.0487411543832	0.0177490011072	0.857083714437
-aws	0.6	0.4	0.0	0.0
-hat	0.318445463915	0.66033426972	0.0127321598189	0.00848810654594
-les	0.181025522578	0.664626400277	0.0955941794664	0.0587538976787
-nge	0.228136882129	0.657794676806	0.114068441065	0.0
-mpe	0.286956521739	0.373913043478	0.0608695652174	0.278260869565
-man	0.216193182058	0.227319999522	0.0692328858462	0.487253932574
-bit	0.164595891254	0.697625784229	0.103333743388	0.0344445811293
-sts	0.0399283719791	0.934673362545	0.0229590049329	0.00243926054273
-sta	0.272660164287	0.494809090766	0.103896715827	0.128634029119
-cum	0.70253164557	0.259493670886	0.0379746835443	0.0
-ngk	0.222085049997	0.359413618715	0.0352640105556	0.383237320732
-tow	0.189145467909	0.691673321913	0.0288689409538	0.0903122692245
-dle	0.0792354355159	0.851064954702	0.0696996097819	0.0
-wik	0.117993740841	0.196873281213	0.00326529784591	0.6818676801
-sse	0.0	1.0	0.0	0.0
-uch	0.310956320851	0.544838570125	0.0127021760154	0.131502933009
-eym	0.34775374376	0.392678868552	0.109816971714	0.149750415973
-red	0.00909483218643	0.286315525714	0.0191641106785	0.685425531421
-hya	0.0408626560727	0.838819523269	0.0567536889898	0.0635641316686
-cus	0.0409266409266	0.917374517375	0.0277992277992	0.0138996138996
-cup	0.0134983127109	0.986501687289	0.0	0.0
-=ak	0.088651431494	0.832085223999	0.0239807102609	0.0552826342463
-oba	0.0957095709571	0.864686468647	0.009900990099	0.029702970297
-=am	0.230374572453	0.558459164095	0.112309168266	0.0988570951865
-ion	0.0456794822992	0.85344499429	0.100875523411	0.0
-=an	0.0500331683838	0.803403863862	0.0128804059944	0.13368256176
-lea	0.0	1.0	0.0	0.0
-amp	0.333549862427	0.206408158919	0.0489211207947	0.411120857859
-lee	0.00401701323252	0.978497164461	0.0132325141777	0.00425330812854
-leg	0.0	1.0	0.0	0.0
-mut	0.00417536534446	0.995824634656	0.0	0.0
-mup	0.300720983227	0.296574395756	0.308565878442	0.0941387425754
-mus	0.275806451613	0.616129032258	0.0274193548387	0.0806451612903
-rya	0.0173913043478	0.947826086957	0.0347826086956	0.0
-ema	0.271292693472	0.472546476438	0.225897103329	0.0302637267618
-oil	0.0675381263616	0.479302832244	0.313725490196	0.139433551198
-iot	0.00182260024301	0.989064398542	0.00729040097205	0.00182260024301
-eem	0.601534526854	0.0746803069053	0.216368286445	0.107416879795
-eel	0.0	1.0	0.0	0.0
-een	0.284950764372	0.178846289092	0.0257871677193	0.510415778816
-giy	0.189615967353	0.696421840078	0.0497581404172	0.0642040521512
-aly	0.0	0.863636363636	0.0454545454545	0.0909090909091
-nds	0.0624599615631	0.937540038437	0.0	0.0
-rrh	0.0679012345679	0.932098765432	0.0	0.0
-eea	0.08	0.426666666667	0.466666666667	0.0266666666667
-mps	0.4	0.45	0.15	0.0
-rrr	0.510688836104	0.270783847981	0.180522565321	0.0380047505938
-all	0.00710059171598	0.943195266272	0.0	0.0497041420118
-alm	0.535966149506	0.35119887165	0.112834978843	0.0
-eey	0.610145278576	0.183706554734	0.0220944140211	0.184053752669
-ali	0.0	0.933333333333	0.0	0.0666666666667
-fty	0.0182370820669	0.520770010132	0.0243161094225	0.436676798379
-eew	0.137614678899	0.752293577982	0.0550458715596	0.0550458715596
-eep	0.26080254329	0.559579526824	0.0178945203557	0.161723409531
--ek	0.442424242424	0.0363636363637	0.521212121212	0.0
-ala	0.425248407464	0.320616505077	0.0787915645996	0.175343522859
-yow	0.459011995567	0.266898236792	0.0304872891989	0.243602478442
-you	0.407409499068	0.550064946067	0.0244536059186	0.0180719489467
-wns	0.019305019305	0.831081081081	0.0260617760618	0.123552123552
-yon	0.0	1.0	0.0	0.0
-kaʼ	0.253213408174	0.212393769302	0.129550731498	0.404842091026
-eek	0.463689423057	0.236654261485	0.163707725784	0.135948589673
-chi	0.0	1.0	0.0	0.0
-cho	0.0	1.0	0.0	0.0
-cha	0.35956003669	0.391866746395	0.123928911858	0.124644305058
-elt	0.12962962963	0.796296296296	0.0740740740741	0.0
-pek	0.357656025835	0.0745245968836	0.0167408921459	0.551078485136
-pet	0.12291870715	0.8388834476	0.0367286973555	0.00146914789422
-eli	0.0	1.0	0.0	0.0
-ell	0.250891795482	0.603448275862	0.109988109394	0.0356718192628
-yaʼ	0.15155379285	0.194719834982	0.0318666168762	0.621859755292
-iye	0.618556701031	0.245151144505	0.00349467062729	0.132797483837
-rka	0.360310928212	0.395061728395	0.185642432556	0.0589849108367
-ela	0.08	0.84	0.0	0.08
-iya	0.278562401755	0.219799206209	0.0704755864515	0.431162805585
-pey	0.62419794119	0.178460970318	0.0336980104326	0.163643078059
-nka	0.306861770138	0.650518539565	0.0426196902969	0.0
-ity	0.604725928307	0.204307989069	0.190966082623	0.0
-est	0.0445587762414	0.861385456383	0.0682162708439	0.0258394965318
-ith	0.290007959608	0.675191085239	0.0174004775765	0.0174004775765
-esa	0.046018991965	0.86596055515	0.0266617969321	0.0613586559533
-weʼ	0.594699418229	0.405300581771	0.0	0.0
-fak	0.101587301587	0.898412698413	0.0	0.0
-kap	0.0901400103711	0.102066819764	0.0242684643307	0.783524705534
-bul	0.23198733175	0.76801266825	0.0	0.0
-uda	0.0566572237959	0.886685552408	0.0	0.056657223796
-men	0.120442103089	0.668216093379	0.0613572977998	0.149984505733
-bbi	0.676470588235	0.191176470588	0.0	0.132352941176
-hum	0.0270802662999	0.884996791168	0.0420835699274	0.0458393726046
-wop	0.0697167755991	0.78431372549	0.141612200436	0.00435729847496
-hua	0.0	1.0	0.0	0.0
-wow	0.457461306133	0.202734632983	0.0327807125751	0.307023348308
-huw	0.529661016949	0.169491525424	0.0	0.300847457627
-lot	0.252631578947	0.531578947368	0.215789473684	0.0
-hus	0.0365373805508	0.831365935919	0.13209668353	0.0
-nch	0.0685255894763	0.452125693445	0.0460964638441	0.433252253234
-kom	0.00848656294201	0.953323903819	0.038189533239	0.0
-ors	0.0371579211649	0.948280190811	0.0120512176751	0.00251067034898
-orp	0.119047619048	0.809523809524	0.0714285714286	0.0
-kon	0.262590274434	0.465170919596	0.0126143476168	0.259624458353
-ael	0.0510683258981	0.840426156375	0.0340455505987	0.0744599671285
-kok	0.0905172413793	0.89224137931	0.0	0.0172413793103
-aen	0.0	0.956204379562	0.0	0.043795620438
-ork	0.302638684619	0.486924037663	0.0546617178243	0.155775559894
-kow	0.478173925344	0.292426413036	0.0691502519163	0.160249409704
-tus	0.121095294583	0.860122578094	0.0158165282721	0.00296559905101
-ord	0.00503198359268	0.97880467517	0.000457453053882	0.0157058881832
-ore	0.0187151875232	0.925139249907	0.0	0.0561455625697
-lix	0.129963898917	0.829121540313	0.0120336943442	0.028880866426
-liy	0.146054496063	0.730868187855	0.0559102793129	0.0671670367696
-ʼar	0.388638431214	0.396492469423	0.103224502173	0.11164459719
-rus	0.0551897146441	0.917215428034	0.0150517403575	0.0125431169646
-omp	0.0534293728162	0.402665540278	0.475432492617	0.0684725942888
-lip	0.0836131631968	0.570852921424	0.325386165212	0.0201477501679
-aʼa	0.123548212044	0.0561588479013	0.0181898789191	0.802103061136
-ruk	0.0	1.0	0.0	0.0
-lin	0.735434822919	0.109475245689	0.0206193213425	0.13447061005
-lio	0.0232558139535	0.953488372093	0.0	0.0232558139535
-jew	0.0957070951505	0.594390937739	0.207035997376	0.102865969735
-ich	0.292880022872	0.450840475871	0.187010986575	0.0692685146828
-ʼal	0.287623474724	0.562173155142	0.0261475886113	0.124055781522
-ʼam	0.308422377248	0.0674414135219	0.0201311788084	0.604005030422
-ʼan	0.183718877564	0.156577461068	0.095393727778	0.56430993359
-rug	0.0	1.0	0.0	0.0
-ome	0.0493085249817	0.744712816364	0.191648368581	0.0143302900728
-ʼak	0.596330275229	0.315596330275	0.0330275229358	0.0550458715596
--ay	0.434397163121	0.201172940535	0.192580469176	0.171849427169
-ear	0.40127388535	0.242038216561	0.114649681529	0.242038216561
-rns	0.00218907573029	0.972527099585	0.0252838246849	0.0
-eat	0.0	1.0	0.0	0.0
-oda	0.0988425500643	0.723314348705	0.0852471063752	0.0925959948558
-ead	0.00948164697932	0.933249205266	0.0	0.0572691477551
-rna	0.0	1.0	0.0	0.0
--aa	0.428263956188	0.229000924027	0.0173536769511	0.325381442834
-miʼ	0.808656723218	0.0627734370289	0.050114768179	0.0784550715743
-rni	0.0	1.0	0.0	0.0
-ean	0.0740740740741	0.898148148148	0.0277777777778	0.0
-zer	0.0	1.0	0.0	0.0
-ana	0.249155931192	0.338157974899	0.0673704660158	0.345315627894
-urk	0.0856408792464	0.880102769055	0.00856408792464	0.0256922637739
-pam	0.0219265843133	0.114981301426	0.00618421384138	0.856907900419
-hna	0.0270690728065	0.963596764157	0.0	0.00933416303673
ALL	0.22167187804	0.253541998949	0.0486124152576	0.476173707753
-urp	0.0412767814578	0.757509410297	0.0161780980202	0.185035710225
-urr	0.343007915567	0.406332453826	0.0527704485488	0.197889182058
-urs	0.0	0.796610169492	0.0	0.203389830508
-urt	0.15295551493	0.78366849482	0.0	0.0633759902498
-mep	0.528338475099	0.36535918907	0.0237990304099	0.0825033054209
-apa	0.348837209302	0.333670374115	0.17593528817	0.141557128413
-pal	0.36311708274	0.107916738883	0.0358264155629	0.493139762815
-war	0.177689894995	0.570598663576	0.0251056866221	0.226605754807
-pan	0.262557141316	0.351539865663	0.109937627789	0.275965365233
-bya	0.27880512091	0.54054054054	0.0298719772404	0.150782361309
-paa	0.819923371648	0.0977011494253	0.0095785440613	0.0727969348659
-way	0.194838049954	0.280644351116	0.127235504964	0.397282093966
-wag	0.227586206896	0.772413793104	0.0	0.0
-pap	0.309513260333	0.161529210709	0.465219317678	0.0637382112793
-wan	0.444630823889	0.321714623863	0.0484724379642	0.185182114284
-wam	0.389140271493	0.291722118712	0.0593558690444	0.259781740751
-pas	0.0202702702702	0.95945945946	0.0202702702703	0.0
-wak	0.461321824222	0.409062708772	0.0535687910641	0.076046675942
-wls	0.896995708154	0.0772532188841	0.0257510729614	0.0
-kek	0.293602745537	0.5673851849	0.0985231172637	0.0404889523002
-sop	0.115384615385	0.838461538462	0.0461538461539	0.0
-ket	0.116140051238	0.858240819812	0.0153714773698	0.0102476515799
-sos	0.268156424581	0.698324022346	0.0	0.0335195530726
-kep	0.00786369593708	0.988990825688	0.00314547837484	0.0
-piʼ	0.621820250972	0.108807882649	0.0290475939609	0.240324272418
-key	0.0893695077211	0.769900179166	0.032633734323	0.10809657879
-dia	0.0	1.0	0.0	0.0
-son	0.0110701107011	0.90036900369	0.0885608856088	0.0
-ice	0.0852686308492	0.850953206239	0.0180242634315	0.04575389948
-sli	0.0	1.0	0.0	0.0
-lun	0.0	1.0	0.0	0.0
-ven	0.0127918495895	0.0367929617722	0.00502056051559	0.945394628123
-uka	0.255347931541	0.258169644382	0.0561473029754	0.430335121101
-one	0.0649218312827	0.24483941389	0.0609322215391	0.629306533288
-ver	0.1519109821	0.727140783745	0.0319303338171	0.0890179003386
-ves	0.0233674943847	0.77216692975	0.198456791595	0.00600878427033
-uke	0.019801980198	0.960396039604	0.0	0.019801980198
-nna	0.14208014208	0.773004773005	0.0599400599401	0.024975024975
-afe	0.05148005148	0.94851994852	0.0	0.0
-ngs	0.0757935651047	0.859425610019	0.0334700928525	0.0313107320234
-ais	0.0689655172414	0.931034482759	0.0	0.0
-air	0.0138642019197	0.970671880555	0.00106647707074	0.014397440455
-eʼa	0.273006623207	0.098566992788	0.0697590143142	0.558667369691
-tiy	0.455838243533	0.304733273025	0.0877203477603	0.151708135681
-oga	0.0	1.0	0.0	0.0
-nga	0.271409474658	0.247564481034	0.0571914920382	0.42383455227
-tia	0.149350649351	0.701298701299	0.11038961039	0.038961038961
-aim	0.0	1.0	0.0	0.0
-ail	0.572105887001	0.266693006717	0.119715527459	0.0414855788226
-tin	0.470503391584	0.19047795388	0.0238805916707	0.315138062866
-ain	0.118760437929	0.71887177584	0.0658749304138	0.0964928558175
-ngo	0.289308176101	0.327044025157	0.345911949686	0.0377358490566
-jar	0.349112426035	0.544378698225	0.0710059171598	0.0355029585799
-uwa	0.186943620178	0.543768545994	0.111275964392	0.158011869436
-onk	0.249533214389	0.399568482636	0.154765362433	0.196132940542
-huʼ	0.132729096511	0.765171598481	0.102099305008	0.0
-emp	0.106044454386	0.652967266487	0.0741314198736	0.166856859253
-aan	0.260143595016	0.223496438473	0.118093891763	0.398266074748
-das	0.00272047154841	0.987077760145	0.0	0.0102017683065
-jah	0.00200434274261	0.995323200267	0.00267245699014	0.0
-wma	0.011655011655	0.255536130536	0.732808857809	0.0
-ins	0.101863354037	0.872049689441	0.0260869565217	0.0
-xty	0.0695250974465	0.152096094185	0.0423196245326	0.736059183836
-ʼ-a	0.282235163883	0.561462193772	0.0718342397844	0.0844684025606
-ses	0.0724460724461	0.811965811966	0.035409035409	0.0801790801791
-cia	0.00714285714286	0.907142857143	0.0785714285714	0.00714285714287
-gia	0.0	0.992727272727	0.00727272727271	0.0
-ont	0.0989119683482	0.856412792615	0.0288493241015	0.0158259149357
-dah	0.0165354330708	0.975196850394	0.00826771653543	0.0
-ane	0.308818279186	0.51713673688	0.135665833631	0.0383791503035
-ets	0.0281204533506	0.966744507342	0.00146715408786	0.00366788521965
-g-a	0.286536367722	0.278594013138	0.0600193810868	0.374850238053
-oel	0.0	0.96	0.0	0.04
-dan	0.169927027305	0.793860700949	0.0174723354688	0.0187399362774
-rsa	0.0988912196584	0.796224153431	0.0329637398861	0.0719208870243
-wsa	0.280230326296	0.452015355086	0.181381957773	0.0863723608445
-nor	0.274314214464	0.695760598504	0.0299251870324	0.0
-eta	0.0	1.0	0.0	0.0
-ete	0.0051993067591	0.974003466205	0.0155979202773	0.00519930675909
-rch	0.043470511547	0.934215727773	0.000495861348444	0.0218178993316
-eth	0.0230756551838	0.956815559585	0.00263721773529	0.0174715674963
-lis	0.0436046511628	0.860465116279	0.0	0.0959302325581
-ghy	0.571428571429	0.223602484472	0.204968944099	0.0
-wey	0.314274938323	0.278529580116	0.0941500627129	0.313045418848
-ank	0.437141033823	0.243139757498	0.153797064454	0.165922144225
-ats	0.245901639344	0.750745156483	0.0	0.00335320417288
-c-a	0.0130071900856	0.986992809914	0.0	0.0
-lim	0.0	1.0	0.0	0.0
-uya	0.315496872828	0.497567755386	0.0840861709521	0.102849200834
-d-a	0.395698051948	0.477069805195	0.083400974026	0.0438311688312
-oof	0.233676975945	0.725085910653	0.0412371134021	0.0
-wew	0.157627118644	0.842372881356	0.0	0.0
-dus	0.0508474576271	0.762711864407	0.0508474576271	0.135593220339
-ght	0.0472440944882	0.952755905512	0.0	0.0
-ate	0.144642573307	0.806525104935	0.00968404693083	0.0391482748268
-ata	0.435709932968	0.491163924436	0.0274223034735	0.0457038391225
-bus	0.0286396181384	0.914081145585	0.0572792362768	0.0
-net	0.542857142857	0.342857142857	0.0190476190476	0.0952380952381
-ath	0.33872956803	0.21124840634	0.0360573403251	0.413964685305
-kak	0.293461064255	0.527381043306	0.049972177063	0.129185715377
-nip	0.282930907946	0.134982635729	0.0386379479168	0.543448508409
-osa	0.0	1.0	0.0	0.0
-niw	0.0384615384615	0.897435897436	0.0641025641025	0.0
-kam	0.212782459182	0.238064321377	0.0744130096405	0.474740209801
-kal	0.349883699491	0.346332803282	0.11333159881	0.190451898417
-oom	0.036046660796	0.744899330169	0.095064448694	0.123989560341
-ula	0.289460578205	0.151103752392	0.0302171968463	0.529218472557
-osh	0.0165289256199	0.98347107438	0.0	0.0
-iah	0.0068065796937	0.965399886557	0.00170164492343	0.0260918888259
-ost	0.206653012218	0.793346987782	0.0	0.0
-ace	0.448307834956	0.551692165044	0.0	0.0
-nia	0.0753768844221	0.888729361091	0.0172290021536	0.0186647523331
-aca	0.149877201453	0.770776044837	0.044081529839	0.0352652238712
-kar	0.0964451895641	0.0993687209221	0.0387253672383	0.765460722275
-ulp	0.519788918206	0.121372031662	0.0158311345646	0.343007915567
-ave	0.0886006576543	0.744428206065	0.0646693459993	0.102301790281
-nin	0.585686198294	0.18116680919	0.0476702686276	0.185476723888
-oma	0.154085603113	0.585214007782	0.0739299610895	0.186770428016
-nil	0.0787385612456	0.0191255421396	0.000244149365002	0.90189174725
-nim	0.258547541126	0.25416830509	0.0737851925704	0.413498961213
-lia	0.0	1.0	0.0	0.0
-ica	0.00628930817609	0.993710691824	0.0	0.0
-sha	0.0	0.861380756387	0.138619243613	0.0
-p-a	0.365441459436	0.405856694069	0.0846925155085	0.144009330987
-fus	0.0	1.0	0.0	0.0
-yuk	0.10769899009	0.174400734087	0.0140426258107	0.703857650012
-iiy	0.225101662332	0.0513285306533	0.00787762192465	0.71569218509
-ils	0.270491803279	0.631147540984	0.0	0.0983606557377
-lda	0.0	1.0	0.0	0.0
-wel	0.325	0.408333333333	0.216666666667	0.05
-vid	0.00677537377479	0.993224626225	0.0	0.0
-ods	0.191304347826	0.751918158568	0.0475703324808	0.00920716112532
-ila	0.214178955268	0.390999372702	0.0646711840979	0.330150487933
-lds	0.0484359233098	0.943491422805	0.00807265388495	0.0
-yuw	0.20733156141	0.46942880351	0.109244022523	0.213995612557
-oan	0.63829787234	0.265957446809	0.0	0.095744680851
-alʼ	0.114832535885	0.665071770335	0.114832535885	0.105263157895
-aoh	0.140350877193	0.789473684211	0.0	0.0701754385965
-oah	0.0	1.0	0.0	0.0
-eba	0.0	0.931558935361	0.0456273764259	0.0228136882129
-ize	0.353298611111	0.629340277778	0.0173611111111	0.0
-lmp	0.249018508132	0.676948962423	0.0	0.0740325294447
-eeʼ	0.347739649225	0.265867451101	0.0380051251215	0.348387774553
-yin	0.632427177936	0.126828825355	0.0300845498874	0.210659446821
-oaz	0.0977596741344	0.902240325866	0.0	0.0
-ama	0.250579484439	0.362672498866	0.114994289328	0.271753727366
-ags	0.157714285714	0.793142857143	0.00457142857143	0.0445714285714
-amb	0.0211570422349	0.95285831113	0.0156963093887	0.0102883372464
-ame	0.440162271805	0.377281947262	0.0851926977687	0.0973630831642
-lve	0.0293524949239	0.185468265863	0.00281034525867	0.782368893954
-him	0.208432195656	0.742288738821	0.0328527103486	0.0164263551743
-hin	0.640668124952	0.235403439642	0.0337489629616	0.0901794724445
-ein	0.0	1.0	0.0	0.0
-gus	0.0	1.0	0.0	0.0
-hia	0.0	1.0	0.0	0.0
-usa	0.081043810332	0.794362421285	0.0322092249535	0.0923845434295
-ira	0.0	1.0	0.0	0.0
-gut	0.228589032655	0.749229821319	0.0	0.0221811460259
-hiy	0.44480436904	0.341820125644	0.107866493848	0.105509011468
-w-a	0.418066867211	0.297506362446	0.0773337160481	0.207093054295
-gul	0.0900272074884	0.0363125792117	0.00727965584113	0.866380557459
-hip	0.442514121728	0.38962348112	0.0734602321231	0.0944021650288
-uup	0.525265957447	0.183432415519	0.12038485607	0.170916770964
-cos	0.0	1.0	0.0	0.0
-hiw	0.399364647152	0.439528023599	0.0680735194009	0.093033809848
-l-a	0.365483332421	0.392657529223	0.0933491411201	0.148509997237
-n-a	0.334659681518	0.333601903134	0.0799355755685	0.25180283978
-eph	0.0789999999999	0.918	0.0	0.003
-eps	0.037037037037	0.925925925926	0.037037037037	0.0
-s-a	0.112409927942	0.756665332266	0.0182646116894	0.112660128102
-hok	0.0381757100682	0.957752214191	0.00407207574061	0.0
-a-a	0.0799245292186	0.886065032816	0.00340104379653	0.0306093941689
-t-a	0.26655789102	0.241944450321	0.0471523843741	0.444345274285
-cea	0.284671532847	0.700729927007	0.014598540146	0.0
-pia	0.433114035088	0.270833333333	0.0657894736842	0.230263157895
-niy	0.392987862041	0.307176965011	0.0907300012966	0.209105171651
-e-a	0.0690534165272	0.781425962563	0.134682696698	0.0148379242125
-h-a	0.165519092752	0.262332409498	0.0618924401175	0.510256057632
-ʼim	0.240569991618	0.650461022632	0.0452640402347	0.0637049455155
-ius	0.0496930226247	0.921474848207	0.0108544486279	0.01797768054
-pik	0.47027027027	0.054054054054	0.0216216216216	0.454054054054
-pil	0.0791878172589	0.908629441624	0.0121827411168	0.0
-pin	0.615509469111	0.1647715518	0.0399176121324	0.179801366956
-pip	0.726303182388	0.200980951295	0.0262347439261	0.0464811223908
-ium	0.0134421507441	0.973115698512	0.0	0.0134421507441
-wiy	0.0575489503135	0.367677158359	0.0852631894678	0.48951070186
-piw	0.632661831001	0.330573316834	0.0128676982576	0.023897153907
