-ioo	0.244923681781	0.0986442952718	0.0307068496561	0.625725173291
-oya	0.234680947251	0.468720249519	0.0973923306499	0.19920647258
-oyo	0.155672829779	0.723300512963	0.0308041051666	0.0902225520915
-aua	0.497098114919	0.0516535544452	0.0014353410079	0.449812989628
-aue	0.0400534045393	0.911882510013	0.0	0.0480640854473
-pla	0.393442622951	0.377049180328	0.0655737704918	0.16393442623
-uai	0.503159103963	0.416427340609	0.055140723722	0.0252728317059
-kia	0.166790906297	0.622907516199	0.116214399594	0.094087177911
-pue	0.22599283259	0.730125063995	0.0109705258539	0.0329115775616
-pua	0.187713602187	0.0998547505126	0.00721975393028	0.70521189337
-o̱u	0.176086956522	0.784782608696	0.0391304347826	0.0
-opo	0.463294143783	0.170068226064	0.0164163485317	0.350221281621
-opi	0.226125128113	0.137361814297	0.01520479401	0.62130826358
-o̱i	0.171974522293	0.656050955414	0.171974522293	0.0
-ope	0.0	0.921104536489	0.0788954635109	0.0
-o̱e	0.0406189555126	0.106382978723	0.852998065764	0.0
-opa	0.345839897554	0.254166818205	0.0368663584825	0.363126925758
-o̱a	0.163444409153	0.333317222046	0.0402206786075	0.463017690194
-uki	0.886784140969	0.113215859031	0.0	0.0
-dea	0.053393062534	0.865730371088	0.0164658877656	0.0644106786125
-imu	0.578561287269	0.322053951727	0.0875532418362	0.0118315191671
-dee	0.272075971175	0.530852784839	0.0367670231317	0.160304220854
-oku	0.274282094595	0.559966216216	0.0095016891892	0.15625
-dei	0.206896551724	0.751724137931	0.0413793103449	0.0
-400	0.257640818389	0.317883303865	0.0227330133872	0.40174286436
-ima	0.461935349104	0.197305342316	0.0319390046478	0.308820303932
-oko	0.478176001805	0.114505804901	0.0283460152766	0.378972178017
-ime	0.0845144228229	0.140905460885	0.033626748523	0.740953367769
-oke	0.229551223669	0.373418228425	0.0326176184024	0.364412929503
-oka	0.336380223164	0.168106851895	0.0275527804818	0.467960144459
-imo	0.228732538528	0.195900748832	0.0290676813906	0.546299031249
-ido	0.316476226229	0.374060616616	0.127337734533	0.182125422623
-obi	0.257488176563	0.720441408303	0.022070415134	0.0
-obo	0.173324035021	0.640313752031	0.0928222575404	0.0935399554079
-idi	0.0989832272579	0.651645274182	0.0841725399081	0.165198958652
-ide	0.0	0.568041237113	0.339175257732	0.0927835051546
-ida	0.207679903572	0.144216431208	0.0100478256175	0.638055839602
-bia	0.139277874092	0.56349956077	0.179435638977	0.117786926161
-obu	0.133375176526	0.159422563942	0.470735917151	0.236466342382
-100	0.0815621906211	0.194767563309	0.329511250109	0.394158995961
-uta	0.189608982522	0.24743704777	0.0329747269519	0.529979242757
-ria	0.0239281803633	0.931746076312	0.0132661369571	0.0310596063677
-tea	0.283635673798	0.315500395637	0.107426644807	0.293437285759
-utu	0.270017535966	0.261949987825	0.052925979085	0.415106497124
-sia	0.0173136303485	0.965372739303	0.0116894574327	0.00562417291575
-ara	0.112172829248	0.700872455339	0.186954715413	0.0
-mea	0.041773897279	0.0602199115489	0.0080560215606	0.889950169612
-lua	0.326484509466	0.435778829604	0.0129087779691	0.22482788296
-meo	0.442234069197	0.385353679917	0.0699041110594	0.102508139826
-lue	0.0	1.0	0.0	0.0
-aye	0.441959531416	0.199503017394	0.294639687611	0.0638977635783
-aya	0.315519034044	0.239899425276	0.0995332504518	0.345048290228
-ayo	0.431946159439	0.426040587132	0.00835677577613	0.133656477653
-ku̱	0.106624770427	0.698606451754	0.0118238010651	0.182944976754
-ubu	0.432441492594	0.149070795533	0.0792809403089	0.339206771564
-ubo	0.022715800101	0.579000504795	0.398283695104	0.0
-ube	0.157391831097	0.220596462663	0.271536357253	0.350475348988
-umu	0.607420725768	0.121920510393	0.0916075816068	0.179051182232
-ota	0.214088320902	0.366717947671	0.0513547284729	0.367839002954
-ote	0.282318776709	0.0691732041125	0.0156756235477	0.632832395631
-oti	0.136998236406	0.328260365507	0.236897760727	0.29784363736
-oto	0.106684607811	0.0988824324131	0.0206884806457	0.77374447913
-ume	0.234836764793	0.233113919121	0.084466368202	0.447582947884
-uma	0.483660915012	0.433262007053	0.0384840367498	0.0445930411849
-otu	0.226982347266	0.155198039165	0.341894605095	0.275925008474
-umo	0.391830319934	0.273437283594	0.0605180497731	0.274214346699
-umi	0.0	0.79746835443	0.0	0.20253164557
-ako	0.276158360097	0.254217913987	0.193330883023	0.276292842893
ALL	0.223904101835	0.259708541266	0.0498298731193	0.466557483779
-nai	0.0445055235478	0.921666050003	0.00105713832655	0.032771288123
-aki	0.359783563002	0.329298845857	0.0895350355476	0.221382555594
-ake	0.209481048987	0.17644664704	0.0594637531727	0.5546085508
-naa	0.391634980989	0.0	0.0912547528517	0.51711026616
-aka	0.30989555453	0.32342414411	0.05287521026	0.3138050911
-aku	0.351958534122	0.226856252524	0.181480786247	0.239704427107
-goi	0.0500855498522	0.913827967024	0.0258205008555	0.0102659822678
-mou	0.231526421507	0.358164530346	0.0585352090064	0.351773839141
-goo	0.456677934249	0.383775321416	0.0915916495258	0.0679550948095
-goa	0.28971019847	0.535007354752	0.0318196969422	0.143462749836
-moe	0.4715815486	0.247116968699	0.0370675453048	0.244233937397
-moa	0.132120228724	0.0984759856868	0.0319207273921	0.737483058197
-moo	0.300550797713	0.156092693005	0.0614904179672	0.481866091315
-̱wa	0.316327300783	0.396756176515	0.051806410493	0.235110112209
-gou	0.359094391012	0.392799387182	0.198314750191	0.0497914716146
-moi	0.25672289121	0.221407560318	0.0423651392027	0.479504409269
-yau	0.515273775216	0.372910662824	0.0265129682997	0.0853025936599
-eou	0.405588912331	0.179037140242	0.0582072375865	0.357166709841
-eoo	0.355769908919	0.182623785368	0.030468808078	0.431137497636
-eoi	0.355349013647	0.134071640269	0.0260387343632	0.484540611721
-bea	0.260109733794	0.488416988417	0.202702702703	0.0487705750863
-iso	0.257392223972	0.456356737345	0.0181413538029	0.26810968488
-upu	0.105517223044	0.696259913355	0.0407832317896	0.157439631812
-isi	0.0136242544681	0.967666792559	0.00872205760461	0.00998689536826
-ise	0.0304543185222	0.908886669995	0.000499251123315	0.0601597603595
-isa	0.0494685151	0.903295085725	0.0174346351999	0.0298017639749
-upa	0.369703792495	0.335832565627	0.0598906175185	0.234573024359
-isu	0.00492689756881	0.925025567197	0.000658382748616	0.0693891524858
-reu	0.0	1.0	0.0	0.0
-mai	0.460011848341	0.196386255924	0.083827014218	0.259774881517
-kii	0.475277264325	0.473890942699	0.050831792976	0.0
-uno	0.16310653675	0.491858987239	0.0455648446455	0.299469631365
-una	0.365823738497	0.234132944733	0.0679102127008	0.332133104069
-unu	0.390869078306	0.393989739443	0.0208634271794	0.194277755072
-666	0.0222222222222	0.0	0.0	0.977777777778
-ade	0.0672373347601	0.0906336289804	0.0336537499473	0.808475286312
-500	0.0272727272727	0.163636363636	0.0818181818182	0.727272727273
-ada	0.263940730981	0.436000113022	0.148446657233	0.151612498763
-ado	0.454356971437	0.157372703345	0.0832689164368	0.305001408781
-adi	0.0614235537545	0.832576942052	0.105999504194	0.0
-144	0.0218694885361	0.10582010582	0.0740740740741	0.79823633157
-adu	0.19474642219	0.771159316222	0.0107153393562	0.0233789222317
-̱ei	0.0492468134414	0.454808806489	0.0347624565469	0.461181923523
-ini	0.108098608566	0.234245622638	0.0470059237743	0.610649845022
-ino	0.398065636235	0.283817447047	0.0683325886976	0.24978432802
-ina	0.270576324005	0.191204409187	0.0383461518484	0.49987311496
-ine	0.104688484466	0.445663571964	0.038288148168	0.411359795403
-nou	0.306175366012	0.189479052985	0.057755757281	0.446589823722
--mo	0.226426645511	0.236173572334	0.0413243168096	0.496075465345
-800	0.0	0.58132453692	0.0	0.41867546308
-eda	0.214798710409	0.239642853825	0.213730245004	0.331828190763
-aou	0.453713734308	0.254431082668	0.0121075294268	0.279747653597
-noi	0.413578030692	0.0767276570696	0.0379341691957	0.471760143042
-edi	0.134734697657	0.763404018891	0.0796370034262	0.0222242800259
-iai	0.42065387466	0.27818496253	0.0390348348843	0.262126327926
-edo	0.366629443974	0.392143047068	0.0684746479922	0.172752860965
-neo	0.0	1.0	0.0	0.0
-kue	0.143595793435	0.479399746444	0.0204307738328	0.356573686288
-kua	0.638871473354	0.188087774295	0.00752351097179	0.165517241379
-nei	0.788636363636	0.0613636363636	0.109090909091	0.0409090909091
-aoi	0.190243902439	0.4	0.409756097561	0.0
-nee	0.36370371706	0.303942369943	0.0358414874809	0.296512425516
-aoo	0.331691297209	0.23973727422	0.103448275862	0.325123152709
-eka	0.247719792155	0.316437426227	0.0701418015755	0.365700980043
-eke	0.189326674963	0.217642578539	0.0387486787207	0.554282067777
-bai	0.635802469136	0.197530864198	0.0	0.166666666667
-eki	0.411186698395	0.101547276903	0.0183070899566	0.468958934745
-eko	0.395047977091	0.182062206929	0.0634480338043	0.359441782176
-eku	0.280129985515	0.230348071023	0.0774492156705	0.412072727791
-ase	0.0295769274172	0.951185172846	0.00580361221124	0.013434287526
-nya	0.400718449676	0.0500272386948	0.441883800194	0.107370511436
-asa	0.0850909710682	0.875708381269	0.00916102092123	0.0300396267417
-iyo	0.155590433971	0.657049871237	0.0105185713615	0.176841123431
-asi	0.0474235060418	0.914105744997	0.0162507949719	0.0222199539898
-430	0.133037694013	0.556541019956	0.0443458980044	0.266075388027
-eru	0.0153190035709	0.965625650524	0.0190553459052	0.0
-rai	0.0	1.0	0.0	0.0
-era	0.202358667166	0.776675402471	0.0164732309996	0.00449269936353
-iwi	0.0403736211262	0.0128075698922	0.00362401993471	0.943194789047
-ere	0.0	1.0	0.0	0.0
-ugu	0.398307435447	0.382647691851	0.0377167287414	0.181328143961
-iya	0.296688179952	0.352504723214	0.0851988906054	0.265608206229
-pou	0.326582757896	0.139471029123	0.0416611908312	0.49228502215
-poi	0.113880071414	0.22882027851	0.0143385809488	0.642961069128
-poo	0.184847125988	0.0583329530229	0.00786849252515	0.748951428464
-uga	0.214424116141	0.705402643953	0.0	0.0801732399059
-poa	0.178628389155	0.362041467305	0.0191387559809	0.44019138756
-ugi	0.331606217616	0.124352331606	0.502590673575	0.0414507772021
-poe	0.391026723332	0.173323516133	0.00864368759372	0.427006072941
-ike	0.168191413984	0.504857832636	0.0546212010828	0.272329552298
-̱ia	0.169694661619	0.528506462958	0.0376800555568	0.264118819866
-pu̱	0.0206988319945	0.730915184072	0.248385983934	0.0
-ika	0.226321907734	0.329666005576	0.0690084628027	0.375003623888
-iko	0.212668814083	0.226067306306	0.034350307912	0.526913571699
-̱io	0.0934579439252	0.570093457944	0.317757009346	0.018691588785
-ouo	0.0713899405084	0.535965386696	0.0178474851271	0.374797187669
-lai	0.0505643709649	0.704225269932	0.0162207421281	0.228989616975
-iki	0.419435522547	0.214896185585	0.069173042995	0.296495248873
-lau	0.731707317073	0.0487804878048	0.0243902439024	0.195121951219
-iku	0.364820444332	0.27319513315	0.127945098453	0.234039324064
--na	0.517236910316	0.187921202696	0.00388802488335	0.290953862105
-noo	0.517716760015	0.102665485315	0.0182929575733	0.361324797096
-noa	0.331745141901	0.177953059918	0.0325618325806	0.457739965601
-noe	0.487681372441	0.110635702015	0.0128878723668	0.388795053178
-e̱a	0.521978021978	0.445054945055	0.0	0.032967032967
-dou	0.0524475524475	0.800699300699	0.0367132867133	0.11013986014
-e̱e	0.102252421438	0.0794436667008	0.030047461331	0.78825645053
-boa	0.272717064818	0.436599949471	0.0137551581843	0.276927827527
-bou	0.0206770241108	0.25525027632	0.034142448053	0.689930251516
-doa	0.137166509992	0.122935954949	0.0899606743926	0.649936860667
-doo	0.47280658552	0.374164497291	0.121367761908	0.0316611552804
-upi	0.237129256932	0.451339387485	0.23293399523	0.0785973603535
-toe	0.212829001693	0.486765717777	0.0357609523557	0.264644328174
-toa	0.161919882445	0.149687217118	0.0198517354894	0.668541164948
-ibu	0.191581813665	0.566840035028	0.0285613530434	0.213016798264
-olu	0.563760602602	0.173574993892	0.0271245976741	0.235539805832
-toi	0.0717239900539	0.0810604087802	0.014316546692	0.832899054474
-oli	0.291252770148	0.125229434335	0.0248276739742	0.558690121543
-tou	0.309369528168	0.119627174675	0.0624530111512	0.508550286006
-ibi	0.203311867525	0.695492180313	0.0413983440662	0.0597976080956
-olo	0.166672663999	0.292221511458	0.138891954737	0.402213869806
-ole	0.222306299225	0.438332345625	0.120083806446	0.219277548704
-iei	0.37602145046	0.41968845761	0.0434116445352	0.160878447395
-loo	0.757085020243	0.17004048583	0.0	0.0728744939271
-loi	0.0	0.979166666667	0.0208333333333	0.0
-a̱e	0.378099680825	0.621900319175	0.0	0.0
-loe	0.253305709585	0.635427457193	0.0420449698373	0.0692218633842
-loa	0.330715377234	0.440989374178	0.130566118199	0.0977291303884
-lou	0.0377951147261	0.777966469604	0.0209277679176	0.163310647752
-ipi	0.0530429336536	0.868955515143	0.0237074841125	0.0542940670912
-ipo	0.0832348838147	0.784229570419	0.108845617296	0.0236899284703
-ipa	0.188599684815	0.0992264881286	0.022511392049	0.689662435007
-ipe	0.169123840819	0.671384223006	0.0329272497765	0.126564686399
-imi	0.351156828221	0.419651203813	0.187596226225	0.0415957417406
-ewe	0.149765550888	0.653074942404	0.042206261011	0.154953245697
-ewa	0.180206450108	0.533154487666	0.213156820435	0.0734822417915
-ewi	0.132245357344	0.489589195273	0.341024198087	0.0371412492966
-ipu	0.647081093359	0.206140682971	0.0727644430984	0.074013780571
-lu̱	0.29935175928	0.508756087335	0.191892153385	0.0
-awa	0.124803293099	0.0753484981669	0.0265077289197	0.773340479815
-awe	0.127773528881	0.706263522569	0.0113141716136	0.154648776936
-too	0.190866299148	0.0559899836832	0.0270147621194	0.72612895505
-276	0.0	0.0759493670886	0.0	0.924050632911
-̱pa	0.114441416894	0.788147138965	0.0892370572207	0.00817438692098
-eyo	0.156621078715	0.544148332789	0.0403967066281	0.258833881868
-eya	0.294020168781	0.128534129126	0.0633478350498	0.514097867043
-200	0.0314876911753	0.469861781304	0.020037621657	0.478612905864
-eye	0.400875561937	0.40977240097	0.0619012874526	0.127450749641
-ioi	0.201519392243	0.0796550944839	0.679032734732	0.0397927785408
-oba	0.0	1.0	0.0	0.0
-mua	0.410768385731	0.27949168276	0.0435571778684	0.26618275364
-̱ma	0.064620355412	0.816223625594	0.0347089636266	0.0844470553679
-lea	0.265654648956	0.624114415452	0.0686923593215	0.0415385762701
-̱me	0.170491803279	0.565573770492	0.149180327869	0.114754098361
-lee	0.619436504696	0.204164965292	0.0734993875051	0.102899142507
-oia	0.40236925744	0.344235770009	0.0433400751227	0.210054897429
-obe	0.0223838836038	0.966983771684	0.00727476217125	0.00335758254057
-iou	0.381446237877	0.299624272348	0.0878484318074	0.231081057967
-eei	0.536585365854	0.292682926829	0.146341463415	0.0243902439024
-̱ta	0.520283687943	0.193758865248	0.0714893617021	0.214468085106
-alu	0.189400418793	0.212492995547	0.0728463149202	0.525260270741
-iba	0.0	0.90405904059	0.0479704797048	0.0479704797048
-alo	0.0319197019337	0.607267845834	0.0334293024415	0.327383149791
-ali	0.0342113790978	0.386774463844	0.0151915929339	0.563822564124
-ale	0.293742415974	0.168583519262	0.0273491910018	0.510324873762
-ala	0.22523632795	0.332799143901	0.0499782923669	0.391986235781
-120	0.0	0.185567010309	0.0	0.814432989691
-you	0.166111692513	0.575111787651	0.216915612216	0.0418609076206
-yoi	0.198375693043	0.781786737652	0.0	0.0198375693043
-yoa	0.153828460018	0.21385266686	0.0242068425405	0.608112030582
-pea	0.36641191466	0.215216134472	0.0450976565341	0.373274294334
-peo	0.608449428021	0.294144297202	0.0702231283271	0.0271831464492
-pei	0.444938820912	0.265850945495	0.289210233593	0.0
-ogi	0.0204630885919	0.90037589804	0.0128784003203	0.0662826130475
-153	0.0	0.0	0.107142857143	0.892857142857
-eli	0.0149253731343	0.962686567164	0.0223880597015	0.0
-elo	0.0741235454317	0.779983262512	0.0909607975533	0.0549323945028
-ogo	0.435696541181	0.450956839835	0.0507766645737	0.0625699544102
-oga	0.277372262774	0.423357664234	0.240875912409	0.058394160584
-ela	0.0899234192442	0.66147217461	0.0969446322708	0.151659773874
-oge	0.107867107723	0.745733256628	0.0460832254662	0.100316410183
-ele	0.205773196725	0.361176286957	0.160604974424	0.272445541894
-esu	0.0240351529895	0.734562736983	0.000395172343333	0.241006937684
-ito	0.0247831474597	0.938042131351	0.0	0.0371747211896
-esi	0.0519570802093	0.925933449324	0.00320259345335	0.0189068770138
-eso	0.0	1.0	0.0	0.0
-iti	0.194182865739	0.374725177128	0.0832679066006	0.347824050533
-esa	0.00945030713497	0.92439754292	0.00945030713497	0.0567018428099
-ite	0.273823758773	0.531739017416	0.0140369118794	0.180400311931
-ese	0.0260645341139	0.950101052338	0.00292703324274	0.0209073803052
-ita	0.177797535561	0.552479524481	0.0275669513303	0.242155988628
-udu	0.103291217207	0.198417200885	0.0056731151075	0.6926184668
-uda	0.00288933834152	0.997110661658	0.0	0.0
-o'o	0.238150289017	0.263583815029	0.0485549132948	0.449710982659
-ude	0.0533672172808	0.889453621347	0.0228716645489	0.0343074968234
--ye	0.374437342908	0.309118422109	0.052177913446	0.264266321536
-udo	0.193743790263	0.511842569148	0.148264478703	0.146149161886
-uoo	0.287851822556	0.365565882275	0.172566080021	0.174016215147
-abu	0.831595829992	0.123496391339	0.0449077786688	0.0
-uoi	0.615224689423	0.209318177945	0.0337417562754	0.141715376357
-wou	0.326485714286	0.221364039409	0.0740615763547	0.378088669951
-woi	0.496551724138	0.427586206897	0.0	0.0758620689655
-abe	0.399106931701	0.216579083443	0.130543096157	0.253770888699
-aba	0.0528013379525	0.312388006212	0.567913033091	0.0668976227452
-woo	0.375157141475	0.13848442389	0.0210413014549	0.46531713318
-uou	0.377480320673	0.400424420503	0.027569195052	0.194526063772
-abo	0.0598981816438	0.843863424772	0.0319556055916	0.0642827879925
-koe	0.581859602664	0.122795995913	0.017680272864	0.277664128559
-tua	0.325462633244	0.321124701302	0.0788256656599	0.274586999794
-koa	0.280890895525	0.178170303003	0.0489220945195	0.492016706953
-tue	0.136559601766	0.675434827699	0.0746688790779	0.113336691458
-koo	0.353596124215	0.327557901972	0.058073639003	0.26077233481
-koi	0.396586582076	0.226856641692	0.0470678974992	0.329488878733
-kou	0.425038788896	0.238067278103	0.063050661073	0.273843271927
-ora	0.0946372239747	0.887697160883	0.00630914826498	0.011356466877
-soa	0.0419767219996	0.958023278	0.0	0.0
-omu	0.0211706590348	0.88395342455	0.0874269808288	0.00744893558632
-omi	0.0233463035019	0.976653696498	0.0	0.0
-lio	0.059202736482	0.895145375608	0.0105249309302	0.0351269569793
-omo	0.207896963641	0.491116313987	0.0828664856646	0.218120236707
-oma	0.281677439031	0.214127030488	0.0235253990976	0.480670131384
-lia	0.258014142011	0.325344797585	0.0414804521302	0.375160608274
-ome	0.305785050585	0.100698953469	0.0203340538269	0.573181942119
-eau	0.1816183973	0.252518117364	0.401198231431	0.164665253905
-oda	0.118110236221	0.808070866142	0.0295275590551	0.0442913385826
-ode	0.242227955686	0.661786214429	0.0504641574346	0.0455216724502
-eai	0.618822292324	0.252365930599	0.0394321766561	0.0893796004207
-odo	0.135213786577	0.746739444947	0.0455855452129	0.0724612232639
-pai	0.0853138330286	0.851310176722	0.00457038391224	0.0588056063376
-apa	0.260680989034	0.228725756764	0.0691660381773	0.441427216025
-ape	0.276802871542	0.291359994199	0.105643377688	0.326193756571
-api	0.0726392251816	0.917675544794	0.00968523002419	0.0
-apo	0.00958466453674	0.91054313099	0.0798722044729	0.0
-apu	0.0450027697177	0.369527348135	0.00283238033195	0.582637501815
-kee	0.513458934759	0.129586708585	0.0507148266287	0.306239530027
-kea	0.589305846352	0.243195361572	0.0563697857948	0.111129006281
-kei	0.268724717876	0.431393549141	0.069530357909	0.230351375074
-sua	0.0	1.0	0.0	0.0
-dia	0.229810724219	0.408409626943	0.201651830624	0.160127818214
--ta	0.437150127227	0.332824427481	0.158778625954	0.0712468193384
-oa̱	0.503105590062	0.142857142857	0.0186335403727	0.335403726708
-̱ne	0.384269662921	0.332584269663	0.0	0.283146067416
-uku	0.444385338042	0.0783043942826	0.013705550556	0.463604717119
-uka	0.296084161748	0.400642776406	0.0586710682149	0.244601993631
-uke	0.174488108022	0.589369010761	0.066531745032	0.169611136185
-ka̱	0.555138365644	0.119583059157	0.0874411575424	0.237837417657
-̱la	0.322369854062	0.594859507733	0.039207144413	0.0435634937921
-uko	0.473560852913	0.422397530441	0.0331561195907	0.0708854970559
-tiu	0.0380787537862	0.94634357421	0.0	0.0155776720035
-ede	0.437084903967	0.366002513014	0.0664153652845	0.130497217735
-aia	0.0568143543392	0.879435453544	0.0151077654569	0.0486424266603
-tia	0.339257709084	0.196480932784	0.0750152236359	0.389246134496
-tio	0.465313028765	0.514382402707	0.0203045685279	0.0
-tii	0.198895027624	0.723756906077	0.0662983425414	0.0110497237569
-eme	0.235575074829	0.37469095682	0.0523079950973	0.337425973254
-uwe	0.490209398977	0.336676790281	0.011668797954	0.161445012788
-ema	0.352300034898	0.21715641289	0.0473652720887	0.383178280123
-emo	0.322591164745	0.307752237386	0.0914699459028	0.278186651967
-260	0.0	0.076923076923	0.0384615384615	0.884615384615
-emu	0.498088379123	0.346314572775	0.05245843336	0.103138614742
-i̱a	0.292825737617	0.417193027343	0.00790139605013	0.282079838989
-i̱i	0.700261780105	0.299738219895	0.0	0.0
-ana	0.261954431191	0.560680402335	0.0348469602819	0.142518206192
-pa̱	0.0511049535224	0.736947352616	0.190926959774	0.0210207340877
-ane	0.213577935152	0.262691238397	0.064306827018	0.459423999432
-u̱u	0.213702749141	0.575816151203	0.155927835052	0.0545532646048
-etu	0.722550634407	0.224614389606	0.00597005378377	0.0468649222027
-000	0.0670843909981	0.158062386859	0.00832378562526	0.766529436518
-li̱	0.424083872618	0.424457601448	0.0605834103739	0.0908751155609
-u̱a	0.0965553235908	0.506784968685	0.0	0.396659707724
-eta	0.15399263127	0.505210807257	0.121821808663	0.21897475281
-ete	0.281786779648	0.134699108332	0.0360883866551	0.547425725365
-eti	0.068937706429	0.100353329749	0.0120977033566	0.818611260466
-eto	0.703296703297	0.131868131868	0.164835164835	0.0
-atu	0.0940185951912	0.0305736404345	0.0029978335922	0.872409930782
-uyo	0.0337559550952	0.632472435779	0.00851868815684	0.325252920969
-uya	0.216860780255	0.365577791673	0.0652443166431	0.352317111429
-bua	0.336879432624	0.55390070922	0.095035460993	0.0141843971631
-300	0.021186440678	0.326271186441	0.237288135593	0.415254237288
-wei	0.243179309177	0.197613829563	0.0358869481222	0.523319913137
-ate	0.228389523015	0.392895011634	0.0667972047595	0.311918260592
-ata	0.285543603446	0.256805437419	0.0536201191948	0.404030839941
-ato	0.362655244811	0.257244849829	0.052743837058	0.327356068303
-wea	0.353682778414	0.407600665907	0.00639981735535	0.232316738324
-ati	0.136613835736	0.284069335722	0.246805221993	0.332511606549
-ose	0.0329545844633	0.953657615599	0.00514915382238	0.00823864611582
-kai	0.0754442783591	0.43381794671	0.0240527202411	0.46668505469
-uli	0.15992970123	0.0267135325132	0.703690685413	0.109666080844
-osa	0.0536641154218	0.842526612123	0.0879739597079	0.0158353127474
-ulo	0.0352828989193	0.82326764145	0.141449459631	0.0
-oso	0.0	1.0	0.0	0.0
--pe	0.297188381437	0.213138247716	0.0502042022191	0.439469168628
-osi	0.0696342202454	0.851241181381	0.0245835096104	0.0545410887636
-ule	0.218483689435	0.410728623921	0.110674214624	0.26011347202
-osu	0.0123902823132	0.957166678246	0.012969267468	0.0174737719725
-nia	0.0184483682673	0.926306789802	0.044416451861	0.01082839007
-kau	0.138290034897	0.609286545173	0.187281892206	0.0651415277239
-ulu	0.22472230787	0.41280431656	0.15658977653	0.20588359904
-ti̱	0.361475409836	0.409016393443	0.229508196721	0.0
-̱ke	0.0771558245083	0.862329803328	0.0574886535552	0.00302571860817
-̱ka	0.180032733224	0.754500818331	0.0327332242226	0.0327332242226
-ilu	0.209205020921	0.670850767085	0.103207810321	0.0167364016736
-edu	0.569186660631	0.28142447563	0.0679040289724	0.0814848347669
-ile	0.323480118851	0.242274977455	0.0760807350941	0.358164168599
-ila	0.0102489019034	0.989751098097	0.0	0.0
-ilo	0.162826420891	0.745007680492	0.036866359447	0.0552995391705
-ili	0.237303418921	0.51946749501	0.0530157213779	0.19021336469
-̱ua	0.260868452883	0.492709356385	0.0590088022139	0.187413388518
-ebi	0.00938967136149	0.990610328639	0.0	0.0
-iga	0.405849759288	0.394495412844	0.117903533473	0.0817512943955
-oai	0.217151718515	0.614540149823	0.0850756069426	0.0832325247199
-ebo	0.322364353573	0.187741098407	0.259485018156	0.230409529864
-eba	0.583815028902	0.346820809249	0.0693641618497	0.0
-igi	0.0686074007962	0.866102634454	0.0222338798876	0.0430560848619
-amu	0.475654776226	0.371905652398	0.107682254445	0.0447573169312
-ebe	0.0	1.0	0.0	0.0
-̱'e	0.187153697904	0.0854462780053	0.0117441580342	0.715655866056
-ami	0.329502588624	0.185329544971	0.0324947398947	0.452673126511
-amo	0.32419464745	0.223637865459	0.233968922488	0.218198564603
-ama	0.225943020066	0.379903700613	0.170993666676	0.223159612645
-ame	0.149427152144	0.309745390009	0.0547977002294	0.486029757617
-usi	0.0211453133666	0.953202995008	0.00207986688852	0.0235718247365
-eia	0.257801388122	0.715675835322	0.0265227765558	0.0
-ire	0.00693160813309	0.937615526802	0.0554528650647	0.0
-usa	0.0342057713294	0.916954398268	0.0246882659177	0.0241515644847
-ira	0.00889679715301	0.973902728351	0.0	0.0172004744959
-use	0.0692225772098	0.909478168264	0.0	0.0212992545261
-oua	0.163033134795	0.467170735878	0.113247522004	0.256548607323
-epe	0.0535371866102	0.551932523701	0.0209857725848	0.373544517104
-epa	0.327238219413	0.255104601417	0.0579265569914	0.359730622179
-epo	0.277269245777	0.140889423295	0.0228526611446	0.558988669784
-epi	0.158778792075	0.750170013979	0.0332995185204	0.0577516754256
-epu	0.190781871871	0.429690222475	0.147644113493	0.231883792161
-kaa	0.0356294536817	0.394299287411	0.570071258907	0.0
-wio	0.903930131004	0.0524017467249	0.0436681222707	0.0
-pia	0.125590676742	0.127165322967	0.00994195763624	0.737302042655
-ula	0.0	0.253731343284	0.611940298507	0.134328358209
-pii	0.493953178742	0.134050815489	0.0721624320426	0.299833573727
-wia	0.250109633321	0.0818016731937	0.00737954645564	0.66070914703
-pio	0.267557835564	0.289347199591	0.0442658847753	0.39882908007
-uei	0.41465839361	0.0842960474444	0.0547118713791	0.446333687566
--yo	0.313043478261	0.634782608696	0.0521739130435	0.0
-agu	0.137112859336	0.84887333447	0.01089962704	0.00311417915427
-agi	0.177485739043	0.748321178424	0.0557802007365	0.0184128817965
--la	0.464876976962	0.188678834816	0.0368525246373	0.309591663585
-ago	0.102218161024	0.244403745768	0.01337650775	0.640001585458
-̱ou	0.743718592965	0.256281407035	0.0	0.0
-aga	0.0436840189298	0.934473971605	0.0218420094649	0.0
--li	0.336081081845	0.350124793602	0.110562010509	0.203232114045
--lo	0.444444444444	0.0185185185185	0.148148148148	0.388888888889
-age	0.1912287472	0.641929977409	0.137034365402	0.0298069099886
-ege	0.149760606569	0.505336321706	0.0614464546686	0.283456617056
-one	0.0481719281815	0.0861648053007	0.00523280458656	0.860430461931
-anu	0.0544799916541	0.131367645462	0.0103472990671	0.803805063816
-ona	0.349584907486	0.353206360216	0.0960328639303	0.201175868368
-ego	0.236125704461	0.573789282644	0.178622600057	0.0114624128379
-ono	0.204396685306	0.422872337749	0.0604139096344	0.31231706731
-oni	0.189744287269	0.579706202394	0.10133297062	0.129216539717
-450	0.126315789474	0.294736842105	0.0	0.578947368421
-dam	0.0485106382979	0.823829787234	0.0	0.127659574468
-egu	0.0421545667447	0.957845433255	0.0	0.0
-onu	0.0245813220755	0.803892657033	0.0277049154884	0.143821105403
-ko̱	0.614968990576	0.0649751878698	0.104435885547	0.215619936007
-dai	0.0	1.0	0.0	0.0
-ani	0.130977807833	0.539667368576	0.0437758822131	0.285578941378
-ank	0.231299786283	0.285603264037	0.0545949096561	0.428502040023
-ano	0.431609829449	0.287145724085	0.0714603430173	0.209784103449
-tai	0.026626960722	0.812337575011	0.0129325607543	0.148102903513
-tau	0.370974128828	0.141499472017	0.416248680042	0.071277719113
-mia	0.339699147356	0.566673525812	0.0684199696087	0.0252073572243
-eno	0.35071354763	0.318465155366	0.0883928231402	0.242428473864
-miu	0.0	1.0	0.0	0.0
-eni	0.0254721262639	0.00939789633441	0.00206547172185	0.96306450568
-ene	0.204977446984	0.184495339078	0.0488273010576	0.561699912881
-̱yo	0.0788998894274	0.320901938444	0.460157887959	0.140040284171
-ena	0.10937584636	0.111824667917	0.0510856547265	0.727713830997
