-nku	0.362869500344	0.267284060391	0.0603533277986	0.309493111466
-jap	0.0437017994858	0.833333333333	0.00514138817479	0.117823479006
-una	0.142482135044	0.317826065821	0.0115696854796	0.528122113655
-uwu	0.23615182994	0.255270921193	0.0418047071143	0.466772541753
-tta	0.141233940503	0.685508959803	0.0924801713061	0.0807769283885
-jaa	0.217268669597	0.550350271108	0.0733669564818	0.159014102813
-jan	0.123895263313	0.0410061782877	0.0	0.8350985584
-jal	0.360383644459	0.304680767932	0.0893769313348	0.245558656273
-nki	0.666666666667	0.178294573643	0.0	0.15503875969
-uju	0.101589046572	0.104354054234	0.0196548737424	0.774402025451
-rra	0.280952122362	0.29457627428	0.0629264519681	0.36154515139
-uwa	0.0596225020767	0.845576168299	0.0173386166056	0.0774627130189
-ija	0.00502092050209	0.984937238494	0.0100418410042	0.0
-aly	0.226757369615	0.591836734694	0.0453514739229	0.136054421769
-uku	0.515818431912	0.438331040807	0.0	0.045850527281
-gan	0.26022617396	0.13461134233	0.030478832976	0.574683650734
-rri	0.263691993093	0.259742639604	0.0713636162395	0.405201751063
-alu	0.168336746915	0.0395730134739	0.00858890013054	0.783501339481
-lal	0.232915198424	0.393956059027	0.0615701229906	0.311558619559
-rji	0.200076854105	0.460484180863	0.0922249263482	0.247214038683
-rrp	0.235924932976	0.723860589812	0.0	0.0402144772118
-jju	0.0948863284396	0.809017176839	0.0485526676755	0.0475438270458
-ali	0.0508137744843	0.020069967342	0.00197697598772	0.927139282186
-rja	0.0840638885553	0.768824306473	0.0966734718386	0.0504383331331
-ala	0.387891098559	0.223597627998	0.0606560103397	0.327855263103
-nti	0.191129420113	0.424331075125	0.0580676355166	0.326471869245
-ini	0.161248234292	0.138179909926	0.0334271449983	0.667144710783
-iku	0.0	0.811518324607	0.0	0.188481675393
-120	0.169811320755	0.245283018868	0.0377358490566	0.547169811321
-ttu	0.0600899820982	0.672420238986	0.0642600491153	0.203229729801
-nta	0.186837630199	0.105607603359	0.0340100574214	0.673544709021
-ina	0.247719272379	0.154960467388	0.394773217346	0.202547042887
ALL	0.239682758083	0.272323965415	0.0438161729506	0.444177103551
-6ja	0.0391134289439	0.432855280313	0.528031290743	0.0
-ing	0.21116113496	0.665710396817	0.0322479321537	0.0908805360695
-iny	0.356785429054	0.225437483546	0.0644013796057	0.353375707793
-apa	0.157472401501	0.543286066488	0.047125516245	0.252116015766
-ani	0.429642918159	0.196919623812	0.0499413179371	0.323496140091
-pul	0.540631296172	0.351914036266	0.0268636668905	0.0805910006716
-pal	0.258782608696	0.176	0.0776811594203	0.487536231884
-pun	0.288729421697	0.19797382862	0.077247783875	0.436048965808
-ntu	0.205192062223	0.300063853582	0.0261814865634	0.468562597632
-puk	0.510204081633	0.265306122449	0.0	0.224489795918
-uyi	0.363197117353	0.275653099664	0.0515928261404	0.309556956842
-kut	0.0554323725055	0.866407982262	0.0249445676275	0.0532150776053
-tku	0.331983404954	0.351391031087	0.027713397283	0.288912166676
-rku	0.369036993874	0.270351592276	0.0498712469422	0.310740166908
-2ju	0.349025974026	0.155844155844	0.0649350649351	0.430194805195
-rki	0.522673031026	0.295942720764	0.138424821002	0.0429594272076
-153	0.474576271186	0.0610169491525	0.0813559322034	0.383050847458
-tka	0.353492285152	0.408537841674	0.211528776155	0.0264410970194
-iyi	0.378530596059	0.320628698676	0.0265420047587	0.274298700506
-jku	0.327827445092	0.556317172532	0.0330909444823	0.0827644378942
-ata	0.257610732423	0.67313907069	0.0507834777177	0.01846671917
-2ja	0.132352941176	0.801470588235	0.0661764705882	0.0
-kul	0.484330484331	0.319088319088	0.0769230769231	0.119658119658
-iya	0.138435426632	0.389908964666	0.0203672272797	0.451288381423
-ati	0.504748982361	0.440976933514	0.0	0.0542740841248
-yju	0.32840904924	0.420514665732	0.129099853144	0.121976431884
-uli	0.292280494991	0.362993517973	0.117855038303	0.226870948733
-gka	0.193784253973	0.224161273851	0.038875332215	0.543179139961
-kam	0.277227722772	0.54767143381	0.02200220022	0.153098643198
-kal	0.276999438381	0.395743841168	0.233754800322	0.0935019201286
-ula	0.329883647581	0.349427639587	0.0477865559441	0.272902156888
-gki	0.0612814368355	0.177696538744	0.0145505202084	0.746471504212
-gku	0.362825549083	0.289693006531	0.0542148462508	0.293266598135
-ilu	0.472055756051	0.364549879151	0.0575163615093	0.105878003289
-yja	0.256733476427	0.382776500115	0.0990696741833	0.261420349275
-iti	0.191518467852	0.362175102599	0.259917920657	0.186388508892
-imi	0.166099714806	0.158746520977	0.562106999278	0.113046764938
-kap	0.0	1.0	0.0	0.0
-nin	0.043476118925	0.303150479099	0.00591176687933	0.647461635096
-yji	0.30493948995	0.276372513374	0.0751051784138	0.343582818262
-ita	0.0195981670779	0.828639407825	0.00105745505816	0.150704970039
-lla	0.111793621244	0.613605243319	0.0826307368033	0.191970398634
-nya	0.342200763947	0.149193274634	0.0460057658688	0.46260019555
-aji	0.154365776159	0.453386146661	0.0207019232658	0.371546153914
-rpa	0.497719345318	0.261872819963	0.0209283606117	0.219479474108
-ruk	0.0378975119459	0.911023232823	0.0148294611962	0.0362497940352
-aja	0.144522524539	0.261796974991	0.065627630945	0.528052869525
-llu	0.193161218611	0.652183033505	0.0308577676491	0.123797980235
-ral	0.108691627415	0.260642638853	0.0135014903382	0.617164243393
-aju	0.590688551667	0.0771652730463	0.0665840817591	0.265562093527
-rpu	0.0330704454523	0.826947323259	0.00509990346611	0.134882327823
-100	0.0	0.0140332555521	0.0888500889317	0.897116655516
-uta	0.230332522303	0.613138686131	0.0243309002433	0.132197891322
-iwu	0.273219641144	0.360111011978	0.0582284226569	0.30844092422
-rij	0.0	0.848883491871	0.0377791270323	0.113337381097
-jja	0.401568234902	0.374874874875	0.123456790123	0.1001001001
-yip	0.220799775895	0.692037257511	0.0230408291897	0.0641221374046
-ran	0.259643916914	0.367952522255	0.0252225519288	0.347181008902
-mji	0.408134141991	0.356403853015	0.128433820906	0.107028184088
-rit	0.0573698146513	0.831421006178	0.0344218887908	0.0767872903795
-ris	0.0228736021688	0.580650626906	0.386309725517	0.0101660454083
-nja	0.464432452321	0.292727049733	0.0	0.242840497946
-ila	0.413362325522	0.230192507728	0.0437719802277	0.312673186522
-mja	0.0956485800319	0.6988840999	0.00354254000117	0.201924780067
-ily	0.0702870052715	0.432432432432	0.497280562296	0.0
-nji	0.313484578666	0.256340818326	0.0890665008798	0.341108102128
-ili	0.258382329573	0.413713650087	0.0715080247895	0.256395995551
-jin	0.210810810811	0.193762993763	0.00997920997919	0.585446985447
-jil	0.0745876165432	0.900310781735	0.00286875448243	0.0222328472388
-jij	0.00776483638381	0.924939914956	0.0155296727676	0.0517655758921
-ara	0.22352801285	0.420974922559	0.0395410564248	0.315956008166
-arn	0.230109110841	0.320600880423	0.0464192117298	0.402870797006
-tuk	0.11573504063	0.141836985964	0.273331691702	0.469096281704
-ari	0.226203020724	0.381766381766	0.240135815478	0.151894782032
-art	0.275448901942	0.159168279821	0.00467258527468	0.560710232962
-aru	0.313084733038	0.17137829051	0.0081756933172	0.507361283135
-lum	0.194560254119	0.565713718483	0.052114353782	0.187611673615
-arr	0.228874053824	0.374387809711	0.0350980658079	0.361640070658
-ama	0.321551010758	0.251093509871	0.0579264688497	0.369429010521
-gja	0.107142857143	0.321428571429	0.0	0.571428571429
-yan	0.159043889666	0.110672358173	0.0250238126036	0.705259939557
-irl	0.0734510823249	0.565035367309	0.154209988069	0.207303562298
-irn	0.0770610967979	0.292464114833	0.0483069562017	0.582167832168
-gal	0.300239802006	0.316122654129	0.0624590791386	0.321178464726
-aya	0.0890645586299	0.518313570487	0.0205533596838	0.372068511199
-iri	0.0779718948505	0.65210072968	0.0325021254913	0.237425249978
-ika	0.271166134185	0.222843450479	0.111821086262	0.394169329074
-sja	0.0717955651703	0.351000540833	0.00811249323957	0.569091400757
-lit	0.207818930041	0.738683127572	0.0	0.0534979423868
-aat	0.275362318841	0.473429951691	0.202898550725	0.0483091787439
-rup	0.1	0.754545454545	0.0363636363636	0.109090909091
-ayi	0.155946007325	0.324012511967	0.0264147794785	0.49362670123
-ira	0.156217392426	0.326222293088	0.0270826054639	0.490477709023
-iki	0.507246376812	0.463768115942	0.0	0.0289855072464
-uja	0.413584128981	0.174661254359	0.0346463895718	0.377108227088
-lin	0.0	0.946590909091	0.0	0.0534090909091
-sju	0.0532743072344	0.477472642024	0.00678681849031	0.462466232251
-aak	0.125899280576	0.847122302158	0.0	0.0269784172662
-irt	0.528	0.088	0.192	0.192
-uji	0.483665338645	0.333988490482	0.042390438247	0.139955732625
-ras	0.0785204412719	0.74172615185	0.0545100584037	0.125243348475
-irr	0.250894196377	0.293931002654	0.00865351332641	0.446521287643
-rnu	0.471623563218	0.283764367816	0.0434626436782	0.201149425287
-kja	0.00334075723831	0.704899777283	0.248329621381	0.043429844098
-rna	0.149793684406	0.0711581164857	0.0107172082464	0.768330990862
-kju	0.167410714286	0.631696428571	0.200892857143	0.0
-rni	0.37958759027	0.172404183026	0.0496049921429	0.398403234562
-win	0.0534759358289	0.901960784314	0.0445632798574	0.0
-yku	0.332051158802	0.511938605165	0.0753320454365	0.0806781905965
-npa	0.198259376342	0.158139171838	0.016001248878	0.627600202943
-rru	0.313281509726	0.358737769229	0.0809819133752	0.24699880767
-urn	0.188774365342	0.130686493036	0.0344069292564	0.646132212366
-mpi	0.491786858974	0.224759615385	0.124198717949	0.159254807692
-ura	0.161112453866	0.418442559436	0.0319564105877	0.38848857611
-pij	0.73556019485	0.0695894224078	0.160055671538	0.0347947112039
-pil	0.185686653772	0.682785299807	0.0309477756286	0.100580270793
-iji	0.252968802888	0.436555060363	0.150160780774	0.160315355974
-pin	0.0581397908641	0.569014859659	0.0154100165107	0.357435332966
-mpa	0.128192440459	0.211303077251	0.0238440397403	0.63666044255
-pit	0.0327045494365	0.314430882439	0.560883022835	0.09198154529
-urr	0.14859999143	0.671786859994	0.063950373102	0.115662775475
-ulu	0.430042653067	0.32471028319	0.0266879091669	0.218559154575
-uru	0.529670820635	0.237685691947	0.108902044008	0.123741443411
-naj	0.0	1.0	0.0	0.0
-paj	0.0596529284165	0.768980477223	0.0894793926248	0.0818872017354
-ypa	0.0803571428571	0.589285714286	0.0446428571429	0.285714285714
-nan	0.0	1.0	0.0	0.0
-aki	0.435229508678	0.39825555784	0.0123344395172	0.154180493965
-api	0.172056921087	0.672703751617	0.019404915912	0.135834411384
-lim	0.0959540128233	0.787972584568	0.0232146805218	0.0928587220874
-kin	0.164460318077	0.528009627703	0.139498168925	0.168031885296
-aka	0.304867386776	0.415744370535	0.0169216326958	0.262466609993
-kaj	0.124159337817	0.630625969995	0.00620796689084	0.239006725297
-uly	0.168711656442	0.0	0.812883435583	0.0184049079755
-taj	0.118726624337	0.682960772375	0.0104375054362	0.187875097852
-aku	0.210227367563	0.494858931313	0.0146379562769	0.280275744847
-wal	0.328615005764	0.428607335642	0.0930714214181	0.149706237176
-wuk	0.250545721069	0.128654737815	0.547186947308	0.0736125938083
-wuj	0.314764770913	0.583589239651	0.0463702247881	0.0552757646481
-wul	0.0586581399195	0.598500468604	0.0135068085341	0.329334582943
-pja	0.279569093611	0.673625557207	0.0156017830609	0.0312035661218
-ipa	0.26739581582	0.286374045911	0.0505237801748	0.395706358094
-sus	0.0115027025215	0.46951559345	0.000251425191726	0.518730278837
-lku	0.260672441854	0.42341231708	0.0561432015425	0.259772039524
-lip	0.018470063106	0.953824842235	0.009235031553	0.018470063106
-lka	0.130621761966	0.468596648802	0.0377113830085	0.363070206223
-pju	0.0819672131147	0.836065573771	0.0	0.0819672131147
-wut	0.1125	0.8875	0.0	0.0
-yat	0.0	1.0	0.0	0.0
-rta	0.135754622851	0.0847712278941	0.0340527565917	0.745421392663
-anu	0.270863403871	0.171361757469	0.0416834288353	0.516091409825
-rlu	0.239140177388	0.327792690598	0.0581595541902	0.374907577823
-any	0.317040553532	0.327866795828	0.059416842053	0.295675808587
-awa	0.311175337187	0.541907514451	0.105973025048	0.040944123314
-rti	0.197231592129	0.297339085891	0.0471279094348	0.458301412546
-rtu	0.15437061437	0.362082721901	0.148375639054	0.335171024675
-ana	0.36198858026	0.247035816046	0.0292301504631	0.361745453231
-rli	0.204633204633	0.225396825397	0.114264264264	0.455705705706
-lpa	0.0915600422585	0.671146848222	0.0	0.23729310952
-yal	0.227181380955	0.51860181545	0.018861922773	0.235354880823
-ank	0.170686904819	0.33214095809	0.0479044810751	0.449267656016
-rla	0.212479673814	0.193187158061	0.0324938122962	0.561839355828
-awu	0.316044522851	0.262397089202	0.0427450849306	0.378813303016
-yaj	0.070093457944	0.883177570093	0.0158878504673	0.0308411214953
-tal	0.2702	0.3624	0.091	0.2764
-tam	0.197026022305	0.661710037175	0.0185873605948	0.122676579926
-tan	0.485611510791	0.323741007194	0.118705035971	0.0719424460431
-upu	0.59375	0.09375	0.125	0.1875
-lyi	0.393103448276	0.441379310345	0.0413793103448	0.124137931034
-isi	0.0	1.0	0.0	0.0
-put	0.211823608704	0.601386481802	0.115540150202	0.0712497592913
-yit	0.355504587156	0.426605504587	0.0573394495413	0.160550458716
-lya	0.198139534884	0.537674418605	0.013023255814	0.251162790698
-yin	0.226486136557	0.40970594557	0.209072392864	0.154735525009
-sku	0.104647424132	0.345309916885	0.0168357413929	0.533206917591
-yij	0.00816160955264	0.950929582072	0.0	0.0409088083749
-tat	0.0	1.0	0.0	0.0
-lyu	0.134086311813	0.223455654456	0.308480338386	0.333977695345
-pku	0.0183566433566	0.922202797203	0.00524475524477	0.0541958041958
-tap	0.0	1.0	0.0	0.0
-yap	0.202256102935	0.188772362739	0.0	0.608971534326
-ngu	0.176349857508	0.245435762832	0.0437413141412	0.534473065518
-jun	0.0375084288604	0.792453360306	0.0	0.170038210834
-mij	0.0281469898358	0.875684128225	0.0	0.096168881939
-mil	0.184736693889	0.541819205858	0.0256265840608	0.247817516193
-min	0.00460034502587	0.991949396205	0.0	0.00345025876941
-nga	0.214565285796	0.502572990584	0.0489638021428	0.233897921477
-maj	0.149237870687	0.0846419662409	0.0467650281977	0.719355134874
-man	0.125328959561	0.0583046072872	0.00166796397198	0.81469846918
-urt	0.479943369514	0.290231241152	0.0920245398772	0.137800849457
-kku	0.108481262327	0.852071005917	0.0	0.0394477317554
