kud-	0.393900393448	0.418612650635	0.0522149819509	0.135271973966
ris-	0.191872968786	0.571997229193	0.0614058681046	0.174723933916
siu-	0.361538461539	0.307692307692	0.330769230769	0.0
fig-	0.020297699594	0.961941813261	0.0177604871448	0.0
uvy-	0.682234432234	0.192612942613	0.0610500610501	0.0641025641026
yaâ-	0.504108320796	0.401573891911	0.045133665085	0.049184122208
nfo-	0.0416666666667	0.798611111111	0.159722222222	0.0
kúp-	0.0	0.947368421053	0.0526315789474	0.0
nyu-	0.121587759221	0.691071465197	0.0158060135484	0.171534762034
myu-	0.5712890625	0.40673828125	0.0	0.02197265625
âmm-	0.822222222222	0.0888888888889	0.0888888888889	0.0
der-	0.112651646447	0.576834199885	0.248989023686	0.0615251299827
hat-	0.264390034364	0.682989690722	0.0214776632303	0.0311426116839
kuv-	0.448094701023	0.436440228655	0.065916693176	0.0495483771461
ayu-	0.460614152203	0.307076101469	0.120160213618	0.11214953271
amú-	0.450949367089	0.428797468354	0.0348101265823	0.0854430379747
úla-	0.193548387097	0.576036866359	0.175115207373	0.0552995391705
tib-	0.306940360026	0.611618131113	0.00900358389411	0.0724379249663
ítw-	0.673604541154	0.208136234626	0.042573320719	0.0756859035005
uti-	0.587737322265	0.252198569902	0.0552724582887	0.104791649544
swa-	0.132428477144	0.469042631544	0.340612356165	0.0579165351469
ízu-	0.185567010309	0.494845360825	0.226804123711	0.0927835051547
lor-	0.146750524109	0.853249475891	0.0	0.0
paf-	0.272926722247	0.64282580079	0.0394910048267	0.0447564721369
bik-	0.0137931034482	0.11724137931	0.868965517241	0.0
cul-	0.380597014925	0.0671641791045	0.55223880597	0.0
aig-	0.655976676385	0.300291545189	0.0437317784257	0.0
ong-	0.781221513218	0.173199635369	0.0	0.0455788514129
her-	0.275953207449	0.606124752933	0.0929064514074	0.0250155882107
ate-	0.551992896048	0.229062855268	0.0428160155653	0.176128233118
naw-	0.372082351075	0.0181010066647	0.00301565322469	0.606800989035
eru-	0.592841163311	0.384787472036	0.0223713646532	0.0
áwo-	0.642857142857	0.260770975057	0.0487528344671	0.047619047619
dor-	0.0	1.0	0.0	0.0
pat-	0.417988445588	0.253110342237	0.0936019241372	0.235299288037
wâz-	0.782608695652	0.173913043478	0.0434782608696	0.0
noy-	0.167044302824	0.0583010087396	0.0328463861016	0.741808302335
saá-	0.608458390177	0.309686221009	0.0	0.0818553888131
kéf-	0.755555555556	0.177777777778	0.0666666666667	0.0
ngw-	0.764558154136	0.105164024486	0.0408099199498	0.0894679014283
vig-	0.138888888889	0.861111111111	0.0	0.0
niu-	0.622909760589	0.137826887661	0.195948434622	0.0433149171271
mwi-	0.177945529106	0.489369505051	0.141485635829	0.191199330014
kiv-	0.770992366412	0.0916030534351	0.0	0.137404580153
wât-	0.618038366337	0.25175330033	0.0564665841585	0.073741749175
ifa-	0.407519012771	0.364471229732	0.115081073325	0.112928684173
nge-	0.100775266075	0.599863873906	0.208268261642	0.0910925983768
nai-	0.0	1.0	0.0	0.0
nkw-	0.0357023849193	0.950968724711	0.0019041271957	0.0114247631742
zis-	0.494833361354	0.34248541831	0.122486194276	0.0401950260595
asi-	0.504039387577	0.24175232474	0.0727506100872	0.181457677596
tip-	0.422181737061	0.254591760857	0.0562723081499	0.266954193932
âns-	0.370860927152	0.41059602649	0.0	0.218543046358
mpe-	0.263630067486	0.313092918002	0.162030698858	0.261246315654
mue-	0.133958472873	0.839249832552	0.0267916945746	0.0
iná-	0.201072386059	0.0938337801608	0.174262734584	0.530831099196
áso-	0.689655172414	0.114224137931	0.0538793103448	0.14224137931
tol-	0.447370663939	0.378760760249	0.0818205062645	0.0920480695473
mus-	0.423350249501	0.37996332081	0.0967108919095	0.09997553778
mmu-	0.21178057554	0.710881294964	0.0611510791367	0.0161870503597
waí-	0.729433272395	0.197440585009	0.0127970749543	0.0603290676417
áko-	0.109090909091	0.890909090909	0.0	0.0
war-	0.19300525403	0.113696027392	0.0204838950234	0.672814823555
hur-	0.029852780807	0.854143947655	0.0734732824428	0.0425299890948
uhu-	0.139776026545	0.413244849993	0.419881100512	0.0270980229504
ása-	0.66567493113	0.0905785123967	0.0354820936639	0.20826446281
emu-	0.0796812749004	0.0239043824701	0.011952191235	0.884462151394
gir-	0.230769230769	0.685096153846	0.0432692307692	0.0408653846154
zam-	0.39803853897	0.373258556227	0.0934138625251	0.135289042278
uba-	0.162540097944	0.36033709127	0.386795631094	0.0903271796925
wor-	0.0901613413476	0.536539069915	0.344827586207	0.0284720025309
dod-	0.264462809917	0.100826446281	0.62479338843	0.0099173553719
aki-	0.621847068932	0.0997744906575	0.0272566175798	0.251121822831
use-	0.0778481356102	0.805337919347	0.00786829681636	0.108945648227
uni-	0.710070574597	0.192208418877	0.0522594947945	0.0454615117319
cír-	0.736196319018	0.263803680982	0.0	0.0
apa-	0.423924431433	0.23704449827	0.0487429381862	0.29028813211
éfy-	0.0515021459227	0.948497854077	0.0	0.0
aui-	0.390243902439	0.512195121951	0.0650406504065	0.0325203252033
nii-	0.678571428571	0.194099378882	0.0807453416149	0.0465838509317
mna-	0.207920792079	0.732673267327	0.0	0.0594059405941
sej-	0.599031527533	0.176392853027	0.130893638656	0.0936819807839
cal-	0.207985958754	0.760421237385	0.0157964019307	0.0157964019306
âfu-	0.132743362832	0.265486725664	0.0265486725664	0.575221238938
íwa-	0.327709279689	0.300129785853	0.0866320571058	0.285528877352
tel-	0.321212121212	0.269696969697	0.175757575758	0.233333333333
sed-	0.0380952380952	0.504761904762	0.457142857143	0.0
ken-	0.424847316457	0.192018688003	0.0365705827212	0.346563412819
adi-	0.0	0.978947368421	0.0140350877193	0.00701754385963
ami-	0.163756935986	0.634028059728	0.0175937203952	0.18462128389
aas-	0.453552617435	0.164484574868	0.0826615070408	0.299301300656
win-	0.261104511872	0.585018256378	0.067067756545	0.0868094752054
gid-	0.137931034483	0.859195402299	0.0	0.00287356321839
uke-	0.666816891252	0.135021857677	0.0251025282798	0.173058722791
kál-	0.0	0.1	0.075	0.825
wan-	0.113906188104	0.463427991658	0.0311034123507	0.391562407887
umi-	0.605650719208	0.220195029884	0.0840744659555	0.0900797849524
ené-	0.936170212766	0.0	0.0425531914894	0.0212765957447
bun-	0.319460067491	0.505061867267	0.087739032621	0.0877390326209
ili-	0.226327944573	0.64896073903	0.0969976905311	0.0277136258661
iii-	0.0635359116022	0.0883977900553	0.0165745856354	0.831491712707
kaj-	0.761109197382	0.108508439545	0.0167068549776	0.113675508095
sat-	0.376381346961	0.29004668591	0.140476607541	0.193095359588
eya-	0.145913162636	0.046362321415	0.0152257213186	0.79249879463
aúr-	0.192700729927	0.408759124088	0.25401459854	0.144525547445
saf-	0.260014353209	0.409682435261	0.0540039471323	0.276299264398
upi-	0.431583669807	0.329295648273	0.097353073127	0.141767608793
áfu-	0.781041388518	0.11214953271	0.0	0.106809078772
sun-	0.357798165138	0.550458715596	0.0183486238532	0.0733944954129
hag-	0.0	0.981072555205	0.018927444795	0.0
ahu-	0.511745397074	0.281173594132	0.113469045914	0.0936119628794
ban-	0.168239866741	0.0194095067958	0.0057938826256	0.806556743838
ise-	0.613432046536	0.113960867266	0.0297461660497	0.242860920148
vít-	0.586248492159	0.271411338963	0.0940892641737	0.0482509047045
esú-	0.53738317757	0.11214953271	0.0	0.35046728972
óma-	0.304347826087	0.695652173913	0.0	0.0
ale-	0.468327491237	0.360165247872	0.13770655984	0.0338007010515
awâ-	0.487725040917	0.148936170213	0.0196399345335	0.343698854337
sid-	0.0	1.0	0.0	0.0
ani-	0.735279804129	0.107292891231	0.0278213592349	0.129605945405
net-	0.446280991736	0.0247933884297	0.504132231405	0.0247933884298
rir-	0.271100739012	0.263166083236	0.0726565538701	0.393076623882
adu-	0.0589993502274	0.74905782976	0.126705653021	0.0652371669916
wâk-	0.535653937141	0.311845217979	0.0802636025684	0.0722372423116
vit-	0.251035498903	0.450473296654	0.0541875118754	0.244303692568
koz-	0.418866094785	0.531855541122	0.0301704269953	0.0191079370971
siv-	0.17380874939	0.266710034152	0.0611888111888	0.498292405269
avú-	0.653306613227	0.322645290581	0.0240480961924	0.0
ukw-	0.268848853297	0.510348484758	0.102862129081	0.117940532864
oru-	0.00183639398998	0.722704507513	0.271452420701	0.00400667779632
ina-	0.0866024966971	0.0454851842864	0.0163121141039	0.851600204913
ool-	0.841807909605	0.0564971751412	0.0	0.101694915254
cip-	0.377215894493	0.445940738203	0.12289115355	0.0539522137535
uwe-	0.0972365468052	0.248627219861	0.0523645818301	0.601771651504
umu-	0.196065410476	0.519631443513	0.173072134141	0.11123101187
vyu-	0.635844179402	0.229286653667	0.0468005986124	0.0880685683189
cît-	0.884615384615	0.115384615385	0.0	0.0
cib-	0.480861244019	0.315789473684	0.102870813397	0.1004784689
níf-	0.135	0.285	0.065	0.515
ubó-	0.123376623377	0.798701298701	0.0	0.0779220779222
ino-	0.278350515464	0.0824742268041	0.577319587629	0.0618556701031
cíj-	0.0294117647059	0.117647058824	0.539215686274	0.313725490196
isw-	0.747415669206	0.147850924918	0.0523667029379	0.052366702938
ang-	0.192632788746	0.124081644529	0.0329807818206	0.650304784905
dug-	0.271623672231	0.53717754173	0.0637329286798	0.12746585736
aâw-	0.626207962891	0.273289524546	0.0425202937765	0.0579822187862
sod-	0.00486618004866	0.995133819951	0.0	0.0
cum-	0.139284841574	0.818359534088	0.0171051559827	0.0252504683555
ulo-	0.17461568782	0.441150965708	0.199605833662	0.18462751281
zab-	0.054523141655	0.855014025245	0.00105189340814	0.0894109396915
tîw-	0.282051282051	0.358974358974	0.0512820512821	0.307692307692
guv-	0.0660741885626	0.923493044822	0.0	0.0104327666152
nav-	0.374027528426	0.23249551167	0.0359066427289	0.357570317175
yâr-	0.827586206897	0.15987460815	0.0	0.0125391849529
úpe-	0.458646616541	0.285714285714	0.0451127819549	0.210526315789
kum-	0.385674972677	0.295408847783	0.0305547602872	0.288361419253
kow-	0.559036843632	0.388743835219	0.0	0.0522193211488
apá-	0.626262626263	0.191919191919	0.0	0.181818181818
âka-	0.566308243728	0.225806451613	0.0430107526882	0.164874551971
kuw-	0.29156082027	0.043218200581	0.0101507130288	0.65507026612
omb-	0.733151803948	0.0694349897889	0.00816882232811	0.189244383935
afú-	0.567399147262	0.245654312889	0.078714332568	0.108232207281
ipa-	0.0956854335762	0.0447269065723	0.00312017718183	0.85646748267
lai-	0.0184076751472	0.948738891395	0.00761907083907	0.025234362619
vif-	0.0726583824164	0.830502083034	0.0716994684671	0.0251400660825
kie-	0.0	0.967509025271	0.0324909747292	0.0
kês-	0.804347826087	0.130434782609	0.0	0.0652173913044
nif-	0.573855869885	0.247939556478	0.0412607780373	0.136943795599
wâw-	0.514243663939	0.355667531431	0.0520937271336	0.0779950774962
nti-	0.31778379239	0.397229740487	0.222098391976	0.0628880751473
nah-	0.0	1.0	0.0	0.0
úwa-	0.0962962962963	0.874074074074	0.0296296296296	0.0
zir-	0.263416052029	0.173491261854	0.010960529981	0.552132156136
esh-	0.0	0.988990825688	0.0	0.0110091743119
níp-	0.621301775148	0.136094674556	0.0355029585799	0.207100591716
mul-	0.086395618843	0.738346673606	0.040985336234	0.134272371317
cem-	0.0676238999537	0.0930986567856	0.633163501621	0.20611394164
con-	0.266741609122	0.208206198812	0.0	0.525052192067
fuf-	0.134146341463	0.853658536585	0.0	0.0121951219512
nof-	0.0198731177864	0.016051364366	0.00275166246274	0.961323855385
mub-	0.476198600921	0.267019279986	0.21156799181	0.045214127282
apó-	0.814196242171	0.102296450939	0.0835073068894	0.0
hay-	0.0837405963429	0.24051397507	0.625501070781	0.0502443578057
zoz-	0.252217997465	0.548795944233	0.191381495564	0.00760456273764
waú-	0.198847262248	0.391930835735	0.0634005763689	0.345821325648
ran-	0.0443093259061	0.0773732985501	0.098364282237	0.779953093307
ofw-	0.0245453811442	0.00786817324111	0.00136064186411	0.966225803751
zel-	0.0	1.0	0.0	0.0
was-	0.508901178681	0.291035313873	0.107447311802	0.0926161956431
mup-	0.45596841874	0.163358903976	0.132995448766	0.247677228518
moj-	0.102967615401	0.0553363375283	0.111793411006	0.729902636064
aru-	0.0295025541563	0.218264266397	0.00819515393231	0.744038025514
oza-	0.782383419689	0.19689119171	0.020725388601	0.0
air-	0.269750519751	0.0769230769231	0.0223492723492	0.630977130977
kât-	0.560387513455	0.20581270183	0.0421959095802	0.191603875135
hiy-	0.0	1.0	0.0	0.0
kew-	0.0479233226837	0.277955271566	0.654952076677	0.0191693290735
wer-	0.403568088627	0.332961657435	0.170940939501	0.0925293144378
awá-	0.723573007411	0.141799939323	0.0500585099467	0.084568543319
awó-	0.77246452969	0.039936941671	0.143457698371	0.044140830268
kok-	0.396687780139	0.47722059721	0.00795437806443	0.118137244587
paú-	0.226691042048	0.650822669104	0.0274223034735	0.0950639853747
víb-	0.448664022754	0.147538356768	0.403797620478	0.0
nik-	0.468709192436	0.181127537824	0.0479793845081	0.302183885232
maj-	0.110882164356	0.827339562622	0.0122635225568	0.0495147504653
nît-	0.328508700602	0.271426248171	0.185395999349	0.214669051878
kiy-	0.110462811807	0.518931360795	0.0313208772876	0.33928495011
aun-	0.307271265507	0.219633725659	0.0849077770195	0.388187231815
cák-	0.757475083056	0.0830564784053	0.0797342192691	0.0797342192691
sac-	0.360581946789	0.28916485813	0.232698336147	0.117554858934
sek-	0.0	1.0	0.0	0.0
cam-	0.430812816133	0.252507521609	0.0819648745497	0.234714787708
yan-	0.135846180849	0.189890335056	0.0414780245876	0.632785459508
pân-	0.037037037037	0.740740740741	0.222222222222	0.0
min-	0.0575358787687	0.781424013	0.0593464483803	0.101693659852
aap-	0.277856147589	0.146566657187	0.0222474257865	0.553329769438
lul-	0.133507853403	0.812041884817	0.0356020942408	0.0188481675393
see-	0.241935483871	0.225806451613	0.5	0.0322580645161
adh-	0.0824873096447	0.213197969543	0.628172588833	0.0761421319797
kay-	0.11377759706	0.725031231859	0.00602968832343	0.155161482758
úta-	0.221052631579	0.652631578947	0.0421052631579	0.0842105263158
kún-	0.0	0.4	0.541463414634	0.0585365853659
oki-	0.517441860465	0.104651162791	0.0	0.377906976744
dhi-	0.421428571429	0.3	0.203571428571	0.075
kak-	0.536483553944	0.234208788862	0.12602275614	0.103284901053
aan-	0.506207105337	0.180265314864	0.0374816021952	0.276045977604
gog-	0.053475935829	0.914438502674	0.0	0.0320855614972
nye-	0.0740221162992	0.0896501883765	0.36365423754	0.472673457784
ipe-	0.512035010941	0.326039387309	0.16192560175	0.0
mep-	0.107028786492	0.827667582138	0.0158681721086	0.0494354592615
fút-	0.262711864407	0.388619854722	0.0653753026635	0.283292978208
nra-	0.391466445733	0.53314001657	0.0753935376967	0.0
run-	0.267227774855	0.0599684376644	0.00315623356128	0.669647553919
anz-	0.235074465031	0.503148576893	0.0603589109166	0.20141804716
anh-	0.774193548387	0.129032258065	0.0193548387097	0.0774193548387
iza-	0.0187038556194	0.972928630025	0.00393765381461	0.00442986054143
sow-	0.470763131814	0.333002973241	0.0	0.196233894945
jam-	0.0834694010842	0.821268659424	0.0378957757313	0.0573661637603
bai-	0.0975886195695	0.135205083354	0.0830150287367	0.68419126834
wól-	0.764705882353	0.176470588235	0.0	0.0588235294118
kâs-	0.639951872285	0.15227726259	0.0424052118794	0.165365653246
síw-	0.05	0.18	0.2	0.57
men-	0.0870837595181	0.343249232867	0.41169451074	0.157972496875
ric-	0.378531073446	0.598870056497	0.0225988700565	0.0
bus-	0.0525587828492	0.716459197787	0.00276625172891	0.228215767635
ank-	0.304703428374	0.529007873028	0.0568896835106	0.109399015087
lub-	0.0119047619048	0.958333333333	0.0178571428571	0.0119047619047
nsw-	0.617349970291	0.29055258467	0.0297088532382	0.0623885918003
lup-	0.0992080033347	0.837432263443	0.0216756982076	0.0416840350146
nse-	0.109841451221	0.284530781317	0.605627767462	0.0
new-	0.109079557617	0.0426923534309	0.00868117493163	0.839546914021
oom-	0.740740740741	0.222222222222	0.0	0.037037037037
tíj-	0.0699340785325	0.0312410432789	0.0269418171396	0.871883061049
nig-	0.767702482083	0.0579706134647	0.0597692243836	0.114557680069
wâj-	0.602739726027	0.147260273973	0.0513698630137	0.198630136986
laz-	0.0919187560925	0.798456301836	0.0268469245889	0.0827780174824
íru-	0.877551020408	0.122448979592	0.0	0.0
rim-	0.331511702408	0.293445897561	0.094071533562	0.280970866468
siw-	0.304841734006	0.180682173311	0.073518907094	0.440957185589
gam-	0.0939393939393	0.906060606061	0.0	0.0
nyw-	0.0222504767959	0.965352828989	0.00476795931342	0.00762873490146
nca-	0.270606531882	0.532400207361	0.11923276309	0.0777604976672
pot-	0.0	0.988764044944	0.0112359550562	0.0
nfi-	0.0230669265757	0.929174788824	0.037037037037	0.0107212475634
pit-	0.806451612903	0.0387096774194	0.0	0.154838709677
ara-	0.0	1.0	0.0	0.0
utu-	0.0554184439019	0.795897380869	0.102945516002	0.0457386592269
eti-	0.520597885527	0.383521691578	0.0375501275975	0.0583302952971
fai-	0.217216505079	0.230535058403	0.152553963579	0.399694472938
amo-	0.299258037922	0.533388293487	0.14262159934	0.0247320692498
pet-	0.756693830035	0.180109762182	0.00498919008814	0.058207217695
anf-	0.732837879252	0.128102972724	0.0482684646031	0.0907906834202
viw-	0.363100429668	0.345748163595	0.0946521681479	0.196499238589
suw-	0.177805800757	0.406683480454	0.341740226986	0.0737704918033
ufã-	0.0744350908285	0.603012848914	0.322552060257	0.0
lot-	0.025466893039	0.951188455009	0.0233446519524	0.0
íti-	0.77429923553	0.0436840189297	0.182016745541	0.0
awa-	0.521532387592	0.204365056867	0.0968689412387	0.177233614302
ere-	0.566645741787	0.302835321197	0.0792529817954	0.0512659552208
nay-	0.0631513166253	0.00940814525627	0.00100948711874	0.926431051
fes-	0.00851063829787	0.991489361702	0.0	0.0
ázi-	0.578459056071	0.267446551029	0.0726099233562	0.0814844695441
paz-	0.166974953757	0.733339999	0.0339949007649	0.0656901464781
kot-	0.501890785406	0.350265417343	0.0369609493128	0.110882847938
atú-	0.716814159292	0.194690265487	0.0	0.0884955752212
pát-	0.0	1.0	0.0	0.0
dot-	0.0326086956522	0.967391304348	0.0	0.0
now-	0.124822952257	0.0608824430459	0.0260608783217	0.788233726376
tan-	0.338525865069	0.161546104623	0.0251796097985	0.47474842051
úki-	0.731493392586	0.118231785756	0.0128639925155	0.137410829143
kup-	0.43701611829	0.234331766542	0.0639125387733	0.264739576395
vii-	0.290873702422	0.190743944637	0.485942906574	0.0324394463668
niw-	0.592510448444	0.103740767963	0.0226209516381	0.281127831955
paî-	0.326732673267	0.613861386139	0.0594059405941	0.0
vut-	0.545454545455	0.345454545454	0.0818181818182	0.0272727272727
ngu-	0.156616136376	0.553357580469	0.156782719751	0.133243563404
wâv-	0.292141693811	0.451343648208	0.111156351791	0.145358306189
enz-	0.108695652174	0.687643020595	0.0652173913043	0.138443935927
abu-	0.715584415584	0.167532467532	0.0701298701299	0.0467532467532
ton-	0.884615384615	0.0769230769231	0.0384615384615	0.0
gun-	0.449470644851	0.531280076997	0.0	0.0192492781521
yaa-	0.493222430623	0.321908037476	0.0578808790837	0.126988652817
nak-	0.566808875295	0.131442930343	0.0267551580467	0.274993036315
niy-	0.35458901585	0.282589998771	0.0899373387394	0.27288364664
esi-	0.358744394619	0.22869955157	0.0179372197309	0.394618834081
aya-	0.324843115541	0.365079365079	0.0819490586933	0.228128460687
olu-	0.0	1.0	0.0	0.0
âgo-	0.9375	0.03125	0.0	0.03125
tin-	0.615571865443	0.210617737003	0.0577859327217	0.116024464832
nís-	0.737021857923	0.188524590164	0.0109289617486	0.063524590164
rai-	0.0315663308294	0.496184746105	0.402470718075	0.0697782049913
pub-	0.0246406570841	0.975359342916	0.0	0.0
evi-	0.106240245618	0.0608212869387	0.00365357554049	0.829284891902
amy-	0.67095851216	0.0858369098712	0.0143061516452	0.228898426323
top-	0.0	0.959183673469	0.0408163265306	0.0
tun-	0.585212375459	0.160723649712	0.0967488201363	0.157315154693
tîk-	0.769736842105	0.0592105263158	0.171052631579	0.0
íja-	0.479937670432	0.116867939229	0.0642773665757	0.338917023763
ubo-	0.309727309727	0.274114774115	0.211436711437	0.204721204721
wop-	0.3604743083	0.273517786561	0.304347826087	0.0616600790514
nku-	0.0842563864092	0.275246422772	0.469506849524	0.170990341295
ais-	0.237324703344	0.426867187004	0.0997525223682	0.236055587283
udo-	0.637931034483	0.362068965517	0.0	0.0
amu-	0.549841655517	0.148394884647	0.0667840163521	0.234979443483
rom-	0.0394242803505	0.86733416771	0.0131414267835	0.0801001251564
nlo-	0.0568204315977	0.58681449218	0.123737873688	0.232627202534
keb-	1.0	0.0	0.0	0.0
úmi-	0.127596439169	0.783382789318	0.0178041543027	0.0712166172107
can-	0.380844856127	0.183833100243	0.0510053585608	0.38431668507
âfw-	0.288961038961	0.159090909091	0.454545454546	0.0974025974026
nny-	0.0875689244864	0.708336843002	0.0192113844693	0.184882848043
uda-	0.382587797504	0.445305837662	0.0674470889217	0.104659275913
uno-	0.220186718337	0.375550466796	0.361986964946	0.0422758499207
mak-	0.106304041025	0.706661732181	0.089124241013	0.0979099857809
kiz-	0.09518159794	0.766696293888	0.0837265288916	0.0543955792799
miy-	0.0522230867032	0.419359735848	0.0555060060345	0.472911171414
may-	0.0341807986746	0.740860087811	0.124677231917	0.100281881598
esu-	0.21949602122	0.204907161804	0.0503978779841	0.525198938992
apu-	0.664451827243	0.0697674418604	0.0	0.265780730897
cap-	0.212534059946	0.231607629428	0.352789330274	0.203068980353
cim-	0.413283729073	0.416019258125	0.0722179669548	0.0984790458474
sef-	0.0240963855422	0.855421686747	0.0	0.120481927711
gad-	0.0	1.0	0.0	0.0
ásu-	0.835266821346	0.0255220417634	0.0696055684455	0.0696055684455
kaz-	0.313236532265	0.420054025799	0.0253427615101	0.241366680426
pud-	0.0	1.0	0.0	0.0
avy-	0.501901441927	0.443669782919	0.0338298209475	0.0205989542069
ago-	0.736740597879	0.193828351013	0.0	0.0694310511089
cej-	0.0331901600937	0.582194455291	0.296759078485	0.0878563061304
wah-	0.475449101796	0.238323353293	0.192814371257	0.0934131736526
kal-	0.464885191634	0.281352320535	0.04510681755	0.208655670281
uca-	0.0355928814237	0.646870625875	0.271145770846	0.0463907218557
wáj-	0.262684763464	0.482988734918	0.0721188195619	0.182207682055
alu-	0.224577111523	0.294846614526	0.0343183197815	0.446257954169
mún-	0.510638297872	0.295938104449	0.0309477756286	0.16247582205
jos-	0.125685785536	0.874314214464	0.0	0.0
any-	0.525941124744	0.143670700557	0.269251706377	0.0611364683221
upy-	0.352599557522	0.0638827433628	0.161780973451	0.421736725664
kel-	0.00362756952841	0.981862152358	0.0145102781137	0.0
nnk-	0.395480225989	0.225988700565	0.0847457627119	0.293785310735
pos-	0.0625	0.729166666667	0.177083333333	0.03125
pee-	0.318965517241	0.629310344828	0.0	0.051724137931
bur-	0.129423399407	0.503482822376	0.193382637485	0.173711140732
cor-	0.531914893617	0.397163120567	0.0709219858156	0.0
afy-	0.493393308968	0.380095586168	0.0421703682879	0.0843407365758
efe-	0.00493421052632	0.992598684211	0.00246710526316	0.0
ínk-	0.543103448276	0.103448275862	0.0258620689655	0.327586206897
duw-	0.526952069407	0.437889347177	0.00426681837576	0.0308917650406
bah-	0.00912106135987	0.958540630182	0.0016583747927	0.0306799336651
aco-	0.59266802444	0.325865580448	0.0135777325187	0.0678886625933
opi-	0.56	0.36	0.08	0.0
rib-	0.0906173305644	0.508212195582	0.384179724372	0.0169907494808
áry-	0.747098646035	0.129593810445	0.014506769826	0.108800773694
kâr-	0.595735162541	0.314494482553	0.0219206680584	0.0678496868475
wep-	0.0586565752129	0.147902869757	0.174077578051	0.619362976979
saí-	0.111099354566	0.138980002116	0.0611046450111	0.688815998307
ti‑-	0.543859649123	0.187134502924	0.190058479532	0.0789473684211
luw-	0.102198367767	0.855598853025	0.0191162414529	0.0230865377546
aca-	0.866438356164	0.0102739726027	0.0924657534246	0.0308219178082
web-	0.281914893617	0.686170212766	0.031914893617	0.0
bor-	0.140661934416	0.079242886318	0.604280827117	0.175814352149
yaá-	0.362186788155	0.473804100228	0.109339407745	0.0546697038725
nev-	0.352459016393	0.295901639344	0.100204918033	0.251434426229
niv-	0.786156804102	0.120914334544	0.0929288613544	0.0
ril-	0.311945594323	0.537995269072	0.0850088704908	0.0650502661147
iki-	0.135045630562	0.0684254625331	0.0245884191218	0.771940487783
nje-	0.36641221374	0.587786259542	0.0	0.0458015267176
kut-	0.472777225918	0.238726239202	0.0406342117311	0.247862323148
biz-	0.0	1.0	0.0	0.0
vye-	0.150516887525	0.11325350888	0.416930525054	0.319299078542
cir-	0.306702052094	0.22788762868	0.0299670673171	0.435443251909
saz-	0.189510744203	0.420480757557	0.239468253005	0.150540245235
pak-	0.221790898882	0.137941930935	0.155630907355	0.484636262829
íba-	0.508115737474	0.294283697953	0.0282286520818	0.169371912491
cid-	0.267515923567	0.267515923567	0.229299363057	0.235668789809
kaí-	0.0	1.0	0.0	0.0
ber-	0.0030612244898	0.958163265306	0.00612244897959	0.0326530612245
fah-	0.101802757158	0.73117709438	0.118504772004	0.0485153764581
ând-	0.199637023593	0.655172413793	0.117967332123	0.02722323049
piy-	0.0369575845295	0.131709355514	0.0456657643026	0.785667295654
baz-	0.170731707317	0.756097560976	0.0	0.0731707317073
lay-	0.168607158258	0.818456231134	0.0025873221216	0.0103492884864
pes-	0.448767833982	0.0354185373641	0.012571086501	0.503242542153
ane-	0.448051948052	0.538961038961	0.012987012987	0.0
zar-	0.52380952381	0.12925170068	0.34693877551	0.0
uns-	0.482185273159	0.362628661916	0.0649247822644	0.0902612826603
isi-	0.407147853197	0.285542245285	0.0768004994402	0.230509402078
sif-	0.490594306642	0.193108040619	0.119027800899	0.197269851839
zuk-	0.389006342495	0.315010570825	0.241014799154	0.0549682875264
bat-	0.0994799909563	0.817770743839	0.0257743612933	0.0569749039114
zib-	0.271800679502	0.279728199321	0.176670441676	0.271800679502
efy-	0.462088962922	0.201061138873	0.336849898205	0.0
loi-	0.0	1.0	0.0	0.0
jen-	0.870967741935	0.0903225806451	0.0	0.0387096774194
pay-	0.520408163265	0.408163265306	0.0255102040816	0.0459183673469
sub-	0.0191611667022	0.447626144347	0.435277836917	0.0979348520332
epá-	0.0375738056897	0.914117015566	0.012077294686	0.036231884058
dau-	0.000717789209236	0.989950951071	0.00358894604617	0.00574231367388
nov-	0.111568346328	0.0377597945916	0.0495107318927	0.801161127188
tam-	0.259442235958	0.607052858139	0.0124849682514	0.121019937652
imi-	0.851015801354	0.0948081264107	0.0	0.0541760722348
ons-	0.190228373702	0.100871972318	0.00265743944637	0.706242214533
uye-	0.497816593886	0.144104803493	0.0786026200873	0.279475982533
jan-	0.104821802935	0.895178197065	0.0	0.0
san-	0.241943798113	0.0717233365705	0.0425173797515	0.643815485565
kig-	0.0103926096998	0.143187066975	0.846420323326	0.0
rel-	0.078804347826	0.0896739130435	0.83152173913	0.0
wâg-	0.0	1.0	0.0	0.0
eny-	0.577777777778	0.377777777778	0.0444444444445	0.0
nod-	0.277064220183	0.39755351682	0.288685015291	0.0366972477065
ati-	0.472937004172	0.190042535233	0.0645876599699	0.272432800625
kék-	0.09	0.045	0.015	0.85
ífi-	0.380194518125	0.367816091954	0.0	0.251989389921
fel-	0.0181818181818	0.951515151515	0.0	0.030303030303
nto-	0.0518290294786	0.0699496070394	0.633436904358	0.244784459124
mpu-	0.150989663314	0.0703028169442	0.0391276638362	0.739579855905
auf-	0.34979681386	0.374714446195	0.207935945475	0.0675527944692
eja-	0.689165186501	0.262877442273	0.0373001776199	0.0106571936057
nír-	0.498596665016	0.148093115404	0.132078586759	0.221231632821
tim-	0.350201440848	0.513004015586	0.0370465927058	0.0997479508604
zen-	0.0516166329438	0.0389808811991	0.0168476689929	0.892554816864
shi-	0.080181022738	0.685177358219	0.0221894488833	0.21245217016
kwi-	0.623545644176	0.116485011956	0.0480520546156	0.211917289252
rah-	0.020253164557	0.911392405063	0.00759493670886	0.0607594936709
mol-	0.0556363763835	0.876094367567	0.0220407161699	0.0462285398793
tos-	0.13768115942	0.391304347826	0.0434782608696	0.427536231884
ham-	0.328909612625	0.300215208035	0.109756097561	0.261119081779
iya-	0.432357043236	0.539748953975	0.0278940027894	0.0
zan-	0.118480247579	0.175331789393	0.0266350200123	0.679552943015
tes-	0.00549450549451	0.994505494505	0.0	0.0
aip-	0.236866962145	0.190946741263	0.112257501998	0.459928794594
úpi-	0.515555555556	0.324444444444	0.16	0.0
eré-	0.0797872340426	0.308510638298	0.547872340426	0.0638297872341
rol-	0.473684210526	0.263157894737	0.078947368421	0.184210526316
jon-	0.0853391684901	0.757111597374	0.0	0.157549234136
atá-	0.829635984802	0.0416717735017	0.0772153450177	0.0514768966785
nvy-	0.185692811035	0.757715094173	0.0565920947918	0.0
ipu-	0.0	0.500805152979	0.386473429952	0.112721417069
olá-	0.267857142857	0.416666666667	0.279761904762	0.0357142857143
nij-	0.612887931282	0.0914344925946	0.0331891187104	0.262488457413
aul-	0.544945533165	0.304543060676	0.0546054272806	0.0959059788785
mah-	0.062395416773	0.396912844947	0.00233982812899	0.538351910151
tum-	0.368859674863	0.363988496978	0.151417336698	0.115734491461
eno-	0.0606060606061	0.939393939394	0.0	0.0
ite-	0.595563770795	0.31719038817	0.0502772643253	0.0369685767098
yal-	0.20770229338	0.740372133276	0.0259627866724	0.0259627866724
wék-	0.582872928177	0.243093922652	0.0414364640884	0.132596685083
tís-	0.538066723695	0.106073567151	0.172797262618	0.183062446535
zaa-	0.501017519023	0.290391081225	0.0986551052911	0.109936294461
euf-	0.0	1.0	0.0	0.0
mil-	0.0182664299226	0.252372276186	0.353356001965	0.376005291926
yer-	0.0216178171032	0.960828180249	0.00251369966316	0.0150403029846
zon-	0.304347826087	0.481366459627	0.0372670807453	0.17701863354
tus-	0.0	0.0247058182611	0.057202004794	0.918092176945
uad-	0.103225806452	0.664516129032	0.0	0.232258064516
eej-	0.692874692875	0.07371007371	0.02457002457	0.208845208845
así-	0.943634213638	0.0166338194718	0.03973196689	0.0
vîk-	0.407274688861	0.312218240666	0.178014102416	0.102492968058
wai-	0.150217541078	0.746457525222	0.0572118878413	0.0461130458582
íta-	0.843373493976	0.156626506024	0.0	0.0
kam-	0.153934724803	0.0360701168861	0.0300701417097	0.779925016601
aal-	0.472469088099	0.337229520866	0.0603748068006	0.129926584235
uwé-	0.358639010933	0.310820476142	0.0515990599775	0.278941452948
ûti-	0.387931034483	0.413793103448	0.198275862069	0.0
wák-	0.563901643906	0.141841095673	0.0324249110462	0.261832349375
kem-	0.732587697001	0.267412302999	0.0	0.0
kôl-	0.264823060698	0.278181392079	0.344504335599	0.112491211624
saw-	0.21585383701	0.366911439796	0.207357121081	0.209877602112
akí-	0.395872420263	0.0975609756098	0.135084427767	0.37148217636
nîf-	0.329411764706	0.458823529412	0.141176470588	0.0705882352941
nza-	0.053073190457	0.915082895269	0.0212292761828	0.0106146380914
uzi-	0.132710968689	0.646559313643	0.168321346961	0.0524083707069
por-	0.144937960798	0.655457651501	0.0161841395433	0.183420248157
unr-	0.450381679389	0.36641221374	0.0	0.18320610687
óka-	0.174496644295	0.140939597315	0.604026845638	0.0805369127517
yod-	0.0	1.0	0.0	0.0
bak-	0.245948413604	0.451951609222	0.241611504223	0.0604884729514
ped-	0.0104021447721	0.946523681859	0.000643431635388	0.0424307417337
anv-	0.451612903226	0.483870967742	0.0	0.0645161290323
epa-	0.263112324414	0.0442696926791	0.00427824917746	0.68833973373
bwa-	0.233676975945	0.560137457045	0.123711340206	0.0824742268041
kib-	0.140339568345	0.523211510791	0.271182733813	0.0652661870503
nsu-	0.177415544531	0.798285579292	0.00506226587021	0.0192366103068
mel-	0.0500796722057	0.671392800234	0.26779616923	0.0107313583298
kâu-	0.388349514563	0.592233009709	0.0	0.0194174757281
nûk-	0.70892410342	0.145954962469	0.0500417014179	0.0950792326939
kâg-	0.428571428571	0.489795918367	0.0	0.0816326530612
luv-	0.0394736842105	0.881578947368	0.0	0.0789473684211
fik-	0.298572315332	0.299503414029	0.32278088144	0.0791433891992
kug-	0.361415332772	0.35409241138	0.140626012572	0.143866243276
siy-	0.0976152402141	0.0523534728499	0.018841688104	0.831189598832
kút-	0.747474747475	0.141414141414	0.020202020202	0.0909090909091
cis-	0.38164556962	0.263593835993	0.169152449092	0.185608145294
umb-	0.219861922464	0.53531598513	0.123738714817	0.121083377589
nyi-	0.106017454718	0.0847654185141	0.532217871129	0.276999255639
paj-	0.142748753523	0.290158248428	0.031216128333	0.535876869716
ncu-	0.333672431333	0.330620549339	0.207527975585	0.128179043744
aât-	0.264705882353	0.455882352941	0.0441176470588	0.235294117647
inl-	0.179959042837	0.655651246949	0.075181642214	0.0892080680001
nma-	0.228070175439	0.631578947368	0.0701754385965	0.0701754385965
ump-	0.342606550637	0.314786898726	0.190489242154	0.152117308483
mpw-	0.384615384615	0.523076923077	0.0615384615385	0.0307692307692
sak-	0.47735821967	0.237587939699	0.123388370423	0.161665470208
viy-	0.0976717773992	0.791141396934	0.0256672345258	0.0855195911414
iny-	0.498057371096	0.374854756718	0.081336238199	0.0457516339869
per-	0.224394691521	0.672778847128	0.0820585553642	0.0207679059872
sok-	0.425362657932	0.502105755732	0.00701918577445	0.0655124005616
atw-	0.764974213896	0.113506233334	0.0447703615469	0.0767491912232
lid-	0.0	1.0	0.0	0.0
zim-	0.586434782609	0.249043478261	0.104347826087	0.0601739130434
ata-	0.569520725389	0.240038860104	0.0420984455959	0.148341968912
uin-	0.385249457701	0.136442516269	0.0	0.478308026031
áto-	0.795986622074	0.123745819398	0.0802675585284	0.0
kur-	0.458722098453	0.291385075568	0.0746926871362	0.175200138842
ome-	0.0192771084337	0.930120481928	0.0506024096386	0.0
nou-	0.116483939219	0.0964800923255	0.0328524716291	0.754183496826
saa-	0.414172168356	0.203103707407	0.156926215924	0.225797908312
nsi-	0.122889163523	0.821375552964	0.0244037687336	0.0313315147793
wâf-	0.421563529208	0.314612584503	0.188420870168	0.0754030161206
vik-	0.484985217744	0.195970698558	0.0965819397816	0.222462143917
tal-	0.0353087429849	0.526390207285	0.011815917928	0.426485131802
ísa-	0.335195530726	0.0670391061452	0.581005586592	0.0167597765363
wâp-	0.381875741986	0.540957657301	0.0593589236248	0.0178076770875
nem-	0.129286115795	0.650365373806	0.130410342889	0.0899381675098
mua-	0.0295293755768	0.899723162104	0.017840664411	0.0529067979083
noc-	0.431384198361	0.0878456782674	0.0329548935696	0.447815229802
nga-	0.133968609865	0.712709464244	0.0670285579419	0.086293367949
tín-	0.646706586826	0.221556886228	0.0	0.131736526946
kij-	0.179577464789	0.477112676056	0.332746478873	0.0105633802817
âtu-	0.390243902439	0.20325203252	0.0121951219512	0.394308943089
mpa-	0.0768647576492	0.0546730405838	0.0197598689756	0.848702332791
pin-	0.449826989619	0.550173010381	0.0	0.0
til-	0.364706854522	0.233338842292	0.0391893566913	0.362764946494
âvy-	0.842519685039	0.133858267717	0.0	0.0236220472441
evy-	0.160389387634	0.148327820892	0.0258254098732	0.665457381601
rak-	0.172074446667	0.193417546945	0.02278431741	0.611723688979
tiz-	0.438512035011	0.284901531729	0.070897155361	0.205689277899
irr-	0.286146858441	0.650264950795	0.0635881907645	0.0
bu--	0.278106508876	0.591715976331	0.0710059171598	0.0591715976331
mom-	0.572357723577	0.0829268292683	0.344715447154	0.0
hal-	0.254836967654	0.183367162623	0.267481052494	0.294314817229
ute-	0.360760744929	0.515558894468	0.0501364121624	0.0735439484402
ter-	0.154642825529	0.687793219439	0.0416039656546	0.115959989378
zai-	0.0338409475465	0.00592216582064	0.0792442188381	0.880992667795
nam-	0.133198970191	0.223352722511	0.0186087289224	0.624839578376
ker-	0.0666919287609	0.737779461917	0.021978021978	0.173550587344
won-	0.225912528773	0.154883262085	0.0108516935219	0.60835251562
ula-	0.288775703095	0.271209417152	0.0907333055114	0.349281574242
kon-	0.110310274087	0.087108227647	0.00574658819916	0.796834910067
yul-	0.197604790419	0.0898203592814	0.712574850299	0.0
col-	0.205405405405	0.118918918919	0.25945945946	0.416216216216
ewu-	0.0969549203714	0.0581003268144	0.0196088602998	0.825335892514
mák-	0.100166944908	0.899833055092	0.0	0.0
aum-	0.589169551489	0.280347700384	0.0639099174497	0.0665728306768
nim-	0.696175996283	0.103874543007	0.0158818358804	0.18406762483
tor-	0.0	1.0	0.0	0.0
avi-	0.366727293115	0.322926109854	0.171856024539	0.138490572492
tul-	0.641397558648	0.197692326244	0.0397210670838	0.121189048024
lin-	0.0494540783558	0.770712909441	0.179833012203	0.0
yam-	0.369628288443	0.314143025595	0.0671142544841	0.249114431478
íwe-	0.031914893617	0.345744680851	0.031914893617	0.590425531915
nki-	0.108363259993	0.727840419026	0.102153151316	0.0616431696646
mai-	0.105232795891	0.822997058387	0.0191811960078	0.0525889497144
ese-	0.707692307692	0.138461538462	0.0	0.153846153846
ape-	0.603364370473	0.14551110266	0.0344191380509	0.216705388816
wij-	0.101071579733	0.756558761519	0.0987127066651	0.0436569520828
aja-	0.522540164655	0.162457037807	0.0708176804412	0.244185117097
íla-	0.344064386318	0.592555331992	0.0452716297786	0.0181086519115
tír-	0.298930144745	0.290748898678	0.185651353052	0.224669603524
waá-	0.317705854355	0.416944312232	0.0392670157068	0.226082817706
iba-	0.236402365125	0.473098534651	0.176282639833	0.114216460391
mim-	0.0687460216422	0.479949077021	0.40356460853	0.0477402928071
uwi-	0.178832116788	0.299270072993	0.021897810219	0.5
yes-	0.0461133069829	0.934123847167	0.0118577075099	0.00790513833992
zom-	0.340696117805	0.130522088353	0.0736278447121	0.45515394913
gaf-	0.102705410822	0.0601202404809	0.0526052104209	0.784569138277
áku-	0.580611169652	0.193361433087	0.0537407797682	0.172286617492
tur-	0.0383395029086	0.940507667901	0.0158646218932	0.00528820729773
amm-	0.78784043682	0.1048059068	0.0232116013794	0.0841420550005
kan-	0.524701156434	0.270982592187	0.0509749915175	0.153341259862
agi-	0.00361228175798	0.994581577363	0.0	0.00180614087899
inf-	0.0771929824561	0.880701754386	0.0	0.0421052631579
ejí-	0.394849785408	0.347639484978	0.0	0.257510729614
nju-	0.0547504025765	0.789049919485	0.0466988727858	0.109500805153
cet-	0.257510729614	0.24678111588	0.038626609442	0.457081545064
waj-	0.41969728522	0.182332231125	0.0792889297162	0.318681553938
uka-	0.338565803138	0.484275130505	0.0599923334797	0.117166732878
ári-	0.234628652575	0.0804709607399	0.0235461222644	0.661354264421
lu‑-	0.501706484642	0.402730375427	0.0546075085324	0.0409556313992
ozí-	0.595419847328	0.404580152672	0.0	0.0
nne-	0.076	0.209130434783	0.273217391304	0.441652173913
poc-	0.0	1.0	0.0	0.0
kôk-	0.266369047619	0.475694444444	0.0992063492063	0.15873015873
ufa-	0.0447722770061	0.927273032538	0.0117807053872	0.0161739850685
bub-	0.244585987261	0.259872611465	0.432484076433	0.0630573248407
ilu-	0.425911605496	0.430848848968	0.101719112486	0.0415204330498
afw-	0.625253755583	0.0802737660228	0.100168203701	0.194304274694
eku-	0.367266453044	0.40103524772	0.0369731328568	0.194725166379
íka-	0.0833333333333	0.309523809524	0.392857142857	0.214285714286
mem-	0.347494553377	0.49128540305	0.0087145969499	0.152505446623
ala-	0.279766082602	0.528662456445	0.0525207151376	0.139050745815
upe-	0.295377561403	0.126154321703	0.0542740491737	0.52419406772
pom-	0.843010752688	0.108243727599	0.0243727598566	0.0243727598566
saj-	0.678571428571	0.214285714286	0.107142857143	0.0
tha-	0.145003406361	0.809996772921	0.0184660618882	0.0265337588297
anu-	0.630350194552	0.215223735409	0.0376945525292	0.11673151751
sír-	0.185676392573	0.740053050398	0.0	0.0742705570292
aam-	0.266882390298	0.114222638885	0.0176913539178	0.601203616899
ífã-	0.36350148368	0.388724035608	0.0919881305638	0.155786350148
aák-	0.44128113879	0.243772241993	0.085409252669	0.229537366548
lug-	0.0478718270437	0.853102982338	0.0810732554773	0.0179519351414
ser-	0.319526191577	0.528011714324	0.0300629481322	0.122399145967
víp-	0.430011862396	0.357058125741	0.195136417556	0.0177935943061
áji-	0.821428571429	0.0714285714286	0.0	0.107142857143
kâf-	0.5646799117	0.0896247240618	0.303752759382	0.0419426048565
ifí-	0.528428093646	0.227424749164	0.0	0.244147157191
alá-	0.597940556986	0.295576878072	0.0409548326702	0.0655277322724
rin-	0.218702388889	0.258156749809	0.176090945956	0.347049915345
siz-	0.208112874779	0.433862433862	0.125220458554	0.232804232804
fuw-	0.466392318244	0.368998628258	0.0	0.164609053498
nep-	0.29283887468	0.141943734015	0.0153452685422	0.549872122762
bit-	0.0213523131673	0.978647686833	0.0	0.0
uri-	0.304486843625	0.283894491062	0.0432589869874	0.368359678325
îja-	0.344827586207	0.577586206897	0.0775862068966	0.0
káb-	0.104012112036	0.0457229371688	0.0227100681302	0.827554882665
cit-	0.385966863116	0.403869676415	0.0939619704214	0.116201490048
unl-	0.47652916074	0.367472735894	0.0979927295716	0.0580053737948
ajé-	0.942446043165	0.0431654676259	0.0	0.0143884892086
pák-	0.547437295529	0.30534351145	0.081788440567	0.0654307524536
pai-	0.284753624161	0.198506616118	0.0736102796477	0.443129480073
sur-	0.0794176042356	0.865651886168	0.0311052283256	0.0238252812707
ânf-	0.961538461538	0.0	0.0384615384615	0.0
ink-	0.682680151707	0.203539823009	0.113780025284	0.0
âmp-	0.298507462686	0.268656716418	0.238805970149	0.194029850746
cif-	0.322677024201	0.462204959665	0.215118016134	0.0
