-hep	0.106280193237	0.893719806763	0.0	0.0
-hem	0.0	1.0	0.0	0.0
-oit	0.138513513514	0.557432432432	0.304054054054	0.0
-lem	0.00453170640758	0.981640115183	0.0	0.0138281784094
-auu	0.221405560196	0.653597422742	0.0916358429782	0.0333611740843
-aut	0.257245807642	0.53289086125	0.0305345010407	0.179328830067
-oya	0.088003915671	0.719225602383	0.181994492272	0.010775989674
-zit	0.0362852334876	0.920330248212	0.00236642827092	0.0410180900295
-ziu	0.0870251521383	0.695515816146	0.0187966020728	0.198662429643
-aua	0.243522466382	0.699901607084	0.0541161036405	0.00245982289276
-zim	0.406911240818	0.284187403317	0.0509758908026	0.257925465062
-zik	0.198795180723	0.283132530121	0.518072289157	0.0
-auk	0.266849231705	0.456159034434	0.0426999340737	0.234291799787
-aum	0.133779264214	0.321070234114	0.284280936455	0.260869565217
-aul	0.09375	0.90625	0.0	0.0
-put	0.567088607595	0.286075949367	0.0354430379747	0.111392405063
-uak	0.499224395457	0.0925808745512	0.0180731441255	0.390121585866
-tza	0.17449274462	0.391299460598	0.148013848154	0.286193946628
-wat	0.406398560764	0.327069430511	0.0542657752066	0.212266233518
-uau	0.392151473672	0.433731129034	0.0785519235193	0.0955654737746
-uat	0.137382941229	0.393809373755	0.0810926686271	0.387715016388
-pum	0.220326936745	0.714285714286	0.0568585643212	0.0085287846482
-pun	0.117712886658	0.811659381347	0.0134529013324	0.0571748306626
-puk	0.344229486324	0.287525016678	0.105403602402	0.262841894596
-iva	0.619791666667	0.348958333333	0.03125	0.0
-k50	0.234990316333	0.685926404132	0.0225952227244	0.0564880568109
-opi	0.341774907481	0.480371526014	0.0994847979102	0.0783687685944
-opa	0.289951317485	0.48890442815	0.0591786081279	0.161965646237
-dea	0.0419580419579	0.958041958042	0.0	0.0
-msa	0.0717154667164	0.850748153606	0.0670011335629	0.0105352461146
-naa	0.557620817844	0.312267657993	0.0	0.130111524164
-imu	0.255048272256	0.40285725546	0.179159249557	0.162935222727
-dek	0.0598532249048	0.117914134766	0.0497304314899	0.772502208839
-mso	0.636983311484	0.212895256063	0.0570793407175	0.0930420917351
-den	0.361939236182	0.40513787774	0.135056127222	0.0978667588563
-400	0.491379310345	0.336206896552	0.0948275862069	0.0775862068966
-ima	0.398049812522	0.331591221712	0.041859555779	0.228499409986
-oko	0.570186875272	0.29074315515	0.0869187309865	0.0521512385919
-des	0.0	1.0	0.0	0.0
-det	0.247181678189	0.318990670972	0.251813854903	0.182013795937
-siu	0.134747858292	0.805791791957	0.0205434785028	0.0389168712482
-oke	0.344139487566	0.114709717904	0.0497540118423	0.491396782688
-mdu	0.422921665491	0.442992237121	0.0285109386027	0.105575158786
-nae	0.175872855444	0.231994621946	0.0335031592324	0.558629363377
-oka	0.484375	0.1875	0.3046875	0.0234375
-kis	0.0411058907212	0.949459970425	0.00539093648803	0.00404320236602
-bit	0.479633119408	0.314787238248	0.119394330746	0.0861853115981
-biu	0.680101906697	0.220664358943	0.0611440181407	0.0380897162188
-oba	0.389830508475	0.496510468594	0.0418743768693	0.0717846460618
-ida	0.0	1.0	0.0	0.0
-bie	0.272727272727	0.727272727273	0.0	0.0
-bia	0.0115163147793	0.988483685221	0.0	0.0
-bim	0.262044113379	0.271266647319	0.329842636484	0.136846602818
-bik	0.430712664151	0.264694376078	0.138283179399	0.166309780372
-100	0.0182421227197	0.0514096185737	0.0182421227197	0.912106135987
-uta	0.108501471196	0.515936227582	0.00749709533378	0.368065205888
-tet	0.146830195198	0.813439281396	0.0293660390396	0.0103644843669
-teu	0.0721478880346	0.553873786604	0.213860466994	0.160117858368
-ria	0.00439642749558	0.892653895316	0.0186848168562	0.084264860332
-rin	0.00916963830872	0.972491085074	0.0061130922058	0.0122261844116
-rik	0.0702040816327	0.42693877551	0.495510204082	0.00734693877552
-rit	0.0	0.965840080972	0.0113866396761	0.0227732793522
-ris	0.0636672325976	0.889643463497	0.0382003395586	0.00848896434634
-utu	0.0257792475049	0.839671862543	0.00713864190907	0.127410248043
-tek	0.225554117865	0.476255692416	0.0756944327749	0.222495756944
-aku	0.408288001709	0.179691634085	0.0158396102136	0.396180753992
-ten	0.0950704225352	0.780809859155	0.0264084507042	0.0977112676056
-duk	0.0750427230807	0.580183600179	0.01983738071	0.32493629603
-ara	0.0	1.0	0.0	0.0
-mes	0.152284263959	0.847715736041	0.0	0.0
-wak	0.28064847605	0.3101528391	0.216897104327	0.192301580523
-ral	0.0300751879699	0.689223057644	0.280701754386	0.0
-nzi	0.167722855936	0.477397549641	0.283058724123	0.0718208703
-pau	0.318745256767	0.435702841724	0.122438654187	0.123113247323
-art	0.0114503816794	0.862595419847	0.125954198473	0.0
-luk	0.0134228187919	0.973154362416	0.0	0.0134228187919
-mea	0.224726329548	0.146474961196	0.0372722816763	0.591526427579
-mel	0.153577661431	0.820244328098	0.0261780104712	0.0
-men	0.4225	0.3975	0.0975	0.0825
-aya	0.186685606724	0.302855536683	0.0588009775732	0.45165787902
-ayo	0.569420238728	0.303128109813	0.0414273152804	0.0860243361783
-mou	0.0433626848314	0.799136069115	0.11064960957	0.0468516364844
-tyu	0.0	1.0	0.0	0.0
-ilo	0.0	0.49481865285	0.50518134715	0.0
-mos	0.0182926829268	0.981707317073	0.0	0.0
-gin	0.0712246641983	0.0632892703723	0.0099085187774	0.855577546652
-uba	0.519859834232	0.230820850535	0.133923693156	0.115395622078
-ili	0.0160380775001	0.965647472709	0.0136582337421	0.00465621604842
-suu	0.0231852321405	0.920282756104	0.0463896732554	0.0101423385005
-umu	0.519692930156	0.324146478038	0.0713084416087	0.084852150198
-ota	0.0368644067797	0.90720338983	0.0559322033899	0.0
-ija	0.0	0.995594713656	0.00440528634361	0.0
-oan	0.547738693467	0.316582914573	0.00753768844221	0.128140703518
-oti	0.011320754717	0.967452830189	0.011320754717	0.00990566037735
-ume	0.251366120219	0.715846994536	0.0	0.0327868852459
-uma	0.207473771072	0.124562851193	0.53750638532	0.130456992416
-sup	0.0937537133125	0.78040955361	0.0178238998693	0.108012833208
-umi	0.0613479262673	0.164458525346	0.660138248848	0.114055299539
-ako	0.30871434154	0.519343493552	0.0820633059788	0.0898788589292
-nak	0.666666666667	0.211622807018	0.0296052631579	0.0921052631579
ALL	0.2170338474	0.252692784116	0.0482119909729	0.482061377511
-nai	0.00394218134034	0.968462549277	0.0	0.0275952693824
-nan	0.0553850297687	0.886031412908	0.00707042933218	0.0515131279916
-nam	0.339887372348	0.334352456845	0.0458622194946	0.279897951312
-sis	0.125628140703	0.844221105528	0.0301507537688	0.0
-ake	0.209614869367	0.0829660621679	0.040344174689	0.667074893776
-sip	0.22368070293	0.624576855744	0.0510999220809	0.100642519245
-aka	0.20996721958	0.475993838266	0.109093980476	0.204944961677
-nsa	0.754348489472	0.19072322246	0.0549282880684	0.0
-sik	0.349286060019	0.601706195547	0.023596321394	0.0254114230397
-sin	0.282517985611	0.578489208633	0.0543884892086	0.0846043165468
-sim	0.244690077912	0.203848565185	0.137403896938	0.414057459965
-sil	0.0713785864241	0.886634009797	0.0230930720783	0.0188943317005
-nas	0.0578154036755	0.891596118109	0.0464588065249	0.0041296716911
-sia	0.0958890237253	0.323810412321	0.0333577521042	0.546942811849
-nat	0.498106060606	0.0804924242425	0.0114989177489	0.409902597403
-nau	0.262209498147	0.528730212193	0.160559110812	0.0485011788481
-gok	0.0957071581566	0.869278027884	0.0350148139598	0.0
-gom	0.296580403652	0.477486664669	0.090799373814	0.135133557865
-gol	0.0161616161616	0.780808080808	0.2	0.0030303030303
-gon	0.0	1.0	0.0	0.0
-moo	0.139423358714	0.257080134063	0.141430040549	0.462066466673
-mon	0.00258948095293	0.996719990793	0.0	0.000690528254114
-mok	0.0797975330654	0.0741055446827	0.139801085117	0.706295837135
-got	0.108843751104	0.64560992944	0.116834264578	0.128712054877
-moi	0.730845750944	0.186934102075	0.0274067156604	0.0548134313207
-uuk	0.517241379311	0.482758620689	0.0	0.0
-yau	0.221011919053	0.697969966881	0.0272571158174	0.053760998249
-yat	0.603332011107	0.158667195557	0.0733835779453	0.164617215391
-gou	0.116218560278	0.791269152934	0.0769008383926	0.0156114483955
-bet	0.0530303030303	0.931818181818	0.0	0.0151515151515
-beu	0.0506329113924	0.73417721519	0.0	0.215189873418
-yae	0.274314370006	0.48486530653	0.0744727962227	0.166347527241
-bek	0.067090590729	0.881301262556	0.0258040733573	0.0258040733573
-yaa	0.0538116591928	0.188340807175	0.0	0.757847533632
-bel	0.0270589806192	0.880940485275	0.0	0.0920005341053
-yan	0.386956521739	0.286956521739	0.326086956522	0.0
-yak	0.447680449714	0.245348913797	0.053745083744	0.253225552745
-iso	0.134663341646	0.820448877806	0.00748129675811	0.0374064837905
-rek	0.0	1.0	0.0	0.0
-isi	0.00306748466257	0.995237326445	0.0	0.00169518889248
-isa	0.243082248739	0.404344135868	0.0689423566506	0.283631258743
-eva	0.00639598154302	0.993604018457	0.0	0.0
-upa	0.414205604908	0.0708919898974	0.0449347533306	0.469967651864
-res	0.15	0.8	0.05	0.0
-ret	0.0145137880987	0.976501485935	0.00414679659962	0.00483792936623
-upi	0.283889116803	0.566254468733	0.0431928734689	0.106663540995
--da	0.187187010641	0.240081878284	0.0218698391829	0.550861271893
-jut	0.0204081632653	0.918367346939	0.0612244897959	0.0
-kwa	0.4140969163	0.295154185022	0.0264317180616	0.264317180617
-mas	0.039	0.922833333333	0.032	0.00616666666667
-mau	0.218835933211	0.591807063412	0.0484296704426	0.140927332934
-ham	0.0174703822426	0.974340376081	0.00109189889017	0.00709734278606
-mak	0.212248736912	0.602128228417	0.0332620721984	0.152360962473
-mam	0.470882851091	0.30024438458	0.127337576252	0.101535188077
-man	0.280604550759	0.211649549954	0.0877204828962	0.420025416392
-maa	0.0705217406243	0.175866274975	0.11596144926	0.637650535141
-mae	0.121220020855	0.599104970455	0.111878693083	0.167796315607
-lae	0.481690140845	0.214084507042	0.0	0.304225352113
-kge	0.416858211382	0.298985918521	0.0758851750687	0.208270695029
-une	0.140154729334	0.270881402634	0.0363298372815	0.552634030751
-ung	0.0442558140969	0.870742175968	0.0566575144911	0.028344495444
-kga	0.175958404011	0.423016072661	0.0459122386335	0.355113284694
-una	0.20883577179	0.152115538258	0.0592045717314	0.57984411822
-kgu	0.614634146341	0.300487804878	0.00292682926829	0.0819512195122
-unu	0.13308899268	0.795642256676	0.0383339492102	0.0329348014341
-666	0.0564263322884	0.0752351097179	0.037617554859	0.830721003135
-gae	0.168707938265	0.155315392773	0.0480301473224	0.62794652164
-tra	0.0	1.0	0.0	0.0
-ika	0.297040464267	0.185043229882	0.0295411127301	0.488375193121
-gaa	0.627628957273	0.333628514501	0.0387425282267	0.0
-gan	0.180442946525	0.12961317832	0.0953208642586	0.594623010896
-gak	0.462567772485	0.275445051583	0.0668061418102	0.195181034122
-iko	0.0	1.0	0.0	0.0
-gau	0.434661812142	0.343628610593	0.0675066621066	0.154202915159
-gat	0.500001575815	0.189681249203	0.0700279444205	0.240289230562
-gas	0.0	1.0	0.0	0.0
-nip	0.234783822939	0.157802563521	0.0309938152008	0.576419798339
-lam	0.0463151906405	0.94069924189	0.0	0.0129855674693
-ini	0.0116504854369	0.980194174757	0.00349514563107	0.00466019417475
-sel	0.10163502715	0.830469368156	0.0314381836521	0.0364574210421
-sek	0.149903288201	0.787234042553	0.0628626692456	0.0
-ina	0.166777370291	0.285972785859	0.0757367717198	0.47151307213
-apa	0.204311252358	0.31292067618	0.0520267109583	0.430741360503
-ine	0.125509748154	0.534153176201	0.0578408679364	0.282496207709
-tdu	0.0786507823657	0.127138291098	0.17477882945	0.619432097086
-lai	0.0214669051878	0.898032200358	0.0375670840787	0.0429338103757
-seu	0.370531822145	0.559721011334	0.0174367916303	0.0523103748911
-ses	0.197664688879	0.603605659516	0.0821542674578	0.116575384147
-inu	0.0674441762161	0.134018546327	0.0069058573838	0.791631420073
-sep	0.0479662317729	0.902313342835	0.0118956254796	0.0378247999123
-iae	0.243713733075	0.605415860735	0.104448742747	0.0464216634429
-lat	0.0985221674877	0.84236453202	0.0236453201971	0.0354679802956
-kuu	0.390822917588	0.348525401426	0.125496434159	0.135155246827
-kut	0.39666784996	0.14570781552	0.0272936135351	0.430330720985
-iam	0.0280210157619	0.943082311734	0.015761821366	0.0131348511384
-ian	0.0340522133939	0.675085130533	0.282349602724	0.00851305334847
-oom	0.741666666667	0.0333333333333	0.225	0.0
-nes	0.0138248847926	0.972350230415	0.0138248847926	0.0
-iak	0.487226474076	0.368330279185	0.0991699902986	0.0452732564406
--de	0.0775437636762	0.085749452954	0.0411652078774	0.795541575492
-nen	0.0373831775701	0.831775700935	0.0373831775701	0.0934579439252
-iat	0.0992089078177	0.184617156224	0.0158134934046	0.700360442553
-aan	0.266365688488	0.707298720843	0.0150489089541	0.0112866817156
-ias	0.0202559162097	0.952015710686	0.00759596857863	0.0201324045255
-pza	0.181217168925	0.365093183703	0.0491259707945	0.404563676578
-kun	0.643895348837	0.268895348837	0.0	0.0872093023255
-kum	0.430361461312	0.235299673749	0.0724607802215	0.261878084718
-kul	0.0816802800466	0.722287047841	0.024504084014	0.171528588098
-kuk	0.201353637902	0.225042301184	0.233502538071	0.340101522843
-aon	0.107843137255	0.833333333333	0.0	0.0588235294118
-aom	0.0316742081448	0.83371040724	0.10520361991	0.0294117647059
-nea	0.223333863333	0.390002568462	0.0726507748192	0.314012793386
-ban	0.532680095482	0.238117608126	0.0764653113092	0.152736985083
-eka	0.394208810944	0.234862426003	0.127264261801	0.243664501253
-bam	0.0797056313491	0.44526823663	0.0937326198267	0.381293512194
-non	0.12987012987	0.69696969697	0.17316017316	0.0
-eke	0.304941741028	0.122352301125	0.0299167772747	0.542789180573
-bai	0.450704225352	0.415492957746	0.0	0.133802816901
-bae	0.051649928264	0.804878048781	0.025824964132	0.117647058823
-jop	0.0504201680672	0.924369747899	0.0252100840336	0.0
-hos	0.0351637720122	0.949859065834	0.0130236192638	0.00195354288957
-tda	0.162245274522	0.509984292925	0.049694718893	0.278075713659
-tde	0.365200062548	0.414651754776	0.0591765730485	0.160971609628
-uut	0.0236838885033	0.0084707222454	0.00459303960183	0.963252349649
-bat	0.120610454025	0.784578405189	0.0571537581076	0.0376573826784
-bau	0.045575614087	0.886015434698	0.00375623193025	0.0646527192843
-bas	0.0130665577787	0.951272628284	0.027494215326	0.00816659861168
-dru	0.0	1.0	0.0	0.0
-zon	0.518399498214	0.251031471593	0.10109032555	0.129478704643
-mbu	0.307404708343	0.589936947499	0.0228129653687	0.0798453787903
-asa	0.214330594783	0.338069125521	0.0965642881984	0.351035991498
-gza	0.0337837837838	0.883633633634	0.0	0.0825825825825
-iyo	0.54220602018	0.274285945977	0.0660252295557	0.117482804287
-asi	0.16	0.733333333333	0.0533333333333	0.0533333333334
-mba	0.478018042966	0.261956070232	0.0798842000447	0.180141686757
-yen	0.0	0.948051948052	0.025974025974	0.025974025974
-mbi	0.469916150753	0.286615916799	0.136096270125	0.107371662322
-lta	0.127046866177	0.833427442123	0.016939582157	0.0225861095426
-430	0.404081632653	0.0489795918367	0.0244897959184	0.522448979592
-ras	0.0343104520229	0.932069910424	0.0117438459944	0.0218757915582
-ran	0.159763313609	0.840236686391	0.0	0.0
-iwa	0.323848704408	0.179638911188	0.0357334224693	0.460778961934
-ram	0.0	0.663865546218	0.0840336134452	0.252100840336
-rak	0.0	1.0	0.0	0.0
-ero	0.0117647058824	0.988235294118	0.0	0.0
-era	0.175609756098	0.54243902439	0.0543089430894	0.227642276423
-iwi	0.389461641369	0.301527152081	0.091336947786	0.217674258764
-gen	0.394759052546	0.350204192758	0.101687993466	0.153348761231
-pol	0.0455840208424	0.868831958315	0.00104211897525	0.0845419018671
-pom	0.05005005005	0.91991991992	0.03003003003	0.0
-mza	0.279083511658	0.635714863703	0.0400948821831	0.0451067424561
-pam	0.480421174481	0.228901056247	0.0938383027705	0.196839466502
--nu	0.136429828549	0.0507967247793	0.0199046558369	0.792868790835
-ike	0.198431240486	0.0939150198268	0.0262838647164	0.681369874971
-500	0.184397163121	0.141843971631	0.0283687943262	0.645390070922
-aau	0.22632049245	0.419450811183	0.0680596891226	0.286169007244
-aat	0.220086072515	0.299198668789	0.0586978842194	0.422017374476
-lan	0.0308641975309	0.969135802469	0.0	0.0
-nos	0.0	1.0	0.0	0.0
-aap	0.21644708267	0.623328989914	0.053327542107	0.10689638531
-aam	0.0811436069197	0.392113531991	0.163668381617	0.363074479472
-fos	0.0	1.0	0.0	0.0
-iks	0.0788571428571	0.811428571429	0.0274285714285	0.0822857142857
-nom	0.10183299389	0.736688972942	0.144020948502	0.0174570846669
-aak	0.394978867303	0.357191222816	0.0413374395059	0.206492470375
-las	0.0632557007223	0.863710135519	0.0697882009251	0.00324596283373
-aae	0.295671642709	0.230712453638	0.0933699924344	0.380245911219
-noa	0.224852071006	0.650887573965	0.12426035503	0.0
-dot	0.119047619048	0.833333333333	0.0	0.047619047619
-myu	0.0	1.0	0.0	0.0
-aho	0.0359520891142	0.0254855501302	0.0168644211673	0.921697939588
-gem	0.153965785381	0.159668221877	0.463452566097	0.222913426646
-bol	0.459901800327	0.490998363339	0.0245499181669	0.0245499181669
-gee	0.048192140652	0.781487101669	0.0347967139344	0.135524043744
-bok	0.173017161735	0.764355105126	0.0237128699011	0.0389148632381
-bou	0.244818766964	0.683236171376	0.0620783103468	0.00986675131341
-don	0.00568181818182	0.990056818182	0.0	0.00426136363637
-dom	0.0430622009569	0.942583732057	0.00956937799043	0.00478468899521
-get	0.080344332855	0.919655667145	0.0	0.0
-sas	0.00340667139815	0.992618878637	0.00397444996451	0.0
-sap	0.335935681137	0.318567725714	0.261838613047	0.0836579801022
-sau	0.181428571429	0.328571428571	0.03	0.46
-sat	0.512281623539	0.391567056351	0.0835413109156	0.0126100091948
-gki	0.215384615385	0.712820512821	0.0564102564103	0.0153846153846
-tol	0.0473933649288	0.895734597156	0.0568720379148	0.0
-tom	0.0	0.841201716738	0.139484978541	0.019313304721
-tok	0.659340659341	0.148351648352	0.159340659341	0.032967032967
-mpa	0.0454545454546	0.954545454545	0.0	0.0
-lfa	0.0	0.444444444444	0.555555555556	0.0
-saa	0.673032614817	0.298295018176	0.00614407864421	0.0225282883621
-sae	0.242553063872	0.351463333258	0.0759782421257	0.330005360744
-sak	0.358592539595	0.435825110623	0.0675832179494	0.137999131833
-sai	0.0	0.911337037475	0.010639555503	0.0780234070221
-iba	0.435606600359	0.334235800393	0.13311864117	0.097038958078
-sam	0.122842936531	0.859608072536	0.017548990933	0.0
-ngu	0.283192099876	0.308650259811	0.0678744236761	0.340283216636
-rot	0.0123076923077	0.945299145299	0.0300854700855	0.0123076923077
-gep	0.118811881188	0.821782178218	0.0594059405941	0.0
-iel	0.0198675496689	0.966887417219	0.0132450331126	0.0
-ros	0.0	1.0	0.0	0.0
-rom	0.0498005371157	0.673819518682	0.260996532214	0.0153834119886
-lot	0.132543103448	0.692887931035	0.148706896552	0.0258620689655
-lou	0.0882352941177	0.132352941177	0.0588235294118	0.720588235294
-los	0.00999999999999	0.98	0.0	0.01
-deu	0.177818302766	0.485581694953	0.11537978866	0.221220213622
-ipi	1.0	0.0	0.0	0.0
-ipa	0.463078335203	0.333963943935	0.0328768839794	0.170080836883
-mat	0.144171051192	0.651383593332	0.165099839247	0.0393455162276
-imi	0.551834997931	0.377838189232	0.0248212280598	0.0455055847763
-ewa	0.428367471295	0.269602232544	0.107226882249	0.194803413911
-ewi	0.675744651249	0.198121910322	0.0429270925952	0.0832063458341
-awi	0.288679732195	0.356073426118	0.0802497363843	0.274997105303
-nga	0.185736832747	0.236700657271	0.0656405459254	0.511921964057
-awa	0.379360851295	0.21387344173	0.0498405401571	0.356925166817
-pba	0.243207894893	0.310831698472	0.083392782831	0.362567623804
-pbi	0.099173553719	0.900826446281	0.0	0.0
-tia	0.0819672131148	0.918032786885	0.0	0.0
-276	0.0	0.117647058824	0.0	0.882352941176
-pim	0.301441677588	0.33151500124	0.202153660869	0.164889660303
-pin	0.965517241379	0.0344827586207	0.0	0.0
-ngi	0.150247086961	0.748330180794	0.0210182006218	0.0804045316239
-nap	0.414296447354	0.26800472255	0.0633251046474	0.254373725448
-eyo	0.338809874121	0.492806931502	0.0997220859899	0.0686611083865
-eya	0.310029235541	0.270147939857	0.087422760673	0.332400063929
-200	0.0244065849923	0.165581929556	0.0354134762634	0.774598009188
-iok	0.0143724049824	0.959118492494	0.00383264132865	0.0226764611945
-oiu	0.388406537283	0.538815117467	0.0268130745659	0.0459652706843
-lek	0.190476190476	0.809523809524	0.0	0.0
-ion	0.0494245569441	0.905705006002	0.0206524041516	0.0242180329026
-mun	0.182325946501	0.505162731719	0.25970653946	0.0528047823199
-muk	0.529441887974	0.391493443734	0.00746505488799	0.0715996134039
-mut	0.153846153846	0.846153846154	0.0	0.0
-oie	0.242105263158	0.536842105263	0.0631578947368	0.157894736842
-ios	0.0361331595782	0.910555621372	0.0302096907949	0.0231015282549
-oik	0.148333333333	0.628333333333	0.208333333333	0.015
-leu	0.148148148148	0.851851851852	0.0	0.0
-iot	0.0349536863656	0.937923917476	0.0271223961584	0.0
-fta	0.0	1.0	0.0	0.0
-k10	0.115368768026	0.688504326329	0.0615300096141	0.134596896031
-giu	0.490552056317	0.10003705076	0.0711374583179	0.338273434605
-git	0.0	0.743315508021	0.0641711229947	0.192513368984
-ndu	0.0886102797383	0.114357294834	0.0457423262361	0.751290099192
-san	0.233387736069	0.280986090672	0.305189133307	0.180437039953
-alo	0.0	0.91	0.09	0.0
-ndo	0.109170305677	0.792576419214	0.0982532751092	0.0
-ali	0.0	0.953703703704	0.0396825396825	0.00661375661374
-nda	0.0745088364912	0.134212425277	0.0146867761077	0.776591962124
-gie	0.873015873016	0.00793650793651	0.119047619048	0.0
-ale	0.55737704918	0.344262295082	0.0	0.0983606557377
-nde	0.103958393743	0.160669875107	0.0223305988018	0.713041132348
-ala	0.00397414910629	0.996025850894	0.0	0.0
-lon	0.00473186119875	0.966876971609	0.00946372239747	0.0189274447949
-120	0.0204081632653	0.0408163265306	0.0	0.938775510204
-you	0.130082980685	0.388348660725	0.0185016194236	0.463066739166
-yot	0.115788945892	0.137423778355	0.00386232170406	0.742924954049
-yok	0.389606535277	0.286517943558	0.0929070465573	0.230968474608
-yom	0.442013289768	0.332611329344	0.189397554976	0.0359778259114
-rel	0.0419772807952	0.885827121051	0.00789847355342	0.0642971246007
-lok	0.0	1.0	0.0	0.0
-gwa	0.705793877871	0.0276066299112	0.0251648332506	0.241434658967
-pen	0.0	1.0	0.0	0.0
-pek	0.734693877551	0.163265306122	0.0	0.102040816327
-153	0.0283018867925	0.22641509434	0.0	0.745283018868
-ela	0.0106698323491	0.960222147703	0.00916350307632	0.0199445168718
-iya	0.0847170609495	0.548735868523	0.334288943206	0.032258127322
-pna	0.174474010235	0.589204642997	0.0523282581026	0.183993088665
-esu	0.00307599736373	0.802784526295	0.000251672511578	0.19388780383
-esi	0.0	1.0	0.0	0.0
-iti	0.0517518945117	0.800085812011	0.0102116293405	0.137950664137
-esa	0.101997513989	0.814218813805	0.0279278907352	0.0558557814704
-ita	0.0867282571818	0.0822760814997	0.00940426804818	0.82159139327
-spa	0.0380339379754	0.931246342891	0.030719719134	0.0
-bru	0.0146268074555	0.93417936645	0.0394923801298	0.0117014459644
-fan	0.0	0.794181034483	0.205818965517	0.0
-fas	0.0271710175812	0.9568460309	0.0127863612147	0.00319659030368
-uda	0.340540540541	0.545945945946	0.0	0.113513513513
-fat	0.0504201680672	0.949579831933	0.0	0.0
-uon	0.0186335403727	0.981366459627	0.0	0.0
-huk	0.271968682394	0.54105284846	0.152982383847	0.0339960852993
-aba	0.410153224515	0.358522435887	0.0602105973101	0.171113742288
-abo	0.0	0.981238273921	0.0	0.0187617260788
-ron	0.024	0.952	0.024	0.0
-tue	0.0255162894737	0.502100798747	0.0147000035858	0.457682908193
-kom	0.633841592546	0.177255400254	0.0139771283354	0.174925878865
-tui	0.259076489249	0.439548819175	0.222065562214	0.079309129362
-kon	0.268542199488	0.414961636829	0.0	0.316496163683
-tum	0.167190069174	0.424009254724	0.28833689367	0.120463782432
-sos	0.573170731707	0.426829268293	0.0	0.0
-aen	0.347639484979	0.218884120172	0.356223175966	0.0772532188841
-kou	0.516666666667	0.433333333333	0.05	0.0
-kot	0.828724353256	0.0107047279215	0.0	0.160570918822
-son	0.462721813161	0.443475724115	0.0353378114009	0.0584646513231
-kop	0.0669406928949	0.917204932472	0.00528479154433	0.0105695830887
-sok	0.572293584228	0.226916702804	0.0715297840264	0.129259928942
-soe	0.105769230769	0.836538461538	0.0	0.0576923076923
-ora	0.0192864030858	0.951783992285	0.0	0.0289296046287
-tna	0.204557392376	0.477773370047	0.0990857529011	0.218583484676
-mda	0.0773017394442	0.385794046949	0.136629826936	0.400274386671
-liv	0.0254285948651	0.949963087524	0.0221474858502	0.00246083176114
-lip	0.00281425891182	0.997185741088	0.0	0.0
-omu	0.272690768668	0.422524856812	0.0770526223263	0.227731752193
-lis	0.047794117647	0.886029411765	0.0	0.0661764705882
-lim	0.0	1.0	0.0	0.0
-omi	0.0105263157895	0.989473684211	0.0	0.0
-lio	0.0	1.0	0.0	0.0
-oma	0.169117647059	0.511554621849	0.153361344538	0.165966386555
-lia	0.0	1.0	0.0	0.0
-eas	0.234899328859	0.601510067114	0.0503355704698	0.113255033557
-eat	0.322650032265	0.443428694343	0.137126263713	0.0967950096795
-144	0.114318706697	0.375288683603	0.0346420323326	0.475750577367
-oda	0.025	0.975	0.0	0.0
-eak	0.477146042363	0.404682274248	0.0445930880713	0.0735785953176
-eam	0.0430489731438	0.950631911532	0.00157977883097	0.00473933649289
-eal	0.118226600985	0.704433497537	0.118226600985	0.0591133004926
-zet	0.342916553657	0.21803333032	0.127022873158	0.312027242865
-duu	0.0317988748342	0.749411287026	0.00973123663862	0.209058601501
-pai	0.00316622691293	0.990501319261	0.0	0.00633245382585
-wau	0.225180154843	0.183011891813	0.0303507425199	0.561457210824
-pak	0.0179682987871	0.969197202079	0.0128344991337	0.0
-dut	0.232471134619	0.293685093208	0.16474230794	0.309101464233
-nza	0.234003824371	0.554327984528	0.0705122468624	0.141155944239
-pan	0.254227705414	0.227495852949	0.0973584974373	0.420917944199
-ape	0.256315007429	0.3573551263	0.107726597325	0.278603268945
-paa	0.39841784621	0.164216652017	0.311581244506	0.125784257267
-api	0.382263658313	0.369645047938	0.0428812892559	0.205210004493
-pae	0.161670165134	0.206417592952	0.0358291162291	0.596083125685
-dua	0.114551451324	0.0309045668762	0.0105645298865	0.843979451913
-due	0.171653574389	0.277701022382	0.203726364821	0.346919038408
-waa	0.544751381216	0.046408839779	0.375690607735	0.0331491712707
-apu	0.406690856085	0.0411927679799	0.00783006334232	0.544286312593
-pap	0.297273526825	0.320140721196	0.105540897098	0.277044854881
-wan	0.204010777395	0.144877216438	0.0241319365268	0.626980069641
-wam	0.114953916279	0.135151148124	0.026114145204	0.723780790393
-pas	0.182200879639	0.686095375998	0.00827111645571	0.123432627907
-pat	0.235818087466	0.549932793728	0.0533649589372	0.160884159869
-dum	0.0681818181818	0.607954545455	0.323863636364	0.0
-wai	0.0856843902769	0.274662138795	0.279752249146	0.359901221782
-nun	0.273356401384	0.532871972318	0.0622837370242	0.131487889273
-sen	0.314948143917	0.344653357103	0.038175532596	0.302222966385
-ken	0.111436841324	0.511392311118	0.342882588689	0.0342882588689
-kem	0.294067582928	0.266710202186	0.199229882653	0.239992332234
-kel	0.0394366197183	0.960563380282	0.0	0.0
-sus	0.0151515151515	0.939393939394	0.030303030303	0.0151515151515
-sop	0.0408163265306	0.959183673469	0.0	0.0
-keu	0.0677138994399	0.389155346681	0.0107030193781	0.532427734501
-ket	0.0	1.0	0.0	0.0
-kok	0.0691642651297	0.827089337176	0.103746397695	0.0
-kep	0.208303630253	0.339168691444	0.00997451631428	0.442553161989
-sue	0.114473222077	0.491267254676	0.00595439386617	0.388305129381
-sua	0.0356564019449	0.949756888169	0.0	0.0145867098865
-dia	0.0235429174243	0.821288956627	0.126018419266	0.0291497066825
-psa	0.123107671216	0.557444974973	0.197203243347	0.122244110464
-pso	0.489158218177	0.236870498435	0.0551399143583	0.21883136903
-dis	0.0750199521148	0.799680766161	0.11572226656	0.00957701516359
-ane	0.130400171475	0.350488905935	0.04803374176	0.47107718083
--ta	0.103397341211	0.121122599705	0.0221565731167	0.753323485968
-ang	0.154840197241	0.182759294013	0.0462955942942	0.616104914452
-kos	0.0115384615385	0.982692307692	0.00576923076922	0.0
-uku	0.488352155549	0.0290814849365	0.0103205837789	0.472245775735
-ven	0.0904925544101	0.864833906071	0.00687285223367	0.0378006872852
-ova	0.00324166621644	0.963801393916	0.0118861094603	0.0210708304068
-uka	0.159507872471	0.601372482702	0.0339771671306	0.205142477697
-uke	0.319594634195	0.15996525855	0.0519992408681	0.468440866387
-ing	0.451547001444	0.146564387092	0.0371957724427	0.364692839022
-aiu	0.0958667221783	0.731460127521	0.123383184653	0.0492899656483
-ait	0.104458613048	0.342080624619	0.493978595479	0.0594821668542
-aip	0.014652014652	0.930402930403	0.03663003663	0.018315018315
-ais	0.00591466485518	0.980850540518	0.00210819737412	0.0111265972523
-tis	0.0	0.959090909091	0.0409090909091	0.0
-sol	0.0222463374932	0.969614758546	0.0	0.00813890396095
-aie	0.596497906357	0.289303387895	0.0685192234487	0.0456794822992
-tie	0.117900790798	0.844716031632	0.0215672178289	0.0158159597412
-aia	0.0154540748638	0.976626911619	0.00143982063948	0.00647919287768
-nge	0.221192784391	0.731562154866	0.0193275248497	0.027917535894
-aim	0.156903419117	0.459769369836	0.0707880464141	0.312539164632
-ail	0.127118644068	0.572033898305	0.101694915254	0.199152542373
-ain	0.0705210430223	0.85153004697	0.0547040556778	0.0232448543295
-aik	0.31977953411	0.501611896839	0.119332362729	0.0592762063229
-ema	0.186419753086	0.795061728395	0.0185185185185	0.0
-uwa	0.372569068455	0.259308768911	0.0436432409922	0.324478921641
-emi	0.0621193666261	0.875761266748	0.0	0.0621193666261
-uwi	0.328727205054	0.274965841423	0.175465989775	0.220840963748
-emu	0.160545089551	0.723146035088	0.0653832824383	0.0509255929222
-jae	0.0	0.825630940675	0.105539167486	0.0688298918388
-ems	0.0	1.0	0.0	0.0
-das	0.00859182234755	0.970479379626	0.00330454705675	0.0176242509693
-gga	0.228655233853	0.376958171752	0.111505670263	0.282880924132
-pde	0.186616611297	0.698593941566	0.0771104683056	0.0376789788312
-zae	0.170060388214	0.438687066155	0.120699209053	0.270553336578
-pda	0.224097921722	0.515139646253	0.0984955803425	0.162266851683
-dam	0.530576462538	0.319107081765	0.0322870338694	0.118029421827
-zan	0.284654540979	0.302685122503	0.0306963326987	0.38196400382
-zam	0.454128440367	0.0366972477064	0.247706422018	0.261467889908
-zak	0.272939752059	0.620935435475	0.0409022714711	0.0652225409943
-mde	0.197121063334	0.423575651229	0.0564992274577	0.322804057978
-zat	0.293333333333	0.706666666667	0.0	0.0
-zau	0.0986675390302	0.814223119369	0.0236802093673	0.0634291322337
-kta	0.0953545232273	0.838630806846	0.0220048899756	0.0440097799511
-000	0.0668050776544	0.304345936648	0.0170807345513	0.611768251146
-eta	0.232118635049	0.270072520145	0.0664011485687	0.431407696237
-ani	0.239256387474	0.587534598508	0.0184525376078	0.15475647641
-buk	0.561883899233	0.331142752829	0.0	0.106973347937
-atu	0.035996138596	0.0721866606329	0.0177833083189	0.874033892452
-bun	0.727272727273	0.145454545455	0.0181818181818	0.109090909091
-bul	0.0148514851485	0.985148514852	0.0	0.0
-uyo	0.433620901037	0.354838371756	0.0594777059032	0.152063021304
-bum	0.501367073759	0.176888967644	0.0410297746031	0.280714183994
-uya	0.20015498731	0.417384049907	0.0569350946025	0.32552586818
-wep	0.097751710655	0.610948191593	0.178885630498	0.112414467253
-ank	0.209242999525	0.196013289037	0.0537494067394	0.540994304699
-weu	0.128440366972	0.45871559633	0.196592398427	0.21625163827
-300	0.0	0.487903225806	0.338709677419	0.173387096774
-ooi	0.451114922813	0.368782161235	0.138936535163	0.0411663807891
-ate	0.0224742383066	0.805757230409	0.00772253082238	0.164046000462
-wen	0.131958567099	0.302179526745	0.067167828571	0.498694077585
-ata	0.116936712713	0.211263814261	0.0281285604533	0.643670912572
-pme	0.185417167176	0.0537117754058	0.0813398771321	0.679531180286
-pma	0.153432729873	0.358436340329	0.0245439315337	0.463586998264
-but	0.542544061681	0.156013420378	0.0460106415343	0.255431876406
-buu	0.27587001571	0.60775427218	0.0583864494204	0.0579892626896
-kak	0.0897165377624	0.831368207316	0.01743736511	0.061477889811
-nis	0.176297747307	0.81184024377	0.00696484927631	0.00489715964742
-kai	0.0403047904198	0.337704981055	0.580244931372	0.0417452971525
-edi	0.0	0.948051948052	0.0519480519481	0.0
-osa	0.229580573952	0.673289183223	0.0971302428255	0.0
-kan	0.212082770389	0.21998009994	0.114014137061	0.45392299261
-kam	0.104529616725	0.853658536585	0.0	0.0418118466899
-niu	0.338126381079	0.207039284736	0.0446275623595	0.410206771825
-kaa	0.0843088609094	0.706807071983	0.160685075089	0.0481989920185
-osi	0.0	1.0	0.0	0.0
-kae	0.394817194339	0.30434821348	0.0869192333314	0.213915358849
-nia	0.17390424671	0.644290156323	0.0784917152958	0.103313881671
-nie	0.39491479578	0.434676764945	0.0919664592913	0.0784419799837
-kas	0.0419684397333	0.955873183366	0.00215837690057	0.0
-nik	0.512179236681	0.268594503061	0.021883548261	0.197342711997
-kap	0.130965772136	0.581391611763	0.0894531040763	0.198189512025
-nin	0.294035010302	0.316739730253	0.0457337273253	0.34349153212
-kau	0.183173774576	0.748282567144	0.0156274331734	0.0529162251067
-kat	0.104669295926	0.412012229266	0.0405026997915	0.442815775016
-iau	0.536082474227	0.360824742268	0.0824742268041	0.020618556701
-fia	0.0	1.0	0.0	0.0
-pmi	0.0925266903914	0.590747330961	0.0462633451956	0.270462633452
-yuk	0.289447346726	0.454993726102	0.148235859003	0.107323068168
-yum	0.428466498001	0.471557985799	0.0999755162001	0.0
-lda	0.0461450476408	0.866480936459	0.0105000294915	0.0768739864085
-wel	0.105906503686	0.815713352617	0.0503872352338	0.0279929084632
-lde	0.100273473109	0.788986799014	0.0172186772005	0.0935210506769
-taa	0.2	0.7	0.0	0.1
-ila	0.0170575692964	0.982942430704	0.0	0.0
-yup	0.187360745392	0.671460401053	0.12497468098	0.0162041725744
-yus	0.115384615385	0.884615384615	0.0	0.0
-yuu	0.146897927072	0.298131986754	0.342170261815	0.212799824359
-yut	0.150188382594	0.612046899117	0.171327498107	0.0664372201823
-vit	0.0125260960334	0.974947807933	0.0	0.0125260960334
-viu	0.136032900981	0.761942423284	0.0189813350205	0.0830433407149
-ebi	0.0231481481481	0.976851851852	0.0	0.0
-oam	0.0	0.98353909465	0.0	0.0164609053498
-ebo	0.0	0.965288734617	0.0	0.0347112653834
-eba	0.753205128205	0.179487179487	0.0384615384615	0.0288461538462
-igi	0.153374233129	0.717791411043	0.0552147239264	0.0736196319018
-amu	0.169329388977	0.254068415264	0.0251139200366	0.551488275723
-ami	0.507622919337	0.20839148606	0.134379385223	0.14960620938
-wee	0.23170930422	0.685188202705	0.0586605833469	0.0244419097279
-ama	0.196363036918	0.626178555418	0.0393686589592	0.138089748705
-oas	0.0498614958449	0.903047091413	0.005540166205	0.0415512465374
-usi	0.00662251655633	0.991169977925	0.00220750551877	0.0
-usa	0.115983988585	0.0627602279968	0.0418514841524	0.779404299266
-gup	0.141095247671	0.674240900865	0.0945103559219	0.0901534955426
-ira	0.0	1.0	0.0	0.0
-guu	0.495145631068	0.271844660194	0.0970873786408	0.135922330097
-gut	0.737377406466	0.217066230779	0.0201295556363	0.0254268071195
-pdu	0.103425158459	0.166077523159	0.55216967333	0.178327645051
-gun	0.557142857143	0.185714285714	0.0285714285714	0.228571428571
-gua	0.192816635161	0.181474480151	0.158790170132	0.466918714556
-kza	0.254309185199	0.676911739713	0.031210672729	0.037568402359
-nit	0.574823167559	0.175728096955	0.0209822296131	0.228466505873
-epa	0.199914488285	0.73486055632	0.0179368627336	0.0472880926613
-tap	0.118979251639	0.70896403515	0.0316975258184	0.140359187392
-epi	0.116891285865	0.218008718192	0.0246063292379	0.640493666705
-epu	0.288174383253	0.127792050439	0.0251971684037	0.558836397904
-pia	0.189920741738	0.635112905638	0.148796171676	0.0261701809481
-wim	0.467309352877	0.299604408461	0.133643065169	0.0994431734922
-wik	0.383911898107	0.220825847574	0.0556385025321	0.339623751787
-pie	0.557815845824	0.221627408994	0.0471092077088	0.173447537473
-pii	0.32822688212	0.152653246214	0.0283026181612	0.490817253505
-wie	0.408761160714	0.165736607143	0.0585937499999	0.366908482143
-pik	0.46375634368	0.259023718862	0.0482634427413	0.228956494716
-iut	0.566037735849	0.320754716981	0.0754716981132	0.0377358490566
-wia	0.0653486560187	0.100486949747	0.110810284379	0.723354109856
-pis	0.0454554477064	0.849738978543	0.00238194485798	0.102423628893
-pit	0.578082239016	0.177183478709	0.0569648578632	0.187769424412
-piu	0.49835816886	0.346381387265	0.0412708356478	0.113989608228
-nok	0.197368421053	0.697368421053	0.0394736842105	0.0657894736842
-wiu	0.531082411945	0.312692340415	0.0615020060279	0.0947232416122
-wit	0.45412468826	0.260613473208	0.0356060392995	0.249655799233
-jon	0.0435650149651	0.915197871633	0.00299301629531	0.0382440971067
-uel	0.0	0.97149372862	0.0	0.0285062713797
-bea	0.0	0.913669064748	0.0863309352518	0.0
-iim	0.0511945392492	0.948805460751	0.0	0.0
-vde	0.196078431373	0.607843137255	0.196078431373	0.0
-iie	0.436720687367	0.202961824596	0.063567461842	0.296750026195
-sde	0.0508256872655	0.875222097206	0.0182120709606	0.0557401445678
-sda	0.0490471750702	0.919862071007	0.0102484793772	0.0208422745458
-aga	0.17868338558	0.0752351097179	0.595611285266	0.150470219436
-min	0.188737210089	0.10432466078	0.0125373977438	0.694400731388
-dui	0.240059221658	0.573392554992	0.0723350253807	0.11421319797
-ong	0.448185600584	0.277515683287	0.0813661506334	0.192932565496
-anu	0.27014520775	0.34803355504	0.0643165328275	0.317504704383
-ega	0.0	0.991913746631	0.00808625336926	0.0
-ona	0.168973051712	0.664603058995	0.0819373634377	0.0844865258557
-dat	0.247965500452	0.51415455241	0.158586631425	0.0792933157126
-dau	0.098993920482	0.859579275838	0.0177543444343	0.0236724592457
-lwa	0.00287797390637	0.937643898695	0.0594781273983	0.0
-dap	0.115704336104	0.670635812177	0.147382610649	0.0662772410694
-oni	0.0180722891566	0.873493975904	0.0361445783133	0.0722891566265
-450	0.258064516129	0.451612903226	0.0322580645161	0.258064516129
-ana	0.135083953177	0.197959440758	0.0594597576481	0.607496848416
-dan	0.00832342449465	0.991676575505	0.0	0.0
-onu	0.0182293991608	0.955824256763	0.00853718417998	0.0174091598964
-gge	0.341176001048	0.221091133487	0.0563220103983	0.381410855067
-dai	0.79756795422	0.12821888412	0.0527539341917	0.0214592274678
-dak	0.0146688058675	0.961494384598	0.0123768049507	0.011460004584
-dae	0.4258618476	0.491363018446	0.0369456304871	0.0458295034669
-nim	0.362384178089	0.232696475645	0.0741439567248	0.330775389541
-ggo	0.10985915493	0.622535211268	0.250704225352	0.0169014084507
-tan	0.353832910908	0.178351107073	0.224522978337	0.243293003682
-tai	0.32800628766	0.299711815562	0.33455593398	0.0377259627981
-tak	0.349723232286	0.170050332414	0.0891359836298	0.39109045167
-tae	0.0716499388701	0.557021409684	0.132495521879	0.238833129567
-ase	0.100436681223	0.183406113537	0.689956331878	0.0262008733624
-yis	0.122041420118	0.741740631164	0.101701183432	0.034516765286
-mna	0.294757681257	0.289986980292	0.139164117659	0.276091220792
-tat	0.431844888367	0.382277534451	0.126589039633	0.0592885375494
-tau	0.171613398921	0.373666158314	0.019688443261	0.435031999504
-yia	0.267857142857	0.589285714286	0.0357142857143	0.107142857143
-tas	0.0427725652143	0.931206824509	0.0214622551919	0.00455835508501
-mia	0.276410487084	0.46523583087	0.0151008867755	0.24325279527
-enu	0.184024645644	0.127381148859	0.0190637522283	0.669530453269
-mik	0.427188341721	0.332853520269	0.0725844122701	0.16737372574
-mim	0.310193995023	0.583250815847	0.0980307739997	0.00852441513043
-ens	0.0	1.0	0.0	0.0
-mis	0.0145044319097	0.963738920226	0.0217566478646	0.0
-miu	0.616061095048	0.170561002599	0.091469745252	0.121908157101
-mit	0.467906988595	0.333238810456	0.0719473646502	0.126906836299
-ene	0.0599265308769	0.0646795423468	0.00666322813274	0.868730698644
-eng	0.413878819265	0.464319005697	0.047229414811	0.0745727602279
-ena	0.189710198219	0.136436714084	0.0317945480857	0.642058539611
-oel	0.0	1.0	0.0	0.0
