-edi	0.0	0.994201030928	0.0	0.00579896907217
-eus	0.003300330033	0.943894389439	0.019801980198	0.03300330033
-hem	0.0	1.0	0.0	0.0
-lek	0.0	0.991346985867	0.00865301413325	0.0
-ank	0.186493754042	0.168249429865	0.0322679464924	0.612988869601
-rbe	0.0285714285714	0.971428571429	0.0	0.0
-mua	0.0	0.918260630246	0.0544929131691	0.0272464565846
-lem	0.00664546885167	0.97794073534	0.00221515628389	0.0131986395248
-aus	0.375	0.390625	0.0	0.234375
-aur	0.249557864712	0.586321762165	0.0449663006627	0.11915407246
-aut	0.382410555107	0.313195632203	0.104782153354	0.199611659336
-abu	0.259472817133	0.296540362438	0.443986820428	0.0
-aub	0.466773093542	0.244348567882	0.0812211223449	0.207657216231
-nsi	0.394715380018	0.395732864606	0.107047138718	0.102504616658
-aui	0.503676339305	0.128725815115	0.00932494509266	0.358272900487
-aum	0.363481785703	0.135481086338	0.0372432492852	0.463793878674
-aun	0.290311482417	0.428668267577	0.093734557068	0.187285692938
-put	0.331942101057	0.11535387621	0.0502619660776	0.502442056656
-uab	0.343928129753	0.328718247594	0.0928939999147	0.234459622738
-pur	0.316400564066	0.385079324029	0.157944722187	0.140575389718
-pus	0.0570342205323	0.900380228137	0.0334600760456	0.00912547528517
-uai	0.203883495146	0.480582524272	0.271844660194	0.0436893203883
-nte	0.263237518911	0.394856278366	0.208774583964	0.133131618759
-kia	0.0	1.0	0.0	0.0
-uan	0.526966292135	0.291011235955	0.0404494382023	0.141573033708
-uar	0.436844139243	0.3720978626	0.0508338535628	0.140224144594
-uau	0.444444444444	0.244444444444	0.122222222222	0.188888888889
-i-i	0.489659190213	0.337896883193	0.0559277599767	0.116516166618
-iua	0.416124434529	0.175506157101	0.0303207358422	0.378048672527
-k50	0.197628458498	0.620553359684	0.0355731225297	0.146245059289
-sis	0.0884832607116	0.627728175567	0.209508335633	0.0742802280881
-opa	0.0239341810022	0.955871353777	0.0	0.0201944652207
-imt	0.69450101833	0.30549898167	0.0	0.0
-deg	0.43771043771	0.0942760942761	0.0252525252525	0.442760942761
-msi	0.244024287142	0.504991502916	0.124510029975	0.126474179967
-dek	0.0583329120962	0.905272203407	0.0272961633726	0.00909872112421
-nag	0.667622385048	0.208665179994	0.0828289264097	0.0408835085484
-ima	0.469841454275	0.281102267003	0.104337101238	0.144719177484
-der	0.173915511031	0.0367789641284	0.0100879220104	0.779217602831
-imb	0.4784636388	0.370344051814	0.0902358792307	0.0609564301555
-det	0.152755905512	0.605905511811	0.185826771654	0.0555118110236
-.00	0.168171497967	0.719714170055	0.0840857489836	0.0280285829945
-ior	0.275862068966	0.310344827586	0.103448275862	0.310344827586
-imi	0.164932242265	0.120731963823	0.0247393355435	0.689596458369
-bit	0.0222539370261	0.96138941926	0.00100142716618	0.015355216548
-obi	0.474863600935	0.451091192518	0.0272798129384	0.0467653936087
-bir	0.271694894552	0.532589941423	0.112299119446	0.0834160445789
-bis	0.124162676788	0.760393439702	0.00713017990536	0.108313703605
-ide	0.015873015873	0.857142857143	0.031746031746	0.0952380952381
-ida	0.0	1.0	0.0	0.0
-big	0.400497787258	0.271312247736	0.0458814426146	0.282308522391
-bib	0.677419354839	0.306451612903	0.0	0.016129032258
-iou	0.0708661417323	0.929133858268	0.0	0.0
-bia	0.13174404015	0.853199498118	0.00752823086573	0.00752823086577
-bin	0.213719516131	0.6992344337	0.0349862507907	0.0520597993778
-obt	0.163544053556	0.613829357056	0.0914319090623	0.131194680325
-rig	0.192969559261	0.64973101213	0.0797774584823	0.0775219701273
-ter	0.43404488736	0.289972036297	0.0847280612656	0.191255015077
-uta	0.356170212766	0.286382978723	0.288510638298	0.0689361702128
-tet	0.342795232626	0.4291117992	0.125749373034	0.102343595141
-ria	0.0292289087707	0.804931531595	0.012243525734	0.1535960339
-rin	0.381967365153	0.344693859344	0.07225787267	0.201080902833
-ert	0.176616489908	0.738710229217	0.0692781388984	0.0153951419774
-ril	0.0	0.43842364532	0.56157635468	0.0
-rim	0.268151774786	0.524161566707	0.160097919217	0.0475887392901
-rik	0.0712798530312	0.575750153093	0.343417023882	0.00955296999388
-rii	0.253825310806	0.70266177877	0.0	0.043512910424
-tea	0.115163147793	0.833013435701	0.0115163147793	0.0403071017274
-rit	0.178448245525	0.221592789885	0.0229903924326	0.576968572157
-rir	0.353136277978	0.161372779634	0.0595284766825	0.425962465706
-ris	0.0941626943814	0.802141126827	0.0985387200125	0.0051574587794
-nas	0.0728992765721	0.881469115192	0.0255982192543	0.0200333889816
-tei	0.7142560266	0.118453865337	0.100789692436	0.0665004156276
-tem	0.36317092549	0.330486754201	0.14971617158	0.15662614873
-ten	0.0859113059577	0.316728834901	0.101069497674	0.496290361467
-met	0.18744305349	0.193914916587	0.0801335059569	0.538508523967
-ara	0.307406163492	0.131033774309	0.0342368698512	0.527323192348
-mes	0.0678391959799	0.917085427136	0.0150753768844	0.0
-mer	0.245484157536	0.654723127036	0.0731418418715	0.0266508735564
-lus	0.0762790697674	0.886511627907	0.0148837209302	0.0223255813953
-ari	0.266660716889	0.2894478359	0.0663397079578	0.377551739253
-art	0.203210858579	0.28233238432	0.296138825053	0.218317932048
-aru	0.168369829684	0.634063260341	0.143065693431	0.054501216545
-luk	0.013698630137	0.972602739726	0.0	0.013698630137
-mea	0.0	1.0	0.0	0.0
-lun	0.0512820512821	0.401709401709	0.0	0.547008547009
-mel	0.031690140845	0.947183098592	0.0211267605634	0.0
-men	0.118683113172	0.307876242965	0.541947336191	0.0314933076721
-mei	0.430922573062	0.31359627015	0.0817927402184	0.173688416569
-mek	0.0	1.0	0.0	0.0
-aya	0.296703296703	0.428571428571	0.274725274725	0.0
-gis	0.061463959769	0.9105978767	0.0279381635314	0.0
-ayi	0.0972222222222	0.8125	0.0173611111111	0.0729166666667
-wat	0.588281372395	0.223131756227	0.00998746670842	0.178599404669
-tyu	0.027027027027	0.954954954955	0.0	0.018018018018
-rag	0.159692210393	0.59987351112	0.238853167492	0.00158111099399
-mos	0.0	0.974576271186	0.0254237288135	0.0
-gol	0.017316017316	0.731601731602	0.251082251082	0.0
-ubt	0.0792452830188	0.871698113208	0.0490566037735	0.0
-ubu	0.660247592847	0.319119669876	0.0206327372765	0.0
-ubi	0.207528478246	0.639877052456	0.134283132982	0.0183113363158
-uba	0.516099566111	0.360584608358	0.0274035167847	0.0959123087463
-kem	0.136363636364	0.818181818182	0.0454545454545	0.0
--qi	0.2	0.722580645161	0.0483870967742	0.0290322580645
-umt	0.160825001396	0.749106295034	0.0364464056304	0.0536222979389
-oan	0.270291562217	0.253340386226	0.0565979138373	0.41977013772
-oti	0.0281087333719	0.946443030654	0.0117987275882	0.0136495083863
-oam	0.098730606488	0.866423297104	0.00348460964075	0.0313614867668
-uma	0.368391729117	0.200973045082	0.153246753247	0.277388472554
-umb	0.326248908211	0.311948286177	0.19506219854	0.166740607072
-umo	0.342036874092	0.127872475393	0.0438928564121	0.486197794103
-umi	0.421120668344	0.380140102363	0.0935581494235	0.10518107987
ALL	0.224105020365	0.274808955472	0.0514990844154	0.449586939748
-nai	0.125050416976	0.619571772353	0.0400371926473	0.215340618024
-nan	0.343176333119	0.443055115703	0.0542202225595	0.159548328619
-nam	0.144526899436	0.480468682617	0.0306929373007	0.344311480646
-nab	0.487319510234	0.262742415524	0.0548185861111	0.195119488131
-sir	0.378555155883	0.332063435007	0.0763111520943	0.213070257016
-sip	0.0425552173936	0.908673120996	0.0322706589472	0.0165010026628
-kin	0.0281690140845	0.957746478873	0.0140845070423	0.0
-kim	0.0	1.0	0.0	0.0
-sit	0.397025116497	0.48575538776	0.0993233895225	0.0178961062203
-kis	0.0320427236315	0.879839786382	0.0801068090788	0.00801068090788
-sii	0.418116179849	0.224483098129	0.285198555957	0.0722021660649
-ego	0.0920329649004	0.0247326121651	0.0151697691115	0.868064653823
-sin	0.214732708904	0.629029974484	0.0694632783471	0.0867740382649
-sim	0.623376623377	0.285714285714	0.0909090909091	0.0
-nar	0.563672197851	0.297475999746	0.109097844745	0.0297539576578
-sib	0.632605064994	0.167462921498	0.0457800341411	0.154151979368
-sia	0.337800479055	0.477729908145	0.0797877441804	0.104681868619
-eer	0.101785714286	0.780357142857	0.0964285714285	0.0214285714286
-sig	0.232209263049	0.109712762073	0.177160374196	0.480917600682
-nat	0.294832701608	0.221263360801	0.457586932147	0.0263170054434
-nau	0.277208495522	0.483025328124	0.134585787064	0.105180389291
-goi	0.169445226403	0.16981014044	0.049649161219	0.611095471938
--ue	0.515800203874	0.377166156983	0.0764525993884	0.0305810397554
-gok	0.0579710144928	0.942028985507	0.0	0.0
-mot	0.429277206708	0.347999607126	0.10014512913	0.122578057036
-gom	0.250074959087	0.468505487806	0.133713313672	0.147706239435
-mor	0.329349837996	0.494663733818	0.0365163749256	0.13947005326
-gon	0.635770511534	0.198362627289	0.0774255177412	0.0884413434361
-goa	0.28302138839	0.418787941757	0.0964184465587	0.201772223294
-ebe	0.744186046512	0.255813953488	0.0	0.0
-lki	0.0	1.0	0.0	0.0
-mon	0.28181902556	0.381224501607	0.0436460549651	0.293310417867
-mom	0.330296148143	0.0445500493365	0.0336871574722	0.591466645049
-gor	0.242940789832	0.109693392454	0.054773417232	0.592592400481
-gou	0.0471451021477	0.811419591409	0.0	0.141435306443
-got	0.36026811435	0.35327851968	0.116203332945	0.170250033025
-moi	0.175350894059	0.175543164776	0.581811190156	0.0672947510095
-yau	0.0891820096218	0.820802504031	0.0783468121911	0.0116686741561
-yat	0.255135339379	0.492219703215	0.224306128057	0.0283388293487
-yar	0.592101551101	0.0474319326946	0.017185287543	0.343281228662
-ber	0.160269850584	0.223773962019	0.34506606712	0.270890120277
-bes	0.395415671963	0.383121678388	0.0207547846524	0.200707864997
-eor	0.031746031746	0.968253968254	0.0	0.0
-bet	0.332038117204	0.177534171954	0.0504812928155	0.439946418026
-sub	0.384715209904	0.11406008852	0.0623449072815	0.438879794295
-eon	0.0524934383202	0.897112860892	0.0251968503937	0.0251968503937
-yag	0.0806351053661	0.811920694958	0.00498773847625	0.1024564612
-bei	0.399154711389	0.321462248266	0.103589950832	0.175793089513
-ben	0.194843066525	0.435212906638	0.0940056269037	0.275938399934
-lpa	0.117647058824	0.588235294118	0.294117647059	0.0
-bem	0.0	1.0	0.0	0.0
-yam	0.494893079047	0.299743503923	0.133268508722	0.072094908307
-bea	0.488360838498	0.173220817847	0.0360019514527	0.302416392203
-yai	0.238476953908	0.394789579158	0.354709418838	0.0120240480962
-beg	0.724675324675	0.0987012987012	0.0155844155844	0.161038961039
-iso	0.0822669104204	0.864716636198	0.0420475319927	0.0109689213894
-rei	0.456845869729	0.233014570367	0.0667836813161	0.243355878588
-ren	0.307732663515	0.503594774695	0.111520213103	0.0771523486875
-pol	0.037569658567	0.912527226953	0.00226301943368	0.0476400950468
-isi	0.262907290884	0.415132410158	0.0539752587464	0.267985040212
-rem	0.524749010585	0.190604950179	0.0423323770827	0.242313662153
-uam	0.234501973531	0.4225679127	0.32899930346	0.0139308103088
-reg	0.211513720611	0.49749763194	0.233660384827	0.0573282626214
-isa	0.280766878946	0.100026149856	0.0338768440073	0.585330127191
-ama	0.417432279861	0.0917857176927	0.0190607942921	0.471721208154
-rer	0.219125097086	0.174253400677	0.062453415247	0.54416808699
-res	0.1397572637	0.742920191247	0.0915777859508	0.0257447591026
-isu	0.393048128342	0.46256684492	0.112299465241	0.0320855614973
-ist	0.251437494155	0.669815598335	0.0339855074518	0.0447614000584
-ret	0.199792138194	0.211817420738	0.0763712156586	0.512019225409
-reu	0.0	1.0	0.0	0.0
-sos	0.618811881188	0.217821782178	0.0	0.163366336634
-qem	0.64444275758	0.171895682207	0.0154427148815	0.168218845331
-mas	0.0496959165943	0.908948740226	0.0	0.0413553431798
-mar	0.68794378049	0.0760201030024	0.0473581552494	0.188677961258
-mau	0.289714866516	0.423047652551	0.0966871499902	0.190550330943
-ham	0.00851549698428	0.952436983579	0.0348638566398	0.00418366279678
-mai	0.367530413416	0.115317977371	0.0580087828977	0.459142826315
-mak	0.0467794170565	0.944584382872	0.0	0.00863620007196
-has	0.0	1.0	0.0	0.0
-mam	0.283008578251	0.111686761194	0.0406250921204	0.564679568434
-man	0.220960911453	0.643603990073	0.0684738476434	0.0669612508311
-mab	0.417808219178	0.318493150685	0.202054794521	0.0616438356164
-mag	0.179669001055	0.447074547189	0.29310537965	0.0801510721059
-eii	0.388349514563	0.0	0.116504854369	0.495145631068
-uni	0.322883666472	0.300305203556	0.0371074730385	0.339703656933
-und	0.0970728808484	0.338596692665	0.455186306569	0.109144119918
-une	0.400961630251	0.26783662799	0.0799380259487	0.25126371581
-nka	0.329896907216	0.670103092784	0.0	0.0
-pta	0.0	1.0	0.0	0.0
-unt	0.253141668927	0.649217973058	0.0569568755086	0.0406834825061
-uit	0.598746081505	0.222570532915	0.0564263322884	0.122257053292
-gag	0.306733371607	0.324161404084	0.20493315837	0.164172065939
-tra	0.361321788934	0.562834194689	0.0548135221603	0.0210304942166
-gab	0.283400869819	0.0526187782033	0.0144873342822	0.649493017696
-gan	0.401646597742	0.439158475668	0.0340669370978	0.125127989492
-gam	0.295337172583	0.318481258868	0.124143371497	0.262038197052
-tri	0.366659126894	0.37412350147	0.121013345397	0.138204026238
-gai	0.390605563019	0.37627506593	0.0649350649351	0.168184306115
-adi	0.316129032258	0.596774193548	0.0	0.0870967741935
-gau	0.18869971722	0.631975354566	0.0748842408114	0.104440687403
-gat	0.0916652520795	0.714819215753	0.193515532168	0.0
-gas	0.0951731681444	0.0411515579588	0.0534758282001	0.810199445697
-gar	0.24980290856	0.36590549297	0.050781979936	0.333509618535
-lam	0.161394534931	0.76053304617	0.0551891237044	0.0228832951945
-ana	0.140878988561	0.834437086093	0.00361228175798	0.0210716435882
-oui	0.315060483806	0.415600963591	0.0543884127013	0.214950139902
-ini	0.36075277421	0.361231586222	0.0826617969761	0.195353842592
-sel	0.24023271787	0.670679972526	0.0290897337481	0.0599975758555
-sek	0.0	1.0	0.0	0.0
-bel	0.11249598772	0.871584768735	0.00530641451508	0.0106128290302
-sei	0.119680851064	0.880319148936	0.0	0.0
-ina	0.150543629774	0.703930861444	0.0250906049624	0.120434903819
-see	0.223578089747	0.150811448878	0.0586831053576	0.566927356018
-yab	0.363398129769	0.413208095759	0.142971022636	0.0804227518367
-ind	0.102074602329	0.349220866424	0.490356340735	0.0583481905115
-ine	0.386877509749	0.209566462444	0.0475600883195	0.355995939487
-sea	0.0307692307692	0.915384615385	0.0307692307692	0.0230769230769
-ing	0.159991002656	0.697259806687	0.091999706285	0.0507494843722
-set	0.24518420419	0.466931535436	0.204169676539	0.083714583835
-int	0.311037447494	0.61201038124	0.0191573237557	0.0577948475102
-ser	0.548203098775	0.244849083326	0.0193355525525	0.187612265347
-sep	0.0226614414721	0.964900323735	0.00102232066792	0.0114159141251
-yan	0.214862681745	0.667205169628	0.0953150242326	0.0226171243942
-kus	0.0230004144219	0.970368835475	0.00248653128885	0.00414421881475
-kur	0.327092511013	0.50936123348	0.0545154185022	0.109030837004
-iab	0.539463449658	0.143875368345	0.12684546692	0.189815715076
-iam	0.241240219972	0.46737052967	0.250391871273	0.0409973790844
-rsi	0.395990791718	0.416040300101	0.0838487567433	0.104120151437
-net	0.17415605202	0.0944506562095	0.0544046251035	0.676988666667
-ian	0.163683304911	0.714738583299	0.0654808454101	0.0560972663791
-ner	0.470111723659	0.275203354122	0.0805842042103	0.174100718008
-nes	0.105726872247	0.769456681351	0.0734214390602	0.0513950073421
-oon	0.166087366793	0.736558233271	0.0390858552933	0.0582685446423
-iau	0.198202859217	0.668038928815	0.0482142450865	0.0855439668815
-iat	0.157439111946	0.275432153311	0.54393328547	0.0231954492738
-oor	0.546385885031	0.412635173591	0.0	0.0409789413773
-oot	0.465849469449	0.260248296199	0.145793630254	0.128108604099
-ias	0.0412206946624	0.940276834438	0.0042157528632	0.0142867180364
-iar	0.438331136649	0.335548323319	0.0601345364045	0.165986003628
-nub	0.505329355687	0.327672652984	0.052687736327	0.114310255001
-kum	0.0289389067524	0.913183279743	0.0	0.0578778135048
-nee	0.503816793893	0.0839694656488	0.0	0.412213740458
-neb	0.233027522936	0.612844036697	0.106422018349	0.0477064220183
-uum	0.103035077132	0.443942999761	0.408327298352	0.0446946247555
-bal	0.467741935484	0.370967741935	0.129032258065	0.0322580645161
-bam	0.453531656116	0.230905617694	0.0583076663508	0.257255059839
-bai	0.338602633218	0.549281556734	0.0528361863442	0.0592796237033
-uue	0.235565819861	0.150115473441	0.551963048499	0.0623556581986
-bag	0.306967579844	0.147660476288	0.0442220424344	0.501149901433
-las	0.052262663569	0.925497905125	0.00833978673975	0.0138996445662
-bab	0.0693641618497	0.375722543353	0.0346820809249	0.520231213873
-hor	0.0	1.0	0.0	0.0
-hos	0.0887573964497	0.600591715976	0.0	0.310650887574
-gsi	0.356726218192	0.451787449063	0.0748659675162	0.116620365229
-gub	0.311344645583	0.0675495758098	0.0147672365417	0.606338542065
-bat	0.014742014742	0.922604422604	0.00737100737103	0.0552825552826
-bau	0.405453103312	0.303014078921	0.0693535593892	0.222179258378
-bar	0.376349112306	0.213802573549	0.0875570180917	0.322291296054
-bas	0.0307746298271	0.924818119238	0.00728872811694	0.0371185228178
-dru	0.010957474563	0.967910253066	0.0	0.0211322723715
-ogi	0.27027027027	0.513513513514	0.0	0.216216216216
-ase	0.0495867768595	0.900826446281	0.0	0.0495867768595
-rel	0.0314606741573	0.906289551853	0.0116234017823	0.0506263722072
-asa	0.03125	0.892361111111	0.0	0.0763888888889
-yes	0.22985715291	0.318649872165	0.0940585931086	0.357434381817
-yer	0.122184552382	0.752207042395	0.0688798630459	0.0567285421772
-qum	0.684274933714	0.248419335101	0.0	0.067305731185
-yet	0.145977872156	0.0565473866643	0.0066934727573	0.790781268422
-asi	0.633302974598	0.203706685663	0.053467014826	0.109523324913
-yei	0.18	0.82	0.0	0.0
-mba	0.503957584663	0.290318655571	0.101990442557	0.103733317208
-qur	0.117311452586	0.659508386166	0.0617992901171	0.161380871131
-qut	0.337687469763	0.356071601355	0.0174165457185	0.288824383164
-mbi	0.257773426489	0.370079503761	0.280275342334	0.091871727416
-lta	0.116504854369	0.825242718447	0.0	0.0582524271843
-rat	0.445256066878	0.4516678841	0.0547845142439	0.048291534778
-rau	0.207721120542	0.5830067001	0.043191138325	0.166081041033
-rar	0.457300012284	0.22404085693	0.0555649875681	0.263094143218
-ras	0.0244413407821	0.925279329609	0.0258379888268	0.0244413407821
-lya	0.183070485999	0.700160926939	0.0669456066945	0.049822980367
-ran	0.195060839331	0.201457764365	0.0257282807227	0.577753115582
-rao	0.176863181313	0.769744160178	0.0266963292547	0.0266963292547
-ral	0.0217391304348	0.684782608696	0.29347826087	0.0
-ram	0.264896528545	0.596341287751	0.075863062371	0.0628991213329
-rak	0.0	1.0	0.0	0.0
-rai	0.0932079921934	0.809122347465	0.0330036176538	0.0646660426881
-era	0.315776664974	0.380792058246	0.177868816135	0.125562460645
-rab	0.458082995727	0.152093488525	0.0534105495432	0.336412966204
-ere	0.437441204139	0.327375352775	0.169332079022	0.065851364064
-raa	0.328358208955	0.402985074627	0.268656716418	0.0
-por	0.540540540541	0.243243243243	0.189189189189	0.027027027027
-pos	0.0181818181818	0.981818181818	0.0	0.0
-pot	0.377358490566	0.622641509434	0.0	0.0
-pou	0.114035087719	0.80701754386	0.078947368421	0.0
-uge	0.740972174489	0.153174657727	0.105853167784	0.0
-uga	0.405783408133	0.546663848726	0.0285316458843	0.0190210972562
-bsi	0.375	0.196428571429	0.214285714286	0.214285714286
-bon	0.173114917905	0.279857384011	0.0405744002786	0.506453297806
-ugi	0.166666666667	0.562841530055	0.122950819672	0.147540983606
-oub	0.424928837948	0.339171052768	0.107533412885	0.128366696399
-ike	0.0	1.0	0.0	0.0
-oug	0.572565829761	0.427434170239	0.0	0.0
-500	0.275675675676	0.27027027027	0.105405405405	0.348648648649
-iko	0.0	1.0	0.0	0.0
-aat	0.434201859035	0.282807582522	0.0427797701822	0.24021078826
-nor	0.382278637468	0.354630618399	0.0805222180084	0.182568526124
-nos	0.0384615384615	0.961538461538	0.0	0.0
-oun	0.353358840797	0.193032094057	0.0619381830856	0.39167088206
-oum	0.303305447328	0.106373701728	0.0533981930863	0.536922657858
-lak	0.0830258302583	0.916974169742	0.0	0.0
-lat	0.0700514787524	0.865953366307	0.0371454527102	0.0268497022307
-our	0.242331361534	0.154379432462	0.0331956399054	0.5700935661
-aan	0.352468427095	0.498277841562	0.0367393800229	0.11251435132
-iks	0.0451866404715	0.839882121807	0.0383104125737	0.0766208251474
-nom	0.335484404732	0.626292711177	0.0233308513279	0.0148920327625
-non	0.0577605200882	0.240926965377	0.00518985779571	0.696122656739
-out	0.437355280308	0.341681250548	0.139762115459	0.0812013536858
-noa	0.0537400516928	0.937661540036	0.00429920413543	0.00429920413543
-nob	0.0938413038956	0.053599236021	0.0286617172383	0.823897742845
-aab	0.401712039521	0.210863459607	0.0277239399459	0.359700560926
-dot	0.0357142857143	0.928571428571	0.0357142857143	0.0
-dou	0.118344353576	0.714720723856	0.0740603793284	0.0928745432399
-myu	0.0	0.98	0.0	0.02
-gen	0.117779426012	0.431864419826	0.309646141243	0.140710012919
--ig	0.155224575285	0.282988131254	0.129392599488	0.432394693972
-geb	0.0	0.478260869565	0.521739130435	0.0
-gea	0.405379819427	0.380218731908	0.0734042049638	0.140997243701
-bot	0.26179941003	0.548567214496	0.0537294563843	0.13590391909
-bou	0.198137171888	0.791701947502	0.0101608806097	0.0
--is	0.323232323232	0.565656565657	0.0	0.111111111111
--ir	0.310344827586	0.0738916256158	0.0	0.615763546798
-dob	0.122775800712	0.83254250692	0.0241202056149	0.0205614867537
-bor	0.337389654249	0.464179973003	0.0897868426397	0.108643530108
-ges	0.408161827528	0.46939196616	0.0621878308421	0.0602583754699
-ger	0.0663423647036	0.266075401432	0.0169086713601	0.650673562504
-dom	0.0129682997118	0.978386167147	0.00432276657061	0.00432276657061
-dok	0.0	1.0	0.0	0.0
-get	0.428766640023	0.284926665439	0.102947425942	0.183359268596
-sas	0.010721257569	0.741363074502	0.00312074376166	0.244794924167
-sar	0.376136916616	0.414093515235	0.0550299946176	0.154739573532
-sau	0.386464336419	0.340260231632	0.152128527581	0.121146904369
-sat	0.0238734706058	0.855764448423	0.0298418382572	0.0905202427136
-ibt	0.320310877546	0.339332415813	0.202869422279	0.137487284362
-tom	0.454858718125	0.462439696761	0.0827015851137	0.0
-olt	0.195864221615	0.678501755755	0.0819352321498	0.0436987904799
-toi	0.606585788561	0.38301559792	0.0103986135182	0.0
-sab	0.542651992298	0.247006218232	0.0822144880168	0.128127301454
-tot	0.0747663551402	0.757009345794	0.0	0.168224299065
-ibo	0.234	0.658	0.036	0.072
-tor	0.247431991238	0.542559652028	0.148967865503	0.0610404912307
-ibi	0.401338852491	0.383617888468	0.0582570455781	0.156786213463
-sak	0.0	0.997638724911	0.00236127508855	0.0
-ibe	0.362308563816	0.637691436184	0.0	0.0
-sai	0.324764421665	0.520194335442	0.0877979765624	0.0672432663303
-iba	0.388563311794	0.229606498953	0.0589669556432	0.32286323361
-sam	0.134335109563	0.459591351881	0.307527482224	0.0985460563319
-rot	0.0481662591687	0.85935207824	0.0442542787286	0.0482273838631
-rou	0.0530150447713	0.357699039017	0.425057051098	0.164228865114
-iem	0.275893503499	0.556881250503	0.0360350698448	0.131190176154
-iel	0.0434670528383	0.94224105904	0.0118277694798	0.00246411864162
-ror	0.74177746676	0.136459062281	0.037788663401	0.0839748075577
-ien	0.577837254824	0.270562857029	0.0131825989694	0.138417289178
-loe	0.125	0.825	0.025	0.025
-rog	0.235203768175	0.488736432521	0.117550686054	0.15850911325
-roa	0.469800194528	0.236931518321	0.0995319989707	0.19373628818
-rom	0.139851562579	0.691499240458	0.069980692033	0.0986685049307
-lot	0.0206290214313	0.966764354361	0.012606624208	0.0
-ier	0.366478027558	0.469299171362	0.0570635371943	0.107159263885
-iet	0.52860550582	0.174026195547	0.165712159117	0.131656139517
-ipi	0.443566812455	0.362556302631	0.0940009138977	0.0998759710164
-des	0.396694214876	0.603305785124	0.0	0.0
-tog	0.16319677636	0.458697112156	0.233713901948	0.144392209537
-ipa	0.0323468685478	0.928423950447	0.0268410185822	0.0123881624226
-mat	0.533508901609	0.287235421469	0.0568103792555	0.122445297666
-hap	0.0202702702703	0.952702702703	0.027027027027	0.0
-toa	0.640519434939	0.31280161446	0.028253049048	0.018425901553
-aia	0.188151940671	0.711863490267	0.0232651074824	0.076719461579
-qau	0.0269128810506	0.691585163851	0.250704707413	0.0307972476857
-ste	0.202434625789	0.441388638413	0.31830477908	0.0378719567178
-mpa	0.0377358490566	0.962264150943	0.0	0.0
-obo	0.497872340425	0.297872340426	0.102127659574	0.102127659574
-oli	0.0402684563758	0.919463087248	0.0402684563758	0.0
-tou	0.163179916318	0.686192468619	0.0627615062761	0.0878661087866
-200	0.156552125801	0.505882352941	0.0244612696564	0.313104251602
-iok	0.0240408570005	0.940458395615	0.00186846038864	0.0336322869955
-mug	0.384223596273	0.454079098682	0.0307994866752	0.13089781837
-oit	0.163879598662	0.464882943144	0.240802675585	0.130434782609
-ois	0.130434782609	0.869565217391	0.0	0.0
-ion	0.133369233531	0.650332076826	0.0750314126728	0.14126727697
-iom	0.410337045659	0.346842313403	0.170500157476	0.0723204834627
-mub	0.448235294118	0.454117647059	0.0	0.0976470588235
-mum	0.0560747663551	0.943925233645	0.0	0.0
-lea	0.0	1.0	0.0	0.0
-mun	0.203726680447	0.600317357301	0.0849152309965	0.111040731256
-mui	0.964285714286	0.0	0.0	0.0357142857142
-aga	0.458112888149	0.177067196834	0.0528804764121	0.311939438605
-mut	0.0968180054327	0.791850989523	0.0583624369422	0.0529685681024
-mus	0.0693990445059	0.874779984913	0.00905204928337	0.0467689212975
-mur	0.116959064327	0.80701754386	0.0643274853801	0.0116959064328
-ios	0.0443863465647	0.844013696358	0.0448741086148	0.0667258484621
-oin	0.220936639118	0.675482093664	0.0771349862258	0.0264462809918
-les	0.107142857143	0.892857142857	0.0	0.0
-oik	0.16	0.45	0.39	0.0
-oii	0.352811466373	0.448732083793	0.0	0.198456449835
-iot	0.175846242111	0.734079173838	0.0611015490533	0.0289730349971
-eei	0.197109067017	0.802890932983	0.0	0.0
-git	0.120765344052	0.417560178828	0.105705266388	0.355969210732
-ndu	0.219101123596	0.52808988764	0.219101123596	0.0337078651685
-gir	0.320197544745	0.465192202435	0.16534298656	0.0492672662601
-san	0.1026957638	0.833119383825	0.0641848523748	0.0
-ndi	0.113558982576	0.615161225716	0.264970959343	0.00630883236531
-gin	0.35321361977	0.434231665362	0.0953911727007	0.117163542168
-gim	0.589335207089	0.156536674864	0.123745949955	0.130382168092
-ali	0.0	0.989492119089	0.0105078809107	0.0
-eet	0.369426751592	0.235668789809	0.210191082803	0.184713375796
-nde	0.115578227996	0.0554205933936	0.00730724482039	0.82169393379
-gib	0.558871248176	0.244205443757	0.0544532954406	0.142470012627
-gia	0.0125	0.925	0.0625	0.0
-ala	0.003300330033	0.996699669967	0.0	0.0
-qob	0.233164177415	0.310484128913	0.011418370992	0.44493332268
-qoa	0.466192849818	0.208614562713	0.0466264399342	0.278566147535
-iga	0.408197038274	0.291448516579	0.0882394657676	0.212114979379
-yor	0.301306719668	0.527001310949	0.070622066224	0.101069903159
-qoi	0.481501057083	0.216701902748	0.213002114165	0.0887949260042
-yop	0.152542372881	0.745762711865	0.0508474576271	0.0508474576271
-qon	0.460977831764	0.461715326884	0.0429482451954	0.0343585961563
-qor	0.0504438005585	0.850536887234	0.08780957875	0.0112097334575
-yon	0.0346279844648	0.935298022799	0.0119119482233	0.0181620445133
-yom	0.596226415094	0.2	0.0	0.203773584906
-yoa	0.067264573991	0.717488789238	0.192825112108	0.0224215246637
-pel	0.0927800269905	0.854082321188	0.0303643724696	0.0227732793522
-pen	0.0	0.98	0.0	0.02
-loi	0.0	0.9625	0.0	0.0375
-ogt	0.14598540146	0.641119221411	0.152068126521	0.0608272506082
-elt	0.611111111111	0.3	0.0	0.0888888888889
-pet	0.368453230079	0.504585286326	0.0452414917464	0.0817199918483
-iyo	0.1346367687	0.0293033051233	0.0253998416522	0.810660084524
-eli	0.0	0.967987804878	0.00914634146341	0.0228658536585
-pep	0.230088495575	0.663716814159	0.0176991150442	0.0884955752212
-pes	0.238993710692	0.698113207547	0.0377358490566	0.0251572327044
-oga	0.832167832168	0.167832167832	0.0	0.0
-ela	0.0	1.0	0.0	0.0
-iya	0.00139762403913	0.995807127883	0.00139762403913	0.00139762403913
-amt	0.107167664132	0.646529659145	0.0951155456211	0.151187131101
-uon	0.760408483896	0.209965211536	0.0	0.0296263045674
-100	0.468030690537	0.150895140665	0.0358056265985	0.3452685422
-est	0.21746898263	0.517816377171	0.189677419355	0.0750372208437
-ito	0.239612188366	0.55540166205	0.00277008310249	0.202216066482
-esi	0.488875537004	0.339180733842	0.0823193952994	0.0896243338548
-tes	0.623134328358	0.186567164179	0.123134328358	0.0671641791044
-k20	0.0197159957751	0.914564018308	0.0	0.0657199859171
-rib	0.508990809558	0.290018228909	0.071215975534	0.129774985999
-esa	0.500087888908	0.404992089998	0.0105466690104	0.0843733520829
-ite	0.231484764233	0.338937508164	0.046229777388	0.383347950215
-ita	0.0471861954164	0.902979939313	0.005767201662	0.0440666636083
-spa	0.0479041916168	0.832335329341	0.119760479042	0.0
-bru	0.0359820089955	0.91604197901	0.0359820089955	0.0119940029985
-uda	0.036670940584	0.781105151134	0.131640910691	0.0505829975907
-bri	0.397477546341	0.42733613606	0.055274221288	0.119912096312
-abt	0.142637335219	0.575622738803	0.236619952593	0.0451199733855
-hum	0.0	1.0	0.0	0.0
--se	0.547945205479	0.13698630137	0.0	0.315068493151
-wor	0.3	0.283333333333	0.333333333333	0.0833333333333
-wot	0.107055554129	0.0811181674836	0.0116079579354	0.800218320452
-aba	0.409300551413	0.0696494517794	0.0275034567407	0.493546540067
-wob	0.254237288136	0.677966101695	0.0677966101695	0.0
-ron	0.0157279808268	0.951318154584	0.0194727381666	0.013481126423
-wog	0.358361774744	0.267319711006	0.172199813838	0.202118700412
-tub	0.331152718249	0.551545228965	0.0953079178886	0.0219941348973
-tug	0.266113984897	0.152087793219	0.506464483512	0.0753337383716
-sou	0.185817465528	0.751149047932	0.0512147078135	0.0118187787262
-bub	0.38056254579	0.479676998057	0.0551874621731	0.0845729939795
-tum	0.0279912848756	0.842114022877	0.0526538764147	0.0772408158324
-ort	0.229375844695	0.635795179058	0.0149205137154	0.119908462531
-oru	0.152298672029	0.499582487122	0.221092262108	0.127026578741
-sol	0.0720567375887	0.860520094563	0.00510638297872	0.06231678487
-los	0.0531506849315	0.904109589041	0.00986301369864	0.0328767123288
-son	0.0167158308751	0.972631923959	0.00737463126845	0.0032776138971
-tut	0.124727382116	0.717154245318	0.109235165827	0.0488832067384
-kop	0.00254129606099	0.995764506565	0.0	0.001694197374
-kos	0.107936507936	0.847619047619	0.031746031746	0.0126984126984
-ora	0.208249485501	0.684932496947	0.0776028332642	0.0292151842878
-rur	0.012190567937	0.92219143386	0.0581791810536	0.00743881714959
-rus	0.0639413514802	0.908772621924	0.00542433058829	0.0218616960074
-lip	0.00467380720546	0.990068159688	0.00175267770204	0.00350535540409
-rut	0.266580813205	0.548864272043	0.0508885505211	0.133666364232
-omt	0.161085484016	0.757024212011	0.0309939251743	0.050896378798
-ruk	0.0	1.0	0.0	0.0
-omi	0.205692821476	0.207531979782	0.067574034895	0.519201163847
-rui	0.315992292871	0.356454720617	0.200385356455	0.127167630058
-run	0.422873294573	0.240656569711	0.0552280192302	0.281242116486
-rum	0.240298507463	0.412935323383	0.183582089552	0.163184079602
-rub	0.371449982598	0.401971568407	0.0782698481461	0.148308600849
-omb	0.513785075358	0.234897684107	0.13809582159	0.113221418944
-oma	0.476026690514	0.284790534498	0.0247643943042	0.214418380684
-rua	0.469696969697	0.530303030303	0.0	0.0
-lia	0.0730140186916	0.886682242991	0.0	0.0403037383178
-lib	0.0506134969325	0.874233128834	0.0751533742331	0.0
-ear	0.554901960784	0.26862745098	0.0176470588235	0.158823529412
-eau	0.639157801209	0.170431689716	0.0545286446312	0.135881864444
--ar	0.36402696496	0.202607600563	0.18201348248	0.251351951997
-144	0.0286532951289	0.209169054441	0.0171919770773	0.744985673353
-uor	0.420619990185	0.275587545668	0.126404111456	0.177388352691
-oda	0.0589301903898	0.94106980961	0.0	0.0
-eab	0.641086084719	0.172270055052	0.0252260280864	0.161417832143
-rna	0.0	0.945945945946	0.0540540540541	0.0
--ab	0.460674157303	0.539325842697	0.0	0.0
-eam	0.0214488061514	0.962768110077	0.00485633346823	0.0109267503035
-rni	0.0	1.0	0.0	0.0
-uri	0.134923136244	0.101328435865	0.0189746243167	0.744773803575
-bua	0.32275862069	0.51724137931	0.16	0.0
-uro	0.467889908257	0.0642201834862	0.0275229357798	0.440366972477
-ura	0.410414834102	0.221604916552	0.0487882590729	0.319191990273
-rga	0.0	1.0	0.0	0.0
-urt	0.241823468671	0.330585068145	0.179519187558	0.248072275626
-uru	0.411234244142	0.455359106675	0.0660688605025	0.0673377886811
-anb	0.107468477825	0.690018668009	0.0675042847222	0.135008569444
-pai	0.0314977973568	0.957525697504	0.00229074889868	0.00868575624082
-wau	0.0442292430319	0.870391211218	0.0304655835521	0.054913962198
-dus	0.0	1.0	0.0	0.0
-war	0.481649018197	0.403001953326	0.0370103834687	0.0783386450087
-pan	0.0128328521014	0.884504331088	0.083413538659	0.0192492781521
-wap	0.0955414012739	0.732484076433	0.171974522293	0.0
-api	0.210846281201	0.596042171531	0.157642079403	0.0354694678655
-agi	0.575363298412	0.219330855019	0.0735045623522	0.131801284218
-dua	0.175182481752	0.737226277372	0.0	0.0875912408759
-wab	0.222045907356	0.182408412559	0.068847195559	0.526698484526
-wan	0.0508132777881	0.895852681296	0.0355560272773	0.0177780136386
-par	0.480125523013	0.410041841004	0.0345188284519	0.0753138075314
-pas	0.0369410680795	0.854422035793	0.101851801991	0.00678509413706
-pat	0.272164948454	0.576082474227	0.079175257732	0.0725773195877
-wai	0.13231339351	0.627817158788	0.0638482329543	0.176021214748
-nun	0.36201615149	0.314675577833	0.259816207185	0.0634920634921
-num	0.38911339828	0.438147974375	0.0273841096801	0.145354517664
-sen	0.426406229888	0.473580898443	0.0405457587849	0.0594671128846
-suu	0.387990762125	0.379214780601	0.111224018476	0.121570438799
-kel	0.178294573643	0.821705426357	0.0	0.0
-sus	0.0176622102294	0.967619281246	0.00588740340979	0.0088311051147
-sur	0.0	0.790794979079	0.209205020921	0.0
-sun	0.574073422266	0.255218049347	0.0788427017704	0.0918658266165
-sum	0.51282051282	0.410256410256	0.0769230769231	0.0
-ket	0.208768267223	0.594989561587	0.146137787056	0.0501043841336
-tun	0.0535714285714	0.946428571429	0.0	0.0
-sui	0.172342192691	0.630813953488	0.178571428571	0.0182724252492
-iit	0.458333333333	0.458333333333	0.0833333333334	0.0
-sue	0.173673493832	0.298319159979	0.377889567613	0.150117778576
-sor	0.0	1.0	0.0	0.0
-nus	0.0653594771242	0.921568627451	0.0130718954248	0.0
-sua	0.23615916955	0.589965397924	0.0570934256056	0.11678200692
-die	0.770967741936	0.177419354839	0.00645161290322	0.0451612903226
-dig	0.401960784314	0.264705882353	0.205882352941	0.127450980392
-dia	0.0880709019043	0.891142990417	0.0101475486305	0.0106385590481
-tur	0.178947368421	0.821052631579	0.0	0.0
-ori	0.213319499715	0.317405058947	0.0572117543918	0.412063686947
-dir	0.268131515714	0.627064207009	0.0462884959649	0.0585157813113
-dis	0.00475377036676	0.980984918533	0.0	0.0142613111003
-inb	0.457746478873	0.471830985916	0.056338028169	0.0140845070422
-oro	0.277293614324	0.288147678656	0.174694977024	0.259863729995
-ukt	0.38232994527	0.580140734949	0.0187646598906	0.0187646598906
-ond	0.262255940232	0.407902337582	0.25532406516	0.0745176570262
-ova	0.121633362294	0.781308179223	0.0297877621943	0.0672706962889
-igu	0.296872158574	0.299448384555	0.0287931138995	0.374886342971
-ant	0.183847439696	0.442497450581	0.0236698142393	0.349985295484
-ait	0.185672852702	0.517598076887	0.0332128535294	0.263516216881
-ngu	0.44731064764	0.311745334797	0.0428100987925	0.198133918771
-ais	0.189928188192	0.37439459326	0.067255120599	0.368422097949
-tis	0.0	0.991915925627	0.00808407437348	0.0
-qag	0.0299625468165	0.00749063670413	0.940074906367	0.0224719101123
-qab	0.0334982797536	0.949838473395	0.0137428840015	0.00292036285031
-nga	0.677215189873	0.175754625122	0.0613437195716	0.0856864654333
-dne	0.142857142857	0.607142857143	0.0892857142857	0.160714285714
-tia	0.304029304029	0.512820512821	0.0	0.18315018315
-tib	0.633802816901	0.25	0.0211267605634	0.0950704225352
-aib	0.0463947540205	0.363529373374	0.143364629811	0.446711242794
-aim	0.0357142857143	0.964285714286	0.0	0.0
-ngi	0.173205741627	0.601913875598	0.150717703349	0.0741626794259
-tin	0.520682672838	0.231993057564	0.117153601388	0.130170668209
-ain	0.0308270215121	0.929777316903	0.0140913963698	0.0253042652151
-aii	0.394366197183	0.408450704225	0.140845070423	0.056338028169
-qas	0.225845561297	0.0688214640893	0.0415943531352	0.663738621478
-qar	0.0230769230769	0.976923076923	0.0	0.0
-eme	0.0	0.979784366577	0.0202156334232	0.0
-ema	0.373320837238	0.353014682912	0.100281162137	0.173383317713
-emb	0.213975114136	0.265501137475	0.451538673301	0.0689850750877
-emi	0.171686492871	0.668016535898	0.0803172192694	0.0799797519615
-ems	0.00375939849625	0.993421052632	0.00093984962406	0.00187969924812
-das	0.0474680832834	0.89932310856	0.00205637905921	0.0511524290978
-ins	0.065625	0.921875	0.0125	0.0
-amb	0.0577504031197	0.0136349118751	0.00257527348765	0.926039411518
-ses	0.0371637026904	0.941366469068	0.000911992704061	0.0205578355373
-ont	0.267107577942	0.582820333064	0.096961680401	0.0531104085925
-lel	0.0	1.0	0.0	0.0
-000	0.144846289455	0.372374104351	0.0268004099044	0.45597919629
-eta	0.0667976424361	0.565815324165	0.13163064833	0.235756385069
-o-o	0.36821192053	0.554966887417	0.0238410596026	0.0529801324503
-ete	0.451718973153	0.0679706735052	0.00647925602471	0.473831097318
-lis	0.0412621359223	0.827669902913	0.0291262135923	0.101941747573
-buk	0.0809882809584	0.878890796447	0.0246323803837	0.0154885422109
-bui	0.0879674711162	0.892688896492	0.00690844014	0.012435192252
-bun	0.202206112607	0.16177898165	0.460637564978	0.175377340765
-bul	0.0524041058887	0.947595894111	0.0	0.0
-lim	0.0	1.0	0.0	0.0
-uya	0.202597402597	0.703896103896	0.0662337662338	0.0272727272727
-wer	0.236842105263	0.605263157895	0.147368421053	0.0105263157895
-bum	0.317307692308	0.519230769231	0.0288461538461	0.134615384615
-bug	0.146551724138	0.831896551724	0.0215517241379	0.0
-don	0.0034188034188	0.989743589744	0.0	0.0068376068376
-300	0.365871833085	0.153502235469	0.0223546944858	0.45827123696
-wes	0.0851006807044	0.519949530201	0.12015739088	0.274792398214
-wei	0.540243423636	0.180604632901	0.150765606596	0.128386336867
-lio	0.0	1.0	0.0	0.0
-wen	0.445359281437	0.217814371257	0.123502994012	0.213323353293
-ata	0.224241535981	0.70064487762	0.0685182471054	0.00659533929357
-bur	0.0989501040339	0.2071562646	0.0678675158419	0.626026115525
-bus	0.0	1.0	0.0	0.0
-but	0.254392146381	0.49507933808	0.0291594780453	0.221369037494
-ati	0.377593360996	0.439834024896	0.132780082988	0.0497925311203
-nir	0.345663199959	0.534453609304	0.0859162866951	0.0339669040422
-nis	0.093023255814	0.883720930233	0.0232558139535	0.0
-k10	0.135823429542	0.550084889643	0.0509337860781	0.263157894737
-osa	0.0	1.0	0.0	0.0
-nit	0.0958890528856	0.0693996312697	0.0127449938393	0.821966322005
--pi	0.366666666667	0.433333333333	0.0666666666666	0.133333333333
-iai	0.334500514933	0.576519052523	0.0790937178167	0.00988671472708
-osi	0.306847417376	0.474470611518	0.123688897685	0.0949930734217
-nib	0.390043717142	0.561010274142	0.013099905009	0.0358461037066
-ost	0.154639175258	0.762886597938	0.0618556701031	0.020618556701
-nia	0.110802364438	0.813372981218	0.0474841155851	0.0283405387589
-nig	0.150474237375	0.827992822353	0.0046142014868	0.0169187387849
-kas	0.0821917808219	0.890410958904	0.027397260274	0.0
-kar	0.0504201680672	0.81512605042	0.0	0.134453781513
-nin	0.23187459177	0.653004572175	0.0759307642064	0.0391900718484
-nil	0.0294733081555	0.8673701133	0.103156578545	0.0
-nim	0.106168434486	0.427821756766	0.374635336444	0.0913744723036
-nen	0.181187188129	0.211108072468	0.143599461368	0.464105278035
-nou	0.0313402258198	0.0341776894297	0.0129829228941	0.921499161856
-asb	0.046511627907	0.860465116279	0.093023255814	0.0
-qib	0.373319249037	0.0613999086049	0.0220161587838	0.543264683575
-nba	0.273764258555	0.564850021124	0.0709759188847	0.0904098014365
-ate	0.266666666667	0.686274509804	0.0470588235294	0.0
-ome	0.017094017094	0.82905982906	0.017094017094	0.136752136752
-nut	0.170417778396	0.660443657053	0.0307359226263	0.138402641925
-iap	0.0	0.983277591973	0.00836120401337	0.00836120401338
-mra	0.556561085973	0.226244343891	0.0	0.217194570136
-nei	0.409110836311	0.315232741324	0.094810928598	0.180845493767
-ire	0.383458646617	0.327151211362	0.015037593985	0.274352548037
-ika	0.0	1.0	0.0	0.0
