-'jɛ	0.87898089172	0.0636942675159	0.0191082802548	0.0382165605096
-tɔe	0.167997633836	0.355220349009	0.430641821946	0.0461401952085
-tɔo	0.178237129485	0.460023400936	0.265795631825	0.0959438377535
-tɔn	0.381244137359	0.496625706084	0.105626081346	0.0165040752104
-'jɔ	0.0839745668603	0.384464950814	0.0261898444333	0.505370637892
-‑tɩ	0.150004059895	0.292179326509	0.0891247039937	0.468691909603
-ɛsɩ	0.0197080291971	0.970802919708	0.00656934306569	0.0029197080292
-adɛ	0.205360215273	0.677210438261	0.0884954329734	0.0289339134921
-ua'	0.407130500466	0.428027020102	0.0765771192731	0.0882653601582
-adɩ	0.0640923369169	0.86081712746	0.0602184774533	0.0148720581702
-'jɩ	0.386534606027	0.173673224535	0.0450849368006	0.394707232637
-‑jʋ	0.343160690571	0.322443559097	0.166533864542	0.16786188579
-aui	0.0377358490566	0.962264150943	0.0	0.0
-aum	0.0	1.0	0.0	0.0
-‑tɛ	0.0418725715795	0.916506343757	0.0298011995926	0.0118198850705
-auo	0.0771172825338	0.815928391095	0.0986917603856	0.00826256598577
-aun	0.371621621622	0.538288288288	0.0563063063063	0.0337837837838
-flɩ	0.0677540777917	0.770388958595	0.161856963613	0.0
-ʋɩ"	0.103448275862	0.862068965517	0.0	0.0344827586207
-"pɛ	0.0363636363637	0.945454545455	0.00962566844919	0.00855614973264
-ɛnɩ	0.0470324748041	0.938857782755	0.00873460246361	0.00537513997761
-tɔ'	0.381503097292	0.359770233578	0.0936600849236	0.165066584206
-ʋɩn	0.846153846154	0.102564102564	0.0512820512821	0.0
-blɛ	0.433173190518	0.247696306214	0.242734504214	0.0763959990549
-blɔ	0.612113164398	0.28350116189	0.0280329017742	0.0763527719376
-blɩ	0.344190502258	0.507869166553	0.121253592446	0.0266867387437
-"pɩ	0.322404371585	0.302595628415	0.164617486339	0.210382513661
-flɛ	0.157035175879	0.503768844221	0.0603015075377	0.278894472362
-au"	0.174618789966	0.563698967044	0.215937038859	0.0457452041318
-seɛ	0.298667399368	0.128863854925	0.0280258277236	0.544442917983
-au'	0.0654627539503	0.880361173815	0.0248306997743	0.0293453724605
-‑wa	0.427884615385	0.254807692308	0.245192307692	0.0721153846154
-seɔ	0.690544412607	0.0859598853868	0.0515759312321	0.171919770774
-bɩɔ	0.0695187165775	0.631016042781	0.0320855614973	0.267379679144
-blʋ	0.190519944863	0.670089258838	0.0885135154605	0.0508772808379
-bɩɛ	0.66568914956	0.312316715542	0.0	0.0219941348973
-ɩmɩ	0.21690061173	0.211843941473	0.0909974770662	0.480257969731
-seʋ	0.0217640320733	0.969072164948	0.00916380297824	0.0
-idi	0.265342960289	0.734657039711	0.0	0.0
-ide	0.0054054054054	0.977027027027	0.00608108108108	0.0114864864865
-ida	0.0368932038835	0.933721682848	0.00996763754045	0.0194174757281
-kpi	0.167156372243	0.729408213018	0.0157079569661	0.087727457773
-dʋ‑	0.476303317536	0.447867298578	0.0616113744076	0.0142180094787
-uuɛ	0.547429027907	0.245446255643	0.134294951505	0.0728297649461
-kpo	0.0980081846866	0.880404541045	0.00950362603926	0.0120836482286
-uuɔ	0.147424511545	0.767317939609	0.0106571936057	0.0746003552398
-idu	0.483582089552	0.453731343284	0.0179104477612	0.044776119403
-kpe	0.256221616712	0.310172570391	0.160217983651	0.273387829246
-bɩɩ	0.543720190779	0.391096979332	0.0620031796503	0.00317965023847
-'jʋ	0.619047619048	0.357142857143	0.0238095238095	0.0
-‑jɩ	0.25304493574	0.180054604279	0.175435621678	0.391464838303
-iwɩ	0.0678294573643	0.660852713178	0.0	0.271317829457
-"ma	0.735420938297	0.181225889581	0.0142110326241	0.0691421394979
-raɛ	0.027912169706	0.929661332341	0.0424264979531	0.0
-‑jɛ	0.208117615186	0.138763574378	0.0564026449119	0.596716165525
-‑jɔ	0.116768501739	0.165281995396	0.0769579272176	0.640991575648
-ɔe"	0.389830508475	0.152542372881	0.457627118644	0.0
-‑sɩ	0.6875	0.191810344828	0.0862068965517	0.0344827586207
-"mu	0.373295454545	0.140909090909	0.430113636364	0.0556818181818
-bɔa	0.680617495712	0.258319039451	0.0195540308748	0.0415094339623
-ikɩ	0.00830220008303	0.976753839768	0.00249066002491	0.0124533001245
-ɛ'ɛ	0.215671565452	0.626112456098	0.0806424114297	0.0775735670201
-ɔdɛ	0.0198523904059	0.956052360025	0.0106857193742	0.013409530195
-roɛ	0.695913841186	0.221564162707	0.0376872108206	0.0448347852865
-iju	0.217391304348	0.64347826087	0.0	0.139130434783
-ieɩ	0.0936068512248	0.725154351723	0.169288986258	0.0119498107947
-ɔdɩ	0.125443786982	0.765680473373	0.0899408284024	0.0189349112426
-toɛ	0.513086830079	0.28389419748	0.0523473203158	0.150671652126
-ʋɩ'	0.623157894737	0.204210526316	0.0378947368421	0.134736842105
-lʋi	0.448230759705	0.427814067241	0.0542303882112	0.069724784843
-lʋn	0.0558751027116	0.832374691865	0.0517666392769	0.0599835661462
-ofi	0.0429447852761	0.855828220859	0.0736196319018	0.0276073619632
-lʋa	0.149916295074	0.456164727521	0.015962490969	0.377956486436
-yai	0.359649122807	0.421052631579	0.149122807017	0.0701754385965
-lʋ‑	0.0	0.614973262032	0.160427807487	0.224598930481
-ya'	0.904761904762	0.0952380952381	0.0	0.0
-ya"	0.55223880597	0.402985074627	0.0	0.044776119403
-lʋ'	0.35807860262	0.310043668122	0.122270742358	0.2096069869
-ufɔ	0.0740740740741	0.637037037037	0.0222222222222	0.266666666667
-‑te	0.558692936968	0.140812042662	0.0248752640218	0.275619756348
-‑ta	0.140324014536	0.117319144167	0.0135536790615	0.728803162236
-ɛn"	0.38905155695	0.32851695289	0.242769043239	0.0396624469206
-‑to	0.506409130817	0.28077260755	0.0877963125548	0.125021949078
-ɛn'	0.414841031631	0.29901383479	0.220422447677	0.0657226859014
-‑ti	0.0710540115365	0.337178814892	0.497378080755	0.094389092816
-‑tu	0.306351382632	0.243799077652	0.0616085895907	0.388240950126
-fʋi	0.0356818869066	0.880556395525	0.071061384941	0.0127003326278
-ui"	0.316046966732	0.460861056752	0.173189823875	0.0499021526419
-ui'	0.526485490557	0.307692307692	0.0672501151543	0.098572086596
-laa	0.391076573444	0.422367822614	0.0940897958947	0.0924658080476
-ade	0.215753424657	0.676369863014	0.0205479452055	0.0873287671233
-adi	0.00269129042736	0.971927056749	0.00055681870911	0.0248248341144
-tɔɔ	0.657395895274	0.298709840172	0.0139647188136	0.0299295457412
-'ja	0.275090467363	0.0588082632448	0.0485851988784	0.617516070514
-'je	0.235027636848	0.0100938094107	0.00224756828347	0.752630985457
-fli	0.312148583451	0.364929081873	0.20212573004	0.120796604636
-sem	0.0	1.0	0.0	0.0
-ɛni	0.0200400801603	0.967935871743	0.0120240480962	0.0
-sei	0.108887687038	0.713719127456	0.168739859383	0.00865332612223
-fla	0.804659216118	0.0876751141193	0.0226664567921	0.0849992129702
-see	0.29627714233	0.218138379443	0.091036910051	0.394547568176
-sea	0.286281410279	0.0486121488164	0.0451659809463	0.619940459958
-lai	0.37712188408	0.482795534485	0.0623948615997	0.0776877198349
-kpʋ	0.590134203845	0.21138919115	0.0460645629307	0.152412042075
-jɛi	0.334730598685	0.209547029385	0.191603575859	0.264118796071
-uia	0.108280254777	0.891719745223	0.0	0.0
-flu	0.287285845576	0.712714154424	0.0	0.0
-blo	0.553093259464	0.261372730071	0.122745460141	0.0627885503233
-bli	0.379093198992	0.403052656831	0.110801247451	0.107052896725
-ble	0.487026427607	0.102359464932	0.103082483039	0.307531624422
-bla	0.660778885745	0.136750799657	0.0217337815551	0.180736533042
-fʋ‑	0.618243243243	0.280405405405	0.0608108108108	0.0405405405405
-‑wɩ	0.0658025922233	0.676969092722	0.0777666999003	0.179461615154
-"pa	0.338912133891	0.55230125523	0.0251046025105	0.0836820083682
-srɛ	0.371038812676	0.311951001757	0.195858573253	0.121151612315
-uuo	0.603682170543	0.237403100775	0.00581395348837	0.153100775194
-kpɛ	0.0906318225728	0.428857912652	0.169498065832	0.311012198944
-uue	0.0162676743705	0.147444284976	0.0161197864216	0.820168254232
-kpɔ	0.715901173084	0.111962717169	0.0403211988989	0.131814910848
-iɔ‑	0.229386611263	0.550769453772	0.0555649505955	0.164278984369
-idɛ	0.249431268871	0.71812958481	0.00786203342576	0.024577112894
-ra'	0.133037694013	0.755543237251	0.059866962306	0.0515521064302
-idɩ	0.0748227857183	0.871249431976	0.0367030876588	0.0172246946469
-ʋɩ‑	0.126989282234	0.783371224424	0.0483923351738	0.0412471581682
-kpɩ	0.243398957524	0.454539620516	0.217871836741	0.0841895852199
-bɩn	0.0341160832964	0.963225520603	0.00265839610102	0.0
-iɔ'	0.600044338252	0.179742345493	0.0605956105131	0.159617705742
-iɔ"	0.605263157895	0.394736842105	0.0	0.0
-‑ju	0.141379310345	0.289655172414	0.434482758621	0.134482758621
-uu'	0.272551546392	0.313466494845	0.402384020619	0.0115979381443
-uu"	0.175138708698	0.144470974687	0.526126921909	0.154263394706
-ran	0.31825862924	0.410144720995	0.254846195594	0.0167504541705
-eri	0.0	1.0	0.0	0.0
-iwa	0.507272727273	0.187272727273	0.201818181818	0.103636363636
-ram	0.0	1.0	0.0	0.0
-‑ji	0.562605752961	0.357021996616	0.080372250423	0.0
-rai	0.410852762655	0.530173156581	0.0530766726875	0.00589740807638
-era	0.0	1.0	0.0	0.0
-rae	0.302949061662	0.640750670241	0.0563002680965	0.0
-‑ja	0.47524345083	0.30187902894	0.0332601837882	0.189617336442
-raa	0.0576687725959	0.664457053797	0.25036099116	0.0275131824466
-iɔn	0.164648529643	0.712376159774	0.0902657650574	0.032709545526
-bɩ'	0.4027417962	0.459412780656	0.0616364421416	0.0762089810017
-uu‑	0.134887514069	0.801401601789	0.0388018883093	0.0249089958326
-to'	0.243625277162	0.733237732575	0.0101224332401	0.013014557023
-ro‑	0.487390882638	0.483511154219	0.0145489815713	0.0145489815713
-iko	0.0129338219444	0.96982108213	0.0172450959258	0.0
-ɛ'‑	0.218371906749	0.603094304625	0.0	0.178533788626
-iki	0.238095238095	0.714285714286	0.047619047619	0.0
-iku	0.162944582299	0.382547559967	0.42193961952	0.0325682382134
-non	0.0	1.0	0.0	0.0
-kle	0.381981538545	0.495243629925	0.0796413461546	0.0431334853753
-ie‑	0.582846081997	0.264582204903	0.0563745658323	0.0961971472672
-noe	0.0185614849188	0.981438515081	0.0	0.0
-ie"	0.265134115763	0.513200868118	0.04326541506	0.178399601059
-ie'	0.42623259315	0.331012420023	0.190816710576	0.0519382762514
-ro'	0.499863611566	0.385570103655	0.0452809601745	0.0692853246045
-to‑	0.508851697785	0.258247073619	0.0943213698365	0.13857985876
-toe	0.0	0.873417721519	0.0506329113924	0.0759493670885
-ɔwɩ	0.18202247191	0.201123595506	0.539325842697	0.0775280898876
-too	0.462406015038	0.345864661654	0.0802005012532	0.111528822055
-toi	0.401347449471	0.438883541867	0.0962463907604	0.0635226179018
-lʋʋ	0.609289162644	0.188113867155	0.0990511070417	0.10354586316
-iei	0.312529153069	0.364799521828	0.114944616393	0.20772670871
-kbɔ	0.0570135746606	0.372850678733	0.570135746606	0.0
-ijɔ	0.0833388441173	0.855491265373	0.0574750649085	0.00369482560126
-roa	0.410089566569	0.289215331623	0.0688324722088	0.2318626296
-roo	0.588905775076	0.346504559271	0.0	0.0645896656535
-lʋɛ	0.227005827946	0.124823438743	0.0117839021726	0.636386831139
-lʋɔ	0.210257159556	0.623611922852	0.083869082408	0.0822618351841
-'ʋn	0.0455726811625	0.0174840339247	0.00114069133679	0.935802593576
-lʋɩ	0.328934967012	0.499528746466	0.12629594722	0.0452403393025
-‑ɩa	0.230220397857	0.257078080221	0.0802425090864	0.432459012835
-‑ɩn	0.168812805803	0.0485554987411	0.00491700295919	0.777714692496
-lei	0.105506347584	0.810991138288	0.0285121176456	0.054990396482
-mua	0.412397186716	0.0924141837673	0.019267690185	0.475920939332
-lea	0.440644768326	0.277517554291	0.0664184295168	0.215419247867
-mui	0.301857585139	0.394736842105	0.0743034055728	0.229102167183
-lee	0.431512016381	0.299978445953	0.178090311456	0.0904192262098
-mɔu	0.132422906584	0.764285787684	0.0680456651972	0.0352456405356
-muu	0.412445969578	0.300986570759	0.215956709671	0.0706107499918
-mɔi	0.340425531915	0.234042553191	0.425531914894	0.0
-ɩɛn	0.604702838949	0.164444591846	0.0604713894048	0.1703811798
-oin	0.188953488372	0.595930232558	0.209302325581	0.00581395348836
-mɔa	0.261692650334	0.270740534521	0.391471789161	0.0760950259837
-sʋɛ	0.533632286996	0.27802690583	0.188340807175	0.0
-pʋn	0.569352790153	0.139169631807	0.0356168725953	0.255860705444
-pe'	0.278918290201	0.40633905205	0.314742657749	0.0
-pʋi	0.577660008153	0.111699959234	0.244598450876	0.0660415817367
-pʋa	0.534678436318	0.312316099201	0.0504413619168	0.102564102564
-‑ʋn	0.0231561635182	0.0169975189487	0.00193128970127	0.957915027832
-‑ʋa	0.242114749174	0.296785821568	0.0877140282367	0.373385401021
-mu'	0.782570932253	0.0764331210191	0.0178054429647	0.123190503764
-le'	0.319575945807	0.619340369242	0.0179691613327	0.0431145236187
-crʋ	0.0581661163322	0.875946151892	0.0155448310897	0.0503429006858
-kpa	0.469275921377	0.0805612755778	0.0361530569707	0.414009746075
-mɔ'	0.516370439663	0.146866230122	0.303086997194	0.0336763330215
-pʋ‑	0.135511162154	0.359426246134	0.0587342331693	0.446328358543
-pee	0.204026197749	0.14100143515	0.00960211329469	0.645370253806
-pea	0.204419889503	0.662983425414	0.132596685083	0.0
-oi‑	0.0392156862745	0.725490196078	0.117647058824	0.117647058824
-pʋ'	0.551686652852	0.328158440058	0.0321024560927	0.088052450997
-mɔ‑	0.254730713246	0.309558466764	0.269771955361	0.165938864629
-pei	0.0410404432819	0.0544625498369	0.0257038229287	0.878793183953
-mu‑	0.540983606557	0.295081967213	0.16393442623	0.0
-le‑	0.268292682927	0.585365853659	0.146341463415	0.0
-nɛ'	0.340573804019	0.0475677411731	0.514383883312	0.0974745714952
-crɛ	0.554918815664	0.388729703916	0.028653295129	0.0276981852913
-crɔ	0.0	0.475409836066	0.44262295082	0.0819672131147
-kɩn	0.336531184159	0.318796408043	0.103503999018	0.241168408779
-ae‑	0.349661764134	0.503939307327	0.0825157597215	0.0638831688167
-esi	0.00525775261367	0.748559723046	0.0032599144548	0.242922609886
-nɩa	0.255911101579	0.0206843993325	0.0151824708966	0.708222028191
-iti	0.103986135182	0.493934142114	0.173310225303	0.2287694974
-ajɔ	0.194202898551	0.684057971015	0.063768115942	0.0579710144927
-‑ke	0.0383158672354	0.0227853790544	0.07353637573	0.86536237798
-nɩi	0.302576524995	0.326359832636	0.240695881964	0.130367760405
-‑ka	0.779139910488	0.114613738081	0.0544853084257	0.0517610430045
-ita	0.0	0.97342192691	0.0265780730897	0.0
-faa	0.432989690722	0.4	0.167010309278	0.0
-ae'	0.195837000661	0.479343846078	0.0735101771549	0.251308976106
-fae	0.0972378052038	0.845416822497	0.0573453722997	0.0
-'oo	0.148026315789	0.506990131579	0.1171875	0.227796052631
-fai	0.504672897196	0.0280373831775	0.0	0.467289719626
-fan	0.270420038736	0.551866324263	0.131729574252	0.0459840627492
-uda	0.0812182741116	0.807106598985	0.0710659898477	0.0406091370558
-nɛ‑	0.37558685446	0.558685446009	0.0140845070422	0.0516431924883
-crɩ	0.796873440183	0.149595385921	0.0250917220688	0.0284394518267
-n'‑	0.195995376124	0.213979257266	0.159053657996	0.430971708614
-‑bo	0.0625912847173	0.0309063075912	0.0105146191044	0.895987788587
-'ka	0.416654657813	0.162535451548	0.0394952823007	0.381314608338
-nɛi	0.0973003374578	0.877390326209	0.00843644544432	0.0168728908886
-nɩ'	0.32679447169	0.552831029871	0.0722246990638	0.0481497993759
-nɔɔ	0.5	0.376068376068	0.0128205128205	0.111111111111
-aea	0.663493027499	0.164367392589	0.138964928537	0.033174651375
-nɩ‑	0.474717669495	0.099592492257	0.038978729066	0.386711109182
-aee	0.0923076923078	0.389743589744	0.0	0.517948717949
-ojɔ	0.326431288146	0.434794496889	0.141529649406	0.0972445655596
-dbɔ	0.869998998232	0.0613920993884	0.010164281834	0.0584446205457
-tee	0.548048048048	0.216625716626	0.136158886159	0.0991673491673
-usɩ	0.0	1.0	0.0	0.0
-kre	0.0530973451327	0.946902654867	0.0	0.0
-cɛi	0.0796070289158	0.510963690687	0.365371955234	0.0440573251633
-ɛtɩ	0.03726003726	0.95058995059	0.00931500931501	0.002835002835
-cɛn	0.270429419598	0.331479980104	0.193468218067	0.204622382231
-iɛ'	0.16121242195	0.215684638607	0.179898999131	0.443203940312
-iɛ"	0.613331622506	0.282735613011	0.0577404247129	0.0461923397703
-eɛi	0.554140127389	0.140127388535	0.267515923567	0.0382165605096
-eɛn	0.0217917675545	0.963680387409	0.0133171912833	0.00121065375303
-ɛɔ'	0.328767123288	0.58904109589	0.0547945205479	0.027397260274
-iɛ‑	0.649887374635	0.210070078763	0.0419392027679	0.0981033438341
-eaa	0.428404441847	0.301578024547	0.206896551724	0.0631209818819
-wɛ‑	0.432459706859	0.182167943384	0.142428853342	0.242943496415
-eai	0.499092558984	0.250453720508	0.141560798548	0.10889292196
-ean	0.467609015991	0.294875293347	0.103913114665	0.133602575997
-wɛe	0.0163776939029	0.020528997638	0.00189450912446	0.961198799335
-uri	0.0	1.0	0.0	0.0
-cɛ"	0.194997986665	0.111225500057	0.222245816562	0.471530696716
-wɛa	0.421265822785	0.373670886076	0.0592405063291	0.14582278481
-cɛ'	0.562075110554	0.209722130552	0.126394297406	0.101808461488
-wɛi	0.164447951656	0.759038332583	0.0549541859992	0.021559529761
-pɩn	0.0951276102088	0.890951276102	0.0	0.0139211136891
-eɛ'	0.466342900258	0.193038464122	0.129720374443	0.210898261178
-iɛn	0.410911353304	0.35231779119	0.207362690749	0.0294081647577
-iɛi	0.0133474846326	0.968266231722	0.00305917792397	0.0153271057211
-eɛ‑	0.422778470439	0.488957252399	0.0526618796512	0.0356023975107
-a"‑	0.233949168113	0.413289782587	0.0881902623252	0.264570786976
-"ko	0.279963752564	0.195545380837	0.0667715934564	0.457719273143
-"ka	0.0542168674699	0.746987951807	0.198795180723	0.0
-ɛɔn	0.345070422535	0.443661971831	0.0633802816901	0.147887323944
-"ke	0.266796875	0.179296875	0.4822265625	0.0716796875
-ea"	0.121141525917	0.172393709959	0.622597553873	0.0838672102504
-kmʋ	0.234162195959	0.623125976072	0.0812951305162	0.0614166974519
-ea'	0.421300897393	0.319417684818	0.0754654683672	0.183815949422
-"ku	0.156743389766	0.700336059857	0.110963160231	0.0319573901465
-ari	0.280373831776	0.551401869159	0.168224299065	0.0
-ɔi'	0.583333333333	0.3875	0.0	0.0291666666667
-ɔi"	0.430878602338	0.249253879676	0.201584450488	0.118283067498
-ɔi‑	0.65536442279	0.292532564383	0.0178979815054	0.0342050313214
-dɩɩ	0.139554087531	0.549958711809	0.168455821635	0.142031379026
-jɛa	0.397694524496	0.0835734870316	0.50144092219	0.0172910662824
-iiɛ	0.351482138296	0.223210339569	0.100138874844	0.325168647291
-iiɔ	0.257303370786	0.407303370787	0.320224719101	0.0151685393258
-klu	0.108406976019	0.121125593372	0.0291716668202	0.741295763789
-ɔe'	0.310626702997	0.435967302452	0.232970027248	0.0204359673025
-kli	0.274373881932	0.572003577818	0.0771466905188	0.0764758497316
-cnɛ	0.0614496074242	0.846731867197	0.0754477805439	0.016370744835
-ɔin	0.335727211602	0.414099308842	0.111352921338	0.138820558217
-kla	0.530973451327	0.176991150442	0.212389380531	0.0796460176991
-cnɩ	0.0438871473354	0.956112852665	0.0	0.0
-enɩ	0.357575757576	0.212121212121	0.284848484849	0.145454545454
-jɛ'	0.382100920343	0.457949857188	0.124404950809	0.0355442716598
-ʋin	0.176470588235	0.617647058824	0.205882352941	0.0
-pɛe	0.0896953313404	0.760212135907	0.040065321651	0.110027211101
-mɔɔ	0.448610983772	0.345649582837	0.0984688732007	0.107270560191
-muɔ	0.689329268293	0.221036585366	0.0	0.0896341463414
-leɛ	0.568481140485	0.225581574351	0.0614458029479	0.144491482216
-muɛ	0.162630188511	0.0140894794532	0.00600804545726	0.817272286578
-000	0.0160183066361	0.382659547419	0.0320366132723	0.569285532672
-peɛ	0.160475482912	0.358098068351	0.4279346211	0.0534918276374
-ogɩ	0.0	1.0	0.0	0.0
-'ɩn	0.0355995801424	0.0280612563933	0.00132019924863	0.935018964216
-ɛɛi	0.429569277027	0.121027446597	0.285584484289	0.163818792087
-n'ɔ	0.224229141475	0.576254534462	0.13376662636	0.0657496977026
-ɛɛn	0.319752340143	0.242584337125	0.0944917856007	0.343171537132
-ɛɛa	0.361125048657	0.345657570884	0.0657390839039	0.227478296555
-udɛ	0.0980392156863	0.901960784314	0.0	0.0
-ʋɛn	0.550146604788	0.182275383988	0.123885900697	0.143692110526
-aʋ"	0.0717821782178	0.764851485149	0.029702970297	0.133663366337
-jɔe	0.113537117904	0.799126637555	0.0873362445415	0.0
-‑kɩ	0.910714285714	0.0892857142857	0.0	0.0
-itɩ	0.0554009277667	0.890656063618	0.0324718356527	0.0214711729622
-nɩɩ	0.410890347244	0.396727467053	0.0374076472202	0.154974538483
-nɩɛ	0.672862753314	0.0356477376903	0.00969081366224	0.281798695334
-nɔ"	0.0600500242847	0.656785481159	0.03191558415	0.251248910407
-aja	0.48021342819	0.263672743442	0.192085371276	0.064028457092
-cro	0.488742091497	0.420429732207	0.0583895419045	0.0324386343913
-cri	0.674824002682	0.203654039557	0.0310090512906	0.09051290647
-aju	0.0654366776121	0.737048498736	0.109317048971	0.0881977746805
-udɩ	0.025	0.903571428571	0.025	0.0464285714285
-cra	0.619319486826	0.249040259868	0.0820290711028	0.049611182203
-aʋn	0.089983672654	0.667461967904	0.1445384021	0.0980159573427
-aʋm	0.0220385674931	0.964187327824	0.00826446280992	0.00550964187326
-dba	0.73917651667	0.215058408792	0.0207944517407	0.0249706227967
-pʋʋ	0.446357720997	0.422234565942	0.0257102047294	0.105697508332
-dbo	0.49876831268	0.388525375111	0.0540090116801	0.0586973005293
-ɛɛ"	0.0765088624636	0.891518958941	0.0158178146735	0.0161543639219
-dbi	0.391797876236	0.536799707067	0.0186744782131	0.052727938484
-ɛɛ'	0.103360833211	0.0793567404095	0.0336719140198	0.783610512359
-dbu	0.441533236293	0.46288209607	0.0470645317807	0.0485201358564
-‑ʋʋ	0.126172801183	0.0888678830954	0.022935292648	0.762024023074
-aeɛ	0.578454490332	0.142019807317	0.212558108199	0.0669675941521
-ojo	0.660674157303	0.0606741573034	0.0	0.278651685393
-rɛɛ	0.50153217569	0.252808988764	0.0178753830439	0.227783452502
-ɛɛ‑	0.283579278543	0.150795385381	0.194230608374	0.371394727703
-'kɛ	0.163674321503	0.438830897704	0.023382045929	0.374112734864
-nɛɛ	0.635510204082	0.253714285714	0.0184489795918	0.0923265306122
-ɛta	0.0802675585284	0.919732441472	0.0	0.0
-oɛ'	0.615516705402	0.29516423413	0.0287764337073	0.0605426267608
-dʋɩ	0.150655021834	0.53711790393	0.312227074236	0.0
-ue‑	0.564102564103	0.435897435897	0.0	0.0
-ɛti	0.183098591549	0.774647887324	0.0281690140845	0.0140845070422
-ɛtu	0.307042253521	0.667605633803	0.0253521126761	0.0
-usu	0.148936170213	0.808510638298	0.0425531914893	0.0
-"ji	0.324572670685	0.537298685901	0.0977670190693	0.0403616243454
-epe	0.195733615408	0.118838791191	0.426168334141	0.259259259259
-epo	0.922954725973	0.077045274027	0.0	0.0
-nnʋ	0.291366906475	0.485611510791	0.194244604317	0.0287769784172
-aʋ'	0.0569715142429	0.839580209895	0.0194902548726	0.0839580209895
-ue'	0.0276991801259	0.0414822275776	0.0685007095151	0.862317882781
-oɛ‑	0.654849328944	0.293492023297	0.025069637883	0.0265890098759
-"ju	0.0207477136511	0.798559278186	0.00290232409416	0.177790684068
-ue"	0.0122448979592	0.984126984127	0.0	0.00362811791384
-n'ɛ	0.30701754386	0.69298245614	0.0	0.0
-ʋ"‑	0.55223880597	0.244776119403	0.167164179104	0.0358208955224
-oɛe	0.486746987952	0.253012048193	0.144578313253	0.115662650602
-wie	0.0590431738623	0.805484247375	0.0963827304551	0.0390898483081
-"kɛ	0.286871961102	0.518638573744	0.106969205835	0.0875202593192
-"kɩ	0.0	0.963855421687	0.0361445783133	0.0
-uee	0.372093023256	0.337209302326	0.139534883721	0.151162790698
-wɛɛ	0.42675893887	0.369088811995	0.175317185698	0.0288350634371
-iin	0.296121825517	0.201091392458	0.340523775098	0.162263006926
-iie	0.384897360704	0.501152073733	0.0718475073314	0.0421030582321
-jɛɛ	0.834319526627	0.0471561405627	0.0135853157831	0.104939017027
-iia	0.494122443507	0.284117729041	0.113744486166	0.108015341286
-kma	0.61060403443	0.279566044488	0.0749062964986	0.0349236245833
-ɔʋn	0.0948150556935	0.767244331024	0.11408392185	0.0238566914326
-tam	0.0	1.0	0.0	0.0
-tan	0.127446368084	0.796371220675	0.0421528039141	0.0340296073266
-tai	0.39599170698	0.446786454734	0.030407740152	0.126814098134
-ii'	0.132788481638	0.726010635315	0.117901080356	0.023299802691
-taa	0.441148061267	0.314612943287	0.0248378639437	0.219401131503
-ii"	0.378162107547	0.505256747428	0.0808963347058	0.0356848103193
-klɩ	0.00653594771242	0.993464052288	0.0	0.0
-tau	0.0787191460974	0.837891927952	0.0500333555703	0.0333555703802
-cna	0.140618879749	0.759498629064	0.0975323149236	0.00235017626322
-dɩ"	0.174273858921	0.707468879668	0.0248962655602	0.0933609958506
-klɛ	0.497767857143	0.433779761905	0.061755952381	0.00669642857143
-klɔ	0.223035952064	0.699375192052	0.0683703779576	0.00921847792686
-dʋʋ	0.260869565217	0.608695652174	0.0	0.130434782609
-tɛn	0.302302872488	0.508720535981	0.127892152874	0.0610844386579
-ene	0.00956937799043	0.985645933014	0.0	0.00478468899521
-ii‑	0.419064563022	0.355068720309	0.0916457313235	0.134220985346
-ena	0.0	1.0	0.0	0.0
-‑kɔ	0.285022977077	0.41636758463	0.124401091349	0.174208346944
-lɔi	0.251110954363	0.530577696268	0.0754743598788	0.14283698949
-lɔn	0.30211616389	0.446195407474	0.205763169743	0.0459252588924
-uɩ"	0.476047904192	0.387724550898	0.0928143712574	0.0434131736527
-uɩ'	0.645878594249	0.181597444089	0.0559744408946	0.116549520767
-trɩ	0.0	0.942471590909	0.0575284090908	0.0
-inɩ	0.56557043504	0.25756510802	0.0804601953241	0.0964042616159
-pua	0.0787878787878	0.864646464647	0.0565656565656	0.0
-pun	0.133474576271	0.832627118644	0.0254237288136	0.00847457627117
-ɔkɩ	0.00582605076987	0.98252184769	0.0	0.0116521015397
-lɔ'	0.481183169004	0.231356756006	0.26246354673	0.02499652826
-cre	0.00307692307692	0.993846153846	0.0	0.00307692307692
-nma	0.554455445545	0.326732673267	0.0990099009901	0.019801980198
-nmi	0.241855256269	0.624323695387	0.108659607889	0.0251614404561
-nmu	0.200392927308	0.793713163065	0.00589390962672	0.0
-ɩa‑	0.47533632287	0.14798206278	0.262331838565	0.114349775785
-bɛɛ	0.269513991163	0.41584262571	0.136755733221	0.177887649905
-dee	0.172068457201	0.201002135156	0.511644202357	0.115285205286
-dei	0.327835861984	0.34161070071	0.033717955135	0.296835482171
-e'‑	0.511549835221	0.28430219025	0.0814894201865	0.122658554343
-ɛin	0.153940691405	0.751427212179	0.0793688550587	0.0152632413574
-inʋ	0.602973568282	0.125550660793	0.0	0.271475770925
-ji'	0.851442184974	0.0626223091976	0.0229728579937	0.0629626478346
-ji"	0.622599334558	0.12843800984	0.186529296147	0.0624333594543
-ltɩ	0.0816326530612	0.551020408163	0.0408163265306	0.326530612245
-bie	0.122614797489	0.740489966761	0.0132955804506	0.1235996553
-bia	0.0	0.967741935484	0.0322580645161	0.0
-ɩɔ'	0.486304197526	0.210647261586	0.228314772168	0.0747337687207
-lu"	0.149416909621	0.612708719852	0.174264510999	0.0636098595282
-ɩɔ"	0.205479452055	0.232876712329	0.178082191781	0.383561643836
-bii	0.187526337969	0.739148756848	0.0530973451328	0.0202275600506
-'kɩ	0.607394366197	0.181338028169	0.0528169014085	0.158450704225
-rɩɩ	0.44801980198	0.277227722772	0.193069306931	0.0816831683168
-ɛi"	0.331808410371	0.282382542353	0.294981313603	0.0908277336727
-ɛi'	0.254743400145	0.498820049715	0.107989050061	0.138447500079
-ɛi‑	0.551223934723	0.296464188577	0.0843155031732	0.0679963735268
-e'a	0.293100985573	0.532066847593	0.0822739608627	0.0925582059705
-jii	0.511135543635	0.249933859644	0.0731052225958	0.165825374124
-luu	0.787676207694	0.152911544786	0.024841015737	0.0345712317826
-jia	0.753591442727	0.0636405724196	0.0658172043754	0.116950780478
-de‑	0.569204270058	0.0469022952306	0.0177224882185	0.366170946493
-bi"	0.127238095238	0.814476190476	0.024	0.0342857142857
-lun	0.284953624184	0.668155273102	0.0252490553075	0.0216420474064
-lua	0.559677200597	0.302387088024	0.0484199104842	0.0895158008951
-mei	0.0	1.0	0.0	0.0
-rɩɛ	0.792988313856	0.158597662771	0.0183639398998	0.0300500834725
-kɔu	0.63829787234	0.31914893617	0.0425531914894	0.0
-rɔm	0.0	1.0	0.0	0.0
-rɔn	0.0646425073457	0.884427032321	0.0274240940254	0.0235063663075
-rɔi	0.011135857461	0.926503340757	0.0534521158129	0.00890868596881
-kɔa	0.620817843866	0.223048327137	0.0260223048327	0.130111524164
-kɔn	0.323046541103	0.341232646565	0.182155805111	0.153565007221
-kɔi	0.0	1.0	0.0	0.0
-ɛdʋ	0.544964028777	0.314748201439	0.140287769784	0.0
-sro	0.406725380304	0.500400320256	0.0600480384307	0.0328262610088
-sri	0.049189211722	0.127697416872	0.0112551586144	0.811858212792
-sra	0.0789473684211	0.90350877193	0.0175438596491	0.0
-'nɛ	0.495076586433	0.146334792123	0.15590809628	0.202680525164
-'nɔ	0.285413390787	0.221293951038	0.0301911186103	0.463101539565
-rɔ'	0.0574285190141	0.200145827575	0.0465073138669	0.695918339544
-rɔ"	0.0333333333333	0.933333333333	0.0333333333333	0.0
-'mi	0.17033773862	0.0242290748899	0.00807635829662	0.797356828194
-‑nʋ	0.134570265914	0.202988499854	0.0249859006739	0.637455333558
-olɩ	0.0	1.0	0.0	0.0
-kɔ'	0.171670163139	0.340693732454	0.0292775701672	0.45835853424
-yni	0.565540246178	0.178222392728	0.104895605074	0.15134175602
-ɛjɔ	0.116503515787	0.775954777334	0.0860333655039	0.021508341376
-aka	0.354285714286	0.218151260504	0.0625210084034	0.365042016807
-sʋn	0.287935994803	0.492291133382	0.10407976823	0.115693103584
-ʋwɩ	0.191994203949	0.616011592103	0.119543560949	0.0724506429994
-aku	0.264317180617	0.319383259912	0.38986784141	0.0264317180617
-ɛ"i	0.262103505843	0.248747913189	0.439065108514	0.0500834724541
-‑nɔ	0.0670629108167	0.419259733327	0.0215152104	0.492162145456
-ɛwɩ	0.375	0.294117647059	0.0441176470588	0.286764705882
-‑nɛ	0.108008998525	0.0296672429817	0.0530895157396	0.809234242754
-‑nɩ	0.5746761547	0.0182272129905	0.00199067849419	0.405105953815
-ɛdɛ	0.022698037263	0.946636789908	0.0140254782356	0.0166396945931
-ama	0.0267005721551	0.959949141767	0.00667514303879	0.00667514303879
-'nʋ	0.0890207715133	0.775667655787	0.0890207715132	0.0462908011869
-ɛdɩ	0.138017400475	0.595834431848	0.144608489322	0.121539678355
-"ii	0.406779661017	0.237288135593	0.0847457627118	0.271186440678
-sɛ‑	0.358988493075	0.58092744436	0.054020533315	0.00606352924963
-in"	0.396617702969	0.303525418485	0.117970830181	0.181886048365
-in'	0.281176651346	0.33083307726	0.209209158489	0.178781112905
-gaa	0.241181296144	0.640689089418	0.0984413453651	0.019688269073
-gai	0.0	1.0	0.0	0.0
-lɔɔ	0.494997367035	0.334386519221	0.151658767772	0.0189573459716
-‑ae	0.167633104903	0.0693199789141	0.0142329994729	0.74881391671
-gau	0.0	1.0	0.0	0.0
-nsɩ	0.00427350427351	0.987179487179	0.0	0.008547008547
-yʋa	0.388247639035	0.38037775446	0.196747114376	0.0346274921301
-yaa	0.467731629393	0.220447284345	0.237699680511	0.0741214057508
-usa	0.22641509434	0.735849056604	0.0377358490566	0.0
-ini	0.370864042653	0.603261721813	0.00470440646071	0.0211698290732
-yʋ‑	0.257142857143	0.685714285714	0.0285714285714	0.0285714285714
-ɔku	0.558139534884	0.209302325581	0.18023255814	0.0523255813953
-eie	0.494372064167	0.215013737481	0.194097314544	0.0965168838075
-wi"	0.0685892589754	0.796701207398	0.0606001066568	0.0741094269702
-nmɔ	0.15648731712	0.523043995575	0.247225416068	0.0732432712369
-ga'	0.302325581395	0.302325581395	0.046511627907	0.348837209302
-rɩ'	0.186848567614	0.151414013987	0.357303391429	0.30443402697
-okɩ	0.0	0.964285714286	0.0357142857143	0.0
-ʋku	0.0176743372124	0.848280689474	0.11724560329	0.0167993700236
-bɛi	0.233076263925	0.559554413025	0.166238217652	0.0411311053985
-bɛn	0.11968503937	0.829921259843	0.0377952755905	0.0125984251968
-bɛa	0.423000623874	0.280280673223	0.214283210778	0.0824354921244
-deɛ	0.592344497608	0.275598086124	0.0401913875598	0.0918660287081
-dri	0.00995024875622	0.616915422886	0.373134328358	0.0
-meɔ	0.0315457413249	0.940063091483	0.018927444795	0.00946372239747
-luɛ	0.835496775247	0.0996090383796	0.0298437060622	0.0350504803113
-rɩa	0.709779549719	0.182340525328	0.0079151031895	0.0999648217635
-bɛ‑	0.255646452072	0.450382358172	0.0320113818247	0.261959807932
-luɔ	0.463428905793	0.452311293154	0.0	0.0842598010532
-jiɛ	0.705946264658	0.0992183273752	0.0437433274467	0.15109208052
-jiɔ	0.569620253165	0.084388185654	0.236286919831	0.10970464135
-ʋjɔ	0.126984126984	0.587301587302	0.285714285714	0.0
-'na	0.883256234577	0.0301935056002	0.000169223974444	0.0863810358482
-ɩɛ'	0.422883064516	0.401713709677	0.0645161290323	0.110887096774
-kɩ‑	0.466666666667	0.355555555556	0.177777777778	0.0
-sa'	0.553722922639	0.323239626377	0.0461254458152	0.0769120051682
-ɩɛ"	0.475083056478	0.232558139535	0.0730897009967	0.21926910299
-srɔ	0.209782608696	0.696739130435	0.0673913043478	0.0260869565217
-kɔɔ	0.56103286385	0.323943661972	0.0551643192488	0.0598591549296
-ɩɛ‑	0.0747438215792	0.341671689773	0.563994374121	0.0195901145268
-srɩ	0.227528089888	0.620786516854	0.151685393258	0.0
-kɔɛ	0.259259259259	0.222222222222	0.407407407407	0.111111111111
-rɔɔ	0.464339908953	0.535660091047	0.0	0.0
-kɛn	0.243707796194	0.74248004911	0.00184162062615	0.01197053407
-rɔɛ	0.536082474227	0.113402061856	0.350515463918	0.0
-yɩʋ	0.311475409836	0.590163934426	0.0655737704918	0.0327868852459
-sau	0.0511363636363	0.710227272727	0.238636363636	0.0
-kɛ‑	0.168	0.448	0.048	0.336
-'mɩ	0.157001414427	0.417256011315	0.383309759547	0.0424328147101
-oli	0.0192307692308	0.980769230769	0.0	0.0
-saa	0.236104951905	0.28846924111	0.199166730716	0.276259076269
-lfe	0.0	1.0	0.0	0.0
-sae	0.151515151515	0.787878787879	0.0606060606061	0.0
-ola	0.0330502639431	0.966949736057	0.0	0.0
-sai	0.0595361033	0.804948385379	0.115122003444	0.020393507877
-akɔ	0.0	1.0	0.0	0.0
-sao	0.43449197861	0.387700534759	0.157754010695	0.0200534759358
-san	0.0714289894511	0.87918810113	0.0254854544295	0.0238974549894
-akɩ	0.0144737748983	0.970225377352	0.00510028258323	0.0102005651665
-sʋɩ	0.0345039231624	0.868204966574	0.0773850007465	0.0199061095168
-kɩi	0.0053908355795	0.258760107817	0.735849056604	0.0
-ʋdɩ	0.267503134332	0.608119926603	0.0303193005665	0.0940576384987
-'mɔ	0.229951222064	0.075562394816	0.0048742425419	0.689612140578
-'mɛ	0.503280500721	0.0418224441204	0.0116230098238	0.443274045335
-kɛ'	0.0416634189954	0.911164347447	0.0192338552532	0.027938378304
-sʋʋ	0.39603960396	0.564356435644	0.019801980198	0.019801980198
-‑na	0.633550604747	0.0711290506618	0.010982428115	0.284337916477
-'mʋ	0.577512776831	0.315161839864	0.03066439523	0.0766609880749
-‑ni	0.109433962264	0.845283018868	0.0	0.0452830188679
-uɛi	0.249077490775	0.487084870849	0.0830258302583	0.180811808118
-srʋ	0.0313332346848	0.803307191477	0.148157738976	0.0172018348624
-be"	0.0843023255814	0.878875968992	0.0106589147287	0.0261627906977
-ɔɩn	0.674451369008	0.177993592411	0.0460263423096	0.101528696271
-be'	0.0959692898273	0.891554702495	0.00383877159309	0.00863723608445
-ɔpʋ	0.0873525145728	0.756537007533	0.0898430530455	0.0662674248483
-ɛdi	0.621644652748	0.317426501917	0.018747337026	0.0421815083085
-ɔju	0.644247787611	0.355752212389	0.0	0.0
-ɩfɔ	0.0879120879121	0.714285714286	0.175824175824	0.021978021978
-aɔn	0.0749999999999	0.925	0.0	0.0
-tbɩ	0.428571428571	0.3625	0.107142857143	0.101785714286
-tbɔ	0.465	0.535	0.0	0.0
-ɩa'	0.396640929589	0.304277922561	0.0438285613513	0.255252586498
-ɩa"	0.300151855123	0.16316139992	0.463452096728	0.0732346482293
-tbɛ	0.384346959123	0.491026919242	0.0373878364905	0.0872382851446
-emɔ	0.267135887387	0.190954170999	0.06128529153	0.480624650084
-ɔmʋ	0.0240549828179	0.92439862543	0.0164948453608	0.0350515463918
-nbʋ	0.177257525084	0.802675585284	0.0200668896321	0.0
-ɩan	0.364900957243	0.420766689147	0.0977994672639	0.116532886345
-eli	0.00221141088014	0.996461742592	0.0	0.00132684652808
-uʋn	0.159806295399	0.0145278450363	0.784503631961	0.0411622276029
-tu‑	0.502646206218	0.451078428765	0.00957421345177	0.0367011515651
-ko‑	0.297688251994	0.521157225902	0.0365012843045	0.144653237799
-tu"	0.437554461937	0.202961622834	0.100810255304	0.258673659925
-ko"	0.0321531100478	0.967846889952	0.0	0.0
-eɔ'	0.638371589433	0.224989172802	0.0781723689909	0.0584668687744
-rʋ'	0.0436249051053	0.252748955762	0.117934721653	0.58569141748
-tua	0.0204081632653	0.959183673469	0.0204081632653	0.0
-gba	0.550412685211	0.299678168817	0.116347396874	0.0335617490982
-koa	0.246105919003	0.710280373832	0.018691588785	0.02492211838
-koo	0.68085106383	0.248226950355	0.0496453900709	0.0212765957447
-gbi	0.0430457675001	0.933923376003	0.013983020016	0.00904783648093
-ɔmɔ	0.211886619889	0.120971817622	0.0216351686597	0.645506393829
-tun	0.638989169675	0.229602888087	0.0779783393502	0.0534296028881
-mʋi	0.145100502513	0.691268844221	0.115263819095	0.0483668341709
-tuu	0.0267944832102	0.147719790628	0.782183266449	0.0433024597129
-gbu	0.0500147196496	0.914196990001	0.0217137849827	0.0140745053663
-mʋa	0.635444272369	0.203918836475	0.0313942397942	0.129242651362
-eɔn	0.0243902439024	0.975609756098	0.0	0.0
-jea	0.350338997527	0.0988121153041	0.0328935714711	0.517955315698
-jee	0.310342869554	0.113095990131	0.0419341970964	0.534626943219
-wɩ'	0.421875	0.1875	0.390625	0.0
-jei	0.194330377383	0.563104636874	0.149796506212	0.0927684795312
-omu	0.471641653623	0.329941994292	0.0736580425375	0.124758309548
-lin	0.56146179402	0.221313570151	0.179401993355	0.0378226424738
-lii	0.234912657561	0.660681716857	0.0839784379686	0.020427187614
-pa‑	0.27497621313	0.629876308278	0.0951474785918	0.0
-oma	0.0	0.996527777778	0.0	0.00347222222222
-ome	0.00980392156863	0.970588235294	0.0196078431373	0.0
-ɔɔa	0.532707963139	0.316511012852	0.0833712136865	0.0674098103227
-ɔɔi	0.0317873408309	0.898224742076	0.060507482108	0.00948043498466
-ɔɔn	0.14729910205	0.0911048393918	0.111991202504	0.649604856054
-pa'	0.442880376872	0.306320453143	0.139083618417	0.111715551567
-du"	0.296577946768	0.136882129278	0.0	0.566539923954
-du'	0.0719822812846	0.828349944629	0.0764119601329	0.0232558139535
-ilɩ	0.110267314702	0.844167679222	0.0109356014581	0.0346294046172
-wɩ‑	0.221970554926	0.714609286523	0.0	0.0634201585503
-wɩn	0.205784204672	0.782350760104	0.00444938820912	0.0074156470152
-ta'	0.199170124481	0.0995850622407	0.0995850622407	0.601659751037
-onʋ	0.163265306122	0.755102040816	0.0816326530612	0.0
-ɔɔ‑	0.497962915452	0.202559175665	0.161313882271	0.138164026612
-ɔmɛ	0.0129709697344	0.566399011736	0.398394070414	0.0222359481161
-li'	0.219053169243	0.7233553872	0.055534606287	0.00205683726989
-pai	0.447317995198	0.415361016585	0.0912057309797	0.0461152572369
-ɛn‑	0.356910533848	0.218815502262	0.100033248045	0.324240715845
-ɔɔ'	0.0686651880725	0.0386224132024	0.0130631579163	0.879649240809
-duu	0.65	0.25	0.0	0.1
-pan	0.69023097983	0.252415868438	0.00926818959345	0.048084962138
-pao	0.272131147541	0.560655737705	0.0393442622951	0.127868852459
-paa	0.555981939108	0.225373017885	0.0736507967467	0.14499424626
-pae	0.258132956153	0.372544397297	0.144978783593	0.224343862958
-dua	0.641020349197	0.233004499112	0.0280678581748	0.0979072935155
-due	0.0619514168822	0.0873364544136	0.0469052913075	0.803806837397
-pau	0.170076579498	0.779293362843	0.037719954265	0.0129101033942
-duo	0.769405055317	0.102558328452	0.0233065131136	0.104730103118
-‑wɛ	0.446951927113	0.358089923706	0.0269622972272	0.167995851954
-ai‑	0.412677989363	0.440555841482	0.0778435409161	0.0689226282381
-wlu	0.366045741092	0.401133785188	0.0137113422808	0.219109131439
-wla	0.411202040275	0.212306985965	0.085810991342	0.290679982418
-wle	0.217458186497	0.243888795659	0.27924148347	0.259411534374
-wli	0.0903753082352	0.74568107278	0.0896970695243	0.0742465494606
-i'a	0.0999333777481	0.830113257828	0.0499666888741	0.0199866755496
-dia	0.494457470194	0.325419824313	0.116917083052	0.0632056224406
-dii	0.418738277342	0.22962100385	0.0397358198706	0.311904898938
-ai'	0.379403567064	0.142655023328	0.151698611665	0.326242797943
-fea	0.745454545455	0.242424242424	0.0121212121212	0.0
-anɩ	0.0237804588043	0.942768362478	0.022195094884	0.011256083834
-sli	0.0	1.0	0.0	0.0
-ɛe‑	0.111663066955	0.725701943844	0.14211663067	0.0205183585313
-i'‑	0.531197301855	0.30757208078	0.0647801587628	0.0964504586024
-di'	0.665071770335	0.281100478469	0.0179425837321	0.0358851674641
-yiɔ	0.0745424821953	0.775479083704	0.092790840331	0.0571875937697
-ɛe'	0.253369272237	0.619946091644	0.126684636118	0.0
-aia	0.628793774319	0.207782101167	0.0980544747081	0.0653696498054
-aim	0.0	1.0	0.0	0.0
-aio	0.1875	0.78125	0.0	0.03125
-ain	0.620676202	0.206673227889	0.133687302032	0.0389632680793
-aii	0.361403508772	0.371929824561	0.147368421053	0.119298245614
-tbu	0.10780141844	0.89219858156	0.0	0.0
-ema	0.151515151515	0.848484848485	0.0	0.0
-emi	0.0	0.994318181818	0.00568181818182	0.0
-mʋʋ	0.823140768628	0.0651159314573	0.0183932644076	0.0933500355074
-tba	0.31742881136	0.510895158888	0.032692212697	0.138983817055
-'a‑	0.279569892473	0.591397849462	0.0645161290323	0.0645161290323
-ɔjɔ	0.0848056537103	0.719241888853	0.101509797623	0.0944426598137
-'aa	0.363636363636	0.314049586777	0.0495867768595	0.272727272727
-ci"	0.0131578947368	0.960526315789	0.0263157894737	0.0
-‑oo	0.730626326964	0.0841295116773	0.0148619957537	0.170382165605
-ooi	0.298299171391	0.544783035325	0.0559310946358	0.100986698648
-i"‑	0.477360274211	0.414627558665	0.0476524266725	0.0603597404518
