-cab	0.380952380952	0.361904761905	0.114285714286	0.142857142857
-xlu	0.310818231741	0.388797364086	0.253706754531	0.046677649643
-caa	0.448924731183	0.177419354839	0.0483870967742	0.325268817204
-cal	0.418072740907	0.262842144732	0.0299962504687	0.289088863892
-cas	0.221198156682	0.68202764977	0.0207373271889	0.0760368663594
-car	0.0697575582901	0.917932284365	0.0	0.0123101573453
-xle	0.630730821607	0.123241034952	0.199046754426	0.046981389015
-caw	0.719298245614	0.280701754386	0.0	0.0
-xla	0.552350849467	0.39134729356	0.0207427894113	0.0355590675622
-épp	0.0388409785372	0.239097179073	0.0569527017385	0.665109140651
-cax	0.232472324723	0.638376383764	0.10332103321	0.0258302583026
-ufu	0.0	0.437262357414	0.169201520913	0.393536121673
-oye	0.885655543255	0.0852443460383	0.00379566661395	0.025304444093
-oya	0.0704225352113	0.612676056338	0.0507042253521	0.266197183099
-oyi	0.696781468413	0.194346427148	0.0394661378593	0.0694059665802
-ufe	0.175766641735	0.472700074794	0.313201196709	0.0383320867614
-oyu	0.079400052704	0.135237021638	0.0182268029163	0.767136122742
-ufa	0.00629539951574	0.978208232446	0.00290556900727	0.0125907990315
-oyy	0.0576923076923	0.509615384615	0.115384615385	0.317307692308
-yel	0.106505102041	0.336734693878	0.520408163265	0.0363520408163
-caq	0.0	0.962732919255	0.0372670807453	0.0
-aaj	0.786303070269	0.107100603192	0.0179212164704	0.088675110068
-rbë	0.0101694915254	0.989830508475	0.0	0.0
-cay	0.4179357022	0.446700507614	0.0389170896785	0.0964467005075
-ido	0.0916666666666	0.875	0.0166666666666	0.0166666666667
-eci	0.0888888888889	0.807407407407	0.103703703704	0.0
-idi	0.0154905335628	0.974182444062	0.0	0.0103270223752
-ecc	0.523178807947	0.32119205298	0.0629139072847	0.0927152317881
-idd	0.0143884892086	0.946043165468	0.0	0.0395683453237
-tlu	0.639255923821	0.240422233705	0.0597918358308	0.0605300066435
-tle	0.771929824561	0.175438596491	0.0526315789474	0.0
-uta	0.0	1.0	0.0	0.0
-ute	0.111914509012	0.548779839439	0.226965814238	0.112339837312
-uti	0.0595489781536	0.209302325581	0.585036410618	0.146112285647
-utt	0.327272727273	0.6	0.0727272727273	0.0
-utu	0.377289377289	0.498168498169	0.0	0.124542124542
-nak	0.162528216704	0.580135440181	0.0406320541761	0.216704288939
-kee	0.420163840682	0.149416330784	0.035717370633	0.394702457902
-fos	0.0	1.0	0.0	0.0
-àbb	0.725868725869	0.19305019305	0.0512961941533	0.0297848869278
-iji	0.555095277548	0.361226180613	0.0173985086993	0.0662800331401
-yàq	0.71192942079	0.201764480245	0.054085155351	0.0322209436134
-àgg	0.245860899352	0.245021325184	0.371763441582	0.137354333882
-yaw	0.0608096944913	0.102892406605	0.00487214962359	0.831425749281
-yas	0.00551571980144	0.992277992278	0.00110314396029	0.00110314396029
-yar	0.579769283367	0.365308688268	0.0141165052827	0.0408055230827
-ofu	0.197049252331	0.155902493561	0.297670147138	0.34937810697
-yay	0.488235294118	0.443137254902	0.035294117647	0.0333333333333
-yax	0.155737704918	0.762295081967	0.0819672131147	0.0
-yaa	0.241726942248	0.120755449052	0.0279755120577	0.609542096642
-yab	0.674698795181	0.277108433735	0.0240963855422	0.0240963855422
-yam	0.126360736973	0.757320962598	0.0358206594797	0.0804976409499
-yal	0.497363769809	0.364159252269	0.0669542554148	0.0715227225068
-yan	0.0217391304348	0.304347826087	0.0	0.673913043478
-ofa	0.113798426818	0.101301183562	0.00529295008454	0.779607439535
-ñoñ	0.116223908918	0.0868121442125	0.0	0.796963946869
-gëm	0.393872949205	0.522599358234	0.00615912525213	0.0773685673086
-gël	0.683130699088	0.127659574468	0.11170212766	0.0775075987842
-gën	0.0663779746267	0.0424002489802	0.311425980276	0.579795796117
-gëj	0.615384615385	0.269230769231	0.0384615384615	0.0769230769231
-gëq	0.547703180212	0.335689045936	0.0318021201413	0.0848056537103
-gër	0.282348728965	0.177443609023	0.423487289653	0.11672037236
-laa	0.277205444808	0.194138649212	0.00643409699495	0.522221808985
-add	0.642605931395	0.356020000327	0.00137406827811	0.0
-ade	0.00662251655628	0.993377483444	0.0	0.0
-ada	0.0999425617462	0.773693279724	0.101091326824	0.0252728317059
-adi	0.148755685012	0.447902294445	0.371761459451	0.0315805610915
-adu	0.308924485126	0.0956937799042	0.474308300395	0.121073434575
-aat	0.291572154554	0.455479262983	0.0641848275524	0.188763754911
-bëñ	0.0	1.0	0.0	0.0
-aaw	0.12441069715	0.0850313556851	0.0585771959538	0.731980751211
-fli	0.823619631902	0.153374233129	0.0184049079755	0.00460122699387
-sen	0.00560093348891	0.978471411902	0.00770128354725	0.00822637106184
-sem	0.0	1.0	0.0	0.0
-xoñ	0.619064878579	0.340340703153	0.0	0.0405944182675
-seg	0.0	1.0	0.0	0.0
-see	0.835751239657	0.0688374092326	0.020008494655	0.0754028564557
-fle	0.0905432595573	0.418511066398	0.452716297787	0.0382293762575
-sew	0.510948905109	0.138686131387	0.321167883212	0.029197080292
-set	0.201973173706	0.354617004767	0.352510808114	0.0908990134132
-flu	0.364977549711	0.211674150096	0.234765875561	0.188582424631
-ser	0.0	1.0	0.0	0.0
-roŋ	0.234042553191	0.595744680851	0.127659574468	0.0425531914894
-ble	0.654272434752	0.17053986414	0.126921701823	0.0482659992849
-bla	0.0513259195894	0.822925577417	0.0410607356715	0.0846877673225
-toŋ	0.833333333333	0.133333333333	0.0	0.0333333333333
-mtu	0.798657718121	0.0872483221476	0.0469798657718	0.0671140939597
-aan	0.46861305756	0.394798682424	0.0335575406415	0.103030719375
-blu	0.448660714286	0.280803571429	0.0888392857144	0.181696428571
-mte	0.598324690866	0.258077383327	0.119664938173	0.0239329876346
-uum	0.330275229358	0.606422018349	0.0275229357798	0.0357798165138
-uul	0.646156844909	0.171918653759	0.148788252875	0.0331362484569
-uug	0.0132450331126	0.973509933775	0.0	0.0132450331126
-uuf	0.0491518507724	0.817149519091	0.0264879044011	0.107210725736
-uub	0.615574239922	0.355666038629	0.0148156140802	0.0139441073696
-uux	0.236300132482	0.658436709623	0.0503432494279	0.0549199084668
-uut	0.169675090253	0.747292418773	0.0613718411552	0.0216606498195
-ujj	0.116744978133	0.0594127307619	0.729358728016	0.0944835630889
-uus	0.206590884892	0.669144697845	0.079640786126	0.0446236311368
-uur	0.187690864364	0.721802239436	0.0395738655449	0.0509330306549
-qul	0.309559939302	0.443095599393	0.0394537177542	0.207890743551
-bëy	0.0443714050945	0.940838126541	0.0147904683648	0.0
-bët	0.143621538984	0.794292508918	0.0284525225072	0.0336334295906
-xor	0.0851581508516	0.392133008921	0.477696674777	0.0450121654501
-rax	0.20977060397	0.732025117054	0.0451461161511	0.0130581628245
-ray	0.113157894737	0.642105263158	0.228947368421	0.0157894736842
-raw	0.225357273727	0.14400879443	0.231953096372	0.398680835471
-rat	0.754966887417	0.195364238411	0.0198675496689	0.0298013245033
-xoy	0.180350350609	0.677672264341	0.0631355603281	0.0788418247212
-ert	0.0135900339751	0.494903737259	0.491506228766	0.0
-eru	0.430624678061	0.425848384319	0.0892218188016	0.0543051188183
-xob	0.110492107707	0.878365831012	0.00464252553389	0.00649953574745
-eri	0.0480376210422	0.258029446219	0.0502288107739	0.643704121965
-ral	0.507966791362	0.257026021886	0.0882468947793	0.146760291973
-ram	0.0689158780023	0.711918893956	0.060071437807	0.159093790234
-raj	0.503937007874	0.181102362205	0.314960629921	0.0
-iwe	0.131147540984	0.344262295082	0.491803278689	0.0327868852459
-raf	0.434375552023	0.502208090443	0.0461049284579	0.0173114290761
-era	0.0211662270399	0.0174541197976	0.0139504678217	0.947429185341
-iwi	0.602846832398	0.139334402566	0.0854049719327	0.172413793103
-xon	0.0426136363636	0.926136363636	0.0142045454545	0.0170454545455
-ere	0.307685286601	0.555048476735	0.0921869295364	0.0450793071275
-xol	0.0888735539712	0.752836574472	0.0290939606625	0.129195910894
-raa	0.0	1.0	0.0	0.0
-jëf	0.357689648993	0.550500524847	0.0119818735759	0.0798279525846
-jëg	0.15	0.827611940299	0.0111940298508	0.0111940298507
-jël	0.746402108863	0.127386719863	0.0206611570248	0.105550014249
-jëm	0.392359310053	0.0476649865231	0.0120743632929	0.547901340131
-jën	0.00843684087182	0.983829388329	0.00632763065387	0.0014061401453
-ugg	0.679438592736	0.0267056458491	0.00729187223837	0.286563889177
-uge	0.254901960784	0.0392156862745	0.705882352941	0.0
-jëw	0.116421568627	0.751225490196	0.0808823529411	0.0514705882353
-noy	0.0750427125772	0.749375739256	0.0478380864765	0.12774346169
-iko	0.0940239043824	0.846215139442	0.0549800796813	0.00478087649402
-nor	0.0	0.757575757576	0.0727272727272	0.169696969697
-nos	0.0434782608696	0.95652173913	0.0	0.0
-ikk	0.487234387089	0.235142769751	0.234081217726	0.0435416254341
-iki	0.180995475113	0.443438914027	0.0965309200604	0.279034690799
-iku	0.668229685858	0.143090163424	0.115394641684	0.0732855090341
-nol	0.114285714286	0.571428571429	0.314285714286	0.0
-non	0.0	1.0	0.0	0.0
-noo	0.150101123322	0.160371841419	0.0526797211658	0.636847314093
-nob	0.61581920904	0.265536723164	0.0847457627119	0.0338983050847
-nog	0.0	0.987261146497	0.0	0.0127388535032
-wéq	0.449324324324	0.550675675676	0.0	0.0
-boq	0.04	0.24	0.72	0.0
-qam	0.224929709466	0.721649484536	0.0365510777882	0.0168697282099
-gle	0.754229864921	0.125720344843	0.0152136830944	0.104836107141
-efe	0.704104663173	0.12795990972	0.0304119964806	0.137523430626
-too	0.508319847297	0.337075959516	0.0392132453629	0.115390947824
-toj	0.784682080925	0.147398843931	0.0101156069364	0.0578034682081
-tor	0.0462962962963	0.87037037037	0.0833333333333	0.0
-glu	0.8844	0.0850222222222	0.0237333333333	0.00684444444445
-rot	0.255093002657	0.627989371125	0.0425155004429	0.074402125775
-égg	0.935415161786	0.0401363190161	0.00340797540331	0.0210405437943
-tir	0.00262123197903	0.997378768021	0.0	0.0
-ége	0.599675850891	0.233387358185	0.128038897893	0.0388978930308
-ëwu	0.638783269962	0.256653992395	0.0389733840304	0.0655893536122
-xya	0.0230908984352	0.940455957335	0.0124245443357	0.0240285998944
-rox	0.0479632743715	0.648011454209	0.277722830635	0.0263024407843
-roy	0.513997760358	0.435610302352	0.023516237402	0.026875699888
-ñee	0.5465036612	0.256519504989	0.0875690489445	0.109407784867
-rob	0.138644366197	0.816461267606	0.0237676056338	0.0211267605634
-ëwe	0.328903654485	0.451827242525	0.0	0.21926910299
-rom	0.0186567164179	0.813432835821	0.158582089552	0.00932835820896
-ron	0.0373665480427	0.354982206406	0.0453736654804	0.562277580071
-roo	0.532932416953	0.215158457426	0.090397098129	0.161512027491
-sar	0.393306636156	0.538043478261	0.0300343249428	0.0386155606407
-efi	0.0557512635932	0.701945167713	0.190840863838	0.0514627048552
-nga	0.195398489428	0.0467437181352	0.00717925709873	0.750678535338
-ddi	0.286245271744	0.486861000998	0.109504694623	0.117389032636
-sax	0.182015814757	0.0569663778966	0.0735519723103	0.687465835036
-ngi	0.701816026838	0.0269653198502	0.0110606643063	0.260157989006
-óge	0.214248377976	0.0154098141981	0.00617323205924	0.764168575767
-oli	0.571142284569	0.308617234469	0.114228456914	0.00601202404809
-àmb	0.0254433307633	0.831919814958	0.13801079414	0.00462606013879
-raŋ	0.96256684492	0.0267379679144	0.0	0.0106951871658
-lfe	0.0	1.0	0.0	0.0
-àmp	0.0272842340208	0.921019322571	0.0379107251657	0.0137857182421
-fsu	0.0707070707071	0.709343434343	0.198737373737	0.0212121212121
-lem	0.0221195113899	0.950726312314	0.011389897656	0.0157642786398
-len	0.0	0.961904761905	0.0	0.0380952380952
-mub	0.145168539326	0.60404494382	0.0215730337079	0.229213483146
-ódd	0.00680272108844	0.965986394558	0.0136054421769	0.0136054421769
-mul	0.421641175176	0.162109375	0.05859375	0.357655699824
-leb	0.175224123879	0.649551752241	0.128769356153	0.0464547677261
-lee	0.562962863607	0.279287183186	0.0564627297818	0.101287223425
-muj	0.118081517279	0.831388103705	0.0329777210419	0.0175526579739
-lex	0.0173210161663	0.982678983834	0.0	0.0
-lfi	0.0	1.0	0.0	0.0
-mus	0.132146829811	0.713681868743	0.110122358176	0.0440489432703
-tey	0.0889461507144	0.188107579414	0.0311299115255	0.691816358346
-ytu	0.564711359404	0.267690875233	0.0810055865922	0.086592178771
-let	0.125964010283	0.426735218509	0.447300771208	0.0
-lew	0.538461538462	0.365384615385	0.0480769230769	0.0480769230769
-fañ	0.260219341974	0.0448654037887	0.690428713858	0.00448654037886
-pee	0.526323601159	0.195899604795	0.10184536327	0.175931430775
-ogu	0.236995714108	0.235486508585	0.0860121030716	0.441505674234
-per	0.0	0.779174493089	0.220825506911	0.0
-pes	0.542492917847	0.42492917847	0.0155807365439	0.0169971671388
-oga	0.626543209877	0.271604938272	0.0462962962963	0.0555555555555
-lsi	0.578571428571	0.259821428571	0.0553571428572	0.10625
-oge	0.673076923077	0.0769230769231	0.134615384615	0.115384615385
-pey	0.288218018382	0.561252273997	0.0570728749272	0.0934568326933
-ogg	0.363636363636	0.030303030303	0.575757575758	0.030303030303
-cci	0.283359370791	0.541291817055	0.154339277057	0.0210095350967
-itt	0.293769716088	0.647082018927	0.0354889589905	0.0236593059937
-itu	0.126608220426	0.343390641011	0.0981820941971	0.431819044366
-cce	0.328052915347	0.148963370574	0.0655327663832	0.457450947696
-esu	0.0057387222156	0.728583484859	0.00393325704796	0.261744535878
-mme	0.595890410959	0.219178082192	0.0	0.184931506849
-esi	0.462411536921	0.139404459874	0.0280411269862	0.370142876219
-eso	0.0392156862745	0.960784313725	0.0	0.0
-iti	0.0677740700143	0.516979724154	0.135388106805	0.279858099026
-leñ	0.2	0.225	0.05	0.525
-esa	0.0	1.0	0.0	0.0
-ite	0.254727904284	0.536781165573	0.144500192976	0.0639907371671
-ccu	0.350071225071	0.532407407408	0.0726495726495	0.0448717948718
-ese	0.187535410765	0.424079320113	0.18328611898	0.205099150142
-ita	0.0	1.0	0.0	0.0
-fab	0.827710843374	0.107228915663	0.0136546184739	0.05140562249
-faa	0.417894162575	0.28968903437	0.118930714675	0.17348608838
-faf	0.383012820513	0.266025641026	0.158653846154	0.192307692308
-fag	0.0335542667771	0.847141673571	0.0285832642917	0.0907207953604
-faj	0.767387633674	0.121813942269	0.026694540484	0.0841038835732
-fan	0.0106511396719	0.916353049776	0.0066037065966	0.0663921039551
-fal	0.664886854818	0.116056007084	0.0436185416064	0.175438596491
-fam	0.263248026764	0.505032489212	0.0526113425582	0.179108141466
-far	0.543541719146	0.221301880362	0.0496391897698	0.185517210722
-fas	0.173838466701	0.732194794541	0.0277425609665	0.066224177791
-uda	0.000944981100378	0.995275094498	0.00188996220075	0.00188996220075
-fat	0.344801555098	0.655198444902	0.0	0.0
-ude	0.00751210833252	0.973114559652	0.0086982307008	0.0106751013146
-fay	0.510180753019	0.257055083232	0.0612988497535	0.171465313996
-ses	0.0166666666667	0.916666666667	0.0666666666667	0.0
-rit	0.0295951921987	0.76425898628	0.1510375326	0.0551082889216
-ris	0.0	1.0	0.0	0.0
-tna	0.336557059961	0.599613152805	0.0130560928433	0.0507736943907
-teb	0.349429323968	0.475856014047	0.101404741001	0.0733099209834
-édd	0.581984490974	0.295501871559	0.0656386933582	0.0568749441088
-rni	0.0	1.0	0.0	0.0
-uri	0.0559485530547	0.889517684887	0.0254662379421	0.0290675241158
-are	0.118263254513	0.246780787013	0.518507091181	0.116448867292
-ura	0.0930232558139	0.31007751938	0.286821705426	0.31007751938
-ure	0.14552238806	0.798507462687	0.0335820895522	0.0223880597015
-urr	0.141683778234	0.207392197125	0.613963039014	0.0369609856263
-urs	0.0769230769231	0.807692307692	0.115384615385	0.0
-urt	0.0652173913043	0.847826086957	0.0869565217391	0.0
-uru	0.0625543738701	0.883580788002	0.00854556710275	0.0453192710251
-àqu	0.352959714271	0.392588896476	0.228399600819	0.0260517884343
-tee	0.429024448414	0.312324226699	0.129658608246	0.128992716641
-àll	0.280336419878	0.425417492216	0.135295782621	0.158950305285
-àlt	0.0	1.0	0.0	0.0
-wén	0.159603246168	0.256988277728	0.358881875564	0.224526600541
-nnu	0.0617816091954	0.895114942529	0.0186781609195	0.0244252873563
-nni	0.647719422447	0.186243928286	0.0168616122968	0.14917503697
-ëbb	0.692949907236	0.139146567718	0.101576994434	0.0663265306122
-wéy	0.560781476122	0.103292329957	0.0484804630969	0.287445730825
-wér	0.460836430352	0.0633203180129	0.252716752129	0.223126499506
-nne	0.37829506437	0.113939902705	0.0236976281729	0.484067404752
-fàq	0.490379615185	0.160166406656	0.00936037441499	0.340093603744
-jje	0.234113712375	0.418060200669	0.0234113712375	0.324414715719
-jji	0.363356724022	0.168316831683	0.409112755936	0.0592136883591
-jjo	0.106666666667	0.4	0.44	0.0533333333333
-ŋam	0.258333333333	0.741666666667	0.0	0.0
-ŋal	0.689655172414	0.310344827586	0.0	0.0
-ñëw	0.93849648284	0.0128797413777	0.00185306820392	0.0467707075785
-ŋar	0.0313432835821	0.719402985075	0.249253731343	0.0
-ŋat	0.614203454894	0.309021113244	0.0191938579655	0.0575815738964
-ajo	0.375	0.310096153846	0.286057692308	0.0288461538461
-aji	0.0615932222799	0.202444208221	0.135416323763	0.600546245736
-aje	0.491215359536	0.211193624343	0.0418402463322	0.255750769788
-aja	0.224123182207	0.313943541489	0.354148845167	0.107784431138
-aju	0.319604808951	0.372693726937	0.223584493909	0.0841169702019
-ldi	0.555346843728	0.0104481190755	0.00220988993395	0.431995147262
-yum	0.0	1.0	0.0	0.0
-yul	0.553120749584	0.291521837691	0.110926401693	0.0444310110322
-oju	0.264410900618	0.273325904164	0.0480194509168	0.414243744302
-yug	0.215659340659	0.503205128205	0.0869963369963	0.194139194139
-yuy	0.3115270827	0.334006138192	0.160643680703	0.193823098405
-oja	0.373822605965	0.152080062794	0.0353218210361	0.438775510204
-oje	0.191226096738	0.640044994376	0.168728908886	0.0
-yuq	0.0955056179775	0.455056179775	0.449438202247	0.0
-yus	0.0257270693512	0.957494407159	0.0111856823266	0.00559284116331
-oji	0.314285714286	0.586666666667	0.047619047619	0.0514285714286
-sàq	0.0586486083922	0.852540641757	0.0586486083922	0.0301621414588
-usi	0.587504155451	0.158128889806	0.0113979868806	0.242968967861
-usa	0.0617030028795	0.925956396545	0.0123406005759	0.0
-use	0.133259300389	0.211549139367	0.397001665741	0.258189894503
-iiñ	0.236842105263	0.62458881579	0.00740131578947	0.131167763158
-usu	0.245585874799	0.514446227929	0.167736757624	0.0722311396468
-ust	0.108108108108	0.864864864865	0.027027027027	0.0
-bét	0.285557986871	0.407002188184	0.143326039387	0.164113785558
-ñub	0.608286252354	0.306967984934	0.045197740113	0.0395480225989
-bés	0.0420445319652	0.731661225406	0.0195885370783	0.20670570555
-ñug	0.35894843276	0.539939332659	0.0530839231547	0.0480283114256
-ñum	0.0398773006135	0.938650306749	0.0184049079754	0.00306748466258
-ñul	0.350986315977	0.351519459748	0.21752265861	0.0799715656655
-bég	0.248836196645	0.4559328614	0.219303921431	0.0759270205236
-ñus	0.0714285714286	0.928571428571	0.0	0.0
-epp	0.0849532037437	0.553635709143	0.192944564435	0.168466522678
-ñuy	0.289238612608	0.0805104300599	0.0293719425201	0.600879014812
-wil	0.350993377483	0.629139072848	0.0198675496689	0.0
-wii	0.0375281461096	0.080810607956	0.0125093820365	0.869151863898
-ius	0.151515151515	0.636363636364	0.030303030303	0.181818181818
-xin	0.360655737705	0.524590163934	0.0819672131148	0.0327868852459
-wis	0.480891719745	0.5	0.00636942675159	0.0127388535032
-jén	0.008	0.992	0.0	0.0
-axu	0.245887850467	0.479065420561	0.152242990654	0.122803738318
-axi	0.229732010577	0.601250867356	0.0676068488269	0.101410273241
-axa	0.0149447693307	0.976283300845	0.00389863547759	0.00487329434697
-axe	0.585306673204	0.177742389751	0.0535589289092	0.183392008136
-iim	0.138317757009	0.142523364486	0.0294392523365	0.689719626168
-iil	0.0240963855421	0.975903614458	0.0	0.0
-muñ	0.202387444707	0.569956977519	0.128219111677	0.0994364660971
-iin	0.0413410119293	0.147058823529	0.0493624023036	0.762237762238
-iig	0.417910447761	0.223880597015	0.255863539446	0.102345415778
-iif	0.0685023505709	0.408999328408	0.519811954332	0.00268636668905
-ékk	0.546597312527	0.357607282185	0.0229735587343	0.072821846554
-ëcc	0.69336114871	0.15810548521	0.069336114871	0.0791972512082
-tsi	0.848296443671	0.0492414822184	0.0149216612783	0.0875404128326
-iit	0.136300081478	0.627991308984	0.209529940752	0.0261786687858
-iiw	0.223217193097	0.647346141322	0.0377727124715	0.0916639531098
-iis	0.207916013032	0.436989662524	0.292425887937	0.062668436507
-iir	0.125203936037	0.379780535454	0.0804469633664	0.414568565143
-tëb	0.979591836735	0.0	0.0204081632653	0.0
-par	0.0	0.993138936535	0.00686106346482	0.0
-tal	0.490092766727	0.326693676616	0.102938133449	0.0802754232084
-tam	0.091606524757	0.299784395159	0.0667279636255	0.541881116459
-tan	0.0731172875101	0.683811940184	0.179717833391	0.0633529389152
-ksi	0.527314548591	0.170212765957	0.112708453134	0.189764232317
-taf	0.564705882353	0.294117647059	0.0823529411765	0.0588235294117
-taa	0.127737226277	0.554744525547	0.21897810219	0.0985401459854
-tëj	0.384058523203	0.588051512611	0.00868703802484	0.0192029261602
-tax	0.166331674358	0.149616872529	0.00912259013354	0.67492886298
-tay	0.4846198491	0.477074869414	0.031340684852	0.00696459663378
-tat	0.0	0.751633986928	0.130718954248	0.117647058823
-taw	0.212378640777	0.762338187702	0.0121359223301	0.0131472491909
-taq	0.574795574796	0.236652236652	0.103415103415	0.0851370851371
-tar	0.204191415443	0.538720161381	0.150846127984	0.106242295192
-tas	0.415337176565	0.346829333691	0.0997452741655	0.138088215579
-éej	0.0301208335765	0.941276049267	0.0143599322865	0.0142431848695
-éem	0.396319692392	0.540327748787	0.0294790808386	0.0338734779822
-éen	0.0573275751864	0.253543353143	0.00861976259317	0.680509309078
-ent	0.0235557737379	0.887407360486	0.0114413758155	0.0775954899601
-enu	0.24342363565	0.546132705143	0.126815861798	0.0836277974087
-éeb	0.00738211682201	0.953861769863	0.0330349727784	0.00572114053704
-éeg	0.290265795344	0.328130341891	0.0808465326506	0.300757330115
-éey	0.367903743423	0.524632548968	0.0203217271456	0.087141980463
-éex	0.3980875692	0.379969803724	0.157020634122	0.0649219929542
-enn	0.0508083696675	0.238007233087	0.0455130130836	0.665671384162
-rma	0.565217391304	0.0434782608696	0.391304347826	0.0
-eni	0.0340392140229	0.059976883026	0.0399244986904	0.866059404261
-enk	0.524064171123	0.417112299465	0.0374331550802	0.0213903743316
-end	0.252830188679	0.498113207547	0.147169811321	0.101886792453
-ene	0.398058252427	0.359007551241	0.0543689320389	0.188565264293
-ées	0.130009466709	0.0482802145787	0.719469864311	0.102240454402
-éer	0.324842308464	0.326712415022	0.103198378557	0.245246897957
-ena	0.129997064331	0.113808970626	0.030386669089	0.725807295954
-éew	0.069773529986	0.504565784569	0.340459329464	0.0852013559804
-enc	0.711949685535	0.170754716981	0.0216981132075	0.0955974842768
-deñ	0.418114143921	0.44540942928	0.0521091811414	0.0843672456576
-àyy	0.317740511915	0.424095322154	0.125772285966	0.132391879965
-nsi	0.377622377622	0.601398601399	0.0	0.020979020979
-put	0.0	0.906614785992	0.0933852140078	0.0
-pus	0.0	0.984536082474	0.0	0.0154639175258
-pul	0.434644164942	0.333312738964	0.115522530636	0.116520565458
-eñe	0.64347826087	0.278260869565	0.0782608695652	0.0
-eño	0.449612403101	0.434108527132	0.093023255814	0.0232558139535
-eñu	0.640769976458	0.310760282509	0.0177260767207	0.0307436643124
-yyu	0.618181818182	0.290909090909	0.0545454545455	0.0363636363636
-deb	0.0333333333333	0.966666666667	0.0	0.0
-dee	0.375491130235	0.365879972516	0.206127786867	0.0525011103814
-def	0.77474693546	0.0342426880143	0.0109838500689	0.180026526457
-deg	0.180278922106	0.798178313617	0.00907063759025	0.0124721266866
-oku	0.150038769708	0.293551305247	0.031532695787	0.524877229258
-msi	0.811158798283	0.100858369099	0.00643776824034	0.0815450643776
-dem	0.811809148234	0.042680046073	0.00281123713956	0.142699568553
-nag	0.0866342194004	0.0163678507301	0.00531373353085	0.891684196339
-der	0.155952380952	0.804761904762	0.0321428571429	0.00714285714286
-des	0.227719925352	0.336235038085	0.261153427639	0.174891608924
-okk	0.146428582957	0.685383773593	0.0378172826434	0.130370360806
-dex	0.0176863618499	0.950871217084	0.0125769684266	0.0188654526398
-dey	0.0419283919598	0.919912060302	0.0197864321608	0.0183731155779
-oka	0.477707006369	0.343949044586	0.0382165605095	0.140127388535
-bir	0.270820084246	0.339039481658	0.0543181427086	0.335822291388
-biy	0.203495052141	0.369344066764	0.0247666500097	0.402394231085
-bil	0.548071859091	0.337702615718	0.0840306629996	0.0301948621921
-bii	0.0417190536061	0.0454909132472	0.0157732312264	0.89701680192
-eem	0.129691681246	0.735840150081	0.0483213582332	0.0861468104394
-eel	0.345667975091	0.467081655837	0.104217903659	0.0830324654127
-xér	0.211936662607	0.551766138855	0.190012180268	0.0462850182704
-xél	0.258620689655	0.586206896552	0.0172413793103	0.137931034483
-lde	0.0674157303371	0.932584269663	0.0	0.0
-luy	0.350849380903	0.208273537363	0.0790975536495	0.361779528085
-giy	0.46	0.223116883117	0.0472727272727	0.26961038961
-mes	0.468549422336	0.400513478819	0.0539152759949	0.0770218228498
-mer	0.0717244386309	0.46173969915	0.407237846087	0.0592980161326
-lus	0.0540540540541	0.90990990991	0.036036036036	0.0
-jib	0.217012726055	0.675150703282	0.0140656396517	0.0937709310114
-luu	0.232186136694	0.128938439166	0.601066408144	0.0378090159961
-mee	0.373509231721	0.147758393143	0.0250569537062	0.453675421431
-meg	0.0	1.0	0.0	0.0
-lul	0.488345573175	0.253624694911	0.148179915339	0.109849816575
-lum	0.0170502983802	0.858979823814	0.117149758454	0.00682011935209
-jiy	0.180512179888	0.547782635853	0.0199875078076	0.251717676452
-mem	0.200777202073	0.665803108808	0.128238341969	0.00518134715026
-mel	0.179403690555	0.0389592965654	0.116253508917	0.665383503963
-lub	0.201957295374	0.508007117438	0.202846975089	0.0871886120997
-luf	0.238493723849	0.0878661087866	0.28870292887	0.384937238494
-yda	0.0649509803922	0.628676470588	0.283088235294	0.0232843137255
-aye	0.0282116033824	0.021233685153	0.00430420181741	0.946250509647
-aya	0.336082474227	0.626804123711	0.0247422680412	0.0123711340206
-gis	0.940737910245	0.0280983314228	0.00341357788817	0.0277501804441
-ayo	0.170837867247	0.528835690968	0.193688792165	0.106637649619
-étu	0.139534883721	0.744186046512	0.116279069767	0.0
-ayi	0.0275929686953	0.853456124379	0.103823797185	0.0151271097416
-ayu	0.155566767575	0.753475725978	0.0481836528759	0.042773853571
-ojj	0.714285714286	0.274725274725	0.0	0.010989010989
-éti	0.175824175824	0.824175824176	0.0	0.0
-ópi	0.301255230125	0.606694560669	0.0669456066946	0.0251046025104
-ubu	0.303797468354	0.424050632911	0.208860759494	0.0632911392405
-sra	0.00214848412509	0.961327285748	0.0	0.0365242301265
-uba	0.0211914292442	0.701907228632	0.136566988462	0.140334353661
-ubb	0.15197154906	0.803777911654	0.0372544065919	0.00699613269332
-ube	0.365111561866	0.379310344828	0.115618661258	0.139959432049
-akk	0.399020178699	0.423544404368	0.0486290367663	0.128806380167
-aki	0.013698630137	0.986301369863	0.0	0.0
-aka	0.0528993516482	0.632467724844	0.014243228769	0.300389694739
-csi	0.540540540541	0.459459459459	0.0	0.0
-ëñi	0.0	0.495575221239	0.504424778761	0.0
-aku	0.0902777777778	0.805555555556	0.0972222222222	0.00694444444444
-ëre	0.135330632858	0.66568467568	0.126387500658	0.0725971908044
-goo	0.464337591319	0.329207074807	0.105417182894	0.10103815098
-gon	0.0	1.0	0.0	0.0
-gog	0.0380952380952	0.942857142857	0.0190476190476	0.0
-ëri	0.111038536904	0.552580013063	0.333115610712	0.0032658393207
-gox	0.150278293135	0.760667903525	0.0111317254174	0.0779220779221
-ëru	0.0858711932102	0.787319021468	0.104842735896	0.0219670494259
-gos	0.1328125	0.75	0.1171875	0.0
-gor	0.21643663739	0.151035131744	0.608061480552	0.0244667503137
-col	0.201153568854	0.390771449171	0.356164383562	0.0519105984139
-coo	0.467783833342	0.395303825192	0.113380532776	0.0235318086894
-rlu	0.378083947453	0.322813200897	0.207145145787	0.0919577058636
-ixa	0.0559440559441	0.797202797203	0.118881118881	0.027972027972
-rle	0.552475247525	0.124752475248	0.158415841584	0.164356435644
-cos	0.0	0.995740149095	0.0	0.00425985090523
-ñii	0.0931583476764	0.16265060241	0.00753012048192	0.736660929432
-mfa	0.0	1.0	0.0	0.0
-pte	0.609756097561	0.243902439024	0.146341463415	0.0
-ànt	0.11632415665	0.844125630089	0.034897246995	0.00465296626599
-ñal	0.527641729388	0.230913671429	0.142237939506	0.0992066596773
-nle	0.138555068571	0.183514774495	0.539375088364	0.138555068571
-gab	0.239297475302	0.635565312843	0.05268935236	0.072447859495
-gaa	0.418394777266	0.243759600614	0.0771889400922	0.260656682028
-gan	0.161400557279	0.592029861732	0.100590575329	0.14597900566
-gam	0.151567867029	0.545848945819	0.0323877494886	0.270195437663
-gal	0.482146472007	0.329045218494	0.104265968345	0.0845423411539
-gaw	0.0	1.0	0.0	0.0
-ànd	0.323651434218	0.0469946497059	0.0154544702599	0.613899445816
-àng	0.698810589589	0.189666197724	0.0775035170738	0.0340196956132
-gat	0.139238715155	0.0625442196123	0.739634922881	0.0585821423518
-gas	0.668380462725	0.0659811482433	0.265638389032	0.0
-gar	0.149933573733	0.566710950845	0.232112355286	0.0512431201367
-ànn	0.626470936828	0.256362066338	0.0494404090686	0.0677265877652
-gay	0.333175098332	0.129458836295	0.0185134951851	0.518852570189
-ànj	0.274036955841	0.590249504124	0.135713540035	0.0
-ini	0.0932515337423	0.879754601227	0.0269938650307	0.0
-wër	0.280443809135	0.136954598053	0.0171533591995	0.565448233612
-ina	0.096159013488	0.38915409831	0.0128761447423	0.50181074346
-ind	0.571923023674	0.335483870968	0.00499792330056	0.0875951820573
-ine	0.0877192982456	0.577597840756	0.282051282051	0.0526315789474
-ëll	0.235679214403	0.584288052373	0.0818330605565	0.0981996726677
-ëli	0.561368209256	0.420523138833	0.0	0.0181086519115
-ële	0.435827556829	0.149310934051	0.0439288618674	0.370932647253
-inu	0.383910386965	0.554989816701	0.0549898167006	0.0061099796334
-rëñ	0.65625	0.15625	0.0	0.1875
-saŋ	0.0109339407745	0.826423690205	0.00273348519362	0.159908883827
-gub	0.0872906284368	0.874673308254	0.0311981193434	0.00683794396567
-xus	0.00955414012738	0.765923566879	0.200636942675	0.0238853503185
-yey	0.491377046634	0.195881397869	0.0880232854877	0.22471827001
-rki	0.0345821325648	0.81325648415	0.131412103746	0.0207492795389
-yet	0.043321299639	0.956678700361	0.0	0.0
-ltu	0.669322709163	0.231075697211	0.0239043824701	0.0756972111554
-mba	0.0347826086957	0.140800460697	0.808522890872	0.0158940397351
-yem	0.123084068741	0.467487227125	0.0728440935129	0.336584610621
-mbe	0.121621621622	0.648648648649	0.202702702703	0.027027027027
-yen	0.286905940756	0.579510653227	0.0729888713284	0.0605945346878
-mbi	0.137614678899	0.827981651376	0.0344036697248	0.0
-yeb	0.0	0.927536231884	0.0724637681159	0.0
-yee	0.584176601643	0.18016462865	0.0511913467916	0.184467422915
-rëm	0.247347248134	0.661526352612	0.0678638059701	0.0232625932836
-rëb	0.176470588235	0.397565922921	0.359026369168	0.0669371196755
-sas	0.416977972433	0.460389024861	0.0200953239727	0.102537678732
-jur	0.257410881801	0.592334494774	0.0280353792549	0.12221924417
-saw	0.264885669006	0.256207078711	0.123009584182	0.3558976681
-dde	0.625233994759	0.282815424934	0.0483713964807	0.0435791838263
-mpi	0.112936344969	0.856262833676	0.0308008213552	0.0
-say	0.0790371630794	0.117565800192	0.0220955596184	0.78130147711
-mpe	0.624694376528	0.2597799511	0.0352995110024	0.0802261613691
-olu	0.0970935167942	0.144076960431	0.00977656556771	0.749052957207
-mpa	0.268131868132	0.447409733124	0.207221350078	0.0772370486656
-lfa	0.0071701275724	0.956979234566	0.035850637862	0.0
-ceg	0.216216216216	0.621621621622	0.108108108108	0.0540540540541
-saa	0.0412091029644	0.610572355857	0.00716539083803	0.34105315034
-sag	0.325966850829	0.380110497238	0.154696132597	0.139226519337
-saf	0.0	0.857142857143	0.0	0.142857142857
-ddu	0.36923644034	0.471027329231	0.0353467607335	0.124389469696
-olo	0.132196162047	0.273347547974	0.429424307036	0.165031982942
-sak	0.263388937665	0.394205443371	0.342405618964	0.0
-ola	0.464150943396	0.445283018868	0.0226415094339	0.0679245283018
-mpu	0.301674125642	0.348542366577	0.193569514014	0.156213993766
-ole	0.186152616666	0.288981183251	0.309890296176	0.214975903906
-sam	0.21718329472	0.638597877027	0.0809449549876	0.063273873265
-sal	0.700861754742	0.137255796264	0.0403436313942	0.1215388176
-mar	0.0533841754051	0.318875119161	0.616301239276	0.0114394661582
-uqu	0.260162601626	0.60162601626	0.121951219512	0.0162601626016
-uqi	0.857142857143	0.0989010989011	0.021978021978	0.021978021978
-mal	0.649136069114	0.204589632829	0.0555615550756	0.0907127429806
-sañ	0.0696239375946	0.817790196763	0.033880544883	0.0787053207591
-man	0.111898450877	0.028734690695	0.0772336560597	0.782133202368
-yyi	0.67447701624	0.0891136801541	0.0674029727497	0.169006330856
-yye	0.446927374302	0.553072625698	0.0	0.0
-ucu	0.282828282828	0.656565656566	0.020202020202	0.040404040404
-mag	0.0529270381038	0.317367655309	0.608100959293	0.0216043472943
-ucc	0.555112139836	0.398914518317	0.0110144464842	0.0349588953628
-wiy	0.374102321438	0.209637993249	0.159064339324	0.257195345989
-ëmu	0.36803983703	0.513354459031	0.0371208691716	0.0814848347669
-ëmm	0.109246785058	0.661481935089	0.15823637477	0.0710349050827
-ëme	0.477224890712	0.348420044255	0.0767040854877	0.0976509795456
-ëmb	0.194312881749	0.373521730417	0.183543363363	0.248622024471
-qoo	0.371727748691	0.392670157068	0.157068062827	0.0785340314136
-ñiy	0.16125440994	0.092375922561	0.0106596936779	0.735709973821
-xur	0.0788436268068	0.57950065703	0.341655716163	0.0
-elu	0.0802665278306	0.448243498481	0.442913408806	0.0285765648821
-xul	0.296145210614	0.20757004836	0.0835469278088	0.412737813218
-xum	0.0995288194668	0.815658684567	0.0348544503969	0.0499580455689
-iyo	0.00675675675676	0.993243243243	0.0	0.0
-eli	0.188720723768	0.709816521519	0.0618922803754	0.0395704743384
-iyi	0.980926430518	0.0190735694823	0.0	0.0
-elo	0.0646706586826	0.267065868264	0.452694610778	0.215568862275
-ell	0.0536987522282	0.507269385027	0.416666666667	0.0223651960784
-xug	0.321321321321	0.24024024024	0.294294294294	0.144144144144
-iya	0.0125308524777	0.890639832922	0.00721473324472	0.0896145813557
-rke	0.228789323165	0.646329837941	0.0762631077216	0.0486177311725
-xub	0.203966005666	0.762039660057	0.0	0.0339943342776
-ele	0.192038600724	0.407961399276	0.311700844391	0.0882991556092
-diŋ	0.0211027910143	0.977535738598	0.00136147038802	0.0
-nqu	0.342105263158	0.394736842105	0.157894736842	0.105263157895
-nqi	0.933125972006	0.0108864696734	0.0559875583203	0.0
-nqo	0.25	0.701612903226	0.0	0.0483870967742
-yër	0.655976676385	0.131195335277	0.169096209913	0.0437317784257
--si	0.358333333333	0.625	0.0	0.0166666666667
-yëf	0.1072543618	0.761432506887	0.0115702479339	0.119742883379
-tub	0.204654895666	0.638041733547	0.101123595506	0.0561797752809
-nci	0.532710280374	0.420560747664	0.0	0.0467289719626
-tug	0.165865217088	0.754454433526	0.0552884056961	0.0243919436895
-nce	0.754385964912	0.0350877192982	0.0350877192982	0.175438596491
-koo	0.231729027854	0.179867109022	0.0360422963512	0.552361566773
-kon	0.128276987879	0.0478720696461	0.00745748664317	0.816393455832
-tul	0.250338418407	0.220429914363	0.147920212298	0.381311454931
-tum	0.0591497227357	0.652495378928	0.212569316081	0.0757855822551
-tun	0.075	0.85	0.0375	0.0375
-kot	0.0	0.987179487179	0.0128205128205	0.0
-tur	0.0372479073195	0.912020822992	0.0177687721142	0.0329624975744
-tus	0.0185826771654	0.978582677165	0.00283464566929	0.0
-kos	0.0384615384615	0.923076923077	0.0384615384616	0.0
-tuw	0.11320754717	0.787735849057	0.0518867924529	0.0471698113207
-ncu	0.200887902331	0.499445061043	0.266370699223	0.0332963374029
-koy	0.246361901912	0.0409433972051	0.0116134498272	0.701081251055
-jeb	0.135338345865	0.390977443609	0.473684210526	0.0
-uñu	0.385288251538	0.16359797203	0.0947120659164	0.356401710516
-liy	0.316010699274	0.109667558273	0.109285441345	0.465036301108
-jee	0.450515531621	0.261338412031	0.0518552571091	0.236290799238
-lit	0.23743315508	0.552941176471	0.113368983957	0.096256684492
-liw	0.00948200175593	0.911852502195	0.0726953467955	0.00597014925373
-omu	0.0234847452628	0.801518036052	0.0427902662691	0.132206952416
-lis	0.059589167849	0.898464005922	0.0256615878107	0.0162852384184
-lil	0.413298128297	0.29293987503	0.0878942144299	0.205867782243
-lim	0.146517626827	0.730696474635	0.0608770421324	0.0619088564058
-omi	0.0314912397811	0.558101730055	0.00651813691228	0.403888893252
-lii	0.112573186766	0.0471212511302	0.0101571589503	0.830148403153
-omm	0.278592375367	0.466275659824	0.0527859237537	0.202346041056
-omb	0.361698275889	0.112937126235	0.420978990939	0.104385606937
-lif	0.14697322468	0.507178890182	0.011641443539	0.334206441599
-jey	0.291666666667	0.35	0.304166666667	0.0541666666666
-lib	0.043130489335	0.947459222083	0.0	0.00941028858218
-feñ	0.2125	0.7875	0.0	0.0
-xëm	0.568965517241	0.224137931034	0.172413793103	0.0344827586207
-xëy	0.11570060443	0.191797248465	0.0442384663998	0.648263680705
-pal	0.524104077054	0.351985223934	0.0468569870214	0.0770537119907
-pam	0.0657426162682	0.161060570089	0.130747743334	0.642449070309
-duy	0.263440860215	0.641577060932	0.0116487455197	0.0833333333334
-pag	0.14824120603	0.678391959799	0.113065326633	0.0603015075377
-pax	0.396373056995	0.572538860104	0.0	0.0310880829015
-pay	0.142857142857	0.673469387755	0.163265306122	0.0204081632653
-dug	0.17544952997	0.800593031875	0.00598279945157	0.0179746387032
-mci	0.255102040816	0.540816326531	0.173469387755	0.030612244898
-pas	0.0565217391304	0.926956521739	0.0165217391304	0.0
-dul	0.122297197627	0.236790015883	0.109254450211	0.531658336278
-dum	0.0952380952381	0.714285714286	0.142857142857	0.047619047619
-dun	0.00182038834951	0.956310679612	0.00364077669903	0.0382281553398
-wlu	0.879310344828	0.0689655172414	0.051724137931	0.0
-sab	0.61707523246	0.329388560158	0.0118343195266	0.0417018878557
-sel	0.0226244343891	0.977375565611	0.0	0.0
-wle	0.072218382861	0.530753282654	0.34796129924	0.0490670352453
-ànk	0.134678221338	0.785765023441	0.0215939764171	0.0579627788038
-slu	0.240085744909	0.392282958199	0.278670953912	0.0889603429796
-fet	0.118920738206	0.110562629719	0.659449150165	0.111067481909
-dig	0.565789473684	0.286954087346	0.0293952967525	0.117861142217
-fes	0.0181818181818	0.959595959596	0.0030303030303	0.0191919191919
-dib	0.145374449339	0.0925110132158	0.709251101322	0.0528634361233
-feq	0.361904761905	0.457142857143	0.142857142857	0.0380952380952
-dil	0.755456840442	0.141216676494	0.0404146798024	0.0629118032618
-din	0.418287937743	0.143968871595	0.262645914397	0.175097276265
-fey	0.706302931976	0.147227134552	0.016493974913	0.129975958559
-dit	0.139579349904	0.848948374761	0.0114722753346	0.0
-sle	0.266447368421	0.628289473684	0.0460526315789	0.0592105263158
-diw	0.208362863218	0.590361445783	0.188518781006	0.0127569099929
-fen	0.321223021583	0.590647482014	0.0708633093526	0.0172661870504
-sli	0.0	1.0	0.0	0.0
-egg	0.5061658426	0.188571205222	0.0746545760128	0.230608376165
-kor	0.0	1.0	0.0	0.0
-tuy	0.294117647059	0.5	0.161764705882	0.0441176470588
-eme	0.210244511869	0.190433696234	0.402998393718	0.19632339818
-ema	0.0	0.973509933775	0.0264900662252	0.0
-aŋi	0.488372093023	0.418604651163	0.0310077519379	0.062015503876
-emb	0.22898997687	0.77101002313	0.0	0.0
-emm	0.282616964625	0.168124762267	0.47850893876	0.0707493343477
-qle	0.0346820809249	0.780346820809	0.184971098266	0.0
-emi	0.00191754554171	0.992329817833	0.0	0.00575263662511
-emu	0.525191983518	0.256789660985	0.155085221952	0.0629331335456
-tba	0.150943396226	0.264150943396	0.320754716981	0.264150943396
-aŋu	0.0240963855422	0.951807228916	0.0240963855422	0.0
-gga	0.412322274882	0.552132701422	0.0355450236967	0.0
-cim	0.74358974359	0.153846153846	0.0	0.102564102564
-cib	0.517587939699	0.118829441324	0.0798108187998	0.283771800177
-xtu	0.0580189357376	0.840833008153	0.0135548664024	0.0875931897066
-cig	0.2456607331	0.0739754893806	0.0328287029335	0.647535074585
-ciy	0.166023819191	0.085498714305	0.0340370821491	0.714440384355
-xte	0.0520890057305	0.0217182651643	0.0034335765147	0.922759152591
-ciw	0.21556256572	0.555205047319	0.0725552050473	0.156677181914
-oŋŋ	0.157627118644	0.220338983051	0.0737288135594	0.548305084746
-omp	0.907849829352	0.0307167235495	0.0341296928327	0.0273037542662
-jem	0.28506097561	0.574695121951	0.0396341463415	0.100609756098
-lin	0.0973938797263	0.708387915673	0.0922678860565	0.101950318544
-ful	0.452096665015	0.137572488294	0.156805002128	0.253525844563
-oma	0.0410958904109	0.876712328767	0.0164383561644	0.0657534246575
-gci	0.850393700787	0.149606299213	0.0	0.0
-tte	0.475630957725	0.426667274297	0.03670603658	0.0609957313977
