-leh	0.333333333333	0.423076923077	0.0769230769231	0.166666666667
-kna	0.109955970073	0.793857315872	0.0223828226692	0.0738038913853
-ivu	0.543795620438	0.419708029197	0.0	0.036496350365
-ivv	0.297770318868	0.442579717094	0.115799568449	0.143850395589
-iot	0.0	1.0	0.0	0.0
-heu	0.259842519685	0.503937007874	0.173228346457	0.0629921259842
-hev	0.148726717791	0.0256602234182	0.000657278420026	0.824955780371
-euv	0.168017874242	0.723991914033	0.00893712097031	0.0990530907543
-eus	0.0390218522373	0.921956295525	0.0234131113424	0.0156087408949
-hel	0.118913036907	0.789045733458	0.00317383550464	0.0888673941299
-iva	0.157573041693	0.461630677363	0.0781045628547	0.30269171809
-heo	0.200624164066	0.799375835934	0.0	0.0
-ive	0.0746268656717	0.925373134328	0.0	0.0
-euk	0.697478991597	0.176470588235	0.126050420168	0.0
-ivi	0.143198090692	0.0620525059666	0.776849642005	0.0178997613365
-ivm	0.317792849877	0.269589310144	0.0886674553831	0.323950384595
-tpw	0.136363636364	0.318181818182	0.545454545455	0.0
-ivo	0.552520885669	0.130508369732	0.270731883336	0.0462388612628
-aus	0.508980067006	0.398331067211	0.0771370426653	0.015551823118
-btv	0.237903225806	0.0725806451613	0.0	0.689516129032
-mut	0.0868596881959	0.0668151447662	0.0	0.846325167038
-umi	0.332418210936	0.428048501487	0.118508350492	0.121024937085
-het	0.0	1.0	0.0	0.0
-bta	0.598591549296	0.269366197183	0.0176056338028	0.114436619718
-lea	0.0	1.0	0.0	0.0
-hhe	0.294117647059	0.44385026738	0.0802139037433	0.181818181818
-yem	0.0525325179043	0.0464072930467	0.00285210026626	0.898208088783
-aum	0.103448275862	0.896551724138	0.0	0.0
-aul	0.0	1.0	0.0	0.0
-pla	0.664956424536	0.183393166618	0.0140907533719	0.137559655474
-nti	0.47268907563	0.411764705882	0.0630252100841	0.0525210084034
-puv	0.50240435212	0.353755484675	0.0899243883879	0.0539157748167
-pup	0.26159334126	0.186979785969	0.509809750297	0.0416171224732
-ole	0.427023495799	0.332332582602	0.164569391545	0.0760745300538
-pus	0.155642023346	0.537937743191	0.306420233463	0.0
-nta	0.671423401065	0.215345638798	0.0361925443359	0.0770384158006
-kia	0.0	0.928741092637	0.0712589073634	0.0
-uao	0.605791535318	0.255028082489	0.096355649211	0.0428247329827
-svu	0.887272727273	0.112727272727	0.0	0.0
-pak	0.0	1.0	0.0	0.0
-svo	0.481040086674	0.34127843987	0.0693391115926	0.108342361863
-uav	0.921232876712	0.0376712328767	0.0205479452055	0.0205479452055
-pul	0.354618646672	0.332554852191	0.0878864236986	0.224940077438
-pum	0.448421052632	0.511157894737	0.0277894736842	0.0126315789474
-sva	0.121524899454	0.31251446453	0.0170245300666	0.548936105949
-sve	0.518518518519	0.333333333333	0.148148148148	0.0
-pra	0.518958026751	0.302784761332	0.0494100277107	0.128847184207
-eum	0.0	1.0	0.0	0.0
-2ra	0.0990099009901	0.782178217822	0.0	0.118811881188
-nme	0.155844155844	0.743970315399	0.0445269016698	0.0556586270872
-aki	0.0255241567913	0.948951686417	0.0	0.0255241567913
-dha	0.392814427009	0.362107615289	0.177397637993	0.0676803197089
-hem	0.102973791175	0.11251042941	0.00911586792421	0.775399911491
-pri	0.647058823529	0.31221719457	0.027149321267	0.0135746606335
-dhi	0.462716245775	0.256512229071	0.137601908928	0.143169616226
-nmi	0.0493827160494	0.925925925926	0.0	0.0246913580247
-kik	0.524244833068	0.313990461049	0.0544515103339	0.107313195548
-dhu	0.590942293645	0.36523009496	0.0438276113952	0.0
-opo	0.355412618038	0.369508690297	0.0492678253729	0.225810866293
-pru	0.0289855072464	0.92270531401	0.048309178744	0.0
-opi	0.0894966707239	0.908355409179	0.0	0.00214792009738
-sma	0.347286200681	0.282595633887	0.08091327859	0.289204886842
-eis	0.210639404956	0.136423076718	0.046845831851	0.606091686475
-ope	0.264843021449	0.442959278831	0.0746036680137	0.217594031707
-opa	0.0568181818181	0.855113636364	0.0359848484849	0.0520833333334
-smi	0.120210896309	0.651669595782	0.0446397188048	0.183479789104
-hei	0.53233256351	0.286374133949	0.0381062355658	0.143187066975
-ner	0.0	1.0	0.0	0.0
-nol	0.0	0.7	0.3	0.0
-kih	0.800665504674	0.0828467998488	0.0382116694904	0.0782760259863
-gka	0.210772833724	0.304449648712	0.0281030444965	0.456674473068
-mra	0.0456428539628	0.62612278196	0.10452626272	0.223708101357
-oku	0.0	0.824817518248	0.175182481752	0.0
-msi	0.0	0.951612903226	0.0	0.0483870967742
-del	0.112283531599	0.48309474203	0.230181239779	0.174440486592
-dem	0.0990497938232	0.663162761731	0.0158524962963	0.221934948149
-msm	0.00908265213443	0.989100817439	0.0	0.00181653042689
-400	0.0	0.614435673039	0.0283663624816	0.35719796448
-ima	0.380067346309	0.302677278173	0.121230099427	0.196025276091
-hra	0.277171712311	0.258382771284	0.0714292216844	0.393016294721
-oko	0.271269469319	0.57131115737	0.0596541657068	0.0977652076036
-imb	0.429077229476	0.292100022129	0.0	0.278822748396
-aka	0.352843163842	0.360435806979	0.12244513749	0.164275891688
-lga	0.357007160602	0.427697403673	0.0535340250377	0.161761410687
-imi	0.288143239814	0.168870717609	0.0358099534752	0.507176089102
-lgo	0.129854368932	0.870145631068	0.0	0.0
-vho	0.3467406187	0.292826595507	0.0802779226376	0.280154863155
-oka	0.441860465116	0.158914728682	0.259689922481	0.139534883721
-rpi	0.030303030303	0.969696969697	0.0	0.0
-ail	0.0	0.666666666666	0.0	0.333333333334
-lla	0.176645647995	0.486767168604	0.0619351795615	0.274652003839
-bis	0.167741935484	0.806451612903	0.0258064516129	0.0
-lle	0.810526315789	0.0701754385965	0.038596491228	0.080701754386
-mna	0.247188459259	0.633634923231	0.0678669443544	0.051309673156
-rpa	0.0	1.0	0.0	0.0
-lli	0.638341968912	0.180310880829	0.019689119171	0.161658031088
-llo	0.38361929427	0.470055033992	0.00712204596956	0.139203625769
-llu	0.437913237919	0.280036634809	0.0122582507188	0.269791876553
-bia	0.430034129693	0.42662116041	0.143344709898	0.0
-hor	0.0	1.0	0.0	0.0
-bim	0.0653994754505	0.237570151442	0.0715502411235	0.625480131983
-dam	0.310109364806	0.356944964932	0.0346286830475	0.298316987215
-hle	0.439443292864	0.41131181522	0.0	0.149244891916
-uta	0.369330290988	0.433793964035	0.051908495602	0.144967249375
-tet	0.204081632653	0.591836734694	0.112244897959	0.0918367346939
-hla	0.495621377297	0.295928659677	0.0400767601065	0.16837320292
-ria	0.0192396048702	0.951987135309	0.0148173673329	0.0139558924879
-hlo	0.349802371541	0.650197628459	0.0	0.0
-rar	0.0	1.0	0.0	0.0
-uth	0.346234309623	0.25	0.391213389121	0.0125523012552
-uti	0.289489136817	0.245889606577	0.194509688784	0.270111567821
-rik	0.067415730337	0.932584269663	0.0	0.0
-utm	0.031746031746	0.238095238095	0.015873015873	0.714285714286
-riv	0.31807684906	0.327506575149	0.129498364231	0.224918211559
-pap	0.0	1.0	0.0	0.0
-rit	0.00923076923077	0.986153846154	0.0	0.00461538461538
-gra	0.24928888485	0.603339710337	0.0215559354866	0.125815469327
-ris	0.0819371126922	0.906587101216	0.0114757860914	0.0
-gre	0.0	1.0	0.0	0.0
-teh	0.116822429907	0.626947040498	0.256230529595	0.0
-tei	0.333333333333	0.29797979798	0.126262626263	0.242424242424
-tek	0.0	0.989408649603	0.0	0.0105913503972
-tel	0.108261425376	0.792905081496	0.0472994566954	0.0515340364333
-aku	0.579483163665	0.236491777604	0.0509005481598	0.133124510572
-ten	0.045754102775	0.0119680524589	0.00431595462204	0.937961890144
-met	0.285169607441	0.165931473123	0.074716181097	0.47418273834
-wal	0.328719060496	0.1820096984	0.234554187702	0.254717053402
-ara	0.256982146155	0.217888233026	0.0304574574273	0.494672163392
-mes	0.0307219662059	0.900153609831	0.0691244239631	0.0
-rao	0.606469558051	0.276089420006	0.0865354898527	0.0309055320902
-arm	0.275071633238	0.724928366762	0.0	0.0
-lus	0.0552505147564	0.894989704873	0.0291695264242	0.0205902539465
-lut	0.0	1.0	0.0	0.0
-ari	0.416909620991	0.384839650146	0.0758017492711	0.122448979592
-tau	0.789473684211	0.210526315789	0.0	0.0
-lui	0.166752977732	0.676851372346	0.0631796996375	0.0932159502848
-luk	0.0841836734694	0.793367346939	0.0688775510204	0.0535714285714
-lul	0.692686935086	0.0936729663106	0.0115036976171	0.202136400986
-wai	0.0635846179588	0.0363328808995	0.0107100804706	0.889372420671
-lun	0.120533010297	0.879466989703	0.0	0.0
-mem	0.0731617518146	0.653017286721	0.071429573267	0.202391388197
-mel	0.117661098218	0.198987954542	0.459653928924	0.223697018316
-men	0.343454849251	0.0761355452954	0.01155098831	0.568858617144
-mek	0.631578947368	0.3	0.0631578947369	0.00526315789473
-erm	0.0	1.0	0.0	0.0
-vuv	0.294368196876	0.384129988957	0.0741441867802	0.247357627386
-aya	0.470162748644	0.204339963834	0.0813743218807	0.244122965642
-ero	0.00927613052841	0.819115454696	0.171608414776	0.0
-pho	0.443038069408	0.167858818951	0.0414122808612	0.347690830779
-ayu	0.163461538462	0.771634615385	0.0432692307692	0.0216346153846
-vun	0.0372670807453	0.521739130435	0.335403726708	0.105590062112
-mos	0.216415836661	0.523744753046	0.098021148699	0.161818261595
-vul	0.0710554824994	0.613902307739	0.249939018989	0.0651031907718
-vui	0.094382022472	0.767191011236	0.0125842696629	0.125842696629
-0va	0.498874730724	0.368071136513	0.0219147983374	0.111139334425
-ndk	0.3527608248	0.28478029075	0.214706690984	0.147752193465
-sra	0.201837998162	0.418876118849	0.0979867549399	0.281299128049
-alm	0.302527805294	0.359919530715	0.105194454381	0.23235820961
-vit	0.00859598853867	0.973495702006	0.0	0.0179083094556
-lap	0.0	1.0	0.0	0.0
-ili	0.0187206104161	0.963179842073	0.0074527548576	0.0106467926537
-ekm	0.106911672583	0.858216746711	0.0286072248904	0.0062643558154
-ota	0.209400315947	0.364794450028	0.0450049118208	0.380800322204
-lma	0.249762032011	0.261592268242	0.133346523616	0.35529917613
-oti	0.139500537057	0.833915145005	0.0	0.0265843179377
-otm	0.198524103634	0.688377316115	0.0144381166279	0.098660463624
-hil	0.119087728392	0.585201503175	0.0717895555268	0.223921212907
-sur	0.0	1.0	0.0	0.0
-aui	0.333333333334	0.5	0.166666666667	0.0
-ots	0.0	1.0	0.0	0.0
-uma	0.105263157895	0.684210526316	0.0	0.210526315789
-otv	0.329365079365	0.380952380952	0.208994708995	0.0806878306878
-umb	0.275673051561	0.537336757958	0.0177812757819	0.169208914699
-mat	0.0	1.0	0.0	0.0
-nha	0.754716981132	0.0754716981132	0.0	0.169811320755
ALL	0.237323551634	0.277179215139	0.0521329948487	0.433364238378
-nai	0.259382460428	0.535487593768	0.117217111888	0.0879128339161
-nan	0.0399502840909	0.890802556818	0.0479403409091	0.0213068181818
-nao	0.78313253012	0.0240963855422	0.0240963855422	0.168674698795
-nal	0.131183354365	0.215387368982	0.0695402171429	0.58388905951
-nam	0.247134481522	0.284730399763	0.0988416642037	0.369293454511
-sis	0.23918070191	0.32053578286	0.200542324059	0.239741191171
-gda	0.463087248322	0.322147651007	0.0604026845637	0.154362416107
-sip	0.0288252229478	0.913419001475	0.0184326943333	0.0393230812443
-kin	0.234921464916	0.37296623293	0.0897371437765	0.302375158377
-kim	0.109020525747	0.714740127236	0.013023646621	0.163215700396
-kis	0.0169696935415	0.900076787863	0.0736484699701	0.00930504862524
-kir	0.0	0.25	0.0	0.75
-sin	0.0	0.969691588957	0.0303084110433	0.0
-sim	0.213087939864	0.707002116883	0.0261451966856	0.0537647465677
-sil	0.133043310664	0.277182741816	0.403370136843	0.186403810678
-nas	0.0760114425828	0.8565590519	0.018389865141	0.0490396403759
-sia	0.0215401341526	0.940155508314	0.0171233874021	0.0211809701311
-nav	0.371218994424	0.255223264667	0.0696994755914	0.303858265318
-nat	0.0	1.0	0.0	0.0
-ker	0.0	1.0	0.0	0.0
-goi	0.717948717949	0.192307692308	0.0641025641026	0.025641025641
-mov	0.221635373543	0.641216657309	0.0440611122603	0.093086856888
-wui	0.82119205298	0.158940397351	0.0198675496689	0.0
-gom	0.161259000169	0.30663676252	0.0338290657625	0.498275171548
-gol	0.0540536093331	0.883739489576	0.0352294604512	0.0269774406398
-wul	0.213429948909	0.429968594648	0.0519855462262	0.304615910216
-goa	0.416091978227	0.379511962293	0.0319368842937	0.172459175186
-vli	0.0125825731362	0.884240327147	0.0276816608997	0.0754954388172
-wus	0.332943469786	0.650682261209	0.0163742690058	0.0
-moa	0.365363021108	0.292472996631	0.079098564757	0.263065417505
-vla	0.272427587229	0.518779168827	0.082413512112	0.126379731832
-mon	0.0207693814904	0.974266866958	0.000261250081641	0.00470250146953
-mom	0.236910865874	0.584077249576	0.0478624787776	0.131149405772
-mol	0.0416666666666	0.813995215311	0.117424242424	0.0269138755981
-mok	0.0402864816473	0.94897045658	0.0	0.0107430617726
-wuv	0.358169749033	0.414113804977	0.068510170033	0.159206275958
-moi	0.15514809591	0.802538787024	0.0	0.0423131170663
-moh	0.207401825337	0.610901783471	0.0958720589467	0.0858243322448
-lka	0.397155166275	0.427757601652	0.141440575376	0.0336466566973
-pok	0.540435933999	0.346506416786	0.0488897942553	0.0641678549603
-bes	0.222614840989	0.424028268551	0.247349823322	0.106007067138
-gvm	0.349310330645	0.273089904968	0.0652229145836	0.312376849804
-gvi	0.617059891107	0.351179673321	0.0317604355716	0.0
-bek	0.0	0.617647058823	0.0	0.382352941177
-bei	0.595134813303	0.131070851408	0.0314706132517	0.242323722038
-bel	0.138608120805	0.662883307751	0.0889266218186	0.109581949625
-bem	0.85393258427	0.14606741573	0.0	0.0
-yam	0.306859318495	0.634404770869	0.0544381610775	0.00429774955874
-lpm	0.510638297872	0.31914893617	0.0	0.170212765957
-wut	0.383441687674	0.459333952501	0.105479633807	0.0517447260183
-eoa	0.309074939082	0.0691954565637	0.0172083980418	0.604521206312
-evu	0.319218241042	0.563517915309	0.058631921824	0.0586319218241
-evv	0.255206805515	0.427398063948	0.123789967732	0.193605162804
-rei	0.346401580213	0.276064926142	0.0622638268636	0.315269666781
-hho	0.322709163347	0.517928286853	0.0318725099602	0.127490039841
-isi	0.0976011205058	0.861962546935	0.0271421958274	0.0132941367318
-omi	0.0	0.6	0.0	0.4
-akm	0.0811227432019	0.885696224992	0.0185423413033	0.0146386905026
-isa	0.152958058835	0.779205531277	0.0463113952122	0.0215250146761
-eve	0.607508532423	0.264505119454	0.0	0.127986348123
-gve	0.0233918128655	0.730994152047	0.245614035088	0.0
-eva	0.0484045824235	0.0165713040986	0.00723328504757	0.92779082843
-oav	0.136788884939	0.198736788331	0.372546220823	0.291928105906
-evm	0.207159903914	0.131851160876	0.0558686089961	0.605120326214
-rep	0.863095238095	0.136904761905	0.0	0.0
-evo	0.249221183801	0.663551401869	0.0747663551402	0.01246105919
-rev	0.486469218407	0.133934205779	0.0607038604087	0.318892715406
-evi	0.117647058824	0.852941176471	0.0	0.0294117647059
-ret	0.0336004932183	0.952527743526	0.00924784217018	0.00462392108507
-reu	0.702427564604	0.297572435396	0.0	0.0
-avk	0.130630630631	0.600600600601	0.0735735735736	0.195195195195
-avm	0.387007677655	0.275729205899	0.0718437428872	0.26541937356
-bat	0.672897196262	0.14953271028	0.0654205607477	0.11214953271
-avo	0.702039634659	0.185518967482	0.0339939109808	0.0784474868787
-ava	0.187472085823	0.277189473246	0.0385123973345	0.496826043597
-mas	0.0223417599928	0.959237871374	0.00418131067139	0.014239057962
-mar	0.0	0.881377733314	0.101472059454	0.0171502072317
-hal	0.120727048312	0.670774634804	0.0443031270215	0.164195189863
-ham	0.0573134328358	0.890671641791	0.0120895522388	0.0399253731343
-mav	0.420886075949	0.579113924051	0.0	0.0
-hap	0.09765625	0.90234375	0.0	0.0
-mak	0.0875912408759	0.912408759124	0.0	0.0
-has	0.0	1.0	0.0	0.0
-mam	0.249620327103	0.454468457944	0.0735105140187	0.222400700935
-mal	0.27925351649	0.430338318927	0.230451931084	0.0599562334988
-hav	0.415205360174	0.303088150106	0.0737481362067	0.207958353513
-man	0.0	0.883656509695	0.116343490305	0.0
-avu	0.0873786407767	0.864077669903	0.0485436893204	0.0
-ohi	0.775	0.1875	0.0375	0.0
-yon	0.0291394875541	0.894202369149	0.00918436570474	0.0674737775923
-unm	0.119284294235	0.850894632207	0.026507620941	0.00331345261763
-uni	0.513304130616	0.28074430728	0.0354776816421	0.170473880462
-und	0.445557083466	0.377868059326	0.0479486655319	0.128626191676
-une	0.479135312628	0.221918183062	0.069776987276	0.229169517034
-ung	0.209414919102	0.631340402682	0.0557373041609	0.103507374055
-una	0.524483192464	0.145989284576	0.016700311461	0.312827211499
-i-i	0.12	0.88	0.0	0.0
-nka	0.19843978547	0.523647001463	0.126767430522	0.151145782545
-pta	0.0	1.0	0.0	0.0
-unu	0.471629476059	0.337249858271	0.0338982302979	0.157222435372
-unv	0.50962102457	0.162194241095	0.0476065860468	0.280578148288
-kal	0.413276664643	0.354482898199	0.174559805707	0.0576806314511
-nki	0.180722891566	0.758032128514	0.0552208835342	0.00602409638555
-tra	0.265358755158	0.641521469033	0.0570536628399	0.0360661129685
-usm	0.0426544496499	0.502354304039	0.00278042241723	0.452210823894
-eon	0.0264900662252	0.900662251656	0.0264900662252	0.0463576158941
-gao	0.48068375351	0.340822378659	0.0161443743858	0.162349493445
-gam	0.371970081538	0.203286113138	0.0380326152479	0.386711190076
-gal	0.164539926924	0.345683531829	0.129946122593	0.359830418654
-tri	0.0	0.990755007704	0.00924499229583	0.0
-gai	0.418940777459	0.372867205844	0.0654839551265	0.14270806157
-tru	0.297872340426	0.659574468085	0.0	0.0425531914894
-gav	0.537788613307	0.271169756309	0.0646668310616	0.126374799322
-144	0.148429264179	0.18743411343	0.00737929580433	0.656757326587
-sna	0.171849907395	0.525409258638	0.0756248417681	0.2271159922
-gas	0.235418224405	0.335242805066	0.161832949604	0.267506020925
-mno	0.439672124152	0.315386295482	0.085327342435	0.159614237932
-ikm	0.0219512195122	0.919512195122	0.0585365853659	0.0
-oht	0.808	0.144	0.0	0.048
-ini	0.136132771997	0.581059582682	0.071320076063	0.211487569258
-ohv	0.442969604678	0.153472716781	0.0336597157715	0.369897962769
-sel	0.0886438809262	0.901433296582	0.00992282249172	0.0
-sek	0.0	1.0	0.0	0.0
-inm	0.280888668649	0.531590683845	0.082053187975	0.105467459531
-seh	0.0159347152008	0.775674571091	0.0549741010901	0.153416612618
-ina	0.360511080722	0.279922893217	0.0385758462155	0.320990179845
-lok	0.0384129306905	0.540674471198	0.22069974724	0.200212850872
-ind	0.111887886669	0.709838354227	0.076263805512	0.102009953592
-ine	0.476935105551	0.360828772479	0.0117279124316	0.150508209539
-sea	0.04	0.96	0.0	0.0
-ing	0.0680281326071	0.801918084468	0.0324065639242	0.0976472190012
-ohe	0.605427974948	0.37369519833	0.0125260960334	0.00835073068892
-iav	0.482782909458	0.32780351198	0.069431179392	0.11998239917
-uim	0.28168917057	0.54112703224	0.124138881234	0.0530449159548
-oum	0.133802816901	0.866197183099	0.0	0.0
-ohm	0.237634195847	0.476177666521	0.161068364573	0.125119773059
-oho	0.377789419813	0.334064157034	0.125699657704	0.162446765449
-ses	0.166617523777	0.799791865406	0.00485647385309	0.0287341369641
-inu	0.330120471704	0.318086337306	0.0434445613653	0.308348629624
-inv	0.417705806946	0.238008176296	0.0622860833	0.281999933458
-sep	0.00958874920093	0.946196462817	0.0	0.0442147879822
-ooa	0.284766654735	0.335503007688	0.0811486548555	0.298581682721
-ous	0.20367303929	0.617943700135	0.139545386121	0.0388378744543
-kus	0.516504891765	0.277328403051	0.00693321007626	0.199233495108
-iam	0.0745043166038	0.871901153734	0.00475222430499	0.0488423053568
-rsi	0.257425742574	0.653465346535	0.0594059405941	0.029702970297
-iao	0.481595916174	0.302122514777	0.0255239118753	0.190757657174
-ian	0.17643588781	0.487853273985	0.287445701722	0.048265136483
-bla	0.114651808796	0.171020729299	0.0173348961929	0.696992565712
-lav	0.575375661624	0.210085957592	0.054706756702	0.159831624082
-nen	0.0404373839489	0.422323086445	0.519909222199	0.0173303074066
-dho	0.468619246862	0.234309623431	0.146443514644	0.150627615063
-aoa	0.288303219294	0.377299812507	0.0723963829011	0.262000585299
-gho	0.32187344295	0.31091180867	0.0393622321873	0.327852516193
-ias	0.00140075173677	0.922958654478	0.0154082691044	0.060232324681
-nei	0.643603133159	0.206266318538	0.023498694517	0.126631853786
-kun	0.602462620932	0.200967458223	0.183377308707	0.0131926121372
-kum	0.31308354705	0.533853385503	0.0470963284452	0.105966739002
-kul	0.66986803879	0.149928448819	0.0921285850669	0.088074927324
-kuk	0.108083247097	0.640680694492	0.162124870645	0.0891111877658
-kui	0.0314225909767	0.57566892795	0.343126623459	0.0497818576148
-kuh	0.637606032045	0.0844132893497	0.13024269557	0.147737983035
-ban	0.0921658986175	0.907834101382	0.0	0.0
-ska	0.0	1.0	0.0	0.0
-bal	0.0439021261585	0.142064586473	0.810185036719	0.00384825064939
-hoa	0.491781605687	0.267379010131	0.0816141317322	0.15922525245
-bak	0.630350194553	0.369649805447	0.0	0.0
-eke	0.662379421222	0.096463022508	0.24115755627	0.0
-bai	0.351590106007	0.462897526502	0.0556537102473	0.129858657244
-peh	0.131163102956	0.391387725811	0.320943344844	0.156505826389
-hoh	0.568681474212	0.369232511181	0.0198146855126	0.0422713290936
-hoi	0.513596978017	0.252565375703	0.0823529411764	0.151484705104
-hon	0.110387824333	0.804345832951	0.0632621252407	0.022004217475
-ism	0.214044456806	0.219307905881	0.0450893681936	0.521558269119
-hol	0.258029667314	0.432668705819	0.237364424328	0.0719372025394
-hom	0.559692755775	0.064675480426	0.018631678136	0.357000085663
-eks	0.209586910959	0.770130484754	0.0	0.0202826042864
-hos	0.0123626373626	0.884615384615	0.0865384615384	0.0164835164835
-iha	0.356054525935	0.426435491182	0.0720311133298	0.145478869554
-hov	0.426808944183	0.240244237622	0.0897632044398	0.243183613755
-pro	0.640635060576	0.193493680109	0.0549856581779	0.110885601137
-eku	0.322767695353	0.435254104987	0.0468344902568	0.195143709403
-bav	0.582191780822	0.315068493151	0.0205479452055	0.0821917808219
-mka	0.296475250719	0.57538762831	0.042213934826	0.0859231861445
-bar	0.0	0.961538461538	0.0384615384615	0.0
-bas	0.506318449874	0.438079191238	0.0	0.055602358888
-uus	0.292306157012	0.215361856877	0.232887487856	0.259444498255
-dru	0.0	1.0	0.0	0.0
-ase	0.0	1.0	0.0	0.0
-mbs	0.636222106902	0.251340598512	0.0916796402006	0.020757654385
-mbt	0.285714285714	0.714285714286	0.0	0.0
-mbu	0.415222520543	0.154421934749	0.0679358880482	0.362419656659
-asa	0.505519195077	0.364950669141	0.0193416039855	0.110188531796
-opm	0.122781892905	0.840731035147	0.00173747961658	0.0347495923316
-aso	0.0	1.0	0.0	0.0
-eiu	0.426071414129	0.351009676491	0.129853744715	0.0930651646655
-asm	0.271546513443	0.531076683015	0.101061457529	0.0963153460129
-ovi	0.0771570004906	0.232249648584	0.620311726716	0.0702816242093
-pev	0.115998381019	0.149549476616	0.0176420119269	0.716810130438
-asi	0.0671317625378	0.914439910491	0.0184283269712	0.0
-eit	0.650537634409	0.228494623656	0.0806451612903	0.0403225806452
-yei	0.566810344827	0.273706896552	0.0129310344828	0.146551724138
-mba	0.182598134297	0.21847561133	0.0332308495855	0.565695404787
-eli	0.0817604592503	0.839958249978	0.00782812907716	0.0704531616943
-dra	0.300250651964	0.391161675331	0.0499063825719	0.258681290133
-mbe	0.389758179232	0.440967283073	0.0426742532006	0.126600284495
-yeo	0.25	0.125	0.0	0.625
-yen	0.315591369283	0.562347846668	0.0169904553973	0.105070328651
-mbh	0.64991710241	0.109042214003	0.0	0.241040683586
-mbi	0.152720698133	0.239074966589	0.0794847936842	0.528719541594
-lta	0.190262881178	0.448720644935	0.110704521556	0.250311952331
-mbm	0.377292964574	0.505483456563	0.0614028270236	0.0558207518396
-mbo	0.167959331102	0.066024405361	0.0281196715051	0.737896592032
-vem	0.289655172414	0.233620689655	0.319827586207	0.156896551724
-rav	0.430554427773	0.339827591876	0.103898251142	0.12571972921
-rat	0.0	1.0	0.0	0.0
-vpa	0.33802297678	0.280330133218	0.0570901564345	0.324556733568
-ras	0.0	1.0	0.0	0.0
-ran	0.0837209302326	0.916279069767	0.0	0.0
-eri	0.65541740675	0.266429840142	0.0355239786856	0.0426287744227
-ral	0.174384490182	0.606771235748	0.0840797264368	0.134764547633
-ram	0.21868547746	0.536947876833	0.0440225873283	0.200344058378
-rak	0.0	1.0	0.0	0.0
-mer	0.0	1.0	0.0	0.0
-rai	0.574303405573	0.265215346632	0.0987576909511	0.0617235568445
-era	0.294163711361	0.458774455394	0.0310796115115	0.215982221733
-ihm	0.0738618274435	0.707736389685	0.139446036294	0.0789557465776
-iwo	0.230444884261	0.539712589278	0.073229498322	0.156613028139
-pos	0.149976504736	0.464331631658	0.10399035895	0.281701504656
-swo	0.124847001224	0.232558139535	0.642594859241	0.0
-ahm	0.168888888889	0.133333333333	0.657777777778	0.04
-pov	0.227586206897	0.692610837438	0.0443349753695	0.0354679802955
-pot	0.544444444444	0.433333333333	0.0222222222222	0.0
-bsa	0.361858190709	0.540342298288	0.0977995110025	0.0
-pon	0.107671601615	0.121130551817	0.730820995962	0.0403768506056
-pol	0.163055906358	0.709411502952	0.0372603610256	0.090272229664
-pom	0.141047188106	0.747446670976	0.0155138978668	0.0959922430511
-aoh	0.358395989975	0.526315789474	0.115288220551	0.0
-ika	0.218896956869	0.539323366905	0.152274699931	0.0895049762953
-iko	0.0	0.990067164885	0.0	0.00993283511492
-lam	0.164150214182	0.452551557331	0.111994838733	0.271303389753
-nor	0.0	1.0	0.0	0.0
-lao	0.482017300366	0.296873846255	0.0660455016587	0.15506335172
-not	0.0	0.590243902439	0.360975609756	0.0487804878049
-lai	0.477395096758	0.266322487647	0.0606166286339	0.195665786961
-nov	0.371363241029	0.316990713464	0.0604887355161	0.251157309991
-lat	0.0476868327402	0.83660396543	0.0634468734113	0.0522623284189
-noi	0.080948703383	0.0851613611945	0.018049794323	0.815840141099
-iku	0.23102310231	0.358910891089	0.0387788778878	0.371287128713
-lgu	0.0	0.5	0.5	0.0
-iks	0.449087020892	0.441026484619	0.0315841421286	0.0783023523605
-nom	0.0607951894818	0.0592803131319	0.011344056962	0.868580440424
-voe	0.309598888619	0.618955214007	0.00793843304152	0.0635074643321
-res	0.0	0.9525128611	0.02374356945	0.0237435694499
-hvm	0.401953167294	0.308396602839	0.0780244904974	0.21162573937
-noa	0.180538430162	0.355917423838	0.214048525958	0.249495620042
-ppa	0.0673720795876	0.911203082842	0.00451728502982	0.0169075525402
-ahe	0.197752808989	0.667415730337	0.0	0.134831460674
-lpa	0.0	1.0	0.0	0.0
-hpe	0.708384710234	0.112207151665	0.179408138101	0.0
-gei	0.2525283262	0.562186199944	0.0982574482568	0.0870280255988
-ahi	0.0360360360361	0.891891891892	0.036036036036	0.036036036036
-tvm	0.27244819647	0.716039907905	0.0	0.0115118956255
-aho	0.513444478065	0.341655884477	0.0462727655807	0.0986268718779
-gem	0.242494226328	0.757505773672	0.0	0.0
-gel	0.0	1.0	0.0	0.0
-tva	0.181322572718	0.531748904104	0.042734275462	0.244194247716
-aha	0.470236056576	0.182997430181	0.0838340024881	0.262932510756
-npo	0.0	0.803797468354	0.0	0.196202531646
-dta	0.357792562594	0.620994439623	0.0212129977823	0.0
-bok	0.395604395604	0.384615384615	0.21978021978	0.0
-bot	0.189189189189	0.631955484897	0.155007949126	0.0238473767885
-bov	0.034255599473	0.919631093544	0.0461133069829	0.0
-nne	0.402781286188	0.42600326184	0.010108747122	0.16110670485
-pia	0.621365264514	0.232836297267	0.0959517867416	0.0498466514771
-doa	0.340680611038	0.029951364111	0.000976680364972	0.628391344486
-dom	0.312990178898	0.123111651103	0.0341648688573	0.529733301142
-ahv	0.554242408028	0.16556554901	0.0616308085943	0.218561234367
-gev	0.165165165165	0.549549549549	0.24024024024	0.0450450450451
-aht	0.141509433962	0.754716981132	0.0283018867925	0.0754716981132
-ahu	0.370967741935	0.306451612903	0.0	0.322580645161
-sas	0.385686122229	0.522910568134	0.0591433179999	0.0322599916363
-gla	0.234373273371	0.350758280402	0.0898886053665	0.324979840861
-gle	0.489871771046	0.270395837205	0.0780524066158	0.161679985133
-vov	0.384619454086	0.218685380569	0.0367101622286	0.359985003117
-toa	0.458629137991	0.310230478217	0.0924561535168	0.138684230275
-ton	0.0792126740278	0.873979836774	0.0180028804609	0.0288046087374
-gli	0.978140583373	0.00819728123505	0.00136621353918	0.0122959218525
-tol	0.173568003496	0.544929243903	0.0415913976817	0.23991135492
-tom	0.0217548948514	0.978245105149	0.0	0.0
-tok	0.462886631398	0.277173736652	0.0341436499951	0.225795981955
-olv	0.512258069871	0.303743035895	0.102550826435	0.081448067799
-glo	0.59802306425	0.280724876442	0.0164744645799	0.104777594728
-tov	0.286190861302	0.465173877881	0.184189243834	0.0644460169834
-voa	0.373258141574	0.455043718406	0.0580899434078	0.113608196613
-tot	0.0697674418605	0.720930232558	0.0	0.209302325581
-aiv	0.541066205925	0.129535429195	0.0689858206002	0.26041254428
-tor	0.773072747014	0.226927252986	0.0	0.0
-glu	0.655239148466	0.202838448069	0.0110588885817	0.130863514883
-olo	0.385580506533	0.475507786492	0.0597929943191	0.0791187126564
-sak	0.0	0.995461422088	0.0	0.00453857791226
-ola	0.349536555175	0.345474552313	0.200278840049	0.104710052463
-sus	0.0206281796187	0.74427492732	0.00383219399439	0.231264699067
-mpu	0.0	0.59673681567	0.261767330179	0.141495854151
-vol	0.5923340682	0.210553973381	0.0179048578025	0.179207100617
-vom	0.879494655005	0.0942662779397	0.0204081632653	0.0058309037901
-sam	0.228628675257	0.367913115191	0.138981349802	0.26447685975
-sal	0.0890170754044	0.150254237184	0.483901270501	0.276827416911
-rot	0.0344257366205	0.905892964522	0.0383343355382	0.0213469633193
-okm	0.335384615385	0.535384615385	0.0923076923077	0.0369230769231
-rov	0.676087920071	0.123027769741	0.0226448661992	0.17823944399
-lom	0.29279947273	0.535837864558	0.0329543582139	0.138408304498
-iem	0.452032952431	0.311187882009	0.173000265746	0.063778899814
-gva	0.257193513931	0.41998477943	0.056997123271	0.265824583369
-loh	0.494651746727	0.290601400611	0.0600946639349	0.154652188728
-loi	0.0866141732283	0.670866141732	0.129133858268	0.113385826772
-air	0.0306345733042	0.957695113056	0.00875273522976	0.00291757840992
-loa	0.315453877308	0.44540477714	0.131610275227	0.107531070325
-roa	0.0	0.873417721519	0.126582278481	0.0
-hai	0.307618662529	0.273434909688	0.284337721863	0.13460870592
-rol	0.0108616944243	0.391745112237	0.597393193338	0.0
-rom	0.140265284342	0.65848452508	0.13721603903	0.0640341515475
-ron	0.011320754717	0.988679245283	0.0	0.0
-lou	0.144717574851	0.35087391345	0.450509393401	0.0538991182976
-roh	0.464727495407	0.364115125536	0.103796693203	0.0673606858543
-los	0.261010662958	0.687065368568	0.0296708391284	0.0222531293463
-hve	0.484210526316	0.343859649123	0.0982456140351	0.0736842105263
-ore	0.0	1.0	0.0	0.0
-ipi	0.559255631734	0.386875612145	0.0293829578844	0.024485798237
-tir	0.0	1.0	0.0	0.0
-vsa	0.165026327445	0.326607942522	0.130776044486	0.377589685547
-sar	0.0	1.0	0.0	0.0
-lha	0.0	0.416666666666	0.583333333334	0.0
-ipa	0.00201952204645	0.993941433861	0.0	0.0040390440929
-ipe	0.916666666667	0.0833333333334	0.0	0.0
-vsu	0.0639269406392	0.826484018265	0.109589041096	0.0
-hka	0.375	0.491679273828	0.0312027231468	0.102118003026
-hao	0.4679650732	0.263806001463	0.147643049501	0.120585875837
-ipw	0.115196078431	0.405637254902	0.466911764706	0.0122549019608
-sav	0.315789473684	0.36032388664	0.323886639676	0.0
-0ra	0.097034120623	0.613552699492	0.0210209313535	0.268392248532
-mai	0.455612131946	0.256955206258	0.190760829459	0.0966718323371
-bvm	0.541858932103	0.346077785102	0.06701823775	0.0450450450451
-ite	0.294695481336	0.469548133595	0.235756385069	0.0
-awo	0.513943793574	0.378502120319	0.0765255516424	0.0310285344642
-sau	0.150734445897	0.742636314697	0.106629239406	0.0
-awa	0.0402718163973	0.382977350831	0.169432954779	0.407317877992
-sat	0.0	1.0	0.0	0.0
-har	0.0	1.0	0.0	0.0
-bva	0.234885375917	0.587854182416	0.0969512548086	0.0803091868585
-dvi	0.210526315789	0.684210526316	0.0	0.105263157895
-dvm	0.160405234276	0.363866610384	0.47572815534	0.0
-dva	0.161257457376	0.594747806914	0.0637290263562	0.180265709354
-hat	0.0	1.0	0.0	0.0
-vva	0.0404889505539	0.0270098855257	0.00472268657096	0.927778477349
-tia	0.0347265285874	0.949350087573	0.0015881034415	0.0143352803986
-par	0.0	0.666666666667	0.333333333333	0.0
-nva	0.130013811765	0.770752882149	0.0445429433154	0.0546903627702
-mao	0.210106382979	0.76329787234	0.0265957446808	0.0
-put	0.0173913043478	0.191304347826	0.791304347826	0.0
-miu	0.0	1.0	0.0	0.0
-nvm	0.38450470705	0.319995822363	0.100986859716	0.194512610871
-iut	0.0	1.0	0.0	0.0
-vta	0.382795761881	0.301070465927	0.0841081761401	0.232025596052
-aim	0.142454921805	0.233300186159	0.0376108991353	0.5866339929
-muv	0.436854646545	0.515488482923	0.0476568705322	0.0
-ngi	0.225729889482	0.245867426724	0.0741352513307	0.454267432463
-pku	0.515151515151	0.212121212121	0.0909090909091	0.181818181818
-sta	0.112780190764	0.205928583147	0.177744762792	0.503546463298
-oli	0.177657846753	0.734699022637	0.0223058026161	0.0653373279941
-ngm	0.17334898287	0.534370308658	0.113036902126	0.179243806345
-gov	0.342078503152	0.596908684157	0.0427089688834	0.0183038438072
-hva	0.177623680038	0.488065726233	0.0932993141065	0.241011279623
-eya	0.0207879627797	0.937636111661	0.0415759255593	0.0
-200	0.14680935657	0.286130806441	0.0104366841164	0.556623152873
-ngo	0.188291298532	0.202718381221	0.0691610740424	0.539829246204
-eye	0.0601001669449	0.14858096828	0.0400667779633	0.751252086811
-ihi	0.40679889003	0.131465586835	0.0187614231557	0.442974099979
-olm	0.242517199076	0.570293370197	0.0642784853137	0.122910945413
-iok	0.0	0.990453460621	0.0	0.00954653937947
-lei	0.417670524112	0.395908211225	0.1034796003	0.0829416643628
-lek	0.0161265550607	0.949316541238	0.0345569037014	0.0
-lel	0.474155482684	0.28577914209	0.154036885317	0.0860284899091
-lem	0.0439799104113	0.935659019954	0.00162888557079	0.0187321840641
-iom	0.891304347826	0.0869565217391	0.0	0.0217391304348
-mum	0.459915611814	0.194092827004	0.0168776371308	0.329113924051
-mul	0.0	0.336782690499	0.663217309501	0.0
-ioa	0.312240781056	0.256506961976	0.0294801620841	0.401772094884
-muh	0.0196078431373	0.758169934641	0.0653594771242	0.156862745098
-voh	0.293798098687	0.507016749661	0.0799758563453	0.119209295307
-tiu	0.0	0.984732824427	0.0	0.0152671755725
-mus	0.317063453417	0.435284951615	0.109819476047	0.137832118921
-voi	0.476441556053	0.317474428538	0.0482102531089	0.1578737623
-ios	0.0	0.957142857143	0.0428571428571	0.0
-oim	0.390166762507	0.472469810236	0.0835250143761	0.0538384128809
-let	0.0	1.0	0.0	0.0
-lev	0.663819698789	0.278734365739	0.0	0.0574459354721
-oih	0.592156862745	0.211764705882	0.129411764706	0.0666666666667
-rra	0.118103418419	0.690137267805	0.148581719946	0.0431775938304
-sah	0.742379332413	0.101249621072	0.00606285156118	0.150308194954
-uwa	0.0852713178295	0.884778012685	0.00880902043695	0.0211416490486
-bko	0.0358361774744	0.894766780432	0.0056882821388	0.0637087599545
-alv	0.64191069647	0.203094642138	0.0417461623287	0.113248499064
-giv	0.536224406669	0.22706783251	0.0339434095476	0.202764351274
-alu	0.0	1.0	0.0	0.0
-alp	0.444078947368	0.375	0.0822368421052	0.0986842105263
-ndv	0.376750454093	0.376340305853	0.143200328119	0.103708911935
-ndi	0.124438462813	0.583285984706	0.0250701787567	0.267205373724
-alo	0.510802345193	0.204401252911	0.207694161112	0.0771022407839
-gim	0.386704723322	0.320044194826	0.0902311021085	0.203019979744
-gil	0.359970566733	0.208145773179	0.341438028723	0.0904456313652
-ndm	0.136807724751	0.667991785877	0.0885527852571	0.106647704114
-rva	0.132547672669	0.828340686048	0.0160765642086	0.023035077075
-ndo	0.11818903892	0.656711675933	0.196505162828	0.0285941223193
-ali	0.136654664055	0.794930446869	0.00689511760005	0.0615197714761
-nda	0.104257914656	0.13435194604	0.0234434381006	0.737946701203
-ale	0.545023696682	0.398104265403	0.0	0.0568720379147
-nde	0.232653061225	0.534693877551	0.134693877551	0.0979591836735
-bku	0.427480916031	0.0610687022901	0.0839694656488	0.42748091603
-ala	0.297620066692	0.492606117438	0.0440092139002	0.16576460197
-lon	0.073144367043	0.785851549363	0.110737448955	0.0302666346385
-gpw	0.0	1.0	0.0	0.0
-120	0.0	0.516129032258	0.0	0.483870967742
-uva	0.108051292782	0.69139957066	0.120167719047	0.0803814175108
-loo	0.597484276729	0.402515723271	0.0	0.0
-uvm	0.217800276482	0.612895200673	0.0594116043541	0.109892918491
-yop	0.0	1.0	0.0	0.0
-uvi	0.090782519015	0.815222379786	0.0448317648575	0.0491633363415
-uvt	0.65382585752	0.161477572559	0.184696569921	0.0
-uvu	0.531543285215	0.395227473591	0.0618660830773	0.0113631581162
-uvv	0.0	1.0	0.0	0.0
-bui	0.356702253855	0.443455911427	0.0478054567023	0.152036378015
-gpa	0.454636209459	0.155931984807	0.0664008148026	0.323030990931
-uvs	0.241600209178	0.0796182507517	0.506209962086	0.172571577984
-iel	0.0227504510865	0.767788499255	0.183572605319	0.0258884443399
-ora	0.483994772398	0.168664177039	0.036796910671	0.310544139891
-pel	0.18201336574	0.717626851547	0.056439610284	0.0439201724289
-pem	0.206208399738	0.309892659604	0.388933158339	0.0949657823194
-pen	0.104347826087	0.869565217391	0.0	0.0260869565218
-peo	0.559041642898	0.32230462065	0.0152120174938	0.103441718958
-elv	0.342702268621	0.202870909456	0.37341899217	0.0810078297531
-pei	0.468508799012	0.308428527323	0.0540290213028	0.169033652362
-pet	0.166705799483	0.789856773891	0.043437426626	0.0
-elh	0.323290686477	0.539826661164	0.0639702847709	0.0729123675884
-lsa	0.512323943662	0.352112676056	0.135563380282	0.0
-elo	0.641427537979	0.276585483482	0.00964552688691	0.0723414516518
-per	0.0	1.0	0.0	0.0
-elm	0.309432589286	0.242844005186	0.0899438293757	0.357779576152
-rka	0.0	1.0	0.0	0.0
-ela	0.137042761463	0.437403400309	0.0721277691911	0.353426069037
-iya	0.202720041057	0.438029253272	0.0461893764434	0.313061329228
-ond	0.378052269262	0.368966528697	0.115083632993	0.137897569048
-pna	0.0475126814469	0.909762036568	0.0122846476745	0.030440634311
-itv	0.620566584876	0.170644657595	0.115993754182	0.092795003346
-ngu	0.358487224845	0.312735098369	0.097182715709	0.231594961078
-ter	0.0	1.0	0.0	0.0
-est	0.406767561393	0.139920045688	0.119931467733	0.333380925186
-ito	0.0588235294118	0.803921568627	0.0980392156863	0.0392156862745
-esi	0.0281548373889	0.961495373872	0.00318455038129	0.00716523835792
-itm	0.240963855422	0.663255532591	0.0473861975097	0.048394414478
-ith	0.479242534596	0.437727603787	0.0218499635834	0.0611798980335
-iti	0.0884955752212	0.911504424779	0.0	0.0
-esa	0.381799040823	0.229266580887	0.294771318283	0.094163060007
-hga	0.312649164678	0.264265567368	0.0499023649382	0.373182903016
-ese	0.211184982401	0.424325381306	0.351974970669	0.0125146656238
-ita	0.201898076106	0.608727836667	0.0538151111649	0.135558976062
-spa	0.0499762018087	0.907187053784	0.0428367444074	0.0
-tev	0.399014778325	0.600985221675	0.0	0.0
-ngv	0.543256635117	0.101846749049	0.0669460400123	0.287950575822
-psu	0.0	1.0	0.0	0.0
-666	0.0	0.0	0.0	1.0
-rin	0.532654792197	0.389312977099	0.0678541136556	0.0101781170483
-bra	0.127896536325	0.811802073211	0.0116604898687	0.0486409005952
-bri	0.0	0.333333333333	0.666666666667	0.0
-bro	0.101123595506	0.898876404494	0.0	0.0
-hul	0.489497849185	0.21467844839	0.0583601529189	0.237463549506
-set	0.0	1.0	0.0	0.0
-rim	0.0	1.0	0.0	0.0
-huh	0.682926829268	0.292682926829	0.0243902439024	0.0
-hui	0.216099584366	0.321556839751	0.175824479766	0.286519096117
-hue	0.388313161876	0.417724092284	0.0673789712557	0.126583774584
-wos	0.0	0.327272727273	0.672727272727	0.0
-wou	0.281667873881	0.325932614297	0.0397289225366	0.352670589286
-hua	0.578125	0.328125	0.046875	0.046875
-wot	0.41975308642	0.444444444444	0.0987654320988	0.0370370370371
-woi	0.69918699187	0.178861788618	0.121951219512	0.0
-lov	0.195084248118	0.306499573138	0.0511565538118	0.447259624932
-wom	0.266975308642	0.66975308642	0.054012345679	0.00925925925926
-wol	0.339965782523	0.241492699405	0.0744279669359	0.344113551136
-woo	1.0	0.0	0.0	0.0
-geo	0.235294117647	0.764705882353	0.0	0.0
-uov	0.0627177700349	0.937282229965	0.0	0.0
-huv	0.451699861289	0.281870763433	0.14760920202	0.118820173258
-wov	0.364362499537	0.378194913741	0.12043228821	0.137010298512
-lot	0.0776397515528	0.782608695652	0.0174689440994	0.122282608696
-vas	0.142857142857	0.857142857143	0.0	0.0
-tam	0.161745252249	0.58920530632	0.0699391016211	0.179110339809
-roo	0.561038542171	0.242218996936	0.143525237865	0.0532172230285
-vav	0.470024290174	0.236650764248	0.0621109761196	0.231213969458
-woh	0.277823691903	0.436518987545	0.218126039097	0.0675312814543
-kom	0.118257911188	0.741818606108	0.0522295027605	0.0876939799434
-kol	0.238095413496	0.459015994908	0.18395568495	0.118932906645
-tuk	0.416221363949	0.380085709751	0.0624305592297	0.14126236707
-ael	0.0205479452055	0.922768068021	0.0	0.0566839867737
-sos	0.0526315789474	0.947368421053	0.0	0.0
-roi	0.443067876683	0.146710788493	0.0552954952047	0.354925839619
-som	0.610208816705	0.332946635731	0.0290023201856	0.0278422273782
-kot	0.331161780673	0.34549402823	0.0686210640609	0.254723127036
-tur	0.0	1.0	0.0	0.0
-son	0.0	1.0	0.0	0.0
