-het	0.0299076163311	0.941802545873	0.00994082336413	0.0183490144323
-hew	0.0690316395014	0.930968360499	0.0	0.0
-eus	0.021865164817	0.945337087958	0.00596322676827	0.0268345204572
-hes	0.153846153846	0.784615384615	0.0615384615384	0.0
-hel	0.0396235760277	0.897473997028	0.0	0.0629024269439
-hem	0.0198938992042	0.966843501326	0.00928381962864	0.00397877984084
-hen	0.131951219512	0.821951219512	0.0139024390244	0.0321951219512
-ive	0.0218249015822	0.914723488481	0.0588536671878	0.00459794274904
-rbe	0.0132231404959	0.986776859504	0.0	0.0
-lel	0.147476282241	0.288078120368	0.478283427216	0.0861621701748
-930	0.0	0.0	0.0	1.0
-hea	0.0769230769231	0.923076923077	0.0	0.0
-lem	0.229956461188	0.695528829727	0.00637796644375	0.0681367426415
-aup	0.0912547528517	0.863117870722	0.0342205323194	0.0114068441064
-aus	0.219178082192	0.739726027397	0.013698630137	0.027397260274
-aur	0.131578947368	0.868421052632	0.0	0.0
-oya	0.537130426184	0.190151290418	0.0498368436666	0.222881439731
-mor	0.0472972972973	0.952702702703	0.0	0.0
-uru	0.349263034224	0.097536751529	0.106414022845	0.446786191402
-zin	0.0769230769231	0.807692307692	0.0	0.115384615385
-zim	0.0	1.0	0.0	0.0
-mul	0.111111111111	0.888888888889	0.0	0.0
-nse	0.143333333333	0.836666666667	0.02	0.0
-ple	0.0357910947083	0.949340201259	0.00461991875315	0.01024878528
-aum	0.0253863134658	0.951434878587	0.00551876379691	0.0176600441501
-aul	0.0356130035367	0.909845175136	0.00328482738232	0.0512569939449
-aun	0.111334528332	0.617724364035	0.195526186253	0.0754149213809
-put	0.552476147206	0.402089959109	0.0	0.0454338936847
-nth	0.133648728563	0.816676522768	0.0283855706682	0.0212891780012
-bab	0.0	1.0	0.0	0.0
-cah	0.0888888888888	0.911111111111	0.0	0.0
-pus	0.0177514792899	0.96449704142	0.00887573964497	0.00887573964496
-nta	0.0373740239267	0.109846288094	0.203638201565	0.649141486414
-uah	0.0	1.0	0.0	0.0
-uam	0.548425579164	0.23428196555	0.030332922555	0.186959532731
-kia	0.206199711447	0.462109956175	0.130126851854	0.201563480524
-uan	0.125979650763	0.642943077135	0.106042898391	0.125034373711
-oil	0.258461538461	0.723076923077	0.0	0.0184615384615
-uap	0.2356901582	0.203957738715	0.0487603496091	0.511591753476
-six	0.0	0.723404255319	0.148936170213	0.127659574468
-her	0.0	1.0	0.0	0.0
-yre	0.0	0.983108108108	0.0	0.0168918918919
-pal	0.388014138817	0.342062982005	0.269922879177	0.0
-nyx	0.0	0.869047619048	0.130952380952	0.0
-war	0.11525002822	0.408345561952	0.177461715017	0.298942694811
-pra	0.0747663551402	0.728971962617	0.196261682243	0.0
-cas	0.05	0.95	0.0	0.0
-aki	0.100165864456	0.318937585095	0.104390598738	0.476505951711
-ape	0.0717273537681	0.0232805321265	0.00356579578962	0.901426318316
-rba	0.0	0.0	0.0	1.0
-fig	0.0140296180826	0.936866718628	0.0491036632892	0.0
-sis	0.0	1.0	0.0	0.0
-opo	0.0	1.0	0.0	0.0
-ope	0.08	0.88	0.0	0.04
-opa	0.212201591512	0.424403183024	0.250397877984	0.11299734748
-815	0.0	0.0	0.0	1.0
-dea	0.0169130187607	0.96389994315	0.00810119386015	0.0110858442297
-yst	0.0	0.861538461538	0.138461538462	0.0
-dee	0.0064585575888	0.993541442411	0.0	0.0
-gko	0.457627118644	0.35593220339	0.118644067797	0.0677966101695
-dek	0.067387687188	0.910149750416	0.0124792013311	0.0099833610649
-403	0.0	0.666666666667	0.0	0.333333333333
-den	0.16626457406	0.372196574246	0.00477438582552	0.456764465869
-400	0.142372881356	0.110169491525	0.0508474576271	0.696610169492
-ima	0.311944718657	0.557749259625	0.071076011846	0.0592300098716
-lep	0.038472584043	0.928550915349	0.031755148734	0.00122135187438
-oko	0.111038207265	0.0381800113471	0.0164318683537	0.834349913034
-des	0.0421792618629	0.732864674868	0.224956063269	0.0
-aka	0.535268704324	0.295554568579	0.131626761416	0.0375499656801
-950	0.0	0.142857142857	0.0	0.857142857143
-imi	0.157879851423	0.115859517575	0.0217803334969	0.704480297505
-ler	0.330074702573	0.36392142396	0.103476897538	0.202526975929
-105	0.0	0.2	0.0	0.8
-mre	0.056338028169	0.943661971831	0.0	0.0
-eck	0.0	0.919191919192	0.0	0.0808080808081
-kis	0.0334831930226	0.952797998725	0.00627809869174	0.00744070956058
-lla	0.0145175064048	0.973526900085	0.0	0.0119555935098
-ech	0.0190096858876	0.964696297637	0.0162940164751	0.0
-eca	0.0	1.0	0.0	0.0
-ece	0.0287081339713	0.885167464115	0.0287081339713	0.0574162679426
-ida	0.0757701915071	0.924229808493	0.0	0.0
-rga	0.0	0.986842105263	0.0	0.0131578947368
-bia	0.0444444444444	0.955555555556	0.0	0.0
-bin	0.39553540286	0.582490408092	0.0219741890478	0.0
-lly	0.737048086485	0.0776954415681	0.148205177557	0.0370512943894
-bim	0.155172413793	0.706896551724	0.0344827586207	0.103448275862
-rat	0.0	1.0	0.0	0.0
-tle	0.0356539835866	0.913378097145	0.036831978639	0.0141359406291
-ter	0.0264778016918	0.949903648831	0.00719505480755	0.0164234946694
-uta	0.123410082276	0.081685663737	0.0273080205955	0.767596233392
-ria	0.0268624627441	0.839790905965	0.0389997953872	0.0943468359033
-rin	0.0588876772083	0.904034896401	0.0130861504907	0.0239912758997
-luz	0.0	1.0	0.0	0.0
-uth	0.0806675938804	0.452016689847	0.294853963839	0.172461752434
-rim	0.137469951923	0.818960336538	0.0255408653846	0.0180288461538
-rik	0.562778802558	0.198942129817	0.0579067253678	0.180372342257
-rir	0.19673414209	0.496958269593	0.268953004376	0.0373545839411
-ris	0.154919157255	0.73440917427	0.0382856928853	0.0723859755898
-rip	0.209718670077	0.516624040921	0.18925831202	0.0843989769821
-utu	0.498633573765	0.266968325792	0.0353926795394	0.199005420904
-veh	0.0	1.0	0.0	0.0
-tek	0.123743109771	0.327145770504	0.364922773962	0.184188345763
-sia	0.100191741608	0.879391828027	0.0136109535769	0.00680547678846
-ten	0.707293969056	0.186611935586	0.0530470476792	0.0530470476792
-ard	0.0325056433409	0.920090293454	0.0460496613995	0.00135440180587
-met	0.0535973881063	0.533709070437	0.0119134947481	0.400780046709
-mew	0.0	0.939495798319	0.0	0.0605042016806
-wal	0.169301114124	0.775744001832	0.031198345629	0.0237565384148
-ara	0.156056872084	0.4500061824	0.256292206992	0.137644738524
-mes	0.00455373406193	0.992714025501	0.00273224043716	0.0
-mer	0.0481789503871	0.801930981742	0.117770767613	0.0321193002581
-lup	0.44385026738	0.398395721925	0.0548128342246	0.102941176471
-:3b	0.0582147477361	0.825355756792	0.116429495472	0.0
-aro	0.513699419512	0.244102987337	0.0411021106886	0.201095482462
-ral	0.528181483311	0.262272455165	0.0866357746022	0.122910286921
-ark	0.00434153400868	0.985528219971	0.0101302460202	0.0
-luh	0.0	1.0	0.0	0.0
-aru	0.552507991881	0.31581498364	0.0364458010861	0.0952312233931
-luk	0.409574573281	0.131044663588	0.0263486116984	0.433032151433
-mea	0.0	0.967741935484	0.0322580645161	0.0
-lun	0.0	0.990063875089	0.00993612491127	0.0
-mem	0.583910034602	0.371972318339	0.0441176470588	0.0
-mel	0.175960708679	0.384176948756	0.0330315397652	0.4068308028
-men	0.0769230769231	0.903846153846	0.0192307692308	0.0
-lud	0.0	1.0	0.0	0.0
-lue	0.0	0.454545454545	0.545454545455	0.0
-mek	0.11316712381	0.36416339184	0.32647523298	0.19619425137
-pha	0.0051431911163	0.963997662186	0.0308591466978	0.0
-rrh	0.0218340611353	0.965065502183	0.0131004366812	0.0
-aya	0.189337650745	0.188921669958	0.0366450871737	0.585095592123
-ayo	0.00682382133997	0.645161290323	0.202853598015	0.145161290322
-pho	0.0	1.0	0.0	0.0
-erb	0.0	0.666666666667	0.333333333333	0.0
-gol	0.642226384801	0.303585763982	0.012041744715	0.0421461065025
-aua	0.231256599789	0.676874340021	0.0918690601901	0.0
-buz	0.0	1.0	0.0	0.0
-ext	0.775613886537	0.0381033022862	0.0	0.186282811177
-alm	0.036231884058	0.963768115942	0.0	0.0
-xad	0.0	1.0	0.0	0.0
-dai	0.0	1.0	0.0	0.0
-umu	0.261720631316	0.139371555701	0.0332250952314	0.565682717752
-ota	0.198960319459	0.0499597441189	0.200617321307	0.550462615115
-nue	0.0	1.0	0.0	0.0
-ote	0.118107819615	0.0684794524153	0.0228344990556	0.790578228914
-oth	0.10903871343	0.876461012466	0.0096668494022	0.0048334247011
-iga	0.163974808269	0.715338090643	0.0444780926744	0.0762090084142
-ume	0.503978779841	0.416114058355	0.0699602122016	0.00994694960211
-962	0.0	0.0	0.0	1.0
-uma	0.229290617849	0.572997711671	0.0851258581236	0.112585812357
-969	0.0	0.0	0.0	1.0
-keh	0.0	1.0	0.0	0.0
-umi	0.183971295724	0.104451175871	0.0616928382231	0.649884690182
-auk	0.469315974217	0.132258899656	0.0600593226932	0.338365803433
-ako	0.085750218555	0.40862103342	0.479938957991	0.0256897900339
-nak	0.434555071999	0.328467407678	0.0736311446668	0.163346375656
-nah	0.0540993599425	0.924249470661	0.0111397837263	0.0105113856699
-nai	0.0561330561331	0.940748440748	0.00311850311851	0.0
-nan	0.382144018142	0.339376489364	0.0374086829478	0.241070809546
-nal	0.567856994278	0.245973094713	0.0538748681021	0.132295042907
-nam	0.807147997373	0.0505530811708	0.00378322685515	0.138515694601
-kik	0.616888888889	0.167111111111	0.0524444444444	0.163555555556
-sir	0.0801619433198	0.786234817814	0.127530364372	0.00607287449392
-ake	0.343735444807	0.386585933861	0.114578481602	0.15510013973
-sip	0.0529611174639	0.917100737168	0.00898558443289	0.0209525609357
-kin	0.225680933852	0.365758754864	0.20233463035	0.206225680934
-kim	0.0881891910311	0.749846657125	0.152763579364	0.00920057248006
-840	0.0	0.384615384615	0.0	0.615384615385
-sik	0.213824129069	0.631137649854	0.0917088124677	0.0633294086095
-kir	0.0819484240687	0.918051575931	0.0	0.0
-sin	0.914285714286	0.0857142857143	0.0	0.0
-sil	0.0454545454545	0.5	0.454545454545	0.0
-nar	0.336035356347	0.270892654966	0.223466959638	0.16960502905
-nas	0.0256488549618	0.954198473282	0.00916030534351	0.0109923664122
-nap	0.220983396166	0.687575198524	0.0914414053098	0.0
-eer	0.0	0.625	0.375	0.0
-oab	0.0	1.0	0.0	0.0
-nat	0.220207253886	0.772020725389	0.0	0.00777202072539
-wuk	0.21430265921	0.0101698064938	0.00546681807924	0.770060716217
-gok	0.610053545288	0.207994333165	0.0661808013954	0.115771320152
-mot	0.0897435897436	0.153846153846	0.75641025641	0.0
-mos	0.0348837209302	0.953488372093	0.0116279069767	0.0
-wun	0.336666485517	0.371039617412	0.160453236237	0.131840660834
-gon	0.0484476287956	0.914704878881	0.0218355510065	0.015011941317
-amu	0.432399769627	0.480723123961	0.0570906699278	0.0297864364841
-bal	0.0	1.0	0.0	0.0
-gog	0.0461538461538	0.923076923077	0.0307692307692	0.0
-365	0.0	0.2	0.0	0.8
-hub	0.0	1.0	0.0	0.0
-lki	0.0	1.0	0.0	0.0
-lko	0.548583593723	0.236076867527	0.0754316691637	0.139907869586
-moa	0.52423780096	0.198248528442	0.0738133348688	0.203700335729
-mon	0.440608229601	0.338116322031	0.0654806465877	0.155794801781
-wus	0.112619512968	0.736159810856	0.0913662866417	0.0598543895344
-wur	0.405516182705	0.513283115545	0.0568953154044	0.0243053863451
-mom	0.148779401644	0.789279786244	0.0558681834743	0.00607262863852
-gor	0.0779567204667	0.315633398668	0.578388571205	0.0280213096609
-mok	0.539830276485	0.242266630167	0.193265808924	0.0246372844237
-gos	0.414746543779	0.124423963134	0.322580645161	0.138248847926
-col	0.0	1.0	0.0	0.0
-yar	0.0302048085485	0.887159394479	0.0190204808548	0.0636153161175
-ber	0.133468834688	0.827913279133	0.0284552845529	0.010162601626
-eor	0.0327868852459	0.967213114754	0.0	0.0
-got	0.0641137983409	0.704667601355	0.201717490361	0.0295011099427
-eon	0.0713846153846	0.878769230769	0.0276923076923	0.0221538461538
-ben	0.0420070011668	0.957992998833	0.0	0.0
-sua	0.0	0.976	0.024	0.0
-bel	0.0650044909716	0.910465512435	0.0204416638276	0.0040883327655
-yam	0.198642903957	0.357490484694	0.224557605931	0.219309005418
-yal	0.333333333333	0.666666666667	0.0	0.0
-bed	0.181818181818	0.818181818182	0.0	0.0
-iso	0.682754300657	0.13854738168	0.0377928220855	0.140905495577
-rek	0.327475309579	0.520901159866	0.0375078236786	0.114115706877
-reh	0.0	1.0	0.0	0.0
-upu	0.520134228188	0.409395973154	0.0302013422819	0.0402684563759
-ren	0.40308618743	0.201731275875	0.205494919082	0.189687617614
-isi	0.537289494788	0.363472333601	0.0496190858059	0.0496190858059
-ish	0.0	1.0	0.0	0.0
-ise	0.0828625235405	0.838041431262	0.0790960451977	0.0
-rea	0.0259396775342	0.943492192666	0.0229388128783	0.00762931692183
-qqq	0.222599668738	0.688043971347	0.0	0.0893563599151
-isa	0.608797032326	0.272522522523	0.0247747747748	0.0939056703762
-ual	0.321347971943	0.39538477178	0.0899867845888	0.193280471689
-rez	0.0	1.0	0.0	0.0
-eve	0.155279503106	0.807453416149	0.0	0.0372670807453
-eva	0.0	0.980392156863	0.0196078431372	0.0
-lus	0.105543710021	0.872068230277	0.0159914712154	0.00639658848614
-rer	0.0509859461815	0.872317245887	0.0688528162109	0.00784399172024
-res	0.60946628379	0.219823744925	0.0152490345579	0.155460936726
-rep	0.270491803279	0.606557377049	0.0245901639344	0.0983606557377
-ist	0.0280373831776	0.915887850467	0.018691588785	0.0373831775701
-evi	0.0752104770814	0.883442469598	0.0286248830683	0.0127221702526
-ret	0.197614991482	0.787052810903	0.0	0.015332197615
-reu	0.0	1.0	0.0	0.0
-hab	0.0202474690664	0.979752530934	0.0	0.0
-had	0.0	1.0	0.0	0.0
-hah	0.0	1.0	0.0	0.0
-mas	0.0895802669644	0.867025326092	0.0152261076993	0.0281682992438
-mar	0.137052424293	0.83465814942	0.00682020124397	0.0214692250426
-ham	0.0618159204334	0.905311612296	0.0296508461585	0.00322162111179
-han	0.0	1.0	0.0	0.0
-oar	0.313089622641	0.604952830189	0.0	0.0819575471698
-mah	0.0271985494107	0.972801450589	0.0	0.0
-mak	0.253746056782	0.354100946372	0.270899053628	0.121253943218
-uar	0.215275871535	0.517259127093	0.100363711227	0.167101290145
-mam	0.174648085354	0.0557469857635	0.0296452042225	0.73995972466
-mal	0.375425557828	0.413650705534	0.114652784465	0.0962709521732
-man	0.630156751179	0.135137068014	0.0436392733861	0.191066907421
-haz	0.0183486238532	0.981651376147	0.0	0.0
-uat	0.266375545852	0.200873362445	0.519650655022	0.0131004366812
-uni	0.0	1.0	0.0	0.0
-und	0.0238095238095	0.77380952381	0.202380952381	0.0
-ung	0.203102229809	0.58919048274	0.069699466205	0.138007821247
-una	0.0550684198672	0.0309424392578	0.0014590871255	0.91253005375
-782	0.0	0.0	0.0	1.0
-nko	0.51900008261	0.270258777038	0.0677534552119	0.14298768514
-666	0.36	0.08	0.0	0.56
-him	0.0	1.0	0.0	0.0
-tre	0.0691619202604	0.831570382425	0.0073230268511	0.0919446704638
-add	0.272493573265	0.506426735218	0.118251928021	0.102827763496
-gad	0.0129496402878	0.935251798561	0.0258992805756	0.0258992805755
-tra	0.0	1.0	0.0	0.0
-500	0.115586690017	0.255691768827	0.0315236427321	0.597197898424
-gao	0.0923076923077	0.907692307692	0.0	0.0
-gan	0.0931029917549	0.723959920414	0.169740434903	0.0131966529276
-gam	0.548501460055	0.261215034564	0.106217291439	0.0840662139416
-gal	0.383582432372	0.358917259401	0.06899100501	0.188509303217
-gak	0.101346936511	0.0401768212599	0.027640073594	0.830836168635
-gai	0.0	1.0	0.0	0.0
-lal	0.218910532202	0.613681448798	0.0439809151982	0.123427103802
-144	0.132442284326	0.179829890644	0.00729040097206	0.680437424058
-gas	0.219465648855	0.653762268266	0.113685932388	0.0130861504907
-gar	0.196799239423	0.635873871019	0.100142608145	0.0671842814134
-ire	0.111627906977	0.888372093023	0.0	0.0
-137	0.0	0.0	0.0	1.0
-try	0.223003723625	0.48158874638	0.0347538270583	0.260653702937
-nor	0.0	1.0	0.0	0.0
-ini	0.411471321696	0.139650872818	0.168329177057	0.280548628429
-sem	0.579785278724	0.247846124898	0.0581434738977	0.11422512248
-sel	0.10373589137	0.698133472505	0.173057032049	0.0250736040753
-sek	0.696361388278	0.156958234191	0.075562618728	0.0711177588028
-seh	0.0372881355932	0.952542372881	0.0	0.0101694915254
-ina	0.0726187483698	0.0448430327661	0.0104387203399	0.872099498524
-see	0.0105255916346	0.982663731425	0.000619152449093	0.00619152449093
-apa	0.329132509482	0.192095925609	0.139606019821	0.339165545087
-sea	0.0322580645161	0.91935483871	0.0322580645161	0.016129032258
-ing	0.205981635546	0.481570259781	0.0795090187026	0.232939085971
-ohe	0.5	0.5	0.0	0.0
-800	0.0	0.0	0.0	1.0
-807	0.0	0.4	0.0	0.6
-uin	0.0974025974026	0.155844155844	0.659090909091	0.0876623376624
-ohn	0.022869257313	0.954509573964	0.0121563409188	0.010464827804
-ses	0.0518173924819	0.926117399651	0.00693022774162	0.0151349801254
-sep	0.6	0.0	0.4	0.0
-kur	0.0850632911393	0.65029535865	0.264641350211	0.0
-kup	0.295108232	0.409917041678	0.0717137884363	0.223260937886
-iam	0.784995967933	0.112506522461	0.0167093591386	0.0857881504672
-new	0.0949152542373	0.905084745763	0.0	0.0
-net	0.080824649721	0.817289488938	0.0403223196826	0.0615635416583
-ian	0.0679611650485	0.81715210356	0.0954692556634	0.0194174757281
-ner	0.0	1.0	0.0	0.0
-iah	0.0404916751659	0.939772441289	0.0094043471926	0.0103315363524
-rso	0.511314647959	0.282179446657	0.08716403759	0.119341867794
-law	0.0285106187828	0.928144985783	0.0284168132812	0.0149275821528
-yak	0.220240748997	0.559072670531	0.164511814534	0.0561747659385
-kua	0.357683397683	0.369398786542	0.169111969112	0.103805846663
-aok	0.0612244897959	0.571428571429	0.285714285714	0.0816326530612
-kum	0.0585555525553	0.38739435506	0.42590678172	0.128143310665
-aoh	0.00549450549451	0.963827838828	0.0054945054945	0.0251831501831
-kuk	0.610260706795	0.267617492352	0.0594282560302	0.0626935448231
-nil	0.103842159917	0.83800623053	0.0394600207684	0.018691588785
-kui	0.685534591195	0.150943396226	0.0503144654088	0.11320754717
-910	0.0	0.0	0.0	1.0
-ban	0.0231996133397	0.860802319961	0.0985983566942	0.0173997100048
-eka	0.242774566474	0.676300578035	0.0635838150289	0.0173410404624
-bak	0.0	1.0	0.0	0.0
-eke	0.345491388045	0.314083080041	0.115501519757	0.224924012158
-los	0.0383686611215	0.936409981218	0.015562114301	0.00965924335926
-las	0.0390320753381	0.949815903137	0.00514708685777	0.0060049346674
-hon	0.0	1.0	0.0	0.0
-hol	0.0	1.0	0.0	0.0
-hor	0.102272727273	0.877840909091	0.0	0.0198863636364
-hos	0.0327868852459	0.967213114754	0.0	0.0
-mko	0.466230936819	0.243282498185	0.0305010893246	0.259985475672
-iru	0.145328140789	0.121063488324	0.615102995987	0.1185053749
-isk	0.0	1.0	0.0	0.0
-bar	0.0740740740741	0.888888888889	0.037037037037	0.0
-bas	0.0190664036818	0.961735700197	0.0132807363577	0.00591715976332
-job	0.284671532847	0.583941605839	0.0875912408759	0.043795620438
-905	0.0	0.25	0.0	0.75
-ase	0.0	0.852700490998	0.147299509002	0.0
-eir	0.0	1.0	0.0	0.0
-mbu	0.4	0.6	0.0	0.0
-asa	0.195870526541	0.64273150203	0.135588762309	0.0258092091204
-150	0.454545454545	0.090909090909	0.0	0.454545454545
-aso	0.595087242884	0.208120189444	0.066322256118	0.130470311553
-nod	0.0	1.0	0.0	0.0
-yes	0.129589632829	0.812095032397	0.0259179265659	0.0323974082074
-rem	0.57469094462	0.268102306495	0.0531235629532	0.104083185932
-asi	0.469135802469	0.320987654321	0.148148148148	0.0617283950617
-ash	0.0	1.0	0.0	0.0
-naz	0.0	1.0	0.0	0.0
-asu	0.503727779198	0.0600851298657	0.0081234504782	0.428063640458
-ast	0.0442446043165	0.896762589928	0.0546762589928	0.00431654676259
-ass	0.0767878077374	0.716295427902	0.199882766706	0.00703399765534
-gue	0.0503137630675	0.910701806209	0.0208034640019	0.0181809667216
-lta	0.237923576063	0.684210526316	0.0173035328046	0.0605623648161
-zor	0.0	1.0	0.0	0.0
-ogo	0.266770354856	0.0820729320806	0.0313787794008	0.619777933663
-iwu	0.612574558333	0.275541343505	0.0172529800602	0.0946311181023
-430	0.108108108108	0.054054054054	0.0	0.837837837838
-rar	0.112511251125	0.87398739874	0.013501350135	0.0
-ras	0.0585878273112	0.89050697092	0.0222983521856	0.0286068495827
-rap	0.220252484555	0.737442922374	0.0288745635241	0.0134300295461
-ran	0.102715719996	0.135693766127	0.0630833500179	0.698507163859
-eri	0.0	1.0	0.0	0.0
-iwa	0.520875374699	0.307556670128	0.0876354303403	0.083932524833
-ram	0.536366367163	0.156865927525	0.106723480531	0.20004422478
-rak	0.160812551973	0.39670408914	0.0602023512249	0.382281007662
-rah	0.0235116804823	0.872795779955	0.0702336096458	0.0334589299171
-rai	0.0511945392492	0.907849829352	0.0	0.0409556313993
-zib	0.0	1.0	0.0	0.0
-era	0.1672904843	0.473839524765	0.249263971834	0.109606019101
-iwi	0.269841269841	0.698412698413	0.031746031746	0.0
-iwo	0.296650717703	0.617224880383	0.0	0.0861244019139
-ere	0.229652112629	0.292669887236	0.0377378333206	0.439940166814
-ugu	0.31336581786	0.341036146383	0.0349745624734	0.310623473283
-eum	0.0	1.0	0.0	0.0
-por	0.416149068323	0.472049689441	0.111801242236	0.0
-pok	0.749627219737	0.210519181239	0.0341602277348	0.00569337128914
-azo	0.0	1.0	0.0	0.0
-pon	0.543967280164	0.456032719836	0.0	0.0
-uga	0.148692225009	0.797324734265	0.0324853696405	0.0214976710856
-aza	0.123966942149	0.876033057851	0.0	0.0
-ugi	0.0152977599709	0.984702240029	0.0	0.0
-ugh	0.388405797101	0.51884057971	0.0927536231883	0.0
-ori	0.0	1.0	0.0	0.0
-119	0.0	0.0	0.0	1.0
-187	0.0	0.0	0.0	1.0
-ika	0.0757020902038	0.104657661331	0.0102537303388	0.809386518126
-iko	0.423426072515	0.287731585026	0.0704070078747	0.218435334584
-lam	0.772888091937	0.0403462997413	0.00468534274188	0.18208026558
-lan	0.323529411765	0.647058823529	0.0294117647059	0.0
-upa	0.0	1.0	0.0	0.0
-lah	0.0178062678063	0.982193732194	0.0	0.0
-110	0.333333333333	0.0	0.0	0.666666666667
-iki	0.441781245702	0.197223099905	0.0340630579667	0.326932596426
-lak	0.168622783887	0.0760062074006	0.0482611786634	0.70710983005
-aam	0.1143847487	0.864818024263	0.0207972270364	0.0
-our	0.0554089709763	0.901715039578	0.0118733509235	0.0310026385224
-for	0.530873100739	0.268072513864	0.114888220227	0.0861661651704
-aan	0.028125	0.870625	0.0975	0.00375
-aah	0.0	1.0	0.0	0.0
-non	0.0348432055749	0.8606271777	0.104529616725	0.0
-out	0.497297297297	0.362162162162	0.14054054054	0.0
-ppa	0.0122217372327	0.982540375382	0.00349192492361	0.00174596246181
-bok	0.0	1.0	0.0	0.0
-hvi	0.0	1.0	0.0	0.0
-isu	0.583085523968	0.198049244677	0.00892113714762	0.209944094207
-aac	0.00642398286938	0.974779919105	0.00214132762313	0.0166547704021
-gek	0.54859649733	0.290400702621	0.101958294927	0.0590445051218
-gen	0.0422222222223	0.78037037037	0.0177777777778	0.15962962963
-gem	0.825053311557	0.114356667812	0.0310953677313	0.0294946529006
-gel	0.0324452543278	0.946231424173	0.00925885199033	0.0120644695089
-bol	0.0	1.0	0.0	0.0
-bon	0.0	1.0	0.0	0.0
-aha	0.04	0.6	0.0	0.36
-ypt	0.0179075582802	0.927885778817	0.0513027345326	0.00290392836977
-rew	0.00344283460049	0.982785826998	0.0120499211017	0.00172141730024
-bou	0.127240143369	0.716845878136	0.0125448028674	0.143369175627
--ir	0.0	1.0	0.0	0.0
-bor	0.0	1.0	0.0	0.0
-don	0.0222112537019	0.967917077986	0.00987166831194	0.0
-ger	0.163988958362	0.702883250644	0.041406691897	0.0917210990965
-dom	0.00401499551691	0.99518200538	0.000200749775845	0.000602249327535
-dok	0.0	1.0	0.0	0.0
-sar	0.0649508450238	0.887330166796	0.0251850215398	0.0225339666409
-dda	0.0571428571429	0.931428571429	0.0	0.0114285714286
-gle	0.209239130435	0.714673913043	0.0760869565217	0.0
-sau	0.00791183950268	0.976547047188	0.0155411133088	0.0
-ton	0.398821029063	0.524038587684	0.0346344577871	0.042505925466
-del	0.0	0.0	0.6	0.4
-ddi	0.0	1.0	0.0	0.0
-tom	0.0663082565472	0.517989262219	0.0452039246013	0.370498556632
-tok	0.0508474576271	0.898305084746	0.0338983050847	0.0169491525424
-ges	0.020202020202	0.939393939394	0.040404040404	0.0
-tor	0.178469095375	0.625869832174	0.136717151044	0.0589439214081
-oks	0.457242806254	0.304601011071	0.213519336192	0.0246368464837
-olo	0.0514801133428	0.746637089235	0.186741587616	0.0151412098067
-sak	0.207863293202	0.52246874715	0.128032265708	0.14163569394
-ola	0.325372157697	0.475839935189	0.120204404353	0.0785835027615
-old	0.0199827281071	0.718847662679	0.257451892357	0.00371771685714
-san	0.580248122939	0.213915400968	0.0685535827489	0.137282893344
-sam	0.634660292012	0.174931613502	0.0604213629839	0.129986731503
-sal	0.411102927917	0.526679499263	0.0227794561747	0.0394381166459
-lon	0.0670640834575	0.872329855936	0.023348236463	0.0372578241431
-iek	0.420116641721	0.328432709819	0.113028924493	0.138421723968
-lom	0.125470622844	0.786353017785	0.0164788606039	0.0716974987678
-iem	0.781900516025	0.113209534174	0.0254502053568	0.0794397444448
-lok	0.577438329586	0.277971112685	0.0970096393705	0.0475809183579
-loe	0.0	0.963636363636	0.0363636363636	0.0
-der	0.0132890365448	0.986710963455	0.0	0.0
-wel	0.165872184871	0.455389617547	0.304823836291	0.0739143612918
-rod	0.0184652278177	0.925299760192	0.0460431654676	0.0101918465228
-esh	0.0	1.0	0.0	0.0
-rom	0.0366506883557	0.852439388147	0.0552533073423	0.055656616155
-ron	0.0141065830721	0.967084639498	0.0188087774295	0.0
-ier	0.498666119434	0.344004377864	0.103974280046	0.0533552226554
-och	0.0421617477961	0.931774626294	0.00766577232658	0.0183978535838
-ock	0.00424418193393	0.843177477541	0.0222819551532	0.130296385372
-rok	0.471480850023	0.299081219355	0.110510942653	0.118926987969
-ipi	0.114691556494	0.306763922547	0.368596588046	0.209947932913
-ipa	0.530177867699	0.269652937354	0.166936471462	0.0332327234855
-mat	0.254336662488	0.274190287494	0.36472443492	0.106748615098
-oke	0.171501793952	0.496668375192	0.0309584828293	0.300871348027
-ewa	0.20299333157	0.728965359316	0.0361790646647	0.031862244449
-ewo	0.422222222222	0.511111111111	0.0666666666667	0.0
-wik	0.126999304137	0.689383146237	0.139340891225	0.0442766584007
-awo	0.289329396879	0.495571488823	0.0767608603964	0.138338253901
-rad	0.0	1.0	0.0	0.0
-awa	0.319207201873	0.528585100848	0.0245142369587	0.12769346032
-har	0.0376259798432	0.88555431131	0.0486002239642	0.0282194848824
-awe	0.314994322203	0.581817882593	0.0597403024867	0.0434474927176
-has	0.0562571756601	0.936854190586	0.00344431687715	0.00344431687715
-ese	0.0	1.0	0.0	0.0
-hat	0.0	1.0	0.0	0.0
-l80	0.0	0.0	0.0	1.0
-kad	0.0	1.0	0.0	0.0
-awu	0.418701792841	0.209516325813	0.0601232448976	0.311658636448
-nge	0.496062992126	0.426501687289	0.0558380202475	0.0215973003375
-pko	0.532422311571	0.288304220658	0.0434688440077	0.135804623762
-276	0.0	0.27027027027	0.0	0.72972972973
-bit	0.0764705882353	0.452941176471	0.141176470588	0.329411764706
-tim	0.301840515606	0.538805733376	0.0396829099868	0.119670841032
-cum	0.0451127819549	0.90977443609	0.0	0.0451127819549
-bah	0.0	1.0	0.0	0.0
-oli	0.0857142857143	0.914285714286	0.0	0.0
-ssa	0.0	1.0	0.0	0.0
-hys	0.0	1.0	0.0	0.0
-sse	0.0105401844532	0.977602108037	0.0	0.0118577075099
-209	0.0	0.5	0.0	0.5
-red	0.0	1.0	0.0	0.0
-200	0.0720612520642	0.431466746735	0.0588500225191	0.437621978682
-ngo	0.123531763034	0.214891043831	0.492647698512	0.168929494623
-cus	0.0189220183486	0.981077981651	0.0	0.0
-207	0.0	1.0	0.0	0.0
-iok	0.548695592835	0.205175356994	0.0563834723986	0.189745577773
-lek	0.216988250573	0.574509535666	0.0657691960016	0.142733017759
-ois	0.0	0.968253968254	0.031746031746	0.0
-ion	0.0651042173482	0.787132903879	0.0780900297764	0.0696728489968
-mum	0.0	1.0	0.0	0.0
-lea	0.0	1.0	0.0	0.0
-mun	0.402298850575	0.505747126437	0.0229885057471	0.0689655172414
-lee	0.0159870370691	0.965036479906	0.0132575429354	0.00571894008977
-leg	0.0	1.0	0.0	0.0
-ley	0.0	0.974947807933	0.0	0.0250521920668
-oic	0.0568181818182	0.386363636364	0.556818181818	0.0
-mus	0.0556217719508	0.911799761621	0.0119189511323	0.020659515296
-mur	0.0308215879539	0.945099046457	0.0144476193534	0.0096317462356
-ios	0.0	0.95652173913	0.0434782608696	0.0
-ryl	0.0	0.921985815603	0.0780141843972	0.0
-les	0.056338028169	0.943661971831	0.0	0.0
-let	0.0443037974683	0.955696202532	0.0	0.0
-iot	0.00707130229817	0.991750147319	0.0	0.00117855038302
-eel	0.0	1.0	0.0	0.0
-eek	0.0432087097872	0.536725513174	0.356783729634	0.0632820474048
-aly	0.00240096038415	0.954381752701	0.0432172869148	0.0
-eed	0.0	1.0	0.0	0.0
-alt	0.215166835187	0.564004044489	0.175530839231	0.045298281092
-alu	0.522699536844	0.166054843532	0.0456931408827	0.265552478741
-gis	0.211453744493	0.68281938326	0.0	0.105726872247
-gir	0.124753955515	0.767886011407	0.0216000891354	0.0857599439426
-gip	0.278169014084	0.616197183099	0.0739436619718	0.031690140845
-alo	0.0427814198564	0.0550296106945	0.00749613888644	0.894692830563
-gil	0.227848101266	0.360759493671	0.354430379747	0.0569620253165
-gik	0.294897842753	0.52876670446	0.0969844990329	0.0793509537542
-ali	0.0393123461842	0.823618081889	0.0378660004344	0.0992035714924
-nda	0.0	1.0	0.0	0.0
-ald	0.0421052631579	0.715789473684	0.242105263158	0.0
-ale	0.0311026629944	0.0024103420588	0.000432220524629	0.966054774422
-gia	0.145484079775	0.786995285363	0.0257493946505	0.0417712402108
-ala	0.184648761109	0.113675205851	0.147665852817	0.554010180223
-127	0.0	0.0	0.0	1.0
-120	0.0526315789474	0.157894736842	0.0263157894737	0.763157894737
-you	0.473767051417	0.482161594963	0.0440713536201	0.0
-yon	0.0333333333333	0.966666666667	0.0	0.0
-yom	0.0628272251309	0.929319371728	0.0	0.00785340314138
-rel	0.666666666667	0.333333333333	0.0	0.0
-iel	0.086991190027	0.873801513059	0.0294054726852	0.0098018242284
-oea	0.0733197556008	0.835030549898	0.091649694501	0.0
-318	0.222222222222	0.555555555556	0.222222222222	0.0
-cho	0.0529680365296	0.94703196347	0.0	0.0
-pel	0.452173913043	0.515217391304	0.0326086956522	0.0
-pem	0.167516679497	0.235196946369	0.154044778034	0.4432415961
-che	0.0	1.0	0.0	0.0
-gul	0.0203562340967	0.90288379983	0.0576759966072	0.0190839694657
-rki	0.575614087008	0.205386208938	0.0463648022098	0.172634901845
-153	0.0	0.063829787234	0.0851063829787	0.851063829787
-eli	0.00749999999999	0.9775	0.0	0.015
-per	0.049504950495	0.910891089109	0.0396039603961	0.0
-rko	0.516791658471	0.272259924273	0.0925075249105	0.118440892345
-oga	0.311031243098	0.608323394014	0.0330889225531	0.0475564403346
-rka	0.515151515152	0.212121212121	0.0909090909091	0.181818181818
-ela	0.146270642276	0.0981156563028	0.0374288527415	0.718184848679
-iya	0.0815544432687	0.391443861871	0.16628301504	0.36071867982
-lso	0.70602250554	0.113426966746	0.0227497119065	0.157800815808
-ele	0.123837518703	0.0342767596577	0.0261682056571	0.815717515982
-cca	0.0316248636859	0.732824427481	0.00981461286804	0.225736095965
-ngu	0.150033524795	0.0614825487247	0.00406148955129	0.784422436929
-100	0.0193335388206	0.0591011107322	0.0896373163499	0.831928034097
-est	0.0143387870447	0.928565724868	0.0469964944472	0.0100989936402
-ito	0.326784959865	0.389733840304	0.117025771018	0.166455428813
-tes	0.0144927536232	0.985507246377	0.0	0.0
-eso	0.630899618152	0.218852594353	0.0698728503969	0.0803749370982
-ith	0.11064960957	0.842831035056	0.0199368665891	0.0265824887855
-iti	0.111319761798	0.739182959079	0.061186563577	0.088310715546
-esa	0.0	1.0	0.0	0.0
-ite	0.0	0.869565217391	0.130434782609	0.0
-aku	0.73491773309	0.106032906764	0.0438756855576	0.115173674589
-830	0.0	0.333333333333	0.0	0.666666666667
-ita	0.237945558228	0.0569857296274	0.0121916749654	0.69287703718
-tir	0.0877250409165	0.747234042553	0.112995090016	0.0520458265139
-ute	0.666666666667	0.263157894737	0.0701754385965	0.0
-uda	0.0257357744061	0.790949451215	0.145197378107	0.038117396272
-ude	0.0377358490566	0.943396226415	0.0188679245283	0.0
-fay	0.302193338749	0.439480097482	0.185215272137	0.0731112916329
-bbi	0.361948955916	0.327146171694	0.0	0.31090487239
-hul	0.0	1.0	0.0	0.0
-hum	0.0	1.0	0.0	0.0
-uok	0.542840800432	0.210382098044	0.0538382952049	0.19293880632
-wos	0.556074766355	0.172897196262	0.130841121495	0.140186915888
-nce	0.775613886537	0.139712108383	0.0	0.0846740050805
-hua	0.0958904109589	0.883561643836	0.0	0.0205479452055
-hip	0.511991657977	0.462982273201	0.0	0.0250260688217
-wok	0.45731007574	0.321207252697	0.0887460791064	0.132736592457
-ade	0.555555555556	0.444444444444	0.0	0.0
-wom	0.559301116165	0.11821413602	0.0317850877874	0.290699660028
-wol	0.246691371096	0.716781365802	0.00158814187401	0.0349391212282
-lot	0.0813321286478	0.827312547223	0.0880265876224	0.00332873650672
-hur	0.0434782608695	0.891304347826	0.0652173913043	0.0
-hus	0.0491803278688	0.922131147541	0.0286885245902	0.0
-tua	0.162272723598	0.707267185694	0.0650562279191	0.0654038627894
-gev	0.0	0.678571428572	0.25	0.0714285714285
-tuh	0.0	1.0	0.0	0.0
-tui	0.387308621998	0.202136630862	0.0835733420281	0.326981405112
-kon	0.0298755186722	0.834024896266	0.116182572614	0.0199170124481
-aem	0.0752611972173	0.840158137928	0.0114830775478	0.0730975873068
-ael	0.0321007884169	0.901535196701	0.0319328972641	0.0344311176178
-sos	0.349514563107	0.611650485437	0.0	0.0388349514563
-iet	0.161065767732	0.770076136084	0.0231511370456	0.0457069591386
-tup	0.0	0.8	0.2	0.0
-sol	0.380921895006	0.457746478873	0.0268886043534	0.134443021767
-tur	0.0	1.0	0.0	0.0
-tus	0.0109170075708	0.974404804537	0.00292805412898	0.0117501337636
-oro	0.0338983050847	0.898305084746	0.0677966101695	0.0
-sok	0.671070210672	0.183854200471	0.0708805161728	0.0741950726845
-kor	0.0171269535431	0.982873046457	0.0	0.0
-ncv	0.663146103377	0.135221635462	0.0	0.201632261162
-ora	0.270847868739	0.366549759083	0.197692440965	0.164909931213
-van	0.0	1.0	0.0	0.0
-zal	0.0	1.0	0.0	0.0
-ore	0.18207528441	0.0666087189765	0.0191555680352	0.732160428578
-tna	0.0	1.0	0.0	0.0
-lix	0.0499734183945	0.934077618288	0.00956937799041	0.00637958532696
-rur	0.284149894902	0.10208633211	0.568365111619	0.0453986613694
-rus	0.0616039073578	0.893965653064	0.00330864975579	0.041121789822
-dus	0.00955414012738	0.907643312102	0.0573248407643	0.0254777070063
-lip	0.0	1.0	0.0	0.0
-rut	0.389105058366	0.610894941634	0.0	0.0
-lis	0.119506553585	0.739635846035	0.0590119210011	0.0818456793785
-ruk	0.347268096918	0.398631181497	0.0831224074023	0.170978314182
-lin	0.0326086956522	0.492753623188	0.447463768116	0.0271739130435
-lio	0.0314285714286	0.968571428571	0.0	0.0
-ick	0.0	1.0	0.0	0.0
-lik	0.312185646874	0.30503790897	0.118684776611	0.264091667545
-oma	0.27841343468	0.29697311395	0.0344389112855	0.390174540084
-rug	0.0	1.0	0.0	0.0
-ome	0.0530905088159	0.713060497167	0.194656149426	0.039192844591
-eas	0.0413223140496	0.917355371901	0.0413223140496	0.0
-ear	0.280936454849	0.521739130435	0.157190635451	0.0401337792643
-eat	0.07421875	0.890625	0.01318359375	0.02197265625
-147	0.0	0.0	0.0	1.0
-tem	0.530095475301	0.371938563719	0.0365296803653	0.0614362806144
-912	0.0	0.0	0.0	1.0
-oda	0.172910662824	0.827089337176	0.0	0.0
-ead	0.0214572034897	0.948597029003	0.0198066493751	0.0101391181325
-rna	0.0	1.0	0.0	0.0
-eah	0.0384615384615	0.865384615384	0.0	0.096153846154
-tah	0.0	1.0	0.0	0.0
-nlt	0.301196547666	0.451647704982	0.185366810514	0.061788936838
-zer	0.0	0.95	0.025	0.025
-uri	0.200197902796	0.593248407539	0.0344376050276	0.172116084637
-bua	0.0	1.0	0.0	0.0
-are	0.0884390948263	0.0145904604065	0.00620057016755	0.8907698746
-ura	0.260917767134	0.535799230214	0.0673465396402	0.135936463012
-162	0.0	0.0	0.0	1.0
ALL	0.244093215039	0.309683652012	0.0577211539653	0.388501978984
-jnq	0.209090909091	0.790909090909	0.0	0.0
-175	0.0	0.0	0.0	1.0
-gta	0.119504179909	0.213220625256	0.177943100688	0.489332094147
-zen	0.063829787234	0.893617021277	0.0425531914894	0.0
-gte	0.300314984749	0.278662781793	0.0625817677896	0.358440465668
-pah	0.0357142857143	0.964285714286	0.0	0.0
-pak	0.581737901969	0.271889335601	0.0950797431174	0.0512930193134
-was	0.0692389631909	0.756775949817	0.161557580779	0.0124275062137
-pam	0.889655172414	0.0896551724138	0.0	0.0206896551724
-bya	0.117318435754	0.849162011173	0.0167597765363	0.0167597765363
-ais	0.315217391304	0.641304347826	0.0217391304348	0.0217391304348
-aph	0.379071661238	0.604641693811	0.0	0.0162866449511
-api	0.188153310105	0.529616724739	0.261324041812	0.0209059233449
-/10	0.132450331126	0.796026490066	0.0238410596027	0.0476821192052
-arl	0.0	0.631578947368	0.315789473684	0.0526315789474
-paz	0.0	0.642857142857	0.357142857143	0.0
-due	0.571763803335	0.183420203524	0.0339583474356	0.210857645705
-apu	0.330595482546	0.533880903491	0.0616016427105	0.0739219712525
-wan	0.0341920678104	0.102881572372	0.170053485833	0.692872873984
-par	0.541871921182	0.269968871831	0.0192813321648	0.168877874822
-pas	0.0262860063525	0.960570990471	0.0131430031762	0.0
-pat	0.12	0.82	0.06	0.0
-pau	0.0	1.0	0.0	0.0
-dun	0.0709798994975	0.573492462312	0.195351758794	0.160175879397
-tuk	0.320250053509	0.211991940424	0.0386520137869	0.42910599228
-nuk	0.523683386256	0.243272575755	0.0212037529275	0.211840285062
-sen	0.16295025729	0.469982847341	0.367066895369	0.0
-ken	0.0	1.0	0.0	0.0
-kem	0.0867710788215	0.781440789877	0.0071577262952	0.124630405006
-kel	0.122904075179	0.498807793334	0.163356221151	0.214931910336
-sus	0.00515231528368	0.744698616412	0.00353679381141	0.246612274493
-sur	0.0	0.857142857143	0.142857142857	0.0
-sop	0.0	0.921568627451	0.078431372549	0.0
-1/3	0.0	0.200626959248	0.799373040752	0.0
-1/2	0.54	0.38	0.08	0.0
-sum	0.0803571748788	0.901702618637	0.00897010324229	0.00897010324224
-ink	0.162162162162	0.643243243243	0.12972972973	0.0648648648648
-suk	0.560138340733	0.230957605961	0.129831701017	0.0790723522893
-ker	0.125302603587	0.522174982219	0.095987930941	0.256534483254
-1/4	0.0440528634361	0.726872246696	0.229074889868	0.0
-sor	0.0967970921171	0.559168150209	0.03411515654	0.309919601134
-601	0.545454545455	0.454545454545	0.0	0.0
-600	0.0721649484536	0.298969072165	0.226804123711	0.40206185567
-key	0.0434751689637	0.954719633709	0.00180519732722	0.0
-fet	0.571428571429	0.428571428571	0.0	0.0
-dia	0.524300770166	0.423003648156	0.028982569923	0.0237130117552
-dim	0.0	1.0	0.0	0.0
-son	0.0286532951289	0.95988538682	0.0114613180516	0.0
-dir	0.0994652406417	0.88128342246	0.0	0.0192513368984
-dis	0.0	1.0	0.0	0.0
-arp	0.170454545454	0.761363636364	0.0681818181818	0.0
-ice	0.0163934426229	0.983606557377	0.0	0.0
-sli	0.0	1.0	0.0	0.0
-kop	0.511627906977	0.488372093023	0.0	0.0
-sed	0.0	1.0	0.0	0.0
-vad	0.0	1.0	0.0	0.0
-uku	0.519155378688	0.33430882894	0.100481686198	0.0460541061739
-ven	0.146341463415	0.201219512195	0.0	0.65243902439
-vel	0.160583941606	0.810218978102	0.0	0.029197080292
-aen	0.0571331598597	0.919674171286	0.0164045706528	0.00678809820115
-sko	0.690730106645	0.0976210008204	0.0566037735849	0.15504511895
-uka	0.336206896552	0.0258620689655	0.637931034483	0.0
-ver	0.0115136701239	0.947716612716	0.0268023140589	0.0139674031011
-uke	0.0970559689421	0.745713361372	0.0213523131673	0.135878356519
-rta	0.249333379577	0.112522671215	0.182418358125	0.455725591084
-nna	0.0357142857143	0.944196428571	0.0133928571429	0.00669642857143
-uko	0.532221244927	0.25945615636	0.0683598719804	0.139962726733
-vah	0.0	1.0	0.0	0.0
-anu	0.791666666667	0.15	0.0166666666667	0.0416666666667
-ait	0.0157625174511	0.979410940281	0.00273051483405	0.0020960274339
-aip	0.0840476095069	0.66949495157	0.0237710410727	0.22268639785
-kko	0.533495550232	0.229828426999	0.0614464260558	0.175229596713
-air	0.78578127931	0.0964171825173	0.0180078784468	0.0997936597261
-nga	0.0419849478874	0.0799618561717	0.0115883888349	0.866464807106
-aia	0.00505902192244	0.964586846543	0.0101180438449	0.0202360876897
-tia	0.200657894737	0.711936090226	0.0535714285714	0.0338345864662
-aic	0.494871794872	0.366666666667	0.0461538461539	0.0923076923077
-ono	0.393757774511	0.58272079611	0.0013570055411	0.0221644238381
-aim	0.117789921069	0.772920461445	0.087431693989	0.0218579234973
-ail	0.277761268807	0.278759719502	0.207749253276	0.235729758415
-ain	0.061147589912	0.895575287271	0.0320847634682	0.0111923593494
-aik	0.452783107589	0.24724929584	0.113676951291	0.186290645281
-tik	0.44665012407	0.29776674938	0.0856079404466	0.169975186104
-eme	0.0	0.75	0.25	0.0
-ema	0.407592407592	0.20979020979	0.0619380619381	0.320679320679
-hma	0.0	1.0	0.0	0.0
-uwa	0.51333011136	0.396461968208	0.0379099901626	0.0522979302697
-kes	0.124093027726	0.485080005766	0.316827639229	0.0739993272788
-uwi	0.0222277722278	0.951548451548	0.0224775224775	0.00374625374625
-260	0.0555555555555	0.0972222222222	0.0277777777777	0.819444444445
-mmm	0.260869565217	0.282608695652	0.282608695652	0.173913043478
-uwu	0.475757890854	0.249749826899	0.0783200217259	0.196172260521
-thy	0.0149948293692	0.964839710445	0.00620475698035	0.0139607032058
-das	0.0252529213395	0.937259822759	0.00188220531723	0.0356050505843
-jah	0.00253646163602	0.996195307546	0.00126823081801	0.0
-dal	0.154093097913	0.816705766144	0.00487714532659	0.0243239906161
-ana	0.0415129815645	0.024107257684	0.00552979890873	0.928849961843
-cia	0.0150627615063	0.947280334728	0.0351464435147	0.00251046025105
-mda	0.00699300699301	0.965034965035	0.0	0.027972027972
-dan	0.0170454545454	0.982954545455	0.0	0.0
-zah	0.0	1.0	0.0	0.0
-zar	0.0	1.0	0.0	0.0
-dah	0.0579461274276	0.912946050423	0.00323420246107	0.0258736196886
-895	0.0	0.0	0.5	0.5
-kta	0.143489082754	0.378788998965	0.0966040711715	0.381117847109
-zzz	0.507432432433	0.173648648649	0.104054054054	0.214864864865
