-hew	0.046052631579	0.940789473684	0.00657894736843	0.00657894736843
-eus	0.00344102466068	0.991970942458	0.00458803288091	0.0
-hes	0.0392156862745	0.921568627451	0.0392156862745	0.0
-hel	0.139130434783	0.860869565217	0.0	0.0
-hem	0.0	0.996434937611	0.00356506238859	0.0
-hen	0.0323886639676	0.872469635628	0.0222672064777	0.0728744939271
-ive	0.00301709688233	0.942675159236	0.0512906469997	0.00301709688233
-rbe	0.0131578947368	0.986842105263	0.0	0.0
-—ma	0.387932426758	0.42084692658	0.0813979779708	0.109822668691
-fiu	0.0425287356322	0.578045977012	0.200229885057	0.179195402299
-hea	0.039603960396	0.960396039604	0.0	0.0
-lem	0.00191992507609	0.996675251697	0.0	0.00140482322641
-ufu	0.0393865142027	0.849710096702	0.0123578310347	0.0985455580609
-aus	0.181102362205	0.818897637795	0.0	0.0
-auu	0.0870138431114	0.627224785761	0.0415293342123	0.244232036915
-aua	0.104889039564	0.33978936324	0.361884075544	0.193437521653
-—ba	0.426714266469	0.372423548431	0.127307018726	0.0735551663748
-ufa	0.310372593514	0.509552741381	0.151526242588	0.0285484225166
-nse	0.0	0.876923076923	0.123076923077	0.0
-ple	0.0	0.0	1.0	0.0
-aum	0.00239808153477	0.99520383693	0.0	0.00239808153477
-ufi	0.564452522204	0.242549981139	0.0316861561675	0.161311340489
-fio	0.460691823899	0.15251572327	0.0	0.38679245283
-uaa	0.126208412678	0.0979834097475	0.0189456854206	0.756862492153
-puu	0.0714202294431	0.812959851949	0.0554921707258	0.0601277478821
-au—	0.0842105263158	0.347368421053	0.442105263158	0.126315789474
-pus	0.0	1.0	0.0	0.0
-uai	0.357893450343	0.224273824616	0.118946341744	0.298886383298
-nah	0.00447995221384	0.992533412977	0.0	0.00298663480923
-apa	0.219793508987	0.540156908984	0.179432527625	0.0606170544042
-uau	0.449062860432	0.313177052953	0.0512249148646	0.186535171751
-her	0.0	1.0	0.0	0.0
-yre	0.00111919418019	0.993844432009	0.0	0.00503637381087
-pui	0.468468043654	0.164693245821	0.0428269231228	0.324011787402
-cas	0.0	1.0	0.0	0.0
-'iu	0.252291575731	0.548668703623	0.062854648625	0.136185072021
-bya	0.0520833333333	0.90625	0.0208333333333	0.0208333333333
-'io	0.650888887409	0.250910640678	0.0301438157454	0.0680566561674
-sis	0.0	1.0	0.0	0.0
-opi	0.458638743456	0.320418848168	0.177486910995	0.0434554973822
-'ii	0.232604150112	0.610357459408	0.107758207761	0.0492801827192
-opa	0.288169373019	0.588329467115	0.118355278204	0.00514588166108
-'ia	0.602205622635	0.281257557715	0.0406808523184	0.0758559673323
-hei	0.299212598425	0.11811023622	0.0	0.582677165354
-dea	0.000848356309649	0.989395546129	0.00466595970307	0.0050901378579
-yst	0.0	1.0	0.0	0.0
-imu	0.1562046347	0.650829700805	0.0484198677249	0.144545796771
-dee	0.0695008359207	0.885598280392	0.0394076904705	0.0054931932171
-dei	0.152813829811	0.20055727923	0.505488339814	0.141140551145
-dek	0.00624566273421	0.972935461485	0.0	0.0208188757807
-oio	0.792474979583	0.134999408446	0.0265337604771	0.0459918514936
-der	0.0	1.0	0.0	0.0
-des	0.0	0.888776541962	0.0748230535895	0.0364004044489
-ime	0.432038834951	0.105582524272	0.447815533981	0.0145631067961
-hee	0.215513794482	0.143942423031	0.0611755297881	0.579368252699
-ido	0.177419354839	0.338709677419	0.483870967742	0.0
-lla	0.00519480519481	0.992207792208	0.0	0.0025974025974
-ech	0.0	0.992601726264	0.00739827373612	0.0
-idi	0.605389546478	0.286058883512	0.0603733419889	0.0481782280211
-oba	0.217670286278	0.678677196446	0.0	0.103652517275
-ece	0.0167597765363	0.576390575662	0.383531697838	0.0233179499636
-ida	0.653734650004	0.106938055009	0.0822295292613	0.157097765726
-bia	0.0560747663551	0.880062305296	0.0389408099688	0.0249221183801
-idu	0.139377537212	0.824086603518	0.0365358592693	0.0
-tle	0.0204574742268	0.937902706186	0.0380154639175	0.0036243556701
-ter	0.00878209700428	0.981113290537	0.00534950071326	0.00475511174513
-uta	0.714685244649	0.105075323344	0.0264754218084	0.153764010198
-ute	0.206171107994	0.713884992987	0.0799438990182	0.0
-rin	0.00796812749003	0.972111553785	0.0199203187251	0.0
-uth	0.0434782608696	0.95652173913	0.0	0.0
-rim	0.0	1.0	0.0	0.0
-uto	0.610411418976	0.337531486146	0.0470193115029	0.00503778337532
-a'u	0.169149823086	0.646186068816	0.09882084861	0.0858432594882
-tea	0.428571428571	0.380952380952	0.152380952381	0.0380952380952
-a'i	0.54137572941	0.0736571446807	0.0570759167146	0.327891209195
-a'o	0.304512723002	0.306766350979	0.139779985922	0.248940940097
-tee	0.158315715292	0.118181818182	0.0241014799154	0.69940098661
-a'a	0.0338680188769	0.191722342013	0.0163167493277	0.758092889782
-our	0.00260869565217	0.932173913043	0.0	0.0652173913044
-a'e	0.629315141558	0.204285427374	0.132981262779	0.0334181682893
-dan	0.00667408231368	0.987764182425	0.0	0.0055617352614
-ard	0.0	0.97113997114	0.02886002886	0.0
-are	0.88734426588	0.0261141151801	0.00498470224471	0.0815569166954
-mew	0.0	1.0	0.0	0.0
-ara	0.345661440689	0.478615379988	0.0758019278632	0.0999212514597
-mes	0.0	0.998176014592	0.00182398540812	0.0
-arl	0.0	0.978666666667	0.0213333333333	0.0
-aro	0.67453216463	0.140760061873	0.0256285826939	0.159079190804
-e'i	0.642931458348	0.236274659061	0.0572971255805	0.0634967570102
-ark	0.00954653937947	0.990453460621	0.0	0.0
-mee	0.0604204562519	0.753548138973	0.15582117665	0.0302102281259
-mea	0.0197987448466	0.231682886892	0.02024644931	0.728271918951
-lun	0.0	1.0	0.0	0.0
-mel	0.0064308681672	0.993569131833	0.0	0.0
-men	0.00641940085593	0.0513552068474	0.00427960057061	0.937945791726
-mei	0.0171129428698	0.0210669208184	0.00182602941484	0.959994106897
-ary	0.0153394255875	0.942558746736	0.0	0.0421018276762
-pha	0.00538737814263	0.967675731144	0.0269368907132	0.0
-rah	0.0479573712255	0.948490230906	0.00355239786856	0.0
-ero	0.13	0.75	0.11	0.00999999999999
-law	0.0131771979461	0.947042334696	0.0321701770932	0.00761029026512
-ifo	0.0	0.975027932546	0.0249720674543	0.0
-na—	0.211590296496	0.477088948787	0.0929919137466	0.21832884097
-zin	0.0	1.0	0.0	0.0
-gon	0.00540784136998	0.97836863452	0.00270392068499	0.013519603425
-xad	0.0	1.0	0.0	0.0
-ube	0.218181818182	0.749090909091	0.0109090909091	0.0218181818182
-ua—	0.609756097561	0.317073170732	0.0487804878049	0.0243902439024
-umu	0.108380013041	0.658811854636	0.0383630839813	0.194445048341
-ota	0.186625194401	0.710730948678	0.0	0.102643856921
-oam	0.0	0.959349593496	0.0	0.0406504065041
-oto	0.166384419983	0.726926333616	0.0838272650296	0.0228619813717
-uma	0.345713668754	0.494493629886	0.116605484777	0.0431872165839
-nua	0.0858147229115	0.788151364764	0.109077750207	0.0169561621175
-rry	0.0769230769231	0.167832167832	0.755244755245	0.0
ALL	0.213677814803	0.287063771333	0.0530103910962	0.446248022767
-nai	0.166654693198	0.21649389484	0.233740053174	0.383111358789
-nan	0.0	1.0	0.0	0.0
-nao	0.189233492886	0.598845977313	0.176644154482	0.0352763753196
-nam	0.0	1.0	0.0	0.0
-nab	0.392156862745	0.117647058824	0.0	0.490196078431
-naa	0.513870911412	0.174649501806	0.0473587272332	0.264120859549
-kim	0.0	1.0	0.0	0.0
-aul	0.0240629617345	0.937430268673	0.00235201881615	0.0361547507765
-sii	0.0465787304205	0.811624072547	0.116240725474	0.0255564715581
-sio	0.528925619835	0.446280991736	0.0	0.0247933884298
-bbi	0.0131736526946	0.94371257485	0.0	0.0431137724551
-nas	0.0190274841437	0.964059196617	0.00845665961946	0.00845665961945
-sia	0.197643625614	0.74133887923	0.0432759952057	0.0177414999503
-nau	0.452013271175	0.215894005931	0.0459354005569	0.286157322337
-goi	0.065693430657	0.866308106031	0.0311179408375	0.0368805224741
-mou	0.216666666667	0.683333333333	0.0444444444444	0.0555555555555
-mos	0.0	0.986394557823	0.0136054421769	0.0
-mor	0.0	0.958333333333	0.0416666666667	0.0
-goo	0.0932742336157	0.746438976579	0.0757985612567	0.0844882285488
-nth	0.00223297357648	0.962411611463	0.030889467808	0.00446594715297
-goa	0.166682912565	0.71049809923	0.0877278487182	0.0350911394873
-amu	0.185124419063	0.360633585337	0.0423222356101	0.41191975999
-gog	0.0	1.0	0.0	0.0
-lki	0.0	1.0	0.0	0.0
-moa	0.270610446822	0.562617998741	0.117054751416	0.0497168030208
-moo	0.0380339276721	0.955627084383	0.00633898794535	0.0
-mon	0.00537178399774	0.993355951371	0.0	0.00127226463104
-moi	0.0672921384665	0.923002264639	0.00582335813653	0.00388223875768
-yau	0.285160111809	0.022919744907	0.00188065348111	0.690039489803
-u'u	0.306018462884	0.558901580308	0.0162620707427	0.118817886065
-och	0.0110732538331	0.963373083475	0.0	0.0255536626917
-ber	0.0	1.0	0.0	0.0
-ofu	0.00680954391892	0.977829391892	0.00538429054055	0.00997677364866
-eor	0.0	1.0	0.0	0.0
-cob	0.0016155088853	0.991922455574	0.0	0.00646203554119
-eon	0.0742018981881	0.925798101812	0.0	0.0
-ben	0.0	1.0	0.0	0.0
-key	0.0257985257985	0.955773955774	0.0	0.0184275184275
-bel	0.0362756952841	0.963724304716	0.0	0.0
-ofi	0.329305135952	0.274924471299	0.116314199396	0.279456193353
-u'o	0.0689601855431	0.258755315037	0.590954773869	0.0813297255508
-bea	0.0131224764468	0.935397039031	0.0191790040377	0.0323014804845
-u'i	0.382075471698	0.561320754717	0.0283018867924	0.0283018867925
-ofa	0.517203107658	0.332963374029	0.00998890122085	0.139844617092
-upu	0.189200863931	0.695896328294	0.0272138228942	0.0876889848812
-igu	0.570742979026	0.108780661216	0.022929257021	0.297547102737
-isi	0.670919106988	0.138590895912	0.0643664830386	0.126123514062
-ish	0.0	0.96	0.04	0.0
-rea	0.111034707734	0.706187030774	0.0611122715037	0.121665989988
-red	0.0	1.0	0.0	0.0
-ree	0.491722040947	0.275897783567	0.0998733332915	0.132506842194
-rez	0.0	1.0	0.0	0.0
-eve	0.0781758957654	0.902280130293	0.0195439739414	0.0
-eva	0.0	1.0	0.0	0.0
-—ei	0.311491213971	0.443112773216	0.107932057211	0.137463955601
-res	0.103448275862	0.896551724138	0.0	0.0
-ist	0.00528647122011	0.992009945325	0.00179836578036	0.000905217674677
-evi	0.0625283189851	0.910285455369	0.0135931128228	0.0135931128228
-ret	0.0641025641025	0.923076923077	0.0128205128205	0.0
-reu	0.123355263158	0.317434210526	0.509868421053	0.0493421052631
-haa	0.570192443114	0.208916536245	0.01822204147	0.20266897917
-hab	0.0410958904109	0.958904109589	0.0	0.0
-hah	0.0	1.0	0.0	0.0
-hai	0.0412826645573	0.926140538921	0.0190967427884	0.013480053733
-mas	0.0142076502732	0.966120218579	0.00218579234973	0.0174863387978
-mar	0.0	1.0	0.0	0.0
-mau	0.112269112	0.479057375432	0.0997911871679	0.308882325401
-ham	0.00403715752753	0.96609571591	0.0293967781131	0.000470348449809
-han	0.0	1.0	0.0	0.0
-mai	0.614053130716	0.126790094623	0.0285832279721	0.230573546689
-mah	0.0	1.0	0.0	0.0
-har	0.0	1.0	0.0	0.0
-has	0.0105263157895	0.977443609023	0.00300751879699	0.00902255639097
-hat	0.0	1.0	0.0	0.0
-hau	0.29418742586	0.524317912218	0.181494661922	0.0
-man	0.0190642144796	0.942499869231	0.0227540624434	0.0156818538461
-maa	0.233622116227	0.688522386468	0.0389370193712	0.0389184779334
-haz	0.0	1.0	0.0	0.0
-uni	0.337543859649	0.628771929825	0.0336842105263	0.0
-une	0.276368491322	0.52870493992	0.172229639519	0.022696929239
-una	0.123445735577	0.252189683464	0.039127037167	0.585237543793
-ia—	0.223542285446	0.665468188213	0.0359543536032	0.0750351727372
-fu—	0.547619047619	0.309523809524	0.0	0.142857142857
-unu	0.471335993936	0.3229988917	0.0938459935649	0.1118191208
-beu	0.220281543274	0.253779979145	0.480969760167	0.044968717414
-666	0.0	0.0	0.0	1.0
-tre	0.0120433560819	0.941389000401	0.019269369731	0.0272982737856
-gad	0.0	1.0	0.0	0.0
-tra	0.0	1.0	0.0	0.0
-gaa	0.628007181425	0.208239809134	0.0339575888684	0.129795420573
-ofo	0.755513462319	0.073603030713	0.125016912461	0.0458665945068
-ein	0.0	1.0	0.0	0.0
-gai	0.700276223901	0.0919076836923	0.0843838625626	0.123432229844
-adi	0.307674398117	0.456118878919	0.199867227123	0.0363394958406
-eia	0.596625002262	0.246413520521	0.0298011931158	0.127160284102
-gau	0.480763661606	0.198312454164	0.0452483446218	0.275675539608
-adu	0.147661684668	0.779696162767	0.0190190363079	0.0536231162569
-gar	0.13612565445	0.785340314136	0.0785340314136	0.0
-ian	0.0647279549719	0.77861163227	0.136960600375	0.0196998123828
-lam	0.0	1.0	0.0	0.0
-ini	0.0882230255465	0.19819856383	0.0276243153197	0.685954095303
-u'a	0.296550593208	0.48691177712	0.0627605927907	0.153777036881
-seh	0.0	1.0	0.0	0.0
-ina	0.205293041726	0.161727304457	0.0508209560179	0.582158697799
-see	0.00164158686731	0.99487004104	0.00246238030096	0.00102599179206
-fea	0.0210938553926	0.746751096594	0.10197407418	0.130180973833
-ine	0.0174551136718	0.776440891758	0.0157978134457	0.190306181125
-sea	0.025641025641	0.974358974359	0.0	0.0
-uii	0.306719326777	0.437569374532	0.146983659878	0.108727638814
-guu	0.112058212058	0.457796257796	0.0559251559252	0.37422037422
-uio	0.393663465137	0.312959960085	0.0359236622178	0.257452912561
-uia	0.590310528992	0.28255792077	0.0623830705401	0.0647484796982
-ohn	0.012429935036	0.962452215108	0.00912310326227	0.0159947465935
-lak	0.0	1.0	0.0	0.0
-ses	0.0339207735496	0.964051777916	0.00116968184654	0.00085776668746
-inu	0.044776119403	0.753731343284	0.201492537313	0.0
-fue	0.743421052632	0.256578947368	0.0	0.0
-iaa	0.307941555683	0.499597794732	0.0821103135803	0.110350336005
-aou	0.137468974016	0.862531025984	0.0	0.0
-fua	0.0672051443305	0.318879124597	0.0237719167486	0.590143814324
-ble	0.0	1.0	0.0	0.0
-ial	0.0659340659341	0.868131868132	0.065934065934	0.0
-neu	0.0635865309319	0.476272513704	0.00375880971026	0.456382145654
-iai	0.206902895949	0.207417630497	0.214510337878	0.371169135677
-iah	0.00737211852384	0.98915864923	0.00346923224651	0.0
-ooo	0.282485875706	0.593220338983	0.0	0.124293785311
-fui	0.0947331749236	0.751755310596	0.109427759813	0.0440837546674
-iau	0.460034602794	0.237655231076	0.0485357608452	0.253774405285
-neo	0.367346938776	0.510204081633	0.102040816326	0.0204081632653
-aoa	0.195265249698	0.698030067392	0.0704164506653	0.0362882322447
-fuu	0.0378483803229	0.828888874352	0.0377642728111	0.0954984725142
-cos	0.0	1.0	0.0	0.0
-ias	0.00621976503109	0.974429854872	0.0172771250864	0.00207325501037
-nei	0.389701966947	0.0675114747437	0.0162990798487	0.52648747846
-nee	0.083592531851	0.337936968306	0.0250042414303	0.553466258412
-nea	0.061676839062	0.494571153228	0.336010279473	0.107741728236
-ban	0.219101123595	0.477528089888	0.269662921348	0.0337078651685
-bao	0.0785869648381	0.270201440579	0.289208774634	0.36200281995
-bai	0.253655435474	0.45263827082	0.23458359822	0.0591226954863
-e'a	0.472518381913	0.385781890807	0.0937226542639	0.047977073016
-las	0.0283400809717	0.96963562753	0.00101214574899	0.00101214574899
-hon	0.0	1.0	0.0	0.0
-baa	0.0670961808353	0.0847586432072	0.0198225127031	0.828322663254
-hor	0.0	1.0	0.0	0.0
-hos	0.0	1.0	0.0	0.0
-rei	0.445405581851	0.192916598662	0.0684674392035	0.293210380284
-bau	0.181305076105	0.325431505353	0.456339669361	0.0369237491807
-bas	0.0138422818792	0.974412751678	0.00880872483222	0.00293624161074
-job	0.0	1.0	0.0	0.0
-ase	0.0	1.0	0.0	0.0
-asa	0.0	0.857142857143	0.0	0.142857142857
-peu	0.0484709324285	0.301263181875	0.0346220945917	0.615643791104
-eiu	0.175438596491	0.701754385965	0.105263157895	0.0175438596491
-asi	0.431761655986	0.471419613258	0.0151916978002	0.0816270329561
-yei	0.0881911653355	0.049870096755	0.00879237403427	0.853146363875
-asu	0.00548885952987	0.976742553341	0.00275719455454	0.0150113925747
-gue	0.0112848940804	0.980102949911	0.000593941793705	0.00801821421501
-lta	0.0	1.0	0.0	0.0
-yee	0.267486548809	0.471944657955	0.0207532667179	0.239815526518
-zor	0.0	1.0	0.0	0.0
-ape	0.0594384838344	0.885946202857	0.00766032965885	0.0469549836496
-430	0.0357142857143	0.0	0.0	0.964285714286
-rau	0.218842772174	0.333995675903	0.0205729480838	0.426588603839
-ras	0.0	1.0	0.0	0.0
-ran	0.0	1.0	0.0	0.0
-eri	0.0	1.0	0.0	0.0
-iwa	0.378182961333	0.509588179818	0.0867651681861	0.0254636906633
-ram	0.056268509378	0.92596248766	0.0	0.0177690029615
-rak	0.0	1.0	0.0	0.0
-iwe	0.131625766554	0.0165601398169	0.003740401465	0.848073692164
-rai	0.371791188665	0.134803440068	0.297450906076	0.195954465191
-era	0.144782235014	0.716535747836	0.0868581479482	0.0518238692011
-erb	0.305555555556	0.555555555556	0.0833333333333	0.0555555555555
-ere	0.573865431189	0.273244182373	0.112456565231	0.0404338212067
-raa	0.268895166312	0.47989697546	0.0595457910582	0.19166206717
-ugu	0.243273876498	0.364493017407	0.336554371567	0.0556787345291
-uge	0.351102941176	0.594669117647	0.0220588235295	0.032169117647
-poi	0.0437934005778	0.837802220082	0.0388260935678	0.0795782857722
-poo	0.0228542407313	0.405281868969	0.55967496191	0.01218892839
-uga	0.277388893335	0.602748657211	0.0538763174866	0.0659861319676
-ugo	0.027027027027	0.878378378378	0.0405405405405	0.0540540540541
-uu—	0.611111111111	0.388888888889	0.0	0.0
-poa	0.0769920200417	0.430906950878	0.263392616109	0.228708412971
-aza	0.0	0.958041958042	0.0	0.041958041958
-ugi	0.462485758254	0.182726481757	0.254462172331	0.100325587657
-foa	0.445544554456	0.25	0.264851485148	0.039603960396
-laa	0.107251296158	0.646766849449	0.117130154013	0.12885170038
-foi	0.381663113006	0.0732054015636	0.417910447761	0.127221037669
-nor	0.0	1.0	0.0	0.0
-lao	0.423605889086	0.324589229721	0.0717180307046	0.180086850488
-lah	0.0	1.0	0.0	0.0
-lai	0.282627376876	0.633561028222	0.0305371290276	0.0532744658743
-oum	0.0340909090909	0.761363636364	0.0681818181818	0.136363636364
-foo	0.028544776642	0.0438340201074	0.00521033214467	0.922410871106
-aam	0.0	1.0	0.0	0.0
-lau	0.115606379062	0.830709583932	0.0221488857081	0.0315351512978
-ppi	0.00194269062652	0.986401165614	0.0	0.0116561437591
-aan	0.0131868131868	0.745054945055	0.228571428571	0.0131868131868
-fou	0.3104	0.1328	0.1008	0.456
-non	0.0	0.962962962963	0.037037037037	0.0
-noo	0.199390656737	0.584123222749	0.050778605281	0.165707515234
-noa	0.101214574899	0.728744939271	0.17004048583	0.0
-ppa	0.00193236714976	0.99806763285	0.0	0.0
-aac	0.00151032052358	0.989427756335	0.0040275213962	0.00503440174526
-gei	0.0394519421468	0.937169129174	0.0147446652468	0.00863426343279
-geo	0.882845188285	0.0669456066945	0.0	0.0502092050209
-gen	0.388059701493	0.582089552239	0.0298507462687	0.0
-gea	0.0132336260135	0.899298407764	0.082342561862	0.00512540436079
-gee	0.149724477958	0.606656032483	0.197940835267	0.0456786542923
-rew	0.00609508329947	0.970743600163	0.0121901665989	0.010971149939
-don	0.00104047445635	0.998959525544	0.0	0.0
-ger	0.0384615384615	0.923076923077	0.0384615384615	0.0
-dom	0.0117370892019	0.988262910798	0.0	0.0
-dok	0.0	1.0	0.0	0.0
-sar	0.0551161010462	0.908905332993	0.0255167134473	0.0104618525134
-dda	0.0246913580247	0.975308641975	0.0	0.0
-sau	0.0125	0.9875	0.0	0.0
-tiu	0.235443037975	0.632278481013	0.0170886075949	0.115189873418
-too	0.150795115896	0.194022341474	0.575296872404	0.0798856702266
-ddi	0.0	1.0	0.0	0.0
-'uu	0.0175124101781	0.936057208317	0.0109723331135	0.035458048391
-toi	0.22265625	0.60546875	0.1328125	0.0390625
-ges	0.0322580645161	0.935483870968	0.0322580645161	0.0
-'ui	0.477366255144	0.489711934156	0.0274348422496	0.00548696844992
-tor	0.096	0.808	0.096	0.0
-olo	0.098275862069	0.786206896552	0.0514778325123	0.064039408867
-ola	0.260897435897	0.529487179487	0.188461538462	0.0211538461539
-'ua	0.281627378459	0.301555189163	0.139952170878	0.276865261501
-old	0.00249169435216	0.800456810631	0.197051495017	0.0
-ole	0.508682328907	0.252298263534	0.202247191011	0.0367722165475
-sam	0.0	1.0	0.0	0.0
-lon	0.0205761316872	0.9670781893	0.00823045267488	0.00411522633744
-loo	0.0862585207556	0.0987540818484	0.0240928610396	0.790894536356
-iel	0.0	0.993920972644	0.0	0.00607902735562
-loi	0.285601888277	0.455940204563	0.174665617624	0.0837922895359
-aa—	0.427835051546	0.319587628866	0.0360824742268	0.216494845361
-loe	0.0795454545454	0.846590909091	0.0170454545455	0.0568181818182
-fee	0.279086625589	0.259151866618	0.143464364559	0.318297143234
-loa	0.147321551274	0.391932129474	0.404859412363	0.0558869068888
-rod	0.0217503883998	0.919989642672	0.0438891765924	0.0143707923356
-roa	0.0388273753623	0.282781249674	0.148519654824	0.52987172014
-ou—	0.28611898017	0.556657223796	0.0509915014164	0.106232294618
-ron	0.0196078431373	0.956170703576	0.0242214532872	0.0
-roo	0.0589185978779	0.560426256096	0.0311240048885	0.349531141137
-roi	0.523482933555	0.210430181653	0.0443674544394	0.221719430353
-ipi	0.0210722109108	0.966327032666	0.00383131107469	0.00876944534875
-ipo	0.398576512455	0.583629893239	0.0	0.017793594306
-ipe	0.619974059663	0.189364461738	0.0778210116732	0.112840466926
-ewa	0.65627081276	0.149208828055	0.110327722022	0.0841926371632
-awi	0.377336617881	0.258214921964	0.295711618947	0.068736841208
-awa	0.15193297088	0.390549973027	0.35336483642	0.104152219672
-awe	0.1462858624	0.0902926753482	0.0151209435918	0.74830051866
-i—o	0.175675675676	0.445945945946	0.0	0.378378378378
-i—a	0.675376884422	0.324623115578	0.0	0.0
-bit	0.0	0.662983425414	0.298342541437	0.0386740331492
-tin	0.0	0.868421052632	0.131578947368	0.0
-cum	0.0754716981132	0.88679245283	0.0	0.0377358490566
-ona	0.189161305979	0.0784697737741	0.00493234569355	0.727436574554
-oli	0.0	1.0	0.0	0.0
-hys	0.0	0.925925925926	0.0	0.0740740740741
-sse	0.0	1.0	0.0	0.0
-cus	0.00813743218806	0.991862567812	0.0	0.0
-lei	0.0478402979686	0.527012903103	0.0133021682534	0.411844630675
-oiu	0.0320986396291	0.695062923524	0.112345238702	0.160493198145
-ois	0.0	1.0	0.0	0.0
-ion	0.0137174211248	0.941167504954	0.0391708581009	0.00594421582076
-mum	0.0	1.0	0.0	0.0
-lea	0.0	1.0	0.0	0.0
-ioa	0.268292682927	0.560975609756	0.170731707317	0.0
-mui	0.164605873261	0.305255023184	0.490726429675	0.0394126738794
-lee	0.0253730767748	0.933212509158	0.0291520456561	0.0122623684109
-leg	0.0	1.0	0.0	0.0
-muu	0.0353149645602	0.828272705631	0.0202386711821	0.116173658627
-ley	0.0	0.981818181818	0.0	0.0181818181818
-oic	0.0950226244344	0.579185520362	0.325791855204	0.0
-mus	0.0100150225338	0.989984977466	0.0	0.0
-ios	0.0	0.964285714286	0.0357142857143	0.0
-ryl	0.0	1.0	0.0	0.0
-les	0.0	1.0	0.0	0.0
-leu	0.0	1.0	0.0	0.0
-iou	0.0496477340089	0.642918220781	0.0	0.30743404521
-iot	0.0344168260038	0.946462715105	0.019120458891	0.0
-ifa	0.410334346505	0.471124620061	0.118541033435	0.0
-eek	0.0	0.369565217391	0.630434782609	0.0
-aly	0.0	0.853503184713	0.146496815287	0.0
-ifi	0.263551698793	0.27962938555	0.198021340605	0.258797575051
-giu	0.0777845123676	0.634311773025	0.00606113083383	0.281842583773
-rrh	0.0	0.985074626866	0.0149253731343	0.0
-iba	0.263609116255	0.190070541363	0.500666299785	0.0456540425977
-gio	0.448111892833	0.282735145313	0.0578004000678	0.211352561786
-alo	0.031109599188	0.283673012955	0.0181582693218	0.667059118535
-alm	0.0201342281879	0.969798657718	0.010067114094	0.0
-mii	0.580469966648	0.190271219697	0.0579766634147	0.17128215024
-gii	0.12741446181	0.0888556668484	0.0211414481818	0.76258842316
-ali	0.0	1.0	0.0	0.0
-ald	0.0185185185185	0.685185185185	0.296296296296	0.0
-ale	0.266185752931	0.604328223625	0.0378719567178	0.0916140667268
-hia	0.340469358047	0.0345018547023	0.00410251796057	0.62092626929
-gia	0.489624859421	0.30528810546	0.0520128050049	0.153074230114
-ala	0.198956845993	0.584657139823	0.117394947075	0.0989910671088
-iei	0.0534759358289	0.0374331550802	0.0106951871658	0.898395721925
-rou	0.168595041322	0.603305785124	0.0892561983471	0.138842975207
-fau	0.126994238845	0.49069386931	0.329281790281	0.0530301015635
-yoi	0.162819742625	0.060009380171	0.0030301114027	0.774140765801
-yon	0.0322580645161	0.967741935484	0.0	0.0
-pee	0.313977239568	0.567551794573	0.0641960898746	0.0542748759848
-bim	0.0280701754386	0.761403508772	0.168421052632	0.0421052631579
-cho	0.00597014925373	0.994029850746	0.0	0.0
-ogu	0.604287996702	0.146781425553	0.0432922743905	0.205638303355
-pei	0.103656514395	0.381693519154	0.365743990005	0.148905976446
-ogi	0.639423076923	0.216346153846	0.0288461538462	0.115384615385
-mu—	0.405063291139	0.151898734177	0.0	0.443037974684
-eli	0.0208333333333	0.979166666667	0.0	0.0
-elo	0.253619675446	0.302204167127	0.352616037338	0.0915601200898
-per	0.0441717791411	0.926380368098	0.0294478527607	0.0
-iye	0.0622756640345	0.861450107681	0.0166905958363	0.059583632448
-ela	0.847837266442	0.131078224101	0.0126849894292	0.00839952002743
-le—	0.107142857143	0.892857142857	0.0	0.0
-ele	0.0448994252874	0.753395251779	0.155138204707	0.0465671182266
-hum	0.0	1.0	0.0	0.0
-bba	0.100790513834	0.764822134387	0.0	0.134387351779
-esu	0.332902987827	0.146255994098	0.488565105127	0.0322759129473
-ito	0.0643274853801	0.801169590643	0.122807017544	0.0116959064327
-esi	0.199335548173	0.641196013289	0.139534883721	0.0199335548173
-tes	0.0	1.0	0.0	0.0
-iti	0.00328929335015	0.903042596349	0.0898306013925	0.0038375089085
-esa	0.0	1.0	0.0	0.0
-ite	0.0	0.922413793103	0.0775862068966	0.0
-ita	0.647098723562	0.352901276438	0.0	0.0
-faa	0.449125375881	0.231183892495	0.0555925980663	0.264098133558
-udu	0.422626577146	0.406117219681	0.108008173592	0.0632480295806
-fai	0.50016353089	0.0997194154201	0.0630024271427	0.337114626547
-o'u	0.37037037037	0.351851851852	0.0555555555556	0.222222222222
-o'i	0.117985292162	0.633060960342	0.194237470626	0.0547162768694
-oai	0.187198147908	0.326770133491	0.376009593377	0.110022125224
-uda	0.0359530741029	0.194400711512	0.636118062346	0.13352815204
-o'o	0.301740084943	0.206610768281	0.119307599041	0.372341547735
-ude	0.489997285916	0.154615256656	0.0486346404714	0.306752816957
-o'a	0.0688168509726	0.577610700263	0.306670581184	0.0469018675797
-ioo	0.0343213728549	0.886115444618	0.0748829953198	0.00468018720749
-udi	0.0424171507376	0.893298925989	0.0323143466087	0.0319695766643
-o'e	0.11963700948	0.0885300421283	0.0529147504986	0.738918197893
-udo	0.0631578947368	0.936842105263	0.0	0.0
-uoo	0.172968456236	0.594317944433	0.0816795487779	0.151034050554
-abu	0.325819672131	0.544057377049	0.061475409836	0.0686475409836
-uoi	0.20260130065	0.639819909955	0.157578789395	0.0
-hua	0.0618556701031	0.938144329897	0.0	0.0
-abe	0.515837763053	0.359280565062	0.0448554576568	0.0800262142285
-aba	0.166550519994	0.69055226156	0.11787554408	0.0250216743654
-lot	0.00780437044744	0.986992715921	0.00520291363163	0.0
-ria	0.0113593335858	0.942067398713	0.045437334343	0.00113593335858
-hus	0.0257009345794	0.960280373832	0.0140186915888	0.0
-lou	0.538585728124	0.191475621569	0.211817888279	0.0581207620277
-ael	0.0062944399114	0.979484788437	0.0135213894393	0.000699382212379
-sos	0.041095890411	0.928082191781	0.0	0.0308219178082
-aen	0.0	0.958333333333	0.0	0.0416666666667
-los	0.00365853658537	0.992682926829	0.0	0.00365853658537
-son	0.0371900826446	0.956611570248	0.00619834710743	0.0
-orn	0.207627118644	0.792372881356	0.0	0.0
-oro	0.286138581187	0.405029315674	0.125952896917	0.182879206222
-ora	0.0492963630504	0.890246959262	0.0214850976975	0.0389715799902
-ore	0.0535714285714	0.821428571429	0.125	0.0
-lix	0.00941176470587	0.974117647059	0.00941176470587	0.0070588235294
-rus	0.0313842705025	0.914440500654	0.0358677377172	0.0183074911265
-lip	0.0	0.997684291779	0.0	0.00231570822076
-omu	0.184378806334	0.747107186358	0.0411084043848	0.0274056029233
-lis	0.0	0.893975903615	0.0	0.106024096385
-lim	0.0	1.0	0.0	0.0
-omi	0.193691215287	0.0431645239132	0.0186839762032	0.744460284597
-lio	0.0	1.0	0.0	0.0
-omo	0.0350024307244	0.859990277103	0.105007292173	0.0
-jew	0.0174718526282	0.823621182216	0.144771212274	0.0141357528812
-rum	0.0652173913043	0.934782608696	0.0	0.0
-oma	0.391391296067	0.469098181126	0.123797733549	0.0157127892582
-rug	0.0	1.0	0.0	0.0
-ome	0.0386656557998	0.697498104625	0.262319939348	0.00151630022744
-rue	0.0297086269282	0.970291373072	0.0	0.0
-eas	0.0	1.0	0.0	0.0
-ear	0.0	0.790697674419	0.209302325581	0.0
-eau	0.200904193988	0.279173743391	0.0332241562595	0.486697906361
-eat	0.0209564750134	0.979043524987	0.0	0.0
-144	0.00539811066126	0.137651821862	0.0161943319838	0.840755735493
-eaa	0.46052297614	0.349177882019	0.0490769649688	0.141222176872
-oda	0.0	1.0	0.0	0.0
-rna	0.0	1.0	0.0	0.0
-eai	0.0992965230041	0.143387355452	0.276376466067	0.480939655477
-ean	0.214285714286	0.738095238095	0.047619047619	0.0
-zer	0.0	1.0	0.0	0.0
-lux	0.0352941176471	0.894117647059	0.0352941176471	0.0352941176471
-ea—	0.403433476395	0.396995708154	0.167381974249	0.0321888412017
-rga	0.0	1.0	0.0	0.0
-ono	0.624258600237	0.339264531435	0.0240213523132	0.0124555160143
-ory	0.0	0.847058823529	0.152941176471	0.0
-nio	0.587398535837	0.16572240905	0.0272337773787	0.219645277734
-pai	0.0914202546998	0.867148574894	0.0114105518496	0.0300206185567
-wau	0.438683367317	0.416836586076	0.0557821147684	0.0886979318381
-dus	0.0280373831775	0.934579439252	0.00934579439251	0.0280373831775
-duu	0.0911365785086	0.724540437328	0.092382620695	0.0919403634683
-pao	0.0649932118201	0.883589936162	0.0219532626592	0.0294635893584
-li—	0.0	1.0	0.0	0.0
-paa	0.173509224057	0.32807277181	0.033834298691	0.464583705443
-api	0.01872074883	0.94383775351	0.01872074883	0.0187207488299
-e'o	0.29298245614	0.594035087719	0.0484210526316	0.0645614035087
-paz	0.0	1.0	0.0	0.0
-waa	0.0471463900617	0.902311590628	0.017770993638	0.0327710256722
-apu	0.0513811087503	0.876376279699	0.0502221363724	0.0220204751787
-wao	0.344480402733	0.564904710536	0.0409924487595	0.049622437972
-dui	0.122703591993	0.306690430491	0.121743899095	0.448862078421
-pas	0.0154320987654	0.974279835391	0.0102880658436	0.0
-pau	0.170498084291	0.680076628353	0.0287356321839	0.120689655172
-wai	0.346787792006	0.366987085441	0.197454646463	0.0887704760899
-duo	0.0740740740741	0.898148148148	0.0277777777778	0.0
-ai—	0.315	0.097	0.0	0.588
-lus	0.0259842519685	0.917322834646	0.0566929133858	0.0
-nui	0.480544747082	0.371595330739	0.0486381322957	0.0992217898833
-suu	0.0392138036632	0.884493618914	0.0369271740037	0.0393654034196
-sus	0.00477703307792	0.851573891746	0.00308145731769	0.140567617858
-sop	0.015748031496	0.905511811024	0.0629921259842	0.0157480314961
-sui	0.262342342342	0.635315315315	0.052972972973	0.0493693693694
-sue	0.724137931034	0.0344827586207	0.0	0.241379310345
-nuu	0.275536407408	0.330943166426	0.0788558728786	0.314664553288
-600	0.0169491525424	0.0677966101695	0.101694915254	0.813559322034
-sua	0.496302382909	0.257189811011	0.187345932621	0.0591618734593
-i'a	0.085797480853	0.24819330133	0.298417900364	0.367591317453
-feu	0.126984126984	0.301587301587	0.507936507936	0.0634920634921
-dia	0.099500647309	0.801368596264	0.0891437026077	0.00998705381912
-i'e	0.397976032264	0.250550866716	0.283574103799	0.0678989972212
-i'i	0.177441170418	0.175327016669	0.0576572995467	0.589574513367
-ino	0.481900452489	0.182975113122	0.290158371041	0.0449660633484
-i'o	0.458638743456	0.158115183246	0.223036649215	0.160209424084
-dii	0.452002742666	0.215169277257	0.111318446143	0.221509533933
-tus	0.0156394310695	0.972908072163	0.00591096607352	0.00554153069392
-i'u	0.0430868988384	0.904008934233	0.0327242269659	0.0201799399623
-dis	0.0	1.0	0.0	0.0
-arp	0.0	1.0	0.0	0.0
-sli	0.0	1.0	0.0	0.0
-fei	0.0176167383881	0.0198249348512	0.00263562493964	0.959922701821
-'oo	0.108284023669	0.80650887574	0.0710059171597	0.014201183432
-'oa	0.195372750643	0.275064267352	0.334190231362	0.195372750643
-afu	0.694269307866	0.283274135774	0.0020346544353	0.0204219019246
-veh	0.013160780873	0.986839219127	0.0	0.0
-afi	0.0571422771464	0.894162564938	0.0324965645685	0.0161985933476
-ver	0.0059805631697	0.919262397209	0.0657861948667	0.00897084475455
-uke	0.0131578947368	0.973684210526	0.0	0.0131578947368
-afo	0.239214519488	0.30377863731	0.339184766439	0.117822076763
-afa	0.125871013231	0.260628429399	0.410287114322	0.203213443048
-nna	0.0153351663246	0.948882778918	0.0102234442164	0.025558610541
-'ou	0.0333151018486	0.0296717345212	0.00366066729663	0.933352496334
-afe	0.392084863321	0.340269277846	0.177070583435	0.0905752753978
-aiu	0.571428571429	0.119047619048	0.309523809524	0.0
-efe	0.433130699088	0.393617021277	0.127659574468	0.0455927051671
-efa	0.217874434479	0.0577426779903	0.123819350742	0.600563536789
-ais	0.0769230769231	0.923076923077	0.0	0.0
-tis	0.061433447099	0.907849829352	0.0102389078498	0.0204778156996
-lo—	0.456140350877	0.333333333333	0.175438596491	0.0350877192982
-efo	0.407279728006	0.25215873904	0.174263942301	0.166297590653
-efi	0.0427461139896	0.926165803109	0.0116580310881	0.0194300518134
-efu	0.266841072596	0.261608894702	0.345977763244	0.125572269457
-aia	0.282101721011	0.527939354932	0.0790817943514	0.110877129705
-tia	0.0	0.946707521101	0.0532924788992	0.0
-tic	0.0825688073395	0.807339449541	0.0550458715597	0.0550458715596
-aim	0.0	1.0	0.0	0.0
-nu—	0.078125	0.921875	0.0	0.0
-ain	0.0468929904748	0.945291511113	0.00195387460312	0.00586162380935
-tii	0.0298395721925	0.94192513369	0.0163636363636	0.011871657754
-eme	0.0683890577507	0.838905775076	0.0927051671733	0.0
-uwe	0.506475235381	0.2735110566	0.146098625591	0.0739150824285
-hma	0.0119047619047	0.706349206349	0.178571428571	0.103174603175
-uwa	0.0485299326957	0.75859015232	0.179241941197	0.0136379737867
-uwi	0.0783157506794	0.510756898696	0.0847652830885	0.326162067536
-emu	0.183872853389	0.541425534318	0.0935653499176	0.181136262375
-'a—	0.384422110553	0.532663316583	0.037688442211	0.0452261306533
-egi	0.634585289515	0.257433489828	0.0985915492957	0.00938967136149
-oni	0.375815470643	0.5587138863	0.0277260018639	0.0377446411929
-jah	0.0119612682742	0.980064552876	0.00797417884944	0.0
-ana	0.174542063238	0.319858454289	0.0757823412945	0.429817141178
-int	0.0234410217881	0.976558978212	0.0	0.0
-cia	0.00584795321638	0.991493886231	0.0	0.0026581605529
-oaz	0.0289855072463	0.971014492754	0.0	0.0
-zar	0.0	1.0	0.0	0.0
-ane	0.12375040854	0.474092501506	0.234913740712	0.167243349243
-lel	0.0	1.0	0.0	0.0
-nze	0.0739130434783	0.817391304348	0.108695652174	0.0
-000	0.137912031137	0.0611373264905	0.0	0.800950642372
-eta	0.475862068965	0.193103448276	0.237931034483	0.0931034482759
-ete	0.321087786259	0.583015267176	0.0472328244275	0.0486641221374
-eth	0.00384877079883	0.975945182507	0.00288657809912	0.0173194685947
-ruu	0.540540540541	0.162162162162	0.216216216216	0.0810810810811
-'aa	0.383340178796	0.177574592313	0.0559537249455	0.383131503945
-bub	0.0614397106216	0.93297486114	0.00558542823833	0.0
-'ai	0.415162287201	0.393485620058	0.0992398506456	0.0921122420956
-'ao	0.111893033075	0.85327234342	0.0348346235046	0.0
-'au	0.147069971735	0.1359394732	0.133012611458	0.583977943607
-ate	0.0161573972302	0.914706528907	0.0422070784788	0.0269289953836
-weo	0.04	0.76	0.2	0.0
-fuo	0.0302719927165	0.570137703426	0.129054284739	0.270536019119
-bus	0.0	1.0	0.0	0.0
-wea	0.122175141243	0.573799435028	0.259533898305	0.0444915254237
-ano	0.0151768579326	0.721622620913	0.0812718981636	0.181928622991
-wee	0.16430020284	0.567951318459	0.212981744422	0.0547667342799
-ris	0.0	1.0	0.0	0.0
-edi	0.495710200191	0.466158245949	0.0381315538608	0.0
-osa	0.0	1.0	0.0	0.0
-niu	0.0973907212095	0.337438273487	0.0521246113516	0.513046393952
-nix	0.0606936416185	0.864161849711	0.0520231213873	0.0231213872832
-osi	0.069138996694	0.892913612189	0.0103492884864	0.0275981026305
-osh	0.037037037037	0.962962962963	0.0	0.0
-nes	0.114441416894	0.885558583106	0.0	0.0
-osu	0.157894736842	0.80701754386	0.0	0.0350877192982
-ost	0.0	0.986577181208	0.0134228187919	0.0
-ace	0.00757575757576	0.94696969697	0.0454545454545	0.0
-nia	0.571551242546	0.228522798418	0.0377443907986	0.162181568237
-weu	0.220183486238	0.660550458716	0.0642201834862	0.0550458715596
-aca	0.05	0.5125	0.3875	0.05
-nii	0.241972733368	0.466549951576	0.0447366460553	0.246740669001
-ice	0.00744416873451	0.985111662531	0.00744416873449	0.0
-mua	0.270645604179	0.320308678018	0.328562185365	0.080483532438
-nen	0.0248565965583	0.816443594646	0.158699808795	0.0
-wei	0.476437976438	0.309078309078	0.137214137214	0.0772695772695
-dua	0.149791832866	0.788919632859	0.0314924237489	0.0297961105259
-fii	0.188814776809	0.636191636737	0.0931567470498	0.0818368394049
-ica	0.0043956043956	0.991208791209	0.0043956043956	0.0
-sha	0.0	1.0	0.0	0.0
-fia	0.561892608226	0.141749288309	0.0250319034063	0.271326200059
-yra	0.0234375	0.9765625	0.0	0.0
-fus	0.0	1.0	0.0	0.0
-ata	0.276531013933	0.286713007177	0.246460952805	0.190295026086
-vid	0.0	0.988992088063	0.00206398348813	0.00894392844857
-ily	0.113580024339	0.840987965926	0.0454320097354	0.0
-ile	0.0223217563698	0.883912181511	0.0667449886189	0.0270210735003
-lia	0.0371782650143	0.957102001907	0.0	0.00571973307912
-ila	0.0116279069767	0.985465116279	0.0	0.00290697674419
-ill	0.0	1.0	0.0	0.0
-ilk	0.0	0.54	0.46	0.0
-odu	0.0548942048454	0.0650528802904	0.0234158980586	0.856637016806
-iga	0.316026724299	0.110532814209	0.236989830345	0.336450631147
-aoh	0.010854816825	0.989145183175	0.0	0.0
-ige	0.579821200511	0.218390804598	0.0791826309067	0.122605363985
-oah	0.0	1.0	0.0	0.0
-igi	0.427371346077	0.358223298573	0.165227064053	0.0491782912971
-igo	0.504862236629	0.389249054565	0.0283630470016	0.0775256618044
-ebe	0.0	1.0	0.0	0.0
-oaa	0.434839446523	0.329865324694	0.111832096577	0.123463132206
-ath	0.00253860799661	0.99238417601	0.00190395599746	0.00317325999577
-amo	0.0251351351351	0.957027027027	0.00648648648649	0.0113513513514
-ama	0.025827275077	0.942836950564	0.0146453513847	0.0166904229744
-oau	0.407853669531	0.382267521274	0.0742204040376	0.135658405158
-oas	0.0	1.0	0.0	0.0
-eio	0.649879268713	0.241462573301	0.0238013107968	0.0848568471887
-hio	0.121118012422	0.77950310559	0.0248447204969	0.0745341614907
-gus	0.00943396226415	0.981132075472	0.00943396226415	0.0
-ire	0.0	1.0	0.0	0.0
-ira	0.0	1.0	0.0	0.0
-use	0.0408163265306	0.959183673469	0.0	0.0
-gui	0.1209992289	0.141444389725	0.112979661767	0.624576719609
-kah	0.141025641026	0.75641025641	0.0769230769231	0.025641025641
-nus	0.0	1.0	0.0	0.0
-gua	0.111558403708	0.230584525516	0.0359645707145	0.621892500061
-noi	0.40092623222	0.348991068475	0.234204432683	0.0158782666226
-usu	0.317890348179	0.567402102345	0.0720212974579	0.0426862520181
-—na	0.218012866333	0.525375268049	0.149392423159	0.107219442459
-uza	0.0	0.961538461538	0.0384615384615	0.0
-eni	0.0930862290474	0.135922962905	0.0247705473368	0.746220260711
-epo	0.0245398773006	0.79754601227	0.177914110429	0.0
-eph	0.0197197716658	0.977166580176	0.00103788271925	0.00207576543851
-sta	0.0454545454545	0.931818181818	0.0	0.0227272727273
-cee	0.00277777777778	0.988888888889	0.00833333333334	0.0
-cea	0.0	1.0	0.0	0.0
-wio	0.103448275862	0.103448275862	0.51724137931	0.275862068966
-pia	0.680979641295	0.213071204977	0.0803162939546	0.0256328597728
-ypt	0.00843608046723	0.914341336794	0.0772225827385	0.0
-wii	0.555524146077	0.253196477618	0.111783124876	0.0794962514288
-pii	0.134649910233	0.816277678037	0.0257330939557	0.0233393177738
-ius	0.0606365750147	0.911057106214	0.0129043512045	0.0154019675667
-iuu	0.395833333333	0.333333333333	0.145833333333	0.125
-wia	0.203700852859	0.079774623603	0.405554358201	0.310970165338
-ium	0.0144144144144	0.96036036036	0.018018018018	0.00720720720721
-a—o	0.185667752443	0.361563517915	0.228013029316	0.224755700326
-wiu	0.232783705141	0.522793404462	0.186226964113	0.0581959262852
-iud	0.0	1.0	0.0	0.0
-a—i	0.283687943262	0.517730496454	0.0921985815602	0.106382978723
-'ei	0.106697943084	0.064666784476	0.0234236396191	0.805211632821
-'ea	0.0880053988946	0.496903323908	0.391539453789	0.0235518234083
-'ee	0.63997005988	0.337574850299	0.0	0.0224550898204
-uel	0.00385852090032	0.9961414791	0.0	0.0
-uei	0.216283166355	0.194153913905	0.037542662116	0.552020257624
-'eu	0.181818181818	0.559440559441	0.111888111888	0.146853146853
-us—	0.269230769231	0.596153846154	0.0	0.134615384615
-ern	0.0	1.0	0.0	0.0
-owe	0.19569189696	0.0773803835701	0.0297139677541	0.697213751716
-agu	0.506314403171	0.373290796074	0.0801370005019	0.0402578002521
-agi	0.0965802711681	0.844896724789	0.0186996580964	0.039823345946
-min	0.0170212765958	0.982978723404	0.0	0.0
-age	0.064935064935	0.935064935065	0.0	0.0
-one	0.0	0.965517241379	0.0	0.0344827586207
-anu	0.0770638174481	0.438517760533	0.0213044466889	0.46311397533
-ega	0.0075026795284	0.95498392283	0.037513397642	0.0
-nyx	0.0	0.863636363636	0.136363636364	0.0
-any	0.0015479876161	0.998452012384	0.0	0.0
-oea	0.0	0.905660377359	0.0943396226415	0.0
-thy	0.00317712470214	0.996822875298	0.0	0.0
-das	0.0286209887251	0.953339115351	0.00104076322637	0.0169991326973
-dam	0.00191938579655	0.99424184261	0.0	0.00383877159308
-egu	0.242705570292	0.697612732096	0.0437665782493	0.0159151193634
-onu	0.266009852217	0.556650246305	0.147783251232	0.0295566502463
-dah	0.0	1.0	0.0	0.0
