-ссн	0.717576093727	0.142482809742	0.0259743737943	0.113966722736
-ссм	0.344827586207	0.5960591133	0.0	0.0591133004926
-мах	0.321867674496	0.609481892551	0.0452088217003	0.0234416112519
-циг	0.144692696712	0.72383260958	0.0609410597443	0.0705336339633
-мар	0.338992288198	0.387552115977	0.0198926342753	0.25356296155
-цин	0.168634306377	0.705201273977	0.0486960894658	0.0774683301803
-цим	0.543909348442	0.456090651558	0.0	0.0
-дон	0.0	1.0	0.0	0.0
-дом	0.00707630616819	0.992923693832	0.0	0.0
-лһл	0.0610766045549	0.567287784679	0.0652173913043	0.306418219462
-чон	0.21435286744	0.627702914447	0.112817298652	0.045126919461
-лһн	0.117918717057	0.338669159801	0.0458817785369	0.497530344605
-хдм	0.744444444444	0.255555555556	0.0	0.0
-лһа	0.139027595269	0.782391590013	0.00630749014455	0.0722733245729
-лһв	0.554373896909	0.272846238554	0.0289066389103	0.143873225626
-лһд	0.285221508285	0.432397700372	0.114643219479	0.167737571863
-лһж	0.311977715877	0.454038997214	0.033426183844	0.200557103064
-мас	0.120115309518	0.705903237005	0.0252820024329	0.148699451044
-үчҗ	0.429494079656	0.367061356297	0.0602798708288	0.143164693218
-крҗ	0.583648797167	0.258700696056	0.0238124313103	0.133838075467
-чхв	0.515891834761	0.162909422901	0.299665865757	0.0215328765813
-чхд	0.278145695364	0.433774834437	0.26821192053	0.0198675496689
-чхш	0.331545064378	0.221030042918	0.328326180257	0.119098712446
-рна	0.344339188507	0.390360850777	0.0376889836691	0.227610977047
-җиҗ	0.363007778738	0.230769230769	0.181503889369	0.224719101124
-грв	0.632205995388	0.264027671022	0.0691775557264	0.0345887778632
-нѳр	0.164717348928	0.600389863548	0.207602339181	0.0272904483431
-орм	0.159803194716	0.60396306531	0.0232526791131	0.212981060861
-идл	0.207401212628	0.492786953795	0.187539201338	0.112272632239
-тур	0.158899966394	0.7621261342	0.0571300548896	0.0218438445166
-тус	0.293097530035	0.293985523468	0.118573240803	0.294343705694
-внә	0.291522704837	0.336192003949	0.0610809476802	0.311204343534
-вза	0.408897302414	0.0940605773782	0.0366777094179	0.46036441079
-тух	0.422077922078	0.493506493506	0.025974025974	0.0584415584416
-туч	0.17679558011	0.646408839779	0.154696132597	0.0220994475138
-лһс	0.450777202073	0.442141623489	0.013816925734	0.0932642487046
-лһх	0.427587166817	0.38983227782	0.0646182754541	0.117962279908
-дос	0.252808988764	0.64606741573	0.101123595506	0.0
-дор	0.0359773137087	0.0448185270327	0.122517338575	0.796686820683
-ңкд	0.588709677419	0.137096774194	0.274193548387	0.0
-мад	0.712229852555	0.273631589578	0.0141385578671	0.0
-маг	0.092170983661	0.0160158438893	0.00237189660367	0.889441275846
-ман	0.430666305772	0.187543864272	0.0119885695397	0.369801260417
-мал	0.275559499162	0.273439810707	0.25283446712	0.198166223011
-үчн	0.0423740177542	0.678976587014	0.146968112211	0.131681283021
-ачв	0.37106918239	0.298742138365	0.122641509434	0.207547169811
-крг	0.193717277487	0.806282722513	0.0	0.0
-крв	0.739046529912	0.090772639554	0.0246587091702	0.145522121364
-крд	0.868766404199	0.131233595801	0.0	0.0
-ачд	0.161002232697	0.725130240635	0.068221285041	0.0456462416274
-ачк	0.051724137931	0.896551724138	0.051724137931	0.0
-җич	0.0153846153846	0.984615384615	0.0	0.0
-җир	0.145488029466	0.486187845304	0.036832412523	0.331491712707
-җит	0.244634760705	0.565541561713	0.0598488664987	0.129974811083
-ачн	0.474576271187	0.120510029544	0.0304773752138	0.374436324055
-тул	0.0	0.979310344828	0.0206896551724	0.0
-тун	0.0645161290322	0.672640382318	0.241338112306	0.0215053763441
-юмс	0.111156685808	0.714930270714	0.0607054963084	0.11320754717
-кѳл	0.0693396226416	0.840566037736	0.0198113207547	0.0702830188679
-жәх	0.457142857143	0.442857142857	0.0285714285714	0.0714285714286
-лһҗ	0.52318669113	0.150987880832	0.0398772450902	0.285948182948
-юмб	0.121915820029	0.111030478955	0.010885341074	0.756168359942
-юмн	0.360121282192	0.250512104841	0.00523407664049	0.384132536326
-опд	0.0	1.0	0.0	0.0
-җин	0.0703950253119	0.812911069478	0.0688603659266	0.0478335392833
-крх	0.473684210526	0.291729323308	0.0270676691729	0.207518796993
-җий	0.0	0.225	0.0	0.775
-җил	0.00604026845638	0.969798657718	0.00503355704698	0.0191275167785
-гий	0.517241379311	0.388714733542	0.0117554858934	0.0822884012538
-җиг	0.0955311747391	0.774953170993	0.025689055392	0.103826598876
-ург	0.281773166706	0.621551520868	0.012261259137	0.0844140532893
-үчр	0.211618984889	0.498781045905	0.220487410557	0.0691125586488
-слл	0.428571428571	0.514285714286	0.0571428571429	0.0
-һцҗ	0.399061032864	0.0	0.00938967136148	0.591549295775
-слд	0.682593856655	0.122866894198	0.194539249147	0.0
-слв	0.516190235264	0.282064254996	0.0701998482166	0.131545661523
-сла	0.0732203741395	0.454652112475	0.0147140801431	0.457413433242
-хгт	0.237730919948	0.48796417242	0.19593207688	0.078372830752
-ьфа	0.0260416666667	0.934895833333	0.0260416666667	0.0130208333333
-хгч	0.0483870967742	0.903225806452	0.0483870967742	0.0
-риг	0.151247844826	0.582142124902	0.036613229975	0.229996800297
-ңһа	0.470198675497	0.291390728477	0.17880794702	0.0596026490066
-нид	0.020979020979	0.877622377622	0.020979020979	0.0804195804196
-ңһв	0.941176470588	0.0164705882353	0.0423529411765	0.0
-ниг	0.0774174506276	0.0683022898868	0.00992143027999	0.844358829206
-ишң	0.0	0.0740740740741	0.185185185185	0.740740740741
-рик	0.0444444444444	0.866666666667	0.0	0.0888888888889
-рий	0.0893336089506	0.811818816051	0.0378026407586	0.0610449342394
-нин	0.0665597676459	0.877166974254	0.0344900614165	0.021783196684
-ңһн	0.0308346624136	0.190749601276	0.0107389686337	0.767676767677
-рин	0.102161129548	0.620415477171	0.0747112033185	0.202712189962
-рим	0.272957581794	0.598423662387	0.0506679947167	0.0779507611026
-рит	0.723732549596	0.129316678913	0.00734753857456	0.139603232917
-ңһу	0.0125	0.911363636364	0.0420454545455	0.0340909090909
-ңһц	0.0700652938222	0.922651933702	0.0	0.00728277247615
-дый	0.574007220217	0.101083032491	0.151624548736	0.173285198556
-еяс	0.0	0.86402266289	0.0	0.13597733711
-дын	0.105443727902	0.810641161421	0.0408504958309	0.0430646148461
-лхд	0.433645918732	0.321996621408	0.0880077088044	0.156349751056
-рһҗ	0.325024597009	0.140341512498	0.0552014536878	0.479432436806
-шад	0.410972181836	0.464960744402	0.0174469322478	0.106620141514
-әтн	0.422144413824	0.227087665327	0.098156960551	0.252610960298
-ойр	0.0335447900017	0.0288739535003	0.00787671177826	0.92970454472
-әтл	0.177589852008	0.0878552971576	0.0602536997886	0.674301151045
-һдм	0.445378151261	0.235294117647	0.016806722689	0.302521008403
-слх	0.564949720538	0.309322083968	0.0769258038215	0.0488023916717
-слт	0.290419161677	0.37624750499	0.235528942116	0.0978043912176
-һдл	0.432132963989	0.271072417887	0.273051048674	0.02374356945
-льч	0.0890649939911	0.769564305922	0.0117687838716	0.129601916215
-рһц	0.263738959765	0.635467778868	0.0179914949297	0.0828017664376
-рһч	0.181210354878	0.791188067889	0.0	0.027601577233
-рһх	0.335564380391	0.270947296444	0.0201188722912	0.373369450873
-рһу	0.278388278388	0.666666666667	0.0549450549451	0.0
-рһс	0.271186440678	0.677966101695	0.0508474576272	0.0
-әтә	0.524170472387	0.218107944565	0.0816053022169	0.176116280831
-шам	0.0435974090683	0.925884404584	0.00373692077729	0.0267812655705
-слң	0.234458259325	0.760213143872	0.00532859680282	0.0
-һцв	0.56779661017	0.406779661017	0.0	0.0254237288136
-ишк	0.210526315789	0.789473684211	0.0	0.0
-унь	0.172483564593	0.142713816303	0.0806757058404	0.604126913264
-һцд	0.397345823575	0.544106167057	0.0281030444965	0.0304449648712
-слҗ	0.519700821933	0.359296178215	0.0176089968656	0.103394002986
-ишв	0.672290110723	0.104143215749	0.0104945949167	0.213072078611
-лрв	0.484092326887	0.194635059264	0.0262008733624	0.295071740487
-иша	0.0	1.0	0.0	0.0
-ңһү	0.278293135436	0.230055658627	0.313543599258	0.178107606679
-кән	0.114497085001	0.687855209189	0.037624922665	0.160022783144
-янд	0.493353028065	0.435745937962	0.0	0.0709010339735
-йдм	0.128048780488	0.457317073171	0.19512195122	0.219512195122
-һцс	0.0	0.864150943396	0.135849056604	0.0
-йдл	0.0684039087948	0.501628664495	0.42996742671	0.0
-һцх	0.854748603352	0.0614525139665	0.0	0.0837988826816
-лрх	0.0430622009569	0.777511961723	0.107655502392	0.0717703349282
-уҗа	0.0	0.559322033898	0.271186440678	0.169491525424
-слә	0.488308115543	0.41265474553	0.0165061898212	0.0825309491059
-кәг	0.199397425363	0.730484798685	0.0454669953437	0.0246507806081
-рһм	0.313467237405	0.584458347053	0.0263417846559	0.0757326308857
-рһн	0.240944482058	0.662576167908	0.0416384563304	0.0548408937035
-рһл	0.13023269083	0.764853679262	0.0154410610979	0.0894725688097
-рһд	0.328403361345	0.436302521008	0.0161344537815	0.219159663866
-рһв	0.731087833463	0.10191072229	0.00879828682414	0.158203157423
-рһг	0.203821656051	0.248407643312	0.0700636942675	0.477707006369
-рһа	0.0724293516979	0.542863927808	0.0142483970553	0.370458323438
-гар	0.383232936078	0.35298808234	0.118940411701	0.144838569881
-гас	0.154739737945	0.521932067063	0.0504803840019	0.27284781099
-гат	0.316041647471	0.0639260548865	0.00305518241378	0.616977115229
-вшт	0.122448979592	0.755102040816	0.122448979592	0.0
-гач	0.474801061008	0.253978779841	0.0159151193634	0.255305039788
-айр	0.102980472765	0.70421377184	0.0702980472764	0.122507708119
-айс	0.292069632495	0.700193423598	0.00773694390715	0.0
-айт	0.529100529101	0.249639249639	0.0481000481	0.17316017316
-айх	0.349319911817	0.493864647893	0.0621854332182	0.0946300070712
-дхш	0.61753360541	0.15645829586	0.0408165340713	0.185191564659
-666	0.0129032258064	0.0	0.0	0.987096774194
-зѳв	0.234614177998	0.0634472462922	0.10163459146	0.600303984249
-мтн	0.0722401318021	0.361306154555	0.0116319437517	0.554821769891
-яир	0.0187969924813	0.974937343358	0.00626566416039	0.0
-нчи	0.42627922718	0.349434159433	0.0690764864448	0.155210126943
-мта	0.0507436570429	0.686370725398	0.0864620183348	0.176423599224
-мтг	0.562647754137	0.284332688588	0.0627552116914	0.0902643455835
-мтв	0.366972477064	0.227828746177	0.0	0.405198776758
-нта	0.313704972334	0.190943651899	0.329092483156	0.166258892611
-зхш	0.447879858657	0.168727915194	0.047703180212	0.335689045936
-ийм	0.238095238095	0.179802955665	0.0114942528735	0.570607553366
-усҗ	0.366909343486	0.268432290595	0.0423183782671	0.322339987652
-нтл	0.363636363636	0.370909090909	0.0436363636364	0.221818181818
-ийд	0.0551646563278	0.756485736167	0.0792169251388	0.109132682366
-нтн	0.409105472421	0.154498299136	0.0335085197062	0.402887708737
-зхн	0.542780748663	0.344919786096	0.0	0.112299465241
-зхв	0.452961672474	0.15331010453	0.146341463415	0.247386759582
-ийт	0.596238495398	0.200251529183	0.0966100726005	0.106899902818
-ийч	0.694101189088	0.207973886687	0.00699463744463	0.0909302867801
-тта	0.354558095367	0.497422505596	0.0957912229532	0.0522281760836
-мтх	0.0	0.6488946684	0.3511053316	0.0
-ттн	0.640426098825	0.187334489753	0.0409187551999	0.131320656223
-айв	0.587255611875	0.178131788559	0.00868935553947	0.225923244026
-айг	0.193089260223	0.806910739777	0.0	0.0
-пет	0.0918367346938	0.890670553936	0.0174927113703	0.0
-айн	0.103008241734	0.146668122951	0.616903521761	0.133420113554
-гав	0.46757925072	0.0576368876081	0.0525936599423	0.422190201729
-гаг	0.512	0.205	0.229	0.0539999999999
-гад	0.147752187614	0.0567594340115	0.00495444711285	0.790533931261
-гай	0.256036636137	0.341382181515	0.101165695254	0.301415487094
-ацҗ	0.527907561658	0.289819650545	0.113920492373	0.0683522954239
-ган	0.274675200553	0.430738020804	0.137120553469	0.157466225174
-гап	0.0	1.0	0.0	0.0
-мтҗ	0.155688622754	0.125748502994	0.682634730539	0.0359281437126
-чим	0.103578154426	0.804143126177	0.0922787193973	0.0
-чин	0.152756120509	0.720244557172	0.043868306259	0.0831310160603
-ынь	0.409832913656	0.367694330152	0.126198974773	0.0962737814182
-чик	0.166377527993	0.255487960755	0.279345061151	0.298789450101
-нтҗ	0.517150395778	0.0346777233321	0.0180927252168	0.430079155673
-чиг	0.146844384366	0.717748029181	0.0380125444597	0.097395041993
-ацх	0.670807453416	0.11801242236	0.211180124224	0.0
-грҗ	0.666732090285	0.0423945044161	0.227281648675	0.0635917566241
-мгв	0.143850105772	0.856149894228	0.0	0.0
-ңла	0.271100739012	0.574095682614	0.0451186308829	0.109684947491
-ңкв	0.0305922662751	0.565589818894	0.403817914831	0.0
-мгн	0.0848036191652	0.746781821921	0.0518198642813	0.116594694633
-мгт	0.0641221374046	0.871755725191	0.0641221374046	0.0
-мтә	0.102119518401	0.488581044534	0.351583628824	0.0577158082417
-айҗ	0.475187653004	0.351905355838	0.0147154886092	0.158191502549
-вшҗ	0.676943047217	0.157228622424	0.0340743144572	0.131754015901
-нтә	0.0818772155472	0.229946356307	0.472033127333	0.216143300813
-срн	0.805555555555	0.138888888889	0.0	0.0555555555556
-аца	0.0706179066835	0.641025641026	0.279529213955	0.00882723833544
-ацг	0.134938304215	0.239273989661	0.0371306743142	0.58865703181
-ацв	0.255164387547	0.622636019785	0.0	0.122199592668
-чит	0.518518518519	0.101851851852	0.0833333333333	0.296296296296
-пла	0.247933884298	0.504132231405	0.099173553719	0.148760330579
-ямр	0.555555555556	0.147147147147	0.036036036036	0.261261261261
-ввт	0.465444430909	0.332033946482	0.0874040687051	0.115117553904
-ввч	0.53195663397	0.307428440314	0.0594275225148	0.101187403201
-бум	0.18743109151	0.6802646086	0.0330760749724	0.0992282249173
-ясч	0.358974358974	0.0641025641025	0.538461538462	0.0384615384615
-рлх	0.470910676467	0.20554146704	0.227769413822	0.0957784426713
-рлт	0.2127165188	0.656051964512	0.0546577946768	0.0765737220109
-уль	0.395604395604	0.480492661701	0.0973523121174	0.0265506305774
-кас	0.0507272471074	0.304848835935	0.261151383257	0.383272533701
-кар	0.182619054812	0.0398292685482	0.00331827495682	0.774233401682
-дун	0.203444747613	0.735334242838	0.0233628922237	0.0378581173261
-кдм	0.260392873458	0.465509365007	0.0394015532206	0.234696208314
-һла	0.475947262145	0.303123886447	0.0135408005701	0.207388050837
-лзҗ	0.11320754717	0.622641509434	0.264150943396	0.0
-һлв	0.390201224847	0.424321959755	0.010498687664	0.174978127734
-һлд	0.152944175376	0.570481774152	0.118879336315	0.157694714157
-мүр	0.21556712963	0.70630787037	0.00868055555553	0.0694444444444
-үзх	0.65429716491	0.0436396021969	0.0142496660234	0.28781356687
-ел-	0.0	1.0	0.0	0.0
-хаҗ	0.409658779094	0.401168608968	0.0348645769442	0.154308034994
-эвд	0.259213378755	0.220501703314	0.343759677919	0.176525240012
-оис	0.0137931034483	0.986206896552	0.0	0.0
-езә	0.216312902456	0.118411638445	0.0354161698068	0.629859289292
-рья	0.0343065693431	0.917153284672	0.0233576642336	0.0251824817518
-ьчд	0.55630387931	0.245689655172	0.0	0.198006465517
-сий	0.450259709442	0.151079705751	0.0195111661877	0.37914941862
-сип	0.0609911054638	0.794917407878	0.0	0.144091486658
-сим	0.445996144261	0.387783890535	0.0477265246626	0.118493440542
-син	0.0425475249206	0.451411177441	0.00910879108762	0.49693250655
-сиг	0.135521286061	0.348000215441	0.0149943074399	0.501484191058
-ьчн	0.310173992311	0.542422795974	0.0658610094897	0.0815422022254
-лсҗ	0.11095505618	0.105337078652	0.733146067416	0.0505617977528
-рьт	0.627118644068	0.0677966101695	0.0677966101695	0.237288135593
-үзл	0.385064177363	0.463243873979	0.0933488914819	0.0583430571762
-үзн	0.630769230769	0.0865384615384	0.0	0.282692307692
-үзм	0.017851733241	0.891266715714	0.0	0.0908815510451
-әдҗ	0.261836441894	0.498565279771	0.0846484935438	0.154949784792
-үзг	0.128334459074	0.624207229888	0.104386880587	0.143071430451
-үзв	0.920823644138	0.026254594554	0.00180031505513	0.0511214462531
-каг	0.0558561703614	0.893524175249	0.00453831384186	0.0460813405481
-кад	0.596282638021	0.181208097441	0.044779929558	0.17772933498
-мүд	0.103646552726	0.679756307406	0.0660755726078	0.15052156726
-һлт	0.38864898211	0.37075879087	0.0832819247378	0.157310302283
-һлх	0.614035087719	0.242065838754	0.0591366055588	0.0847624679677
-ясн	0.288143599433	0.33915918753	0.0113367973547	0.361360415683
-рлл	0.760812425329	0.073357228196	0.0645161290322	0.101314217443
-хта	0.238143804182	0.551759306476	0.0999490056093	0.110147883733
-рлд	0.0338718820862	0.891510770975	0.0493197278912	0.0252976190476
-гер	0.213211779867	0.575676578684	0.0326953367381	0.178416304711
-рлв	0.350333123179	0.341080648184	0.235316168828	0.0732700598088
-рлг	0.172224987556	0.569238427078	0.106294402462	0.152242182904
-рла	0.296092765314	0.471926728846	0.0528190908327	0.179161415007
-вңд	0.0437366360279	0.892116297798	0.061231290439	0.00291577573519
-һлң	0.24158080311	0.0915739506373	0.580840486899	0.0860047593536
-әдх	0.274725274725	0.207221350079	0.494505494505	0.0235478806907
-әдт	0.0418068726419	0.917915774447	0.034159273988	0.00611807892323
-әдс	0.597826086957	0.312399355878	0.030193236715	0.0595813204509
-хаз	0.0	1.0	0.0	0.0
-дүд	0.0567212358774	0.842140566374	0.0472676965644	0.0538705011843
-лсш	0.275862068966	0.266009852217	0.325123152709	0.133004926108
-хав	0.508096789525	0.132472568725	0.0501787423974	0.309251899353
-хаг	0.291600594025	0.53484859926	0.0237861511742	0.149764655541
-хаб	0.00817438692098	0.991825613079	0.0	0.0
-лст	0.0327950040465	0.200045343425	0.00359588229664	0.763563770231
-хам	0.037226389888	0.871673003802	0.00462439625938	0.0864762100504
-хан	0.112905971048	0.750394811684	0.0413238226225	0.0953753946456
-хак	0.0	1.0	0.0	0.0
-хал	0.587912087912	0.089010989011	0.202197802198	0.120879120879
-рек	0.0418679549115	0.264626945786	0.639291465378	0.0542136339238
-хай	0.439138340016	0.329913665426	0.0606870642632	0.170260930294
-смн	0.512672015974	0.167008492711	0.059134935773	0.261184555542
-үзә	0.377659574468	0.428191489362	0.0718085106382	0.122340425532
-клц	0.11214953271	0.757009345794	0.0	0.130841121495
-ачм	0.354838709677	0.47311827957	0.0983102918587	0.073732718894
-лзл	0.43391188251	0.429906542056	0.0480640854472	0.0881174899867
-лзд	0.256	0.696	0.0	0.048
-ейв	0.0813953488372	0.802325581395	0.0813953488372	0.0348837209302
-ейд	0.151515151515	0.624579124579	0.037037037037	0.186868686869
-һлҗ	0.520752384317	0.323383963264	0.0445955492758	0.111268103144
-лзх	0.0251046025105	0.723849372385	0.0251046025105	0.225941422594
-лзу	0.224637681159	0.326086956522	0.449275362319	0.0
-ясҗ	0.375816993464	0.558823529412	0.0653594771242	0.0
-рлҗ	0.31766672859	0.451049600594	0.075082048424	0.156201622392
-хач	0.180160857909	0.764581471552	0.0425379803396	0.0127196901996
-рец	0.0	1.0	0.0	0.0
-хах	0.510609691939	0.35669608932	0.0385806979598	0.094113520781
-хат	0.0	1.0	0.0	0.0
-хар	0.393823149634	0.228845780865	0.136100426435	0.241230643066
-хас	0.180109211056	0.742021855401	0.0421247353808	0.0357441981627
-лсв	0.158620689655	0.110344827586	0.531609195402	0.199425287356
-һчв	0.564885496183	0.18320610687	0.0916030534351	0.160305343511
-һлә	0.51724137931	0.425287356322	0.0344827586207	0.0229885057471
-әдм	0.71195577056	0.130476848652	0.0331720801659	0.124395300622
-үйд	0.0919540229885	0.51724137931	0.344827586207	0.0459770114942
-әдл	0.0987209155611	0.0778418674943	0.0751354612874	0.748301755657
-үрх	0.375780622024	0.276143366516	0.100502895773	0.247573115687
-әдв	0.42801404604	0.293406164651	0.103004291846	0.175575497464
-әдг	0.350277877861	0.14367066611	0.0328766337082	0.473174822321
-үзҗ	0.822433073534	0.0684513724161	0.0298203998644	0.079295154185
-эзн	0.0303606225345	0.838232976457	0.00530431725747	0.126102083751
-рут	0.0	1.0	0.0	0.0
-рур	0.212778073039	0.177473236656	0.0223976918989	0.587350998406
-үхк	0.100166944908	0.859766277129	0.0100166944908	0.0300500834724
-җәд	0.420738212076	0.133347557073	0.356304672499	0.0896095583529
-җәв	0.564520234156	0.24688215831	0.086536014253	0.102061593281
-шәҗ	0.564409030545	0.199203187251	0.00664010624171	0.229747675963
-ахд	0.26970454477	0.497183989399	0.0930638797699	0.140047586061
-аха	0.23434045689	0.747973470892	0.0	0.0176860722181
-ахв	0.799614230604	0.166095156451	0.00642948992715	0.0278611230175
-ахм	0.23820754717	0.641509433962	0.0353773584906	0.0849056603773
-ахн	0.170592825489	0.247763010554	0.3180902744	0.263553889557
-лдә	0.466461063994	0.396299151889	0.0601387818041	0.077101002313
-ктл	0.470198675497	0.251655629139	0.119205298013	0.158940397351
-һит	0.49992578299	0.366260947009	0.019704616298	0.114108653703
-олҗ	0.399783632533	0.0455239319229	0.0132314942099	0.541460941334
-ктн	0.373255438507	0.364985856257	0.0898189482348	0.171939757001
-һич	0.221518987342	0.354430379747	0.379746835443	0.0443037974683
-кта	0.0	0.353488372093	0.646511627907	0.0
-ьчг	0.0607028753994	0.939297124601	0.0	0.0
-үдҗ	0.188191881919	0.756457564576	0.0221402214022	0.0332103321033
-вел	0.052812808422	0.661848886939	0.0023686807764	0.282969623862
-120	0.0	0.761519128735	0.170064227869	0.0684166433957
-баһ	0.106662853875	0.105661995997	0.478839004861	0.308836145267
-вед	0.233333333333	0.766666666667	0.0	0.0
-лдҗ	0.639881979119	0.206518384022	0.0479800272356	0.105619609623
-лки	0.0	1.0	0.0	0.0
-екҗ	0.682175622543	0.148536478812	0.0737221494102	0.0955657492354
-һий	0.392307692308	0.269230769231	0.176923076923	0.161538461538
-һим	0.183871592505	0.464908245775	0.10718781775	0.244032343969
-һин	0.168355039303	0.656625709901	0.0851175928487	0.0899016579473
-ахх	0.303236797274	0.441226575809	0.24531516184	0.0102214650767
-ахч	0.250486381323	0.389591439689	0.308852140078	0.0510700389105
-ахр	0.221107266436	0.182006920415	0.50830449827	0.088581314879
-ахс	0.101694915254	0.898305084746	0.0	0.0
-ахт	0.29921942758	0.221595836947	0.342584562012	0.136600173461
-лдң	0.147533302095	0.463551777227	0.326661757815	0.0622531628624
-ахш	0.426974054212	0.243604334483	0.189866130539	0.139555480765
-ххв	0.754966887417	0.0298013245033	0.0397350993378	0.175496688742
-руг	0.591442874956	0.224871122029	0.148512087544	0.0351739154709
-шүд	0.452380952381	0.314285714286	0.0833333333333	0.15
-руб	0.16	0.742222222222	0.0	0.0977777777778
-руп	0.0	1.0	0.0	0.0
-җәх	0.515222859077	0.260141167863	0.0916307964841	0.133005176576
-үхш	0.416058394161	0.021897810219	0.56204379562	0.0
-рук	0.0590416707329	0.066848833805	0.395237630526	0.478871864936
-рул	0.578916715201	0.338866239565	0.0468841001747	0.0353329450592
-җәс	0.389408099689	0.370716510903	0.118380062305	0.121495327103
-шүн	0.179226069246	0.678207739308	0.061099796334	0.081466395112
-олд	0.145400453343	0.279420098224	0.113335851908	0.461843596524
-лдх	0.506683939436	0.216214774884	0.0845380571246	0.192563228556
-ект	0.503536311886	0.315335518371	0.108676901846	0.0724512678972
-олз	0.319129201324	0.391647663073	0.102310224839	0.186912910763
-ола	0.063940520446	0.114498141264	0.00223048327137	0.819330855019
-екх	0.418863222467	0.11339020416	0.189782421164	0.277964152209
-олв	0.195875912553	0.0168272948674	0.00625253599812	0.781044256582
-олг	0.474093264249	0.284974093264	0.0310880829016	0.209844559585
-олм	0.237735849057	0.564150943396	0.0924528301887	0.105660377358
-олн	0.0110817969724	0.0490326862606	0.0526528658193	0.887232650948
-сек	0.25993883792	0.602446483181	0.0	0.137614678899
-ьтн	0.186274509804	0.757080610022	0.0217864923747	0.0348583877995
-үдв	0.0496894409938	0.726708074534	0.0	0.223602484472
-үдг	0.278931750742	0.482195845697	0.154302670623	0.0845697329377
-үдд	0.0467091295117	0.883227176221	0.063694267516	0.00636942675158
-һүр	0.331582403152	0.535456336179	0.0837163493106	0.0492449113592
-һүт	0.324607329843	0.282722513089	0.371727748691	0.0209424083769
-үдл	0.207293666027	0.26679462572	0.0	0.525911708253
-үдм	0.210513735466	0.504703692954	0.192586775025	0.0921957965546
-хер	0.157894736842	0.778947368421	0.0	0.0631578947369
-ьтг	0.0	0.919678714859	0.0803212851406	0.0
-уһу	0.134615384615	0.451923076923	0.384615384615	0.0288461538462
-шәл	0.395604395604	0.430849638167	0.0368533905119	0.136692575717
-дчк	0.341155234657	0.658844765343	0.0	0.0
-шән	0.232923724123	0.181999335769	0.0594486881435	0.525628251965
-җәҗ	0.578002244669	0.270482603816	0.105686494575	0.0458286569398
-уһш	0.199701744148	0.731764248201	0.0197432406147	0.0487907670362
-рүр	0.118285660342	0.67761729444	0.0220900594732	0.182006985745
-шәд	0.456441717791	0.446625766871	0.0294478527607	0.0674846625767
-бат	0.215476810839	0.345752996352	0.365294424179	0.0734757686295
-род	0.0403418803419	0.864273504273	0.0441025641026	0.051282051282
-есг	0.100985001619	0.0771472923623	0.62422523257	0.197642473449
-ахҗ	0.601419461016	0.0910306521292	0.0098745114174	0.297675375437
-лкә	0.105162888169	0.689464659935	0.100590588684	0.104781863212
-рон	0.0400890868597	0.946547884187	0.0133630289532	0.0
-хчн	0.432804479701	0.469202053196	0.0349976668222	0.06299580028
-есн	0.365288836248	0.195476810527	0.0128678874471	0.426366465777
-баг	0.245111414279	0.643929058663	0.0213733515234	0.0895861755343
-ктә	0.19531945186	0.633342231714	0.0705641573233	0.100774159103
-ест	0.00846394984325	0.972413793103	0.00188087774295	0.0172413793103
-бад	0.337837837838	0.40990990991	0.162162162162	0.0900900900901
-бал	0.0	1.0	0.0	0.0
-роя	0.0	1.0	0.0	0.0
-авл	0.0997130559541	0.862027737924	0.0	0.0382592061215
-бам	0.0	1.0	0.0	0.0
-бан	0.236111111111	0.50462962963	0.259259259259	0.0
-рүл	0.536960985626	0.155030800821	0.147843942505	0.160164271047
-оюн	0.563909774436	0.172932330827	0.263157894737	0.0
-рүн	0.0486387719305	0.535336069958	0.241213283856	0.174811874255
-рүв	0.780737910317	0.169509183633	0.0038271466192	0.0459257594304
-рүг	0.0905389067208	0.0160487538434	0.00171074192499	0.891701597511
-уһл	0.19877675841	0.755351681957	0.045871559633	0.0
-уһн	0.0772652774526	0.480215406228	0.344181690471	0.0983376258487
-шәх	0.432694817057	0.386972180176	0.0777702385303	0.102562764236
-рүд	0.569614722287	0.183000488344	0.0791631325983	0.168221656771
-шәч	0.207981061887	0.690564761583	0.10145417653	0.0
-үдр	0.0143198090692	0.957040572792	0.0286396181384	0.0
-хем	0.00812567713975	0.98374864572	0.00812567713975	0.0
-үдт	0.122935727842	0.721630998228	0.0644815257725	0.0909517481579
-хел	0.0	0.935599284436	0.0644007155635	0.0
-үрн	0.20340167754	0.562874450806	0.0392424444148	0.19448142724
-олх	0.561196156111	0.0313933306474	0.0174264046274	0.389984108615
-екв	0.592698639943	0.206871868289	0.0629921259842	0.137437365784
-лда	0.243083003953	0.586956521739	0.134387351779	0.0355731225297
-лдв	0.558804628011	0.147351272134	0.0868925972212	0.206951502633
-олу	0.206831119545	0.764705882353	0.00759013282733	0.0208728652751
-лдм	0.209638554217	0.621686746988	0.0819277108434	0.0867469879518
-чар	0.409540553708	0.353216547692	0.0860005507424	0.151242347857
-екл	0.923717059639	0.0762829403606	0.0	0.0
-олш	0.753303964758	0.132158590308	0.0748898678415	0.0396475770925
-экн	0.112531722765	0.783867643579	0.0821660197963	0.0214346138599
-аза	0.208066184075	0.322440537746	0.0767321613237	0.392761116856
-ядҗ	0.698197693944	0.27359229822	0.0282100078361	0.0
-шго	0.325137459113	0.215998940531	0.115701509974	0.343162090382
-лцг	0.0	0.807213114754	0.177049180328	0.015737704918
-үңк	0.021190716448	0.00756811301715	0.832744702321	0.138496468214
-тгт	0.108208487039	0.676478707119	0.0484328339482	0.166879971894
-шнр	0.0423956931359	0.903432032301	0.00605652759087	0.0481157469717
-шнь	0.266213876681	0.58063656945	0.0892262618191	0.0639232920495
-удҗ	0.625883199301	0.0764625780427	0.015801238406	0.28185298425
-тга	0.00526315789474	0.986842105263	0.0	0.0078947368421
-раҗ	0.605699828856	0.276731899695	0.0223230895156	0.0952451819332
-шна	0.419878547528	0.33027636634	0.0208204238443	0.229024662288
-клҗ	0.409879802292	0.330627948776	0.0928864300157	0.166605818917
-лцх	0.742455020313	0.158154381892	0.0536854323854	0.0457051654092
-шгт	0.0508474576271	0.898305084746	0.0508474576271	0.0
-срҗ	0.320992294681	0.219390152227	0.417684645743	0.0419329073483
-шлҗ	0.500104624398	0.49738439004	0.00251098556183	0.0
-лцҗ	0.506005594252	0.266944551089	0.0898371085394	0.13721274612
-апр	0.210489014883	0.528703047484	0.0439404677533	0.216867469879
-удм	0.217442888884	0.633065125008	0.0	0.149491986108
-удк	0.275157232704	0.484905660377	0.0745283018867	0.165408805031
-удл	0.164561050894	0.242735625583	0.205010408442	0.387692915082
-мпд	0.0	1.0	0.0	0.0
-уда	0.0856127886323	0.82539964476	0.0	0.0889875666074
-удв	0.790139906729	0.0663194234147	0.0109018230271	0.132638846829
-удг	0.174786845311	0.547503045067	0.0767356881852	0.200974421437
-ьна	0.388888888889	0.5	0.0833333333334	0.0277777777778
-уҗд	0.112852664577	0.705329153605	0.181818181818	0.0
-мрв	0.537634408602	0.258064516129	0.0	0.204301075269
-ядв	0.190476190476	0.380952380952	0.0	0.428571428571
-ипд	0.0741687979539	0.835038363171	0.0511508951407	0.039641943734
-срх	0.233975619347	0.520644907589	0.0330318521431	0.21234762092
-срш	0.644048303623	0.0741805635423	0.0402530189764	0.241518113859
-ипп	0.0	0.996533795494	0.0	0.00346620450607
-зун	0.0418616329232	0.0796831845884	0.0370683161763	0.841386866312
-ипр	0.0	1.0	0.0	0.0
-яду	0.152268633661	0.296002937744	0.539109481054	0.0126189475409
-зул	0.0699553063321	0.925381006579	0.00466368708881	0.0
-пиг	0.110629067245	0.841648590022	0.0	0.0477223427332
-пим	0.0	1.0	0.0	0.0
-пин	0.0243479319476	0.942173661625	0.00973917277901	0.0237392336489
-лцә	0.441860465116	0.46511627907	0.0465116279069	0.046511627907
-зуг	0.0706596479823	0.0188134183688	0.00401622494949	0.906510708699
-пил	0.264367816092	0.597701149425	0.0344827586207	0.103448275862
-мрч	0.0826771653543	0.448818897638	0.326771653543	0.141732283465
-мрх	0.270588235294	0.610924369748	0.0773109243697	0.0411764705882
-мрт	0.232142857143	0.549107142857	0.138392857143	0.0803571428572
-ьнц	0.031722533573	0.763667124881	0.19985196151	0.00475838003596
-ьнь	0.0118870728083	0.979197622585	0.0	0.00891530460626
-шлң	0.120996441281	0.480427046263	0.142348754448	0.256227758007
-удя	0.0487093076331	0.891595318067	0.0119126024103	0.0477827718901
-удх	0.185863874346	0.641361256545	0.11780104712	0.0549738219894
-я-а	0.225	0.1875	0.55	0.0375
-удт	0.118569860388	0.796415777879	0.0370388210449	0.0479755406882
-гхн	0.0376929020402	0.0358552425502	0.0219266189153	0.904525236494
-җаҗ	0.239463601533	0.610472541507	0.119199659429	0.0308641975309
-зин	0.119811724433	0.867351305092	0.00513478818998	0.00770218228498
-зий	0.0	1.0	0.0	0.0
-зил	0.0	0.846153846154	0.153846153846	0.0
-одҗ	0.294032975661	0.172729651924	0.0556137136875	0.477623658728
-зиг	0.233127721335	0.571933962264	0.027213352685	0.167724963715
-ллһ	0.341368085915	0.58778036495	0.0483985934233	0.0224529557119
-әңк	0.0809061488673	0.104854368932	0.610355987055	0.203883495146
-ртҗ	0.362625241291	0.0960566228513	0.084750436621	0.456567699237
-әңг	0.208106745153	0.55124174403	0.0353495047642	0.205302006053
-ксн	0.304104743944	0.206038907337	0.336591774129	0.153264574591
-кст	0.0448992058644	0.836438607208	0.0545204642639	0.0641417226634
-нлҗ	0.592049319728	0.38244047619	0.0127551020408	0.0127551020408
-цар	0.125652455519	0.45650931535	0.175524821884	0.242313407247
-мбв	0.632978723404	0.11170212766	0.0638297872341	0.191489361702
-үцц	0.108055009823	0.284872298625	0.335952848723	0.271119842829
-үцх	0.383319292334	0.340353833193	0.119629317607	0.156697556866
-мби	0.384647476012	0.225281602002	0.137254901961	0.252816020025
-дрх	0.568930681219	0.143638421293	0.015553619994	0.271877277494
-эдл	0.4	0.478145695364	0.121854304636	0.0
-мбч	0.345797852647	0.249166975194	0.0222139948167	0.382821177342
-мбр	0.164948453608	0.835051546392	0.0	0.0
-мбт	0.372563844086	0.149865591398	0.116767473118	0.360803091398
-эдн	0.0828652983817	0.0282910348803	0.00686346316384	0.881980203574
-000	0.145374449339	0.462555066079	0.0264317180617	0.36563876652
-үцв	0.513471901463	0.149858865794	0.044649730562	0.292019502181
-хәҗ	0.407715277932	0.407719701829	0.0938308743833	0.0907341458559
-ргл	0.790697674419	0.179401993355	0.00996677740864	0.0199335548173
-вдҗ	0.422246220302	0.361771058315	0.0971922246221	0.11879049676
-ксв	0.356820234869	0.394760614273	0.0451671183378	0.20325203252
-ртә	0.2677482902	0.318353339255	0.21613690091	0.197761469635
-лрҗ	0.432481751825	0.235401459854	0.021897810219	0.310218978102
-окҗ	0.540240331213	0.190144400687	0.0323134403716	0.237301827729
-нлә	0.156013919238	0.165612016922	0.0384524940658	0.639921569774
-ать	0.0	1.0	0.0	0.0
-ллә	0.365719628999	0.47348481107	0.027426667413	0.133368892518
-үшң	0.0924764890282	0.140282131661	0.157523510972	0.609717868339
-ецг	0.533112582781	0.367549668874	0.0	0.0993377483444
-вдх	0.316195372751	0.416452442159	0.159383033419	0.107969151671
-вдр	0.137931034483	0.396551724138	0.465517241379	0.0
-нлм	0.159335288368	0.459433040078	0.228739002933	0.152492668622
-квт	0.620858156503	0.148202690943	0.0100408327197	0.220898319834
-нла	0.101220344753	0.127907432911	0.0305060393863	0.74036618295
-квч	0.7375	0.0625	0.0	0.2
-үшх	0.252403846154	0.733173076923	0.0	0.0144230769231
-хәс	0.376303889056	0.352246005427	0.176786252638	0.0946638528791
-лла	0.44965659649	0.325043767114	0.0603312833864	0.16496835301
-хәх	0.271606940165	0.674882438787	0.0194584076537	0.0340522133938
-ьхш	0.338983050847	0.435028248588	0.225988700565	0.0
-рҗв	0.346153846154	0.625	0.0288461538462	0.0
-одл	0.83510864934	0.11376224968	0.0	0.0511291009799
-одн	0.0667796305044	0.802282622907	0.0224898342401	0.108447912348
-үцә	0.350586611456	0.309868875086	0.0745341614907	0.265010351967
-ьхр	0.201183431953	0.18540433925	0.613412228797	0.0
-ода	0.264346048795	0.0445914730989	0.0194511535048	0.671611324601
-одг	0.206106870229	0.503816793893	0.0687022900764	0.221374045801
-одв	0.43687668384	0.0561516283026	0.028643002316	0.478328685541
-одд	0.115475708378	0.85875394225	0.0154622096234	0.0103081397489
-җрҗ	0.285714285714	0.285714285714	0.371428571429	0.0571428571428
-рта	0.475698583906	0.268214122733	0.14362580878	0.112461484581
-окх	0.439784435819	0.449976265602	0.0164186189373	0.0938206796415
-ртв	0.456570155902	0.244988864143	0.155902004454	0.142538975501
-ртд	0.318181818182	0.560606060606	0.106060606061	0.0151515151515
-скх	0.35368956743	0.468193384224	0.0	0.178117048346
-ртл	0.162168683767	0.0966953790799	0.0309667545528	0.7101691826
-ртк	0.521678321678	0.220979020979	0.148251748252	0.109090909091
-скр	0.605839416058	0.350364963504	0.0	0.043795620438
-ртм	0.167171207534	0.451059535822	0.0571812983518	0.324587958291
-скн	0.0440228919038	0.392884299836	0.45103453796	0.1120582703
-ртх	0.481865284974	0.240932642487	0.0518134715025	0.225388601036
-окв	0.581484315226	0.400153022188	0.00918133129304	0.00918133129304
-скд	0.0	1.0	0.0	0.0
-окн	0.222222222222	0.496087636933	0.244131455399	0.0375586854461
-ска	0.0616184112843	0.938381588716	0.0	0.0
-скв	0.44014732965	0.338858195212	0.17679558011	0.0441988950277
-амт	0.0779220779221	0.857142857143	0.0649350649351	0.0
-сас	0.217626116783	0.269315125219	0.0173151765232	0.495743581475
-ьхн	0.111816833378	0.153386832997	0.734796333625	0.0
-әхн	0.202974504249	0.223335694051	0.349185552408	0.224504249292
-одт	0.266248574687	0.454389965792	0.0570125427593	0.222348916762
-одх	0.325375850266	0.0419175945583	0.0025995407478	0.630107014427
-одч	0.550155118925	0.263702171665	0.124095139607	0.0620475698035
-әхм	0.465717981889	0.248382923674	0.0556274256145	0.230271668823
-хәй	0.755102040816	0.132653061224	0.0510204081632	0.0612244897959
-рнд	0.129617582907	0.500627911265	0.0210811205694	0.348673385259
-хән	0.467547297726	0.30262849189	0.0759143563834	0.153909854001
-иңһ	0.107719928187	0.336602881289	0.0	0.555677190524
-үшг	0.126938212146	0.683767962724	0.046766709738	0.142527115392
-үцҗ	0.554621848739	0.420168067227	0.0	0.0252100840336
-ллт	0.208702348864	0.673854447439	0.0943396226415	0.0231035810551
-хәд	0.433962264151	0.358490566038	0.207547169811	0.0
-кви	0.882352941176	0.0	0.0	0.117647058824
-вдг	0.442779611064	0.17157529883	0.028618965928	0.357026124178
-вдв	0.242647058824	0.536764705882	0.0882352941176	0.132352941176
-нлт	0.305495215171	0.601450126226	0.0352257382728	0.0578289203311
-юнь	0.167701863354	0.0745341614907	0.571428571429	0.186335403727
-влҗ	0.519076923077	0.145230769231	0.108307692308	0.227384615385
-нлх	0.330097087379	0.621359223301	0.0485436893204	0.0
-әхв	0.536154321502	0.176342636533	0.0351355068911	0.252367535074
-әхд	0.372026114861	0.419386964701	0.140533362842	0.0680535575965
-йән	0.263248473094	0.0799317634231	0.0217623427556	0.635057420728
-һхх	0.0630630630631	0.900900900901	0.036036036036	0.0
-рха	0.252980914762	0.420256684755	0.211032768528	0.115729631954
-швт	0.492929907253	0.192336931732	0.164208605747	0.150524555268
-швч	0.565217391304	0.269565217391	0.0434782608695	0.121739130435
-һхш	0.187359928283	0.31241595697	0.449125952488	0.0510981622591
-хви	0.212218649518	0.405144694534	0.102893890675	0.279742765273
-овн	0.386363636364	0.340909090909	0.0	0.272727272727
-елг	0.0850787465498	0.825296314337	0.00681928884559	0.0828056502679
-елв	0.571191520334	0.0409722380728	0.000223037467753	0.387613204126
-ела	0.276497695852	0.612903225807	0.0	0.110599078341
-елд	0.11621129326	0.824772313297	0.0437158469945	0.0153005464481
-елл	0.563636363636	0.218181818182	0.145454545455	0.0727272727273
-лен	0.00528867342441	0.994711326576	0.0	0.0
-лек	0.0	1.0	0.0	0.0
-елн	0.167663630918	0.358820312025	0.227741941085	0.245774115972
-квр	0.398431243712	0.348801872651	0.013141413934	0.239625469703
-ьмҗ	0.205723445942	0.652140355044	0.0263610995666	0.115775099448
-лет	0.0	1.0	0.0	0.0
-елх	0.424209697913	0.106405668252	0.00976122210943	0.459623411726
-елш	0.342857142857	0.185714285714	0.0	0.471428571429
-еля	0.0	1.0	0.0	0.0
-ель	0.0688689964803	0.925311088324	0.0	0.00581991519552
-чәс	0.189867012125	0.590510697731	0.119021112078	0.100601178066
-хвр	0.362404242781	0.276959340012	0.309369475545	0.0512669416618
-хвт	0.430581039755	0.31376146789	0.0403669724771	0.215290519878
-лкҗ	0.282557837276	0.605666753314	0.0493891343904	0.0623862750195
-хвч	0.111111111111	0.711111111111	0.0222222222222	0.155555555556
-лчн	0.275941833428	0.610628531499	0.0362637495031	0.0771658855704
-шви	0.391378843899	0.384525205158	0.085219586978	0.138876363964
-вгч	0.075	0.925	0.0	0.0
-һхд	0.317393903168	0.335325762104	0.180514046623	0.166766288105
-лчи	0.428330436561	0.370923218485	0.103772620386	0.0969737245681
-лчк	0.589381892793	0.272121056681	0.0461656835086	0.0923313670171
-лчд	0.0984580120859	0.636961403996	0.0141811951564	0.250399388762
-йәс	0.090146488043	0.698259671967	0.025040691123	0.186553148867
-йәр	0.45641025641	0.54358974359	0.0	0.0
-һвт	0.419310344828	0.343448275862	0.168275862069	0.0689655172414
-ний	0.0610687022901	0.858431644691	0.0263705759889	0.0541290770298
-шмг	0.138861725015	0.759436729904	0.0312927831019	0.0704087619792
-шмв	0.112449799197	0.847389558233	0.0160642570281	0.0240963855422
-дыг	0.154941815889	0.732190457899	0.0278103475248	0.0850573786869
-иох	0.0170454545455	0.931818181818	0.0	0.0511363636363
-вгт	0.374677204789	0.513576962204	0.0525862743564	0.0591595586509
-иот	0.0	1.0	0.0	0.0
-түд	0.32800982801	0.604422604422	0.0	0.0675675675676
-ора	0.144536508599	0.500957509338	0.0820234731993	0.272482508864
-мур	0.0825585719599	0.878393454816	0.0189661584232	0.0200818148011
-елҗ	0.52335913638	0.0447863981719	0.0124766900549	0.419377775393
-ьмх	0.671865626875	0.294541091781	0.0	0.0335932813437
-хәр	0.52851234754	0.204846533124	0.0371211067323	0.229520012604
-елң	0.033873993159	0.891647357387	0.0243848615249	0.0500937879289
-лмч	0.559397657557	0.219743446737	0.0663692136085	0.154489682097
-мос	0.0671641791045	0.932835820896	0.0	0.0
-нис	0.0	1.0	0.0	0.0
-лян	0.180322287789	0.454266908761	0.242283250114	0.123127553336
-йхм	0.541554959786	0.458445040214	0.0	0.0
-сур	0.535464754728	0.222957895892	0.0103888502762	0.231188499104
-исн	0.280948696902	0.0196637734321	0.0114130973631	0.687974432303
-мон	0.0108361928842	0.983407079646	0.000677262055266	0.00507946541448
-елә	0.086574654956	0.860727728984	0.0150564617315	0.0376411543287
-мод	0.211702827087	0.709401709402	0.0710059171598	0.00788954635109
-муд	0.109763837926	0.749059305835	0.0255420541409	0.115634802099
-ион	0.0508924538902	0.94910754611	0.0	0.0
-твт	0.465596330275	0.45871559633	0.045871559633	0.0298165137615
-иол	0.0	1.0	0.0	0.0
-нхв	0.602862254025	0.279069767442	0.0966010733453	0.0214669051878
-нхн	0.319672131148	0.311475409836	0.22131147541	0.147540983607
-йдг	0.130208333333	0.807291666667	0.03125	0.03125
-глү	0.578947368421	0.248120300752	0.172932330827	0.0
-рас	0.16623447947	0.223429682858	0.0247529430267	0.585582894646
-иов	0.257037943696	0.669522643819	0.0734394124847	0.0
-шон	0.0	1.0	0.0	0.0
