-ĩrĩ	0.691104892722	0.225331093384	0.0245609072468	0.0590031066476
-̱rẽ	0.689655172414	0.206896551724	0.064039408867	0.0394088669951
-épa	0.379279679858	0.415295686972	0.152067585594	0.0533570475767
-épe	0.0	0.457142857143	0.542857142857	0.0
-̱sã	0.336448598131	0.663551401869	0.0	0.0
-épu	0.122977346278	0.569579288026	0.288025889968	0.0194174757282
-zei	0.334397755412	0.45013835252	0.107371805917	0.108092086151
-idé	0.497076023392	0.309941520468	0.0818713450292	0.111111111111
-umi	0.0	0.865168539326	0.0	0.134831460674
-idâ	0.808510638298	0.127659574468	0.0	0.063829787234
-ĩsõ	0.446568217567	0.358664937544	0.027910513598	0.166856331292
-̱zô	0.275585956957	0.123969743026	0.0458294752726	0.554614824744
-ẽpã	0.0	1.0	0.0	0.0
-itõ	0.682592733696	0.183112250199	0.00987081356284	0.124424202542
-âdâ	0.0698502497562	0.843729825244	0.0183099181972	0.0681100068022
-uté	0.1326268872	0.637350870858	0.203754293331	0.0262679486114
ALL	0.23910507226	0.318838907372	0.0582107691919	0.383845251176
-a'õ	0.429529690249	0.430561875473	0.0990713321642	0.0408371021137
-a'é	0.0	0.977347805569	0.0169891458235	0.00566304860783
-utõ	0.453117471616	0.269956961659	0.0729154042382	0.204010162487
-a'ã	0.0646818369278	0.880279469203	0.0328048810073	0.0222338128624
-a'â	0.368967464545	0.296792038931	0.0623843235261	0.271856172998
-pra	0.55155981994	0.285532810977	0.0727868997673	0.0901204693149
-pre	0.311688311688	0.614471243043	0.0445269016697	0.0293135435992
-arã	0.120382282669	0.633339459658	0.0707590516449	0.175519206028
-pri	0.00568450971103	0.992894362861	0.00142112742776	0.0
-ãhã	0.122621429245	0.720051477939	0.0648622214961	0.0924648713194
-aré	0.324204599167	0.254821151684	0.0774358491242	0.343538400025
-pro	0.581063122924	0.355149501661	0.0378737541528	0.0259136212625
-arõ	0.102912621359	0.833009708738	0.0427184466019	0.021359223301
-e'õ	0.292579986176	0.402730345659	0.212409651695	0.0922800164705
-'ra	0.190248694122	0.108651091607	0.0147881070303	0.686312107241
-pru	0.233209319253	0.652843152515	0.0592921770281	0.0546553512039
-opi	0.00652315720807	0.988258317025	0.00391389432484	0.00130463144161
-'ẽi	0.417847816619	0.445687139689	0.0583880286444	0.0780770150478
-ãpo	0.378571428571	0.342857142857	0.214285714286	0.0642857142857
-opa	0.0472440944882	0.811023622047	0.0	0.141732283465
-õrĩ	0.569503332292	0.23180433163	0.0722243909915	0.126467945087
-imu	0.018018018018	0.945945945946	0.036036036036	0.0
-sõi	0.462896357288	0.334730900819	0.147944551241	0.0544281906517
-'re	0.342577145123	0.185713368559	0.0206444826878	0.45106500363
-400	0.252336448598	0.253671562083	0.0	0.493991989319
-ima	0.247704784194	0.14713297709	0.0310651846415	0.574097054074
-asô	0.41514825501	0.212084401046	0.0497991740874	0.322968169857
-ime	0.630933732456	0.131393527356	0.0188357358938	0.218837004294
-̱sa	0.70449632093	0.278711784097	0.0152653590667	0.00152653590667
-imi	0.557816836263	0.342275670675	0.0999074930619	0.0
-imo	0.318256594174	0.285155754832	0.0842177078096	0.312369943184
-upĩ	0.0	1.0	0.0	0.0
-ido	0.0165854572714	0.970764617691	0.0	0.0126499250375
-idi	0.0823863636363	0.858901515152	0.030303030303	0.0284090909091
-̱za	0.102594539596	0.611666949296	0.175512972698	0.110225538409
-ida	0.0922459893048	0.848930481283	0.00401069518716	0.0548128342246
-ẽpo	0.0967741935484	0.709677419355	0.0645161290323	0.129032258065
-idu	0.070017672126	0.844902714651	0.0109911462058	0.0740884670169
-100	0.026460859978	0.32414553473	0.0	0.649393605292
-uta	0.0	0.962382445141	0.0	0.0376175548589
-teu	0.0147783251232	0.891625615764	0.0837438423645	0.00985221674879
-ria	0.0775895479326	0.862846758705	0.0254713162405	0.0340923771219
-péi	0.424310757775	0.407841183326	0.0540429208469	0.113805138053
-uti	0.162962962963	0.777777777778	0.0296296296296	0.0296296296296
-âdi	0.0987258420971	0.77204605293	0.00999290176751	0.119235203206
-a'u	0.245551126234	0.577918621238	0.0719738169216	0.104556435607
-a'i	0.0286131059246	0.944456912029	0.020197486535	0.00673249551166
-riu	0.0	0.808510638298	0.191489361702	0.0
-a'o	0.463416530596	0.333644351139	0.0750330456419	0.127906072623
-ĩwẽ	0.253756534678	0.237711208653	0.365296283965	0.143235972705
-rip	0.254615113094	0.0995009365491	0.0146086203743	0.631275329982
-utu	0.489907994519	0.286277042055	0.068498454775	0.155316508651
-tei	0.127320954907	0.586206896552	0.143236074271	0.143236074271
-uwẽ	0.185055563838	0.616066548113	0.11131835571	0.0875595323389
-wam	0.0839018901761	0.327978171294	0.0411617762318	0.546958162298
-are	0.200806094498	0.170705914254	0.154351258533	0.474136732715
-e'e	0.699111163355	0.214313521018	0.0400765309815	0.0464987846456
-ara	0.250137158342	0.552916080292	0.0557850349886	0.141161726377
-e'a	0.0898496575038	0.898051774753	0.00186816119563	0.0102304065475
-ẽzé	0.261786974974	0.527583670905	0.122279531188	0.0883498229326
-pré	0.355573416338	0.358887508034	0.179718150587	0.10582092504
-aro	0.0919299101617	0.694247275662	0.0308512736595	0.182971540517
-ari	0.52690077083	0.244106806037	0.0538320089484	0.175160414184
-aru	0.0469702139234	0.912897093705	0.00189786099802	0.0382348313739
-e'u	0.0	1.0	0.0	0.0
-prõ	0.906159982923	0.0262639538242	0.0150305759837	0.0525454872694
-opé	0.471155752329	0.234917068658	0.168549968061	0.125377210952
-meb	0.388303065807	0.409099785198	0.0546768209334	0.147920328061
-mei	0.560880837223	0.2181600735	0.101751430925	0.119207658352
-opâ	0.166318372309	0.148810484098	0.45010636422	0.234764779374
-wĩm	0.714788875213	0.189152540766	0.0621555543664	0.0339030296544
-wĩb	0.32967032967	0.55044955045	0.0599400599401	0.05994005994
-éti	0.0714991262062	0.870602537801	0.0364713927513	0.0214269432414
-iwi	0.210394246591	0.117291500461	0.043416699228	0.62889755372
-wĩp	0.668308494249	0.11137002413	0.143208963053	0.0771125185672
-o'é	0.100932528799	0.866154690071	0.0	0.03291278113
-u'õ	0.0835585853333	0.771737456779	0.11753472411	0.0271692337783
-ãza	0.623052959502	0.0965732087227	0.0	0.280373831776
-prĩ	0.471948474331	0.309850964866	0.0579959286745	0.160204632128
-ubu	0.272505033401	0.489060849451	0.203136847258	0.0352972698897
-âra	0.0859872611465	0.81847133758	0.0191082802548	0.0764331210191
-u'ã	0.0	1.0	0.0	0.0
-u'â	0.330541341591	0.255925783171	0.107364531692	0.306168343545
-âre	0.3974048226	0.2468970705	0.188369760542	0.167328346358
-uba	0.405835543767	0.474801061008	0.0318302387268	0.0875331564986
-âri	0.544428174864	0.321043065326	0.0615546156254	0.0729741441851
-ézé	0.260059194492	0.598183807497	0.0583043545026	0.0834526435089
-õré	0.681240506522	0.241094259261	0.0257611956248	0.0519040385922
-ĩro	0.0966101694915	0.598305084746	0.305084745763	0.0
-ãté	0.20884654942	0.126934990933	0.0348992445976	0.629319215049
-isé	0.272240404642	0.132103540613	0.561737578102	0.0339184766438
-oti	0.248311077572	0.563201164616	0.046637362462	0.14185039535
-isã	0.857790265567	0.0461343242998	0.0	0.0960754101332
-oto	0.217995333784	0.175008421123	0.047486030921	0.559510214172
-nho	0.205054526546	0.701931160297	0.0390014767085	0.0540128364488
-nhi	0.457371696737	0.453526037654	0.0695675407109	0.0195347248988
-otu	0.0566037735849	0.943396226415	0.0	0.0
-nhe	0.0796019900497	0.92039800995	0.0	0.0
-isõ	0.671735424818	0.116073471481	0.0330977673936	0.179093336307
-isô	0.207744053464	0.608107513959	0.0784810868641	0.105667345712
-nha	0.772556649394	0.102458649305	0.0151470107688	0.109837690532
-õrõ	0.651695288419	0.348304711581	0.0	0.0
-zub	0.109530583215	0.890469416785	0.0	0.0
-ĩ'a	0.51186440678	0.390960451977	0.064406779661	0.0327683615819
-nai	0.400339829525	0.257043797246	0.16514285342	0.177473519809
-zui	0.140127388535	0.554140127389	0.152866242038	0.152866242038
-a'ĩ	0.01924001924	0.93265993266	0.0	0.0481000481
-siu	0.0673952641166	0.326047358834	0.606557377049	0.0
-zum	0.0858725761773	0.574792243767	0.0	0.339335180055
-uri	0.461676905794	0.400664213264	0.0603199364814	0.0773389444613
-zup	0.286184210526	0.605263157895	0.0888157894737	0.0197368421053
-̱hi	0.284090909091	0.215909090909	0.439393939394	0.0606060606061
-ĩ'u	0.0	1.0	0.0	0.0
-ẽtẽ	0.250534349201	0.40533970932	0.168543079614	0.175582861865
-'wẽ	0.257525083612	0.652173913043	0.0	0.0903010033445
-ãdâ	0.0229885057471	0.448275862069	0.528735632184	0.0
-mop	0.545866624045	0.304554265451	0.0	0.149579110503
-ebe	0.214709025551	0.693481006509	0.0189449140192	0.0728650539201
-̱wi	0.103076164724	0.0335551107822	0.0191629732501	0.844205751244
-été	0.175525630854	0.354718621733	0.197918005923	0.27183774149
-étâ	0.0	0.48275862069	0.51724137931	0.0
-moi	0.163949981289	0.320123586174	0.220664009152	0.295262423385
-hâi	0.224451773608	0.626667916882	0.102722888324	0.0461574211854
-ézu	0.0150337342329	0.972865943092	0.00330008800235	0.00880023467292
-u'u	0.513456574498	0.199383070549	0.0502114330926	0.23694892186
-ãzâ	0.0611620795107	0.834862385321	0.0672782874618	0.0366972477064
-ãma	0.0698535826311	0.0757820728402	0.00847171880391	0.845892625725
-arĩ	0.442454323206	0.26950934513	0.0475477667768	0.240488564888
-ãmi	0.370587831819	0.425507466753	0.0715626538995	0.132342047528
-ãzé	0.511037536471	0.119872380455	0.0178028287804	0.351287254294
-ârâ	0.642628917588	0.198116548612	0.0531511216582	0.106103412142
-éza	0.256195879367	0.692744102717	0.0322484323679	0.0188115855479
-u'a	0.508151788426	0.342339454209	0.0886966635956	0.0608120937696
-itu	0.0462487153135	0.928015775533	0.0205967630077	0.00513874614594
-atã	0.166147455867	0.742990654206	0.0674974039461	0.0233644859813
-rei	0.268378977827	0.650717566824	0.0423170172508	0.0385864380984
-ĩré	0.263658275898	0.27180979982	0.0628830772302	0.401648847052
-ã'ã	0.329856417434	0.474244770399	0.0584305747063	0.13746823746
-reb	0.337707786527	0.503937007874	0.0297462817148	0.128608923884
-nei	0.251685716759	0.376613621906	0.140072439539	0.231628221796
-ãme	0.202178954007	0.145948356742	0.0416680097455	0.610204679505
-isa	0.601364465094	0.29909427748	0.0201435040875	0.0793977533377
-ĩrã	0.049504950495	0.350495049505	0.585148514852	0.0148514851485
-ã'õ	0.0	0.766949152542	0.0	0.233050847458
-irẽ	0.706125013204	0.13895522266	0.0390839624328	0.115835801703
-upe	0.138810729694	0.621553179516	0.171637591446	0.0679984993434
-otõ	0.171160912324	0.475507569633	0.121231893347	0.232099624696
-upa	0.412288162106	0.250421461418	0.216873896371	0.120416480104
-upo	0.298093587522	0.441941074523	0.259965337955	0.0
-rep	0.0	0.661654135338	0.308270676692	0.0300751879699
-upi	0.797031470885	0.147394942834	0.0232918707206	0.0322817155601
-ĩ'â	0.640963855422	0.253012048193	0.00722891566265	0.0987951807229
-â'õ	0.317384103794	0.290159674185	0.325560275086	0.0668959469355
-édé	0.29876426626	0.438998603188	0.128521827315	0.133715303237
-mai	0.544642857143	0.276785714286	0.142857142857	0.0357142857143
-ĩ'õ	0.324167994816	0.195950563115	0.454379239725	0.025502202344
-̱hâ	0.576271186441	0.254237288136	0.0	0.169491525424
-â'â	0.510837031125	0.247126913932	0.12407071799	0.117965336953
-ptu	0.58025638035	0.214230473278	0.109048658566	0.0964644878065
-uni	0.0794149782216	0.795679054923	0.0838927846394	0.0410131822165
-pta	0.357320099256	0.0645161290323	0.200992555831	0.377171215881
-pto	0.37248455341	0.338032904736	0.144750893859	0.144731647995
-zâb	0.491132814503	0.402484626399	0.106382559098	0.0
-666	0.0454545454545	0.113636363636	0.0	0.840909090909
-pti	0.303030300512	0.572148720089	0.0459866766205	0.0788343027781
-é'a	0.0950069348127	0.737979657883	0.167013407305	0.0
-asã	0.253056763009	0.466941203386	0.245812044028	0.0341899895777
-ada	0.254844636396	0.415960305408	0.144068591061	0.185126467135
-ado	0.0	0.96705107084	0.0	0.0329489291598
-asé	0.42798409382	0.319269394082	0.146592977017	0.106153535081
-adi	0.193021879115	0.633310378988	0.08444782719	0.0892199147065
-asõ	0.409024182956	0.467743181643	0.0451981766206	0.0780344587808
-adu	0.135308477082	0.450990993781	0.0283221157845	0.385378413352
-ini	0.480324523902	0.339584143024	0.103964244073	0.0761270890011
-i'u	0.200852502862	0.708089692876	0.0238151180376	0.067242686224
-sei	0.0992706978581	0.328070724199	0.547470490427	0.0251880875162
-ino	0.470692717584	0.401420959147	0.0266429840142	0.101243339254
-ina	0.208107009275	0.183904594791	0.0498184739944	0.55816992194
-uwa	0.218665481646	0.666888899332	0.0673504509728	0.0470951680483
-erõ	0.040404040404	0.959595959596	0.0	0.0
-iwã	0.537974683544	0.433544303797	0.0284810126582	0.0
-bzé	0.230109159257	0.623602198423	0.095676893343	0.050611748977
-800	0.0	0.125	0.0	0.875
-bzâ	0.607843137255	0.372549019608	0.0	0.0196078431372
-iwé	0.0	1.0	0.0	0.0
-oho	0.0484830004574	0.941454490014	0.00548864156122	0.00457386796768
-ohi	0.0867469879518	0.739759036145	0.173493975904	0.0
-âna	0.310818425852	0.42917153337	0.107263853883	0.152746186895
-ede	0.274130985461	0.613563401559	0.0562838943753	0.0560217186049
-azô	0.30235184229	0.266586089572	0.0877963229198	0.343265745218
-edi	0.140540540541	0.859459459459	0.0	0.0
-ĩdâ	0.60045924225	0.138920780712	0.150401836969	0.110218140069
-edo	0.0	1.0	0.0	0.0
-nep	0.491358024691	0.291358024691	0.138271604938	0.079012345679
-nem	0.517122175748	0.294148729604	0.0142605219097	0.174468572738
-rsu	0.0	0.823874755382	0.176125244618	0.0
-ãrĩ	0.458039453999	0.390917980155	0.100407020853	0.0506355449934
-neb	0.55548507336	0.239205056135	0.0414018372623	0.163908033243
-ẽ'a	0.144	0.688	0.168	0.0
-ptõ	0.20054446461	0.154264972777	0.596188747731	0.049001814882
-õwa	0.132239258635	0.755193810853	0.0393415047855	0.0732254257273
-̱na	0.00639658848612	0.993603411514	0.0	0.0
-bab	0.764525993884	0.0978593272172	0.00917431192661	0.128440366972
-iha	0.110292396499	0.049317146438	0.0223385393798	0.818051917683
-ptã	0.439655172414	0.512931034483	0.0474137931034	0.0
-ptâ	0.480433951724	0.329271161027	0.0716637756152	0.118631111634
-ô'ã	0.474537619527	0.206494558379	0.0774172747861	0.241550547308
-bap	0.26875	0.4875	0.16875	0.075
-ĩpo	0.366059586582	0.437518196228	0.0982111085951	0.098211108595
-dru	0.0329726058411	0.955856916459	0.000452796015395	0.0107176816844
-adâ	0.76543466615	0.143451643359	0.0417813682396	0.049332322251
-isi	0.399490003857	0.227154750409	0.033853364674	0.33950188106
-asa	0.743422287029	0.189554653534	0.0127382589793	0.0542848004583
-é'é	0.338256339462	0.396455577063	0.0471650483203	0.218123035154
-asi	0.282834388817	0.538821159322	0.0610518712649	0.117292580596
-asu	0.0	1.0	0.0	0.0
-é'õ	0.173529411765	0.629411764706	0.035294117647	0.161764705882
-wãi	0.35657596502	0.461304325918	0.0577012939603	0.124418415102
-ohõ	0.271246350085	0.599661902566	0.10142923006	0.027662517289
-ihi	0.0527847283708	0.745654131225	0.0144381294447	0.18712301096
-430	0.459459459459	0.027027027027	0.0	0.513513513514
-éhé	0.0289441513165	0.942864697843	0.0128047174605	0.0153864333796
-eru	0.0	1.0	0.0	0.0
-rap	0.197707912938	0.414077542784	0.0157118871209	0.372502657157
-'rẽ	0.474658085278	0.345132743363	0.151246983105	0.0289621882542
-eri	0.0391954615782	0.940175348118	0.0123775141826	0.00825167612172
-iwa	0.059071985504	0.676247595373	0.119871372666	0.144809046457
-ram	0.32932072227	0.233877901978	0.385210662081	0.0515907136716
-ĩme	0.484547364439	0.117838590044	0.0406666081211	0.356947437396
-rai	0.447439683762	0.200550714379	0.0951897038626	0.256819897997
-era	0.0404481226217	0.938795603928	0.0191596370314	0.00159663641928
-bza	0.103993971364	0.838733986436	0.0452147701582	0.0120572720422
-̱no	0.0420949588931	0.432927680199	0.0261279055199	0.498849455389
-rab	0.278863232682	0.641207815275	0.0532859680284	0.0266429840142
-ere	0.498161161662	0.244418737158	0.0744859022394	0.18293419894
-bze	0.405473936563	0.345171502336	0.172654905336	0.0766996557659
-uze	0.567865308668	0.290791935149	0.0748285179796	0.0665142382041
-ĩdi	0.388888888889	0.583333333333	0.0	0.0277777777778
-azu	0.542515453655	0.403927687769	0.0302712678912	0.0232855906855
-ẽ'õ	0.462095488313	0.290134758894	0.121989863797	0.125779888997
-epa	0.323364485981	0.598130841121	0.0224299065421	0.0560747663551
-ẽrẽ	0.582979105278	0.310624883653	0.0287992250546	0.0775967860154
-azo	0.0	1.0	0.0	0.0
-azi	0.142066937173	0.74263395011	0.0323627385837	0.0829363741333
-aze	0.543173799279	0.308292044501	0.0391807773062	0.109353378914
-aza	0.0887657336089	0.871078339282	0.012680819087	0.0274751080218
-ipé	0.25735085563	0.698213103905	0.00567268601684	0.0387633544483
-éré	0.448378150344	0.460730714473	0.019009995292	0.0718811398907
-500	0.394135567403	0.03046458492	0.150799695354	0.424600152323
-ĩse	0.0623700623701	0.81288981289	0.12474012474	0.0
-ihu	0.380698258967	0.35914045148	0.0927799062717	0.167381383281
-ĩsa	0.356951564772	0.337210192058	0.0420843216772	0.263753921494
-noi	0.279429505439	0.584381666201	0.0211555461531	0.115033282207
-ĩsu	0.359982988752	0.550169527236	0.00889579049634	0.0809516935166
-isu	0.543677613181	0.207879543091	0.0746442624655	0.173798581263
-õzâ	0.265671641791	0.608955223881	0.107462686567	0.0179104477612
-ahi	0.207419457601	0.417773645364	0.299331031894	0.07547586514
-awã	0.0934855349532	0.753795632668	0.0463160577773	0.106402774602
-õzé	0.535202492212	0.231152647975	0.11214953271	0.121495327103
-aha	0.0552434972005	0.137899842746	0.0180237178981	0.788832942155
-ãro	0.0649038461538	0.653846153846	0.151442307692	0.129807692308
-ẽwẽ	0.163265306122	0.836734693878	0.0	0.0
-ahu	0.230910236999	0.38891460479	0.123933279115	0.256241879095
-sap	0.25641025641	0.655677655678	0.043956043956	0.043956043956
-tob	0.426271843275	0.326333319459	0.107611423868	0.139783413398
-sau	0.172413793104	0.686520376175	0.0470219435737	0.0940438871474
-ibu	0.575024388178	0.233275807713	0.0552011027711	0.136498701338
-tom	0.425474914759	0.37847053093	0.113979542133	0.0820750121773
-toi	0.342500183506	0.38425090424	0.189377928182	0.0838709840717
-sab	0.512863783615	0.330679416472	0.0718060881894	0.0846507117233
-'ui	0.16707772604	0.760620170905	0.0110525507855	0.0612495522693
-ibi	0.472085385878	0.406521229181	0.0545390570021	0.0668543279381
-top	0.593238167587	0.284134178551	0.0274298699428	0.0951977839193
-̱pe	0.279661016949	0.0762711864407	0.618644067797	0.0254237288136
-sai	0.35167630355	0.317207744968	0.13571817274	0.195397778742
-iba	0.234286182176	0.444806216751	0.052612859154	0.268294741919
-sam	0.432100812469	0.378875808324	0.0275244569723	0.161498922235
-rop	0.212253829322	0.463894967177	0.225382932166	0.0984682713348
-ito	0.0737060398876	0.821578077691	0.0230442589642	0.0816716234566
-rob	0.248538769907	0.308012408043	0.158494169319	0.284954652731
-hai	0.213305174234	0.708553326294	0.00422386483632	0.0739176346357
-rom	0.248689035209	0.544020817727	0.115818318022	0.0914718290423
-roi	0.38434444439	0.41282690405	0.0656179341813	0.137210717379
-i'ẽ	0.202622273903	0.475127554047	0.200669213792	0.121580958257
-ĩni	0.111980919557	0.222664972324	0.0646146410102	0.600739467108
-õsi	0.296028263366	0.462754010568	0.211868040766	0.0293496853008
-ipi	0.140602099464	0.816388055464	0.0280657463609	0.0149440987116
-ipo	0.178699903277	0.533717926798	0.259322650337	0.028259519588
-ĩsé	0.105695540553	0.803917466958	0.0445944661025	0.0457925263858
-ĩno	0.0408401400233	0.742998833139	0.158693115519	0.0574679113185
-ére	0.2728719431	0.379818778214	0.252736189146	0.0945730895391
-ipa	0.183964951843	0.548304720279	0.185267218412	0.0824631094661
-ĩne	0.0953575909661	0.677540777917	0.0652446675031	0.161856963614
-ipe	0.268285949715	0.594228401081	0.0825495229892	0.0549361262146
-ehẽ	0.0914780934039	0.894077997111	0.0	0.0144439094849
-ewa	0.383254031826	0.194841516732	0.150088406893	0.271816044549
-iwĩ	0.0828898373666	0.555170814226	0.21804686141	0.143892486998
-ipu	0.0112416964742	0.974450689831	0.0	0.0143076136944
-wẽb	0.128701211306	0.716857335128	0.115831090175	0.0386103633916
-awi	0.23370438413	0.221736158926	0.064836287974	0.479723168971
-'ré	0.59274063496	0.250552440159	0.0531009990945	0.103605925786
-ahâ	0.165387229632	0.299210953949	0.40121157551	0.134190240909
-ahã	0.166384958807	0.304638315304	0.0587053653852	0.470271360504
-awa	0.247139440126	0.470072138769	0.0405421571861	0.242246263919
-wẽm	0.139264990329	0.267891682785	0.431334622824	0.161508704062
-ãrã	0.579633453479	0.291174140384	0.0169374486757	0.112254957461
-apẽ	0.292388847023	0.532027128862	0.0783722682743	0.0972117558402
-stu	0.0142916856395	0.960401733776	0.00285643427993	0.0224501463042
-276	0.0	0.194444444444	0.0	0.805555555556
-õwĩ	0.78391959799	0.145728643216	0.0100502512563	0.0603015075377
-ibâ	0.0721167952841	0.679698003709	0.0456838233322	0.202501377674
-dai	0.161627930829	0.443362940778	0.190877761595	0.204131366797
-séb	0.291624261489	0.377417095124	0.278354194478	0.0526044489089
-200	0.00264305537201	0.472049689441	0.129509713228	0.395797541959
-erẽ	0.0814384287426	0.0635823826362	0.0313428720121	0.823636316609
-'ru	0.423841503739	0.34594625813	0.0739880695223	0.156224168609
-̱ma	0.0377298611956	0.0250809107341	0.00783407987973	0.929355148191
-'ry	0.511673441442	0.38256533853	0.0701780058128	0.035583214215
-̱me	0.342984409799	0.487750556793	0.0378619153675	0.13140311804
-iwẽ	0.368851116104	0.323627230383	0.15328094444	0.154240709073
-ĩwa	0.291392173259	0.495167088121	0.0615501540028	0.151890584618
-ôsi	0.0567375886525	0.808510638298	0.0	0.13475177305
-ĩwe	0.200280504909	0.76157082749	0.0	0.0381486676017
-ité	0.0875912408759	0.912408759124	0.0	0.0
-ĩwi	0.1150202977	0.401894451962	0.0243572395128	0.458728010825
-'ri	0.156747318812	0.643807333659	0.0196434648035	0.179801882725
-'ro	0.333438934909	0.469585710046	0.157291194123	0.0396841609231
-ĩbâ	0.310978907518	0.318550567875	0.231656751397	0.138813773211
-̱te	0.59747545582	0.214586255259	0.105189340814	0.0827489481066
-osã	0.0	1.0	0.0	0.0
-̱to	0.327607745428	0.194827255187	0.246067407024	0.23149759236
-ẽhẽ	0.0	1.0	0.0	0.0
-o'õ	0.273418925345	0.460294816928	0.244888254874	0.0213980028531
-brã	0.20197044335	0.709359605911	0.0	0.0886699507389
-ẽre	0.164383561644	0.835616438356	0.0	0.0
-âtâ	0.085754817079	0.798293078818	0.0247203675934	0.0912317365099
-ezé	0.329407797465	0.497708193782	0.0955723291976	0.0773116795555
-bré	0.355070299783	0.406473487046	0.102371932014	0.136084281157
-âté	0.383607800194	0.24344017184	0.372952027966	0.0
-120	0.0473372781065	0.130177514793	0.0236686390533	0.798816568047
-o'o	0.285837217621	0.634484064393	0.0477357700581	0.0319429479281
-bui	0.472384917696	0.305518019686	0.0907570852469	0.131339977371
-abâ	0.34126984127	0.611111111111	0.0079365079365	0.0396825396825
-abé	0.0361845685058	0.938948743062	0.0145282402873	0.0103384481445
-ãna	0.161110012358	0.191654366875	0.0764638777371	0.57077174303
-ãne	0.21387500215	0.0558311657537	0.00153603074832	0.728757801348
-b'õ	0.0688783200559	0.161518407246	0.732711788582	0.0368914841166
-orõ	0.235476248676	0.753116597409	0.00651837366576	0.00488878024934
-153	0.0416666666667	0.0416666666667	0.0	0.916666666667
-oré	0.132205480118	0.73507730963	0.0327763150825	0.0999408951696
-orã	0.00524658971668	0.920718199837	0.0722863472076	0.00174886323889
-b'â	0.205690250152	0.745335880765	0.0195895476335	0.0293843214502
-abu	0.824705579065	0.0934035877541	0.0238303330588	0.0580605001226
-õhõ	0.169120229768	0.288397155315	0.222638229349	0.319844385568
-'rã	0.186131110903	0.644139066066	0.0530425100875	0.116687312943
-esi	0.105100463678	0.809376609995	0.0515198351366	0.0340030911901
-iti	0.232481361531	0.328247506506	0.105147038602	0.334124093361
-ite	0.232841498689	0.264781505169	0.150848110947	0.351528885194
-ese	0.333719671984	0.297135365949	0.0971680865969	0.27197687547
-ita	0.0475366786837	0.928176559786	0.00702945340978	0.017257308121
-âtu	0.221291866029	0.165071770335	0.584928229665	0.0287081339713
-ẽ'ẽ	0.30265007022	0.395630292698	0.0815165803079	0.220203056773
-ezu	0.0429532275333	0.792375060707	0.064471458087	0.100200253673
-udu	0.257856896561	0.572923391482	0.0415927902021	0.127626921755
-uma	0.182302384699	0.476637210992	0.238469918896	0.102590485413
-o'u	0.159172640905	0.738791988889	0.049907915694	0.0521274545116
-eza	0.0740957673706	0.896233813599	0.0111451823458	0.0185252366847
-bra	0.155914145493	0.732310368392	0.092206622352	0.0195688637634
-uda	0.0	1.0	0.0	0.0
-âta	0.834754040135	0.133546439354	0.0316995205115	0.0
-bre	0.290829351433	0.611004274424	0.0981663741429	0.0
-o'a	0.165424683998	0.441200093372	0.0368193758956	0.356555846734
-ezi	0.385818447944	0.56636760361	0.0	0.0478139484455
-udi	0.0	1.0	0.0	0.0
-bro	0.334739928423	0.24138378264	0.173905739555	0.249970549383
-hum	0.032656023222	0.873004354136	0.0348330914369	0.0595065312046
-hui	0.672384219554	0.17667238422	0.0754716981132	0.0754716981132
-ptẽ	0.661065444582	0.21830217502	0.0544361193958	0.0661962610024
-ẽne	0.221426766065	0.498944202121	0.167889129961	0.111739901853
-hub	0.05127398553	0.865051903114	0.0251651462724	0.0585089650834
-abe	0.0	1.0	0.0	0.0
-'õi	0.0805436447598	0.468609558593	0.0128617845632	0.437985012084
-aba	0.0914510747133	0.0759299126633	0.0181684508064	0.814450561817
-âsi	0.096610934422	0.518591388624	0.035616163479	0.349181513475
-rãi	0.256404228568	0.530712798548	0.0847220844591	0.128160888425
-âbâ	0.353229358509	0.48659912836	0.0964173774724	0.0637541356588
-hup	0.138888888889	0.555555555556	0.142857142857	0.162698412698
-abi	0.176868478002	0.168252030285	0.261435012092	0.39344447962
-tub	0.527272727273	0.0818181818182	0.090909090909	0.3
-tui	0.488968635825	0.355286140585	0.0614984818463	0.0942467417445
-̱wĩ	0.447459299457	0.522940305871	0.0296003946719	0.0
-oru	0.039411186635	0.714663008763	0.205224797314	0.0407010072885
-ori	0.0203389830509	0.811299435028	0.0	0.168361581921
-ãwa	0.207849640685	0.233278054174	0.0530679933665	0.505804311775
-oro	0.346874577188	0.367913678799	0.046407793262	0.238803950751
-ora	0.0100806451613	0.964717741935	0.0	0.0252016129032
-b'a	0.112123300211	0.260380892626	0.598409528112	0.029086279052
-õté	0.0	0.263157894737	0.736842105263	0.0
-ore	0.10638403957	0.777485733957	0.078621653064	0.0375085734087
-owi	0.160516692786	0.247423659591	0.129291921926	0.462767725697
-icu	0.0587084148728	0.923679060665	0.0176125244618	0.0
-ico	0.0211480362538	0.960725075529	0.012084592145	0.00604229607251
-rui	0.287850141265	0.459958012165	0.109745823152	0.142446023418
-omo	0.315479692552	0.184993409717	0.0350039696917	0.464522928039
-orĩ	0.117624226448	0.126072343941	0.0105359746915	0.74576745492
-émi	0.0272479564033	0.904879861283	0.0267525390142	0.0411196432995
-oma	0.025396957353	0.939271759914	0.0137168509435	0.0216144317898
-a'a	0.192123346306	0.626661006589	0.128943585541	0.0522720615639
-ome	0.0	0.996007984032	0.0	0.00399201596806
-iré	0.121306605952	0.201748207513	0.052288562283	0.624656624252
-i'ã	0.0789628756629	0.83264584561	0.0294637595757	0.0589275191515
-i'â	0.760762615652	0.135389072308	0.029296237815	0.0745520742258
-odu	0.04	0.96	0.0	0.0
-i'é	0.675146605988	0.199090790936	0.00661908437243	0.119143518704
-144	0.0200445434298	0.0178173719376	0.0	0.962138084633
-mhi	0.0766322654627	0.809467498029	0.0963412886117	0.0175589478965
-ize	0.142520360051	0.699957136734	0.157522503215	0.0
-mhu	0.762264150943	0.101886792453	0.0905660377358	0.0452830188679
-iza	0.0617265193691	0.83994274534	0.0163578345665	0.081972900724
-i'õ	0.0933787741402	0.54032501592	0.0912981847001	0.27499802524
-ĩna	0.0290258910949	0.87751073958	0.0160222918844	0.0774410774411
-odi	0.0553941959549	0.891529908908	0.0487220131144	0.00435388202299
-âpâ	0.206185097507	0.666951803964	0.0836202353755	0.0432428631537
-odo	0.203173554402	0.689788670597	0.0260780690253	0.0809597059765
-ihâ	0.258299647201	0.392652581851	0.163550977659	0.18549679329
-ihã	0.214697889726	0.171261915648	0.0476451667774	0.566395027849
-õta	0.454905063291	0.241862567812	0.00452079566003	0.298711573237
-ehe	0.00756789482788	0.913725998962	0.0	0.07870610621
-prã	0.290275779497	0.193970580696	0.270155282951	0.245598356855
-ono	0.167827467808	0.0308108008503	0.000773754926888	0.800587976415
-ipẽ	0.0716417910448	0.241791044776	0.632835820896	0.0537313432836
-ĩwĩ	0.843894613439	0.078978219288	0.0512124390695	0.0259147282039
-ehu	0.140049140049	0.826371826372	0.011466011466	0.022113022113
-uru	0.196857016619	0.701830640502	0.0228821971547	0.0784301457247
-mep	0.422090136182	0.315025205026	0.0677149951095	0.195169663682
-dup	0.306462439739	0.301763593092	0.267895282846	0.123878684323
-pai	0.114794979867	0.21402540073	0.258320988123	0.41285863128
-apa	0.651168827268	0.296639383311	0.0157592091434	0.0364325802778
-wap	0.501014198783	0.206896551724	0.267748478702	0.0243407707911
-api	0.713609467456	0.265088757396	0.0	0.0213017751479
-ẽni	0.0	1.0	0.0	0.0
-dub	0.346761242803	0.323860773006	0.193440901841	0.13593708235
-wab	0.325478119526	0.364716986153	0.0877044405515	0.22210045377
-awẽ	0.227056207047	0.478059941339	0.200289866232	0.0945939853811
-apu	0.174559672831	0.437332667407	0.277824935718	0.110282724044
-dui	0.154850746269	0.761194029851	0.0615671641791	0.0223880597015
-ãsã	0.18606870229	0.773854961832	0.0229007633588	0.0171755725191
-dum	0.330006370779	0.176258228923	0.476746655341	0.0169887449565
-wai	0.313008712526	0.454188216068	0.0560672615373	0.176735809868
-̱pẽ	0.5	0.435483870968	0.0322580645161	0.0322580645161
-sui	0.481044373791	0.397454727675	0.0619902543544	0.0595106441802
-sub	0.0533562822719	0.946643717728	0.0	0.0
-i'a	0.128752062128	0.775726361943	0.030269133834	0.0652524420951
-mhâ	0.26689920257	0.340008031668	0.0670911976746	0.326001568087
-ãti	0.400954653938	0.534606205251	0.0071599045346	0.0572792362768
-i'e	0.239983002565	0.473798737495	0.1413709624	0.144847297541
-psa	0.046875	0.953125	0.0	0.0
-i'i	0.381572060789	0.481610207245	0.112692099416	0.0241256325509
-i'o	0.145468790807	0.854531209193	0.0	0.0
-ãta	0.327127407267	0.13188976378	0.00355753723555	0.537425291718
-psi	0.278369300161	0.205959110279	0.108911305322	0.406760284239
-diu	0.0	1.0	0.0	0.0
-psu	0.18064516129	0.464516129032	0.354838709677	0.0
-izâ	0.433406470286	0.39405256524	0.0410811820176	0.131459782456
-âpa	0.174456772813	0.70469999919	0.11176580242	0.00907742557726
-izé	0.252989332556	0.616699498384	0.0696410129728	0.0606701560869
-uré	0.023773160783	0.0922992535336	0.0339685095347	0.849959076149
-tãi	0.278225806452	0.387096774194	0.0241935483871	0.310483870968
-̱ne	0.345794392523	0.439252336449	0.214953271028	0.0
-urã	0.532051282051	0.275641025641	0.192307692308	0.0
-ehâ	0.0245712823138	0.493217302278	0.454568722805	0.027642692603
-ĩpe	0.287425149701	0.299401197605	0.0359281437126	0.377245508982
-õme	0.981818181818	0.0181818181818	0.0	0.0
-õtõ	0.279631830473	0.549537693564	0.0581145080644	0.112715967899
-õmo	0.227592004401	0.496268401755	0.0707843751354	0.205355218709
-õre	0.30886218335	0.48047587893	0.101052534922	0.109609402798
-ĩpu	0.0810810810811	0.713513513514	0.0918918918919	0.113513513514
-apâ	0.254005654754	0.0966761805575	0.0470645702779	0.602253594411
-tiu	0.0283036909543	0.955632052018	0.00229489386116	0.013769363167
-apé	0.277493682176	0.546395124127	0.045488330608	0.130622863089
-ãsi	0.418758786905	0.419763004619	0.105643703555	0.0558345049207
-ẽme	0.519168373397	0.11958975129	0.0362504309971	0.324991444317
-apõ	0.434921004619	0.223089165793	0.184387252048	0.15760257754
-eme	0.345611180437	0.390321924787	0.0499311743187	0.214135720457
-uwe	0.435975609756	0.307926829268	0.0731707317073	0.182926829268
-ema	0.0	0.994708994709	0.005291005291	0.0
-a'ẽ	0.549826429479	0.330831024133	0.0710724842008	0.0482700621863
-emo	0.130604288499	0.846003898636	0.0	0.0233918128654
-ete	0.358394161427	0.354466189668	0.17946129713	0.107678351775
-emi	0.0	1.0	0.0	0.0
-260	0.0	0.110599078341	0.0414746543779	0.847926267281
-õzi	0.584415584416	0.376623376623	0.038961038961	0.0
-apo	0.232965899525	0.691066959325	0.0683704270346	0.00759671411494
-õ'u	0.040398918188	0.917173766058	0.00946585530764	0.0329614604462
-erã	0.0	1.0	0.0	0.0
-zab	0.564075257366	0.356407525737	0.00425985090523	0.0752573659921
-upu	0.168874172185	0.771523178808	0.0596026490066	0.0
-zai	0.356718192628	0.629013079667	0.0	0.0142687277051
-õ'a	0.314760985866	0.448608102581	0.0795773969341	0.157053514618
-ãpé	0.446797967514	0.168826408366	0.0159711589509	0.368404465169
-rup	0.3	0.7	0.0	0.0
-ane	0.0649556564238	0.0493186968063	0.0438790893872	0.841846557383
-irĩ	0.381581840638	0.302205817132	0.057497915851	0.258714426379
-ési	0.134505913991	0.741662436921	0.0258872848259	0.097944364262
-etu	0.0604651162791	0.93023255814	0.00930232558141	0.0
-mhã	0.0600801722731	0.0668731599759	0.00786552503334	0.865181142718
-ĩhĩ	0.0771491550331	0.893460690669	0.0	0.0293901542983
-eta	0.0256709451575	0.935822637106	0.0175029171528	0.0210035005834
-ĩté	0.0910165484633	0.203309692671	0.702127659575	0.00354609929078
-'õb	0.628754505406	0.32318782539	0.0240288346015	0.0240288346015
-eti	0.421826569596	0.55243999135	0.0257334390542	0.0
-̱ré	0.412433661865	0.473843821077	0.0454890068233	0.068233510235
-'ab	0.364818820602	0.328540526785	0.204507217486	0.102133435127
-atu	0.0660059017042	0.838522032558	0.0538636395725	0.0416084261652
-âwi	0.203067516544	0.333076823416	0.111078773343	0.352776886696
-̱'â	0.584332533973	0.227817745803	0.131894484412	0.0559552358114
-ebâ	0.0235297899418	0.969113640888	0.00269553679524	0.0046610323751
-'ai	0.0709883789573	0.751499072761	0.061262337876	0.116250210406
-300	0.0377358490566	0.188679245283	0.415094339623	0.358490566038
-wei	0.767878741739	0.0988248138994	0.00988760623374	0.123408838127
-ate	0.435249293788	0.341932134796	0.119642090878	0.103176480538
-ihĩ	0.0	0.962470680219	0.0375293197811	0.0
-ata	0.300772249908	0.438331494088	0.0923351680031	0.168561088002
-ato	0.251372458854	0.493933335795	0.117127610282	0.137566595068
-ati	0.403257960584	0.485799121169	0.0630603883844	0.0478825298621
-bzu	0.289057295137	0.38074616922	0.13491005996	0.195286475683
-acu	0.0143369175627	0.978494623656	0.00716845878136	0.0
-ozé	0.229886778186	0.56105625733	0.143456330801	0.0656006336829
-uwã	0.0219076217703	0.936180683973	0.0131583226156	0.0287533716415
-õni	0.713919475714	0.170546939244	0.0103535990834	0.10517998596
-õne	0.368418946013	0.25906856413	0.0737893116661	0.298723178191
-rum	0.251280333126	0.404658903055	0.264424227474	0.0796365363445
-osi	0.406872800575	0.315687914451	0.090431936998	0.187007347977
-uwé	0.140002081815	0.829811595711	0.00312272301447	0.0270635994587
-rub	0.290468469148	0.507356151355	0.129362176385	0.0728132031122
-aco	0.0	1.0	0.0	0.0
-ẽsã	0.528752436647	0.31947925369	0.0932887774993	0.0584795321637
-yry	0.171113269061	0.146373572369	0.452005293532	0.230507865037
-zép	0.252732321931	0.592397824846	0.103479574693	0.0513902785298
-zém	0.291251218805	0.419724094185	0.0756112681521	0.213413418858
-ica	0.0	1.0	0.0	0.0
-yre	0.137544361934	0.176195162685	0.518654379529	0.167606095852
-zéb	0.245443586567	0.442767350409	0.0741372237871	0.237651839236
-azé	0.262718500922	0.596482841959	0.0772849054738	0.0635137516461
-mra	0.436689861382	0.173316352737	0.0649209340107	0.32507285187
-mre	0.58269499446	0.343354049236	0.0144529556294	0.0594980006745
-ésé	0.0	1.0	0.0	0.0
-izu	0.122381110742	0.824243431992	0.0440638510143	0.00931160625207
-mri	0.605704385396	0.238615082311	0.0723819550349	0.0832985772582
-ĩtu	0.00971817298349	0.943634596696	0.0058309037901	0.0408163265306
-mro	0.240565750242	0.464974349859	0.0815132002338	0.212946699665
-ĩto	0.183737157684	0.488937199762	0.24685297521	0.0804726673446
-̱ra	0.225225225225	0.441441441441	0.234234234234	0.0990990990991
-ĩte	0.310469314079	0.576413959085	0.0469314079422	0.0661853188929
-psã	0.0857473928158	0.902665121669	0.00463499420627	0.00695249130939
-ebi	0.0175438596491	0.982456140351	0.0	0.0
-atõ	0.343559468737	0.0758644313606	0.111210857241	0.469365242662
-eba	0.00260869565217	0.62	0.220869565217	0.15652173913
-odã	0.00315208825847	0.996847911742	0.0	0.0
-ami	0.519096883352	0.252400878003	0.0776555467792	0.150846691866
-atâ	0.540792540792	0.153846153846	0.179487179487	0.125874125874
-azâ	0.612867906521	0.260433012268	0.0449003761487	0.081798705063
-amo	0.0682993845383	0.388197609975	0.206586132692	0.336916872795
-ama	0.127235021921	0.358627813577	0.0259403952458	0.488196769256
-ame	0.190563685761	0.151182881126	0.0355871066689	0.622666326444
-ebu	0.209302325581	0.790697674419	0.0	0.0
-até	0.168302945302	0.831697054698	0.0	0.0
-owé	0.0109041344844	0.989095865516	0.0	0.0
-usi	0.0487852348101	0.755111691127	0.00484342767685	0.191259646387
-iro	0.328070886341	0.242108175713	0.0406860889409	0.389134849005
-iri	0.397600312245	0.267687503921	0.0630588874872	0.271653296347
-éme	0.325791736516	0.501247096548	0.0601604058907	0.112800761045
-ĩhe	0.039776692254	0.0767620376832	0.0125610607118	0.870900209351
-ire	0.122998401689	0.413951883178	0.301700201479	0.161349513654
-usa	0.137931034483	0.862068965517	0.0	0.0
-ĩhi	0.27305595706	0.215125886461	0.486583127272	0.025235029207
-ira	0.0364991646318	0.940496080195	0.0038555455597	0.0191492096132
-isẽ	0.683526936797	0.212201591512	0.0548797219427	0.0493917497484
-õno	0.324684306814	0.586859131676	0.0398241934765	0.0486323680335
-iru	0.0521424883841	0.914300464636	0.0123902942695	0.0211667527104
-ãtã	0.299316696376	0.493909685086	0.0809566250743	0.125816993464
-uhâ	0.0	0.972972972973	0.027027027027	0.0
-uza	0.27577743382	0.539684561705	0.123000057953	0.0615379465222
-epe	0.127874702617	0.843047845625	0.00726936293947	0.0218080888184
-arẽ	0.00803303882589	0.987912668851	0.000705094317007	0.00334919800578
-oda	0.0	1.0	0.0	0.0
-uzi	0.16815419464	0.582851580098	0.148747546603	0.100246678659
-psõ	0.720189571283	0.169164465745	0.0701265185019	0.0405194444709
-uzu	0.656334147326	0.14951172676	0.148298628839	0.0458554970751
-õpa	0.219512195122	0.390243902439	0.121951219512	0.268292682927
-atĩ	0.0	1.0	0.0	0.0
-wim	0.260900494077	0.323124091541	0.0510137843873	0.364961629994
-̱wẽ	0.256977917274	0.0395135074543	0.0622127564174	0.641295818854
-bâi	0.0789875627318	0.82216888501	0.068732271438	0.0301112808204
-rém	0.166666666667	0.833333333333	0.0	0.0
-wib	0.247816438484	0.588123510331	0.0420452609113	0.122014790274
-âzu	0.148777895855	0.702444208289	0.0	0.148777895855
-réi	0.424049992126	0.281386419756	0.104916237041	0.189647351077
-éwa	0.0	1.0	0.0	0.0
-ébé	0.409511346875	0.310667372389	0.0387281973254	0.24109308341
-éwi	0.002079002079	0.989604989605	0.008316008316	0.0
-ine	0.325412065629	0.291862513298	0.081907110052	0.300818311021
-wip	0.441470379953	0.361906569221	0.0479049122206	0.148718138605
-õtu	0.0	1.0	0.0	0.0
-édu	0.383127760012	0.463682046597	0.0849703060758	0.0682198873153
-tép	0.256288010504	0.315542199491	0.400545932585	0.0276238574196
-ube	0.320166320166	0.555093555094	0.0748440748441	0.049896049896
-âhã	0.046610177894	0.0161105536706	0.00406017184591	0.933219096589
-ĩza	0.0	0.949367088608	0.0126582278481	0.0379746835443
-téb	0.382944468318	0.19623116263	0.330795770719	0.0900285983331
-tém	0.16661550018	0.240971945524	0.536813089912	0.0555994643849
-ĩhâ	0.104154124022	0.343768813967	0.510836845274	0.0412402167369
-tâp	0.327272727273	0.327272727273	0.327272727273	0.0181818181818
-ota	0.0	1.0	0.0	0.0
-owa	0.0773824090843	0.801478145955	0.0271646028095	0.0939748421516
-uhu	0.0484813255741	0.894247944632	0.0247929751967	0.032477754597
-irã	0.13720669998	0.484590179862	0.338416334845	0.0397867853128
-ĩtĩ	0.59797022185	0.287940729818	0.0287217184611	0.0853673298706
-irõ	0.239842726081	0.739187418087	0.0209698558323	0.0
-tâi	0.13179916318	0.414225941423	0.453974895397	0.0
-'wa	0.12686521217	0.510535432737	0.0445190112925	0.318080343801
-uzâ	0.249431633647	0.717440727509	0.0272815849302	0.00584605391362
-ẽti	0.0	1.0	0.0	0.0
-anu	0.106899512266	0.637451363645	0.212081910016	0.0435672140731
-ona	0.0186281684518	0.734548599561	0.221675204577	0.02514802741
-uzé	0.264927705879	0.621891027422	0.0446167787974	0.0685644879021
-otã	0.0	1.0	0.0	0.0
-oni	0.0	0.811320754717	0.0	0.188679245283
-450	0.119205298013	0.430463576159	0.0	0.450331125828
-ana	0.260548711617	0.42032560341	0.0491635413787	0.269962143594
-pté	0.0397283531409	0.401358234295	0.41765704584	0.141256366723
-ĩre	0.247524752475	0.29702970297	0.277227722772	0.178217821782
-ani	0.118171148056	0.811370145847	0.0336038172942	0.036854888803
-ano	0.223893101193	0.49243592231	0.014812576026	0.268858400472
-õti	0.349814585909	0.57478368356	0.0259579728059	0.0494437577256
-tai	0.598240469208	0.24926686217	0.108504398827	0.0439882697947
