-hem	0.0538833147529	0.915273132664	0.0	0.0308435525827
-ive	0.306818181818	0.659090909091	0.0170454545455	0.0170454545455
-lel	0.185273845178	0.271334549313	0.0673429586364	0.476048646873
-lem	0.0634489895043	0.862331848035	0.0251304035647	0.049088758896
-aus	0.343173431734	0.636531365314	0.0	0.020295202952
-nsu	0.326812882114	0.580013682812	0.0847031227942	0.00847031227942
-iol	0.165423528543	0.627797060778	0.186101469611	0.0206779410678
-plo	0.186127311081	0.441618066758	0.0595607395458	0.312693882616
-nsi	0.105143605838	0.398449074006	0.0342258378528	0.462181482303
-pli	0.783620821249	0.204930544955	0.00686918027781	0.00457945351854
-pla	0.0354261504485	0.0639563708478	0.0183891467977	0.882228331906
-nti	0.0440165572858	0.0480037423475	0.00230153929708	0.90567816107
-nto	0.12877875024	0.366267755038	0.041981778131	0.462971716592
-akn	0.245827824788	0.589192847599	0.101173714683	0.0638056129301
-uai	0.266891313078	0.424881868238	0.144414487872	0.163812330813
-uak	0.500975052115	0.187008271132	0.260238047206	0.0517786295474
-kia	0.0	1.0	0.0	0.0
-uan	0.112743794241	0.770759210504	0.0470158775436	0.0694811177113
-uap	0.496552598621	0.307080940274	0.0496108182993	0.146755642806
-uas	0.0693212748811	0.879060789198	0.0350840658212	0.0165338700996
-uar	0.427977633068	0.126681577152	0.0176877636105	0.42765302617
-uat	0.493632504548	0.360824742268	0.0309278350516	0.114614918132
-pul	0.521241515228	0.0438708309537	0.0304528648461	0.404434788972
-pum	0.0	1.0	0.0	0.0
-pun	0.118015198927	0.808225301743	0.0295037997318	0.0442556995977
-ntu	0.515419308084	0.316489578234	0.0478505642338	0.120240549448
-puk	0.443894134035	0.242222566166	0.0612908218542	0.252592477945
-pre	0.343396226415	0.554716981132	0.0566037735849	0.0452830188679
-aki	0.525704112437	0.169866088707	0.0580540289496	0.246375769907
-ape	0.419471812371	0.0893209016196	0.0218676406978	0.469339645312
-opm	0.179115465107	0.68130266632	0.0676010001872	0.0719808683852
-opo	0.410852108833	0.115069774694	0.0810789740391	0.392999142434
-opi	0.440677966102	0.559322033898	0.0	0.0
-nmp	0.561643835616	0.219178082192	0.219178082192	0.0
-ope	0.191831706552	0.233088843795	0.0910317307366	0.484047718916
-opa	0.222222222222	0.555555555556	0.0	0.222222222222
-imp	0.621221591683	0.131498087435	0.0383542617386	0.208926059143
-imu	0.429894179894	0.486111111111	0.0608465608466	0.0231481481481
-oku	0.206789467838	0.14858673724	0.0284224629818	0.61620133194
-dek	0.0342465753425	0.698630136986	0.0	0.267123287671
-den	0.0	0.92	0.0	0.08
-oko	0.160242990013	0.0666506503759	0.0049421697498	0.768164189862
-okn	0.183947789079	0.186346332925	0.0331250720185	0.596580805977
-oki	0.691428571429	0.205714285714	0.0514285714286	0.0514285714286
-aka	0.110661772892	0.108025998373	0.0404323530634	0.740879875672
-imi	0.181614103761	0.202235398435	0.0588121945063	0.557338303298
-imk	0.21568627451	0.78431372549	0.0	0.0
-kil	0.0681262795255	0.0220802213408	0.00393164121226	0.905861857922
-oka	0.289922746563	0.189226449137	0.0343542730807	0.486496531219
-rwa	0.413565128544	0.39027541959	0.174071792406	0.0220876594594
-rpm	0.0836956756013	0.452122712226	0.018603153434	0.445578458739
-rpa	0.0	1.0	0.0	0.0
-rpe	0.370797353708	0.346489443465	0.159289901593	0.123423301234
-tep	0.437024018746	0.256004686585	0.153485647334	0.153485647335
-100	0.047844258689	0.105807303124	0.140783106027	0.70556533216
-rie	0.324976787372	0.597028783658	0.0389972144847	0.0389972144846
-tet	0.17340916476	0.418839510244	0.0990525340193	0.308698790976
-ria	0.0334433167163	0.793422515511	0.00349675429473	0.169637413478
-rin	0.346733668342	0.532663316583	0.120603015075	0.0
-kit	0.238035264484	0.761964735516	0.0	0.0
-rik	0.11871813547	0.550497693615	0.228817674193	0.101966496722
-rit	0.0680272108844	0.904761904762	0.0272108843538	0.0
-rir	0.212711384702	0.693005731267	0.0666878935824	0.0275949904479
-ris	0.043087543891	0.93608284235	0.018568112837	0.00226150092245
-rip	0.31417466082	0.340880655693	0.125208972405	0.219735711081
-utu	0.445628997868	0.37526652452	0.102345415778	0.0767590618337
-tei	0.0547945205479	0.945205479452	0.0	0.0
-tek	0.0558774834437	0.939983443709	0.0	0.00413907284767
-tel	0.172211427282	0.346815498857	0.13049207597	0.350480997891
-aku	0.187842650223	0.118630121161	0.0518821031958	0.641645125421
-ten	0.288165776267	0.481949166262	0.0890399870487	0.140845070423
-are	0.331897401199	0.487364084184	0.0482124645951	0.132526050022
-ara	0.282796543598	0.618224666143	0.0141398271799	0.0848389630793
-mer	0.517006802721	0.377289377289	0.0565149136578	0.0491889063318
-lup	0.344858096414	0.265690087807	0.193239450577	0.196212365201
-pat	0.0196409496572	0.846318183385	0.108197512146	0.025843354812
-lus	0.450292397661	0.356725146199	0.046783625731	0.146198830409
-ari	0.712328767123	0.0547945205479	0.0	0.232876712329
-ark	0.614057166829	0.103540987358	0.182007131552	0.100394714261
-ram	0.0490706319703	0.897397769517	0.0245353159851	0.0289962825279
-arp	0.445844965793	0.0597213969846	0.0344356282279	0.459998008995
-lun	0.675925925926	0.208333333333	0.0	0.115740740741
-mel	0.132225166876	0.440448905896	0.116880326697	0.310445600531
-mei	0.4	0.2	0.4	0.0
-mek	0.189873417721	0.493670886076	0.303797468354	0.0126582278481
-aya	0.246376811594	0.724637681159	0.0289855072464	0.0
-ayo	0.671121441023	0.328878558977	0.0	0.0
-tyu	0.0868167202572	0.913183279743	0.0	0.0
-kie	0.0433660299432	0.812080536913	0.101187403201	0.0433660299432
-gol	0.054794520548	0.931506849315	0.0	0.013698630137
-p'a	0.34679277313	0.344003880199	0.206135564448	0.103067782224
-wul	0.632505980521	0.114414035301	0.0161136027316	0.236966381447
-p'o	0.446555819477	0.315914489311	0.161520190024	0.0760095011876
-umu	0.22795981598	0.189810033487	0.0278534096955	0.554376740838
-ota	0.0	0.957446808511	0.0425531914894	0.0
-ump	0.333728894493	0.44813598278	0.062287902643	0.155847220084
-oti	0.10101744186	0.776162790698	0.0196220930233	0.103197674419
-ulu	0.430034129693	0.309339125039	0.0	0.260626745268
-ako	0.180318448747	0.0488622990234	0.0237245342712	0.747094717958
-nak	0.650374818644	0.0329719878981	0.00185164641731	0.314801547041
ALL	0.219382841593	0.269301956642	0.0484739196877	0.462841282077
-nai	0.277577505407	0.502523431867	0.104542177361	0.115356885364
-nan	0.389839373183	0.164287941422	0.0193114269334	0.426561258461
-nal	0.180491551459	0.560291858679	0.120967741935	0.138248847926
-nam	0.165830725483	0.346894156985	0.421257198382	0.0660179191495
-sis	0.133333333333	0.866666666667	0.0	0.0
-sir	0.919499105546	0.0214669051878	0.0161001788909	0.0429338103757
-ake	0.0	0.285714285714	0.428571428571	0.285714285714
-sip	0.171147167312	0.764167289137	0.0105114008271	0.054174142724
-kin	0.115986503771	0.865537769964	0.012317150843	0.00615857542151
-kim	0.210059985691	0.638049639536	0.0363216113587	0.115568763414
-sit	0.135705559804	0.105031986124	0.0373715426078	0.721890911465
-kis	0.3283480623	0.0815530835598	0.0526607890577	0.537438065082
-kir	0.260464097278	0.164206360584	0.0473663888446	0.527963153293
-kip	0.426070038911	0.394941634241	0.163424124514	0.0155642023346
-sin	0.303048526653	0.597238732319	0.0293272767729	0.070385464255
-sim	0.0559974546611	0.160038180083	0.727966910595	0.0559974546611
-sil	0.230559354833	0.137169826362	0.0361573597784	0.596113459026
-nar	0.425160909384	0.494813629873	0.0498327044921	0.0301927562511
-nas	0.0	1.0	0.0	0.0
-sia	0.0	1.0	0.0	0.0
-mot	0.570830572788	0.135246642173	0.0310184906342	0.262904294405
-mor	0.460396888835	0.212062150295	0.18037747143	0.147163489439
-mop	0.58711853276	0.148579850152	0.0977134597769	0.166588157311
-lkn	0.648663204666	0.286470474868	0.0	0.0648663204665
-mon	0.230011898455	0.606419086164	0.0185424826951	0.145026532686
-wus	0.159761514762	0.612888003594	0.0430371476149	0.184313334029
-wur	0.425766694004	0.235576530976	0.204798327813	0.133858447208
-wup	0.551438820405	0.159489080027	0.0296781481628	0.259393951405
-mok	0.659342670496	0.137823883779	0.0452573800421	0.157576065682
-moi	0.291895910328	0.0660199047165	0.0217532787198	0.620330906235
-yat	0.360576923077	0.567307692308	0.0504807692308	0.0216346153846
-mol	0.606741573034	0.303370786517	0.0	0.0898876404494
-pur	0.626535626536	0.287349433691	0.0735302930425	0.012584646731
-yar	0.262464809744	0.125445684325	0.032838347064	0.579251158868
-pus	0.106853352985	0.539425202653	0.21002210759	0.143699336772
-bet	0.161797752809	0.823033707865	0.011797752809	0.00337078651687
-nta	0.179792920583	0.598119188084	0.0217317833233	0.20035610801
-lpe	0.14403710311	0.067614577015	0.0210694506049	0.76727886927
-bel	0.0636672325976	0.936332767402	0.0	0.0
-lpm	0.109832945321	0.831435705889	0.0349549115157	0.0237764372746
-yai	0.3058024046	0.570831155254	0.0590695243074	0.064296915839
-lpi	0.136576643236	0.133493649032	0.0292113700826	0.70071833765
-iso	0.0260416666667	0.581597222222	0.296875	0.0954861111111
-upu	0.25	0.592105263158	0.078947368421	0.0789473684211
-rel	0.272288966295	0.311301816103	0.119029686534	0.297379531068
-rem	0.0960548885077	0.780445969125	0.0926243567752	0.0308747855917
-isa	0.184361588945	0.776376220817	0.0119493622464	0.0273128279918
-eva	0.0	0.48	0.08	0.44
-rer	0.040404040404	0.676767676768	0.282828282828	0.0
-res	0.0	1.0	0.0	0.0
-rep	0.395027578821	0.0898603392609	0.0319067675272	0.483205314391
-upm	0.291620075086	0.59891922477	0.0440209916356	0.0654397085088
-ret	0.264592122741	0.345900144126	0.161949906063	0.227557827071
-kwa	0.0	0.684210526316	0.157894736842	0.157894736842
-mas	0.0	1.0	0.0	0.0
-mar	0.0	1.0	0.0	0.0
-ham	0.00205303678358	0.99127459367	0.00256629597947	0.00410607356715
-hap	0.0	1.0	0.0	0.0
-avy	0.271928218275	0.302508698041	0.394799487273	0.0307635964109
-has	0.0	1.0	0.0	0.0
-mam	0.0232159847764	0.898763082778	0.0175071360609	0.0605137963844
-man	0.168634562614	0.650685548871	0.0636681511911	0.117011737324
-pua	0.112306682631	0.409278513264	0.0300667927815	0.448348011323
-nku	0.349865351674	0.539742320621	0.0695153460492	0.0408769816557
-uno	0.292682926829	0.439024390244	0.268292682927	0.0
-unk	0.150393765478	0.656725702147	0.0384962970787	0.154384235297
-usi	0.00525854513584	0.989482909728	0.00525854513585	0.0
-nke	0.118372379778	0.743526510481	0.0826140567201	0.055487053021
-nka	0.333333333333	0.333333333333	0.0	0.333333333334
-nkl	0.5	0.5	0.0	0.0
-unu	0.39322526838	0.473333048202	0.0594499807536	0.0739917026646
-nko	0.241534454179	0.737153682216	0.0127871181624	0.00852474544163
-nki	0.375628237398	0.357932781669	0.0785818743378	0.187857106595
-add	0.305970149254	0.60447761194	0.089552238806	0.0
-tra	0.0754716981132	0.924528301887	0.0	0.0
-eon	0.308645096057	0.649646107179	0.00758341759352	0.0341253791709
-tri	0.540475554368	0.336628372963	0.0828212663639	0.0400748063051
-tru	0.825	0.15	0.025	0.0
-lal	0.86387434555	0.13612565445	0.0	0.0
-kai	0.472232434243	0.324672424155	0.0422338520761	0.160861289525
-lam	0.0	0.779623671279	0.073237514866	0.147138813855
-ikm	0.211136890951	0.719257540603	0.0696055684455	0.0
-ini	0.218191935339	0.113348603382	0.0147041738848	0.653755287394
-sel	0.117543276323	0.679555636596	0.0479956510854	0.154905435995
-ino	0.546942291128	0.315245478036	0.0671834625323	0.0706287683031
-ina	0.231094451577	0.459121401006	0.0678359446899	0.241948202727
-knu	0.490279590575	0.501476952669	0.00206086418905	0.00618259256715
-uim	0.624201022691	0.310682326622	0.00599232981784	0.0591243208693
-kno	0.0856646839514	0.821982525543	0.0128070125509	0.0795457779548
-kna	0.149068322981	0.748447204969	0.0698757763975	0.0326086956522
-ses	0.165755919854	0.791540174054	0.0158874721716	0.0268164339203
-ser	0.309447112868	0.0379952592182	0.0103549019038	0.64220272601
-sep	0.286421443429	0.57740973813	0.0474940829874	0.0886747354532
-kus	0.0512820512821	0.837606837607	0.0	0.111111111111
-kur	0.470772015963	0.163014054913	0.107944060357	0.258269868767
-kup	0.169446304079	0.645314725411	0.0708663087619	0.114372661748
-iam	0.0304182509506	0.817490494297	0.083650190114	0.0684410646388
-edi	0.0584415584415	0.922077922078	0.012987012987	0.0064935064935
-iak	0.34668644906	0.260138476756	0.192878338279	0.200296735905
-iat	0.390825467476	0.350594634251	0.027274546214	0.231305352059
-nel	0.175826938728	0.388549712674	0.115699496713	0.319923851885
-nem	0.31512605042	0.495798319328	0.189075630252	0.0
-nek	0.573235631885	0.101986351906	0.0140321047795	0.310745911429
-ias	0.205669816565	0.777654252362	0.0	0.0166759310728
-nei	0.353622287836	0.310665200459	0.0613060659792	0.274406445727
-kuo	0.0	1.0	0.0	0.0
-kun	0.121000581734	0.639325189063	0.186154741129	0.0535194880745
-kul	0.342345952746	0.236573250648	0.063175484402	0.357905312204
-pen	0.478584729981	0.469273743017	0.048417132216	0.00372439478584
-eka	0.0162999185004	0.531377343113	0.411572942135	0.040749796251
-tnu	0.144086115479	0.756057593568	0.0271348616721	0.0727214292813
-bai	0.449438202247	0.438202247191	0.0	0.112359550562
-eko	0.153548338754	0.0833124964588	0.0141193626307	0.749019802156
-ekn	0.131868401154	0.158288134245	0.157095967631	0.55274749697
-hos	0.0	1.0	0.0	0.0
-jon	0.0156209518875	0.948222259475	0.00457198591828	0.0315848027188
-bas	0.0254424554504	0.95272366047	0.00729823423279	0.0145356498469
-dru	0.0213143872114	0.955595026643	0.0	0.0230905861456
-ase	0.00930232558139	0.879069767442	0.0	0.111627906977
-isi	0.0174898141707	0.962933518831	0.00238497465965	0.0171916923383
-asa	0.0	0.859375	0.0	0.140625
-nye	0.25625	0.6875	0.05	0.00624999999999
-yep	0.414896128423	0.415368271955	0.0842776203966	0.0854579792257
-yer	0.46256058947	0.0752330731817	0.0187942614519	0.443412075896
-ask	0.0642902609802	0.828771483132	0.106938255888	0.0
-yet	0.338262098724	0.169809917048	0.0559833351932	0.435944649035
-yek	0.459136093771	0.0753737282788	0.00506477688854	0.460425401062
-yem	0.124481327801	0.51867219917	0.356846473029	0.0
-yel	0.672008703475	0.116226660968	0.00412458642055	0.207640049136
-yen	0.0540339801318	0.728715996658	0.080772444527	0.136477578683
-pep	0.198632880681	0.533296097186	0.0149060950918	0.25316492704
-per	0.463372477213	0.117928390431	0.0651014621189	0.353597670236
-erp	0.39012050387	0.357592740572	0.0669211769901	0.185365578567
-iar	0.222765997384	0.164489706383	0.0342346949063	0.578509601327
-rar	0.289752650177	0.480565371025	0.13074204947	0.0989399293286
-ras	0.431654676259	0.151079136691	0.374100719424	0.0431654676259
-rap	0.335434975978	0.462055078418	0.152551544926	0.0499584006776
-iwa	0.263638157995	0.57785099373	0.0286959294293	0.129814918847
-erk	0.559546550031	0.241858685811	0.104104767856	0.094489996302
-rak	0.278476788039	0.593965891266	0.0532656943564	0.0742916263391
-rai	0.315094441408	0.0448678110417	0.0215629968807	0.618474750669
-era	0.0	1.0	0.0	0.0
-iwo	0.642857142857	0.214285714286	0.0	0.142857142857
-ere	0.388941510774	0.307956429079	0.130831162681	0.172270897466
-por	0.0949969544174	0.594511621514	0.167821405805	0.142670018264
-pop	0.341654216573	0.470809382728	0.0441957239202	0.143340676779
-pok	0.4	0.4	0.0	0.2
-pol	0.105249981322	0.747127398327	0.0210809149397	0.126541705411
-pom	0.236363636364	0.554545454545	0.127272727273	0.0818181818182
-ike	0.472312703583	0.488599348534	0.0	0.0390879478826
-ika	0.266509433962	0.662735849057	0.0707547169811	0.0
-iko	0.0662525879917	0.933747412008	0.0	0.0
-ikn	0.153565996236	0.107813291194	0.0243408664441	0.714279846125
-nor	0.317880794702	0.468306527909	0.0141911069063	0.199621570482
-lai	0.231164383562	0.627568493151	0.0642123287671	0.0770547945206
-iki	0.354274428665	0.236826527846	0.0798568275237	0.329042215965
-lat	0.0945431472081	0.85448392555	0.0279187817259	0.0230541455161
-lap	0.332541567696	0.281076801267	0.0190023752969	0.36737925574
-las	0.181226447413	0.722165125043	0.0267214799589	0.0698869475848
-noa	0.0	0.979919678715	0.0	0.0200803212851
-aaa	0.0639873083025	0.111052353252	0.460074034902	0.364886303543
-myu	0.015503875969	0.984496124031	0.0	0.0
--im	0.54799188641	0.211034482759	0.0	0.240973630832
-pye	0.506329113924	0.354430379747	0.0506329113924	0.0886075949367
-don	0.0508083140878	0.565819861432	0.0	0.38337182448
-dom	0.0159653090793	0.981373806074	0.0	0.00266088484655
-dok	0.0	1.0	0.0	0.0
-sas	0.00344834637706	0.604852217082	0.00129992868157	0.390399507859
-mpo	0.54423032273	0.264917576039	0.0369166473183	0.153935453912
-mpi	0.455702755755	0.0300851656375	0.00994252294096	0.504269555666
-tok	0.0	1.0	0.0	0.0
-mpa	0.0	0.5	0.0	0.5
-tor	0.501089744826	0.360618743611	0.0931587169942	0.0451327945686
-sak	0.0	1.0	0.0	0.0
-sai	0.0	0.874015748031	0.0	0.125984251969
-mpu	0.310664943603	0.116684598601	0.0261429794143	0.546507478382
-iba	0.0	1.0	0.0	0.0
-sam	0.422106179286	0.554395126197	0.00522193211488	0.0182767624021
-sal	0.509497060174	0.490502939826	0.0	0.0
-rot	0.0183762314627	0.865411119565	0.058191399632	0.0580212493407
-iek	0.155539281662	0.687135803355	0.00500736651284	0.15231754847
-iem	0.068255111306	0.717586649551	0.185979523467	0.0281787156768
-iel	0.195030236605	0.445004662292	0.156627285412	0.203337815691
-ror	0.524036054081	0.475963945919	0.0	0.0
-ien	0.251962107423	0.432176959426	0.142224465227	0.173636467925
-iep	0.356787914927	0.359471278076	0.227092029418	0.056648777579
-ron	0.0	1.0	0.0	0.0
-ier	0.181086519115	0.440643863179	0.378269617706	0.0
-los	0.0705882352941	0.905882352941	0.0235294117647	0.0
-lop	0.502415458937	0.341062801932	0.0927536231884	0.063768115942
-ipi	0.509090909091	0.309090909091	0.181818181818	0.0
-ipm	0.173481779738	0.0777956943048	0.01741505738	0.731307468577
-omo	0.125	0.125	0.5	0.25
-ipa	0.6	0.4	0.0	0.0
-ipe	0.192926251041	0.168552572564	0.0187351829307	0.619785993465
-mai	0.537047511312	0.297228506787	0.120475113122	0.0452488687783
-awi	0.308519288102	0.452796097208	0.181588219351	0.0570963953383
-awe	0.428571428572	0.285714285714	0.0	0.285714285714
-hat	0.101911834413	0.608310949597	0.263232738189	0.0265444778006
-wie	0.193163699518	0.0871693106474	0.0211734442075	0.698493545627
-awu	0.243010346918	0.602156682762	0.112253903482	0.0425790668381
-pkn	0.0	0.683615819209	0.090395480226	0.225988700565
-pim	0.440746187366	0.103364485391	0.0101709339616	0.445718393281
-til	0.524752475248	0.326732673267	0.0	0.148514851485
-tim	0.294005689376	0.285156457852	0.10535579068	0.315482062092
-nap	0.245283018868	0.669811320755	0.0	0.0849056603774
-200	0.0372670807453	0.490683229814	0.149068322981	0.32298136646
-iok	0.0154539600773	0.980682549903	0.0	0.00386349001931
-lei	0.5625	0.206439393939	0.162878787879	0.0681818181818
-lek	0.0	0.960784313726	0.0	0.0392156862745
-mua	0.402728793925	0.317728579397	0.0525164113785	0.2270262153
-ion	0.36	0.504	0.136	0.0
-oip	0.223519599666	0.596330275229	0.170141784821	0.0100083402836
-mum	0.0150753768844	0.412060301507	0.0301507537688	0.542713567839
-mul	0.575018754689	0.35183795949	0.0281320330083	0.0450112528132
-mun	0.137931034483	0.19540229885	0.0	0.666666666667
-mui	0.670050761421	0.284263959391	0.0456852791878	0.0
-muk	0.827748876463	0.10102102463	0.00594793086595	0.065282168041
-mup	0.561420345489	0.292706333973	0.0451055662188	0.100767754319
-mus	0.498042960202	0.18136768274	0.0137953047275	0.30679405233
-mur	0.616030288983	0.125554428763	0.171119524717	0.0872957575369
-lep	0.246722834709	0.380179732296	0.0827779474453	0.29031948555
-oim	0.527873894656	0.153018069973	0.103806228374	0.215301806997
-iot	0.0162601626016	0.983739837398	0.0	0.0
-eel	0.149063276827	0.395996815232	0.0442307260761	0.410709181865
-eei	0.299035369775	0.488745980707	0.0192926045016	0.192926045016
-sul	0.372180451128	0.616541353384	0.0112781954887	0.0
-san	0.75	0.0	0.0	0.25
-t'o	0.382336025606	0.220199544898	0.108649446125	0.288814983371
-ali	0.33856688427	0.485902627847	0.101179145854	0.074351342029
-nda	0.652173913044	0.347826086956	0.0	0.0
--el	0.303657345328	0.428584513997	0.0285291692616	0.239228971413
-ale	0.299101079997	0.504171247494	0.112979370109	0.0837483023993
-nde	0.298342541436	0.0662983425414	0.0497237569061	0.585635359116
-ala	0.181037127953	0.227593517253	0.0167368685319	0.574632486262
-lon	0.125100240577	0.826784282277	0.0288692862871	0.0192461908581
-120	0.0	0.0	0.0	1.0
-wat	0.56198569861	0.138439219094	0.0628694096074	0.236705672688
-una	0.310215322984	0.374311467201	0.157736604907	0.157736604907
-yok	0.723622475966	0.0781039138988	0.00555074569764	0.192722864437
-yon	0.456310679612	0.378640776699	0.155339805825	0.00970873786407
-lok	0.219737115178	0.724815201553	0.0171134824905	0.0383342007787
-chk	0.441615995053	0.27847057611	0.176028032567	0.103885396269
-pel	0.208379655612	0.343741436409	0.0722815917644	0.375597316215
-elp	0.241598546776	0.552830759915	0.173781410839	0.0317892824705
-pei	0.26861742827	0.33205936476	0.0992409973655	0.300082209605
-pek	0.350718090261	0.421036803379	0.0779373533913	0.150307752969
-pet	0.128865979381	0.440721649484	0.291237113402	0.139175257732
-elk	0.272300230752	0.572770327613	0.0375586525176	0.117370789117
-iyo	0.604316546763	0.297731045932	0.0415052573326	0.0564471499723
-eli	0.194029850746	0.75	0.0	0.0559701492537
-iyi	0.353455123114	0.524225575854	0.00238284352661	0.119936457506
-rkn	0.194402296817	0.139874478968	0.0624366228414	0.603286601373
-rko	0.324131380697	0.241976526535	0.0826785458434	0.351213546925
-iye	0.358204124595	0.211250108542	0.0470398163581	0.383505950504
-ela	0.290210999654	0.271186440678	0.0498097544102	0.388792805258
-iya	0.0	1.0	0.0	0.0
-ele	0.436873747495	0.298597194389	0.0240480961924	0.240480961924
-ter	0.420765027322	0.254098360656	0.0	0.325136612022
-itn	0.516666666667	0.294444444444	0.0833333333334	0.105555555555
-esi	0.0	0.997336884154	0.0	0.00266311584553
-iti	0.624416277518	0.0713809206138	0.208138759173	0.096064042695
-ite	0.182413722454	0.720668591573	0.053670663628	0.0432470223448
-ita	0.0546444525778	0.835986422867	0.00221104721413	0.107158077342
-m'o	0.42234679577	0.331443495987	0.0914129188431	0.1547967894
-tir	0.0367309458219	0.926100835192	0.0	0.0371682189864
-m'a	0.230439908295	0.115448519049	0.03485188607	0.619259686586
-666	0.204861111111	0.493055555556	0.0138888888889	0.288194444444
-n'a	0.372022303375	0.294475674641	0.0609558719608	0.272546150023
-uda	0.163677391744	0.673053729137	0.104579231996	0.0586896471229
-fat	0.277915632754	0.461538461538	0.104218362283	0.156327543424
-n'o	0.506134969325	0.346625766871	0.0828220858895	0.0644171779141
-uon	0.281575520833	0.47265625	0.0520833333333	0.193684895833
-uol	0.116906415895	0.0566264324091	0.00968026127336	0.816786890423
-wop	0.406860789789	0.483047467092	0.0957319505385	0.0143597925808
-wor	0.381821209475	0.260308478427	0.102192371769	0.255677940329
-wot	0.293563423584	0.59932559754	0.0238024397501	0.0833085391253
-wok	0.0	1.0	0.0	0.0
-wol	0.61519651213	0.175353804066	0.0607178868319	0.148731796973
-won	0.834532374101	0.165467625899	0.0	0.0
-uos	0.489775309265	0.327442565009	0.101489522848	0.0812926028781
-uor	0.215439894592	0.546657088078	0.120641394963	0.117261622367
-aei	0.172666741903	0.532784110146	0.111725538878	0.182823609073
-kol	0.422779786492	0.323448387891	0.0696489935947	0.184122832022
-orp	0.23215693547	0.640609070356	0.0435765154071	0.0836574787667
-ael	0.187388116969	0.669527995505	0.0501838035835	0.0929000839425
-tun	0.33323341814	0.314038060413	0.115201975411	0.237526546036
-sor	0.0975609756097	0.813486370158	0.0760401721664	0.012912482066
-tup	0.555845041485	0.201890207118	0.0738771977373	0.168387553659
-ork	0.075655828231	0.0643202592944	0.205202190958	0.654821721517
-tur	0.25855513308	0.19391634981	0.524714828897	0.0228136882129
-son	0.0916736753574	0.866274179983	0.0185029436501	0.0235492010092
-kop	0.271045216786	0.584950922292	0.0350605753057	0.108943285616
-kos	0.550017400719	0.311163528092	0.0541355709369	0.0846835002514
-kor	0.454375084173	0.301456198454	0.120411970211	0.123756747162
-vai	0.130136986301	0.849315068493	0.0	0.0205479452055
-kre	0.646126907363	0.225047944634	0.0431501709331	0.08567497707
-tne	0.0756409122074	0.728855514926	0.0223268194573	0.173176753409
-kra	0.68085106383	0.31914893617	0.0	0.0
-rur	0.747397391408	0.0504965896853	0.134378365442	0.0677276534642
-kro	0.144727375375	0.456533937368	0.239243212354	0.159495474903
-liv	0.0239043824701	0.96812749004	0.0	0.00796812749003
-omp	0.415545733489	0.347884469798	0.0414211792789	0.195148617434
-lip	0.259569845963	0.459211427834	0.148074690877	0.133144035326
-rut	0.00803643182427	0.429949102598	0.0	0.562014465577
-lis	0.0	0.743276283619	0.0146699266504	0.242053789731
-lil	0.0991024885446	0.158640097254	0.0467349677161	0.695522446485
-lim	0.362854086161	0.36587348193	0.151974550849	0.11929788106
-omi	0.0	0.566953006569	0.0	0.433046993431
-run	0.171002458631	0.37328032928	0.337664753338	0.118052458751
-lie	0.263809619656	0.684627591047	0.023982692696	0.0275800966004
-lia	0.132910362779	0.852448348788	0.00976085895558	0.00488042947779
-ome	0.415384615385	0.584615384615	0.0	0.0
-lnk	0.968276856525	0.0129776496035	0.00432588320115	0.0144196106705
-:15	0.489406779661	0.466101694915	0.0444915254237	0.0
-rno	1.0	0.0	0.0	0.0
-eam	0.0529492455419	0.868587105624	0.0641975308642	0.0142661179698
-urk	0.284796821026	0.497984286503	0.119112591408	0.0981063010627
-uro	0.0392156862745	0.823529411765	0.137254901961	0.0
-ura	0.162790697674	0.678294573643	0.158914728682	0.0
-rga	0.0	0.980295566502	0.0	0.0197044334975
-kya	0.614795166519	0.224285293251	0.148541114058	0.0123784261715
-kye	0.26714801444	0.678700361011	0.0108303249097	0.043321299639
-urp	0.68534017987	0.228992297646	0.0594682316271	0.0261992908567
-pai	0.473850031506	0.40138626339	0.0661625708885	0.0586011342155
-apa	0.285714285714	0.551226551227	0.0836940836941	0.0793650793651
-pal	0.112092839246	0.819992087564	0.0204404589213	0.0474746142688
-war	0.409712256694	0.0634996056329	0.0150351762734	0.5117529614
-pan	0.317819997747	0.611553336087	0.070626666166	0.0
-wap	0.527080608665	0.392248448236	0.0260011210064	0.0546698220921
-apo	0.285714285714	0.467032967033	0.137362637363	0.10989010989
-apm	0.0467704477046	0.333504305198	0.0127156598593	0.607009587238
-apu	0.685981308411	0.269158878505	0.0224299065421	0.0224299065421
-pap	0.629151291513	0.309963099631	0.0608856088561	0.0
-par	0.465835411471	0.433416458853	0.0239401496259	0.0768079800499
-pas	0.0229885057471	0.969348659004	0.0	0.00766283524904
-wak	0.545350759783	0.142276198725	0.0407841902213	0.271588851271
-nun	0.219833119384	0.461649550706	0.222240051348	0.0962772785623
-sen	0.6	0.4	0.0	0.0
-ken	0.0890374435031	0.599817759274	0.0332580586218	0.277886738601
-kem	0.361058834972	0.156443756082	0.0400634977072	0.442433911238
-kel	0.217021329975	0.25052086231	0.14360870772	0.388849099996
-sus	0.0	1.0	0.0	0.0
-kei	0.221416832278	0.0724534508837	0.0256098159542	0.680519900884
-sop	0.289184801722	0.230601416326	0.0432371013799	0.436976680572
-sun	0.261627906977	0.607558139535	0.078488372093	0.0523255813953
-ink	0.219870502487	0.506843078155	0.0540112084912	0.219275210867
-suk	0.364688856729	0.469543481121	0.16576766215	0.0
-ker	0.325952920779	0.359777581346	0.0834079769387	0.230861520936
-kep	0.152003217803	0.832128314405	0.0133629202464	0.00250554754619
-nus	0.156	0.556	0.192	0.096
-t'a	0.190075793463	0.257658297805	0.0884257066161	0.463840202116
-dia	0.0372888791402	0.902244644293	0.00438692695767	0.0560795496088
-sol	0.351299338949	0.444262177893	0.0728867635605	0.131551719597
-pso	0.191780821918	0.123287671233	0.684931506849	0.0
-uku	0.112359550562	0.797752808989	0.0898876404494	0.0
-ven	0.129943502825	0.83615819209	0.0225988700565	0.0112994350282
-klu	1.0	0.0	0.0	0.0
-vel	0.00852709953829	0.948483840106	0.0386215215673	0.0043675387879
-kli	0.404564315353	0.57468879668	0.0	0.0207468879668
-ant	0.0446991919184	0.0490171459078	0.00933239369985	0.896951268474
-nna	0.323420074349	0.17843866171	0.111524163569	0.386617100372
-uko	0.325731494929	0.305933352468	0.0669033357955	0.301431816807
-ukn	0.145641558321	0.219131455019	0.104033792058	0.531193194602
-tit	0.189045988693	0.565159144403	0.0876470001392	0.158147866765
-tip	0.242292617727	0.220133110799	0.100143042763	0.437431228711
-aip	0.454545454546	0.170454545455	0.112012987013	0.262987012987
-ais	0.0297879500587	0.911925170686	0.00541223503147	0.0528746442235
-air	0.0	0.9925	0.0	0.00749999999999
-ket	0.518827097475	0.290141349281	0.0763241295535	0.114707423691
-tie	0.21034286823	0.295921337103	0.104946227618	0.388789567049
-aia	0.0779122062456	0.858237790587	0.0159625007918	0.0478875023753
-tia	0.041928721174	0.958071278826	0.0	0.0
-aim	0.417093372141	0.312078909071	0.0489588386425	0.221868880145
-ail	0.455830388693	0.100706713781	0.443462897526	0.0
-tin	0.716336562216	0.230892003634	0.0335169919603	0.01925444219
-ain	0.104197789065	0.846698536002	0.015386913654	0.0337167612788
-aik	0.212969063657	0.467693485602	0.196375514475	0.122961936265
-tik	0.431868472234	0.285102393316	0.0943430448164	0.188686089633
-eme	0.261205105373	0.564658157712	0.174136736915	0.0
-uwe	0.388409134523	0.307618499328	0.185760890424	0.118211475724
-ema	0.00970873786408	0.95145631068	0.0388349514563	0.0
-uwa	0.502902295622	0.306582281641	0.0524285660787	0.138086856658
-uwo	0.0	1.0	0.0	0.0
-kes	0.862487349579	0.0283470440264	0.00647429609269	0.102691310302
-uwi	0.654496883348	0.276936776491	0.0231522707035	0.0454140694568
-uwu	0.167212725703	0.767622764399	0.0165136163172	0.0486508935811
-emp	0.246896803724	0.228050427529	0.0374325599447	0.487620208803
-ems	0.00275040110015	0.996791198716	0.0	0.000458400183359
-dam	0.76	0.0	0.24	0.0
-uie	0.112637362637	0.68956043956	0.0164835164835	0.181318681319
-rus	0.0207151635586	0.959864370605	0.0155363726689	0.00388409316724
-kne	0.437908496732	0.424836601307	0.078431372549	0.0588235294118
-rup	0.875599152826	0.109909709063	0.0144911381117	0.0
-ets	0.350210970464	0.599156118143	0.0	0.0506329113924
-000	0.129750859934	0.194705609481	0.016680087175	0.658863443411
-eta	0.39114658926	0.572931785196	0.0359216255443	0.0
-tno	0.349731187413	0.504027894674	0.071419983167	0.0748209347464
-ete	0.175322641576	0.744847582731	0.0492720586099	0.0305577170828
-eti	0.141854190708	0.0396713000151	0.00871820060108	0.809756308676
-etn	0.437630185689	0.126104816372	0.0180712352713	0.418193762668
-atu	0.230792823187	0.636942186781	0.0440883300107	0.0881766600215
-bul	0.0	0.695431472081	0.304568527919	0.0
-wes	0.612244897959	0.366643209008	0.0211118930331	0.0
-pmu	0.111111111111	0.760683760684	0.0512820512821	0.0769230769231
-uye	0.208365704987	0.107162942955	0.0327881681916	0.651683183867
-wei	0.474418872931	0.317240583723	0.0669089231124	0.141431620234
-pmo	0.385542168675	0.469879518072	0.10843373494	0.0361445783133
-ata	0.0781439063511	0.910037425782	0.0	0.0118186678673
-atn	0.291666666666	0.458333333334	0.25	0.0
-ato	0.382701642616	0.494166692949	0.046362533797	0.076769130638
-ati	0.151599499838	0.44191132492	0.0791031970971	0.327385978144
-ulk	0.357798165138	0.449541284404	0.0	0.192660550459
-nip	0.290912850202	0.480356064357	0.101922334006	0.126808751435
-uli	0.463512208581	0.464064008829	0.0	0.0724237825906
-kan	0.123709951409	0.189580731682	0.0145793508703	0.672129966039
-kam	0.548387096774	0.451612903226	0.0	0.0
-kal	0.0273300630694	0.972669936931	0.0	0.0
-oso	0.308053284893	0.439903118377	0.0976385104451	0.154405086285
-ula	0.194874747868	0.601449709198	0.14081272104	0.062862821893
-osi	0.310810810811	0.608108108108	0.0	0.0810810810811
-ule	0.0387158199415	0.113016883597	0.0313674546603	0.816899841801
-nia	0.25682911202	0.42953669085	0.0515982778761	0.262035919254
-nep	0.603510530117	0.227506521451	0.152889334296	0.0160936141364
-nie	0.261238714892	0.590194229693	0.0518489052457	0.0967181501699
-nik	0.173235774016	0.656970222313	0.0137670813788	0.156026922292
-ulp	0.212881484976	0.096810702318	0.01449163807	0.675816174636
-nin	0.207991232041	0.569216840199	0.0435252912725	0.179266636487
-nio	0.238917395604	0.406357144562	0.0543851823631	0.300340277471
-nil	0.408421822021	0.266684262888	0.110856191501	0.21403772359
-nim	0.291503921123	0.356011116521	0.133701192618	0.218783769738
-aai	0.402684563758	0.0805369127517	0.140939597315	0.375838926175
-fik	0.0407549062637	0.875666185968	0.0534829769892	0.0300959307794
-iap	0.14164305949	0.773371104816	0.0	0.0849858356941
-ilu	0.120805369128	0.704697986577	0.0	0.174496644295
-yum	0.550467635892	0.206076179893	0.0552057289256	0.188250455289
-kua	0.523160731824	0.191430072406	0.0119915031635	0.273417692606
-ilp	0.784	0.178666666667	0.0	0.0373333333333
-yun	0.615384615385	0.230769230769	0.153846153846	0.0
-wel	0.0861066257072	0.445925721712	0.0333123285153	0.434655324065
-ile	0.173112350247	0.208323425724	0.0302013377282	0.588362886302
-ila	0.428519148976	0.0770219743911	0.017809372547	0.476649504085
-ilo	0.134615384615	0.673076923077	0.0	0.192307692308
-ill	0.071988595866	0.748396293656	0.179615110478	0.0
-vit	0.047950310559	0.88347826087	0.000496894409937	0.0680745341614
-ili	0.0171279373368	0.975561357702	0.00125326370757	0.00605744125326
-oam	0.0	1.0	0.0	0.0
-amp	0.339880771748	0.300396112973	0.0630090890272	0.296714026252
-amu	0.350925676758	0.145934309152	0.0230701083358	0.480069905754
-lmo	0.885714285714	0.0	0.0	0.114285714286
-lmp	0.150914905017	0.525999511373	0.119137039596	0.203948544014
-ama	0.257244467861	0.659773445732	0.0663856691254	0.0165964172813
-oas	0.0494037478706	0.927597955707	0.00255536626916	0.0204429301533
-oap	0.0	0.942028985507	0.0	0.0579710144927
-eik	0.293323891849	0.125344505208	0.0630023344646	0.518329268478
-eim	0.392322681636	0.359148421959	0.148422961415	0.10010593499
-iri	0.191331511128	0.51845556653	0.139881020741	0.150331901601
-irk	0.839449541284	0.111402359109	0.0442332896461	0.00491480996068
-ire	0.442658196345	0.414993213544	0.0551026800429	0.0872459100679
-ira	0.418110771322	0.412844036697	0.0535168195718	0.115528372409
-yie	0.32	0.68	0.0	0.0
-eip	0.304983931605	0.227335135992	0.0368532783754	0.430827654028
-his	0.0877337507208	0.501688771727	0.223741659115	0.186835818436
-irp	0.560207336523	0.302631578947	0.043062200957	0.0940988835725
-epe	0.124737226311	0.119710086076	0.0113730480131	0.744179639599
-epm	0.273642315465	0.315870067611	0.108581637347	0.301905979576
-epi	0.85	0.03	0.0	0.12
-tum	0.397074190178	0.602925809822	0.0	0.0
-kaa	0.589270008795	0.145118733509	0.0633245382586	0.202286719437
-wim	0.405805038335	0.231106243154	0.320372398686	0.0427163198248
-pie	0.241187616529	0.0859240592134	0.0295514526146	0.643336871643
-ius	0.161725286329	0.787507107465	0.0280237186256	0.0227438875802
-rim	0.866580310881	0.0945595854922	0.0	0.038860103627
-pil	0.482462074314	0.166974107463	0.0454324262582	0.305131391965
-iut	0.0	1.0	0.0	0.0
-pin	0.0881570968795	0.882457204161	0.0293856989598	0.0
-pip	0.398990408884	0.412014134276	0.0866229177183	0.102372539122
-pir	0.604144337263	0.308681672026	0.00857449088962	0.0785994998214
-pis	0.0661157024794	0.719008264463	0.0330578512397	0.181818181818
-ium	0.0948940945435	0.835671202132	0.0	0.0694347033244
-yak	0.536468120439	0.143381549622	0.302844906699	0.01730542324
-wit	0.146991458694	0.822040643803	0.0207866709264	0.0101812265762
-wip	0.401515151515	0.598484848485	0.0	0.0
-'el	0.365079365079	0.333333333333	0.031746031746	0.269841269841
-wun	0.0372601458369	0.742595328104	0.0144930349724	0.205651491086
-rnk	0.0345719106967	0.279031612346	0.677753499284	0.00864297767417
-uel	0.180169934956	0.176049108315	0.0546834349789	0.589097521751
-uei	0.319068086475	0.114365030121	0.0431826197659	0.523384263638
-iii	0.352380952381	0.219047619048	0.171428571429	0.257142857143
-owa	0.123570261438	0.790645424837	0.0204248366013	0.0653594771242
-kmp	0.747572815534	0.157766990291	0.0946601941747	0.0
-dim	0.210526315789	0.789473684211	0.0	0.0
-kar	0.819493177388	0.164912280702	0.0	0.0155945419103
-min	0.328821737791	0.363779473666	0.0717292358235	0.235669552719
-ija	0.0122448979592	0.987755102041	0.0	0.0
-rta	0.00635424940429	0.96981731533	0.0	0.0238284352661
-anu	0.251396648045	0.612662942272	0.0577281191806	0.0782122905028
-ona	0.0995951223519	0.0729089346922	0.00672922657627	0.82076671638
-0el	0.0	0.0	0.0	1.0
-dap	0.0	1.0	0.0	0.0
-onk	0.147294458703	0.750521713207	0.078796684337	0.023387143753
-das	0.0545745517672	0.927116391353	0.00284807551469	0.0154609813655
-ana	0.290963179939	0.177744043305	0.0237538295019	0.507538947254
-dan	0.0233918128655	0.976608187134	0.0	0.0
-kau	0.247858942065	0.723425692695	0.0287153652393	0.0
-ani	0.0722782380961	0.866442386127	0.00314253209113	0.058136843686
-ank	0.176293282523	0.314838176146	0.0393061657796	0.469562375551
-tam	0.0	1.0	0.0	0.0
-tan	0.040977864732	0.869132518446	0.0693837119237	0.0205059048983
-tai	0.434782608696	0.217391304348	0.202898550725	0.144927536232
-yip	0.444628099174	0.310192837466	0.135537190083	0.109641873278
-yis	0.0373831775701	0.96261682243	0.0	0.0
-yir	0.386702061965	0.333460014374	0.0273738186894	0.252464104972
-yim	0.610397600503	0.153551397598	0.0612267378727	0.174824264026
-yii	0.121771217712	0.808118081181	0.0295202952029	0.0405904059041
-tat	0.0468384074941	0.934426229508	0.0187353629976	0.0
-arm	0.0	0.166666666666	0.666666666667	0.166666666667
-tap	0.195121951219	0.780487804878	0.0	0.0243902439024
-tas	0.12	0.862857142857	0.0	0.0171428571429
-mia	0.0	0.833333333333	0.0	0.166666666667
-rmp	0.110694502097	0.759843392793	0.101398875799	0.0280632293107
-mim	0.739069582837	0.0755572267135	0.068809926678	0.116563263771
-mil	0.537466620376	0.219966250397	0.052188093073	0.190379036154
-ens	0.156351791531	0.785016286645	0.0195439739414	0.0390879478827
-mip	0.0322580645161	0.435483870968	0.0	0.532258064516
-mir	0.335530156869	0.407145963427	0.236132501376	0.0211913783286
-enk	0.266899687098	0.547347849848	0.0700702224046	0.11568224065
-ena	0.654952076677	0.191693290735	0.038338658147	0.115015974441
-sar	0.0211075242116	0.971442761361	0.0	0.00744971442761
-oel	0.337639759784	0.386556129509	0.142564137164	0.133239973544
