kud-	0.269800175429	0.228136253131	0.0572021552405	0.4448614162
omo-	0.11685253622	0.821663341727	0.0202766785492	0.0412074435033
neu-	0.0	1.0	0.0	0.0
dla-	0.66598079561	0.133744855967	0.200274348422	0.0
imt-	0.782492824928	0.163386633866	0.050020500205	0.00410004100041
ugx-	0.188254177204	0.770522280343	0.0290989711435	0.0121245713098
wôb-	0.374209860936	0.284450063211	0.0758533501896	0.265486725664
wur-	1.0	0.0	0.0	0.0
vas-	0.0	1.0	0.0	0.0
nyu-	0.333800728862	0.149972002166	0.261446983119	0.254780285853
ùse-	0.0	0.75	0.0	0.25
aro-	0.0	0.821428571429	0.142857142857	0.0357142857143
ued-	0.0	1.0	0.0	0.0
umf-	0.059111690403	0.759332113632	0.0436143031955	0.13794189277
nqw-	0.117122253987	0.253249181983	0.0148302369438	0.614798327086
lur-	0.425512104283	0.434823091248	0.139664804469	0.0
beq-	0.452633866843	0.335593157634	0.0547074791552	0.157065496367
uof-	0.0	1.0	0.0	0.0
myu-	0.0427046263345	0.11743772242	0.0711743772242	0.768683274021
umt-	0.195742077749	0.720993589195	0.0232099943545	0.0600543387014
ùkh-	0.508021390374	0.0	0.0	0.491978609626
ùbe-	0.398076923077	0.601923076923	0.0	0.0
mpr-	0.0642615558061	0.862457722661	0.0191657271702	0.054114994363
ihl-	0.141316124895	0.736440574752	0.0678486770403	0.0543946233129
neg-	0.0330882516297	0.916963009063	0.0209696372591	0.0289791020477
sog-	0.202614379085	0.692810457516	0.104575163399	0.0
uit-	0.0	0.882352941176	0.0	0.117647058824
bay-	0.307786135793	0.0971791938537	0.0265899969441	0.568444673409
lij-	0.381238310857	0.339009745054	0.0385864750467	0.241165469042
iit-	0.0277617872609	0.894177169785	0.02429915734	0.0537618856146
lor-	0.238095238095	0.761904761905	0.0	0.0
fes-	0.0458225141286	0.883610814113	0.070566671758	0.0
abr-	0.0721705850191	0.865500273373	0.0229633679606	0.0393657736468
bik-	1.0	0.0	0.0	0.0
zaq-	0.622363452151	0.234226766142	0.100580270793	0.0428295109146
cul-	0.418004587156	0.551892201835	0.0301032110092	0.0
zac-	0.521958243341	0.2812574994	0.133189344852	0.063594912407
lod-	0.396836447687	0.135871230054	0.036898827592	0.430393494667
wod-	0.244644065936	0.392158656397	0.0363069210926	0.326890356574
naw-	0.0937430874549	0.0710416930824	0.0168391795209	0.818376039942
adl-	0.689265686874	0.152709490525	0.0511866478858	0.106838174715
aqe-	0.345653661875	0.308692676249	0.289185489391	0.0564681724846
ety-	0.341659384003	0.484726343527	0.107438950233	0.0661753222371
olw-	0.352819283247	0.512045964091	0.0711133394117	0.0640214132503
bec-	0.585474146661	0.25378180062	0.0446805527427	0.116063499977
ler-	0.173462676751	0.734462347912	0.041104899704	0.0509700756331
kov-	0.292255511589	0.444884115319	0.180893159977	0.0819672131147
osh-	0.711345115885	0.178458037888	0.0324108371256	0.0777860091015
wâz-	0.25	0.16935483871	0.0483870967742	0.532258064516
laj-	0.219512195122	0.59756097561	0.182926829268	0.0
oma-	0.164534712103	0.18680382391	0.0182206472827	0.630440816705
noy-	0.0576113018009	0.859723057203	0.0145998539358	0.0680657870599
bhu-	0.531015762362	0.317838304698	0.0669360560165	0.0842098769241
chw-	0.489078822412	0.207027540361	0.2849002849	0.0189933523267
mij-	0.0	1.0	0.0	0.0
ngw-	0.0144787644788	0.651544401544	0.247104247104	0.0868725868726
mwi-	0.198973042362	0.762516046213	0.0	0.0385109114249
nig-	0.48372120035	0.244606266313	0.196578080486	0.075094452851
he--	0.578947368421	0.421052631579	0.0	0.0
âha-	0.896995708155	0.0	0.0	0.103004291845
ifa-	0.197377223605	0.230185928327	0.157900578895	0.414536269174
ent-	0.0711737638102	0.733915485054	0.101201077262	0.0937096738741
nge-	0.128242263792	0.38278017903	0.0500163329374	0.43896122424
bâs-	0.689655172414	0.29219600726	0.0	0.0181488203267
nkw-	0.175099206349	0.732308201058	0.0727513227513	0.0198412698413
nák-	0.367924528302	0.349056603774	0.0	0.283018867924
eso-	0.193098100743	0.190637216617	0.0716249841727	0.544639698467
zis-	0.434015755093	0.19411653794	0.0523542276419	0.319513479325
yhu-	0.247191011236	0.52808988764	0.112359550562	0.112359550562
yac-	0.504943086282	0.279867597475	0.154736647505	0.0604526687384
asi-	0.358786234856	0.22649918791	0.0699618281594	0.344752749074
eve-	0.225183945015	0.0387716438296	0.00916420672335	0.726880204432
mpe-	0.266078879005	0.0970636857436	0.0395575848225	0.597299850429
nwe-	0.461538461538	0.230769230769	0.307692307692	0.0
irh-	0.0456191910657	0.92991440432	0.00852283163734	0.0159435729767
nog-	0.0689601735627	0.77006818534	0.138888888889	0.0220827522083
eqo-	0.179330793189	0.672364179696	0.0392252107665	0.109079816348
mle-	0.0	0.897435897436	0.102564102564	0.0
mus-	0.411957116796	0.106864779243	0.0447915647701	0.436386539191
zem-	0.222712618051	0.611639440831	0.0955047283645	0.0701432127542
seo-	0.0	0.649122807017	0.350877192983	0.0
enj-	0.263276666733	0.260591863736	0.13007007647	0.346061393061
war-	0.697131997236	0.151405206174	0.0236120709514	0.127850725639
eka-	0.0175350415244	0.930956487965	0.00496921372188	0.0465392567885
uhu-	0.0078125	0.970052083333	0.0104166666666	0.01171875
agq-	0.44904372842	0.36932772966	0.111718971024	0.0699095708963
baf-	0.544959502157	0.205273236983	0.0634470311852	0.186320229675
kod-	0.0576807590229	0.0227146563743	0.010792692323	0.90881189228
zam-	0.13175730044	0.267582548411	0.0716729084375	0.528987242712
uba-	0.244423928278	0.562898236548	0.0301138424614	0.162563992713
wor-	0.310378273521	0.485935984481	0.0145489815713	0.189136760427
dod-	0.428571428572	0.571428571428	0.0	0.0
gxo-	1.0	0.0	0.0	0.0
úba-	0.0	1.0	0.0	0.0
ias-	0.00501672240803	0.969481605351	0.0104515050167	0.0150501672241
ku--	0.015625	0.984375	0.0	0.0
ole-	0.321843928894	0.495370091393	0.157477151752	0.0253088279602
use-	0.319985801773	0.432997248719	0.0586627906106	0.188354158897
uni-	0.281104812441	0.595469353711	0.0440849098391	0.0793409240089
koj-	0.0932642487046	0.692573402418	0.203799654577	0.0103626943005
na-	0.729166666667	0.0833333333333	0.0416666666667	0.145833333333
bhi-	0.380969411369	0.54098119241	0.0559599444608	0.0220894517608
san-	0.516660098472	0.276014169246	0.0705621127728	0.136763619509
yaq-	0.535995721032	0.191659675487	0.151559002502	0.120785600979
ith-	0.283396588696	0.321634876904	0.0596402597223	0.335328274678
alw-	0.47140348076	0.314641545585	0.0258661983075	0.188088775347
mae-	0.0520718738541	0.881921525486	0.04400440044	0.02200220022
sej-	0.536516853933	0.337078651685	0.00842696629214	0.11797752809
cal-	0.126794258373	0.442583732057	0.129186602871	0.301435406699
nke-	0.507428859229	0.439687736087	0.0528834046839	0.0
jwi-	0.0677966101694	0.847457627119	0.0847457627119	0.0
lwa-	0.179187319543	0.234832489794	0.0689866095371	0.516993581126
tsh-	0.351583623021	0.518829663963	0.0455774430282	0.0840092699884
ego-	0.130712259691	0.720124344612	0.07846746698	0.0706959287167
lum-	0.462664247323	0.280331425528	0.129540967167	0.127463359982
mes-	0.0	1.0	0.0	0.0
sed-	0.188534832865	0.370977819431	0.117150890347	0.323336457357
adi-	0.450109634639	0.344622619079	0.0841412833857	0.121126462896
ami-	0.531984189723	0.298687747035	0.0561264822135	0.113201581028
kax-	0.241379310345	0.413793103448	0.344827586207	0.0
àye-	0.0519618239661	0.769883351007	0.0445387062566	0.13361611877
agc-	0.545508744038	0.349165341812	0.0874403815581	0.0178855325914
emc-	0.355515041021	0.495290185354	0.0808264965056	0.0683682771194
okh-	0.36218170142	0.253338668717	0.278685792961	0.105793836903
woy-	0.504324616935	0.216766912771	0.201385651775	0.0775228185194
ion-	0.0	1.0	0.0	0.0
gid-	0.0	1.0	0.0	0.0
u-u-	0.0130718954248	0.985620915033	0.00130718954248	0.0
uke-	0.0317772565635	0.950064311114	0.0136188242415	0.00453960808051
uhi-	0.0090692124105	0.99093078759	0.0	0.0
wan-	0.592744623354	0.142899769371	0.0471892797691	0.217166327506
yow-	0.350609756098	0.45399113082	0.0900776053215	0.105321507761
egq-	0.39353521606	0.285539299081	0.239401156856	0.0815243280027
icw-	0.0699403286878	0.774636718673	0.147096723034	0.00832622960569
unc-	0.414718579458	0.373951291032	0.0304227417121	0.180907387798
ko--	0.0	1.0	0.0	0.0
bun-	0.319465941739	0.282833242979	0.203643758626	0.194057056656
ili-	0.117030407591	0.758839898025	0.0154399293305	0.108689765053
ùma-	0.778443113772	0.101796407186	0.0718562874252	0.0479041916167
gat-	0.0898203592814	0.910179640719	0.0	0.0
kaj-	0.0115865113041	0.980400141876	0.00157639609579	0.00643695072448
yem-	0.189343739087	0.691961496133	0.0531981011124	0.0654966636677
sat-	0.410597727115	0.163465476607	0.0360583484382	0.38987844784
eya-	0.27867435399	0.291530389952	0.0905571926918	0.339238063366
the-	0.578232828559	0.316129932669	0.0289112442955	0.0767259944765
ani-	0.483937244475	0.203225911555	0.0772251292223	0.235611714748
upi-	0.0341809740154	0.868047198228	0.0553304516873	0.042441376069
igq-	0.367851598882	0.469419434958	0.101769636759	0.0609593294008
kuv-	0.533634578894	0.17822226939	0.10788872335	0.180254428367
iqi-	0.513547415956	0.232563973909	0.193677872554	0.0602107375814
eku-	0.324756277959	0.342197847502	0.0837613224895	0.249284552049
ele-	0.218981148226	0.337022955441	0.346283788293	0.0977121080407
erh-	0.382255491471	0.431586697754	0.168364216468	0.0177935943061
sov-	0.288294797688	0.177023121387	0.466040462428	0.0686416184971
ban-	0.316507964148	0.320612605645	0.114633998169	0.248245432038
iig-	0.0248914456398	0.969300550378	0.0	0.00580800398265
ndl-	0.0741932219168	0.561137675207	0.0214482112095	0.343220891667
ise-	0.277268223383	0.478618360944	0.078119072559	0.165994343114
uew-	0.135766170875	0.181079211346	0.0449671393981	0.638187478381
wen-	0.194099498542	0.171032848765	0.0152677192495	0.619599933444
oah-	0.0	1.0	0.0	0.0
sev-	0.631693989071	0.2	0.0459016393443	0.122404371585
ale-	0.495423869207	0.320451366729	0.0719620330514	0.112162731013
bup-	0.327642421254	0.371917192465	0.0620600797915	0.238380306489
ugw-	0.388002343435	0.462002665201	0.0705246318653	0.0794703594987
sid-	0.360123184189	0.168318058121	0.0540341043356	0.417524653354
bon-	0.0692553478864	0.109009758623	0.00712729743313	0.814607596057
ezu-	0.025605035657	0.854354689756	0.0188537078959	0.101186566691
luc-	0.364370536235	0.585009179569	0.0372488883701	0.0133713958251
net-	0.112863972516	0.726584295146	0.0993366132681	0.06121511907
si-	0.378630705394	0.439834024896	0.0363070539419	0.145228215768
adu-	0.464683544304	0.465063291139	0.0607594936709	0.00949367088608
uog-	0.0	1.0	0.0	0.0
luq-	0.500910746813	0.34226452788	0.0890181561784	0.0678065691286
iqw-	0.300721732157	0.330392943064	0.288692862871	0.0801924619086
ngx-	0.253485448161	0.423063474586	0.134671467682	0.18877960957
ove-	0.215856148768	0.100295394619	0.058166967348	0.625681489265
vit-	0.187969924812	0.586466165414	0.225563909774	0.0
var-	0.666666666667	0.333333333333	0.0	0.0
omp-	0.648727533412	0.244508167341	0.0491576629628	0.0576066362845
siv-	0.393567994678	0.184078192507	0.076974926607	0.345378886209
uqw-	0.676763945327	0.175471001108	0.0258588843738	0.121906169191
ukw-	0.460893954851	0.267751114145	0.0575865041394	0.213768426865
ina-	0.176583657727	0.642336079109	0.0603407415392	0.120739521624
ool-	0.0	1.0	0.0	0.0
emy-	0.0953158865677	0.788359959057	0.0442631268679	0.0720610275075
umg-	0.139369403638	0.75133739079	0.0361216270884	0.0731715784834
uwe-	0.380776971309	0.531949984379	0.023700022523	0.0635730217892
umu-	0.0	1.0	0.0	0.0
bep-	0.428320467423	0.222478332877	0.0352448632331	0.313956336468
eju-	0.31990521327	0.597156398104	0.0829383886258	0.0
mde-	0.58064516129	0.41935483871	0.0	0.0
emj-	0.282051282051	0.410256410256	0.102564102564	0.205128205128
imk-	0.427951684246	0.264545763865	0.169700578428	0.13780197346
ino-	0.299812334635	0.429728757669	0.175735972281	0.0947229354139
eng-	0.276506416033	0.391166463061	0.142139249194	0.190187871712
iiu-	0.0	1.0	0.0	0.0
efu-	0.492456654482	0.275864357629	0.0341620376989	0.197516950191
isw-	0.249169435216	0.352159468439	0.398671096346	0.0
thw-	0.384937238494	0.419107391911	0.110181311018	0.0857740585774
sah-	0.454832286164	0.199110739323	0.0390483637785	0.307008610735
ece-	0.582841351589	0.287777917347	0.0665745509358	0.0628061801281
gix-	0.0	0.5	0.25	0.25
emk-	0.233109527632	0.587372606066	0.00791095682008	0.171606909482
no--	0.00869461648405	0.981685417965	0.00384798622054	0.00577197933082
kwê-	0.585216392187	0.192454998085	0.0183837610111	0.203944848717
ma--	0.262127585253	0.596926077401	0.0806904682201	0.0602558691254
eha-	0.495996926304	0.237006884664	0.0211524283237	0.245843760709
sod-	0.280249565306	0.129743275033	0.0297637312059	0.560243428455
zap-	0.356287354101	0.261606679752	0.0648312942189	0.317274671928
obu-	0.182842790058	0.203831487382	0.426412603786	0.186913118774
can-	0.551724137931	0.310344827586	0.0	0.137931034483
zab-	0.110089305951	0.188345934599	0.0452090868832	0.656355672567
lig-	0.143743904656	0.724294908119	0.0552877752003	0.0766734120243
nav-	0.728175440931	0.153961554074	0.0870715087697	0.0307914962251
osi-	0.296690121229	0.307081178622	0.268011771687	0.128216928462
log-	0.238419618529	0.598092643052	0.0953678474114	0.0681198910082
kow-	0.213216286391	0.321910160448	0.309964524505	0.154909028656
leq-	0.10393258427	0.794943820225	0.101123595506	0.0
uqe-	0.159817351598	0.830827486357	0.00935516204476	0.0
nef-	0.333142109732	0.478120195507	0.140549347163	0.0481883475986
iho-	0.306999444489	0.627529561146	0.0416633600508	0.0238076343148
nox-	0.028933273983	0.946225751332	0.00473845181856	0.0201025228666
omb-	0.391596084039	0.294907050929	0.20129798702	0.112198878011
ipa-	0.0107068042517	0.973465745985	0.001396539685	0.0144309100784
ijo-	0.0940634391371	0.755167446302	0.0318004996143	0.118968614946
nit-	0.377219584141	0.0912447968114	0.0361590028478	0.4953766162
nif-	0.606188731595	0.130181514815	0.0357438189633	0.227885934627
gob-	0.888888888889	0.111111111111	0.0	0.0
nti-	0.0459110473458	0.882352941176	0.0459110473458	0.025824964132
nah-	0.504892204585	0.231571002734	0.10267914649	0.16085764619
ong-	0.29084431891	0.322135805516	0.263669246809	0.123350628765
ity-	0.202750878471	0.591750792173	0.053680863758	0.151817465598
zir-	0.543300175541	0.329432416618	0.0789935634873	0.0482738443534
esh-	0.414262202871	0.477406720693	0.0416657986292	0.0666652778067
nàl-	0.435897435898	0.307692307692	0.25641025641	0.0
her-	0.25681492109	0.714490674318	0.0143472022956	0.0143472022956
beb-	0.379221583534	0.219941713919	0.100322978681	0.300513723865
kwu-	0.0	1.0	0.0	0.0
ehl-	0.244570431679	0.501341553873	0.0299860684018	0.224101946046
nof-	0.339236679491	0.596353167716	0.0142006935134	0.0502094592798
ieg-	0.0	1.0	0.0	0.0
wuk-	0.661117552868	0.327287283971	0.0	0.0115951631605
idl-	0.48877769657	0.359263631991	0.0831506156181	0.0688080558211
eba-	0.285846485356	0.503274663466	0.0543334019469	0.156545449232
uyu-	0.0166053545882	0.967555691805	0.00153280196198	0.0143061516452
hay-	0.244808916716	0.0540583458101	0.0175317211863	0.683601016288
zoz-	0.169589900877	0.14856698895	0.0552740087748	0.626569101397
zel-	0.111644087206	0.683368985113	0.101877660379	0.103109267302
kûb-	0.507042253522	0.492957746478	0.0	0.0
eko-	0.173285943773	0.694496124236	0.0377387452	0.0944791867909
agr-	0.00666032350142	0.970504281637	0.00380589914368	0.0190294957184
was-	0.320182670945	0.497764378982	0.0394892372268	0.142563712847
eni-	0.329521532178	0.181002813421	0.231358229579	0.258117424822
úts-	0.656346749226	0.130030959752	0.0	0.213622291022
amx-	0.587642276423	0.255284552846	0.102872628726	0.0542005420054
koe-	0.122676579926	0.843866171004	0.0334572490707	0.0
oza-	0.280486864717	0.350769250177	0.0574582785504	0.311285606555
uxo-	0.101169585903	0.859155272052	0.0101315480195	0.0295435940248
zal-	0.203728628812	0.209831856442	0.0353242768616	0.551115237884
wos-	0.556543237708	0.19003918455	0.111654601227	0.141762976515
udl-	0.79895946897	0.101679477802	0.0254612698895	0.0738997833377
ogq-	0.362247856206	0.243950074766	0.317434160334	0.0763679086942
qal-	0.426986070718	0.397826419715	0.00803612429206	0.167151385275
kok-	0.140604349082	0.140340221384	0.0581157272541	0.66093970228
nxa-	0.277386713594	0.274417069952	0.103387593489	0.344808622965
zwi-	0.201623928083	0.397365259539	0.0248560420896	0.376154770289
ofi-	0.385466300428	0.134891716651	0.395472466693	0.0841695162285
kho-	0.155971481113	0.073596569893	0.0101809123739	0.76025103662
bân-	1.0	0.0	0.0	0.0
ief-	0.0129449838188	0.982740021575	0.00431499460626	0.0
maj-	0.135607321131	0.69925124792	0.0436772046589	0.121464226289
nih-	0.419317026432	0.187074259731	0.092291757271	0.301316956567
xum-	0.727272727273	0.272727272727	0.0	0.0
sek-	0.235092074151	0.525898623082	0.110572348889	0.128436953878
cam-	0.147525676937	0.595704948646	0.047619047619	0.209150326797
yan-	0.352017582278	0.379382003258	0.106834248393	0.161766166072
iak-	0.0	1.0	0.0	0.0
mix-	0.162162162162	0.837837837838	0.0	0.0
min-	0.0406013677424	0.835872395447	0.0335553591658	0.0899708776446
apr-	0.775609756098	0.0731707317073	0.0	0.151219512195
est-	0.0	1.0	0.0	0.0
lul-	0.3076245912	0.434250169891	0.162247950689	0.0958772882202
gwi-	1.0	0.0	0.0	0.0
see-	0.08785740224	0.804561178854	0.0325102251443	0.0750711937617
kay-	0.0166889387233	0.709882607801	0.00368963349641	0.269738819979
amn-	0.582369222853	0.168745046409	0.130656611683	0.118229119055
iaf-	0.0	1.0	0.0	0.0
zoh-	0.231607629428	0.613079019074	0.0953678474115	0.0599455040872
wuw-	1.0	0.0	0.0	0.0
hlu-	0.304766269478	0.329147571036	0.269477543538	0.0966086159487
max-	0.166874097675	0.363419126798	0.0838850998158	0.385821675711
eel-	0.0	1.0	0.0	0.0
uat-	0.00452488687783	0.864253393665	0.131221719457	0.0
iat-	0.0	0.882352941176	0.117647058824	0.0
kak-	0.201892026654	0.249570720827	0.0862983525642	0.462238899955
afe-	0.442081878769	0.415317888501	0.0232730350154	0.119327197715
gog-	0.0	1.0	0.0	0.0
vek-	0.350649350649	0.649350649351	0.0	0.0
egr-	0.28125	0.529605263158	0.139802631579	0.0493421052632
nye-	0.179903211103	0.193490510227	0.0457112561544	0.580895022516
ùsu-	0.634328358209	0.134328358209	0.0223880597015	0.208955223881
ear-	0.0280373831776	0.917537108301	0.0412314458494	0.0131940626718
iet-	0.0	1.0	0.0	0.0
ipe-	0.040185094983	0.886751095957	0.043838285436	0.0292255236239
iof-	0.0	0.96694214876	0.0330578512397	0.0
yeb-	0.0466317420498	0.873607319413	0.0332029808899	0.0465579576478
qul-	0.161412358134	0.573770491803	0.0	0.264817150063
yox-	0.0174052751372	0.963850582407	0.00535546927299	0.0133886731825
anz-	0.0629445234708	0.236842105263	0.614864864865	0.0853485064011
mta-	0.0	1.0	0.0	0.0
sag-	0.515253167516	0.356538407593	0.0192271728459	0.108981252046
uph-	0.342851020804	0.189125858108	0.162087846956	0.305935274131
iez-	0.0	1.0	0.0	0.0
njê-	0.398095238095	0.295817805383	0.0	0.306086956522
iza-	0.123694179118	0.723411943239	0.0338776431091	0.119016234534
sow-	0.366454196102	0.385162344386	0.110338955749	0.138044503762
qub-	0.478339841976	0.453818908364	0.0381436745073	0.0296975751521
ùmt-	0.676056338028	0.218309859155	0.0	0.105633802817
emz-	0.06325952762	0.863447705809	0.00800196971562	0.0652907968555
liz-	0.243446936367	0.546074263852	0.0455084486663	0.164970351115
iid-	0.0519341036916	0.899344705772	0.0213128567525	0.0274083337837
sew-	0.408533939766	0.311479824653	0.183844761292	0.0961414742889
rhi-	0.272727272727	0.727272727273	0.0	0.0
weo-	0.0	1.0	0.0	0.0
oda-	0.37421251575	0.379042419152	0.218395632087	0.0283494330114
men-	0.27396005131	0.5226314825	0.122778083196	0.0806303829943
àbe-	0.224618149146	0.658580413297	0.0426774483379	0.0741239892183
bus-	0.154559736866	0.608743568268	0.0369162121786	0.199780482687
ank-	0.54500682278	0.246059256238	0.0705961698324	0.138337751149
eib-	0.0	1.0	0.0	0.0
lub-	0.23387704746	0.45737419243	0.100084866369	0.20866389374
lup-	0.34268592467	0.286446903921	0.0923239250857	0.278543246322
imz-	0.892302381774	0.0455643769417	0.0414221608561	0.020711080428
gqu-	0.295926210607	0.527286702536	0.11145272867	0.065334358186
axu-	0.142928870293	0.596987447699	0.0351464435147	0.224937238494
new-	0.0427455379366	0.766758042998	0.0557550494826	0.134741369583
oom-	0.0616655921619	0.90144046381	0.0133411136889	0.0235528303396
wea-	0.105527638191	0.834170854271	0.0603015075376	0.0
ùva-	0.482014388489	0.431654676259	0.0863309352518	0.0
odw-	0.0415896487985	0.0619223659889	0.0249537892791	0.871534195934
bos-	0.229531020454	0.107600858854	0.105019776246	0.557848344446
vuz-	0.5	0.5	0.0	0.0
laz-	0.321688825509	0.185337168486	0.0435173463069	0.449456659698
mts-	0.171450965024	0.371509748212	0.42764769276	0.0293915940041
omq-	0.272479564033	0.683923705722	0.0	0.0435967302452
siw-	0.455715785184	0.384788543697	0.065447753703	0.0940479174153
ikh-	0.242829007144	0.452256805705	0.0875929024631	0.217321284687
nyw-	0.264705882353	0.441176470588	0.294117647059	0.0
nca-	0.364415925332	0.235875747411	0.0861017937875	0.313606533469
uaz-	0.0	1.0	0.0	0.0
yij-	0.149205989753	0.730418659948	0.0312084241515	0.0891669261472
mye-	0.595960510823	0.134589258219	0.0163028711167	0.253147359841
sun-	0.0	1.0	0.0	0.0
umd-	0.12225711148	0.795272240732	0.0295832369684	0.0528874108196
eti-	0.00921769798012	0.976755370311	0.00801538954793	0.00601154216094
umr-	0.168156239656	0.755047997352	0.0489904005296	0.0278053624628
bes-	0.417772891821	0.114046467414	0.0413412143486	0.426839426416
ùsi-	0.51890941073	0.322779243624	0.0	0.158311345646
gez-	0.0	0.666666666667	0.333333333333	0.0
ncw-	0.0663863903012	0.881012905749	0.00703949941337	0.0455612045366
evu-	0.532999761624	0.223866330926	0.130779285531	0.112354621918
âve-	0.371304347826	0.515652173913	0.0869565217391	0.0260869565217
imh-	0.268948655257	0.371332518337	0.00366748166259	0.356051344743
mpu-	0.0748752079867	0.845257903494	0.0599001663893	0.0199667221298
uiz-	0.0	0.979010494753	0.0	0.0209895052473
emh-	0.0330229786171	0.724821530636	0.0443422831594	0.197813207587
lih-	0.238698996981	0.494864154251	0.161308793456	0.105128055312
iir-	0.0	0.988814317673	0.0	0.0111856823266
pet-	0.0	1.0	0.0	0.0
zas-	0.115088214185	0.509672229917	0.0905263374153	0.284713218484
dax-	0.352941176471	0.294117647059	0.0	0.352941176471
lot-	0.236782887247	0.642284171233	0.0546422047494	0.0662907367696
zea-	0.0102739726027	0.969178082192	0.0205479452055	0.0
ish-	0.294788645816	0.360585219332	0.0774751975047	0.267150937348
mbh-	0.26113709082	0.630691607187	0.0527935023382	0.0553777996555
awa-	0.54746599823	0.246663566148	0.0486878897349	0.157182545887
ere-	0.0216216216216	0.967567567568	0.0	0.0108108108108
nay-	0.091881069202	0.0385756619865	0.0104244687323	0.859118800079
emf-	0.105310995346	0.740918239437	0.10545785848	0.0483129067373
lif-	0.4798447663	0.363208797483	0.0627867303732	0.0941597058444
chu-	0.296403472509	0.186854071931	0.161223646135	0.355518809425
lep-	0.0124852604564	0.924949712145	0.00638135534439	0.0561836720538
ndâ-	0.64546899841	0.298887122417	0.0556438791733	0.0
kot-	0.199648034439	0.547312345241	0.018645676519	0.234393943801
ony-	0.468193384224	0.347606552163	0.127385496183	0.05681456743
dav-	0.0	1.0	0.0	0.0
eof-	0.100407055631	0.899592944369	0.0	0.0
lof-	0.485807698023	0.330410660326	0.0641501956705	0.11963144598
wob-	0.321439674068	0.258844806372	0.0546262893809	0.365089230179
omc-	0.385144429161	0.532324621733	0.0	0.082530949106
now-	0.192200667378	0.414890818669	0.30887306708	0.0840354468732
tan-	0.0842409424316	0.0222271615915	0.213380751278	0.680151144699
che-	0.16	0.84	0.0	0.0
úno-	0.645962732919	0.316770186335	0.0	0.0372670807454
ùzi-	0.666666666667	0.0	0.333333333333	0.0
kup-	0.246648591097	0.253647845397	0.0477899792939	0.451913584212
niw-	0.609100651318	0.241300445206	0.0542122267961	0.0953866766793
ohe-	0.0	1.0	0.0	0.0
vut-	0.62285012285	0.171814671815	0.12636012636	0.0789750789751
lah-	0.533349066145	0.258789022992	0.0674465646281	0.140415346234
ngu-	0.143827666206	0.527329916361	0.0195736331069	0.309268784326
gwe-	0.191483826208	0.46908334056	0.155580608794	0.183852224438
ifo-	0.0	0.833333333333	0.166666666667	0.0
enz-	0.347983965281	0.247535391477	0.139713255506	0.264767387735
kuj-	0.214394004405	0.660745444664	0.0127291970594	0.112131353872
ngc-	0.181514035611	0.25642377362	0.486458129751	0.0756040610181
úna-	0.110465116279	0.296511627907	0.0	0.593023255814
edl-	0.443882816842	0.334877074126	0.049620239765	0.171619869267
uqh-	0.431920805024	0.405561392449	0.0804090495202	0.082108753006
uja-	0.0359112479159	0.957676029242	0.0	0.00641272284211
nak-	0.221956732786	0.299888362137	0.104741684779	0.373413220298
niy-	0.395347952645	0.143788708523	0.0353093460846	0.425553992748
esi-	0.30034464211	0.277897915381	0.0872057942519	0.334551648257
mji-	0.0102494021182	0.339938503587	0.649812094295	0.0
aya-	0.238378118427	0.107122932316	0.0199614394572	0.6345375098
olu-	0.209719738768	0.255862848266	0.286839287152	0.247578125814
bee-	0.128078771377	0.754655014492	0.0509542152348	0.0663119988958
mlu-	0.377999174674	0.294434946649	0.211489712904	0.116076165773
noe-	0.0303295365951	0.949666280021	0.00631310730381	0.0136910760805
mme-	0.317981072555	0.496529968454	0.105993690852	0.0794952681388
wul-	0.696741854637	0.213032581454	0.0601503759398	0.0300751879699
ido-	0.0320082601962	0.924109447599	0.00361383582861	0.0402684563758
zeo-	0.0203424309205	0.810137311409	0.142397016443	0.0271232412273
idy-	0.116227793877	0.85699886607	0.0141741212045	0.0125992188484
han-	0.0072771376592	0.985445724682	0.0	0.00727713765919
zoy-	0.382165605095	0.398198989677	0.169119262025	0.0505161432023
ayo-	0.190969212685	0.0793963644135	0.0478729088254	0.681761514076
evi-	0.511997560613	0.135894168146	0.0549252937819	0.297182977459
amy-	0.367399741268	0.567917205692	0.0646830530401	0.0
usi-	0.29913951553	0.561616413763	0.051794791978	0.0874492787284
dad-	0.0116395078151	0.958430329232	0.0199534419687	0.00997672098437
ubo-	0.294159060255	0.566685763219	0.0586770927545	0.0804780837712
wop-	0.309386263111	0.578971177992	0.0195316692065	0.0921108896898
umq-	0.125899573571	0.810503828938	0.0340059760031	0.0295906214879
nku-	0.216516256645	0.475699509622	0.185766679029	0.122017554704
onk-	0.0300767817123	0.032953780743	0.0135515297691	0.923417907776
udo-	0.0575010315911	0.806644882782	0.0075825536164	0.128271532011
koz-	0.339768728004	0.560281548517	0.0492709904474	0.0506787330317
úph-	0.171394799054	0.539007092199	0.0	0.289598108747
kro-	0.295670538543	0.572333685322	0.0369588173178	0.0950369588173
tol-	0.344	0.464	0.0	0.192
ovi-	0.65306122449	0.163265306122	0.183673469388	0.0
nâs-	0.188841201717	0.25321888412	0.128755364807	0.429184549356
ulo-	0.321134981183	0.428890991677	0.0420881991496	0.207885827991
mqo-	0.10596144693	0.798250832937	0.0809138505473	0.0148738695859
koh-	0.3763148276	0.515249969541	0.0426430573042	0.0657921455549
ipr-	0.454545454545	0.454545454546	0.0	0.090909090909
qam-	0.0	1.0	0.0	0.0
uda-	0.073368608246	0.837038188521	0.00621053986375	0.0833826633693
uno-	0.367945250229	0.397850648535	0.125914964523	0.108289136712
ùce-	0.461538461538	0.0	0.538461538462	0.0
sal-	0.38051569318	0.276555370163	0.0560794858513	0.286849450806
mak-	0.517809118105	0.236622207688	0.0581805898252	0.187388084382
bho-	0.145615701171	0.808272660125	0.0334494038197	0.0126622348845
nik-	0.583959886241	0.186337328719	0.0933622030843	0.136340581956
miy-	0.353955375254	0.518255578093	0.0	0.127789046653
ujo-	0.0528808984973	0.874334068962	0.00396395889853	0.0688210736425
ega-	0.120693657807	0.775198711736	0.0103363267532	0.0937713037038
mio-	0.0	1.0	0.0	0.0
may-	0.465536860816	0.279135507485	0.0780490776144	0.177278554085
esu-	0.352076556656	0.274633602573	0.0392072658163	0.334082574955
cap-	0.375	0.625	0.0	0.0
mxh-	0.308641975309	0.506172839506	0.185185185185	0.0
gad-	0.619860356866	0.171321437807	0.0568916472717	0.151926558055
jik-	0.110104843575	0.323877303237	0.0252907442901	0.540727108898
amo-	0.504010695187	0.366310160428	0.0614973262032	0.0681818181818
kaz-	0.0025692410462	0.996916910745	0.000513848209239	0.0
wup-	0.42613385732	0.368388338613	0.0336848859125	0.171792918154
zoo-	0.0410240496233	0.800500252082	0.0828136823301	0.0756620159643
eem-	0.0893556465046	0.684607662523	0.15124270538	0.0747939855927
hun-	0.148686030429	0.518869788579	0.169432918395	0.163011262596
uag-	0.0133399209486	0.977766798419	0.0	0.0088932806324
ago-	0.474771553437	0.382863196928	0.0185405906503	0.123824658985
wah-	0.708256536259	0.0953529373296	0.0235772021352	0.172813324276
mnc-	0.190151895048	0.113743347515	0.533897345476	0.162207411961
mbe-	0.400499604274	0.514493470518	0.0121685793431	0.0728383458647
kal-	0.289461659572	0.0442026025111	0.00321273314837	0.663123004769
wun-	0.771428571429	0.228571428571	0.0	0.0
àyi-	0.0	1.0	0.0	0.0
qeq-	0.727272727273	0.0	0.272727272727	0.0
ind-	0.0820431980321	0.720468045949	0.0241733038726	0.173315452146
uca-	0.169536785901	0.621965615303	0.0751403683973	0.133357230399
god-	0.187074829932	0.622448979592	0.0136054421769	0.176870748299
oce-	0.793668469615	0.126789691378	0.0127266942412	0.0668151447661
emw-	0.354304635762	0.629139072848	0.0165562913907	0.0
alu-	0.383214163807	0.273359236883	0.213374942185	0.130051657125
eas-	0.00611184679637	0.969440766018	0.00458388509728	0.0198635020882
eze-	0.437918048316	0.137138627587	0.197327247472	0.227616076625
jos-	0.0339302544769	0.824693685203	0.0	0.14137606032
loz-	0.307857911733	0.562970936491	0.064585575888	0.064585575888
ewe-	0.191478750112	0.0931793388923	0.0332403090349	0.682101601961
yec-	0.201787648971	0.708829902492	0.0	0.0893824485373
any-	0.283256237114	0.405986920228	0.112938577058	0.197818265601
qum-	0.358669833729	0.178147268409	0.463182897862	0.0
yoy-	0.318597078675	0.303397226324	0.291631512339	0.0863741826619
ùve-	0.5	0.0	0.0	0.5
bav-	0.522841976772	0.237916595755	0.139427168	0.0998142594734
mgo-	0.727272727273	0.272727272727	0.0	0.0
bur-	0.111111111111	0.666666666667	0.222222222222	0.0
ile-	0.3945126749	0.476343607814	0.0242892819267	0.10485443536
sif-	0.410241839807	0.211976286232	0.0835652601171	0.294216613843
bol-	0.320436387074	0.439227152624	0.159319533797	0.0810169265051
phe-	0.0494128077455	0.0544137363539	0.0249951536135	0.871178302287
iie-	0.2	0.8	0.0	0.0
liy-	0.309857676506	0.217844719188	0.0582793016907	0.414018302615
sax-	0.486386898669	0.351893551689	0.0235414534289	0.138178096213
ecu-	0.457042665108	0.136762127411	0.353594389246	0.052600818235
ng-	0.0	0.785714285714	0.214285714286	0.0
yok-	0.205877545744	0.347648308563	0.0760379778414	0.370436167852
bah-	0.516971295959	0.205408429346	0.053541667734	0.22407860696
aco-	0.322832799187	0.312201985461	0.299304307043	0.0656609083093
sep-	0.165922144225	0.783024888322	0.0510529674537	0.0
sav-	0.585477788828	0.13453091331	0.0568177109232	0.223173586938
mnq-	0.120169469765	0.738798305302	0.0543715496213	0.0866606753113
ade-	0.113058055094	0.0600520042565	0.0233284505136	0.803561490136
fih-	0.375	0.625	0.0	0.0
iga-	0.100652099736	0.833466028047	0.00716130200895	0.0587205702081
aca-	0.429724277068	0.196735342667	0.0693892523078	0.304151127957
oxi-	0.15	0.8	0.05	0.0
ooj-	0.115894039735	0.884105960265	0.0	0.0
web-	0.185027433389	0.732124462108	0.00736427595579	0.0754838285468
six-	0.22389492303	0.426668476565	0.0965686129269	0.252867987479
eke-	0.0251714577557	0.971545308624	0.00109441120677	0.00218882241354
uqu-	0.298067745014	0.496968758868	0.147176431133	0.0577870649847
kug-	0.588384185213	0.262898526768	0.0717193214455	0.0769979665731
vov-	0.560747663552	0.439252336448	0.0	0.0
vat-	0.142857142857	0.857142857143	0.0	0.0
omr-	0.0	0.0	0.0	1.0
iki-	0.0688000676375	0.796136205111	0.106529136987	0.0285345902644
nje-	0.235129791476	0.122837397997	0.0292031664231	0.612829644104
nee-	0.0841783976621	0.797754793778	0.0721683399852	0.0458984685751
uhe-	0.0421302832865	0.889120607246	0.0368842372508	0.0318648722167
sot-	0.259617105028	0.253533726964	0.0610127035247	0.425836464484
biz-	0.757142857143	0.204761904762	0.0095238095238	0.0285714285714
yik-	0.395824230697	0.460551775794	0.110230322701	0.033393670807
ume-	0.269842708328	0.310731559831	0.0560669701772	0.363358761664
yir-	0.21186886153	0.746654677918	0.0298565961175	0.0116198644349
âth-	0.734513274336	0.132743362832	0.0	0.132743362832
oni-	0.558402427968	0.279999671304	0.0552017508539	0.106396149874
mdu-	0.275149900067	0.684876748834	0.0239840106596	0.0159893404397
uts-	0.468995567771	0.175752029674	0.00503795563864	0.350214446916
eth-	0.33647534343	0.191677625593	0.0798421324011	0.392004898576
ute-	0.0277402797763	0.941107534379	0.024921748676	0.00623043716901
ums-	0.13256836725	0.729603721852	0.0414445122468	0.0963833986509
low-	0.119447804859	0.114502560847	0.00202405391123	0.764025580382
evé-	0.425665101721	0.532081377152	0.0422535211268	0.0
xes-	0.135057393653	0.466924457766	0.00738953574546	0.390628612836
ber-	0.0	0.994884910486	0.00511508951406	0.0
uwi-	0.421430978322	0.363585308323	0.120633494328	0.0943502190273
ând-	0.233722871452	0.696160267112	0.0500834724541	0.0200333889816
quq-	1.0	0.0	0.0	0.0
emi-	0.126336854132	0.476635588411	0.188541239848	0.208486317609
iis-	0.183588689865	0.745834636173	0.00536025371868	0.0652164202439
iqu-	0.16806657535	0.550616390562	0.00633189465795	0.274985139431
mga-	0.187482478273	0.4702130642	0.0612559573872	0.28104850014
lay-	0.365327414405	0.0984077103826	0.0258400990064	0.510424776206
ane-	0.129996039549	0.188171504795	0.153942484013	0.527889971643
ahi-	0.0	1.0	0.0	0.0
qwe-	0.423476968797	0.526168070002	0.0107313851742	0.0396235760277
zar-	0.748466257669	0.153374233129	0.0	0.0981595092025
liw-	0.505385661746	0.319693687339	0.0585419920398	0.116378658874
isi-	0.136447397456	0.713823282692	0.0598383797242	0.0898909401276
otw-	0.0	1.0	0.0	0.0
nax-	0.192856357324	0.11486072489	0.0722612370583	0.620021680728
xhe-	0.408542246982	0.577530176416	0.00278551532033	0.0111420612813
zuk-	0.653465346535	0.243564356436	0.00792079207921	0.0950495049505
àna-	0.578383785987	0.35755307718	0.0285301419097	0.0355329949239
bat-	0.379735645753	0.0726291711782	0.0183138562149	0.529321326854
zib-	0.370416770687	0.182006496854	0.064430221522	0.383146510936
lie-	0.127272727273	0.872727272727	0.0	0.0
lew-	0.505655728525	0.423787658192	0.0705566132826	0.0
oso-	0.340111784992	0.373052681651	0.100130812225	0.186704721132
kus-	0.305109523836	0.284370803364	0.0409371969442	0.369582475856
àlu-	0.12	0.784	0.032	0.064
abe-	0.455617588804	0.164828828532	0.0305493158945	0.34900426677
woc-	0.758444216991	0.12107033192	0.0502997514256	0.0701856996636
bôn-	0.923076923077	0.0512820512821	0.025641025641	0.0
nov-	0.166546923646	0.685990413617	0.0906229066664	0.0568397560714
omd-	0.156687826736	0.12068334578	0.697908887229	0.0247199402539
tam-	0.8	0.2	0.0	0.0
imi-	0.101087280784	0.790189744116	0.0368217499478	0.0719012251518
uye-	0.0499795593693	0.778968299169	0.00306898660821	0.167983154853
kuq-	0.254592954371	0.110408436163	0.169311094941	0.465687514524
lag-	0.458832276747	0.522383971198	0.0	0.0187837520545
efe-	0.302617213234	0.469177690283	0.131168405393	0.0970366910903
niv-	0.57236143946	0.168052656891	0.0589288188129	0.200657084836
zâb-	0.291361639824	0.358711566618	0.240117130308	0.10980966325
uez-	0.077426015141	0.901927047488	0.0	0.020646937371
uqi-	0.53738317757	0.285981308411	0.0532710280374	0.123364485981
edo-	0.0413633355393	0.840678164052	0.00350371783393	0.114454782575
eny-	0.100063957052	0.269575557141	0.152907762866	0.477452722941
nod-	0.112820745803	0.770036148337	0.0514394205591	0.0657036853004
fel-	0.238185475642	0.496516136556	0.167342059998	0.0979563278039
nto-	0.19952332229	0.16607623344	0.00932967672488	0.625070767546
nix-	0.529504388229	0.327878162106	0.0982188951987	0.0443985544657
lâk-	0.0	1.0	0.0	0.0
eja-	0.0507706255665	0.881535207011	0.0676941674222	0.0
owê-	0.0	1.0	0.0	0.0
mdi-	0.170212765958	0.829787234042	0.0	0.0
bed-	0.480589796037	0.276665725488	0.0810053517891	0.161739126686
ebo-	0.325740720545	0.445959144886	0.141399301353	0.086900833216
oqo-	0.52734012975	0.222428174235	0.10812480692	0.142106889095
mfe-	0.0	0.824561403509	0.0	0.175438596491
wum-	0.0490466886748	0.064272721148	0.243347032271	0.643333557906
tim-	0.0629811056683	0.928621413576	0.00839748075577	0.0
zen-	0.0916038784194	0.224967433657	0.0254559197794	0.657972768145
shi-	0.160909973644	0.564433347205	0.196976002219	0.0776806769316
kwi-	0.139764937095	0.696198051535	0.0573302571184	0.106706754252
ejo-	0.0515079282828	0.798321069541	0.0359104570422	0.114260545134
iaz-	0.0	1.0	0.0	0.0
mol-	0.387096774194	0.225806451613	0.387096774193	0.0
zox-	0.0141301148072	0.93994701207	0.0	0.0459228731233
ham-	0.463971579441	0.438522667183	0.00647952989893	0.0910262234768
iya-	0.245925899846	0.114820161146	0.0447010683535	0.594552870654
hef-	0.0	1.0	0.0	0.0
zan-	0.355761476824	0.174056473617	0.0580471784337	0.412134871125
woq-	0.652420881796	0.285366513389	0.0216391668921	0.0405734379226
nâb-	0.125122125229	0.0743952813084	0.00429426386321	0.7961883296
naj-	0.0	1.0	0.0	0.0
oba-	0.50831666046	0.236653391483	0.093205672774	0.161824275282
oyo-	0.0645161290322	0.41935483871	0.516129032258	0.0
oga-	0.612733091377	0.222695010101	0.00724080596428	0.157331092557
lee-	0.125944387544	0.617506879903	0.0476855368139	0.208863195739
uxi-	0.125	0.625	0.25	0.0
jon-	0.236187316575	0.64131683042	0.0421079494704	0.0803879035344
jer-	0.0613019363627	0.757441103651	0.0113522104375	0.169904749549
nxo-	0.857142857143	0.0	0.142857142857	0.0
ivi-	0.151832642571	0.594190650397	0.218805714418	0.0351709926139
úya-	0.340482216598	0.136006394032	0.0412947915279	0.482216597842
ied-	0.0	1.0	0.0	0.0
nzo-	0.63768115942	0.188405797101	0.0	0.173913043478
ipu-	0.0	1.0	0.0	0.0
ogo-	0.245152354571	0.318559556787	0.436288088643	0.0
yeh-	0.0419683871199	0.822186213491	0.066506325017	0.069339074372
nij-	0.566490638502	0.145463274124	0.0784125460074	0.209633541367
hle-	0.121306663348	0.0312418194068	0.0373356907747	0.810115826471
mah-	0.027254663945	0.147232149518	0.116268030191	0.709245156346
eda-	0.101157109026	0.828696903384	0.0145388051201	0.0556071824695
eno-	0.281252260779	0.39789925733	0.143066594579	0.177781887312
ite-	0.0276098798597	0.969032161779	0.00335795836131	0.0
yal-	0.259140371994	0.175010360448	0.0645784122853	0.501270855273
yaz-	0.32193498446	0.120147917279	0.0294150053429	0.528502092918
hlw-	0.428448468233	0.34750868692	0.214224234116	0.00981861073035
seg-	0.076908332934	0.495663424218	0.424553164982	0.00287507786669
tse-	0.451612903226	0.193548387097	0.161290322581	0.193548387097
wep-	0.0266678719942	0.819200867836	0.0402278069065	0.113903453263
síg-	0.566037735849	0.169811320755	0.0754716981132	0.188679245283
mil-	0.297832063821	0.655158426105	0.0217695046649	0.0252400054086
yer-	0.0696850736261	0.908101689537	0.00752383828355	0.0146893985536
wuq-	0.428571428572	0.571428571428	0.0	0.0
kha-	0.521460676567	0.279722893654	0.0377438794027	0.161072550376
zon-	0.0789165726504	0.124902585023	0.00612829904409	0.790052543283
uad-	0.0173933668024	0.955646914654	0.0222160730521	0.00474364549156
rha-	0.0450921298592	0.714950597032	0.100141151337	0.139816121772
aml-	0.552230378317	0.226990400903	0.0265386787126	0.194240542067
oko-	0.20346781777	0.0436453697209	0.0102401210627	0.742646691446
iam-	0.0	1.0	0.0	0.0
gaw-	0.590909090909	0.409090909091	0.0	0.0
yoz-	0.238741680936	0.488039966812	0.242078132999	0.0311402192526
kam-	0.134204340832	0.332538355432	0.0222101228552	0.511047180881
gin-	0.0875927889715	0.827783669141	0.0846235418877	0.0
yiz-	0.880356716126	0.0523516760444	0.00669114292542	0.0606004649041
luw-	0.597719869707	0.282844733985	0.0380021715527	0.0814332247557
buc-	0.196429756454	0.088349149468	0.0768243856041	0.638396708474
uxu-	0.634146341463	0.146341463415	0.146341463415	0.0731707317072
jor-	0.0999999999999	0.7	0.0	0.2
ixe-	0.141141180535	0.639311216347	0.0245525661039	0.194995037015
hoy-	0.521235521236	0.378378378378	0.030888030888	0.0694980694981
ueb-	0.0326530612246	0.640816326531	0.326530612245	0.0
anx-	0.182421104537	0.284294871795	0.47374260355	0.0595414201183
nza-	0.116114322938	0.800749124664	0.073365361127	0.00977119127111
uzi-	0.509206019126	0.269297843969	0.0596834482466	0.161812688659
boc-	0.707154742097	0.242928452579	0.0249584026622	0.0249584026622
emp-	0.0942197243857	0.320570659564	0.483603299561	0.101606316489
sig-	0.413638511236	0.320513773352	0.118970011308	0.146877704105
eaf-	0.0	1.0	0.0	0.0
ezr-	0.0	1.0	0.0	0.0
yod-	0.098798933434	0.147997829113	0.0585195497771	0.694683687676
bak-	0.199507338049	0.296023988628	0.0230463550699	0.481422318253
