-7ta	0.0102432778489	0.0	0.0	0.989756722151
-lik	0.0	1.0	0.0	0.0
-okó	0.128240444936	0.105574069044	0.14254195505	0.623643530971
-hei	0.25	0.458333333333	0.0	0.291666666667
-950	0.0	0.2	0.0	0.8
-aus	0.0633802816901	0.887323943662	0.0492957746478	0.0
-aut	0.0124137931034	0.937931034483	0.0248275862069	0.0248275862069
-oya	0.289473684211	0.361842105263	0.210526315789	0.138157894737
-oyo	0.133689839572	0.421487603306	0.320855614973	0.123966942149
-bta	0.117103984451	0.825558794946	0.0019436345967	0.0553935860059
-ple	0.382980016632	0.432771286721	0.104859497556	0.0793891990905
-aul	0.0	1.0	0.0	0.0
-pla	0.0403102669028	0.867312038112	0.0564954498259	0.0358822451597
-put	0.285714285714	0.714285714286	0.0	0.0
-pus	0.0207612456748	0.965397923875	0.0138408304498	0.0
-nta	0.0970450177673	0.577503089733	0.0529059726723	0.272545919827
-ka꞉	0.063137684694	0.572445397229	0.0404806208085	0.323936297269
-2ye	0.669071235347	0.151036970243	0.0378719567177	0.142019837692
-eus	0.0	1.0	0.0	0.0
-dlo	0.173733409079	0.698703713268	0.0180757114084	0.109487166245
-puo	0.562787136294	0.26684532925	0.0229709035222	0.147396630934
--ha	0.333333333333	0.666666666667	0.0	0.0
-opo	0.345922676046	0.295478577891	0.110280755121	0.248317990942
-opi	0.144514783645	0.198831729825	0.243955192049	0.412698294481
-ope	0.218722800597	0.155751353299	0.115952568391	0.509573277713
-opa	0.0523340419676	0.53366675034	0.0345322655647	0.379466942128
-815	0.0	0.0	0.0	1.0
-dea	0.3601254495	0.173330487184	0.0750726589054	0.39147140441
-ims	0.0	0.986396761134	0.0	0.0136032388664
-oku	0.29425705032	0.323880243305	0.269689548938	0.112173157437
-dek	0.00872783130847	0.969627147047	0.0	0.021645021645
-403	0.0	0.272727272727	0.0	0.727272727273
-den	0.00294782352364	0.996069568635	0.000982607841208	0.0
-400	0.211525423729	0.242033898305	0.0284745762712	0.517966101695
-ima	0.352982960666	0.196697828171	0.053552523697	0.396766687466
-oko	0.275876304441	0.278855183774	0.0128881614751	0.43238035031
-des	0.0	1.0	0.0	0.0
-ime	0.437400470694	0.0739863865049	0.0118730534534	0.476740089347
-kim	0.0	1.0	0.0	0.0
-msu	0.635616438356	0.241095890411	0.0410958904109	0.0821917808219
-imi	0.14790695863	0.0706141199114	0.0536486961952	0.727830225264
-840	0.0	0.0999999999999	0.0	0.9
-oka	0.0881792926928	0.874676155695	0.0	0.0371445516122
-imo	0.0449413407761	0.795125800464	0.093768439401	0.0661644193585
-lap	0.0	1.0	0.0	0.0
-lla	0.569234594789	0.246474018569	0.0409508754593	0.143340511182
-lle	0.432864191964	0.326082491194	0.106037080653	0.135016236189
-idi	0.000981033355134	0.996075866579	0.00196206671027	0.000981033355133
-lli	0.179469595975	0.328744314742	0.368202548014	0.123583541269
-oba	0.0	1.0	0.0	0.0
-llo	1.0	0.0	0.0	0.0
-ida	0.00749531542786	0.972517176765	0.0	0.0199875078076
-tli	0.125	0.875	0.0	0.0
-tlo	0.208567751986	0.0674697367496	0.0896048759148	0.63435763535
-llu	0.146501200191	0.480634582913	0.218557328683	0.154306888213
-kpo	0.0174966352624	0.982503364738	0.0	0.0
-tla	0.534326745208	0.20098883647	0.0415721273665	0.223112290956
-318	0.0	0.333333333333	0.666666666667	0.0
-tle	0.0999718643371	0.0392294004368	0.0116117214959	0.84918701373
-100	0.00199733688415	0.0	0.0284287616511	0.969573901465
-tes	0.0643281951693	0.845045919812	0.0546182789173	0.0360076061011
-tet	0.0	1.0	0.0	0.0
-105	0.0	0.5	0.0	0.5
-úye	0.182561071025	0.691210988438	0.0234721377032	0.102755802834
-oye	0.199989935516	0.219740128592	0.0372780105676	0.542991925324
-tea	0.241898148148	0.73811026936	0.0	0.0199915824916
-ted	0.0	0.96269379845	0.030523255814	0.00678294573643
-utu	0.139275766017	0.589972144847	0.194986072423	0.0757660167131
-tei	0.323319452707	0.652885187388	0.0	0.0237953599048
-tel	0.0638297872342	0.914893617021	0.0212765957447	0.0
-ten	0.0735770476631	0.790837575197	0.0925497454882	0.043035631652
-ta꞉	0.370807531854	0.241759112326	0.0655684091071	0.321864946713
-mes	0.0	0.956043956044	0.0439560439561	0.0
-lus	0.149840950946	0.798147218037	0.0168536190635	0.0351582119538
-lut	0.0	1.0	0.0	0.0
-luk	0.0133630289532	0.973273942094	0.0	0.0133630289532
-lum	0.0	0.900826446281	0.0	0.099173553719
-lun	0.0	1.0	0.0	0.0
-mel	0.160714285714	0.839285714286	0.0	0.0
-men	0.225	0.7	0.025	0.05
-mei	0.0	1.0	0.0	0.0
-mek	0.0	1.0	0.0	0.0
-lug	0.0	1.0	0.0	0.0
-aye	0.299459833213	0.373009404991	0.0577914103417	0.269739351455
-tye	0.247606019152	0.56634746922	0.00547195622435	0.180574555404
-5ta	0.0350877192982	0.964912280702	0.0	0.0
-aya	0.201572898948	0.567053880999	0.0353243841667	0.196048835885
-ayo	0.439904973776	0.356325444845	0.084494816375	0.119274765004
-ayu	0.0996696035243	0.829116189427	0.0235407488987	0.0476734581498
-1ta	0.0869565217391	0.0260869565217	0.0	0.886956521739
-bot	0.0	1.0	0.0	0.0
-bpo	0.0	0.5	0.0	0.5
-dai	0.0	1.0	0.0	0.0
-ota	0.180945480134	0.374765374834	0.0461076849722	0.39818146006
-ote	0.0967741935484	0.212903225806	0.574193548387	0.116129032258
-oti	0.0812321424847	0.824501032347	0.0319089032097	0.0623579219587
-eba	0.0	0.978021978022	0.021978021978	0.0
-oto	0.114356778116	0.575798075956	0.178336038723	0.131509107204
-ume	0.41477253142	0.171109180782	0.048575348321	0.365542939477
-962	0.0	0.0	0.0	1.0
-uma	0.307809508123	0.300994461488	0.0475612015895	0.3436348288
-969	0.0	0.0	0.0	1.0
-umo	1.0	0.0	0.0	0.0
-mat	0.0	1.0	0.0	0.0
-umi	0.502283105023	0.356164383562	0.0502283105024	0.0913242009133
-ako	0.257596538335	0.664168292542	0.0544748585006	0.0237603106226
ALL	0.212939956373	0.252033794654	0.0474234696418	0.487602779332
-nai	0.0862676056338	0.87411971831	0.0	0.0396126760563
-nan	0.0233486632638	0.864961843635	0.0573103552838	0.0543791378179
-nam	0.0	1.0	0.0	0.0
-sis	0.078125	0.890625	0.03125	0.0
-ake	0.0	0.681818181818	0.318181818182	0.0
-sip	0.0257303671938	0.900004467078	0.028477619941	0.0457875457875
-kin	0.0	1.0	0.0	0.0
-aka	0.020836862545	0.948531394771	0.0127356597553	0.0178960829288
-nae	0.0	1.0	0.0	0.0
-kis	0.0197815429604	0.958000057338	0.0	0.0222183997018
-꞉le	0.328481536873	0.24599696672	0.182933756267	0.242587740141
-sin	0.0	0.715878169476	0.221848552601	0.0622732779232
-꞉la	0.16235370142	0.632924341803	0.0341244513952	0.170597505382
-nas	0.0101997450064	0.982150446239	0.0050998725032	0.0025499362516
-aku	0.0	0.923076923077	0.0	0.0769230769231
-nat	0.0	1.0	0.0	0.0
-mos	0.0340425531915	0.965957446809	0.0	0.0
-gon	0.0	1.0	0.0	0.0
-god	0.102796091093	0.740023793519	0.00883806288176	0.148342052507
-gog	0.0496688741722	0.940397350993	0.00993377483443	0.0
-365	0.666666666667	0.333333333333	0.0	0.0
-dye	0.0874459744698	0.815924853115	0.0137062655909	0.0829229068248
-lki	0.0	1.0	0.0	0.0
-mon	0.00850077279753	0.989781899365	0.000515198351366	0.00120212948652
-mol	0.0880678842058	0.609595977232	0.253308656633	0.049027481929
-yat	0.0	0.761421319797	0.0	0.238578680203
-lka	0.0	1.0	0.0	0.0
-yas	0.0871835030018	0.78386844166	0.0401983816236	0.0887496737144
-601	1.0	0.0	0.0	0.0
-bet	0.0506485484867	0.625165446043	0.00529427336098	0.31889173211
-sub	0.0	1.0	0.0	0.0
-yad	0.0	1.0	0.0	0.0
-eom	0.0	1.0	0.0	0.0
-eol	0.020725388601	0.979274611399	0.0	0.0
-ben	0.0744820819302	0.774502151952	0.0169480186428	0.134067747474
-bel	0.0169491525424	0.983050847458	0.0	0.0
-lpo	0.0762331838565	0.923766816143	0.0	0.0
-yal	0.0416666666667	0.854166666667	0.104166666667	0.0
-yao	0.0906058921624	0.100472484714	0.0448860478043	0.76403557532
-bea	0.0	0.859375	0.140625	0.0
-bed	0.261538461538	0.738461538462	0.0	0.0
-iso	0.0242722304661	0.930569499465	0.00524028931319	0.0399179807555
-upu	0.09375	0.710526315789	0.15625	0.0394736842105
-isi	0.143360064068	0.499992216071	0.0518430548924	0.304804664969
-lye	0.193087903832	0.703230653644	0.0112697220135	0.0924117205108
-isa	0.143491945936	0.787076467321	0.0398074430661	0.0296241436771
-upe	0.54614268016	0.144417548759	0.0345667352906	0.27487303579
-ëye	0.506146445751	0.0224478888295	0.0224478888295	0.44895777659
-upa	0.121833138784	0.696132124296	0.050224488206	0.131810248713
-upo	0.380751812696	0.419564241501	0.0589517718279	0.140732173975
-ist	0.13570756197	0.707561970505	0.154377157201	0.00235331032319
-upi	0.0841379310345	0.885517241379	0.0	0.0303448275862
-hab	0.0248447204969	0.962732919255	0.0	0.0124223602484
-had	0.0	1.0	0.0	0.0
-ame	0.328605827893	0.0751248995708	0.0230267103277	0.573242562209
-mas	0.00997506234416	0.988029925187	0.0	0.00199501246883
-hal	0.0	1.0	0.0	0.0
-ham	0.0293638032682	0.92086027391	0.0297629229243	0.0200129998974
-han	0.0	1.0	0.0	0.0
-hao	0.118162078647	0.053627154459	0.0185269282861	0.809683838608
-has	0.0	1.0	0.0	0.0
-hat	0.0	1.0	0.0	0.0
-mal	0.0420168067226	0.957983193277	0.0	0.0
-man	0.0	0.94210357028	0.0578964297202	0.0
-182	0.0	0.333333333333	0.0	0.666666666667
-꞉lë	0.166666666667	0.666666666667	0.0	0.166666666667
-pua	0.584596410953	0.168745978409	0.067562736827	0.179094873811
-ptu	0.173684210526	0.826315789474	0.0	0.0
-uni	0.0	1.0	0.0	0.0
-une	0.706188925082	0.0609120521172	0.028338762215	0.204560260586
--di	0.0	0.0	1.0	0.0
-mle	0.321035902246	0.238392996717	0.00312646553073	0.437444635506
-una	0.169221336603	0.542203147353	0.227263437564	0.0613120784795
-782	0.0	0.0	0.0	1.0
-pta	0.349883210537	0.189774213639	0.0894956814138	0.37084689441
-nki	0.00632492018555	0.981025239443	0.00361424010601	0.00903560026504
-pti	0.373831775701	0.556074766355	0.0560747663552	0.0140186915888
-ade	0.258554352845	0.184091725235	0.160429384907	0.396924537013
-ika	0.0275387263339	0.95008605852	0.013769363167	0.00860585197935
-ada	0.0	1.0	0.0	0.0
-gal	0.0	1.0	0.0	0.0
-gai	0.312554872695	0.58384547849	0.0825285338015	0.0210711150132
-adi	0.115237937324	0.346708671862	0.0688111424308	0.469242248383
-lal	0.0443037974683	0.670886075949	0.284810126582	0.0
-144	0.0	0.0876494023904	0.0	0.91235059761
-ini	0.0928961748634	0.819672131147	0.0163934426229	0.0710382513662
-sem	0.0	1.0	0.0	0.0
-sel	0.0	1.0	0.0	0.0
-sek	0.0253881816175	0.958054308632	0.0121421738171	0.00441533593347
-lpa	0.0	1.0	0.0	0.0
-ina	0.495789649712	0.260964958372	0.0751420736215	0.168103318295
-apa	0.230780760192	0.272303674573	0.107857029774	0.38905853546
-lba	0.0	0.947172445892	0.0418896904817	0.0109378636258
-ine	0.579946227442	0.212270476599	0.0245427023073	0.183240593651
-sea	0.103004291846	0.536480686695	0.154506437768	0.206008583691
-110	0.428571428571	0.571428571429	0.0	0.0
-ohe	0.333333333333	0.666666666667	0.0	0.0
-800	0.0	0.0	0.0	1.0
-807	0.0	0.2	0.0	0.8
-iki	0.0643925406204	0.523172082718	0.361429098966	0.0510062776957
-set	0.0	1.0	0.0	0.0
-ses	0.0426941104545	0.934481353169	0.00183411453026	0.0209904218463
-sep	0.0448921145067	0.937973490643	0.00308419107298	0.0140502037769
-yan	0.0	1.0	0.0	0.0
-kus	0.0330578512397	0.965289256198	0.00165289256198	0.0
-ede	0.056266548985	0.864298323036	0.0794351279788	0.0
-edi	0.00111794298491	0.998882057015	0.0	0.0
-nes	0.0243902439024	0.916666666667	0.0121951219512	0.0467479674797
--de	0.5	0.5	0.0	0.0
-pel	0.0	1.0	0.0	0.0
-nol	0.0	1.0	0.0	0.0
-mta	0.221078561507	0.639123134589	0.0760921560536	0.0637061478508
-mte	0.279447295542	0.040172426407	0.0815248337257	0.598855444325
-ban	0.078341013825	0.921658986175	0.0	0.0
-pa꞉	0.449144685029	0.219204612544	0.0543376665607	0.277313035867
-eka	0.432276858541	0.21020741086	0.0722442321137	0.285271498485
-bak	0.0	1.0	0.0	0.0
-eke	0.263067694944	0.591830905456	0.126820908312	0.0182804912882
-bai	0.0440732184112	0.895503820864	0.0124400213257	0.0479829393993
-eki	0.331313131313	0.309090909091	0.218181818182	0.141414141414
-hon	0.0	1.0	0.0	0.0
-hol	0.0	1.0	0.0	0.0
-hos	0.0273910922667	0.911823196128	0.0131327154703	0.0476529961352
-mko	0.150084463118	0.0764499501884	0.480703426171	0.292762160523
-bas	0.0696913416467	0.899885026974	0.00265322366675	0.0277704077121
-wa꞉	0.0632257218982	0.0505196597738	0.00616353667792	0.88009108165
-ase	0.215681978723	0.250413184408	0.111984126491	0.421920710378
-asa	0.0463917525773	0.907216494845	0.0	0.0463917525773
-nye	0.159592148164	0.74627165231	0.0375146735736	0.0566215259526
-aso	0.0	1.0	0.0	0.0
-yes	0.0300713557594	0.93628950051	0.0152905198777	0.0183486238532
-iyo	0.598308873336	0.135873120186	0.0357793818978	0.23003862458
-asi	0.195992978105	0.598677717709	0.143669377025	0.0616599271609
-930	0.0	0.0	0.0	1.0
-mba	0.0485893416928	0.851097178683	0.0815047021944	0.0188087774295
-asu	0.240815729131	0.74159633117	0.000512270088307	0.0170756696102
-yem	0.013369645952	0.974003466205	0.00297103243377	0.00965585540975
-yel	0.186909090909	0.808727272727	0.0	0.00436363636363
-lta	0.127739379636	0.762811867835	0.0182906271072	0.0911581254215
-430	0.1375	0.0	0.0	0.8625
-iwa	0.671607500493	0.149688454271	0.0428090717588	0.135894973477
-iwe	0.379003484028	0.464425135373	0.0867508989912	0.0698204816074
-iwi	0.162324649299	0.699398797595	0.0480961923847	0.0901803607214
-iwo	0.0952380952381	0.550264550265	0.0952380952381	0.259259259259
-4ta	0.0377358490566	0.0628930817609	0.0125786163522	0.88679245283
-pos	0.0	1.0	0.0	0.0
-pon	0.0	1.0	0.0	0.0
-ppo	0.357142857143	0.642857142857	0.0	0.0
-poa	0.323987538941	0.495327102804	0.13707165109	0.0436137071651
-lad	0.0	1.0	0.0	0.0
-ike	0.0103092783505	0.989690721649	0.0	0.0
-119	0.0	0.0	0.0	1.0
-500	0.276774969916	0.167669474529	0.0361010830325	0.519454472523
-iko	0.0337702018171	0.924419072124	0.0289458872718	0.0128648387875
-lam	0.0502340449823	0.922936408266	0.00513757278228	0.0216919739696
-lan	0.097055968942	0.88353283727	0.0194111937884	0.0
-nos	0.0363636363636	0.963636363636	0.0	0.0
-lai	0.0225846925972	0.94730238394	0.0112923462986	0.0188205771644
-oum	0.134438182934	0.556898174773	0.23343448493	0.0752291573628
-lak	0.0	1.0	0.0	0.0
-lat	0.133333333333	0.866666666667	0.0	0.0
-nok	0.0	1.0	0.0	0.0
-iks	0.114694373229	0.723046822291	0.0445284037242	0.117730400756
-non	0.0	1.0	0.0	0.0
-las	0.0333234597156	0.944460900474	0.0177725118484	0.00444312796209
-nod	0.0	1.0	0.0	0.0
-꞉ma	0.363283046352	0.164276508394	0.0816204388797	0.390820006374
-꞉mu	0.0795237633638	0.305329698686	0.103706428246	0.511440109704
-bol	0.0729166666667	0.870265151515	0.0568181818182	0.0
-geb	0.0	0.703703703704	0.296296296296	0.0
-bon	0.0	1.0	0.0	0.0
-aha	0.0834621156754	0.801163783244	0.0343667535134	0.0810073475673
-bok	0.0	1.0	0.0	0.0
-mya	0.426879271071	0.262870159453	0.0847380410023	0.225512528474
-꞉me	0.572192513369	0.331550802139	0.048128342246	0.048128342246
-pye	0.11908030199	0.767673301304	0.0617707618394	0.0514756348662
-don	0.04796030871	0.914002205072	0.00661521499449	0.0314222712238
-mye	0.147906625083	0.722994045931	0.0779699461299	0.0511293828561
-180	0.0	0.0	0.0	1.0
-dom	0.0104275286757	0.984358706986	0.00521376433785	0.0
-dok	0.0	1.0	0.0	0.0
-get	0.0700116686114	0.929988331389	0.0	0.0
-sas	0.0155642023346	0.961089494163	0.0233463035019	0.0
-mpo	0.465167024362	0.321536749263	0.0696013766731	0.143694849702
-sap	0.0	1.0	0.0	0.0
-san	0.181818181818	0.818181818182	0.0	0.0
-꞉di	0.65	0.153846153846	0.0461538461538	0.15
-del	0.0	1.0	0.0	0.0
-꞉de	0.398863636364	0.328409090909	0.075	0.197727272727
-olu	0.322097378277	0.588014981273	0.0	0.0898876404494
-mpa	0.0	1.0	0.0	0.0
-oli	0.0520452142799	0.851996421892	0.062210295194	0.0337480686346
-tou	0.0522306855278	0.758433079434	0.0	0.189336235038
-tos	0.0761670761671	0.864864864865	0.014742014742	0.044226044226
-olo	0.163708477894	0.567941367922	0.0438088265714	0.224541327613
-600	0.0	0.0806451612903	0.0	0.91935483871
-ola	0.195771747348	0.398712233779	0.0771617006855	0.328354318188
-old	0.00519195823358	0.629640312671	0.354783812628	0.0103839164672
-ole	0.451259679378	0.391798924118	0.0689011009041	0.0880402955997
-sam	0.0189873417721	0.96835443038	0.0	0.0126582278481
-sal	0.0	1.0	0.0	0.0
-lon	0.0681307665175	0.750496593462	0.0122523994282	0.169120240593
-lol	0.0	0.977168949772	0.0228310502283	0.0
-lok	0.0	1.0	0.0	0.0
-loi	0.636363636364	0.363636363636	0.0	0.0
-lod	0.00475058593116	0.977070147379	0.00234398025228	0.0158352864372
-187	0.0	0.0	0.0	1.0
-hai	0.384615384615	0.307692307692	0.0	0.307692307692
-lot	0.0131868131868	0.92967032967	0.0527472527472	0.00439560439559
-los	0.0	0.996020956297	0.0	0.00397904370316
-ipi	0.134522024945	0.764918613928	0.0304148617608	0.0701444993665
-ipo	0.354187962822	0.194220293526	0.0705968369945	0.380994906658
-ipa	0.18303030303	0.771878787879	0.0232727272727	0.0218181818182
-ipe	0.470293231798	0.172473636641	0.0405603543747	0.316672777186
-ewe	0.0854392298436	0.734657039711	0.176293622142	0.00361010830325
-awa	0.161830054996	0.234294049235	0.0424293231161	0.561446572653
-sat	0.0	1.0	0.0	0.0
-awe	0.113989637306	0.854922279793	0.0310880829016	0.0
-830	0.0	0.111111111111	0.0	0.888888888889
-tom	0.0	1.0	0.0	0.0
-276	0.0	0.1875	0.0	0.8125
-bit	0.0	1.0	0.0	0.0
-olë	0.452201184807	0.421419444767	0.0908351724939	0.0355441979324
-7ye	0.0370981038747	0.00412201154162	0.0	0.958779884584
-sta	0.1315398964	0.788092030958	0.0267505367193	0.0536175359226
-2ta	0.279591836735	0.659183673469	0.0244897959184	0.0367346938776
-eyu	0.518032786885	0.468852459016	0.00655737704917	0.00655737704917
-209	0.0	0.4	0.0	0.6
-eyo	0.390680638926	0.28344694272	0.0860718282634	0.239800590091
-eya	0.0616159658981	0.880255764387	0.0186010463089	0.0395272234063
-200	0.126330402591	0.566867191115	0.0347061545581	0.272096251735
-eye	0.322532442794	0.24943979541	0.0800384512734	0.347989310522
-207	0.0	1.0	0.0	0.0
-lek	0.0112359550562	0.988764044944	0.0	0.0
-ois	0.0344827586207	0.965517241379	0.0	0.0
-lem	0.0562983574634	0.909583317257	0.00667273416417	0.0274455911157
-mul	0.0	1.0	0.0	0.0
-sad	0.0	1.0	0.0	0.0
-led	0.0	1.0	0.0	0.0
-leg	0.0	1.0	0.0	0.0
-mus	0.0	1.0	0.0	0.0
-lep	0.0	1.0	0.0	0.0
-oim	0.0	1.0	0.0	0.0
-les	0.0571554835383	0.918980629005	0.00648154967961	0.0173823377771
-let	0.0631631343166	0.898980901732	0.017945560766	0.0199104031857
-leu	0.0	1.0	0.0	0.0
-alu	0.0	1.0	0.0	0.0
-'ya	0.0	0.234042553191	0.765957446809	0.0
-iba	0.00557641699889	0.935871204513	0.0306702934938	0.0278820849944
-alo	0.237534776532	0.494873482378	0.0911326799824	0.176459061107
-ëta	0.112734864301	0.688935281837	0.116910229645	0.0814196242171
-ali	0.174837706639	0.569517762954	0.0668881173546	0.188756413052
-nda	0.0	0.990196078431	0.00980392156863	0.0
-bib	0.0	1.0	0.0	0.0
-ale	0.220318240082	0.438909831185	0.128289316466	0.212482612266
-nde	0.0163376446562	0.889040163376	0.0142954390742	0.0803267528931
-ala	0.186314603987	0.440279959048	0.0837084509358	0.28969698603
-127	0.0	0.0	0.0	1.0
-120	0.0333333333333	0.15	0.0	0.816666666667
-yos	0.017843866171	0.946468401487	0.017843866171	0.017843866171
-yot	0.0	1.0	0.0	0.0
-a꞉e	0.250320987492	0.505818329289	0.0741354682149	0.169725215004
-mla	0.359040220803	0.252016361142	0.149429477488	0.239513940566
-yon	0.0438832752912	0.880581908013	0.0152053204325	0.060329496263
-yom	0.0298879202989	0.955168119552	0.0	0.0149439601495
-yol	0.0300546448088	0.81693989071	0.0	0.153005464481
-a꞉m	0.035103510351	0.932493249325	0.013501350135	0.018901890189
-yob	0.149068322981	0.776397515528	0.0745341614907	0.0
-ia꞉	0.0373278186383	0.0171005908926	0.00618075961832	0.939390830851
-mli	0.716216216216	0.157657657658	0.0495495495496	0.0765765765766
-a꞉i	0.0	0.846153846154	0.0	0.153846153846
-iel	0.0	1.0	0.0	0.0
-ped	0.0907258064516	0.836693548387	0.0725806451613	0.0
-peg	0.0	1.0	0.0	0.0
-iyu	0.0308823529412	0.955882352941	0.0132352941176	0.0
-pet	0.0	1.0	0.0	0.0
-150	0.0	0.0	0.0	1.0
-153	0.0	0.0	0.242647058823	0.757352941177
-eli	0.0861488264393	0.739290600989	0.0116829807389	0.162877591832
-꞉-e	0.2	0.6	0.0	0.2
-elo	0.143542631864	0.280470318731	0.121616962978	0.454370086426
-pes	0.0	0.857496902107	0.142503097893	0.0
-iye	0.328449137686	0.214486752347	0.0465592432103	0.410504866757
-ela	0.265674935322	0.397405265561	0.142352762137	0.194567036981
-iya	0.347371357816	0.432320396961	0.0924280046612	0.127880240562
-ele	0.172898629828	0.292250975768	0.0704475728257	0.464402821579
-syo	0.239436619718	0.760563380282	0.0	0.0
-esu	0.0198889843571	0.594092930668	0.00476717697477	0.381250908
-꞉ye	0.171564556835	0.0468318305723	0.0123709627619	0.769232649831
-esi	0.0	1.0	0.0	0.0
-uta	0.0375578589954	0.619173293687	0.0051068967067	0.33816195061
-eso	0.098237720285	0.582302212224	0.0187476565429	0.300712410949
-iti	0.15094815436	0.734350862768	0.073109271534	0.0415917113379
-esa	0.0	1.0	0.0	0.0
-ese	0.156398104265	0.815165876777	0.0	0.0284360189573
-ita	0.0846624361939	0.344301581857	0.0210300933909	0.550005888558
-spa	0.0	1.0	0.0	0.0
-꞉ya	0.0430997339945	0.616876422483	0.017539629874	0.322484213649
-spo	0.0917610308473	0.832096837173	0.0234283483014	0.0527137836782
-uda	0.0	0.971663026153	0.00354212173092	0.0247948521164
-alë	0.470065586385	0.231109242043	0.0350748472186	0.263750324353
-ude	0.652173913043	0.347826086957	0.0	0.0
-udi	0.449879711307	0.488773055333	0.0408981555734	0.0204490777867
-hul	0.0	1.0	0.0	0.0
-hum	0.0	1.0	0.0	0.0
-wou	0.141630901287	0.755364806867	0.103004291846	0.0
-abe	0.0	1.0	0.0	0.0
-꞉pi	0.178953410808	0.225233988578	0.105186021191	0.490626579423
-aba	0.0934579439252	0.841121495327	0.0	0.0654205607477
-abo	0.40074906367	0.385767790262	0.112359550562	0.101123595506
-tua	0.0625	0.6875	0.1875	0.0625
-koa	0.203347790148	0.693660356134	0.0072708201759	0.0957210335421
-kob	0.0139445261397	0.930987272451	0.00304244206683	0.0520257593428
-꞉na	0.238555172592	0.211200010355	0.251200971872	0.299043845181
-kon	0.0930132876125	0.800685812259	0.0574367766824	0.0488641234462
-tul	0.0	1.0	0.0	0.0
-ael	0.0282990199803	0.92197827243	0.00949631542961	0.0402263921598
-sos	0.0460310713159	0.867665811954	0.0270262858397	0.0592768308903
-905	0.0	0.333333333333	0.0	0.666666666667
-som	0.0	1.0	0.0	0.0
-sol	0.0880114176974	0.853235014272	0.00356803044719	0.0551855375833
-aes	0.0	1.0	0.0	0.0
-son	0.0429898765774	0.950769657468	0.00416031063654	0.00208015531826
-kos	0.0428571428571	0.946428571429	0.0107142857143	0.0
-tna	0.0	1.0	0.0	0.0
-lis	0.0350194552529	0.844357976654	0.00389105058366	0.11673151751
-lim	0.0	0.961538461538	0.0384615384615	0.0
-lin	0.0552093190198	0.917708095409	0.0107677749861	0.016314810585
-omo	0.26	0.7	0.0	0.04
-sbi	0.0	1.0	0.0	0.0
-oma	0.187841837605	0.234623676656	0.0628769343303	0.514657551409
-mde	0.412889556393	0.326477878025	0.144672303361	0.115960262221
-ome	0.192083799222	0.0466492459424	0.0171971166751	0.744069838161
-sba	0.0	1.0	0.0	0.0
-lni	0.0	1.0	0.0	0.0
-147	0.0	0.0	0.0	1.0
-oda	0.0	1.0	0.0	0.0
-ode	0.424699890869	0.384321571481	0.0545652964714	0.136413241179
-ëpo	0.147854525229	0.57072902842	0.134054769541	0.147361676811
-odi	0.337801608579	0.434316353887	0.195710455764	0.0321715817694
-odo	0.0851735015773	0.429022082019	0.0	0.485804416404
-꞉ni	0.21875	0.5625	0.0625	0.15625
-162	0.0	0.0	0.0	1.0
-dli	0.0758122743682	0.342960288809	0.126353790614	0.454873646209
-sye	0.175067042563	0.73203603108	0.0574847005432	0.0354122258131
-kye	0.264705882353	0.680392156863	0.0274509803921	0.0274509803921
-gta	0.0	0.9	0.0	0.0999999999999
-dus	0.0474683544303	0.819620253165	0.0	0.132911392405
-was	0.0744101633394	0.860254083485	0.0	0.065335753176
-pan	0.0314136125655	0.968586387435	0.0	0.0
-ape	0.129095243976	0.0932813735462	0.0970447132543	0.680578669224
-api	0.14579123885	0.38141443555	0.0497036611265	0.423090664474
-apo	0.255891503635	0.270894019526	0.0455065990054	0.427707877834
-895	0.0	0.0	0.5	0.5
-apu	0.0839063603997	0.185232759492	0.342556836589	0.388304043519
-pas	0.0174828813454	0.968190868663	0.00558480931865	0.00874144067268
-pat	0.0148606811146	0.985139318885	0.0	0.0
-pau	0.0	1.0	0.0	0.0
-wai	0.00605888848713	0.984266434735	0.00351806428286	0.00615661249499
-nun	0.0	1.0	0.0	0.0
-oab	0.0	1.0	0.0	0.0
-sen	0.060606060606	0.939393939394	0.0	0.0
-kem	0.062874251497	0.937125748503	0.0	0.0
-kel	0.0	1.0	0.0	0.0
-sus	0.019404915912	0.980595084088	0.0	0.0
-kei	0.277372262774	0.256934306569	0.430656934307	0.0350364963503
-꞉ne	0.465776865161	0.349760438056	0.042778918549	0.141683778234
-1/2	0.0	0.869565217391	0.0434782608696	0.0869565217391
-sul	0.051282051282	0.948717948718	0.0	0.0
-nim	0.0	1.0	0.0	0.0
-nus	0.0	1.0	0.0	0.0
-lel	0.0	1.0	0.0	0.0
-slu	0.0	1.0	0.0	0.0
-kot	0.121212121212	0.69696969697	0.060606060606	0.121212121212
-dim	0.0	0.833795013851	0.0831024930747	0.0831024930746
-la꞉	0.211180583679	0.560171941557	0.120808121815	0.107839352949
-sla	0.0	1.0	0.0	0.0
-dis	0.0	1.0	0.0	0.0
-ane	0.612899820132	0.248213563729	0.0508934067688	0.0879932093702
--ta	0.194117647059	0.541176470588	0.141176470588	0.123529411765
-sli	0.0	1.0	0.0	0.0
-sed	0.0	1.0	0.0	0.0
-uku	0.103673341558	0.859189939078	0.018568359682	0.0185683596821
-sko	0.0498392282958	0.91921221865	0.0	0.0309485530547
-tpo	0.0	1.0	0.0	0.0
-uka	0.217171333386	0.41719384984	0.0491865335345	0.31644828324
-óko	0.0919075144508	0.890751445087	0.0	0.0173410404624
-ihu	0.0	1.0	0.0	0.0
-uko	0.29620014161	0.527967901817	0.0979466603729	0.0778852962001
-ait	0.0	0.733096085409	0.266903914591	0.0
-ais	0.187080268628	0.812919731372	0.0	0.0
-tis	0.0	0.694130994726	0.305869005274	0.0
-lud	0.0	1.0	0.0	0.0
-aim	0.0433734939759	0.927710843373	0.0289156626506	0.0
-tim	0.0	1.0	0.0	0.0
-ain	0.017095019229	0.965786511584	0.0014069974674	0.0157114717193
-eme	0.381299327768	0.0946062229942	0.0248845762912	0.499209872946
-uwe	0.550225859796	0.250255422139	0.024257417237	0.175261300828
-ema	0.37543222415	0.137629562024	0.064310530642	0.422627683185
-uwa	0.47441936639	0.26347763758	0.0733725832505	0.188730412779
-uwo	0.514964919032	0.238461766186	0.0915953699044	0.154977944877
-ha꞉	0.422978105522	0.284978486264	0.0688987376581	0.223144670556
-emo	0.333710834277	0.365798414496	0.250660626652	0.0498301245753
-bye	0.269005847953	0.571929824561	0.102923976608	0.0561403508772
-emi	0.0	1.0	0.0	0.0
-260	0.0	0.102564102564	0.0	0.897435897436
-ma꞉	0.530773889044	0.211619389737	0.0719530513061	0.185653669912
-꞉yo	0.613826815643	0.192318435754	0.101675977654	0.0921787709497
-mme	0.33590158541	0.385842454852	0.0560184238371	0.222237535901
-das	0.0377262491402	0.948027474961	0.00158291954435	0.0126633563548
-mma	0.483870967742	0.216863621846	0.065154902587	0.234110507825
-dpo	0.141776645457	0.758613996968	0.0633418531436	0.0362675044315
-dal	0.23076923077	0.76923076923	0.0	0.0
-mdi	0.538076486937	0.253145760652	0.0736982522609	0.13507950015
-꞉po	0.504512158905	0.229260695948	0.0985641985451	0.167662946602
-dam	0.0182767624021	0.981723237598	0.0	0.0
-꞉pa	0.540195661421	0.150209637236	0.125782341861	0.183812359482
-꞉pe	0.0279234372762	0.913570313193	0.0465390621271	0.0119671874041
-dla	0.0292687907403	0.00562177901196	0.00256639721549	0.962543033032
-ons	0.0479452054795	0.760273972603	0.191780821918	0.0
-etu	0.0	1.0	0.0	0.0
-000	0.0857185598172	0.14400245839	0.0129180234602	0.757360958332
-eta	0.181638618359	0.210492942773	0.070147494569	0.537720944299
-o-o	0.0594795539033	0.111524163569	0.0446096654275	0.7843866171
-0ta	0.0736842105263	0.5	0.221052631579	0.205263157895
-ete	0.0621867651433	0.788159231343	0.0138061858447	0.135847817669
-ya꞉	0.0147198669755	0.00276634294516	0.00129038833496	0.981223401744
-eto	0.217573221757	0.698744769875	0.0362622036262	0.047419804742
-uyo	0.358686257563	0.261740132527	0.0482569864593	0.331316623452
-uye	0.218326071863	0.414137614002	0.0185588450941	0.348977469041
-300	0.118219749652	0.242002781641	0.0556328233658	0.584144645341
-gad	0.0	1.0	0.0	0.0
-ate	0.00810857223991	0.00640001708678	0.000322279033716	0.98516913164
-ata	0.182015651745	0.427332997375	0.0650073470364	0.325644003843
-ato	0.0345881034043	0.0157728952054	0.275993232582	0.673645768808
-666	0.0	0.0	0.0	1.0
-sil	0.0	1.0	0.0	0.0
-ati	0.215067226222	0.0942259507703	0.0260254989302	0.664681324078
-ose	0.0382165605096	0.764331210191	0.1974522293	0.0
-uli	0.318958662355	0.546716207932	0.0820264111766	0.0522987185355
-osa	0.0	1.0	0.0	0.0
-ulo	0.0655861980841	0.675164305699	0.0710878596707	0.188161636546
-kal	0.0	1.0	0.0	0.0
-ula	0.18953675184	0.697285319181	0.0228912301375	0.0902866988405
-osi	0.0779220779221	0.805194805195	0.0	0.116883116883
-ule	0.173396674584	0.598574821853	0.0	0.228028503563
-kas	0.149253731343	0.791044776119	0.0298507462687	0.0298507462687
-ulu	0.0401947479617	0.0631067090687	0.0201404474879	0.876558095482
-tta	0.0809339132892	0.86268736556	0.0231801013789	0.0331986197715
-dol	0.0	1.0	0.0	0.0
-5ye	0.076923076923	0.199300699301	0.0104895104895	0.713286713287
-dle	0.102232174162	0.483752648945	0.185609764326	0.228405412567
-da꞉	0.0318148951554	0.00433839479393	0.0	0.963846710051
-yum	0.127659574468	0.829787234043	0.0425531914894	0.0
-lda	0.0	1.0	0.0	0.0
-wel	0.025325849993	0.974674150007	0.0	0.0
-yud	0.0	1.0	0.0	0.0
-ile	0.191142409283	0.773062255808	0.0128676040521	0.0229277308565
-ila	0.0901390761684	0.665144050391	0.0141927076427	0.230524165798
-ilo	0.0526649021978	0.148498478932	0.0133368682625	0.785499750608
-yus	0.0504399097149	0.937952001474	0.00884425814178	0.00276383066931
-ili	0.20925699533	0.29146578822	0.0682405341522	0.431036682298
-lma	0.0292758017137	0.765600829696	0.0803432688261	0.124780099765
-oam	0.0421644413211	0.932536893886	0.0	0.0252986647927
-bus	0.032883147387	0.835584263065	0.131532589548	0.0
-lmi	0.0	1.0	0.0	0.0
-igi	0.0449137183831	0.875029548499	0.0564179339689	0.023638799149
-amu	0.183772094106	0.193223764699	0.0789172728136	0.544086868381
-ebe	0.033033033033	0.966966966967	0.0	0.0
-ami	0.0599945898784	0.392139892281	0.00299668089068	0.54486883695
-sto	0.288527332168	0.209686003193	0.376339998479	0.12544666616
-amo	0.0404987600777	0.899034900323	0.0295845813071	0.0308817582921
-ama	0.262567014117	0.145128798127	0.0410666971202	0.551237490637
-oas	0.0357142857143	0.964285714286	0.0	0.0
-137	0.0	0.0	0.0	1.0
-usi	0.0286100908564	0.940073458341	0.0231973709646	0.00811907983764
-eil	0.0	1.0	0.0	0.0
-ein	0.123051681706	0.857260049221	0.00984413453649	0.00984413453649
-gus	0.0	1.0	0.0	0.0
-usa	0.0555555555555	0.944444444444	0.0	0.0
-7po	0.152854511971	0.377532228361	0.0331491712707	0.436464088398
-bal	0.0202020202021	0.919191919192	0.0606060606062	0.0
-eon	0.0	1.0	0.0	0.0
-na꞉	0.0139356338303	0.00963829796876	0.0017357817291	0.974690286472
-910	0.0	0.0	0.0	1.0
-912	0.0	0.0	0.0	1.0
-133	0.0	0.333333333333	0.0	0.666666666667
-eis	0.0851063829787	0.914893617021	0.0	0.0
-kan	0.0	1.0	0.0	0.0
-epe	0.376164467882	0.281307623296	0.0582631419542	0.284264766868
-epa	0.275484959592	0.60112998651	0.0372997043935	0.086085349505
-epo	0.289186414766	0.162641960694	0.0632660953077	0.484905529232
-130	0.0	0.0	0.222222222222	0.777777777778
-epi	0.119716415099	0.704199962332	0.0718917319127	0.104191890656
-dta	0.0913247463615	0.725834917538	0.014853906219	0.167986429882
-epu	0.0606196677144	0.939380332286	0.0	0.0
-꞉ti	0.740820734341	0.259179265659	0.0	0.0
-bad	0.0	1.0	0.0	0.0
-꞉ta	0.0955165474116	0.0318521601639	0.00952360587524	0.863107686549
-pie	0.222222222222	0.111111111111	0.222222222222	0.444444444445
-eko	0.0	1.0	0.0	0.0
-npo	0.112893109936	0.777170504435	0.0546546008422	0.0552817847863
-pil	0.0	1.0	0.0	0.0
-pim	0.0	1.0	0.0	0.0
-350	0.0	0.0	0.0	1.0
-pis	0.0	1.0	0.0	0.0
-0po	0.26	0.64	0.02	0.08
-ëpa	0.428571428571	0.285714285714	0.285714285714	0.0
--yu	0.0818885337909	0.766942537197	0.0555015564697	0.0956673725427
-uel	0.0	1.0	0.0	0.0
-0ye	0.0388035569927	0.408245755861	0.145513338723	0.407437348424
-owo	0.323741007194	0.525179856115	0.0863309352518	0.0647482014389
-owa	0.418736169161	0.277307448104	0.096131345818	0.207825036918
-owe	0.379714349267	0.358996804855	0.0786729888115	0.182615857066
-sda	0.0	0.978571428571	0.0	0.0214285714286
-175	0.0	0.0	0.0	1.0
-agi	0.0956175298805	0.90438247012	0.0	0.0
-age	0.0482758620689	0.951724137931	0.0	0.0
-one	0.0714285714286	0.857142857143	0.0	0.0714285714286
-ega	0.0	0.993288590604	0.0	0.00671140939597
-ona	0.010781671159	0.928571428571	0.0363881401617	0.0242587601078
-ua꞉	0.0393842506468	0.0276368960221	0.00609968157094	0.92687917176
-sib	0.25	0.75	0.0	0.0
-ehi	0.0	1.0	0.0	0.0
-úta	0.20699691816	0.699977171556	0.0388083552106	0.0542175550736
-oni	0.0597014925373	0.791044776119	0.0	0.149253731343
-450	0.0688073394495	0.0653669724771	0.0344036697248	0.831422018349
-ana	0.580389306981	0.156115144773	0.072826839859	0.190668708386
-dan	0.0537875392201	0.91931869117	0.013446884805	0.013446884805
-kta	0.241020793951	0.685255198488	0.0113421550094	0.0623818525521
-dad	0.0	1.0	0.0	0.0
-ani	0.192686890504	0.657712255444	0.0424394707697	0.107161383283
-ank	0.220501770048	0.191873172233	0.03657072495	0.551054332769
-595	0.0	0.0	0.4	0.6
-dab	0.0	1.0	0.0	0.0
-ano	0.040404040404	0.929292929293	0.030303030303	0.0
-tam	0.00521376433785	0.994786235662	0.0	0.0
-tan	0.0	1.0	0.0	0.0
-tao	0.358565737052	0.466135458167	0.175298804781	0.0
-tai	0.0	1.0	0.0	0.0
-777	0.0	0.0	0.0	1.0
-tad	0.0	1.0	0.0	0.0
-mna	0.0	1.0	0.0	0.0
-tat	0.0	1.0	0.0	0.0
-tau	0.75	0.25	0.0	0.0
-lha	0.0	1.0	0.0	0.0
-tas	0.036036036036	0.963963963964	0.0	0.0
-ges	0.0142857142857	0.957142857143	0.0285714285714	0.0
-tus	0.0796487927249	0.886798369395	0.00878018187519	0.024772656005
-205	0.0	1.0	0.0	0.0
-min	0.0267591674926	0.96432111001	0.00891972249753	0.0
-mis	0.0	0.988950276243	0.0110497237569	0.0
-eni	0.385639779229	0.210289128563	0.126183604233	0.277887487974
-ene	0.430825778266	0.3830000173	0.0650633764872	0.121110827947
-ena	0.323612104849	0.163725094453	0.100598680127	0.412064120571
