-tɔb	0.0692895783775	0.132245531324	0.109011758983	0.689453131316
-nyi	0.830422869461	0.0711667664957	0.0452761369558	0.0531342270876
-tɔn	0.388035569927	0.44219886823	0.105092966855	0.0646725949879
-eus	0.0239009240147	0.958783927159	0.00407415266499	0.0132409961612
-hel	0.21778584392	0.78221415608	0.0	0.0
-hem	0.0225641025641	0.957948717949	0.0	0.0194871794872
-wɔŋ	0.883003122934	0.0457230823896	0.0460309923951	0.0252428022812
-sɔŋ	0.416007745683	0.493323382282	0.0579917702114	0.0326771018235
-hee	0.0341610618445	0.036115464332	0.00628115000448	0.923442323819
-lɔe	0.726973684211	0.134868421053	0.0394736842105	0.0986842105263
-lem	0.0161843837804	0.946750163295	0.0070916838602	0.0299737690641
-hbi	0.201923076923	0.798076923077	0.0	0.0
-aus	0.244372990354	0.694533762058	0.0128617363344	0.048231511254
-hbo	0.0579579825063	0.912940407096	0.0180658873539	0.0110357230442
-mba	0.101465614431	0.757609921082	0.0270574971815	0.113866967306
-aen	0.205717908813	0.499740619056	0.17926105251	0.115280419621
-mɔr	0.275110461603	0.426546783864	0.187774011203	0.110568743331
-fii	0.488775076524	0.074591683344	0.00922629500226	0.42740694513
-jɔŋ	0.129251808605	0.560826246986	0.274225790075	0.0356961543343
-nse	0.0769230769231	0.923076923077	0.0	0.0
-fum	0.040170313933	0.596055213687	0.0824926089697	0.281281863411
-aum	0.00359281437126	0.994011976048	0.00239520958084	0.0
-puu	0.234568734173	0.636892705985	0.0776967942664	0.0508417655757
-ɔkn	0.0	0.495663775851	0.0	0.504336224149
-pur	0.360840594567	0.524090210149	0.0707329574578	0.0443362378267
-pus	0.0419847328245	0.935114503817	0.0152671755725	0.00763358778625
-nta	0.0	1.0	0.0	0.0
-uah	0.482678601028	0.336316923587	0.120669650257	0.0603348251285
-nte	0.017175861638	0.942227569988	0.00117642887932	0.0394201394951
-nah	0.00580348969363	0.985491275766	0.00870523454044	0.0
-ŋir	0.53642384106	0.19626730885	0.229379891632	0.0379289584587
-nai	0.0149279439628	0.982660618935	0.00241143710168	0.0
-tɔm	0.106870229008	0.885496183206	0.0	0.00763358778625
-pul	0.38698630137	0.541095890411	0.0239726027397	0.0479452054794
-pun	0.772413793103	0.165517241379	0.0	0.0620689655172
-pui	0.21533115001	0.770686307781	0.00664830308779	0.00733423912066
-puk	0.442754316361	0.393255343505	0.125099970205	0.038890369929
-nab	0.334894613583	0.331772053084	0.064012490242	0.269320843091
-ŋuŋ	0.669291338583	0.330708661417	0.0	0.0
-ake	0.0	0.59925093633	0.40074906367	0.0
-dea	0.0126140348534	0.977991861958	0.00719054811939	0.00220355506884
-dee	0.0152946468736	0.964912280702	0.00179937022042	0.0179937022042
-oku	0.220367278798	0.714524207012	0.0350584307179	0.0300500834724
-dek	0.274126627355	0.649513373304	0.0369297729808	0.0394302263597
-den	0.43137254902	0.549019607843	0.0196078431372	0.0
-okr	0.328638497653	0.37558685446	0.0704225352113	0.225352112676
-ima	0.0997906111212	0.123644919488	0.0214159308039	0.755148538587
-okl	0.464623799323	0.398519561109	0.0537544131347	0.0831022264338
-ɔli	0.485234968042	0.12774421904	0.233125155402	0.153895657516
-des	0.032	0.872	0.064	0.032
-ɔln	0.338256528164	0.47891903878	0.143126845399	0.0396975876574
-imi	0.019736611843	0.0205239841644	0.00662900294333	0.953110401049
-yum	0.0246913580247	0.0493827160494	0.0	0.925925925926
-ɔla	0.765243380212	0.234756619788	0.0	0.0
-imm	0.0491803278689	0.885245901639	0.0655737704918	0.0
-yaŋ	0.3840105582	0.364373003013	0.122849155316	0.128767283471
-ido	0.237526959022	0.396017253774	0.224744787922	0.141710999281
-kor	0.0968660968661	0.766381766382	0.129426129426	0.00732600732601
-obi	0.112156129698	0.887843870302	0.0	0.0
-bir	0.150324108394	0.62874739408	0.164547963441	0.0563805340846
-pɔr	0.234007791881	0.663189644338	0.0575593816765	0.0452431821038
-idi	0.187179487179	0.595897435898	0.13641025641	0.0805128205128
-ɔja	0.06	0.94	0.0	0.0
-kpu	0.294736842105	0.305263157895	0.4	0.0
-ida	0.003003003003	0.996996996997	0.0	0.0
-ait	0.0	1.0	0.0	0.0
-kpo	0.490892987508	0.246459413421	0.216084176095	0.0465634229767
-bin	0.157625529762	0.301404939431	0.0360634975894	0.504906033218
-kpa	0.586339336818	0.0670762270538	0.0288198855177	0.31776455061
-bil	0.166183083541	0.621040520107	0.080352070326	0.132424326026
-bim	0.105086166991	0.763985947723	0.0728903851684	0.0580375001183
-bik	0.178660562144	0.778997917348	0.0382106404585	0.00413088004957
-bii	0.402555569456	0.15608358366	0.223376654807	0.217984192076
-eem	0.34008097166	0.238866396761	0.279352226721	0.141700404858
-ter	0.432781344794	0.338502897565	0.0741030943772	0.154612663264
-uta	0.0	1.0	0.0	0.0
-ute	0.0355568530141	0.912275580207	0.0119398627938	0.0402277039848
-hln	0.602895259722	0.213170593244	0.183934147034	0.0
-ril	0.0	1.0	0.0	0.0
-haŋ	0.334311836488	0.490689603289	0.0498238431565	0.125174717066
-tea	0.0288924558587	0.966292134831	0.00481540930979	0.0
-teb	0.83462708812	0.0492454822083	0.0543998012792	0.0617276283922
-tee	0.119131892061	0.379105209011	0.153741916018	0.34802098291
-juŋ	0.118361153263	0.776934749621	0.104704097117	0.0
-lau	0.216871238042	0.246889602296	0.034165561193	0.502073598469
-tem	0.0625	0.859375	0.0	0.078125
-toŋ	0.488303421891	0.378087032064	0.0745523725196	0.0590571735254
-jin	0.584983821943	0.18829664673	0.0638236591823	0.162895872144
-bɔɔ	0.495881329428	0.259233971324	0.108495033368	0.136389665881
-jil	0.282097632079	0.651351165986	0.0417186638991	0.0248325380352
-hɔl	0.0297076077688	0.931672502132	0.0326783685457	0.00594152155377
-hɔk	0.23275862069	0.76724137931	0.0	0.0
-oya	0.019801980198	0.960396039604	0.019801980198	0.0
-hɔi	0.234720922981	0.678749610228	0.00233863423761	0.0841908325538
-arm	0.590153846154	0.258461538462	0.096	0.0553846153846
-arn	0.880395563277	0.103968996392	0.00360817853802	0.0120272617934
-lus	0.178758876196	0.765668416178	0.0379746835443	0.0175980240815
-luu	0.567418546366	0.30626566416	0.0661654135339	0.0601503759399
-ark	0.089552238806	0.850746268657	0.0149253731343	0.044776119403
-mee	0.747573376521	0.177572279536	0.0109266671208	0.0639276768217
-luk	0.199802664035	0.664528860385	0.0690675875679	0.0666008880118
-lul	0.212443493161	0.303279004895	0.0518868752084	0.432390626736
-lun	0.463492214241	0.400993294488	0.0267763573114	0.10873813396
-ilb	0.214505323942	0.387146405365	0.335841668798	0.0625066018955
-jir	0.134580673973	0.714320537392	0.0777804655663	0.073318323068
-lue	0.698238364506	0.19084384515	0.0277294475859	0.0831883427577
-mek	0.0	1.0	0.0	0.0
-rak	0.0	1.0	0.0	0.0
-aya	0.0110610274608	0.980707138519	0.000239762155942	0.00799207186471
-kɔr	0.299310651545	0.644726113705	0.0413609072715	0.0146023274776
-kia	0.0	1.0	0.0	0.0
-jɔr	0.154168537644	0.566831312678	0.21254303248	0.066457117198
-jɔn	0.346940895398	0.482497143451	0.0677261867664	0.102835774384
-eka	0.117923420249	0.771670190275	0.082217524078	0.0281888653982
-mor	0.0648148148148	0.935185185185	0.0	0.0
-ujɔ	0.187919463087	0.812080536913	0.0	0.0
-sri	0.0	1.0	0.0	0.0
-tɔŋ	0.601842698985	0.329554759328	0.0380760069177	0.0305265347693
-gon	0.326840981857	0.639140875133	0.0180096051227	0.0160085378869
-sii	0.130152068064	0.771629123464	0.0538492551663	0.0443695533065
-lɔŋ	0.348837209302	0.43023255814	0.197674418605	0.0232558139535
-sɔm	0.372812550603	0.587420777333	0.0298250040482	0.00994166801607
-ŋni	0.574554753338	0.314341529262	0.0722946541882	0.0388090632115
-ŋɔb	0.15332146242	0.798841867946	0.014162526207	0.0336741434274
-ubo	0.0924854103124	0.783640337184	0.084223924686	0.0396503278177
-ŋɔi	0.307425251339	0.655897668136	0.0183385402622	0.0183385402622
-ŋɔk	0.0335707019329	0.954221770092	0.0122075279756	0.0
-ota	0.0	0.973451327434	0.0265486725664	0.0
-gii	0.332911819114	0.300310034513	0.325015041904	0.0417631044689
-tei	0.737226277372	0.153284671533	0.0656934306569	0.043795620438
-oti	0.0734385816527	0.869833992819	0.0118788198756	0.0448486056528
-ŋal	0.307068717327	0.544965527692	0.0811425107962	0.0668232441851
-njɔ	0.0669056152927	0.873835125448	0.0286738351255	0.0305854241338
-uma	0.214131188744	0.13213925729	0.0754783990541	0.578251154912
-ŋub	0.619871946882	0.140147023951	0.0678207256344	0.172160303533
-ɔju	0.0714285714286	0.875	0.0535714285714	0.0
-ŋun	0.931391761026	0.0493424568704	0.00187500445369	0.0173907776503
-ŋum	0.84903063909	0.13979843769	0.00534261545311	0.00582830776703
-ŋul	0.88064516129	0.0451612903225	0.0548387096774	0.0193548387097
-akn	0.0965665236052	0.628755364807	0.0450643776824	0.229613733906
ALL	0.263342830303	0.357878468894	0.0658458188504	0.312932881952
-akl	0.310266855781	0.569520832067	0.067208273631	0.0530040385201
-nan	0.77630056002	0.0140894084787	0.00535569038039	0.204254341121
-nam	0.0	1.0	0.0	0.0
-ibɔ	0.0761421319797	0.911675126904	0.0121827411167	0.0
-kii	0.429579835245	0.408385697603	0.0394075417219	0.12262692543
-naa	0.11874639209	0.111135313172	0.0289509994085	0.741167295329
-akb	0.416666666667	0.236111111111	0.0	0.347222222222
-kim	0.0	1.0	0.0	0.0
-sik	0.140042254128	0.384088765218	0.070710990385	0.405157990268
-lar	0.0176470588235	0.964705882353	0.0176470588235	0.0
-sin	0.137749323599	0.716739647346	0.0229809791658	0.122530049888
-sim	0.069769522049	0.827628239644	0.0451449848552	0.0574572534521
-sil	0.47553276779	0.125366756633	0.0764008109572	0.32269966462
-nar	0.0	0.0218213158354	0.978178684165	0.0
-nas	0.016583174987	0.944722750043	0.0193470374849	0.0193470374849
-sia	0.0249198154264	0.944729280187	0.0148803491159	0.0154705552707
-eer	0.354526141031	0.357231361478	0.188943129259	0.0992993682324
-akr	0.501067707436	0.311108418529	0.0706135714267	0.117210302608
-puŋ	0.358563890705	0.568531162093	0.0389586521087	0.0339462950937
-goi	0.617021276596	0.255319148936	0.0425531914894	0.0851063829787
-mos	0.0523255813953	0.936046511628	0.0	0.0116279069767
-gol	0.327937334566	0.5487752818	0.0934425991233	0.0298447845109
-wul	0.266673190781	0.689289034594	0.0440377746245	0.0
-wub	0.53108348135	0.436944937833	0.0213143872114	0.0106571936057
-gob	0.22935203601	0.136710980844	0.00879304930389	0.625143933843
-gog	0.0530035335689	0.918727915194	0.0282685512367	0.0
-uku	0.100626038305	0.771360290992	0.0276371343047	0.100376536398
-lki	0.0	1.0	0.0	0.0
-moo	0.311814625007	0.0960213809445	0.153248470822	0.438915523227
-mon	0.00988430866	0.986165711932	0.00144146167958	0.00250851772811
-gor	0.392583009918	0.0560586459681	0.513842173351	0.0375161707632
-pɔŋ	0.0755344512183	0.636184783521	0.270348125763	0.0179326394979
-biŋ	0.178797098058	0.761993915282	0.047975661128	0.0112333255324
-lpu	0.423026829904	0.0591299817661	0.255274811149	0.262568377182
-yar	0.145009194648	0.642603726154	0.200548583034	0.0118384961642
-ber	0.331937172775	0.543455497382	0.0994764397905	0.0251308900524
-deŋ	0.378801178146	0.587161331851	0.0198958394289	0.0141416505744
-mfa	0.0	1.0	0.0	0.0
-bet	0.0247933884298	0.97520661157	0.0	0.0
-sub	0.401912057994	0.503666294627	0.0772331006966	0.0171885466823
-eon	0.0791878172589	0.899492385787	0.0121827411167	0.00913705583755
-yaa	0.164029067499	0.22978068786	0.0140310118545	0.592159232786
-bel	0.0534097826181	0.914079914919	0.0185773156932	0.0139329867699
-yab	0.736842105263	0.157894736842	0.0	0.105263157895
-yam	0.390697674419	0.553488372093	0.0186046511628	0.0372093023256
-yal	0.42654028436	0.308056872038	0.00947867298576	0.255924170616
-yan	0.175392223021	0.0385806168908	0.0220604525689	0.763966707519
-bef	0.0325203252033	0.967479674797	0.0	0.0
-bed	0.287878787879	0.712121212121	0.0	0.0
-bee	0.626511965118	0.0586372419714	0.0264806961718	0.288370096739
-gaŋ	0.892800961016	0.0490804564826	0.0215084517919	0.0366101307096
-rem	0.0	1.0	0.0	0.0
-rea	0.0452093573511	0.926510147459	0.00526738306832	0.023013112122
-ref	0.0125470514429	0.981681304893	0.00451693851945	0.00125470514429
-akm	0.142384947877	0.746132331945	0.0702145553404	0.041268164838
-red	0.0	1.0	0.0	0.0
-luŋ	0.0666163630484	0.856419101002	0.0148754985448	0.0620890374043
-eva	0.80303030303	0.19696969697	0.0	0.0
-res	0.0569832402235	0.91843575419	0.0128491620112	0.0117318435754
-ist	0.0	1.0	0.0	0.0
-ret	0.0334870663726	0.958091036695	0.00300782033287	0.00541407659916
-reu	0.0	1.0	0.0	0.0
-ɔye	0.12426035503	0.177514792899	0.378698224852	0.319526627219
-hab	0.0200333889816	0.966611018364	0.0133555926544	0.0
-ɔya	0.0206540447504	0.958691910499	0.0206540447504	0.0
-juu	0.0492956124894	0.70717184823	0.161871591719	0.0816609475614
-mas	0.0340909090909	0.9420995671	0.0021645021645	0.021645021645
-mar	0.602687209353	0.322788284944	0.026113307517	0.0484111981861
-hal	0.0759352219559	0.866065949309	0.0254433480091	0.0325554807265
-ham	0.0320857508298	0.786214199817	0.0722183200456	0.109481729307
-dil	0.212848378685	0.69403045564	0.0	0.0931211656747
-mak	0.233777777778	0.683111111111	0.0311111111111	0.052
-has	0.0	1.0	0.0	0.0
-mam	0.258806249842	0.596758591	0.07338752564	0.0710476335182
-mal	0.118411944588	0.786343284236	0.0337343485766	0.0615104225994
-iik	0.0759603073758	0.613083040775	0.0446451945858	0.266311457264
-man	0.315740647995	0.194112450366	0.0698805093492	0.42026639229
-maa	0.219862073329	0.123464344709	0.113742050767	0.542931531195
-juk	0.151359671626	0.68872926287	0.150504532239	0.00940653326491
-kak	0.0434782608696	0.934782608696	0.0	0.0217391304348
-mae	0.584934903906	0.401425914445	0.0	0.0136391816491
-jum	0.0588235294118	0.941176470588	0.0	0.0
-geŋ	0.0327868852459	0.540983606557	0.360655737705	0.0655737704918
-unn	0.215630832471	0.407035803763	0.128646480017	0.248686883748
-ɔra	0.0	0.814814814815	0.0	0.185185185185
-uni	0.477778432412	0.215656238339	0.0369213849447	0.269643944304
-ɔrb	0.0590762936533	0.673698998936	0.226312169716	0.0409125376942
-una	0.0538073676707	0.662078012545	0.106670746435	0.177443873349
-ɔrk	0.147657009053	0.563539833082	0.281827236177	0.00697592168755
-boŋ	0.0513805497077	0.404164873079	0.371897312171	0.172557265042
-nko	0.0176954519584	0.0444145495938	0.0189889791483	0.918901019299
-doŋ	0.621951219512	0.164165103189	0.121013133208	0.09287054409
-gad	0.0	1.0	0.0	0.0
-tra	0.0237717908083	0.976228209192	0.0	0.0
-lab	0.591726303789	0.36091721888	0.00964583922343	0.0377106381068
-gaa	0.620447439304	0.241583198958	0.0175927637059	0.120376598032
-gan	0.19767291104	0.522916419549	0.130919442889	0.148491226522
-irk	0.336392772407	0.522515336297	0.105447624022	0.0356442672749
-gai	0.0	1.0	0.0	0.0
-laŋ	0.674618156856	0.211429552085	0.101596018534	0.0123562725245
-uŋa	0.0873786407767	0.0388349514563	0.0	0.873786407767
-fee	0.396968006002	0.188765388918	0.261946018973	0.152320586107
-gar	0.645364830985	0.156670496934	0.166528080284	0.0314365917967
-lam	0.0	1.0	0.0	0.0
-ben	0.025974025974	0.948051948052	0.025974025974	0.0
-nki	0.0615015155731	0.938498484427	0.0	0.0
-nor	0.0	0.966386554622	0.0336134453782	0.0
-ɔkr	0.0635144772609	0.892694419402	0.0151183571045	0.0286727462327
-ini	0.458022541355	0.400006930309	0.0769306291828	0.0650398991535
-sem	0.0	1.0	0.0	0.0
-nos	0.0	1.0	0.0	0.0
-sek	0.0	1.0	0.0	0.0
-loŋ	0.13883706773	0.748901936911	0.0332200904634	0.0790409048956
-inn	0.507632024771	0.407942633272	0.0441912805066	0.0402340614503
-sef	0.0152655856606	0.966424287718	0.0100770017704	0.00823312485069
-see	0.150738483419	0.0666626953248	0.0452174495795	0.737381371677
-uir	0.209016393443	0.572950819672	0.181967213115	0.0360655737705
-lba	0.0241379310345	0.820689655172	0.155172413793	0.0
-sea	0.0135135135135	0.970720720721	0.0112612612613	0.00450450450451
-ɔkb	0.01990177786	0.934627272725	0.0388809567463	0.00658999266887
-kni	0.255660765747	0.706051873199	0.0247015232606	0.0135858377933
-guu	0.400330783388	0.312475393747	0.191462548577	0.0957312742883
-ija	0.0782056329404	0.847073186311	0.0375853937415	0.0371357870071
-uin	0.79108777416	0.164652726053	0.0325021083281	0.0117573914596
-ohn	0.127739511584	0.845961177207	0.0187852222918	0.00751408891672
-aar	0.25290015344	0.616884588864	0.0870162385021	0.0431990191941
-int	0.0382385930143	0.922398149471	0.00674798700254	0.0326152705122
-ser	0.0	1.0	0.0	0.0
-ɔkl	0.0938445169697	0.854272017597	0.0218771294337	0.0300063359993
-ɔkm	0.214413229353	0.550916095086	0.177011494253	0.0576591813085
-lat	0.0432889162387	0.894511372512	0.032945965776	0.0292537454735
-kuu	0.822306238185	0.155009451796	0.0226843100189	0.0
-eda	0.0314285714286	0.968571428571	0.0	0.0
-kus	0.0407044612496	0.940110643049	0.0109627975435	0.00822209815764
-kur	0.0992660688031	0.808216482646	0.0445408936656	0.0479765548851
-uja	0.0514975646909	0.8067489969	0.0172840840356	0.124469354374
-ooh	0.799294177759	0.0983972448376	0.00566400564024	0.0966445717636
-ook	0.136511042614	0.654513660207	0.129477002308	0.0794982948708
-ian	0.0534611262959	0.86634718426	0.0801916894438	0.0
-oom	0.0366314565365	0.0601802500242	0.876441515651	0.0267467777885
-ool	0.0736637136029	0.852150179747	0.0181704666073	0.0560156400432
-oon	0.208521683918	0.443247904393	0.224948155301	0.123282256388
-fos	0.0177777777778	0.982222222222	0.0	0.0
-kub	0.0233737879664	0.052205740705	0.0825788223207	0.841841649008
-ias	0.0260245652438	0.925452997689	0.0207953301715	0.0277271068953
-cha	0.427998262353	0.120697650768	0.0124887412052	0.438815345673
-saŋ	0.157171808151	0.632064850259	0.156721459131	0.0540418824589
-kun	0.189257999704	0.535935094336	0.217046908005	0.0577599979553
-kum	0.163366336634	0.722772277228	0.0049504950495	0.108910891089
-kul	0.120582701066	0.807494939833	0.0393436667357	0.0325786923648
-kui	0.00392037287102	0.0280960055756	0.0535784292373	0.914405192316
-aah	0.20921253659	0.0547372382217	0.014138543086	0.721911682102
-ban	0.616800738561	0.0928954468105	0.0229803680788	0.26732344655
-uul	0.159273333464	0.451881070143	0.129820590516	0.259025005878
-bal	0.0399162804604	0.911645985947	0.0385707878607	0.00986694573179
-pɔɔ	0.132959993593	0.217524537093	0.494269271111	0.155246198203
-bak	0.326131267835	0.262128006523	0.181002853649	0.230737871993
-uuk	0.259052189562	0.661475704859	0.0501019796041	0.0293701259748
-uud	0.0727272727273	0.872727272727	0.0545454545454	0.0
-bae	0.670301917116	0.212776948686	0.0431064171737	0.0738147170245
-hon	0.0	1.0	0.0	0.0
-hoo	0.730213446284	0.104010301559	0.0739339441444	0.0918423080122
-baa	0.266420344325	0.1995950903	0.0478284533893	0.486156111986
-hor	0.0	1.0	0.0	0.0
-ekr	0.352315394243	0.28535669587	0.0431789737171	0.31914893617
-jon	0.340842311459	0.146805963652	0.0137120470127	0.498639677876
-joo	0.423266166591	0.125344302774	0.037392307214	0.413997223421
-idɔ	0.0579104477612	0.915223880597	0.0250746268657	0.00179104477612
-bar	0.386734083056	0.505082819803	0.0772443704965	0.0309387266445
-bas	0.0693382370791	0.904947442527	0.0121986745321	0.0135156458622
-job	0.212012550426	0.203047960556	0.576871358135	0.00806813088301
-uur	0.178328869787	0.700178192204	0.0745502119182	0.0469427260909
-dru	0.00450337753315	0.991243432574	0.0	0.00425318989242
-ase	0.0	0.976744186047	0.0	0.0232558139535
-nya	0.499606347235	0.116543396059	0.0697486166709	0.314101640035
-yɔk	0.171983538148	0.741345705284	0.0735862681569	0.0130844884109
-asa	0.0528301886792	0.811320754717	0.0150943396226	0.120754716981
-nye	0.0623950138932	0.0306194573774	0.00394905151223	0.903036477217
-yer	0.159240924092	0.613036303631	0.151815181518	0.075907590759
-yɔb	0.407683486238	0.581995412844	0.0103211009174	0.0
-yeh	0.353088107936	0.495127398696	0.0482246228178	0.10355987055
-yek	0.446650124069	0.508684863524	0.0446650124069	0.0
-nyu	0.58832769617	0.348020136547	0.0397203628009	0.0239318044827
-lta	0.037037037037	0.925925925926	0.0	0.037037037037
-yee	0.537406613171	0.197219147759	0.0485092695075	0.216864969563
-mbo	0.100306278714	0.83078101072	0.0	0.0689127105666
-bɔr	0.0975800756848	0.453633007265	0.0109863358308	0.437800581219
-dia	0.0912371134021	0.901546391753	0.0	0.00721649484536
-ras	0.0874438994325	0.902268582987	0.0102875175803	0.0
-ran	0.157894736842	0.842105263158	0.0	0.0
-eri	0.0	1.0	0.0	0.0
-ral	0.0	1.0	0.0	0.0
-ram	0.0	1.0	0.0	0.0
-erm	0.175179881741	0.585880173826	0.176533447318	0.0624064971148
-ern	0.0545454545455	0.372727272727	0.490909090909	0.0818181818182
-bɔm	0.169287318767	0.524402695528	0.227894629365	0.0784153563406
-era	0.0	1.0	0.0	0.0
-erb	0.232464028777	0.660071942446	0.0885791366907	0.0188848920863
-bɔn	0.0598014723474	0.815260748975	0.0938454129204	0.0310923657576
-bɔk	0.10471431675	0.610254182055	0.102541820552	0.182489680643
-raa	0.388275621111	0.490693963116	0.0480552224289	0.0729751933446
-gem	0.218626897416	0.37508391962	0.0736455633617	0.332643619602
-por	0.108140876	0.404451046789	0.480045027173	0.00736305003737
-opa	0.732142857143	0.232142857143	0.0	0.0357142857143
-pok	0.265776324469	0.454507630533	0.248380474883	0.0313355701151
-poi	0.679389312977	0.267175572519	0.030534351145	0.0229007633588
-poo	0.397135121022	0.560870899094	0.030313535148	0.0116804447359
-pol	0.136265842066	0.681800401287	0.146350498248	0.0355832583976
-laa	0.381763793399	0.400529155359	0.0466993681722	0.171007683069
-ika	0.0020942408377	0.948691099476	0.0450261780105	0.00418848167539
-iko	0.0734089477001	0.852551984877	0.0494643982356	0.0245746691872
-aat	0.0	1.0	0.0	0.0
-lan	0.0651729189819	0.64027578934	0.271691212051	0.0228600796265
-ikl	0.311447915593	0.590218922913	0.0534488091556	0.0448843523387
-ubɔ	0.030303030303	0.969696969697	0.0	0.0
-lai	0.104651162791	0.755813953488	0.139534883721	0.0
-fon	0.190206671812	0.695909441729	0.0585713060629	0.0553125803962
-lak	0.252520692649	0.653179600071	0.0512635992596	0.0430361080205
-aam	0.14821423264	0.428781371241	0.328099563656	0.0949048324625
-aal	0.143058554907	0.700969562449	0.0700075412099	0.0859643414336
-iku	0.212241653418	0.720985691574	0.033386327504	0.0333863275039
-aan	0.130343891907	0.351157695986	0.0685376668301	0.449960745276
-iks	0.079042317687	0.883563724654	0.00783705699448	0.0295569006649
-ikr	0.609759016501	0.21102966938	0.116103608682	0.0631077054361
-aak	0.0735239998535	0.780102967565	0.0885407468574	0.0578322857239
-las	0.0882117696653	0.892902159545	0.012437168569	0.00644890222096
-aad	0.0891891891891	0.781081081081	0.12972972973	0.0
-aaf	0.0	1.0	0.0	0.0
-suu	0.137404580153	0.854961832061	0.0	0.00763358778627
-aab	0.062234686264	0.484687562845	0.0703512949625	0.382726455928
-ahn	0.145917482606	0.201051557511	0.0230639499228	0.629967009961
-gen	0.138982753324	0.751086145609	0.0901829990784	0.019748101988
-ish	0.0384615384615	0.923076923077	0.0384615384615	0.0
-ahm	0.426321353334	0.486618516819	0.0312323335776	0.0558277962699
-bol	0.131116496647	0.802381826471	0.0268977503839	0.0396039264981
-bon	0.247055122356	0.681093911929	0.0420748898335	0.0297760758822
-boo	0.342397163341	0.465904748445	0.0687010489552	0.122997039258
-gee	0.507134936533	0.337100925924	0.073738348263	0.08202578928
-aka	0.155054471751	0.628071953382	0.15809475551	0.0587788193565
-ahr	0.135055543796	0.282567370162	0.181805539725	0.400571546317
-doo	0.458496265053	0.191494768147	0.102909582764	0.247099384036
-dom	0.00946670874092	0.985326601452	0.0	0.00520668980751
-dok	0.309826589595	0.676300578035	0.0	0.0138728323699
-get	0.0	1.0	0.0	0.0
-sar	0.0545832611332	0.895512042973	0.0343094784266	0.0155952174666
-haa	0.531099557096	0.252262661275	0.0581552089351	0.158482572694
-ton	0.429753314509	0.368870626649	0.158514019126	0.042862039716
-too	0.493416774387	0.350491505584	0.111908424074	0.0441832959542
-ooŋ	0.284863153975	0.596443865202	0.0949543846584	0.0237385961646
-tok	0.194394353135	0.531866659797	0.157967953011	0.115771034056
-lfa	0.0627791316006	0.889787746746	0.0474331216538	0.0
-oli	0.420603101795	0.202364989164	0.245218666599	0.131813242441
-saa	0.144136976905	0.204304985962	0.0387165307925	0.612841506341
-ibo	0.119638069705	0.715482573727	0.0945040214477	0.0703753351207
-olm	0.120449735476	0.234545258388	0.456344785099	0.188660221036
-oln	0.16616413537	0.513981744544	0.191599000329	0.128255119757
-sad	0.0	1.0	0.0	0.0
-sak	0.0561443248928	0.933662325055	0.00533937383707	0.00485397621552
-olb	0.20716112532	0.470588235294	0.314578005115	0.0076726342711
-san	0.299273980058	0.447736580332	0.101583759946	0.151405679664
-sam	0.259196473979	0.437362264791	0.0993388709951	0.204102390236
-sal	0.144046460103	0.714559065427	0.0390748262782	0.102319648192
-lon	0.0190114068441	0.956273764259	0.0133079847909	0.0114068441065
-ɔlk	0.152570490951	0.833400038616	0.0	0.0140294704323
-iel	0.0556240214014	0.925248048268	0.0114767581984	0.00765117213224
-ɔdu	0.284946236559	0.698924731183	0.0	0.0161290322581
-loi	0.027027027027	0.954954954955	0.018018018018	0.0
-loe	0.121212121212	0.848484848485	0.0	0.030303030303
-rod	0.0204158145876	0.928084526244	0.0390252215406	0.0124744376278
-ɔda	0.0840336134454	0.831932773109	0.0672268907563	0.0168067226891
-rom	0.0144271495129	0.66195468022	0.291057814485	0.0325603557815
-lot	0.019188456	0.918449062	0.0575653679998	0.00479711399998
-los	0.053128330035	0.922768559395	0.00964124422794	0.0144618663419
-ipi	0.0461834509301	0.913406029506	0.0134701731879	0.0269403463759
-buŋ	0.074962284763	0.810331373875	0.0515008063258	0.0632055350361
-ipa	0.0232953166707	0.965542344091	0.00461053142441	0.00655180781364
-yeŋ	0.552380952381	0.380952380952	0.0619047619048	0.0047619047619
-ipt	0.0117003827228	0.921049753964	0.0642974302898	0.00295243302351
-baŋ	0.24839532446	0.668600811852	0.0122363365395	0.0707675271485
-har	0.127994955864	0.405422446406	0.330390920555	0.136191677175
-pii	0.124672741015	0.678111101835	0.0278050905635	0.169411066587
-orb	0.0630350344935	0.854721830373	0.047614446656	0.0346286884771
-olu	0.340384615385	0.613461538462	0.0346153846154	0.0115384615385
-poŋ	0.474226804124	0.226804123711	0.298969072165	0.0
-sto	0.00763187914124	0.979244255191	0.00325298735481	0.00987087831332
-sta	0.116910229645	0.776617954071	0.106471816284	0.0
-obo	0.0633154259401	0.8944742901	0.0	0.0422102839601
-sab	0.125838412039	0.198018453577	0.57175445167	0.104388682714
-gɔr	0.425759520753	0.317263348072	0.231398278895	0.0255788522797
-isa	0.0777367543737	0.906373167578	0.0158900780483	0.0
-bɔŋ	0.0617321270291	0.744061568663	0.150180979263	0.0440253250448
-ibi	0.15415821501	0.720081135903	0.121703853955	0.00405679513184
-mue	0.185413682935	0.333039550512	0.0708383827256	0.410708383827
-lek	0.27731092437	0.401260504202	0.0819327731093	0.239495798319
-ois	0.0190476190476	0.980952380952	0.0	0.0
-ion	0.0281989593241	0.937559447211	0.0241705365635	0.0100710569015
-len	0.732137715348	0.140614204223	0.00589738840904	0.12135069202
-mum	0.0	1.0	0.0	0.0
-lea	0.0	1.0	0.0	0.0
-olo	0.414	0.558	0.028	0.0
-mui	0.777005845971	0.141150554944	0.037109209523	0.044734389562
-lee	0.203602824695	0.311802547827	0.0705415879921	0.414053039486
-muk	0.479589270093	0.274168668155	0.118731482986	0.127510578766
-leg	0.0	1.0	0.0	0.0
-mɔk	0.138790061857	0.141405099083	0.0491831522962	0.670621686764
-mɔi	0.167492985084	0.614474988924	0.13301968396	0.0850123420325
-mɔn	0.15087262172	0.419353878898	0.151474026484	0.278299472899
-mus	0.0221276595745	0.957446808511	0.0102127659574	0.0102127659574
-mur	0.0176081473374	0.0315518964451	0.944625315981	0.00621464023672
-mɔb	0.21952112218	0.618298922377	0.07006247448	0.092117480963
-aŋk	0.116779357789	0.883220642211	0.0	0.0
-ler	0.16735088881	0.0523818740556	0.716141190852	0.0641260462826
-les	0.0384615384616	0.961538461538	0.0	0.0
-oik	0.237762237762	0.496503496504	0.265734265734	0.0
-iot	0.00438596491228	0.991228070175	0.0	0.00438596491228
-fta	0.0	1.0	0.0	0.0
-eel	0.0843501276934	0.843358367552	0.0529326565388	0.0193588482153
-een	0.34044713175	0.399855216051	0.121541850128	0.138155802071
-eei	0.501724919221	0.287509704465	0.141186913012	0.0695784633031
-eeh	0.92528865746	0.0679194023093	0.00135838804618	0.00543355218474
-eek	0.0922320864877	0.76491050723	0.0374940714684	0.105363334813
-gir	0.508375428433	0.116367902064	0.00673391472717	0.368522754776
-eeb	0.325516748314	0.555228113175	0.0937159255451	0.0255392129661
-aln	0.316606308669	0.431559348357	0.0770072046166	0.174827138357
-alm	0.236321303842	0.369421808304	0.355840124175	0.0384167636787
-alk	0.273778548713	0.603931772189	0.0797918473547	0.0424978317433
-ndo	0.383064516129	0.471774193548	0.0120967741935	0.133064516129
-ali	0.132020368429	0.633742698817	0.0936049123858	0.140632020368
-nda	0.0639730639731	0.936026936027	0.0	0.0
-ole	0.0425116936719	0.0571303393219	0.0720850457914	0.828272921215
-ald	0.0	1.0	0.0	0.0
-alb	0.0746889886934	0.687855352438	0.193827805155	0.043627853713
-ala	0.146004673606	0.116718764226	0.0460684046008	0.691208157567
-atɔ	0.144901663245	0.373382129787	0.455830283555	0.0258859234134
-paŋ	0.032021347565	0.939959973316	0.0280186791194	0.0
-loo	0.414027865192	0.46176377525	0.0621041797788	0.0621041797788
-bia	0.0822928490352	0.871736662883	0.0204313280363	0.0255391600454
-yoo	0.368652845846	0.230972344599	0.275011291005	0.125363518549
-yon	0.136569480969	0.819236502074	0.0342254417028	0.00996857525327
-yom	0.030534351145	0.93893129771	0.0	0.030534351145
-duŋ	0.210059171598	0.754437869823	0.0	0.0355029585799
-waŋ	0.912472133992	0.0535034813502	0.00618625175588	0.0278381329015
-pɔm	0.157419850061	0.522029072036	0.283784083444	0.0367669944588
-lok	0.0	0.977011494253	0.0229885057471	0.0
-pee	0.338908922333	0.210219639305	0.225729117093	0.225142321269
-pɔl	0.372239747634	0.615141955836	0.01261829653	0.0
-iok	0.0394096404459	0.948029517978	0.00219814727587	0.0103626943005
-pel	0.2897841676	0.468255457178	0.168085228011	0.0738751472107
-pem	0.09120044024	0.781503367312	0.0804224207961	0.0468737716517
-pen	0.117044231513	0.178772949081	0.370883010627	0.333299808779
-pei	0.872727272727	0.0909090909091	0.0	0.0363636363636
-eli	0.0398322851153	0.947589098532	0.0125786163522	0.0
-eln	0.377573345555	0.452957330505	0.0975009518632	0.071968372077
-per	0.698107798165	0.203268348624	0.0108944954128	0.0877293577982
-elm	0.467469879518	0.493975903614	0.0385542168675	0.0
-ela	0.0	1.0	0.0	0.0
-iya	0.178977272727	0.698863636364	0.0170454545454	0.105113636364
-abu	0.39317334576	0.356127679403	0.0528890959925	0.197809878844
-esu	0.00751868750372	0.724076345394	0.00600980860156	0.262395158501
-diŋ	0.513550366457	0.378046701892	0.0756775183228	0.0327254133288
-tes	0.0454545454545	0.954545454545	0.0	0.0
-ajɔ	0.237919586868	0.70896348211	0.00885282183695	0.0442641091848
-esa	0.0	1.0	0.0	0.0
-ite	0.0217305139875	0.80703720083	0.0142160889457	0.157016196237
-ese	0.00854700854701	0.985042735043	0.0	0.00641025641025
-ita	0.0163014295959	0.973716264672	0.00484700404698	0.00513530168546
-spa	0.0333796940195	0.924895688456	0.0417246175244	0.0
-faa	0.624615384615	0.326153846154	0.030358974359	0.0188717948718
-faf	0.0792079207921	0.920792079208	0.0	0.0
-nuŋ	0.36036036036	0.540540540541	0.0990990990991	0.0
-bru	0.0	0.965217391304	0.0	0.0347826086957
-fai	0.0373107207753	0.914233797698	0.0336765596608	0.0147789218656
-fan	0.267515923567	0.732484076433	0.0	0.0
-bul	0.158693115519	0.819303217203	0.0150025004167	0.00700116686116
-fal	0.273923717375	0.599499413237	0.069838949598	0.0567379197901
-fam	0.349622444485	0.298741874963	0.266162704412	0.0854729761409
-far	0.167459800072	0.734231578138	0.0574211722729	0.0408874495173
-fas	0.0258620689655	0.947536945813	0.0133004926108	0.0133004926108
-uda	0.0111275964392	0.964144411474	0.0197823936696	0.00494559841741
-suŋ	0.41726618705	0.273381294964	0.0863309352518	0.223021582734
-fat	0.0184757505774	0.981524249423	0.0	0.0
-ɔtɔ	0.160722556739	0.594719777675	0.0713293191292	0.173228346457
-udo	0.122927984399	0.574801504388	0.206574731857	0.0956957793565
-hum	0.105263157895	0.838596491228	0.0561403508772	0.0
-hun	0.28738800827	0.567884217781	0.103376981392	0.0413507925569
-rim	0.0	1.0	0.0	0.0
-abr	0.271296016572	0.636797564353	0.0298421616362	0.0620642574378
-hua	0.170713201821	0.791350531108	0.0	0.0379362670713
-hub	0.260835712432	0.190890215417	0.314689852063	0.233584220088
-hiŋ	0.212722557333	0.737447912114	0.0104904274849	0.0393391030684
-wom	0.35761589404	0.245033112583	0.317880794702	0.0794701986755
-wol	0.810656334627	0.0988310910986	0.0534172569491	0.0370953173258
-nja	0.0512503455266	0.0873590712246	0.0745471298259	0.786843453423
-won	0.129565333518	0.748244428356	0.0581844169424	0.0640058211834
-mɔm	0.128053799988	0.361183561365	0.294455897826	0.216306740822
-huu	0.661051760184	0.0965368044772	0.0294399825022	0.212971452837
-abo	0.0701265772255	0.801591803225	0.0302802980246	0.0980013215251
-ron	0.00624566273422	0.981263011797	0.0124913254684	0.0
-ria	0.0269358379922	0.926901466741	0.0236810909014	0.0224816043659
-tiŋ	0.135451411819	0.521887926479	0.0151490758575	0.327511585845
-tam	0.0944543828265	0.477996422183	0.0817531305904	0.345796064401
-gba	0.137254901961	0.843137254902	0.0	0.0196078431373
-kob	0.0	0.992860142797	0.0012599748005	0.00587988240235
-kom	0.341655558579	0.525375791595	0.132968649825	0.0
-koo	0.437113459936	0.216727095702	0.0484655339408	0.297693910421
-tuk	0.686819265215	0.0738622980076	0.00937011521844	0.229948321559
-tul	0.268592048833	0.647326961967	0.0840809891999	0.0
-maŋ	0.310810810811	0.108108108108	0.351351351351	0.22972972973
-sos	0.0	0.981220657277	0.0	0.018779342723
-sor	0.0583333333333	0.941666666667	0.0	0.0
-ork	0.31486001693	0.62104919002	0.0307913488626	0.0332994441882
-tur	0.561138014528	0.224576271186	0.094430992736	0.11985472155
-son	0.0550879877582	0.90818668707	0.0229533282326	0.0137719969396
-oro	0.0611752774689	0.863191895707	0.0282914397191	0.0473413871052
-kos	0.0571428571429	0.942857142857	0.0	0.0
-ado	0.20377790498	0.552947910704	0.0423583285632	0.200915855753
-lɔl	0.0771208226221	0.899742930591	0.0154241645244	0.0077120822622
-ora	0.0520716145415	0.889492462473	0.0159107711099	0.0425251518756
-ris	0.0328317373461	0.938440492476	0.0	0.0287277701778
-gal	0.0506329113924	0.898734177215	0.0506329113924	0.0
-rus	0.0339613077638	0.937230717243	0.0245839317395	0.0042240432542
-pak	0.516329996172	0.338141810816	0.0517089326039	0.0938192604076
-lip	0.00936051899907	0.975440222428	0.0	0.0151992585727
-lir	0.653215994695	0.20162801741	0.0251199096358	0.120036078259
-lis	0.0577777777778	0.928888888889	0.0133333333334	0.0
-jer	0.0815575185693	0.0566604196787	0.274449067921	0.587332993831
-jes	0.0227272727273	0.954545454545	0.0227272727273	0.0
-lio	0.0178748758689	0.970208540218	0.0119165839126	0.0
-lii	0.419400085209	0.205560080001	0.116072009878	0.258967824912
-lik	0.603561892526	0.181427566719	0.0131016788225	0.201908861933
-lif	0.0152456239413	0.981366459627	0.0	0.00338791643139
-adi	0.0	1.0	0.0	0.0
-ruf	0.0	1.0	0.0	0.0
-rug	0.0	1.0	0.0	0.0
-ome	0.0275229357798	0.94495412844	0.0091743119266	0.0183486238532
-lni	0.520447299856	0.286209025063	0.0581896701198	0.135154004961
-ɔɔb	0.035294117647	0.823529411765	0.141176470588	0.0
-eas	0.0363636363636	0.963636363636	0.0	0.0
-leŋ	0.379416052937	0.458372275599	0.0945082059142	0.0677034655502
-wɔm	0.193327367348	0.714794279853	0.0612522351994	0.0306261175997
-ɔɔk	0.483258981766	0.279389960765	0.11766915851	0.119681898959
-wɔb	0.160723088715	0.288660354467	0.132731795719	0.417884761099
-ɔɔn	0.0967699951661	0.666795621139	0.181597158779	0.0548372249158
-abi	0.124600142305	0.791426253784	0.0152349518975	0.0687386520137
-jɔb	0.255808016339	0.107224917028	0.630839928517	0.00612713811591
-oda	0.0398773006135	0.941717791411	0.0184049079755	0.0
-hur	0.0935453427517	0.211999885606	0.147224525982	0.54723024566
-mes	0.0	0.918032786885	0.0819672131147	0.0
-rni	0.491627245552	0.408538178019	0.0426618684157	0.0571727080129
-ean	0.1	0.408333333333	0.491666666667	0.0
-ehn	0.285031660326	0.444180129165	0.0648556086048	0.205932601904
-urk	0.109756097561	0.707317073171	0.0332594235033	0.149667405765
-hni	0.214285714286	0.7	0.0571428571428	0.0285714285714
-urm	0.358033535927	0.513653867383	0.08573883189	0.0425737648006
-pam	0.151908594756	0.0803718719976	0.662034213181	0.105685320066
-urb	0.0574238360498	0.505192215116	0.393026614401	0.0443573344336
-ŋmɔ	0.676409430877	0.255044455264	0.0296329138345	0.0389132000245
-lil	0.857142857143	0.0357142857143	0.0714285714286	0.0357142857143
-peŋ	0.103227780146	0.262341811884	0.540521972171	0.0939084357982
-jim	0.0968534700217	0.812086527396	0.0213443537254	0.0697156488565
-ara	0.292644510947	0.565758387148	0.0702472830367	0.0713498188691
-pai	0.385091118991	0.566916797229	0.0430444462769	0.0049476375031
-dur	0.0916097601154	0.908390239885	0.0	0.0
-dus	0.0488721804511	0.763157894737	0.015037593985	0.172932330827
-pal	0.145905475528	0.749269916672	0.0852553355795	0.0195692722203
-war	0.846830985916	0.121478873239	0.0105633802817	0.0211267605634
-pan	0.234525698454	0.622686679188	0.116116556248	0.0266710661105
-paa	0.675790934226	0.141296917882	0.0708550557557	0.112057092137
-pab	0.537785890875	0.310287598401	0.105329844976	0.0465966657474
-pae	0.46685702631	0.318988374465	0.121966143178	0.0921884560472
-wae	0.112427579922	0.191183806937	0.174762492724	0.521626120416
-waa	0.280909263711	0.204494274302	0.0475462006866	0.4670502613
-wan	0.123541681486	0.606098248042	0.0355090148886	0.234851055584
-par	0.347118403614	0.372236286225	0.196113005861	0.0845323042989
-pas	0.0611511469906	0.898081421682	0.023295675044	0.017471756283
-lur	0.0391304347826	0.713043478261	0.0130434782609	0.234782608696
-nun	0.311973269958	0.628989116804	0.0364644081769	0.0225732050619
-kee	0.148365392619	0.0661044811651	0.0101501891811	0.775379937035
-kon	0.114881236932	0.48178572471	0.400550200942	0.00278283741636
-uum	0.108550310144	0.373398209709	0.442001262861	0.0760502172864
-nuk	0.770491803279	0.0573770491803	0.172131147541	0.0
-air	0.0	1.0	0.0	0.0
-ken	0.118101369866	0.364445577828	0.206983335398	0.310469716908
-kem	0.0	1.0	0.0	0.0
-kel	0.296398891967	0.675900277008	0.01108033241	0.016620498615
-sus	0.0134100914324	0.971486623772	0.00731459532679	0.00778868946834
-sur	0.679354188788	0.160908274116	0.0405129461733	0.119224590923
-hɔb	0.511936339523	0.320954907162	0.135278514589	0.0318302387268
-sun	0.549877854726	0.431296084628	0.0047065151617	0.0141195454851
-sum	0.0569620253164	0.430379746835	0.474683544304	0.0379746835443
-suk	0.165354330709	0.803149606299	0.0	0.0314960629921
-tun	0.68247671568	0.214663378737	0.0184339900907	0.0844259154928
-sui	0.205527308714	0.494021994828	0.0819435399638	0.218507156494
-aro	0.0	0.92899408284	0.0497041420119	0.021301775148
-jia	0.0121065375303	0.954600484262	0.0332929782082	0.0
-nus	0.0408719346049	0.953678474114	0.00272479564032	0.00272479564032
-sua	0.164750957854	0.783524904215	0.0	0.051724137931
-eor	0.136363636364	0.863636363636	0.0	0.0
-fes	0.195121951219	0.682926829268	0.0731707317073	0.0487804878049
-fuk	0.294573643411	0.658914728682	0.046511627907	0.0
-dim	0.184889431475	0.658516761786	0.0819549097895	0.0746388969499
-din	0.107272404994	0.730996547052	0.0384350727947	0.12329597516
-oor	0.427437354977	0.331553691657	0.0972412494766	0.14376770389
-dii	0.406971931279	0.160098753614	0.0273722628645	0.405557052243
-dik	0.346457841737	0.614822380032	0.0215483983199	0.0171713799112
-tus	0.0411407199626	0.950506467197	0.00685678666043	0.00149602618046
-sis	0.0	1.0	0.0	0.0
-dir	0.134516991223	0.804874817106	0.029016386381	0.0315918052906
-dis	0.0137931034483	0.979310344828	0.0	0.00689655172414
-fen	0.153860819828	0.786463298379	0.0162059103909	0.0434699714013
-mea	0.0	1.0	0.0	0.0
-fej	0.0903614457831	0.897590361446	0.0120481927711	0.0
-sli	0.0	1.0	0.0	0.0
-ɔpa	0.0514640638864	0.944986690328	0.0	0.00354924578527
-tuu	0.134020618557	0.838487972509	0.0137457044674	0.0137457044674
-ukr	0.658622423328	0.192559074912	0.0915032679738	0.0573152337858
-pue	0.500489715965	0.258570029383	0.0352595494613	0.205680705191
-tuŋ	0.574385510996	0.324708926261	0.0155239327296	0.0853816300129
-ihn	0.0791383077241	0.728734164696	0.176591172689	0.0155363548906
-ukb	0.390640895219	0.526449643947	0.0707019328586	0.0122075279756
-nni	0.468930602365	0.227866546971	0.161861186587	0.141341664078
-klo	0.121212121212	0.848484848485	0.0	0.030303030303
-her	0.0	1.0	0.0	0.0
-nna	0.0547787042976	0.354971135343	0.0144964720975	0.575753688262
-ukl	0.282899435175	0.595776796728	0.0669512432643	0.0543725248328
-tiu	0.0	1.0	0.0	0.0
-efa	0.171881792074	0.822132274868	0.00598593305732	0.0
-ais	0.082336382829	0.726249120338	0.00422237860661	0.187192118227
-tis	0.0	0.9941089838	0.00589101620029	0.0
-ɔni	0.443417288485	0.304035356005	0.182383242976	0.0701641125332
-ɔnn	0.0625810980652	0.769943686556	0.124852967734	0.0426222476441
