-caa	0.836065573771	0.0983606557377	0.0245901639344	0.0409836065574
-ãga	0.0169491525424	0.949152542373	0.0338983050847	0.0
-rbu	0.0136054421769	0.986394557823	0.0	0.0
-lɔr	0.0508798665793	0.931100180674	0.0180199527469	0.0
-cai	0.328358208955	0.641791044776	0.0	0.0298507462687
-ua-	0.0385303893383	0.936341095876	0.0167523431906	0.0083761715953
-cas	0.0	1.0	0.0	0.0
-car	0.115680450841	0.645357360445	0.109497563019	0.129464625695
-rba	0.595520421607	0.219772980643	0.0534610317218	0.131245566028
-bãã	0.392865731191	0.270356408615	0.0448432012085	0.291934658985
-lɔn	0.0208863983698	0.939378502292	0.0366785532348	0.0030565461029
-cay	0.132474701012	0.0726770929163	0.794848206072	0.0
-trɛ	0.137211626831	0.818078876225	0.0213324031153	0.023377093829
-lãŋ	0.217886690104	0.562313276563	0.0273641304677	0.192435902865
-asu	0.0694605232693	0.920815003473	0.0	0.0097244732577
-oyi	0.0365853658537	0.0365853658537	0.439024390244	0.487804878049
-syã	0.609342764515	0.265104627174	0.0397877984085	0.0857648099027
-fĩĩ	0.0720490279363	0.802943321039	0.113679910798	0.0113277402262
-ufa	0.130021393005	0.7975172464	0.022011112224	0.0504502483718
-kɔŋ	0.148918606571	0.744427934621	0.0511804523692	0.0554730064388
-nti	0.124178712221	0.770696452037	0.011826544021	0.0932982917214
-wĩĩ	0.132570401591	0.0994434533068	0.0124688265496	0.755517318552
-uai	0.172464083028	0.723863191178	0.0518952344049	0.0517774913887
-kuɛ	0.192607512195	0.232770646152	0.0488235304219	0.525798311231
-dur	0.404090319082	0.0867136893511	0.0173487371191	0.491847254448
-uan	0.014133760746	0.948273349847	0.0262275972607	0.0113652921463
-uar	0.0711667814601	0.568460066761	0.216804933842	0.143568217937
-pua	0.380183680554	0.452007401597	0.104764016831	0.0630449010184
-blɛ	0.0763888888889	0.895833333333	0.00694444444444	0.0208333333333
-uay	0.0684932625695	0.148236539432	0.209939282266	0.573330915732
-fuɛ	0.629607447135	0.302767151025	0.0314076134068	0.0362177884331
-war	0.349531538403	0.375476907872	0.151766421987	0.123225131738
-pra	0.261305648425	0.37286644378	0.271863452402	0.0939644553933
-wãy	0.386522732826	0.358722994437	0.0607741954031	0.193980077333
-yee	0.48796498559	0.0376660257241	0.00203175634174	0.472337232344
-ãhã	0.0973079045202	0.560483511107	0.0444257311156	0.297782853257
-ɔsu	0.0169491525424	0.983050847458	0.0	0.0
-wãm	0.281759311243	0.320417736629	0.331195186255	0.0666277658731
-ɛnɛ	0.0239520958084	0.964071856287	0.0	0.0119760479042
-flɛ	0.273328690808	0.496464538247	0.102983715449	0.127223055496
-ɛfa	0.0983871457336	0.832724549989	0.038381681861	0.030506622416
-ɛfe	0.0214718898541	0.965251598099	0.00934273069988	0.00393378134732
-ope	0.192229038855	0.746421267894	0.0368098159509	0.0245398773006
-luã	0.834505137913	0.0	0.159004867496	0.00648999459167
-opa	0.0	1.0	0.0	0.0
-ɛnɔ	0.0375	0.925	0.0375	0.0
-fɛn	0.142332170006	0.739904897737	0.0853765691823	0.0323863630748
-imu	0.0133524983924	0.970911979423	0.00158868252828	0.0141468396565
-dee	0.232142857143	0.513248847926	0.0691244239631	0.185483870968
-oku	0.116279069767	0.348837209302	0.232558139535	0.302325581395
-drɛ	0.653846153846	0.192307692308	0.0384615384615	0.115384615385
-rbã	0.0	1.0	0.0	0.0
-beŋ	0.254022207115	0.568774076592	0.0944935418083	0.0827101744845
-der	0.154632152588	0.763623978202	0.0776566757493	0.00408719346049
-oke	0.0333555703803	0.96664442962	0.0	0.0
-dey	0.153452502939	0.31916909536	0.136845556029	0.390532845673
-yɔɔ	0.441983122363	0.548523206751	0.00632911392405	0.00316455696203
-gɔ̃	0.0	1.0	0.0	0.0
-rbi	0.417475728155	0.364077669903	0.0	0.218446601942
-yaŋ	0.0655249831916	0.0711258968583	0.0324164271938	0.830932692756
-yoŋ	0.607661822986	0.344782034346	0.0396301188903	0.00792602377805
-bir	0.218845015108	0.588303848391	0.169891026221	0.0229601102807
-idi	0.107682619647	0.890428211587	0.00188916876574	0.0
-ar-	0.607534824821	0.194280287041	0.0709159983115	0.127268889827
-ide	0.00919982884039	0.967372700043	0.00481386392811	0.0186136071887
-fũũ	0.101308339582	0.394406991077	0.467140427711	0.0371442416292
-yĩŋ	0.0997577428914	0.605360820075	0.107673688787	0.187207748247
-kãŋ	0.171119819499	0.719154494716	0.0431065194157	0.0666191663698
-pɔl	0.0441698604552	0.907056836379	0.00498262349228	0.0437906796738
-bii	0.695049444952	0.148040084836	0.0212273305817	0.13568313963
-ter	0.109349598406	0.295087733425	0.133334943737	0.462227724433
-rɛŋ	0.366933783214	0.522986081822	0.0434415858288	0.0666385491354
-ute	0.0357142857143	0.928571428571	0.0357142857143	0.0
-ɔ̃m	0.186354885886	0.403403632999	0.33311965058	0.0771218305359
-tey	0.28078817734	0.527093596059	0.177339901478	0.0147783251231
-uti	0.0141915864166	0.981246832235	0.00304105423214	0.00152052711607
-rii	0.224399777016	0.321064981146	0.0924365651158	0.362098676722
-maŋ	0.336679213718	0.534265400012	0.123678078509	0.00537730776124
-yĩĩ	0.191474737135	0.547539630822	0.219455407526	0.0415302245165
-tee	0.159344687993	0.15121848136	0.0641597294955	0.625277101151
-tel	0.0	1.0	0.0	0.0
-wam	0.0656260839404	0.797016996185	0.135414498786	0.00194242108915
-reŋ	0.0313807531381	0.915271966527	0.0345188284519	0.0188284518828
-ara	0.146248442302	0.712283751602	0.102442204414	0.0390256016816
-ari	0.0200322553264	0.874713521772	0.00891265597148	0.0963415669298
-ile	0.215186441211	0.394746872998	0.0431080215501	0.346958664241
-men	0.126144455748	0.610376398779	0.24516785351	0.0183112919634
-wãã	0.539597080941	0.0747103386499	0.00707254223378	0.378620038176
-aye	0.141676953756	0.124014813408	0.0391225904473	0.695185642389
-nwa	0.0767259919242	0.0341632285815	0.00669329353932	0.882417485955
-tya	0.0	1.0	0.0	0.0
-ayi	0.24143073089	0.614624613583	0.0583881466955	0.0855565088314
-nwo	0.150613461402	0.10528544544	0.0165449624675	0.727556130691
-kãã	0.216222660214	0.0908733226833	0.0380949264601	0.654809090643
-gbɛ	0.224042271814	0.286397700125	0.417500521406	0.072059506655
-sro	0.382436260623	0.43059490085	0.169971671388	0.0169971671388
-ɛlɛ	0.0080773895411	0.960284170713	0.0175449529498	0.0140934867957
-sɔl	0.0968953485788	0.883858923928	0.00400026668445	0.0152454608085
-ncã	0.493952896244	0.119669000637	0.026734563972	0.359643539147
-ɛ̃r	0.0520415592108	0.819214965264	0.0967411557113	0.0320023198134
-gĩĩ	0.0640173959483	0.0958620498238	0.0188981864226	0.821222367805
-uba	0.0080118694362	0.979821958457	0.00682492581603	0.0053412462908
-raa	0.269177400798	0.147203647153	0.185965033695	0.397653918354
-ĩhĩ	0.240493413539	0.596278078124	0.0777034950126	0.0855250133252
-mɛn	0.0133800573431	0.126331811263	0.00892003822874	0.851368093165
-pẽm	0.125186289121	0.393442622951	0.053651266766	0.427719821163
-ume	0.0666666666666	0.666666666667	0.166666666667	0.1
-fyɛ	0.0734299516908	0.912077294686	0.0144927536232	0.0
-nem	0.14772462077	0.136756126021	0.0744457409568	0.641073512252
-wãŋ	0.187678282228	0.142044108992	0.108254951291	0.562022657488
ALL	0.246718503211	0.37143382337	0.0668421150563	0.315005558363
-fĩy	0.454703733564	0.500290469052	0.0270034784301	0.0180023189534
-nan	0.0504201680672	0.331932773109	0.617647058824	0.0
-aki	0.142210730446	0.857789269554	0.0	0.0
-nam	0.0490797546012	0.932515337423	0.0122699386503	0.00613496932515
-nde	0.170721837044	0.390811866582	0.0891606429025	0.349305653472
-ake	0.0183815806058	0.968803831772	0.00651233141464	0.00630225620772
-naa	0.397520012447	0.0836681628795	0.0388511702694	0.479960654404
-kir	0.125	0.125	0.675	0.075
-sii	0.507336893111	0.298952656793	0.193710450097	0.0
-nay	0.225752508361	0.774247491639	0.0	0.0
-mpɛ	0.0632933045947	0.892572445174	0.0234356289986	0.0206986212324
-nar	0.726852233981	0.223165649671	0.0154632783027	0.0345188380451
-aku	0.073516766982	0.900687876182	0.0206362854686	0.00515907136716
-bĩĩ	0.136356429364	0.817927170868	0.0388457269701	0.00687067279742
-wle	0.666666666667	0.305555555556	0.0277777777778	0.0
-yĩy	0.105658884052	0.81954887218	0.0174119509299	0.0573802928374
-mor	0.0	0.95995046664	0.0400495333595	0.0
-goo	0.319024390244	0.389268292683	0.189268292683	0.10243902439
-kãy	0.139188142162	0.242042020292	0.0539145791078	0.564855258438
-ãcã	0.455576559546	0.283553875236	0.158790170132	0.102079395085
-yĩm	0.197897789054	0.695904313157	0.0793765857195	0.0268213120696
-dye	0.343787476959	0.309301484958	0.0441326838293	0.302778354254
-yĩn	0.336556160616	0.393419004488	0.154647349517	0.115377485379
-dya	0.0465694290012	0.887288039469	0.0108955640317	0.055246967498
-kãi	0.125301786576	0.811685176243	0.0422501207146	0.0207629164655
-wur	0.0233122875182	0.95677513356	0.0199125789218	0.0
-wuu	0.566666666667	0.357692307692	0.0653846153847	0.0102564102564
-kãn	0.569114470842	0.294816414687	0.0907127429806	0.0453563714903
-ami	0.113924050633	0.886075949367	0.0	0.0
-bey	0.324604033944	0.286732304283	0.0775564676554	0.311107194118
-rɛ-	0.461538461538	0.507692307692	0.0	0.0307692307692
-yar	0.379338612799	0.372696329562	0.0597369382502	0.188228119388
-ber	0.180363636364	0.562181818182	0.222545454545	0.0349090909091
-yay	0.327532182428	0.612888924597	0.0271089020663	0.0324699909078
-srã	0.779327317473	0.171452009844	0.0369155045119	0.0123051681706
-ma-	0.187948798002	0.379770654201	0.306300680949	0.125979866848
-yam	0.167080497506	0.722061910042	0.0431995202678	0.0676580721841
-yan	0.157753422246	0.593013190135	0.176856375721	0.072377011899
-yai	0.232649618945	0.297460460226	0.0930092644854	0.376880656343
-ofa	0.182712656132	0.662064951602	0.0701083060696	0.085114086197
-ha-	0.549771578796	0.266036835287	0.108793648148	0.0753979377695
-isi	0.0425531914893	0.944680851064	0.00425531914894	0.00851063829786
-nte	0.0	0.792452830189	0.0	0.207547169811
-ise	0.0153486559332	0.964917577441	0.00573307496802	0.0140006916578
-yɔ̃	0.259983784699	0.23473594558	0.317629708327	0.187650561394
-isa	0.0494710640946	0.924704418171	0.0112009956441	0.0146235220909
-ree	0.257503949447	0.630858346498	0.044233807267	0.0674038967878
-rey	0.0346505968247	0.927016134224	0.0220960327578	0.0162372361932
-upa	0.251428571429	0.32	0.102857142857	0.325714285714
-isu	0.0372093023256	0.804651162791	0.0372093023256	0.120930232558
-may	0.145251799069	0.128629035106	0.0124427087379	0.713676457087
-ẽle	0.0971318410033	0.840679414728	0.030346778147	0.0318419661214
-mar	0.737583766518	0.173482808292	0.0350723366944	0.0538610884951
-ãkẽ	0.385249457701	0.323210412147	0.106724511931	0.184815618221
-ɔyi	0.0159574468085	0.952127659574	0.0	0.031914893617
-har	0.221780604134	0.599364069952	0.0858505564388	0.0930047694753
-ãdi	0.29577609186	0.352060693049	0.0574123436539	0.294750871437
-man	0.0923076923077	0.866666666667	0.0	0.0410256410257
-maa	0.509883234393	0.0970458718912	0.0202387903086	0.372832103407
-teŋ	0.0337742752603	0.831128623698	0.135097101041	0.0
-kii	0.332091802348	0.322691639176	0.0574651484516	0.287751410025
-plɛ	0.215353938185	0.530136862141	0.254509199674	0.0
-lũy	0.737675470694	0.201383806799	0.0154347681458	0.045505954361
-ɔri	0.0	1.0	0.0	0.0
-una	0.0376999238385	0.952018278751	0.0102817974105	0.0
-mfa	0.139649122807	0.765087719298	0.0705263157895	0.0247368421053
-hãã	0.243421052632	0.434210526316	0.0263157894737	0.296052631579
-pte	0.0142787996128	0.894966118103	0.0849467570185	0.00580832526622
-doŋ	0.155378812157	0.101287563175	0.100365001477	0.642968623191
--sẽ	0.0372641581994	0.012347074494	0.00502990526693	0.94535886204
-tre	0.531204284546	0.422379807096	0.0	0.0464159083583
-ade	0.00920598388953	0.972382048331	0.018411967779	0.0
-tra	0.539879270485	0.258476753147	0.0533007963011	0.148343180067
-gaa	0.131288792801	0.159588981049	0.0736715512199	0.63545067493
-ada	0.0168161434978	0.936098654709	0.0134529147982	0.0336322869955
-gam	0.0	1.0	0.0	0.0
-laŋ	0.36898534451	0.394833927193	0.155760881707	0.0804198465905
-gar	0.278938876102	0.54961845499	0.0970222177745	0.0744204511339
-aaŋ	0.312284150158	0.510694311234	0.144340639172	0.0326808994352
-gur	0.0465006693765	0.83536249491	0.118136835713	0.0
-yaa	0.304152557865	0.294662712109	0.102025391749	0.299159338276
-ku-	0.290322580645	0.516129032258	0.0322580645161	0.161290322581
-usa	0.0641286595254	0.907635526675	0.0207089758269	0.00752683797245
-wũn	0.663606206092	0.254301975883	0.0298181043048	0.0522737137196
-ɛni	0.0	0.967741935484	0.0	0.0322580645161
-loŋ	0.40489036875	0.190317322653	0.295847479418	0.108944829179
-esẽ	0.0192381948397	0.0208796576379	0.00957739454455	0.950304752978
-pee	0.166730773527	0.526167391286	0.246365509601	0.0607363255863
-fla	0.235934875162	0.147530385155	0.0298446111202	0.586690128562
-see	0.355390961537	0.312210857225	0.0624920824696	0.269906098768
-ɛna	0.0	1.0	0.0	0.0
-fle	0.505581089954	0.409717662508	0.0689428759029	0.0157583716349
-ine	0.126436781609	0.83908045977	0.0229885057471	0.0114942528736
-ɛti	0.0196721311476	0.980327868852	0.0	0.0
-rle	0.262202901767	0.370663613945	0.231223492509	0.13590999178
-rfa	0.0936382150721	0.805552601466	0.070670877045	0.030138306417
-sey	0.514457315944	0.415037816379	0.0500189297481	0.020485937929
-oho	0.298506788566	0.454379695733	0.0953490443101	0.151764471392
-ser	0.0226049515608	0.97093649085	0.0064585575888	0.0
-roŋ	0.144727141597	0.361023595233	0.322933057547	0.171316205622
-rsa	0.0	1.0	0.0	0.0
-kur	0.160928829583	0.167351501738	0.177041870017	0.494677798662
-rɔ̃	0.0315457413249	0.91167192429	0.0567823343848	0.0
-fua	0.116240738854	0.788826906415	0.0521692394318	0.0427631152989
-ble	0.354356306892	0.541612483745	0.0611183355007	0.0429128738622
-edi	0.0875743267326	0.843617273692	0.0562977814709	0.0125106181047
-bla	0.228571428571	0.642857142857	0.0428571428571	0.0857142857143
-nen	0.0613475971472	0.140335021126	0.135905481701	0.662411900026
-oor	0.128430277524	0.817944448703	0.0369518693226	0.0166734044504
-rsu	0.0091743119266	0.94495412844	0.045871559633	0.0
-kua	0.361798668186	0.288671736303	0.113561895385	0.235967700126
-kɔ̃	0.101092896175	0.852459016393	0.0273224043716	0.0191256830601
-cor	0.334750265675	0.187035069075	0.350690754517	0.127523910733
-kui	0.226132148923	0.630356503691	0.0175611080355	0.12595023935
-bal	0.100502512563	0.894472361809	0.00502512562813	0.0
-tẽ-	0.094267912055	0.851866354936	0.0312690752877	0.0225966577217
-eke	0.0	1.0	0.0	0.0
-bai	0.585106382979	0.0212765957447	0.0957446808511	0.297872340425
-rɛ̃	0.00793650793652	0.992063492063	0.0	0.0
-baa	0.19949525196	0.66662674862	0.083937758415	0.049940241005
-pĩr	0.793325847252	0.190097194746	0.0165769580023	0.0
-er-	0.0953461975029	0.816118047673	0.0817253121453	0.00681044267877
-uuu	0.0980392156863	0.205882352941	0.696078431373	0.0
-pĩy	0.2769637962	0.566121561584	0.137063994707	0.0198506475092
-wãr	0.285033990131	0.599503088443	0.067152075641	0.0483108457849
-bar	0.136609066989	0.803225395083	0.0303499582126	0.0298155797159
-yey	0.755867995536	0.0734318204697	0.00280382039271	0.167896363601
-ase	0.0692547189466	0.903738900268	0.00665910759102	0.0203472731948
-nya	0.0194174757281	0.980582524272	0.0	0.0
-a"a	0.389406722271	0.215500078739	0.0856967249145	0.309396474075
-adã	0.116788321168	0.883211678832	0.0	0.0
-asa	0.0796685787125	0.862332695985	0.0286806883365	0.0293180369662
-rwɛ	0.056907378336	0.883830455259	0.0341444270016	0.0251177394035
-bɛr	0.146384809653	0.636142549808	0.166962865962	0.0505097745767
-yer	0.285370695026	0.558411451919	0.072733595097	0.083484257958
-asi	0.0588235294116	0.794117647059	0.147058823529	0.0
-dɔ̃	0.0634705927691	0.877819108919	0.0222147074692	0.0364955908422
-mba	0.408582089552	0.261194029851	0.0335820895522	0.296641791045
-lti	0.0461538461538	0.953846153846	0.0	0.0
-wãn	0.156710960347	0.613904135585	0.0543464414983	0.17503846257
-bɛl	0.0215517241379	0.952586206897	0.00862068965516	0.0172413793103
-yel	0.0769230769231	0.923076923077	0.0	0.0
-yɔr	0.341429054186	0.636889287961	0.0203122899883	0.00136936786438
-luɛ	0.0983253823833	0.880034918605	0.00959032115281	0.0120493778587
-per	0.0759661919106	0.725907257492	0.057253643478	0.140872907119
-tẽn	0.357405955636	0.543457304206	0.045133510247	0.0540032299114
-ray	0.0915032679738	0.895424836601	0.0130718954248	0.0
-flã	0.0918727915194	0.727915194346	0.100706713781	0.0795053003533
-eru	0.0	1.0	0.0	0.0
-ran	0.144785917344	0.738919727913	0.0691779574448	0.0471163972981
-tẽy	0.029750099167	0.101547005157	0.844902816343	0.0238000793336
-ram	0.365646022668	0.549974125947	0.0398460409317	0.0445338104531
-koŋ	0.199857836749	0.780239308139	0.004975713778	0.014927141334
-era	0.0	1.0	0.0	0.0
-ere	0.00542740841249	0.989145183175	0.0	0.00542740841248
-arɛ	0.044181345654	0.923765521224	0.00952930984696	0.0225238232746
-ugu	0.458800306168	0.280022559723	0.0624420899972	0.198735044112
-rsã	0.0357142857143	0.964285714286	0.0	0.0
-sẽŋ	0.600641592196	0.230580379063	0.0721682106343	0.0966098181065
-blã	0.66168279097	0.293462327763	0.0255057167986	0.0193491644679
-tãy	0.413154939913	0.236226991369	0.125949448712	0.224668620006
-kuã	0.682177990351	0.0881941364444	0.0783470095572	0.151280863648
-poo	0.221010883814	0.155912987199	0.0333378290625	0.589738299924
-tũn	0.223663725999	0.283341982356	0.108199273482	0.384795018163
-aha	0.273370591205	0.300506625558	0.0771995212495	0.348923261988
-laa	0.105774314557	0.254260111946	0.0369382651721	0.603027308325
-sɔɔ	0.0938511326861	0.802588996764	0.00647249190939	0.0970873786408
-lam	0.347014925373	0.35447761194	0.278606965174	0.0199004975125
-lai	0.222311239621	0.545590426438	0.11704628473	0.11505204921
-aam	0.185848794695	0.376850566949	0.0405557959456	0.39674484241
-for	0.48167539267	0.279581151832	0.197905759162	0.0408376963351
-aan	0.278231000429	0.599720910262	0.0141691713182	0.107878917991
-srɛ	0.118077324974	0.846743295019	0.0289097875305	0.00626959247649
-lar	0.194895591647	0.38747099768	0.313225058005	0.104408352668
-lay	0.397543196544	0.53280237581	0.0283477321814	0.0413066954644
-kɔɔ	0.0085146641438	0.985808893094	0.00567644276253	0.0
-jɔɔ	0.168550531915	0.686835106383	0.130984042553	0.0136303191489
-boo	0.432287860072	0.235635433465	0.029773879456	0.302302827008
-pya	0.0606060606061	0.909090909091	0.030303030303	0.0
-nwɔ	0.166560569128	0.609365778396	0.213212551315	0.0108611011619
-pye	0.6758267861	0.0300608242202	0.00507512137761	0.289037268303
-ger	0.157115068083	0.72871464911	0.0837947029777	0.0303755798294
-tĩn	0.269829503336	0.595255744996	0.0	0.134914751668
-tyɛ	0.277178796047	0.679245283019	0.0112309074573	0.0323450134771
-sar	0.163726570966	0.737932308786	0.0569712372205	0.0413698830278
-wra	0.285295131735	0.650490529932	0.0201816491903	0.0440326891425
-wũũ	0.396298585269	0.31971638169	0.132505212283	0.151479820759
-too	0.299039210144	0.132210008192	0.042148136692	0.526602644971
-say	0.0210970464135	0.978902953586	0.0	0.0
-iaŋ	0.539682539683	0.428571428571	0.0	0.031746031746
-mpa	0.174008471793	0.631032203622	0.180701105324	0.0142582192606
-saa	0.100106684597	0.0507266700746	0.0476494750751	0.801517170253
-tor	0.0937968210204	0.723834917595	0.133494855105	0.0488734062795
-neŋ	0.0958426120899	0.183151292966	0.0945801962299	0.626425898714
-doo	0.235572710464	0.0595449003781	0.00711886770367	0.697763521455
-san	0.25671641791	0.662686567164	0.0358208955224	0.044776119403
-loo	0.112258978728	0.0654607379544	0.0268314370951	0.795448846222
-cãã	0.198056426086	0.306653791567	0.122201335311	0.373088447036
-fya	0.271902877786	0.290825981175	0.426654542774	0.010616598265
-esi	0.156398104265	0.701421800948	0.0	0.142180094787
-umɛ	0.0	1.0	0.0	0.0
-pãy	0.0405470434062	0.163536671032	0.0321496818626	0.7637666037
-ãtẽ	0.36277173913	0.426177536232	0.0996376811595	0.111413043478
-pãn	0.258204773687	0.561736618788	0.0534072971127	0.126651310413
-roo	0.214851076004	0.33249626498	0.197717664261	0.254934994755
-ipe	0.00630478240812	0.989543287713	0.00184530216823	0.00230662771029
-rde	0.303468208093	0.598265895954	0.0751445086705	0.0231213872832
-yeŋ	0.251634302172	0.561739155899	0.102042037955	0.0845845039731
-bɛŋ	0.340659340659	0.516483516484	0.142857142857	0.0
-ewa	0.659574468085	0.31914893617	0.0212765957447	0.0
-rdi	0.00727902946274	0.865337954939	0.127383015598	0.0
-ewi	0.0579942663265	0.914389416375	0.0197916940638	0.00782462323452
-baŋ	0.420360110803	0.317174515236	0.0498614958448	0.212603878116
-lɛm	0.012731145319	0.977877819731	0.00125859231291	0.00813244263723
-awa	0.347826086957	0.571214392804	0.0359820089955	0.0449775112444
-dũũ	0.375	0.375	0.0138888888889	0.236111111111
-dyɛ	0.138644067797	0.789830508475	0.0213559322034	0.0501694915254
-ɔle	0.154109589041	0.732876712329	0.102739726027	0.0102739726027
-pũũ	0.270990284049	0.729009715951	0.0	0.0
-lɛr	0.373374082967	0.479905678797	0.0400982729947	0.106621965242
-dii	0.421586642167	0.288887113526	0.150515299193	0.139010945115
-ita	0.288008022248	0.566238930056	0.0699614628941	0.0757915848021
-pĩĩ	0.216047305418	0.623046968896	0.103696937647	0.0572087880391
-sẽm	0.0739137672715	0.602297319794	0.302813384385	0.02097552855
-cɔɔ	0.0569621729738	0.723977137874	0.0196267704001	0.199433918752
-nuŋ	0.17395361237	0.647427352706	0.141295654492	0.0373233804319
-ẽm-	0.102854506047	0.768682314973	0.0982365486322	0.0302266303484
-tẽŋ	0.400933294979	0.392196972118	0.100808642567	0.106061090336
-̃kã	0.153549382716	0.733950617284	0.108796296296	0.0037037037037
--wo	0.459459459459	0.459459459459	0.0	0.0810810810811
-ɛde	0.0	1.0	0.0	0.0
-pãã	0.767604498914	0.122699151967	0.0107273863065	0.0989689628126
-akɛ	0.398891966759	0.423822714681	0.0664819944598	0.1108033241
-ɛdi	0.444444444444	0.555555555556	0.0	0.0
-ibi	0.205479452055	0.753424657534	0.0	0.0410958904109
-wɔŋ	0.275037369208	0.453745225046	0.106626806178	0.164590599568
-lem	0.037037037037	0.481481481482	0.444444444444	0.037037037037
-len	0.204935622318	0.531115879828	0.238197424893	0.0257510729614
-mɔr	0.0439024390243	0.907317073171	0.00975609756098	0.0390243902439
-lee	0.141852286049	0.749120750293	0.010550996483	0.0984759671746
-muu	0.157541561292	0.772913064804	0.0482559737292	0.0212894001746
-ley	0.0924113417786	0.200641893614	0.646879392451	0.0600673721561
-jar	0.212417160795	0.639693058947	0.111614928497	0.0362748517614
-uni	0.0428571428571	0.785714285714	0.0142857142857	0.157142857143
-uɛ̃	0.199657718893	0.508234257657	0.248710167905	0.0433978555456
-ifa	0.234580057651	0.608322602507	0.110986086861	0.0461112529815
-fte	0.0	1.0	0.0	0.0
-cɛŋ	0.260379181781	0.288821421102	0.357366929406	0.0934324677104
-cãn	0.171038697154	0.518074521551	0.216894780548	0.0939920007474
-ole	0.168181060353	0.659053017672	0.14963321107	0.0231327109036
-ndi	0.114895990787	0.599222630101	0.113366443533	0.172514935579
-ifu	0.0	1.0	0.0	0.0
-gii	0.154076008347	0.1238863377	0.034077692888	0.687959961065
-nda	0.857142857143	0.0357142857143	0.0357142857142	0.0714285714286
-ŋyi	0.230215827338	0.741007194245	0.0287769784172	0.0
-ale	0.207542423271	0.463189117185	0.153402038453	0.175866421092
-uwɛ	0.0205761316872	0.979423868313	0.0	0.0
-ala	0.227859166329	0.521165520032	0.00660461351678	0.244370700121
-paŋ	0.574747512116	0.201361399874	0.0281158669676	0.195775221043
-yor	0.115950463086	0.79679261764	0.0490652732815	0.0381916459925
-atɛ	0.298847343267	0.499859432106	0.0922125386561	0.109080685971
-uãŋ	0.256261009491	0.28992691884	0.0740323149357	0.379779756732
-nlɛ	0.350533807829	0.425266903915	0.224199288256	0.0
-yoo	0.124402365375	0.0993960744841	0.0315330900856	0.744668470055
-waŋ	0.315175097276	0.439688715953	0.175097276265	0.0700389105059
-ee-	0.0902076576127	0.629787499719	0.0933121405737	0.186692702095
-gbã	0.451517142799	0.442899112318	0.0371530059457	0.0684307389367
-fay	0.337745819034	0.553848668083	0.048482867571	0.0599226453124
-cĩn	0.19293078056	0.762886597938	0.0353460972017	0.00883652430043
-elu	0.00641025641025	0.99358974359	0.0	0.0
-yfa	0.325719120135	0.557952622673	0.0798434856176	0.0364847715736
-sĩĩ	0.0880277143224	0.108697669422	0.0551920388461	0.748082577409
-eli	0.0157906121566	0.98291152931	0.0	0.00129785853342
-ãwã	0.0945402555625	0.170762219641	0.028951836297	0.7057456885
-rka	0.0	1.0	0.0	0.0
-ela	0.0	1.0	0.0	0.0
-iya	0.365079365079	0.634920634921	0.0	0.0
-pey	0.193733556565	0.712987323607	0.0717531690983	0.0215259507295
-ele	0.1404626109	0.574952471483	0.1404626109	0.144122306717
-hu-	0.232699503998	0.754003381488	0.00886474300946	0.00443237150473
-syi	0.165990575907	0.318123275767	0.0665596790851	0.449326469241
-yrɛ	0.217476103741	0.747707087477	0.0207933719112	0.0140234368704
-bãi	0.37847375386	0.577415086017	0.0352889280988	0.0088222320247
-sya	0.389058772849	0.112604735162	0.0346943342669	0.463642157723
-bãm	0.125767179797	0.212965757789	0.574839856458	0.0864272059563
-bãn	0.222579205899	0.580701700117	0.15323442765	0.0434846663336
-diŋ	0.288345236286	0.653001063668	0.0423441219673	0.0163095780783
-dãŋ	0.0	1.0	0.0	0.0
-bãr	0.503039883269	0.324173151751	0.107247081712	0.0655398832685
-ɛre	0.0	0.884615384615	0.115384615385	0.0
-bãy	0.165128192834	0.661682151839	0.101402356701	0.0717872986256
-ite	0.0658389766742	0.881489841986	0.0270880361174	0.025583145222
-feŋ	0.0581230507514	0.92203005387	0.0	0.0198468953786
-syu	0.313131313131	0.686868686869	0.0	0.0
-ɛri	0.0	1.0	0.0	0.0
-faa	0.278839815425	0.296088771699	0.177323665129	0.247747747748
-spe	0.0535714285714	0.89880952381	0.0238095238095	0.0238095238095
-fai	0.284310993451	0.647554688589	0.0266476243556	0.0414866936046
-fan	0.258064516129	0.462365591398	0.172043010753	0.10752688172
-sũũ	0.703017343787	0.232359230221	0.0327868852459	0.031836540746
-far	0.184592201059	0.647701013858	0.0590405566027	0.108666228481
-bra	0.630561232511	0.182361263952	0.0573809149504	0.129696588587
-uda	0.0911528150134	0.881457865372	0.00260850662995	0.0247808129846
--ye	0.4390665817	0.230967603621	0.0531827141581	0.276783100521
-udi	0.0446096654275	0.914498141264	0.0148698884758	0.0260223048327
-amɛ	0.00995024875622	0.990049751244	0.0	0.0
-haŋ	0.129659643436	0.432739059968	0.0486223662885	0.388978930308
-rãy	0.0987654320987	0.876543209877	0.0	0.0246913580247
-wor	0.305425318151	0.57669122572	0.117883456129	0.0
-pur	0.484848484848	0.515151515152	0.0	0.0
-abe	0.0181086519115	0.951710261569	0.0301810865191	0.0
-ebɛ	0.0833333333333	0.916666666667	0.0	0.0
-aba	0.22914482637	0.681146743713	0.0299439211181	0.0597645087981
-woo	0.282317772736	0.133010738895	0.0202288430109	0.564442645358
-abi	0.0666666666667	0.866666666667	0.0	0.0666666666667
-hur	0.240862845966	0.759137154034	0.0	0.0
-tãŋ	0.250696411406	0.354136367394	0.10520693647	0.28996028473
-pãm	0.346562437362	0.607837241932	0.00912006414111	0.0364802565645
-gbe	0.541181598256	0.067061934747	0.0243856571005	0.367370809896
-koo	0.143794566174	0.126971660716	0.0397736497804	0.68946012333
-ɛhɛ	0.283679548772	0.587331604382	0.0466748862719	0.0823139605742
-ema	0.0	1.0	0.0	0.0
-sor	0.0666666666667	0.933333333333	0.0	0.0
-tur	0.047619047619	0.666666666667	0.285714285714	0.0
-tuu	0.343407592276	0.0781005577108	0.00686100809286	0.571630841921
-kor	0.331061119111	0.374473760729	0.186342778726	0.108122341435
-iyã	0.0581963571746	0.897378942692	0.0350955131053	0.00932918702798
-ore	0.0	0.874535315985	0.0	0.125464684015
-kra	0.134228187919	0.785234899329	0.0805369127517	0.0
-yɛn	0.169292323081	0.7871967992	0.00750187546887	0.0360090022506
-yɛm	0.0	1.0	0.0	0.0
-yɛl	0.150160231955	0.785950455262	0.0516811638436	0.0122081489394
-ruu	0.490888806248	0.347093095327	0.0334696913351	0.128548407091
-cɛr	0.523391604616	0.192407879906	0.0952628419269	0.188937673551
-yɛr	0.667257932438	0.168072736572	0.0418529108504	0.12281642014
-adi	0.0714285714285	0.928571428571	0.0	0.0
-ɛke	0.112510495382	0.476070528967	0.381192275399	0.0302267002519
-fãy	0.42596142793	0.401458040545	0.0919692817704	0.0806112497543
-cĩĩ	0.123841415028	0.850358290174	0.020640235838	0.0051600589595
-leŋ	0.301404684483	0.574633147913	0.0815410263605	0.0424211412443
-mlã	0.142857142857	0.326530612245	0.530612244898	0.0
-ãtã	0.37756497948	0.352941176471	0.196990424077	0.0725034199726
-oda	0.0	1.0	0.0	0.0
-rne	0.0	1.0	0.0	0.0
-ode	0.0	0.97510373444	0.0124481327801	0.0124481327801
-dãã	0.507600317215	0.373810439909	0.0680209996873	0.0505682431886
-wɔr	0.0884624215984	0.770867826024	0.117466494254	0.0232032581242
-cãŋ	0.292279782302	0.385809312638	0.134952630518	0.186958274542
-uri	0.119363395225	0.816976127321	0.0477453580902	0.0159151193634
-are	0.0	1.0	0.0	0.0
-rge	0.286852589641	0.458167330677	0.223107569721	0.0318725099602
-yɛ-	0.0365010049481	0.921848135801	0.014690806945	0.0269600523057
-ehe	0.656716417911	0.313432835821	0.0298507462686	0.0
-sye	0.309507286458	0.156935350288	0.029421610236	0.504135753017
-peŋ	0.0	0.948705236383	0.0419684429593	0.00932632065761
-gba	0.255805892548	0.454419410745	0.240901213172	0.0488734835355
-wɛr	0.262415349887	0.392212189616	0.291196388262	0.0541760722347
-fɛŋ	0.0364073987925	0.866506204428	0.09708639678	0.0
-pai	0.652547526774	0.11860744312	0.0280515354758	0.20079349463
-uãy	0.399391929243	0.370646766169	0.195688225539	0.0342730790492
-apa	0.0602040816327	0.90306122449	0.0306122448979	0.00612244897959
-pal	0.182485204816	0.365066952433	0.400411272338	0.0520365704135
-ẽna	0.0	1.0	0.0	0.0
-bya	0.0817464620464	0.0783153150218	0.0739553991157	0.765982823816
-uãr	0.849585940866	0.112372897603	0.0380411615313	0.0
-jũũ	0.537538871613	0.208129720124	0.234340293203	0.01999111506
-ɔɔ-	0.137404580153	0.849236641221	0.00954198473282	0.00381679389313
-crã	0.553030276677	0.113906562169	0.0654900842172	0.267573076936
-uam	0.0909090909091	0.109090909091	0.545454545455	0.254545454545
-pay	0.213810832373	0.659870578849	0.0821735661732	0.0441450226044
-uãn	0.555224463876	0.211762981779	0.138977089541	0.0940354648039
-waa	0.0581865561332	0.214857358591	0.0419254335089	0.685030651767
-wan	0.360313315927	0.542428198433	0.0842036553525	0.0130548302872
-par	0.483863465468	0.367302554192	0.126671974855	0.0221620054859
-wai	0.0975738818848	0.78408716955	0.036526643137	0.081812305428
-anɔ	0.0	1.0	0.0	0.0
-ini	0.0526315789473	0.947368421053	0.0	0.0
-anɛ	0.0	1.0	0.0	0.0
-sur	0.106168243899	0.813091461976	0.0673709597085	0.0133693344169
-rkɛ	0.014652014652	0.970695970696	0.014652014652	0.0
-ker	0.128571428571	0.432142857143	0.160714285714	0.278571428571
-icã	0.511545293073	0.243339253996	0.133214920071	0.11190053286
-sua	0.0924170616113	0.829383886256	0.021327014218	0.0568720379146
-fer	0.617172369271	0.225952227243	0.104583602324	0.052291801162
-dim	0.0645161290323	0.838709677419	0.0322580645161	0.0645161290322
-bãŋ	0.134169392524	0.771408885115	0.0678166970775	0.0266050252833
-ãta	0.225225655475	0.20956110607	0.0489517168919	0.516261521563
-fey	0.404444444444	0.542222222222	0.028	0.0253333333333
-fee	0.158378626862	0.614477704767	0.197939482437	0.0292041859333
-dir	0.273118654883	0.640245534143	0.0565646096907	0.0300712012836
-ai-	0.180042825176	0.598495368896	0.047745009302	0.173716796626
-ane	0.0619059632886	0.910931567709	0.0245780285642	0.00258444043788
-ɔpe	0.0731204943357	0.815653964985	0.0834191555097	0.0278063851699
-ũũ-	0.106034849129	0.150233744156	0.724181895453	0.0195495112622
-kaŋ	0.451962110961	0.34100135318	0.0324763193505	0.174560216509
-sãr	0.0333333333333	0.9	0.0666666666667	0.0
-tãn	0.412935041379	0.485489173563	0.0514114046026	0.0501643804557
-tãm	0.4343832021	0.524934383202	0.0249343832021	0.0157480314961
-ɛle	0.141489804411	0.783187682064	0.026633374948	0.0486891385767
-ihi	0.261382210433	0.429201576193	0.189817024997	0.119599188377
-esu	0.0055309243753	0.69413269572	0.00441373678242	0.295922643122
-klo	0.105198648048	0.778716907188	0.0266674420645	0.0894170026998
-uke	0.20060331825	0.683257918552	0.0226244343891	0.0935143288084
-en-	0.122093023256	0.866279069767	0.0	0.0116279069767
-tãr	0.0378032989923	0.854253222992	0.0784495862186	0.0294938917975
-afa	0.200288116972	0.633096733062	0.117237122991	0.0493780269753
-nna	0.0111939169633	0.956121862426	0.00751303435825	0.0251711862527
-kla	0.279489108684	0.394964304976	0.151203693366	0.174342892974
-ãlɛ	0.0663759422199	0.742382750752	0.147443312809	0.0437979942187
-efa	0.105778391534	0.713710233805	0.151374299049	0.0291370756113
-ɔni	0.112676056338	0.802816901409	0.0845070422535	0.0
-yiɔ	0.15625	0.84375	0.0	0.0
-nga	0.097631345493	0.597192183308	0.188089840294	0.117086630905
-woŋ	0.100476439696	0.836323112739	0.0205464618939	0.0426539856707
-nge	0.111924009296	0.357775891604	0.0526012630473	0.477698836053
-ãsa	0.22345756241	0.705442304096	0.0609429715664	0.0101571619277
-rãŋ	0.285940146412	0.365339990774	0.320831851489	0.0278880113242
-tii	0.283734300463	0.225469383859	0.12452428417	0.366272031508
-kɛr	0.269109947644	0.602094240838	0.103664921466	0.0251308900524
-ɔ̃n	0.0165745856353	0.911602209945	0.0165745856353	0.0552486187845
-alɛ	0.349676225717	0.22664199815	0.401480111008	0.0222016651249
-tye	0.0	1.0	0.0	0.0
-emm	0.272727272727	0.157024793388	0.289256198347	0.280991735537
-sãn	0.0270033232843	0.890872186913	0.0704899888678	0.0116345009344
-emi	0.00803212851406	0.983935742972	0.0	0.00803212851406
-emu	0.157894736842	0.832817337461	0.0	0.0092879256966
-jaa	0.785117102151	0.0638027651878	0.0500791515436	0.101000981118
-ɔ̃r	0.343785088585	0.499319954875	0.0742127771801	0.0826821793602
-̃fa	0.0898575354683	0.828310934833	0.0570329349841	0.0247985947142
-mma	0.511321850203	0.304819043933	0.081285078382	0.102574027482
-ana	0.0812516434394	0.841966868262	0.0236655272154	0.0531159610834
-fãã	0.402002651998	0.310161596012	0.265921823908	0.0219139280813
-yãã	0.637015497901	0.0552985347263	0.0451179044959	0.262568062877
-uɔr	0.0333333333333	0.933333333333	0.0333333333333	0.0
-cir	0.12025281056	0.161735369241	0.687212185618	0.0307996345806
-sɔ̃	0.030303030303	0.969696969697	0.0	0.0
-ãkɛ	0.423710208562	0.427552140505	0.112513721186	0.0362239297475
-yrã	0.0379425122463	0.920528440493	0.039085976576	0.00244307068502
-sãy	0.39911634757	0.540888303232	0.0423223005969	0.0176730486009
-ria	0.4125	0.525	0.0625	0.0
-joŋ	0.0634920634921	0.84126984127	0.0952380952381	0.0
-fɛr	0.438604850622	0.343641301758	0.0919616905704	0.12579215705
-pɛn	0.531728398375	0.386356686199	0.0517357360581	0.0301791793673
-eta	0.00527704485488	0.994722955145	0.0	0.0
-ete	0.0892857142857	0.875	0.0357142857143	0.0
-sɛŋ	0.267246181045	0.631854750601	0.0872640591168	0.013635009237
-rse	0.0	1.0	0.0	0.0
-ĩfa	0.0589093030038	0.904345290172	0.0122484689414	0.0244969378828
-wey	0.156240176045	0.759823954731	0.0424394844389	0.0414963847847
-bui	0.143466271531	0.775857775701	0.0367980472749	0.0438779054933
-yɛ̃	0.301825242857	0.580186214764	0.024476706448	0.0935118359311
-uya	0.0813953488372	0.906976744186	0.0116279069767	0.0
-ede	0.031523642732	0.964973730298	0.00350262697023	0.0
-kũn	0.729666471621	0.161497952019	0.0491515506144	0.0596840257461
-eŋ-	0.157190371498	0.595715654772	0.149174136084	0.0979198376459
-ate	0.0998226833914	0.833191042228	0.0472844289748	0.0197018454062
-ata	0.152421993456	0.780863458623	0.0143643763467	0.0523501715745
-bur	0.044016855855	0.935842157237	0.00361755590102	0.0165234310073
-kũy	0.227989675939	0.725791033362	0.0337921804799	0.0124271102189
-ãfa	0.164582920862	0.683236417766	0.106472688875	0.045707972497
-wee	0.325755117831	0.367002624057	0.0782073197829	0.22903493833
-lii	0.170128761185	0.320930402524	0.0410243695145	0.467916466777
-ose	0.0186451211933	0.981354878807	0.0	0.0
-kai	0.403775082414	0.294743962989	0.100555923644	0.200925030952
-bua	0.113508189714	0.196486669205	0.0848855635406	0.60511957754
-osa	0.121722846442	0.818352059925	0.0	0.0599250936329
-ɔte	0.0350107168199	0.903848545365	0.0515138879745	0.00962684984016
-kal	0.752669979909	0.218145289204	0.00126890134292	0.0279158295443
-udɛ	0.0173134968667	0.964453705548	0.00965265754516	0.00858014004015
-ɔti	0.0714285714286	0.836734693878	0.0663265306122	0.0255102040816
-tan	0.396618985696	0.457087126138	0.0721716514954	0.074122236671
-pii	0.0938597441842	0.848170146275	0.0296588790347	0.0283112305061
-ule	0.193832599119	0.740088105727	0.0352422907489	0.0308370044053
-osu	0.0694891854579	0.899677864703	0.00874367234239	0.0220892774965
-ace	0.503489531406	0.128614157527	0.272183449651	0.0957128614157
-ntẽ	0.144594356752	0.700737089509	0.109275407316	0.045393146423
-fẽŋ	0.746198830409	0.215204678362	0.0315789473684	0.00701754385965
-kar	0.65068234505	0.194712513905	0.028628922316	0.125976218729
-nii	0.508275103828	0.0762067231135	0.0155545491108	0.399963623947
-lẽm	0.205821205821	0.794178794179	0.0	0.0
-yãn	0.33922829582	0.628617363344	0.0225080385852	0.0096463022508
-ããŋ	0.596561991483	0.222276079355	0.0714087871758	0.109753141987
-kẽŋ	0.425543843911	0.463444718547	0.037003812514	0.074007625028
-rki	0.0	1.0	0.0	0.0
-fir	0.182163620808	0.372023747124	0.417528446953	0.0282841851161
-fãm	0.245967741935	0.194950911641	0.512798036466	0.046283309958
-fãn	0.182676148145	0.618527665563	0.168670213361	0.0301259729316
-ɛrɛ	0.0233918128655	0.910331384016	0.0428849902534	0.0233918128655
-syɛ	0.0229007633588	0.95572519084	0.0213740458015	0.0
-ãpa	0.558764800483	0.307504668156	0.0491100821379	0.0846204492224
-fuu	0.0	0.944444444444	0.0555555555555	0.0
-am-	0.4875	0.3	0.075	0.1375
-yãy	0.0651003844511	0.90388722768	0.0210166595472	0.00999572832123
-sẽn	0.421526586621	0.406089193825	0.11320754717	0.0591766723843
-ɛ̃y	0.553105389713	0.401735968565	0.0117295173304	0.0334291243915
-cre	0.458333333333	0.166666666667	0.0729166666666	0.302083333333
-yãr	0.544159932562	0.303899058589	0.0756970180664	0.0762439907831
-wɛl	0.0	1.0	0.0	0.0
-cra	0.318504495977	0.619025082821	0.0227165168007	0.0397539044013
-tɛ-	0.344780840488	0.328965205603	0.21464075915	0.111613194758
-rnu	0.00777202072539	0.975388601036	0.00259067357513	0.0142487046632
-taa	0.254003488608	0.147334215105	0.0387683539681	0.559893942319
-fɔr	0.0583333333333	0.925	0.0166666666667	0.0
-fra	0.016393442623	0.983606557377	0.0	0.0
-ila	0.0205761316872	0.913580246914	0.0164609053498	0.0493827160494
-ilo	0.0108695652174	0.891304347826	0.0217391304348	0.0760869565217
-sãã	0.0460332370177	0.0962300394255	0.771678329633	0.0860583939234
-ebi	0.0634920634921	0.873015873016	0.0	0.0634920634921
-pẽn	0.437317614526	0.448329766108	0.0783434246231	0.0360091947435
-nee	0.125059665871	0.841050119332	0.0128878281623	0.0210023866349
-lme	0.0366972477064	0.926605504587	0.0183486238532	0.0183486238532
-taŋ	0.253698721823	0.513413460416	0.192128590737	0.0407592270235
-eba	0.0194761620346	0.961047675931	0.0194761620346	0.0
-igi	0.425179321458	0.274034388152	0.135668872595	0.165117417795
-amu	0.119047619048	0.880952380952	0.0	0.0
-ebe	0.131621975147	0.0655657292348	0.751308044474	0.0515042511445
-abɛ	0.195492405683	0.72219500245	0.0	0.0823125918667
-ɔbe	0.111627906977	0.776744186047	0.0837209302326	0.0279069767442
-atã	0.0	1.0	0.0	0.0
-yiŋ	0.471600688468	0.302925989673	0.15834767642	0.0671256454389
-ama	0.0582503975218	0.8996788151	0.0345828080556	0.00748797932253
-yii	0.249944276868	0.233496609924	0.107109247534	0.409449865674
-ati	0.0535007568711	0.889049989969	0.0366580948733	0.0207911582864
-uaŋ	0.381901481465	0.531778320669	0.0401083747658	0.0462118230997
-eii	0.5	0.359375	0.046875	0.09375
-ɛte	0.0309860866395	0.902652044474	0.00774652165988	0.0586153472265
-usi	0.193548387097	0.806451612903	0.0	0.0
-ɛta	0.0357142857143	0.928571428571	0.0	0.0357142857143
-ire	0.0762554246745	0.910725356479	0.00371977681339	0.00929944203348
-ɔgɔ	0.0432985632749	0.00413304467624	0.808239847799	0.14432854425
-ira	0.140350877193	0.859649122807	0.0	0.0
-use	0.0758731773482	0.889369277721	0.0188623262123	0.0158952187182
-uli	0.0	1.0	0.0	0.0
-gun	0.845543004138	0.116877306789	0.0375796890728	0.0
-usu	0.00861573808156	0.974152785755	0.00689259046525	0.0103388856979
-ɔ̃ŋ	0.39633817986	0.373182552504	0.203015616586	0.0274636510501
-ɛkɛ	0.0513833992095	0.944664031621	0.00395256916996	0.0
-ŋfa	0.133027466205	0.75896996029	0.074547554744	0.0334550187613
-ãku	0.430869683955	0.326596986023	0.116686114352	0.125847215671
-rĩŋ	0.0305443043448	0.951294217396	0.00860280549115	0.00955867276795
-pui	0.103958836501	0.0066155623228	0.797017746509	0.0924078546675
-ãka	0.435640711662	0.00424980191601	0.435640711662	0.12446877476
-kaa	0.556820105517	0.260405752456	0.0652918278452	0.117482314182
-ĩĩ-	0.399522317141	0.511701966335	0.038353636961	0.0504220795632
-ir-	0.0138504155125	0.620498614958	0.343490304709	0.0221606648199
-ɛsu	0.05	0.9	0.05	0.0
-wii	0.0648203884815	0.17333206142	0.00633448170158	0.755513068396
