-eus	0.0178217821782	0.934653465347	0.00594059405941	0.0415841584158
-hem	0.064266487214	0.93068640646	0.0	0.00504710632571
-imâ	0.673138467701	0.0508740241087	0.00489170083334	0.271095807357
-ive	0.519968422754	0.29710429764	0.137432412139	0.0454948674667
-rbe	0.0201005025126	0.979899497487	0.0	0.0
-lel	0.0	1.0	0.0	0.0
-lem	0.0162381596752	0.974573311799	0.000654764503033	0.00853376402287
-aus	0.347826086957	0.608695652174	0.0	0.0434782608696
-oyo	0.160999454398	0.368710262891	0.0685510360877	0.401739246623
-gau	0.0516129032258	0.309677419355	0.638709677419	0.0
-puu	0.30004580852	0.443884562529	0.135593220339	0.120476408612
-pus	0.0	1.0	0.0	0.0
-kia	0.537969799457	0.409536512171	0.0108607631115	0.0416329252608
-apa	0.109471597465	0.107264029232	0.0801247328437	0.703139640459
-pua	0.730915814498	0.166069204936	0.0716954077205	0.0313195728463
-aki	0.426518164248	0.176780792589	0.0338640593709	0.362836983792
-opu	0.0049504950495	0.991749174917	0.0016501650165	0.0016501650165
-ape	0.216216216216	0.720720720721	0.054054054054	0.009009009009
-opo	0.22303770338	0.215832834004	0.0565932619285	0.504536200687
-opi	0.118811881188	0.821782178218	0.039603960396	0.019801980198
-opa	0.0162127107652	0.974708171206	0.0	0.00907911802853
-dea	0.252100840336	0.72268907563	0.0	0.0252100840336
-imu	0.0260544920169	0.933513384701	0.0133449837159	0.0270871395663
-del	0.0202456471858	0.87582669726	0.0998785261169	0.00404912943717
-400	0.456865127582	0.251518833536	0.0218712029162	0.269744835966
-ima	0.109547019993	0.112334783577	0.0396816305861	0.738436565844
-oko	0.0558455819409	0.0459117343922	0.0168583339151	0.881384349752
-des	0.0520231213873	0.913294797688	0.0346820809249	0.0
-oki	0.265345717258	0.350304177901	0.252112488772	0.132237616069
-aka	0.0874282197877	0.301679761897	0.0689536675972	0.541938350718
-imi	0.42481373103	0.244504823246	0.0781662433903	0.252515202333
-oka	0.609966436146	0.097437413975	0.0246302036081	0.267965946271
-imo	0.485461431708	0.0662567370221	0.0373604604412	0.410921370829
-âki	0.284461195998	0.151611695067	0.0354506720771	0.528476436857
-âko	0.386199794027	0.536560247168	0.0525231719876	0.0247167868177
-âka	0.305953450526	0.0826566764421	0.0297926802394	0.581597192792
-âke	0.0260869565217	0.947826086957	0.0260869565217	0.0
-ida	0.00782778864972	0.988258317025	0.0	0.00391389432485
-ŋai	0.139108791246	0.133658347741	0.0244198241291	0.702813036883
-bia	0.285981474156	0.637120168118	0.0693593030467	0.007539054679
-âku	0.0281570744113	0.0384047901364	0.00981849202985	0.923619643422
-100	0.0381547353759	0.295534672135	0.16760830183	0.498702290659
-uta	0.394427273147	0.553443742215	0.0235272408544	0.0286017437837
-tet	0.0958225125353	0.706273784774	0.184738898041	0.0131648046501
-teu	0.74908404977	0.07552508434	0.0910508941851	0.0843399717053
-ria	0.0272585089745	0.805745885157	0.0180606241156	0.148934981753
-rin	0.101999420458	0.847290640394	0.0176760359316	0.0330339032165
-ril	0.0	0.642857142857	0.357142857143	0.0
-uti	0.39448757792	0.58191577248	0.00726050756908	0.0163361420304
-rik	0.0483807599484	0.551159005444	0.383903013975	0.016557220632
-tea	0.642024276404	0.159126353718	0.0582803169806	0.140569052897
-rit	0.0380412788345	0.910967219749	0.0364225010117	0.0145690004047
-ris	0.0169491525424	0.966101694915	0.0	0.0169491525424
-utu	0.544604927783	0.186794513897	0.171106930453	0.0974936278674
-sia	0.194358238084	0.727996048727	0.0308343264839	0.0468113867049
-ten	0.0	1.0	0.0	0.0
-are	0.45895384247	0.448981740104	0.0539687964222	0.0380956210039
-nze	0.194558136854	0.746642070675	0.0345881132184	0.0242116792529
-ara	0.232333185191	0.217894780427	0.312586319768	0.237185714613
-nza	0.238714899599	0.70379590539	0.0422186275866	0.0152705674249
-aro	0.0611325076032	0.53222254104	0.00642363864487	0.400221312712
-ari	0.0757795429948	0.830542566008	0.015107580677	0.0785703103197
-nzi	0.232306795733	0.158919749819	0.0434272165632	0.565346237884
-aru	0.596081379952	0.327185228588	0.0351905917223	0.0415427997381
-mea	0.0	1.0	0.0	0.0
-lun	0.0107991360691	0.989200863931	0.0	0.0
-lua	0.619538216544	0.214872626738	0.0859733049622	0.0796158517556
-men	0.0547445255474	0.945255474453	0.0	0.0
-mek	0.0	1.0	0.0	0.0
-aya	0.00694273194605	0.974846823605	0.0147959861145	0.00341445833412
-ayo	0.272006489122	0.136920697494	0.0197106151538	0.57136219823
-ero	0.0182793749069	0.914490088013	0.00898587517567	0.0582446619044
-âru	0.396883116883	0.312727272727	0.271688311688	0.0187012987013
-âra	0.320092948952	0.313253457354	0.278756732835	0.0878968608593
-âre	0.415332362931	0.347404172732	0.0650169820476	0.17224648229
-âri	0.303310819421	0.54516375685	0.098004332866	0.0535210908628
-âro	0.0889202540578	0.885673959069	0.0254057868737	0.0
-âgâ	0.15	0.825	0.0	0.025
-mâo	0.0257151086932	0.895710948078	0.0500016002367	0.0285723429924
-umu	0.308823529412	0.691176470588	0.0	0.0
-ota	0.145833996119	0.221550599688	0.562466197945	0.0701492062482
-ote	0.009942004971	0.960231980116	0.029826014913	0.0
-oti	0.0366494198808	0.924643305111	0.0235183443086	0.0151889306993
-âlo	0.330169207104	0.525660746749	0.0636274646903	0.0805425814571
-oto	0.663742918128	0.222580314877	0.0521051661175	0.0615716008778
-uma	0.115237858474	0.786035504495	0.0218018484345	0.0769247885956
-otu	0.645644229636	0.179181893198	0.117647058824	0.0575268183426
-umo	0.373366265921	0.224692352034	0.0405499479061	0.361391434139
-mat	0.0	1.0	0.0	0.0
-umi	0.151798148017	0.288579113014	0.0508100242798	0.508812714688
-ako	0.727637099191	0.224290780142	0.0187918289881	0.0292802916791
ALL	0.229806586706	0.272886049694	0.0520327366596	0.445274626941
-nai	0.0381679389313	0.910305343511	0.0229007633588	0.0286259541985
-nan	0.0359808102345	0.81210021322	0.151918976546	0.0
-nao	0.109948892821	0.397443812188	0.115428608969	0.377178686022
-kie	0.136513035615	0.49399055166	0.123677722271	0.245818690454
-nam	0.0	1.0	0.0	0.0
-sis	0.043392504931	0.901380670611	0.0473372781065	0.00788954635108
-nde	0.335420906454	0.0314998399291	0.0167363602767	0.61634289334
-kii	0.108391608392	0.0104895104895	0.881118881119	0.0
-sip	0.0105561528687	0.924640797576	0.0633369172124	0.00146613234288
-kin	0.0	1.0	0.0	0.0
-kim	0.0	1.0	0.0	0.0
-kis	0.0149105367793	0.970178926441	0.0149105367793	0.0
-sii	0.0654516876994	0.923302317851	0.0112459944501	0.0
-sio	0.608544716379	0.152517860848	0.0376262336914	0.201311189082
-sin	0.0731707317073	0.798780487805	0.030487804878	0.0975609756097
-nas	0.0575719649562	0.916145181477	0.0131414267835	0.0131414267835
-aku	0.0163141591354	0.00171607107204	0.00169599087873	0.980273778914
-goi	0.0188861832152	0.892435477943	0.0776935179921	0.0109848208497
-gok	0.0666666666666	0.916666666667	0.0166666666666	0.0
-mos	0.0463768115942	0.932367149758	0.0	0.0212560386473
-gol	0.00431965442765	0.734622969293	0.256362099728	0.0046952765518
-gon	0.0	1.0	0.0	0.0
-goa	0.133999204961	0.728285369901	0.0982725491011	0.0394428760368
-âla	0.255072189672	0.55379273896	0.0680517387663	0.123083332601
-moe	0.539898132428	0.391341256367	0.0382003395586	0.0305602716469
-lki	0.0	1.0	0.0	0.0
-moa	0.32307135096	0.112398889291	0.472534106	0.0919956537486
-mon	0.00559015428148	0.99113028854	0.000894424685036	0.00238513249343
-ber	0.0	1.0	0.0	0.0
-eor	0.121212121212	0.878787878788	0.0	0.0
-bet	0.265625	0.734375	0.0	0.0
-yae	0.115821716054	0.648045638038	0.138267785056	0.0978648608517
-eon	0.13676042677	0.816682832202	0.0232783705141	0.0232783705141
-ben	0.0	1.0	0.0	0.0
-bel	0.0850290697674	0.899709302326	0.0109011627907	0.00436046511629
-âge	0.257120253165	0.685476155431	0.0215263467765	0.0358772446276
-bea	0.0425531914894	0.829787234042	0.127659574468	0.0
-iso	0.338823529412	0.573333333333	0.00941176470588	0.0784313725491
-upu	0.523613465331	0.307704483701	0.101997967057	0.0666840839107
-rel	0.0582910111572	0.878581157549	0.0192739953914	0.043853835902
-rea	0.482784945416	0.365753110924	0.0797007405146	0.0717612031453
-isa	0.158031097421	0.535240691787	0.287329268038	0.019398942754
-eve	0.0758952431854	0.732228754677	0.105825761625	0.086050240513
-eva	0.0461676378306	0.0797848498431	0.864634692963	0.00941281936352
-upa	0.64972940469	0.278111846061	0.0450992182802	0.0270595309681
-res	0.0229508196721	0.931147540984	0.0360655737705	0.00983606557376
-isu	0.776572668113	0.188720173536	0.0173535791757	0.0173535791757
-ret	0.1046277666	0.879275653924	0.00804828973842	0.00804828973842
-upi	0.285714285714	0.604395604396	0.043956043956	0.0659340659341
-ŋgo	0.245057449165	0.17353174007	0.0528555282513	0.528555282514
-ŋgi	0.396539150633	0.47066290931	0.073196423909	0.0596015161473
-jut	0.02	0.92	0.06	0.0
-ŋge	0.0642977801346	0.166438409367	0.0243903357264	0.744873474772
-ava	0.0762264660686	0.199123565276	0.0524910060449	0.67215896261
-mas	0.0194615634123	0.953616607201	0.00194615634123	0.0249756730457
-mar	0.0	1.0	0.0	0.0
-ŋga	0.332222894768	0.0631700476181	0.0230821697457	0.581524887868
-ham	0.0255220924475	0.929215332188	0.0379882328955	0.00727434246935
-mai	0.111831575491	0.178520129684	0.534739606845	0.17490868798
-has	0.0	1.0	0.0	0.0
-mao	0.0966035339803	0.332694404263	0.243705356198	0.326996705558
-man	0.0269306019105	0.622971573254	0.350097824836	0.0
-maa	0.0659330454567	0.769002182291	0.123276222315	0.0417885499373
-uno	0.420218531212	0.284002695023	0.0477487769868	0.248029996778
-uni	0.146395030307	0.167588374979	0.391700264421	0.294316330293
-una	0.281040425166	0.441691267769	0.120919299839	0.156349007226
-mfa	0.0	1.0	0.0	0.0
-pta	0.0	1.0	0.0	0.0
-unu	0.459162936037	0.472229989363	0.0415678157871	0.027039258813
-nki	0.0405694475179	0.944678026112	0.00958914214059	0.00516338422955
-gad	0.0	1.0	0.0	0.0
-tra	0.0186335403727	0.981366459627	0.0	0.0
-500	0.0184162062615	0.108655616943	0.0883977900552	0.78453038674
-uŋu	0.412	0.552	0.00799999999999	0.028
-ârâ	0.104270578246	0.106620237975	0.672345095351	0.116764088428
-gai	0.0	1.0	0.0	0.0
-adi	0.0	1.0	0.0	0.0
-uŋa	0.112383512698	0.816945702034	0.0449933268383	0.025677458429
-gar	0.068068248323	0.889578174943	0.0423535767344	0.0
-rli	0.234234234234	0.603603603604	0.162162162162	0.0
-ini	0.142753609156	0.234852006185	0.046317080408	0.576077304251
-sek	0.0	1.0	0.0	0.0
-ino	0.811816116207	0.0906448626122	0.0387153921841	0.058823628997
-ina	0.21153233514	0.255072333416	0.0765839176167	0.456811413827
-see	0.0258512445528	0.929357517436	0.0256929716269	0.0190982663839
-wâe	0.46875	0.484375	0.0416666666666	0.00520833333334
-ine	0.0750646639517	0.0996449788148	0.0157511388241	0.809539218409
-sea	0.104046242775	0.806771263419	0.0074318744839	0.0817506193228
-set	0.0	1.0	0.0	0.0
-inu	0.559082359264	0.336373102244	0.0761621657934	0.0283823726992
-âne	0.0590433625175	0.692010732605	0.217861586291	0.0310843185868
-kus	0.0536345776031	0.918074656189	0.0141453831041	0.0141453831041
-âna	0.369853446752	0.428673539561	0.135481060555	0.0659919531318
-ede	0.0373817516021	0.941257247482	0.00305157155935	0.0183094293561
-âno	0.0249961328154	0.832479740425	0.0179862176851	0.124537909074
-edi	0.0341685649203	0.96583143508	0.0	0.0
-nes	0.0563204005006	0.866082603254	0.0438047559449	0.0337922403004
-âni	0.0257975073357	0.128322012612	0.0465547934382	0.799325686614
-nen	0.0	0.806451612903	0.0	0.193548387097
-fus	0.0	0.945454545455	0.0545454545454	0.0
-ias	0.0618285987109	0.90304539099	0.0289022269208	0.00622378337823
-kuo	0.4999196529	0.292142053672	0.0454764582998	0.162461835128
-kum	0.455696202532	0.506329113924	0.0379746835443	0.0
-nea	0.416532325467	0.473624265845	0.0511393739181	0.0587040347691
-eka	0.386135107465	0.336091798795	0.230007703784	0.0477653899556
-eke	0.119375752164	0.765945882992	0.0640552816492	0.0506230831942
-bai	0.612359550562	0.269662921348	0.0	0.11797752809
-eki	0.161526548866	0.178098537184	0.567294803706	0.0930801102443
-eko	0.330582524272	0.502912621359	0.0242718446602	0.142233009709
-hor	0.0	1.0	0.0	0.0
-iru	0.632582322357	0.280762564991	0.0589254766031	0.0277296360485
-bau	0.227742693494	0.66854163607	0.00686591276252	0.0968497576737
-bas	0.031081468874	0.953541070881	0.00872774770673	0.00664971253847
-ase	0.0	1.0	0.0	0.0
-mbu	0.368298658984	0.387197964462	0.0703971656557	0.174106210898
-asa	0.369123642334	0.519721318605	0.0706516276844	0.0405034113761
-aso	0.246531483458	0.245464247599	0.418356456777	0.0896478121665
-aaa	0.388235294118	0.423529411765	0.0	0.188235294118
-asi	0.43172866717	0.549977745239	0.0	0.0182935875919
-mba	0.0347208949931	0.866885248572	0.0813602345581	0.0170336218766
-asu	0.922206506365	0.0565770862801	0.0	0.021216407355
-mbe	0.590559278727	0.329601785528	0.0443482650769	0.0354906706678
-yen	0.0	1.0	0.0	0.0
-iwa	0.0671071799956	0.864241581	0.040739403077	0.0279118359274
-mbi	0.192971415293	0.758086057292	0.0180678909815	0.0308746364338
-lta	0.0	1.0	0.0	0.0
-ake	0.057499117905	0.937845083074	0.00465579902064	0.0
-mbo	0.139526887369	0.145164185329	0.0167770120243	0.698531915278
-dia	0.102200758695	0.287032496081	0.0244907554561	0.586275989768
-430	0.519480519481	0.038961038961	0.0	0.441558441558
-ras	0.0594916170903	0.895078420768	0.0324499729583	0.0129799891833
-ran	0.11214953271	0.88785046729	0.0	0.0
-eri	0.314141978759	0.595304639463	0.0391280044718	0.0514253773057
-ral	0.0380952380952	0.67619047619	0.285714285714	0.0
-ram	0.0	1.0	0.0	0.0
-rak	0.0	1.0	0.0	0.0
-kâu	0.0	1.0	0.0	0.0
-rai	0.12694875507	0.235059045933	0.586394309575	0.051597889422
-era	0.0464587086375	0.830740322539	0.0911504348501	0.0316505339735
-rae	0.235953074005	0.670645771466	0.0253349406565	0.0680662138719
-ere	0.598970323812	0.202667188905	0.0319963059973	0.166366181286
-ugu	0.143599007915	0.790092987353	0.037102907868	0.0292050968635
-poa	0.467741935484	0.258064516129	0.274193548387	0.0
-poe	0.298314918306	0.418224478478	0.0630860458171	0.220374557399
-lae	0.0273298017759	0.451351311618	0.232555292831	0.288763593774
-ike	0.0	1.0	0.0	0.0
-ika	0.293303490293	0.283936510091	0.113435465931	0.309324533686
-iko	0.557887709843	0.366642639789	0.0561184579659	0.019351192402
-lam	0.0132450331126	0.95761589404	0.0291390728477	0.0
-nor	0.0	1.0	0.0	0.0
-nos	0.0392156862745	0.960784313725	0.0	0.0
-iki	0.0551699965818	0.0358379903954	0.00842733298583	0.900564680037
-lak	0.08	0.92	0.0	0.0
-lau	0.130023309557	0.820486399424	0.0281815544373	0.021308736582
-iku	0.524590163934	0.44262295082	0.0	0.0327868852459
-fos	0.0	1.0	0.0	0.0
-iks	0.0906411201179	0.875460574797	0.0132645541636	0.0206337509211
-non	0.0880503144654	0.761006289308	0.150943396226	0.0
-las	0.0373620152844	0.943826340656	0.00783818502471	0.0109734590346
-noa	0.00944510035419	0.988193624557	0.0	0.00236127508855
-sââ	0.413507625272	0.193464052288	0.283224400871	0.109803921569
-dot	0.0645161290323	0.870967741935	0.0322580645161	0.0322580645161
-myu	0.0	1.0	0.0	0.0
-gea	0.666666666667	0.271317829457	0.0077519379845	0.0542635658914
-boi	0.322363065473	0.510485715393	0.156917471024	0.0102337481102
-don	0.00574412532637	0.993211488251	0.0	0.00104438642297
-dom	0.0429948109711	0.930318754633	0.0266864343958	0.0
-dok	0.0	1.0	0.0	0.0
-get	0.0882352941176	0.911764705882	0.0	0.0
-sas	0.113636363636	0.863636363636	0.0227272727273	0.0
-sar	0.0	1.0	0.0	0.0
-sau	0.518014639588	0.183473739476	0.0410648547995	0.257446766137
-sat	0.0	1.0	0.0	0.0
-lââ	0.119125878375	0.809703407702	0.0182673405343	0.0529033733889
-oli	0.419062554452	0.486844397979	0.0627286983795	0.0313643491897
-ibi	0.370967741936	0.612903225806	0.0	0.0161290322581
-sae	0.588590790603	0.210182793923	0.11478507512	0.0864413403545
-olo	0.418956043956	0.353021978022	0.129120879121	0.0989010989011
-ola	0.330385526848	0.495925091035	0.0864111901046	0.0872781920121
-sai	0.0139155788218	0.97680736863	0.000397587966337	0.00887946458155
-ole	0.195879898396	0.246724848606	0.237782855917	0.319612397081
-sam	0.0	1.0	0.0	0.0
-rot	0.0306600004566	0.900452023834	0.0505102390247	0.0183777366847
-iem	0.0	1.0	0.0	0.0
-iel	0.0821780188869	0.862366887683	0.0433996383364	0.0120554550934
-loe	0.464227642276	0.486720867209	0.00813008130081	0.0409214092141
-loa	0.186174271326	0.703443715347	0.0406938297981	0.0696881835291
-roa	0.124137931034	0.772413793103	0.0620689655172	0.0413793103448
-bwe	0.0911453488375	0.609552798887	0.0848644576181	0.214437394657
-rom	0.099877938536	0.637610761405	0.226219885604	0.0362914144549
-ron	0.022113022113	0.955773955774	0.0184275184275	0.00368550368551
-lou	0.661627906977	0.216279069767	0.0488372093023	0.0732558139535
-los	0.0628385698808	0.907908992416	0.00650054171182	0.0227518959913
-uel	0.0330335841439	0.943842906955	0.016516792072	0.00660671682879
-ipi	0.414932149505	0.219771515394	0.330425969331	0.0348703657698
-sâu	0.633924597702	0.190517031286	0.0881884842907	0.0873698867222
-bwa	0.105332362397	0.828718393005	0.0469334906787	0.0190157539195
-oke	0.576101618705	0.151669289568	0.0757362859713	0.196492805755
-ewe	0.696315120712	0.303684879288	0.0	0.0
-sâe	0.22314588427	0.148166259169	0.547840260799	0.080847595762
-ipu	0.264591922497	0.57673306186	0.0353171323042	0.123357883338
-hap	0.0204778156996	0.9795221843	0.0	0.0
-awa	0.289486247833	0.440451121931	0.069259237668	0.200803392569
-toa	0.469703917202	0.374475959649	0.0377472815407	0.118072841609
-awe	0.336978643277	0.524134378118	0.119364286425	0.0195226921798
-lâo	0.658610271903	0.267069486405	0.0036253776435	0.0706948640483
-ŋoa	0.28885400314	0.617817896389	0.0362637362637	0.0570643642072
-276	0.0	0.326530612245	0.0	0.673469387755
-ŋgu	0.19798143419	0.37998848477	0.0456103760587	0.376419704981
-kââ	0.0547263681592	0.935323383085	0.0	0.00995024875622
-200	0.0750605326876	0.392251815981	0.130750605327	0.401937046005
-iok	0.0933519944017	0.877256822953	0.00167949615116	0.027711686494
-aŋo	0.456621071042	0.180853432624	0.111585653727	0.250939842607
-lek	0.0	1.0	0.0	0.0
-ois	0.078431372549	0.901960784314	0.0196078431373	0.0
-ion	0.0362860192102	0.849519743863	0.0416221985059	0.0725720384205
-umâ	0.812987555976	0.0615049457018	0.0123229944877	0.113184503834
-mum	0.037037037037	0.962962962963	0.0	0.0
-lea	0.603287227198	0.218061810264	0.046023655169	0.132627307369
-mui	0.26282051282	0.711538461538	0.0128205128205	0.0128205128205
-lee	0.269866467875	0.0607184048774	0.0260298455743	0.643385281673
-tiu	0.388275276126	0.60152931181	0.0101954120646	0.0
-mus	0.0873786407767	0.808109651628	0.0445459737293	0.0599657338664
-ios	0.0	0.969387755102	0.030612244898	0.0
-les	0.037037037037	0.962962962963	0.0	0.0
-oik	0.0487804878049	0.341463414634	0.609756097561	0.0
-leu	0.043062200957	0.956937799043	0.0	0.0
-iot	0.00716845878136	0.991039426523	0.0	0.00179211469534
-âma	0.404050431847	0.3993844932	0.163804229127	0.0327608458255
-eza	0.17458432304	0.602731591449	0.133610451306	0.0890736342043
-alu	0.704651162791	0.281395348837	0.0	0.0139534883721
-ndu	0.53407513545	0.329691487933	0.0603367214436	0.075896655174
-âmo	0.347241654753	0.525282075547	0.0305572656182	0.0969190040821
-iba	0.010989010989	0.967032967033	0.021978021978	0.0
-ndi	0.618411090985	0.182253118656	0.0375015420076	0.161834248352
-alo	0.179737790996	0.543399966827	0.122856578878	0.154005663299
-oŋo	0.758263057459	0.125557432127	0.0213558558588	0.0948236545545
-ndo	0.255572786714	0.225379044191	0.136168631817	0.382879537278
-ali	0.150350171093	0.647826391219	0.0562714090641	0.145552028624
-nda	0.141779457603	0.192795216517	0.0390043505171	0.626420975363
-oam	0.0	0.957046979866	0.0	0.0429530201342
-ale	0.203545533207	0.658256581247	0.069612574962	0.0685853105834
-oŋa	0.43801814388	0.344817185453	0.144754799209	0.0724098714581
-aŋe	0.301000997387	0.354038349366	0.0765088080012	0.268451845246
-gia	0.0470588235294	0.917647058824	0.035294117647	0.0
-ala	0.232919362741	0.158415526624	0.0369868585171	0.571678252118
-lon	0.0766864875948	0.820586426082	0.0533114619643	0.0494156243593
-120	0.0394736842105	0.0	0.0	0.960526315789
-uvi	0.335439952048	0.231041939757	0.0270625903298	0.406455517865
-yoo	0.352245862884	0.2231678487	0.045390070922	0.379196217494
-lok	0.0	0.943089430894	0.0284552845528	0.0284552845529
-pel	0.0	0.41975308642	0.530864197531	0.0493827160494
-âti	0.237398694941	0.147082437243	0.0515092187317	0.564009649084
-pen	0.0188679245283	0.981132075472	0.0	0.0
-yââ	0.116767077449	0.829418835985	0.0251671365001	0.0286469500664
-ogi	0.0604229607251	0.729103726083	0.172205438066	0.0382678751259
-153	0.0185185185185	0.0	0.037037037037	0.944444444444
-eli	0.0687087193581	0.796533534288	0.0859967197127	0.0487610266412
-elo	0.015230072351	0.942518759191	0.0220590402762	0.0201921281815
-ogo	0.0996270314579	0.0907819079874	0.0281499392437	0.781441121311
-ela	0.328721017203	0.571428571429	0.0729244577413	0.0269259536275
-iya	0.226283549947	0.0548195446509	0.00469259324434	0.714204312158
-ele	0.251786483741	0.398642064319	0.0450981293823	0.304473322558
-itu	0.24122813569	0.123065551534	0.0257464769101	0.609959835866
-ter	0.0	0.990476190476	0.00952380952381	0.0
-esu	0.00374317605403	0.605727031317	0.00350431954009	0.387025473089
-esi	0.00299060096838	0.992737111934	0.00427228709769	0.0
-iti	0.183143322776	0.221280593019	0.048621805103	0.546954279102
-âda	0.198354015303	0.462483122227	0.322767311773	0.0163955506976
-esa	0.036210018105	0.891369945685	0.036210018105	0.036210018105
-ese	0.774509803922	0.186274509804	0.0392156862745	0.0
-ita	0.429453892157	0.328476853789	0.178180296803	0.0638889572515
-âtu	0.744596962617	0.196261682243	0.00773948598131	0.0514018691589
-spa	0.0481651376147	0.903669724771	0.0481651376147	0.0
-bru	0.00683760683761	0.945299145299	0.0478632478632	0.0
-udu	0.176470588235	0.742647058823	0.0147058823529	0.0661764705883
-ute	0.663240966647	0.165701200812	0.123761364101	0.0472964684395
-fan	0.0127157129882	0.847411444142	0.13987284287	0.0
-666	0.0350877192983	0.0	0.0	0.964912280702
-âte	0.534297909914	0.242185287256	0.135056814746	0.0884599880839
-fas	0.0578915295551	0.931139549055	0.0036563071298	0.0073126142596
-uda	0.0595135793073	0.734144454497	0.167953993907	0.0383879722895
-âta	0.0526615104473	0.423678326693	0.0158480861987	0.507812076661
-eze	0.375649573068	0.509812414582	0.104005781329	0.0105322310206
-fat	0.0	1.0	0.0	0.0
-âto	0.162162162162	0.810810810811	0.027027027027	0.0
-alâ	0.634042321251	0.110361113163	0.0151012433429	0.240495322243
-hum	0.0	1.0	0.0	0.0
-rim	0.0	1.0	0.0	0.0
-pwa	0.5034364007	0.362165479091	0.0545300487731	0.079868071436
-lot	0.00523560209424	0.984293193717	0.0104712041885	0.0
-tua	0.490406327919	0.368337762246	0.0608634146513	0.0803924951829
-koa	0.0722722699218	0.735573208786	0.128719571407	0.0634349498856
-tui	0.0257142857143	0.891428571429	0.0	0.0828571428571
-ael	0.563120102494	0.269820933766	0.054434943241	0.112624020499
-sos	0.142857142857	0.792857142857	0.0	0.0642857142857
-sor	0.0	1.0	0.0	0.0
-soo	0.135987815492	0.614338555266	0.214860748477	0.0348128807659
-ori	0.373333333333	0.573333333333	0.0266666666667	0.0266666666666
-tuu	0.0344655344655	0.95964035964	0.00379620379621	0.0020979020979
-kos	0.00541516245487	0.983754512635	0.0108303249097	0.0
-ora	0.858404359223	0.0794224345755	0.0183152503521	0.0438579558491
-ore	0.346097713531	0.341232886232	0.223712558204	0.0889568420321
-liu	0.461751047038	0.294110943332	0.0229066355167	0.221231374113
-liv	0.00354267310789	0.923027375201	0.0734299516908	0.0
-lip	0.00518088432336	0.993747208575	0.0	0.00107190710138
-lis	0.0251107828656	0.860659773511	0.0118168389956	0.102412604628
-ruk	0.0	1.0	0.0	0.0
-omi	0.303299401296	0.216098562481	0.0444741479293	0.436127888294
-lio	0.0177777777778	0.964444444444	0.00888888888891	0.00888888888888
-omo	0.129781420765	0.67281420765	0.18237704918	0.0150273224044
-oma	0.328165266376	0.424717345969	0.0636768755529	0.183440512102
-rua	0.205668480084	0.0563110905693	0.0240510682534	0.713969361093
-lia	0.310402690195	0.510463919121	0.120723903407	0.0584094872767
-nâo	0.435761589404	0.337748344371	0.135099337748	0.0913907284768
-pâu	0.259958071279	0.727463312369	0.0	0.0125786163522
-144	0.0952380952381	0.102564102564	0.0	0.802197802198
-oda	0.0955921402018	0.904407859798	0.0	0.0
-rna	0.0	1.0	0.0	0.0
-eam	0.0242539280818	0.933565327428	0.0189813350206	0.0231994094696
-rni	0.0	1.0	0.0	0.0
-ipa	0.468854762077	0.36716522439	0.0800406857183	0.0839393278141
-uro	0.299031892891	0.461587391769	0.160936717713	0.0784439976274
-ura	0.195538261187	0.0948334315532	0.141574389945	0.568053917315
-ure	0.0821917808219	0.86301369863	0.0547945205479	0.0
-uru	0.452499064024	0.145892145909	0.0763488621805	0.325259927886
-pai	0.841907729909	0.0497695324009	0.0109746475754	0.0973480901147
-wau	0.0544725079434	0.935349237977	0.00791641983953	0.00226183423986
-dus	0.103746397694	0.809798270893	0.0691642651297	0.0172910662824
-mes	0.0922431865828	0.870020964361	0.0293501048218	0.00838574423482
-pao	0.483870967742	0.161290322581	0.0322580645161	0.322580645161
-api	0.487195502811	0.20362273579	0.0374765771393	0.27170518426
-dua	0.248927038627	0.384120171674	0.103004291845	0.263948497854
-wae	0.284408238861	0.39039622298	0.114029206434	0.211166331725
-due	0.204910221962	0.0816572370026	0.0221172214721	0.691315319564
-apu	0.538898564651	0.2154825536	0.0597561708005	0.185862710948
-pas	0.0501882057716	0.903805938938	0.0365955667085	0.00941028858217
-pat	0.0700752660265	0.883207889956	0.0467168440176	0.0
-pau	0.532360632985	0.348205416311	0.0689754211433	0.0504585295612
-wai	0.558275124913	0.145328785134	0.0442035685959	0.252192521357
-lus	0.147911547912	0.834398034398	0.0176904176904	0.0
-kea	0.696948678783	0.190363373754	0.0935944595114	0.0190934879516
-air	0.0	1.0	0.0	0.0
-ken	0.0	1.0	0.0	0.0
-suu	0.189686924494	0.732965009208	0.0718232044199	0.00552486187845
-kel	0.183098591549	0.788732394366	0.0140845070422	0.0140845070422
-sus	0.0226738721805	0.967457706767	0.00563909774436	0.00422932330827
-sop	0.0521739130435	0.947826086957	0.0	0.0
-nus	0.0	1.0	0.0	0.0
-sua	0.484910277325	0.456362153344	0.0342577487765	0.0244698205546
-fes	0.15625	0.71875	0.0625	0.0625
-nââ	0.104347826087	0.874782608696	0.0104347826087	0.0104347826087
-âpi	0.636363636364	0.265734265734	0.041958041958	0.0559440559441
-son	0.0509373894588	0.944817828086	0.0	0.00424478245489
-dis	0.0	1.0	0.0	0.0
-âpa	0.554755043228	0.384726224784	0.0172910662824	0.0432276657061
-sli	0.0	1.0	0.0	0.0
-oro	0.683829379724	0.0760450907319	0.0161779243807	0.223947605163
-uku	0.131724605129	0.0755470474106	0.0360778481919	0.756650499269
-vea	0.501928887706	0.217289675225	0.15469109291	0.126090344159
-ama	0.459696340672	0.397566911548	0.0335548919619	0.109181855818
-ova	0.0424695977549	0.83966323667	0.0241347053321	0.0937324602432
-uka	0.441112676829	0.308811789337	0.134072759757	0.116002774077
-uke	0.553617571059	0.359173126615	0.0794573643411	0.0077519379845
-mel	0.0219914477703	0.956017104459	0.0	0.0219914477703
-uki	0.488784447768	0.450117496262	0.046998504593	0.0140995513779
-uko	0.609813084112	0.306074766355	0.0420560747663	0.0420560747663
-ait	0.0	0.810606060606	0.189393939394	0.0
-vai	0.0616130699209	0.859283698374	0.0604205588902	0.0186826728147
-ais	0.115631691649	0.845824411135	0.0385438972163	0.0
-tis	0.00963081861958	0.943820224719	0.0465489566613	0.0
-aia	0.0342847523075	0.957429459004	0.00110477182516	0.00718101686355
-tia	0.0790832217764	0.0511983157814	0.0161340129023	0.85358444954
-reu	0.0	1.0	0.0	0.0
-aim	0.0	0.963636363636	0.0363636363636	0.0
-eme	0.0529211422583	0.934503536809	0.0094314906995	0.00314383023317
-ema	0.277407601507	0.245202765092	0.0657323251229	0.411657308278
-uwo	0.606776180698	0.197125256674	0.0862422997947	0.109856262834
-emo	0.0	0.952380952381	0.047619047619	0.0
-emi	0.109036905715	0.156037769514	0.0386012245674	0.696324100204
-aŋa	0.0332478008509	0.0771706974977	0.0133437167056	0.876237784946
-260	0.122448979592	0.122448979592	0.0	0.755102040816
-emu	0.125899280575	0.77428057554	0.0782374100719	0.0215827338129
-uwu	0.385469183034	0.320472897337	0.227977488251	0.0660804313772
-das	0.0357947045578	0.925382405466	0.00124233247923	0.0375805574967
-eŋa	0.201326316271	0.53643280143	0.228606308473	0.0336345738261
-ana	0.106424527778	0.165703541129	0.01511239832	0.712759532773
-ser	0.0	1.0	0.0	0.0
-rus	0.0399178755343	0.91649557403	0.0159873447545	0.0275992056814
-dai	0.165057347303	0.0314023424924	0.00987934838989	0.793660961814
-âŋo	0.269268602472	0.473529076771	0.200046249478	0.0571560712794
-âŋa	0.158358928196	0.649624697023	0.0734874139945	0.118528960786
-000	0.0563079846639	0.317813033008	0.0136424191057	0.612236563223
-âŋe	0.625657914987	0.23460248084	0.0944935208841	0.0452460832897
-eta	0.352581930828	0.0880254107628	0.0275086694706	0.531883988938
-ilâ	0.477970069384	0.0192292441764	0.00487768760474	0.497922998835
-ete	0.0703604742927	0.820541809682	0.0610050649684	0.0480926510574
-eti	0.235088998792	0.520477699022	0.217084121522	0.0273491806641
-iŋe	0.197050011523	0.514865176308	0.223265729431	0.064819082738
-atu	0.218020480128	0.694057813954	0.0169718722568	0.0709498336606
-ŋao	0.0243820887885	0.126482158277	0.011600826886	0.837534926048
-bul	0.0821727019499	0.881615598886	0.0278551532033	0.008356545961
-iŋa	0.260452989247	0.573572367619	0.129629366651	0.0363452764833
-lim	0.0	1.0	0.0	0.0
-iŋo	0.340714496605	0.550634780041	0.0997933274284	0.0088573959256
-âwe	0.521166802835	0.400417280385	0.0548246875791	0.0235912292007
-bua	0.642390160221	0.302321176869	0.0120192745457	0.0432693883646
-âwa	0.657856638242	0.198045735022	0.0770169265194	0.067080700216
-iŋi	0.457251663019	0.323306819737	0.193668765367	0.0257727518774
-300	0.116766467066	0.37125748503	0.14371257485	0.368263473054
-iam	0.0803324099723	0.86703601108	0.0304709141274	0.0221606648199
-ata	0.19910833964	0.276968962257	0.163764750578	0.360157947524
-ato	0.0141096612176	0.0348909614687	0.179039420833	0.77195995648
-wea	0.105883916473	0.50867013832	0.00777226932051	0.377673675886
-amâ	0.829365604338	0.0491314685194	0.00671004820043	0.114792878942
-buu	0.215354219588	0.0944115156647	0.670759243579	0.0194750211685
-ose	0.0710844794385	0.861460886881	0.00245770806569	0.0649969256143
-nis	0.135135135135	0.864864864865	0.0	0.0
-kai	0.467200420794	0.117195539289	0.0185941922143	0.397009847702
-ian	0.191154422789	0.636431784108	0.172413793103	0.0
-osa	0.0	1.0	0.0	0.0
-ulo	0.320588770805	0.50284938614	0.0192523044326	0.157309538623
-bââ	0.14994720169	0.756335797254	0.0894931362196	0.00422386483633
-kaa	0.176064001606	0.30497825112	0.380312167769	0.138645579505
-ula	0.610707247319	0.226562122944	0.030788647713	0.131941982024
-osi	0.156728062457	0.673824340166	0.131727597271	0.0377200001063
-ule	0.125641274985	0.443100650273	0.356951129106	0.0743069456355
-nia	0.107966462526	0.327641081688	0.0185499740951	0.54584248169
-kas	0.0671641791044	0.798507462687	0.0149253731343	0.119402985075
-kar	0.0	0.979856115108	0.0	0.0201438848921
-ave	0.535031847134	0.369426751592	0.0382165605095	0.0573248407643
-kau	0.805555555556	0.138888888889	0.0370370370371	0.0185185185185
-ulu	0.10621682307	0.231789151817	0.0295116522999	0.632482372813
-fik	0.0215475024486	0.951028403526	0.0274240940255	0.0
-fia	0.0	1.0	0.0	0.0
-ilu	0.820994073435	0.10832678114	0.0270542183444	0.0436249270804
-via	0.243154488419	0.655187508845	0.0920186801264	0.00963932260956
-ile	0.479666466198	0.0871930425461	0.0249169526345	0.408223538622
-ila	0.255408303553	0.496082927137	0.0639595009064	0.184549268404
-ilo	0.161156016742	0.0483013022328	0.0579021871304	0.732640493895
-yus	0.0681818181818	0.931818181818	0.0	0.0
-ili	0.60396180704	0.354852501069	0.0202365683341	0.0209491235571
-iga	0.325686591276	0.565751211632	0.108562197092	0.0
-bus	0.0727272727272	0.927272727273	0.0	0.0
-âle	0.220808482439	0.754141815772	0.0	0.0250497017893
-igi	0.197621358826	0.685144297233	0.0799146132305	0.0373197307106
-amu	0.291366377516	0.580355487961	0.0773130585883	0.0509650759351
-ami	0.169514045954	0.21390452492	0.0629083073022	0.553673121824
-amo	0.607081721138	0.149674309585	0.0525211032945	0.190722865982
-âlu	0.1009596449	0.722290644244	0.096477134194	0.0802725766622
-ati	0.507005136992	0.308672297705	0.051190759278	0.133131806026
-oas	0.0605854322668	0.933287950987	0.00408441116406	0.00204220558203
-lva	0.0124592109166	0.922871551468	0.0599228715514	0.00474636606351
-usi	0.00782268578879	0.964146023468	0.02444589309	0.00358539765319
-uso	0.403072747231	0.148834426562	0.407966234076	0.0401265921319
-iri	0.348640034204	0.425697096208	0.17575315831	0.0499097112778
-ein	0.0	0.977011494253	0.0114942528736	0.0114942528736
-gus	0.0263543191801	0.9560761347	0.01756954612	0.0
-ire	0.0387471746852	0.961252825315	0.0	0.0
-usa	0.0	1.0	0.0	0.0
-ira	0.317377288033	0.544244124485	0.077227370762	0.0611512167203
-use	0.536912751678	0.422818791946	0.0134228187919	0.0268456375839
-gui	0.302828236376	0.67187859278	0.0252931708439	0.0
-uli	0.326184273204	0.133911444956	0.114320198171	0.425584083669
-bal	0.276315789474	0.526315789474	0.0789473684211	0.118421052631
-kao	0.284253979195	0.4733519238	0.118279232987	0.124114864018
-gua	0.223053275472	0.267416996424	0.00566411023026	0.503865617874
-usu	0.578051643193	0.234154929577	0.134976525821	0.0528169014085
-epe	0.0425869223954	0.935249226752	0.00714962930726	0.0150142215453
-epa	0.36000487181	0.600895925948	0.00368308872785	0.0354161135132
-kâi	0.211787440425	0.706047688942	0.0299569427834	0.0522079278487
-oso	0.4	0.187155963303	0.253211009174	0.159633027523
-pia	0.0476846012217	0.259060815824	0.150898947906	0.542355635048
-bâe	0.076923076923	0.648351648352	0.252747252747	0.021978021978
-jop	0.0909090909091	0.787878787879	0.121212121212	0.0
-ius	0.0428720808644	0.929069362147	0.0149878006274	0.0130707563611
-iut	0.0	1.0	0.0	0.0
-wia	0.0	0.291106610201	0.69968698214	0.00920640765973
-âzi	0.211313270016	0.719266125033	0.0595033756723	0.00991722927871
-ium	0.144303797468	0.73417721519	0.0911392405062	0.0303797468354
-wit	0.0527279384841	0.938484071769	0.0	0.00878798974736
-âsa	0.175856669473	0.744433432268	0.0328554165287	0.0468544817302
-âsi	0.182314357998	0.449743429461	0.052385884737	0.315556327804
-owe	0.485296276721	0.310040815128	0.0313454310547	0.173317477096
-sda	0.0	0.952	0.0	0.048
-ago	0.655629139073	0.245033112583	0.0993377483444	0.0
-aga	0.193999016232	0.618986719134	0.182882439744	0.00413182488933
-min	0.0	0.987179487179	0.0128205128205	0.0
-tâi	0.0387778311304	0.939639616872	0.0141524931133	0.00743005888448
-ege	0.300382190753	0.371802407193	0.188514093274	0.139301308781
-one	0.0	0.985436893204	0.0	0.0145631067961
-rta	0.00447093889717	0.860283159464	0.0	0.135245901639
-anu	0.702398150823	0.260453213357	0.0272423329343	0.00990630288521
-ulâ	0.634214137434	0.26819957074	0.00378241441188	0.0938038774146
-ona	0.360461967599	0.239825823088	0.0706928117392	0.329019397574
-ono	0.539566595137	0.247515865869	0.088718097532	0.124199441462
-dap	0.0	1.0	0.0	0.0
-oni	0.130925533335	0.284017075482	0.132583437785	0.452473953398
-450	0.0	0.181818181818	0.0454545454545	0.772727272727
-dam	0.09537299339	0.847969782814	0.0344664778093	0.0221907459868
-dan	0.00701098387474	0.967749474176	0.0	0.025239541949
-ane	0.0569426453967	0.86095849829	0.0318275393998	0.0502713169134
-ani	0.173336063711	0.577086462954	0.0482709137042	0.201306559631
-ank	0.347789115646	0.359268707483	0.107142857143	0.185799319728
-mwa	0.195643322476	0.75	0.014759771987	0.0395969055375
-ano	0.339481568827	0.170512410098	0.0344769730127	0.455529048063
-tam	0.0	1.0	0.0	0.0
-tan	0.0	1.0	0.0	0.0
-tao	0.370352928865	0.4860947597	0.0494466682364	0.0941056431992
-tai	0.0702520511263	0.852482368876	0.0342191708312	0.0430464091666
-rga	0.0	0.986666666667	0.0	0.0133333333333
-kâe	0.350173411517	0.418397975824	0.187890536686	0.043538075974
-isi	0.0261357017631	0.930256306416	0.0237581948636	0.0198497969577
-tat	0.0	1.0	0.0	0.0
-tau	0.069825436409	0.755610972569	0.174563591022	0.0
-tas	0.105691056911	0.861788617886	0.0325203252032	0.0
-mia	0.0490196078431	0.950980392157	0.0	0.0
-tus	0.05703599813	0.914913510986	0.0158952781674	0.0121552127162
-ens	0.0327868852459	0.953161592506	0.0140515222482	0.0
-mis	0.0133828996283	0.977695167286	0.00892193308551	0.0
-eno	0.518242140357	0.0794910553974	0.0378189969338	0.364447807311
-eni	0.0794337459318	0.856640471359	0.0173170787185	0.0466087039903
-ene	0.0	1.0	0.0	0.0
-ena	0.499383477189	0.389642416769	0.0369913686806	0.0739827373613
