-caa	0.355710549259	0.28727114211	0.149084568439	0.207933740192
-rbu	0.0628272251309	0.913612565445	0.00785340314136	0.0157068062827
-uŋə	0.513506815366	0.309541511772	0.130855018587	0.0460966542751
-ɔrɩ	0.389886842208	0.352751759766	0.096721544652	0.160639853374
-cam	0.330175409565	0.524085719014	0.0732996855866	0.0724391858349
-aja	0.398735659096	0.180636853196	0.157164598455	0.263462889253
-lɔn	0.0110845194609	0.977830961078	0.0110845194609	0.0
-ivi	0.0132919462889	0.981461232808	0.00419745672281	0.0010493641807
-lɔa	0.345259391771	0.611806797853	0.0	0.0429338103757
-ɔlɔ	0.033247483025	0.871926949192	0.0639194568017	0.030906110981
-trə	0.00560224089635	0.994397759104	0.0	0.0
-adɛ	0.0148160342415	0.940735863034	0.0444481027245	0.0
-ʋŋa	0.237401749962	0.560629489154	0.0858759212977	0.116092839586
-ziu	0.0	0.898305084746	0.101694915254	0.0
-trɩ	0.454545454545	0.386363636364	0.0681818181818	0.0909090909091
-adɩ	0.0303225672275	0.892311211863	0.0661356404551	0.0112305804546
-zin	0.0217049193729	0.978295080627	0.0	0.0
-ɔrɔ	0.206717508249	0.550084566231	0.197029218519	0.0461687070013
-unə	0.106312755471	0.451253540605	0.383963724278	0.0584699796461
-r-o	0.742222258042	0.124475673448	0.0307391444228	0.102562924087
-ənə	0.145735482354	0.546803377899	0.263315507	0.0441456327472
-ɛnɩ	0.123154681912	0.189234874707	0.0503557525111	0.637254690871
-ɩdʋ	0.134199134199	0.233766233766	0.0311688311688	0.600865800866
-ʋrʋ	0.200867269103	0.577203433287	0.103889800406	0.118039497204
-ŋim	0.355596876162	0.575678690963	0.0562290814429	0.0124953514318
--dɛ	0.370149253731	0.258706467662	0.253731343284	0.117412935323
-ɔkɩ	0.0	1.0	0.0	0.0
-i-m	0.612867474835	0.240171155011	0.0682963335352	0.0786650366189
-pui	0.0	0.976608187135	0.0233918128655	0.0
-i-o	0.62888665998	0.178640316554	0.096994279542	0.0954787439241
-pra	0.197969543147	0.676395939086	0.106598984772	0.0190355329949
--dɩ	0.473070994559	0.345856561875	0.100545556576	0.0805268869909
-ɩŋa	0.243929552127	0.578272880429	0.10535991574	0.0724376517036
-pri	0.203793559771	0.771063078959	0.00926334362594	0.0158800176445
-cwe	0.214334866093	0.618690837773	0.099731985203	0.067242310931
-inə	0.0614938129216	0.507017827264	0.07089113837	0.360597221444
-opo	0.568158697864	0.242115971516	0.0412004069176	0.148524923703
-opi	0.0212201591512	0.755968169761	0.206896551724	0.0159151193634
-ywɛ	0.0	0.987261146497	0.0127388535032	0.0
-ope	0.0439367311072	0.92618629174	0.0140597539543	0.0158172231986
-ywə	0.610169491526	0.389830508474	0.0	0.0
-cwi	0.524935003545	0.431576459466	0.0335618057197	0.00992673126919
-bɛɛ	0.0408424136082	0.029413019312	0.0143085721746	0.915435994905
-mbɛ	0.0882331669922	0.805127648803	0.0979605120417	0.00867867216316
-400	0.560975609756	0.134146341463	0.0	0.30487804878
-orə	0.280818869604	0.477970627503	0.166444147753	0.0747663551402
-oki	0.0	0.970425138632	0.0147874306839	0.0147874306839
-siu	0.325581395349	0.674418604651	0.0	0.0
-nyɔ	0.557537261974	0.379780406301	0.0618867023816	0.000795629342811
-imi	0.421976200557	0.343389393844	0.0829827674735	0.151651638126
-ɔla	0.103908362564	0.829590285395	0.040732078125	0.0257692739158
-nyə	0.42774566474	0.518304431599	0.0211946050096	0.0327552986512
-ʋnʋ	0.225778546713	0.530276816609	0.173875432526	0.0700692041522
-obi	0.09375	0.90625	0.0	0.0
-idi	0.0241740155778	0.952877003418	0.00541737511259	0.017531605892
-ɩmɛ	0.167272727273	0.789090909091	0.0	0.0436363636364
-nyɩ	0.205156392333	0.146208098618	0.0348894461165	0.613746062932
-asɩ	0.210638495874	0.688870904658	0.0684192383477	0.0320713611197
-ʋrɩ	0.340631347648	0.341999558472	0.139513995138	0.177855098741
-fɩn	0.405027932961	0.202913008779	0.0897845171588	0.302274541101
-llu	0.0572167089693	0.887523102594	0.0414185227395	0.013841665697
-pɔn	0.0112359550562	0.876404494382	0.0	0.112359550562
-idu	0.0	1.0	0.0	0.0
-dɛn	0.0184501845019	0.981549815498	0.0	0.0
-sin	0.444399453358	0.463987447487	0.0496026724705	0.0420104266842
-ɛ-o	0.675307938531	0.169244669356	0.0519409865407	0.103506405572
-100	0.223367686945	0.424906856711	0.0	0.351725456344
-uta	0.0	1.0	0.0	0.0
-vɩn	0.527766238391	0.213621257529	0.136976647577	0.121635856503
-wiə	0.340345956054	0.499298737728	0.120383356709	0.0399719495091
-rim	0.126490882836	0.628692121252	0.221378747592	0.023438248321
-ugə	0.110066271425	0.588288805291	0.0764907934397	0.225154129844
-ɩle	0.102100369581	0.132112388487	0.197475244038	0.568311997894
-tee	0.191653665014	0.131125534549	0.0391748131991	0.638045987238
-ɩla	0.132987287299	0.542417631472	0.0874006671412	0.237194414088
-a'a	0.507045390476	0.121465617647	0.0409012268103	0.330587765067
-əli	0.377521444238	0.186263967533	0.11938379394	0.316830794289
-swɛ	0.714828897338	0.254752851711	0.0152091254753	0.0152091254753
-erə	0.756429015927	0.176043190877	0.0179961989337	0.0495315942614
-ɩga	0.121272213628	0.45309325361	0.231485955365	0.194148577397
-ara	0.2167158602	0.563173266111	0.0608871276345	0.159223746054
-kuə	0.0344827586207	0.931034482759	0.0	0.0344827586207
-ari	0.0228364778515	0.930770172822	0.00208914150692	0.0443042078191
-ɔrʋ	0.182327403344	0.615895507677	0.175882934877	0.0258941541022
-ɩɔn	0.0923076923077	0.907692307692	0.0	0.0
-wəm	0.10180554696	0.59144411504	0.239176350499	0.0675739875016
-ile	0.00817515504604	0.97265551588	0.0166322119902	0.00253711708325
-azɩ	0.0326703647705	0.936054567288	0.0231074767491	0.0081675911926
-eni	0.211167907657	0.475414460979	0.0208804564468	0.292537174917
-cɩa	0.0378151260504	0.285714285714	0.651260504202	0.0252100840336
-aye	0.216002578044	0.163090134883	0.0357779301087	0.585129356964
-nwa	0.779531480056	0.220468519944	0.0	0.0
-rɔm	0.0	1.0	0.0	0.0
-nwi	0.0738916256157	0.847290640394	0.0295566502463	0.0492610837438
-rɔn	0.0215633423181	0.924528301887	0.0539083557951	0.0
-ayi	0.0118363794604	0.982941688425	0.0	0.00522193211488
-ɩra	0.109113329873	0.62948250842	0.123780737731	0.137623423977
-ayu	0.037037037037	0.962962962963	0.0	0.0
-zʋa	0.224460431655	0.621582733813	0.128057553957	0.0258992805755
--wʋ	0.237388724036	0.516320474778	0.080118694362	0.166172106825
-tuə	0.735662940203	0.0789133540443	0.0161001383251	0.169323567428
-cʋɩ	0.779041205996	0.109667193147	0.0	0.111291600857
-kɔn	0.0	1.0	0.0	0.0
-pʋa	0.00930232558139	0.990697674419	0.0	0.0
--nɩ	0.517024542955	0.206471499008	0.0506945634589	0.225809394578
-ɩrr	0.360655737705	0.344262295082	0.0	0.295081967213
--kʋ	0.466408086272	0.367444184522	0.0783135784825	0.0878341507231
-oŋo	0.179312178427	0.554827931112	0.142135348217	0.123724542243
-ŋnu	0.00699236748812	0.97664549259	0.00895023038479	0.0074119095374
-sɔn	0.0167364016736	0.962343096234	0.0125523012552	0.00836820083682
-əəu	0.731666879225	0.079326616503	0.159163372019	0.0298431322535
-ili	0.404208093836	0.500697272424	0.0710095299983	0.0240851037421
-ota	0.0	1.0	0.0	0.0
-mɛn	0.0	0.977272727273	0.0227272727273	0.0
-oti	0.0324160086701	0.916357021211	0.0139340455179	0.0372929246013
-ume	0.0	0.963636363636	0.0	0.0363636363636
-saɩ	0.661027568922	0.230576441103	0.0482456140351	0.0601503759399
-umi	0.0377358490566	0.811320754717	0.0	0.150943396226
ALL	0.202153144258	0.330390624564	0.0652904091988	0.402165821979
-nan	0.220547052668	0.0349427836851	0.00526557967256	0.739244583975
-nam	0.0	1.0	0.0	0.0
-naa	0.0305404719509	0.028649112179	0.0106629904237	0.930147425446
-aka	0.294374282434	0.63122847302	0.0482204362802	0.0261768082663
-twa	0.0766396718919	0.185255986931	0.719509228042	0.0185951131348
-ʋlɩ	0.440900279601	0.372302875121	0.0247293061905	0.162067539087
-sim	0.133493205436	0.446043165468	0.3517186251	0.0687450039968
-ɔdɩ	0.0226265299371	0.922064174661	0.0475024809791	0.00780681442276
-rdʋ	0.0431321639757	0.0959659171679	0.203069442817	0.657832476039
-wui	0.18134872418	0.735115431349	0.0607533414338	0.0227825030377
-yən	0.0783447167537	0.114503816794	0.0	0.807151466452
-wum	0.0364032358432	0.945239576851	0.0112009956441	0.00715619166146
-gon	0.0	1.0	0.0	0.0
-atɔ	0.0349529381837	0.045281098957	0.180819129992	0.738946832867
-ɩlɛ	0.187032418953	0.798004987531	0.0	0.0149625935162
-awɛ	0.313640260147	0.360744124318	0.0205291806642	0.305086434871
-ɛra	0.128002837221	0.704882161641	0.125493502496	0.0416214986416
-ʋlʋ	0.0647827313447	0.262923532862	0.0115605278766	0.660733207916
-jɩa	0.069305571759	0.905138041546	0.00720574812822	0.0183506385665
-iin	0.252777777778	0.447222222222	0.0833333333334	0.216666666667
-wuu	0.100840336134	0.53781512605	0.151260504202	0.210084033613
-hɛm	0.0244565217391	0.916440217391	0.00407608695652	0.0550271739131
-mfa	0.0	1.0	0.0	0.0
-yaa	0.633802816901	0.0492957746479	0.234741784037	0.0821596244132
-yam	0.0882439537944	0.157985185753	0.0190812753011	0.734689585151
-lʋa	0.0	0.954887218045	0.0	0.0451127819548
-azi	0.00748201438849	0.990791366906	0.0	0.00172661870504
-zɔn	0.0290456431535	0.970954356846	0.0	0.0
--wɛ	0.0277672106577	0.859513500881	0.0534270618253	0.0592922266355
-ɩsɩ	0.518722470133	0.379399218002	0.0196139553684	0.0822643564968
-ise	0.0652085864722	0.902794653706	0.0198460915351	0.0121506682868
-ə-m	0.891191709845	0.108808290155	0.0	0.0
-ə-o	0.793014742258	0.157019887207	0.0178094390027	0.0321559315326
-ama	0.0160364836873	0.129646776351	0.052622011462	0.8016947285
-dɔa	0.665358622193	0.0647482014389	0.0156965336821	0.254196642686
-eva	0.0	0.980392156863	0.0	0.0196078431372
-cuə	0.111111111111	0.611111111111	0.25	0.0277777777778
-evi	0.107332032339	0.836214106496	0.0167270699749	0.0397267911904
-dɔm	0.0093896713615	0.985915492958	0.0	0.00469483568075
-ime	0.0	0.98275862069	0.0172413793103	0.0
--da	0.518557794274	0.386002120891	0.050901378579	0.0445387062566
-gʋa	0.0113679424024	0.984084880637	0.00341038272073	0.00113679424024
-bwi	0.0641562064156	0.92050209205	0.0153417015342	0.0
-gʋm	0.246666666667	0.386666666667	0.34	0.0266666666667
-bwe	0.823759145374	0.0748241061343	0.00252489830271	0.0988918501894
-ham	0.0103804309067	0.947662025848	0.038827565987	0.00312997725814
-lɩʋ	0.161290322581	0.674486803519	0.146627565982	0.0175953079179
-maa	0.694963788928	0.0219001583722	0.0144361113773	0.268699941322
-dwe	0.114683442381	0.0220478526572	0.258095288963	0.605173415998
-ɛdɩ	0.0969976905311	0.903002309469	0.0	0.0
-dwa	0.149889761857	0.745896942177	0.086253132193	0.0179601637728
-ɔra	0.130586679028	0.656121745226	0.194297149706	0.0189944260404
-uni	0.239343408245	0.497069241148	0.0312187392872	0.23236861132
-ʋ'ʋ	0.230445971824	0.15789423618	0.0693833139057	0.542276478091
-ziə	0.0	0.967974379504	0.0320256204964	0.0
-arʋ	0.131490154115	0.594871205448	0.238564949487	0.0350736909496
--zɛ	0.0789018438559	0.704504859285	0.193386872196	0.0232064246635
-unu	0.0822719247484	0.626141835933	0.257904716156	0.0336815231635
-ʋam	0.0	1.0	0.0	0.0
-doŋ	0.092657373516	0.204585314141	0.175434423045	0.527322889298
-laa	0.16418173798	0.583061314512	0.169916188796	0.082840758712
-lɔɛ	0.709543568465	0.132780082987	0.0331950207469	0.124481327801
-tra	0.0836961100969	0.860132003932	0.0157281280719	0.0404437578992
-uŋu	0.0493197278912	0.780045351474	0.156179138322	0.0144557823129
-gam	0.0	1.0	0.0	0.0
-tri	0.322810706958	0.553650298151	0.0979792028449	0.0255597920465
-lɔɔ	0.443652294586	0.489591247295	0.0	0.0667564581195
-iko	0.0654255319149	0.925	0.0	0.00957446808512
-gɩm	0.324898741407	0.477556445208	0.095941026092	0.101603787292
-nsɩ	0.0204081632653	0.959183673469	0.0	0.0204081632653
-yʋa	0.0512295081967	0.917008196721	0.0122950819672	0.0194672131148
-tɔɔ	0.0655737704918	0.16393442623	0.0	0.770491803279
-ana	0.105630395703	0.585571943445	0.211559831925	0.0972378289269
-uŋi	0.138639773807	0.0225433822925	0.00740417977806	0.831412664123
-ɩlʋ	0.160295896678	0.271530167329	0.0936765177245	0.474497418269
-daɩ	0.0529407883377	0.0329164632625	0.0340480267288	0.880094721671
-ntɩ	0.0131602310352	0.945385041204	0.032681240404	0.00877348735678
-ini	0.194982524135	0.218967738037	0.215698838071	0.370350899758
-ywa	0.136585365854	0.746341463415	0.0731707317073	0.0439024390244
-loŋ	0.036036036036	0.953153153153	0.0018018018018	0.00900900900903
-ywe	0.113493064313	0.795712484237	0.0882723833544	0.00252206809584
-llʋ	0.0886075949367	0.848101265823	0.0253164556962	0.0379746835443
-ina	0.00365096750639	0.105269563101	0.00292077400511	0.888158695388
-ywi	0.454545454545	0.484848484848	0.040404040404	0.020202020202
-cwə	0.0379746835443	0.582278481013	0.151898734177	0.227848101266
-ŋɩm	0.42194796531	0.49032688459	0.0687124749833	0.0190126751167
-gʋʋ	0.150814989077	0.574861367837	0.261720719207	0.0126029238783
-lbu	0.00989208633093	0.955575539568	0.0323741007194	0.00215827338129
-krɩ	0.0373831775701	0.96261682243	0.0	0.0
-ɩ-m	0.431598311176	0.399034051398	0.105751500441	0.0636161369843
-inu	0.110639509304	0.649835658273	0.163047697922	0.0764771345014
-ɩ-o	0.509295505649	0.25162205727	0.0692760680519	0.16980636903
--di	0.0131414267835	0.982478097622	0.00187734668335	0.00250312891114
-ede	0.00121285627653	0.998787143723	0.0	0.0
-ɔgɔ	0.101678478272	0.79484407624	0.0578419522862	0.045635493202
-jʋʋ	0.194029850746	0.641791044776	0.164179104478	0.0
-ənu	0.109433324255	0.62746734243	0.061547281498	0.201552051817
-ɩŋɩ	0.761482119776	0.128220594571	0.0284360189574	0.0818612666954
-əni	0.437572930172	0.229039877726	0.0653736797013	0.268013512401
-ɔsɩ	0.0398233309875	0.937462081685	0.00262091392239	0.020093673405
-əno	0.105461015295	0.844175969237	0.0241053749247	0.0262576405429
-kum	0.062874251497	0.937125748503	0.0	0.0
-ɛfɩ	0.125	0.78125	0.0625	0.03125
-cwɩ	0.0180247840781	0.972962823883	0.00675929402929	0.00225309800977
-ntɔ	0.00862422997946	0.0435318275154	0.00985626283368	0.937987679671
-ban	0.0293086567918	0.772857909863	0.175851940751	0.0219814925939
-pɔɔ	0.138755980861	0.861244019139	0.0	0.0
-dwi	0.0401922688054	0.576204873097	0.0867244267887	0.296878431309
-eki	0.0	1.0	0.0	0.0
-pɔɛ	0.208609271523	0.158940397351	0.632450331126	0.0
-nmʋ	0.0580224549514	0.0498750147483	0.00503727130331	0.887065258997
-biə	0.0598325467961	0.900573795969	0.0150657941671	0.0245278630681
-ɩma	0.578181818182	0.334545454546	0.0436363636364	0.0436363636364
-ɔlɩ	0.720518223291	0.17873932792	0.0458936717919	0.054848776997
-əgə	0.172436053914	0.48386869035	0.033358102869	0.310337152868
-ɛfʋ	0.0193816937227	0.971823251983	0.00293168476478	0.00586336952955
-ɩmm	0.0484848484848	0.0242424242424	0.90303030303	0.0242424242424
-yɔn	0.0386680988185	0.943071965628	0.0171858216971	0.00107411385607
-ntʋ	0.0651269002088	0.0707345818042	0.0390293097007	0.825109208286
-yɔm	0.100240577386	0.286287089014	0.608660785886	0.00481154771452
-isi	0.0705449231674	0.913932828024	0.00766470674704	0.00785754206138
-asa	0.739526411658	0.178506375228	0.0327868852459	0.0491803278688
-ʋra	0.307746174341	0.131757342112	0.0491167252003	0.511379758346
-imə	0.485025380711	0.339086294416	0.11192893401	0.0639593908629
-153	0.153846153846	0.0	0.025641025641	0.820512820513
-yɔa	0.552090557521	0.378228109976	0.0589611275022	0.0107202050004
-dre	0.00633914421553	0.990491283677	0.0	0.00316957210776
-bɛn	0.0	1.0	0.0	0.0
-bɩa	0.136526946108	0.822754491018	0.0245508982036	0.0161676646707
-mbi	0.111170784103	0.859828141783	0.0290010741138	0.0
-bɩm	0.101281650516	0.782119412316	0.0725226633323	0.0440762738355
-luə	0.786163522013	0.0880503144653	0.100628930818	0.0251572327044
-ʋŋʋ	0.153811122049	0.390351065833	0.42719390459	0.0286439075275
-ogo	0.143767358275	0.78418559059	0.0	0.0720470511354
-rɩa	0.246913580247	0.666666666667	0.0864197530864	0.0
-430	0.704918032787	0.0327868852459	0.0	0.262295081967
-rɩm	0.146376622201	0.733945044396	0.101175394881	0.0185029385218
-eru	0.197685756226	0.746260195897	0.0406800007651	0.0153740471119
-ran	0.140449438202	0.544943820225	0.0	0.314606741573
-eri	0.647181666139	0.209510464223	0.0516204854676	0.0916873841703
-ram	0.0	1.0	0.0	0.0
-isa	0.0	1.0	0.0	0.0
-jiə	0.197178078745	0.439137909346	0.0262904104994	0.337393601409
-ere	0.114068441065	0.855513307985	0.0152091254753	0.0152091254753
-ɩlɩ	0.101285456793	0.811224158185	0.0641139547151	0.0233764303072
-swe	0.846879916099	0.0527005768223	0.0626638699528	0.0377556371264
-ugu	0.320421444066	0.452122714596	0.0749922528664	0.152463588472
-səm	0.329985652798	0.476327116212	0.077474892396	0.116212338594
-oze	0.0243902439024	0.926829268293	0.0	0.0487804878049
-ɩgɩ	0.574954472222	0.0791883871204	0.0619539665979	0.28390317406
-arɩ	0.311629505463	0.287834949247	0.0610621400997	0.339473405191
-poo	0.0535162287481	0.920981452859	0.0231839258114	0.00231839258114
-atɩ	0.0363035728294	0.910265238348	0.0404438362373	0.0129873525848
-aza	0.00726392251819	0.874092009685	0.0145278450363	0.10411622276
-ugi	0.512198306181	0.339637608767	0.096965824952	0.0511982600996
-ubɛ	0.153897254207	0.630868024801	0.0633303808681	0.151904340124
-ɩrɩ	0.372897518107	0.533455736134	0.0358509184115	0.0577958273479
-500	0.156156156156	0.18018018018	0.174174174174	0.48948948949
-sɔɔ	0.206701095856	0.534576143091	0.207582818995	0.0511399420582
-lam	0.149529678884	0.722672721375	0.117418099254	0.0103795004865
-mɩʋ	0.136155606407	0.733409610984	0.0995423340961	0.0308924485126
-iki	0.0142469470828	0.96540027137	0.0162822252374	0.00407055630936
-cʋa	0.0144346431436	0.940657578188	0.0449077786688	0.0
-lɩm	0.505321931482	0.271786823816	0.177091673873	0.0457995708292
-iku	0.338028169014	0.154929577465	0.478873239437	0.0281690140845
-aan	0.113099505281	0.0225193763576	0.0116778012681	0.852703317093
--na	0.500203406168	0.351175458285	0.0730657969765	0.0755553385699
--ni	0.188308100343	0.586915681291	0.149187755553	0.0755884628136
-kɔɔ	0.346333754031	0.11152847946	0.117314627908	0.424823138602
-ŋwa	0.244190381509	0.358891512365	0.0518205542438	0.345097551883
-dɔn	0.0	1.0	0.0	0.0
-kɛa	0.530013837858	0.156988118528	0.0362647325476	0.276733311066
-ayɛ	0.310344827586	0.275862068966	0.374384236453	0.0394088669951
-siə	0.390909090909	0.422727272727	0.104545454545	0.0818181818181
-zwɩ	0.648948829829	0.309004363348	0.0230067433558	0.0190400634669
-ɛ-m	0.546579049092	0.190181677619	0.13567839196	0.12756088133
-mpa	0.0	1.0	0.0	0.0
-oli	0.139184257204	0.786292382129	0.0463684401148	0.0281549205524
-saa	0.28025477707	0.71974522293	0.0	0.0
-twɛ	0.266919481729	0.115263709396	0.0560517605575	0.561765048318
-olo	0.292889286632	0.434326568825	0.233598613561	0.0391855309822
-əbu	0.136453760091	0.818704087979	0.0283553875236	0.0164867644071
-kiə	0.221095894862	0.485241321052	0.17073606576	0.122926718326
-akɔ	0.0773480662983	0.922651933702	0.0	0.0
-san	0.492424242424	0.439393939394	0.030303030303	0.0378787878788
-sam	0.119479124715	0.83380319506	0.0370519532823	0.00966572694321
-kɩa	0.503156518021	0.215422923112	0.125984053925	0.155436504942
-naɩ	0.76827008852	0.110723353364	0.0934212977032	0.0275852604131
-akɩ	0.0209257623773	0.966281884773	0.00521169930905	0.00758065354044
-twɩ	0.365004575697	0.39956963716	0.120390294576	0.115035492568
-w'ʋ	0.193056254177	0.0154620795268	0.00216570808455	0.789315958212
-vʋa	0.702173393838	0.261350066222	0.0364765399396	0.0
-kɩm	0.0	1.0	0.0	0.0
-ɔda	0.05	0.95	0.0	0.0
-rom	0.104408861592	0.634459311252	0.23009431893	0.0310375082255
-ʋla	0.200478755236	0.672052663076	0.105326152005	0.0221424296828
-yɔɛ	0.148936170213	0.765957446809	0.0	0.0851063829787
-ɩɩm	0.219512195122	0.613240418118	0.16724738676	0.0
-ipi	0.0225285560144	0.937753469509	0.0330207984522	0.00669717602411
-ɛrɩ	0.0472619136347	0.921528396576	0.0124731922393	0.01873649755
-ɩtɩ	0.104837562677	0.142569896408	0.267423316341	0.485169224574
-ɩmɩ	0.735024229165	0.167661584085	0.0591517605732	0.0381624261762
-coə	0.69696969697	0.166666666667	0.136363636364	0.0
-yɔɔ	0.122964023626	0.512797565778	0.198675496689	0.165562913907
-ipu	0.0	1.0	0.0	0.0
-awo	0.177622710332	0.201014986916	0.0432162397907	0.578146062961
-lɛm	0.00581652358019	0.989902515065	0.000558386263697	0.00372257509131
-awa	0.0930232558139	0.860465116279	0.0465116279069	0.0
-wuə	0.230582524272	0.575242718447	0.169902912621	0.0242718446602
-nɩm	0.0395183124514	0.889275791874	0.0603234852038	0.0108824104711
-dwɛ	0.0720220342078	0.895337512934	0.0164343538864	0.0162060989713
-dwə	0.151958674128	0.693069306931	0.142057684029	0.0129143349118
-276	0.0	0.415841584158	0.0	0.584158415842
-man	0.117474302496	0.699787893621	0.169685103606	0.0130527002774
-ɩsa	0.0707070707071	0.888888888889	0.0	0.040404040404
-ŋnʋ	0.0636389678257	0.881214612915	0.030468396641	0.0246780226187
-bwɛ	0.620896796219	0.159926470588	0.0196953781512	0.199481355042
-ɩrʋ	0.120192881336	0.788544384348	0.0713075562423	0.0199551780741
-mɩɩ	0.837502877753	0.0477707006369	0.091781137288	0.022945284322
-ɩdɩ	0.108002347877	0.127372334181	0.0978282136568	0.666797104285
-gʋɩ	0.632086326897	0.164094072744	0.120818365514	0.0830012348451
-tɩɩ	0.0379913485048	0.904833552755	0.0101561030656	0.0470189956743
-maɩ	0.337374174694	0.297032764832	0.137491688958	0.228101371515
-isə	0.394594594595	0.551351351351	0.0432432432432	0.0108108108108
-dwɩ	0.10119578594	0.19124177479	0.1615525957	0.54600984357
-200	0.05291005291	0.671957671958	0.10582010582	0.169312169312
-ibi	0.118973561431	0.850699844479	0.0256609642302	0.00466562986002
-oba	0.214285714286	0.222222222222	0.0462962962963	0.517195767196
-aŋɩ	0.383231419013	0.0700233565182	0.0751065953272	0.471638629142
-amʋ	0.106861649686	0.0163205902009	0.00171038096769	0.875107379146
-mɔn	0.00861941947842	0.990128186238	0.000810372771475	0.000442021511712
-ola	0.0	1.0	0.0	0.0
-ida	0.0164835164835	0.978021978022	0.0	0.0054945054945
-eem	0.208008504607	0.148830616584	0.55811481219	0.0850460666194
-een	0.348837209302	0.474418604651	0.0558139534884	0.120930232558
-mmə	0.271896195812	0.483633146564	0.23385432026	0.0106163373636
-cɩm	0.212887029289	0.267447698745	0.432133891213	0.0875313807531
-ɩfɩ	0.00275862068965	0.99724137931	0.0	0.0
-giu	0.0714285714286	0.928571428571	0.0	0.0
-zaɩ	0.52380952381	0.190476190476	0.214285714286	0.0714285714286
-ndi	0.00860667357198	0.991393326428	0.0	0.0
-rrr	0.131004366812	0.816593886463	0.0	0.0524017467249
-gim	0.259109311741	0.504048582996	0.109311740891	0.127530364372
-ulə	0.181784955608	0.662972216839	0.134389967263	0.0208528602902
-oŋi	0.757742606827	0.127763180942	0.0325195721296	0.0819746401014
-ifu	0.0120056497175	0.8815913371	0.0951035781545	0.0112994350283
-ali	0.00736014529117	0.896957965923	0.0883217434942	0.00736014529118
-dəm	0.0733719501492	0.767421449886	0.0337019483939	0.125504651571
-ale	0.0352175825706	0.205044808085	0.025076037264	0.73466157208
-ala	0.155324951483	0.74655638747	0.0674201774042	0.0306984836432
-weə	0.248334581576	0.703378138673	0.0165556387717	0.0317316409792
-120	0.0625	0.1875	0.0	0.75
-ɩna	0.1370541421	0.700579623779	0.100835154219	0.0615310799028
-ude	0.00146246343842	0.992362690933	0.00422489437764	0.00194995125122
-vrɩ	0.594435839644	0.279650063557	0.0626595596954	0.0632545371033
-yon	0.0924229808492	0.860116569525	0.0349708576186	0.0124895920067
-ɩnu	0.0531472132457	0.0570516974778	0.0811032618316	0.808697827445
-iŋə	0.556034482759	0.288793103448	0.129310344828	0.0258620689655
-bim	0.0134018315837	0.986598168416	0.0	0.0
-gwe	0.826086956522	0.0724637681159	0.101449275362	0.0
-iyu	0.0397350993377	0.94701986755	0.0066225165563	0.0066225165563
-drɩ	0.00735294117647	0.908422459893	0.0802139037433	0.00401069518717
-ɩan	0.0367962299573	0.927641232927	0.0238156357158	0.0117469014004
-ogi	0.547589616811	0.395550061805	0.0346106304079	0.0222496909765
-iyo	0.02	0.98	0.0	0.0
-eli	0.094125910186	0.778381357967	0.0894849613699	0.0380077704775
-ɛwɛ	0.424657534247	0.164383561644	0.41095890411	0.0
-dɛm	0.00689655172414	0.965517241379	0.0275862068965	0.0
-iya	0.063687150838	0.931843575419	0.0	0.00446927374301
-ele	0.0716497589956	0.0701785113776	0.0412649927138	0.816906736913
-kʋm	0.00769374144281	0.0110912946984	0.00398050569081	0.977234458168
-abu	0.076721745773	0.865253404483	0.0505031099626	0.00752173978167
-ɔtɩ	0.0214378950008	0.968473683822	0.0100884211768	0.0
-itu	0.0598866052445	0.920978029766	0.0127569099929	0.00637845499646
-vwe	0.065277521667	0.854324174811	0.059376728748	0.0210215747741
-ore	0.0868167202572	0.797427652733	0.0192926045016	0.096463022508
-esi	0.145299145299	0.752136752137	0.034188034188	0.0683760683761
-nɩa	0.230461507308	0.67409483815	0.0581973503304	0.0372463042115
-iti	0.0628134725382	0.891275589352	0.0335766562295	0.0123342818802
-ite	0.0	1.0	0.0	0.0
-atʋ	0.148057829646	0.608953144052	0.182894966034	0.0600940602683
-ese	0.0247933884298	0.96694214876	0.0	0.00826446280991
-ita	0.164128595601	0.825719120135	0.0	0.010152284264
--ya	0.48417464378	0.389016274018	0.0575334707634	0.0692756114387
-faa	0.131614425034	0.83959491949	0.0137098359411	0.0150808195352
-ərə	0.160150104852	0.590607198342	0.0632278172245	0.186014879582
-ɩtɔ	0.0373258238912	0.0949085450899	0.360612621707	0.507153009311
-niə	0.153822609731	0.716882021078	0.0340403355227	0.0952550336681
-m'a	0.171076188582	0.237865526159	0.116122936145	0.474935349115
-666	0.0408163265306	0.0408163265306	0.0	0.918367346939
-bra	0.511651469098	0.197568389058	0.0547112462006	0.236068895643
-uda	0.00529467381027	0.99470532619	0.0	0.0
--pɛ	0.221002648642	0.62770694759	0.0444971775788	0.106793226189
-o'o	0.306789255617	0.106155976446	0.0424196125487	0.544635155388
-ɔtɔ	0.163366336634	0.638613861386	0.0569306930693	0.141089108911
-ezi	0.00508878296567	0.80831589402	0.00483634230594	0.181758980708
-bri	0.391304347826	0.608695652174	0.0	0.0
-udi	0.0268456375839	0.926174496644	0.0201342281879	0.0268456375839
-osə	0.612212529738	0.235527359239	0.0713719270421	0.0808881839809
-n'n	0.40981595092	0.188957055215	0.0603680981596	0.340858895706
-nna	0.194207616807	0.390462069077	0.0451270810837	0.370203233033
-ʋŋɩ	0.656860346952	0.247923196168	0.0289331998222	0.0662832570573
-uti	0.0	1.0	0.0	0.0
-kwə	0.127661494045	0.758059665584	0.0478166726813	0.0664621676891
-nɛa	0.474452554745	0.442416869424	0.0405515004055	0.0425790754258
-kwɛ	0.677642591388	0.126903228636	0.161559715512	0.0338944644645
-wʋm	0.00672091199442	0.108505671625	0.00262628887882	0.882147127502
-pwa	0.036217765043	0.927564469914	0.010888252149	0.025329512894
-trʋ	0.242690058479	0.672514619883	0.0584795321637	0.0263157894737
-pwe	0.129921259843	0.838582677165	0.0314960629921	0.0
-nle	0.225125918586	0.544257286764	0.0131781025514	0.217438692098
-igə	0.0772151582975	0.458778326982	0.176536100974	0.287470413746
-pwi	0.0904392522697	0.677594421298	0.227824070603	0.00414225582914
-abi	0.151260504202	0.756302521008	0.0	0.0924369747899
-frɩ	0.54	0.3625	0.06	0.0375
-zwe	0.0618556701031	0.922680412371	0.0	0.0154639175258
-gaa	0.179508687837	0.588232474536	0.2	0.0322588376273
-tui	0.587687954148	0.194561020648	0.110314396029	0.107436629176
-kon	0.0	0.980456026059	0.0130293159609	0.00651465798045
-tum	0.442185514613	0.470139771283	0.0457433290978	0.0419313850063
-ilə	0.188870151771	0.736930860034	0.070826306914	0.00337268128163
-yuə	0.117647058823	0.773109243698	0.0756302521008	0.0336134453781
-gra	0.212791022104	0.122237033822	0.124128096227	0.540843847847
-kwɩ	0.041690300624	0.714619965967	0.219866704481	0.023823028928
-oro	0.0705196482455	0.883378252137	0.0289484601123	0.0171536395053
-soe	0.72163976467	0.236762709308	0.0366571126867	0.00494041333534
-fɔɛ	0.308860759494	0.440506329114	0.220253164557	0.0303797468355
-ɔbɩ	0.00159914712154	0.994402985075	0.00159914712154	0.0023987206823
-b'a	0.0965219815647	0.0446516716856	0.0204254369439	0.838400909806
-aba	0.0717521820739	0.869308525508	0.0205006234497	0.0384386689682
-dʋa	0.193011909683	0.397960604973	0.0487966460732	0.360230839271
-irɩ	0.0	0.687144482366	0.312855517634	0.0
-gɔɛ	0.323741007194	0.395683453237	0.151079136691	0.129496402878
-yɛn	0.0	0.950819672131	0.0491803278688	0.0
-utu	0.00599946373509	0.909868391652	0.075708316575	0.00842382803772
-'ɔɔ	0.0575884823035	0.533893221356	0.129574085183	0.278944211158
-ɛtɩ	0.0213894443961	0.949395704721	0.0125206503782	0.0166942005043
-wɩn	0.242881371061	0.259037757744	0.450415067393	0.0476658038025
-dʋm	0.0993294216261	0.801341156748	0.0276613579212	0.071668063705
-lim	0.122582183111	0.697976437092	0.139017126588	0.0404242532089
-ɩɩn	0.0743172881588	0.166200998105	0.463572578855	0.295909134881
-ɛka	0.0486663547029	0.909101544221	0.00904695055374	0.0331851505226
-oma	0.0	1.0	0.0	0.0
-adi	0.0	1.0	0.0	0.0
-tɩʋ	0.0611385523128	0.796295419727	0.0190496957451	0.123516332215
-144	0.243542435424	0.357933579336	0.132841328413	0.265682656827
-ɔɔm	0.303557617943	0.443928847641	0.135730858469	0.116782675947
-vɔa	0.260273972603	0.595890410959	0.0	0.143835616438
-oda	0.0	1.0	0.0	0.0
-usə	0.520900321543	0.286173633441	0.17845659164	0.0144694533762
-irə	0.111729979171	0.723454204403	0.11914105205	0.0456747643762
-rna	0.137131839441	0.82753724996	0.0251508177141	0.0101800928843
-odi	0.0439560439561	0.92673992674	0.014652014652	0.014652014652
-izi	0.0477611940298	0.922388059702	0.0179104477612	0.0119402985075
-ɔga	0.426726114022	0.377071870866	0.119596539419	0.076605475693
-uri	0.524346366319	0.21344904233	0.083704604273	0.178499987079
-lwe	0.0822893685266	0.140164582089	0.71538660703	0.0621594423548
-wɛa	0.528649100795	0.366373902133	0.0786281890422	0.0263488080301
-ʋgʋ	0.0773330609378	0.800781498669	0.0636383538727	0.0582470865206
-lwa	0.187152472929	0.504097161253	0.262218320164	0.0465320456541
-wɛn	0.014164305949	0.160056657224	0.820113314448	0.0056657223796
-wɩa	0.177538643987	0.758770756225	0.0489287143931	0.0147618853942
-dɩʋ	0.159171075838	0.623897707231	0.185185185185	0.031746031746
-ono	0.134028768434	0.68493176656	0.126935198171	0.0541042668349
-ɛsɩ	0.202622524451	0.765571238926	0.0176641109696	0.0141421256536
-anʋ	0.203935387314	0.631155798133	0.129452496082	0.0354563184705
-uru	0.166530735959	0.663765351729	0.116095538718	0.0536083735946
-zwa	0.225990943188	0.712644702413	0.0340238004585	0.0273405539399
-duu	0.432081068305	0.379925765135	0.178896723017	0.00909644354324
-ɛzɩ	0.0113767518549	0.975762572135	0.00593569661995	0.00692497938994
-paa	0.0716238381629	0.908693275014	0.0131219245489	0.00656096227446
-jwa	0.273295815816	0.566473385023	0.0936672582161	0.066563540945
-waa	0.0869565217391	0.782608695652	0.0434782608696	0.0869565217391
-piə	0.263069139966	0.701517706577	0.0202360876897	0.0151770657673
-wam	0.30625	0.496875	0.140625	0.05625
-dum	0.116188259916	0.167964922914	0.693598001442	0.0222488157285
-mwɛ	0.416666666667	0.0476190476191	0.107142857143	0.428571428571
-ɛmɩ	0.151515151515	0.848484848485	0.0	0.0
-luu	0.0412371134021	0.745440126883	0.0253766851705	0.187946074544
-sɩʋ	0.72972972973	0.175675675676	0.0810810810811	0.0135135135135
-agɩ	0.535698994075	0.101221518606	0.0381429803701	0.324936506949
-tʋa	0.598011241952	0.185254986722	0.0833591428176	0.133374628508
--gɛ	0.067971456642	0.780262681628	0.130099798335	0.0216660633952
-sui	0.383196721311	0.43237704918	0.15368852459	0.030737704918
-oru	0.264388489209	0.681654676259	0.00539568345324	0.0485611510792
-onə	0.49931564883	0.364074822395	0.0212474744183	0.115362054357
-ʋgɩ	0.532626261582	0.351732589966	0.0415513769866	0.0740897714651
-dim	0.322032681771	0.514917338565	0.0890016029859	0.0740483766778
-əŋə	0.176399102873	0.58490206944	0.124026026574	0.114672801113
--tu	0.273054334123	0.378247901356	0.24353494665	0.105162817872
-diu	0.28240059077	0.667266195199	0.0168079409593	0.0335252730724
-zwɛ	0.335373348356	0.600609443818	0.0471166649596	0.0169005428659
-ori	0.454520268419	0.107714826453	0.0393017033268	0.398463201802
-ɔɔn	0.374308338103	0.257727532914	0.0444094638428	0.32355466514
-anɩ	0.152733716268	0.238235137233	0.0753273810246	0.533703765474
-tuu	0.0	0.77358490566	0.22641509434	0.0
-enə	0.184782608696	0.565856777494	0.153452685422	0.0959079283887
-tiə	0.268464613874	0.642982394613	0.0475205162376	0.0410324752753
-ɛla	0.0457478005865	0.916129032258	0.0	0.0381231671554
-nnu	0.158683566887	0.579889675875	0.11313172892	0.148295028318
-yɩm	0.27103980558	0.35823549776	0.207300326975	0.163424369686
-nni	0.202435312024	0.313039066464	0.44533231862	0.0391933028919
-wɩʋ	0.387753886473	0.475102745845	0.0575376734767	0.0796056942046
-uki	0.00990099009901	0.950495049505	0.0	0.039603960396
-yɩa	0.00994035785288	0.986083499006	0.0	0.00397614314115
-dɩa	0.295206682303	0.414968453444	0.243685928849	0.0461389354046
-ɔna	0.09071654795	0.559680788677	0.0262301979812	0.323372465391
-tiu	0.111481573961	0.826608698207	0.0190576208451	0.0428521069871
-yiə	0.273680789458	0.592802694558	0.0339774271701	0.099539088814
-van	0.428571428571	0.0892857142857	0.160714285714	0.321428571429
-wan	0.139469408194	0.491293062042	0.317527311375	0.0517102183888
-ʋnɩ	0.18090642686	0.172241001621	0.0715845564883	0.57526801503
-dɩm	0.0271892337928	0.0233676562057	0.00516365146805	0.944279458533
-ŋnə	0.023061526412	0.945790908827	0.0265787717924	0.00456879296841
-tim	0.248295661252	0.69412853324	0.0359848784423	0.0215909270653
-ələ	0.199111263032	0.67469948157	0.105110237566	0.0210790178317
-tii	0.463414634146	0.146341463415	0.317073170732	0.0731707317073
-oŋə	0.180147344686	0.343023481844	0.451170204494	0.025658968976
-alɛ	0.0998925886143	0.588184747583	0.295166487648	0.0167561761547
-emi	0.037037037037	0.956228956229	0.006734006734	0.0
-aŋa	0.0756280429804	0.426998799475	0.0575936910552	0.43977946649
-260	0.218623481781	0.145748987854	0.0485829959514	0.587044534413
-uli	0.548981002401	0.289765244169	0.0673391509276	0.0939146025022
-ifə	0.0420304207951	0.744526777656	0.147444481617	0.0659983199325
-əgi	0.724952540496	0.17643087995	0.0647212632356	0.0338953163186
-mma	0.218760518501	0.24950062345	0.446114462469	0.0856243955794
-ɩpɛ	0.0216766202168	0.956351839564	0.0126815601268	0.0092899800929
-zan	0.027747357612	0.344553551083	0.526401766047	0.101297325258
-ɩfi	0.0754716981131	0.924528301887	0.0	0.0
-ʋna	0.18045160264	0.539536504745	0.231700222063	0.0483116705529
-nkɩ	0.21723425992	0.763017170996	0.0	0.0197485690836
-ŋ-o	0.702903600465	0.215145180023	0.0413472706156	0.0406039488966
-zɩm	0.0383226253593	0.453485635501	0.278876783864	0.229314955275
-alɩ	0.215896926544	0.48876990764	0.167431523959	0.127901641857
-zɩa	0.0857142857142	0.894505494506	0.0131868131868	0.0065934065934
-ogə	0.637450199203	0.314741035857	0.0	0.0478087649403
-ɩnɩ	0.383456583398	0.296723639057	0.070683526795	0.24913625075
-elə	0.106738118247	0.803566722305	0.0540279363964	0.0356672230519
-iyə	0.257315373897	0.612865768695	0.0229911751045	0.106827682304
-000	0.143233908657	0.323652251126	0.0259481718582	0.507165668359
-g-o	0.575641387863	0.208042188158	0.102963146619	0.11335327736
-vri	0.117359413203	0.871638141809	0.0110024449878	0.0
-laɩ	0.526315789474	0.413875598086	0.0215311004785	0.0382775119617
-o-o	0.502841345416	0.126247888189	0.164490861619	0.206419904777
-eti	0.0375	0.9625	0.0	0.0
-ank	0.274229566771	0.497543546226	0.0665475658776	0.161679321125
-d-o	0.0811757480241	0.0349336731026	0.00368591975844	0.880204659115
-iŋo	0.368421052632	0.5	0.105263157895	0.0263157894737
-iŋi	0.555950009056	0.288661474371	0.0282919760913	0.127096540482
-ʋ-o	0.605398580835	0.282602441987	0.0637665409448	0.0482324362334
-uya	0.0917874396135	0.908212560386	0.0	0.0
-ʋ-m	0.634283045306	0.159738439981	0.0882765063055	0.117702008407
-ata	0.118754846571	0.820095269746	0.0345629777335	0.0265869059488
-nɩʋ	0.0899063032368	0.859284497445	0.0164395229983	0.0343696763203
-ɩya	0.291041312084	0.663004796534	0.0210428593532	0.0249110320285
-ɛrʋ	0.0729967976943	0.625061902752	0.250737967287	0.0512033322669
-vwɩ	0.353037766831	0.573070607553	0.064039408867	0.00985221674876
-edi	0.0	1.0	0.0	0.0
-ɛɛm	0.306074074074	0.555851851852	0.066962962963	0.0711111111112
-kan	0.719298245614	0.280701754386	0.0	0.0
-kam	0.0188443664324	0.0110745380725	0.0162449825273	0.953836112968
-ɛɛn	0.773531742083	0.0265810575308	0.0170843801972	0.182802820189
-əru	0.153944836434	0.692522679373	0.117886923852	0.0356455603409
-brə	0.0439882697947	0.940615835777	0.00439882697947	0.0109970674487
-osi	0.261881668283	0.668283220175	0.0465567410281	0.023278370514
-puə	0.211538461538	0.576923076923	0.211538461538	0.0
-əri	0.553709825306	0.201746571584	0.0602200486668	0.184323554443
-vɩa	0.861111111111	0.0555555555556	0.0277777777778	0.0555555555556
-nii	0.574666807247	0.170357769546	0.0152154058041	0.239760017403
-nim	0.124964487818	0.682079593357	0.128458118661	0.0644978001643
-300	0.122891566265	0.404819277109	0.202409638554	0.269879518072
-ɩnʋ	0.136877277439	0.722362950304	0.115237395968	0.0255223762882
-ɩyo	0.0123674911661	0.984098939929	0.0	0.00353356890459
-vwə	0.0221402214022	0.952556668424	0.025303110174	0.0
-tɩm	0.0957563494817	0.172231425924	0.0174124646522	0.714599759942
-fin	0.434210526316	0.078947368421	0.131578947368	0.355263157895
-fim	0.0314136125654	0.942408376963	0.020942408377	0.00523560209424
-brɩ	0.562778413943	0.177138374252	0.0119580350487	0.248125176756
-kəm	0.406955363276	0.388671861448	0.0692483295054	0.13512444577
-ilu	0.0759493670886	0.746835443038	0.0506329113924	0.126582278481
-yum	0.0878931495046	0.862990090478	0.0387763894873	0.0103403705299
-d'ɩ	0.02271186079	0.0239782014651	0.00706477417237	0.946245163572
-rrʋ	0.165033334548	0.765383074065	0.0295092717403	0.0400743196474
-əlo	0.261633011414	0.634767339772	0.0895522388059	0.0140474100088
--sɩ	0.443046211613	0.337367439412	0.157400751219	0.0621855977549
-fɔm	0.28719641594	0.528177316671	0.108936571563	0.0756896958265
-taa	0.521787701637	0.0573726096625	0.0389898393001	0.3818498494
-əlu	0.184659898493	0.548280477142	0.256918119642	0.0101415047227
-alʋ	0.0800306112715	0.199839022052	0.0591478417896	0.660982524887
-fra	0.208577878104	0.665153176395	0.0775749758143	0.0486939696872
-ila	0.0405904059041	0.959409594096	0.0	0.0
-ilo	0.0294117647059	0.852941176471	0.0588235294118	0.0588235294118
--ka	0.535767179839	0.285478542656	0.0860243343631	0.0927299431415
-yuu	0.0548319431517	0.64812996342	0.049156100604	0.247881992824
-abɩ	0.016835016835	0.976430976431	0.00673400673402	0.0
-viu	0.123328380386	0.830237741456	0.0293462109955	0.017087667162
-abɔ	0.153846153846	0.842490842491	0.0	0.00366300366301
-lma	0.094017094017	0.162393162393	0.717948717949	0.025641025641
-jɩm	0.0987654320987	0.617283950617	0.283950617284	0.0
-ɩte	0.267155110793	0.51393852752	0.0402072909221	0.178699070765
--bu	0.0295883447648	0.943680268909	0.0154142873924	0.0113170989332
-wɔɛ	0.254297023261	0.476603589438	0.174591986119	0.094507401182
-nɔn	0.0384615384615	0.961538461538	0.0	0.0
-pwɛ	0.53714661407	0.218277449047	0.161735700197	0.0828402366864
-igi	0.550300269352	0.292050036252	0.0550220179078	0.102627676488
-ebe	0.142857142857	0.857142857143	0.0	0.0
-abɛ	0.0269058295964	0.959641255605	0.0134529147982	0.0
-ami	0.0	1.0	0.0	0.0
--ba	0.42462015036	0.342607096886	0.0594303926716	0.173342360083
-kwi	0.234392204076	0.712394430674	0.0532133652496	0.0
-nʋa	0.18192844148	0.807155852032	0.0	0.0109157064888
-kwe	0.642582602654	0.0942658946784	0.0200169257288	0.243134576939
--bi	0.0	0.960784313725	0.0392156862745	0.0
-vaɩ	0.705927636644	0.224788298691	0.0508083140878	0.0184757505774
-kwa	0.0386623844077	0.878915299343	0.0517652352051	0.0306570810438
-uum	0.350961538462	0.418269230769	0.201923076923	0.0288461538461
-usi	0.234531938638	0.627196549833	0.100743374884	0.0375281366448
-lɩa	0.181380417335	0.643659711075	0.144462279294	0.0304975922953
-iri	0.346153846154	0.427164010878	0.0494664295242	0.177215713444
-ɔnʋ	0.0603372682806	0.546260127094	0.0161538526219	0.377248752003
-ira	0.0	1.0	0.0	0.0
-ɩkɩ	0.0117130307467	0.970717423133	0.00292825768668	0.0146412884334
-bəi	0.128	0.808	0.064	0.0
-ɛkɩ	0.0418094992767	0.672855529356	0.27879604494	0.00653892642717
-omɩ	0.0366972477064	0.94495412844	0.0183486238532	0.0
-bam	0.0206174565502	0.0234393222025	0.00448938087689	0.95145384037
-ɔ-o	0.770434782609	0.151304347826	0.0365217391304	0.0417391304348
-iru	0.184401285771	0.505736284979	0.253109551166	0.0567528780846
-wɔɔ	0.0823231192426	0.0796763050154	0.016312691914	0.821687883828
-uza	0.230769230769	0.769230769231	0.0	0.0
-liə	0.316196209225	0.352639713658	0.220287968763	0.110876108354
-ize	0.0	0.957850368809	0.0421496311907	0.0
-n-o	0.61814512591	0.278647889796	0.0513292971835	0.0518776871107
-niu	0.00945626477541	0.966903073286	0.0236406619386	0.0
-l-o	0.629932651878	0.295832604955	0.0384077505543	0.0358269926119
-nnʋ	0.206219296049	0.425949878337	0.345971972907	0.0218588527071
