jer-	0.0747565659309	0.880718187814	0.000952223088236	0.0435730231672
koi-	0.144348888549	0.0664128789865	0.013185451444	0.776052781021
ni'-	0.385723602927	0.348843648304	0.0715758017738	0.193856946995
tut-	0.342933244548	0.507727096166	0.0482770101548	0.101062649132
kud-	0.359943242065	0.376098380421	0.159870442876	0.104087934638
fig-	0.0	1.0	0.0	0.0
tna-	0.269860399346	0.19659148882	0.104464142318	0.429083969516
ye'-	0.107515955675	0.81243657444	0.00696364725097	0.073083822634
dok-	0.31160566037	0.582589329941	0.02643143875	0.0793735709389
maa-	0.0	1.0	0.0	0.0
xto-	0.028931417563	0.910540550057	0.0207553933035	0.0397726390769
jac-	0.00954228490537	0.980076548	0.0078645205264	0.00251664656845
viu-	0.0885245901639	0.836065573771	0.0360655737705	0.0393442622951
tku-	0.814212328767	0.185787671233	0.0	0.0
júp-	0.0	1.0	0.0	0.0
abí-	0.0133333333333	0.933333333333	0.0533333333333	0.0
keé-	0.417096954022	0.2444702363	0.0425413304333	0.295891479244
mah-	0.0	1.0	0.0	0.0
yuñ-	0.0871794871795	0.297435897436	0.0051282051282	0.610256410256
alm-	0.0	0.92	0.08	0.0
vas-	0.506329113924	0.479204339964	0.0	0.0144665461121
nle-	0.056338028169	0.943661971831	0.0	0.0
nyu-	0.777777777778	0.175710594315	0.0	0.046511627907
ite-	0.0777692676727	0.910211845505	0.0120188868221	0.0
lis-	0.0316011235955	0.962780898876	0.0056179775281	0.0
ana-	0.0138888888889	0.979166666667	0.0	0.00694444444445
sue-	0.20406824147	0.790682414698	0.00524934383202	0.0
vaa-	0.356495531572	0.164313624363	0.0387554197391	0.440435424325
tom-	0.0	1.0	0.0	0.0
pre-	0.464230741039	0.40900095287	0.0871875687166	0.0395807373745
vil-	0.0838425105753	0.49152174699	0.374019306555	0.0506164358798
seg-	0.490576496674	0.27891722099	0.0194013303769	0.211104951959
der-	0.00934579439251	0.990654205607	0.0	0.0
azo-	0.0	1.0	0.0	0.0
kat-	0.425206186694	0.361619035514	0.0368418865077	0.176332891285
pró-	0.0	1.0	0.0	0.0
kuv-	0.334561363704	0.393267111988	0.194738312881	0.0774332114276
ñam-	0.491927825261	0.245014245014	0.0465337132004	0.216524216524
xev-	0.505876479646	0.404442546434	0.0189466846309	0.0707342892888
mil-	0.0772037395723	0.604841368429	0.0781530563585	0.23980183564
dis-	0.186891994367	0.360210161413	0.00552486187845	0.447372982342
tib-	0.0	1.0	0.0	0.0
yut-	0.100044656117	0.812215935994	0.028046730231	0.0596926776586
ari-	0.0218312153796	0.945910720104	0.0	0.0322580645161
yau-	0.165122239748	0.71214511041	0.0359818611987	0.0867507886436
mai-	0.0	1.0	0.0	0.0
ini-	0.132552000944	0.0936336883898	0.0294947839058	0.74431952676
mig-	0.45871559633	0.522935779816	0.0	0.0183486238532
nka-	0.323427041499	0.373493975904	0.0904953145917	0.212583668005
xnɨ-	0.426900584795	0.350877192982	0.222222222222	0.0
ɨɨn-	0.0627974402517	0.120848592201	0.0192370360462	0.797116931501
paf-	0.0	1.0	0.0	0.0
mar-	0.028433540936	0.858979816582	0.0172914796546	0.0952951628278
abr-	0.03565943739	0.916619844926	0.0343484286624	0.0133722890212
ñut-	0.171321286083	0.680591410467	0.107955878902	0.0401314245482
zaq-	0.0	0.986928104575	0.0130718954248	0.0
oko-	0.062062780269	0.0434080717489	0.00860986547086	0.885919282511
nen-	0.469938650307	0.127607361963	0.247852760736	0.154601226994
ya'-	0.12770635525	0.115743512931	0.0366990837588	0.71985104806
zac-	0.0489589195273	0.914462577378	0.0213843556556	0.0151941474395
her-	0.030444276476	0.902053413958	0.0422020660116	0.0253002435542
ate-	0.119547519068	0.834176021938	0.0	0.046276458994
nta-	0.30005001393	0.427095466187	0.12356797363	0.149286546253
xne-	0.298633583028	0.430839370425	0.0956753145447	0.174851732002
sex-	0.0427162310554	0.816342454499	0.10328651181	0.0376548026361
n‑x-	0.554775492633	0.155072842725	0.0435486036032	0.246603061039
sin-	0.0584551148226	0.935281837161	0.0062630480167	0.0
sma-	0.00480769230769	0.995192307692	0.0	0.0
urí-	0.0	1.0	0.0	0.0
dor-	0.029197080292	0.970802919708	0.0	0.0
kɨk-	0.689662169017	0.189611443644	0.120726387339	0.0
pat-	0.150943396226	0.561545372866	0.141958670261	0.145552560647
veñ-	0.0437118923089	0.911347860319	0.0178988880591	0.0270413593128
alt-	0.0356195934546	0.955140737567	0.00642759581135	0.00281207316747
unu-	0.172073098257	0.432200871632	0.30717610935	0.0885499207607
yo'-	0.229362731917	0.689970422157	0.0419467598817	0.0387200860446
uxu-	0.157051282051	0.701923076923	0.141025641026	0.0
jor-	0.0	0.990111248455	0.0	0.00988875154512
naí-	0.0344827586207	0.862068965517	0.0	0.103448275862
gen-	0.0420560747663	0.794392523364	0.0186915887851	0.144859813084
raz-	0.335664335664	0.335664335664	0.171328671329	0.157342657343
diu-	0.30035335689	0.106007067138	0.339222614841	0.254416961131
xem-	0.456607824388	0.41960065848	0.053138915451	0.0706526016817
yeñ-	0.210526315789	0.74269005848	0.0116959064328	0.0350877192982
jam-	0.25	0.696428571429	0.0535714285714	0.0
kid-	0.319698293986	0.244242803026	0.0669616651754	0.369097237813
kɨu-	0.124145821904	0.495214072179	0.0129211414971	0.36771896442
por-	0.0311284046693	0.968871595331	0.0	0.0
alf-	0.0	1.0	0.0	0.0
tot-	0.0091039146833	0.973988815191	0.0143061516452	0.00260111848095
cos-	0.122257053292	0.847178683386	0.0211598746081	0.00940438871473
cen-	0.0261886236738	0.904740185601	0.0354746296777	0.0335965610477
hor-	0.101190046124	0.135393384127	0.0139654453117	0.749451124437
yod-	0.419468586316	0.374253814502	0.0420150649058	0.164262534276
aci-	0.0103448275862	0.871428571429	0.11527093596	0.00295566502463
ped-	0.145193056383	0.740530389777	0.0819859845189	0.0322905693217
boa-	0.015625	0.953125	0.03125	0.0
ka‑-	0.179421995921	0.142173851225	0.0848333361571	0.593570816697
yac-	0.179203267203	0.134050381115	0.058971605612	0.62777474607
oro-	0.0	0.694692343823	0.304180366369	0.00112728980742
xed-	0.260869565217	0.565217391304	0.173913043478	0.0
asi-	0.00288018433179	0.991359447005	0.0028801843318	0.0028801843318
dia-	0.148756711912	0.310464821515	0.0729380314797	0.467840435093
nan-	0.389426348642	0.21892508751	0.0475123370085	0.344136226839
nux-	0.0960475403102	0.0635581172908	0.00793055577114	0.832463786628
uva-	0.085280926065	0.878914104976	0.00781199322733	0.0279929757313
tér-	0.278048780488	0.707317073171	0.0146341463415	0.0
tol-	0.190476190476	0.809523809524	0.0	0.0
mel-	0.1	0.889502332815	0.0	0.0104976671851
cue-	0.312087623986	0.407460273534	0.202601337081	0.077850765399
sku-	0.0112531969309	0.959079283887	0.0296675191816	0.0
mir-	0.0641139804096	0.882457702582	0.0427426536064	0.0106856634016
isa-	0.0187563885847	0.957253958855	0.00555744846955	0.0184322040907
joe-	0.0444444444444	0.955555555556	0.0	0.0
eut-	0.0701754385965	0.929824561403	0.0	0.0
pud-	0.0701754385965	0.929824561404	0.0	0.0
dio-	0.0815533980582	0.732038834951	0.128155339806	0.0582524271845
xam-	0.0919083400608	0.817735825623	0.0640667370469	0.0262890972697
bab-	0.0512481401884	0.660026450653	0.0260373615473	0.262688047611
ita-	0.178115045445	0.241418328065	0.313183366746	0.267283259744
eno-	0.025974025974	0.974025974026	0.0	0.0
láz-	0.0319026475909	0.878309488571	0.0325604341392	0.0572274296991
ne'-	0.450283317053	0.265938834236	0.0411619719155	0.242615876795
fla-	0.0335195530726	0.932960893855	0.0335195530726	0.0
sor-	0.333333333333	0.566666666667	0.0	0.1
moi-	0.0335692267239	0.941036317316	0.000709854043957	0.0246846019157
doo-	0.26350596785	0.622588864921	0.0393053041846	0.0745998630443
xid-	0.531470357796	0.295253673489	0.0907204024688	0.0825555662465
yɨt-	0.310273422189	0.503680648897	0.0689058995978	0.117140029316
mee-	0.0660660035774	0.075588005309	0.0364929549805	0.821853036133
kod-	0.469976359338	0.396926713948	0.0770685579197	0.0560283687943
ede-	0.0650658404338	0.593338497289	0.341595662277	0.0
jud-	0.0210608195374	0.960520136198	0.00770517787953	0.0107138663849
nu'-	0.485321581302	0.173596756024	0.0294997046953	0.311581957979
ñin-	0.123595505618	0.449438202247	0.292134831461	0.134831460674
mi'-	0.10071942446	0.791366906475	0.0863309352518	0.0215827338129
uzí-	0.0	1.0	0.0	0.0
cis-	0.0	1.0	0.0	0.0
nɨn-	0.223097971379	0.0519830161975	0.0116999528228	0.713219059601
mal-	0.054054054054	0.945945945946	0.0	0.0
adá-	0.0391517128874	0.858618814573	0.0957041870582	0.00652528548124
te'-	0.135799638207	0.62944915794	0.116340543708	0.118410660144
sab-	0.00167292942811	0.998327070572	0.0	0.0
rey-	0.355555555556	0.511111111111	0.0444444444445	0.0888888888889
nin-	0.547210186721	0.279445991057	0.101736780536	0.0716070416851
fra-	0.0	0.983122362869	0.0168776371308	0.0
dɨx-	0.0	0.995525727069	0.00447427293066	0.0
paj-	0.116827218692	0.649518343923	0.233654437385	0.0
cie-	0.018934750034	0.176451891205	0.0376878717704	0.766925486991
uni-	0.0386647129749	0.0583350004596	0.236930180752	0.666070105813
ian-	0.109993214028	0.736764665868	0.0105204419234	0.14272167818
sir-	0.0436974789916	0.929411764706	0.0235294117647	0.00336134453782
yav-	0.0	0.227180127489	0.749162121312	0.0236577511993
ñu'-	0.108292683523	0.483946218626	0.0198308481807	0.387930249671
n‑j-	0.471024727434	0.149399343282	0.014333869406	0.365242059878
ta'-	0.419413289049	0.318527761414	0.0390129336961	0.223046015841
esr-	0.0	1.0	0.0	0.0
yu'-	0.308617272273	0.269234460933	0.190104026996	0.232044239798
jue-	0.446340928196	0.419318003847	0.0738328114808	0.0605082564758
and-	0.0574435229531	0.787566174538	0.0606482789999	0.0943420235087
ALL	0.233007018683	0.300685632309	0.0550716494808	0.411235699527
san-	0.0334404379388	0.865405212424	0.0673568963465	0.0337974532905
xat-	0.573555204822	0.312499199	0.0483258425197	0.0656197536578
kix-	0.608993810761	0.166506332129	0.065737473917	0.158762383194
teñ-	0.442878042293	0.325264884515	0.176441902735	0.055415170457
mae-	0.0210673620731	0.942569895562	0.0058314101648	0.0305313322004
cil-	0.0	1.0	0.0	0.0
per-	0.0157167203181	0.958530581329	0.0212081045257	0.00454459382693
sej-	0.273684210526	0.642105263158	0.0421052631579	0.0421052631579
cal-	0.139534883721	0.860465116279	0.0	0.0
kui-	0.207434424623	0.456243756044	0.219726284135	0.116595535198
zor-	0.0	1.0	0.0	0.0
vi'-	0.36460554371	0.365671641791	0.132729211087	0.136993603411
xcu-	0.111111111111	0.288888888889	0.577777777778	0.0222222222222
mii-	0.195787600119	0.110056363097	0.391575200237	0.302580836547
ñan-	0.0530465015211	0.733519898181	0.0307561929596	0.182677407338
gas-	0.271317829457	0.403100775194	0.186046511628	0.139534883721
ata-	0.0	1.0	0.0	0.0
tie-	0.0847598470999	0.54478976234	0.0509667054457	0.319483685114
far-	0.0262065733985	0.969777093514	0.00261061650713	0.00140571658076
duj-	0.159807028992	0.280250769087	0.267549174979	0.292393026941
arm-	0.20434203883	0.629871024005	0.111809794832	0.0539771423326
ɨnu-	0.348596206553	0.340687511079	0.0605696987878	0.25014658358
rud-	0.0526315789474	0.947368421053	0.0	0.0
dat-	0.365806319928	0.486055826267	0.0749138405341	0.0732240132715
isc-	0.0	0.990996398559	0.0	0.00900360144058
tɨc-	0.0	0.93063583815	0.0	0.0693641618497
tac-	0.0885175307639	0.758606680115	0.0992920778289	0.0535837112926
lev-	0.0663629847157	0.885610562582	0.0371586468426	0.0108678058594
sed-	0.0	0.518518518519	0.481481481481	0.0
xni-	0.5805213978	0.301623782749	0.0326693113522	0.0851855080993
num-	0.406504065041	0.455284552846	0.0650406504065	0.0731707317073
ken-	0.573814312427	0.21346552976	0.0928180842655	0.119902073548
adi-	0.361031518625	0.570200573066	0.0171919770774	0.0515759312321
ami-	0.0	1.0	0.0	0.0
kax-	0.460675350265	0.333792212729	0.0781927730795	0.127339663926
kur-	0.0875912408759	0.912408759124	0.0	0.0
dij-	0.215594744122	0.391251728907	0.206085753804	0.187067773167
iku-	0.0189274447949	0.917981072555	0.0536277602523	0.00946372239747
cai-	0.0525073746313	0.938643067847	0.00530973451328	0.00353982300884
cás-	0.359477124183	0.616013071895	0.0245098039216	0.0
tek-	0.650600353235	0.177361978828	0.0535585926264	0.118479075311
nuj-	0.531599858847	0.265814564281	0.05685642162	0.145729155252
jii-	0.603896103896	0.396103896104	0.0	0.0
jai-	0.0287206266318	0.845953002611	0.0391644908616	0.0861618798955
str-	0.175161521895	0.819095477387	0.00574300071787	0.0
vik-	0.102862272301	0.83656660814	0.015478037478	0.0450930820814
tal-	0.142901771085	0.73620519047	0.0353379650839	0.0855550733611
nañ-	0.612403100775	0.356589147287	0.031007751938	0.0
dad-	0.124702364505	0.0750115555294	0.0496336449296	0.750652435036
lem-	0.016393442623	0.918032786885	0.0655737704918	0.0
alb-	0.285714285714	0.485714285714	0.2	0.0285714285714
yaú-	0.278350515464	0.690721649484	0.0309278350515	0.0
zaf-	0.0	1.0	0.0	0.0
sli-	0.0214398318445	0.967209668944	0.00252233315817	0.00882816605359
dak-	0.338788595267	0.488319453229	0.0631663250461	0.109725626458
kɨv-	0.427520715017	0.309189088539	0.130341681408	0.132948515036
pon-	0.0	1.0	0.0	0.0
ɨnk-	0.0781910936107	0.144635650033	0.231925378508	0.545247877849
azu-	0.0	0.982404692082	0.00586510263929	0.0117302052786
hig-	0.0446549391069	0.885881822282	0.044203879116	0.0252593594948
chi-	0.232911321235	0.141212901328	0.023870634701	0.602005142736
nga-	0.153342543342	0.326944412221	0.0566101029325	0.463102941504
ben-	0.0	1.0	0.0	0.0
dió-	0.472924187726	0.386281588448	0.0974729241877	0.043321299639
nun-	0.239413186639	0.187281825375	0.0663272879765	0.50697770001
ñɨɨ-	0.305216360311	0.516445412827	0.0398751010155	0.138463125847
pax-	0.00372300819062	0.906392936922	0.0272577385385	0.0626263163493
ili-	0.649122807017	0.21052631579	0.140350877193	0.0
lam-	0.0389610389611	0.935064935065	0.025974025974	0.0
til-	0.0217490758795	0.962123370179	0.00247115745874	0.0136563964825
nut-	0.516666666667	0.411111111111	0.0388888888889	0.0333333333333
idi-	0.0653186969687	0.21692493384	0.0881164709108	0.62963989828
cua-	0.0925155925155	0.739215176715	0.10408004158	0.0641891891892
kaj-	0.54112765054	0.262118824835	0.0240918389152	0.17266168571
sat-	0.102161100197	0.893123772102	0.00235756385069	0.00235756385069
ve'-	0.123040351668	0.634161454451	0.0110372588652	0.231760935016
sió-	0.0262582056892	0.960612691466	0.0	0.0131291028446
esl-	0.0	1.0	0.0	0.0
saf-	0.0	1.0	0.0	0.0
ntu-	0.240600589338	0.156138747688	0.0663414372939	0.53691922568
dik-	0.311538323084	0.151727296403	0.0371232510824	0.499611129431
nad-	0.397303569195	0.265669079389	0.118552184646	0.21847516677
yad-	0.176857123473	0.441131489826	0.339565677068	0.0424457096335
yaa-	0.330731930413	0.536655154824	0.105523925675	0.0270889890882
abi-	0.0	0.988662391205	0.0	0.0113376087952
xdi-	0.215189873418	0.524050632911	0.154430379747	0.106329113924
eub-	0.117647058824	0.882352941176	0.0	0.0
tau-	0.503582440303	0.35601057332	0.0872246763659	0.0531823100111
luz-	0.0140972347732	0.84384601482	0.139887945057	0.00216880534973
ru'-	0.204874102931	0.366263501696	0.0111553802265	0.417707015147
tni-	0.288774572599	0.397750679813	0.0325905871427	0.280884160446
doc-	0.0253699788583	0.767441860465	0.143763213531	0.0634249471458
ban-	0.425075906412	0.319521343097	0.255402750491	0.0
adr-	0.162962962963	0.688888888889	0.133333333333	0.0148148148148
tey-	0.305030824039	0.516770801502	0.0939679952747	0.084230379184
kac-	0.473907284459	0.211542409224	0.0655123962851	0.249037910033
iin-	0.278233087929	0.273093485206	0.354215863314	0.0944575635505
ter-	0.0344827586207	0.965517241379	0.0	0.0
xko-	0.259080024783	0.353706525561	0.0477235050822	0.339489944574
did-	0.0867778988849	0.866269807999	0.016768676113	0.0301836170034
nɨ'-	0.585514834206	0.287085514834	0.109947643979	0.0174520069808
dañ-	0.154722636098	0.321804135698	0.0239426066436	0.49953062156
nam-	0.108598298253	0.786889834304	0.0117554858934	0.0927563815496
fle-	0.0	1.0	0.0	0.0
arq-	0.0443037974684	0.943037974684	0.0126582278481	0.0
ale-	0.0301406563965	0.937374413932	0.0324849296718	0.0
sid-	0.00652818991098	0.982789317507	0.00712166172107	0.00356083086052
oli-	0.101582920352	0.836013354801	0.0565488014832	0.0058549233632
luc-	0.208508164143	0.506775601741	0.172743020952	0.111973213164
ñun-	0.180699107022	0.687217393373	0.0805080378544	0.0515754617505
jec-	0.0	1.0	0.0	0.0
dec-	0.0	0.755102040816	0.0	0.244897959184
kue-	0.157689817094	0.291486497267	0.256591030008	0.294232655631
t‑i-	0.623367697595	0.356013745704	0.0123711340206	0.00824742268043
kon-	0.495865358221	0.321993091774	0.0266206880776	0.155520861927
eli-	0.0467181571086	0.941979062946	0.00678166796738	0.00452111197826
jir-	0.618906942393	0.181683899557	0.0310192023634	0.168389955687
tki-	0.135338345865	0.68984962406	0.174812030075	0.0
col-	0.10724277277	0.883431768729	0.0	0.00932545850171
n‑n-	0.54714334769	0.252636563851	0.0852730973224	0.114946991137
vit-	0.192904499155	0.168202923697	0.0441359839549	0.594756593193
var-	0.12943587531	0.841441052745	0.0145615359724	0.0145615359724
tuk-	0.101138342959	0.0779621694878	0.0413279863651	0.779571501188
ene-	0.0	1.0	0.0	0.0
pan-	0.0896057347671	0.83990442055	0.0489844683393	0.0215053763441
tor-	0.0753768844221	0.905778894472	0.0	0.0188442211055
lin-	0.0194906444906	0.799246361746	0.181262993763	0.0
dux-	0.0368480725624	0.936696900983	0.026455026455	0.0
ina-	0.167701863354	0.819875776397	0.0124223602484	0.0
ema-	0.202764976958	0.658986175115	0.0138248847926	0.124423963134
cre-	0.04095004095	0.941850941851	0.002457002457	0.014742014742
lir-	0.185084632143	0.719054801408	0.0	0.0958605664488
lat-	0.0	0.96	0.04	0.0
pen-	0.0	1.0	0.0	0.0
ka'-	0.435412786599	0.238731804318	0.138199915318	0.187655493765
ape-	0.0	1.0	0.0	0.0
éfe-	0.046159394158	0.926072845294	0.00108186080058	0.0266858997476
fav-	0.289256198347	0.545454545455	0.0	0.165289256198
fre-	0.441471571906	0.484949832776	0.0200668896321	0.0535117056856
xtu-	0.275056387269	0.195234066808	0.0491752435066	0.480534302416
ber-	0.0519953007163	0.927236896957	0.00879220828438	0.0119755940425
tia-	0.0	1.0	0.0	0.0
ndu-	0.262302638253	0.505646704167	0.0754977595538	0.156552898026
kau-	0.345549031518	0.524870081663	0.0681649456705	0.0614159411487
car-	0.092901863391	0.730782386271	0.0313787308716	0.144937019467
rod-	0.0	1.0	0.0	0.0
ple-	0.175050301811	0.480885311871	0.169014084507	0.175050301811
bas-	0.62962962963	0.314814814815	0.0185185185185	0.037037037037
dɨk-	0.0823852335641	0.584334572065	0.010780936957	0.322499257414
de'-	0.0577147093084	0.792041724028	0.0432860319814	0.106957534682
koj-	0.163478056678	0.299967248773	0.494342689061	0.0422120054874
dɨɨ-	0.316983330624	0.172659280422	0.227585766381	0.282771622574
mañ-	0.397260273973	0.465753424657	0.13698630137	0.0
do'-	0.297596906755	0.544883565003	0.106699898835	0.0508196294076
yuu-	0.253618628068	0.674638137193	0.0264317180617	0.0453115166771
pól-	0.323834196891	0.656735751295	0.0194300518135	0.0
nrr-	0.0344827586207	0.931034482759	0.0344827586207	0.0
iñu-	0.042444593687	0.318065815984	0.307051712559	0.33243787777
ii‑-	0.3723596675	0.390232389884	0.133883888241	0.103524054375
pun-	0.196078431373	0.774509803922	0.00980392156863	0.0196078431373
nxe-	0.448924451834	0.349994804115	0.0	0.201080744051
kee-	0.350877259177	0.106680389819	0.0185857392262	0.523856611778
day-	0.627891716383	0.236586874954	0.0827964374713	0.0527249711921
kɨd-	0.285201312106	0.598475253735	0.0754233230935	0.0409001110653
tko-	0.0284431137724	0.920482564283	0.00686861570976	0.0442057062346
ña'-	0.0615669986697	0.0434733471694	0.00715884941127	0.88780080475
ju'-	0.53745819398	0.242809364549	0.0469899665552	0.172742474916
ñuu-	0.136879510339	0.455487547158	0.0210104949605	0.386622447542
kun-	0.374837891438	0.340501756072	0.120587526358	0.164072826132
tnu-	0.205833809609	0.352124804584	0.0389818206862	0.403059565121
ndr-	0.246344394739	0.560116420936	0.0881654901152	0.10537369421
cum-	0.0	0.807692307692	0.0384615384615	0.153846153846
kan-	0.46675650198	0.310997353542	0.0728557020997	0.149390442378
zab-	0.0	1.0	0.0	0.0
kux-	0.418093232767	0.258524500028	0.239285147509	0.0840971196964
kuk-	0.229715742442	0.612245301526	0.0885187782493	0.0695201777825
ida-	0.189512046973	0.526219882567	0.0631706823244	0.221097388135
nav-	0.302752293578	0.211009174312	0.110091743119	0.376146788991
sey-	0.0696462336999	0.62830273448	0.0570228488749	0.245028182946
xau-	0.0159056731612	0.0726992547057	0.0445358848512	0.866859187282
juu-	0.224883210444	0.350807732938	0.0657363621133	0.358572694505
nju-	0.353834128845	0.521343918997	0.0618951828884	0.0629267692698
jes-	0.0161477256434	0.715852661914	0.00454982931595	0.263449783127
kum-	0.199888384266	0.734681702717	0.0451466399815	0.0202832730352
tod-	0.0801335559265	0.742904841402	0.156928213689	0.0200333889816
met-	0.250721500721	0.549062049062	0.0487012987013	0.151515151515
daa-	0.239566998484	0.112797679713	0.0298870910257	0.617748230777
yañ-	0.0276679841897	0.96442687747	0.00790513833992	0.0
mna-	0.157142857143	0.814285714286	0.0285714285714	0.0
nef-	0.0	1.0	0.0	0.0
xe'-	0.29808145466	0.471482379363	0.0481043089543	0.182331857023
ces-	0.106655974338	0.823977546111	0.0240577385726	0.0453087409783
vad-	0.289982425308	0.604569420035	0.105448154657	0.0
tuy-	0.481137233461	0.44231820667	0.0765445598688	0.0
gól-	0.0	0.97641509434	0.0235849056604	0.0
nor-	0.157462345961	0.262893655865	0.470104974897	0.109539023277
cob-	0.108808290155	0.891191709845	0.0	0.0
mat-	0.119466343238	0.878714372347	0.0	0.0018192844148
nit-	0.228293643468	0.150790720571	0.209710171682	0.411205464279
ged-	0.0645161290323	0.935483870968	0.0	0.0
nya-	0.262765025792	0.275477108659	0.393261813882	0.0684960516671
tró-	0.0	1.0	0.0	0.0
xeé-	0.275510204082	0.367346938775	0.0510204081632	0.30612244898
sol-	0.157868383405	0.596882451121	0.138042441583	0.107206723891
xi'-	0.0475914675479	0.0462863756932	0.0197912673486	0.88633088941
cha-	0.0844764632709	0.857312275197	0.0199882042609	0.0382230572707
nov-	0.033310275951	0.909338638525	0.00753517911999	0.0498159064043
par-	0.0776004209009	0.645605863672	0.229213895313	0.0475798201144
ala-	0.214788732394	0.658450704225	0.0598591549296	0.0669014084507
jul-	0.0	1.0	0.0	0.0
ndɨ-	0.17054065718	0.392064277681	0.240488463056	0.196906602082
nah-	0.192497384546	0.522941264385	0.0272007173816	0.257360633687
paí-	0.2992533027	0.469844916715	0.120045950603	0.110855829983
baj-	0.395348837209	0.558139534884	0.0232558139535	0.0232558139535
nɨv-	0.420517560074	0.457486136784	0.121996303142	0.0
álo-	0.0147058823529	0.897058823529	0.0588235294118	0.0294117647059
feb-	0.0	1.0	0.0	0.0
pec-	0.152181884855	0.743674367437	0.101943527686	0.002200220022
xic-	0.202282572373	0.709768483117	0.0439744722551	0.0439744722551
anu-	0.1653285325	0.427700786971	0.0617188444888	0.34525183604
amé-	0.0373250388803	0.0693623639191	0.0	0.893312597201
ñax-	0.032	0.467555555555	0.479111111111	0.0213333333333
koo-	0.325404020406	0.130615705565	0.0655600109067	0.478420263122
gay-	0.0161943319838	0.983805668016	0.0	0.0
kin-	0.526627319991	0.200080396321	0.0585002936505	0.214791990038
gob-	0.032583261704	0.949391955226	0.00046217392488	0.0175626091454
dan-	0.305427558215	0.259339456215	0.0814902201676	0.353742765403
gre-	0.0622182146077	0.315599639315	0.58431018936	0.0378719567177
ser-	0.0	1.0	0.0	0.0
cur-	0.178318914672	0.626500964356	0.00687210737156	0.188308013601
ndi-	0.322097338026	0.373450221476	0.0739314126218	0.230521027875
cri-	0.0341637493469	0.861935998084	0.0139806656683	0.0899195869012
dɨu-	0.0793893104923	0.105771238826	0.0224427966858	0.792396653996
elm-	0.0	1.0	0.0	0.0
ran-	0.0707456978967	0.917782026769	0.0	0.0114722753346
ñav-	0.26179245283	0.391509433962	0.0683962264151	0.278301886793
xal-	0.0800889655794	0.527751144571	0.311150539747	0.0810093501022
zel-	0.0	1.0	0.0	0.0
ñát-	0.0412371134021	0.865979381443	0.0721649484536	0.020618556701
xik-	0.375410395224	0.316728913788	0.0545145468099	0.253346144178
agr-	0.0	0.990044247788	0.00995575221237	0.0
vav-	0.672680412371	0.0953608247422	0.0927835051546	0.139175257732
kex-	0.579313774242	0.33117851815	0.0522128294381	0.0372948781701
juñ-	0.525440211578	0.245972136765	0.0602276850295	0.168359966628
sos-	0.0	1.0	0.0	0.0
don-	0.444444444444	0.444444444444	0.111111111111	0.0
cad-	0.187232015245	0.788470700333	0.0228680323964	0.00142925202477
kua-	0.16933667225	0.180700821979	0.297950146315	0.352012359456
tat-	0.219247750878	0.701995339546	0.0287134566163	0.0500434529599
ñuk-	0.260486346108	0.315180609113	0.386558589754	0.0377744550248
aru-	0.477532747471	0.383186867849	0.0397943956226	0.0994859890565
leg-	0.27027027027	0.594594594595	0.0630630630631	0.0720720720721
du'-	0.196798367296	0.105579797642	0.0411815614813	0.65644027358
cef-	0.209039548023	0.723163841808	0.0	0.0677966101695
esa-	0.0572450805009	0.86404293381	0.0322003577817	0.046511627907
jua-	0.53430739303	0.0998024583631	0.0123246467833	0.353565501824
sad-	0.0316301703163	0.961070559611	0.00729927007298	0.0
aug-	0.041095890411	0.958904109589	0.0	0.0
ñuy-	0.18386066443	0.730549026267	0.0	0.0855903093036
li'-	0.0381679389312	0.961832061069	0.0	0.0
kok-	0.203407880724	0.657645805926	0.067280586356	0.0716657269937
sur-	0.0905080869139	0.568861297174	0.100473778794	0.240156837118
nxa-	0.257748136524	0.463515103962	0.21400549235	0.0647312671635
mis-	0.0291262135922	0.970873786408	0.0	0.0
tuv-	0.421396628827	0.542483660131	0.0	0.0361197110423
trɨ-	0.139461591719	0.82422425102	0.0119496207645	0.0243645364968
ofi-	0.247422680412	0.515463917526	0.113402061856	0.123711340206
fri-	0.0	0.938775510204	0.0612244897959	0.0
reg-	0.166160081054	0.742654508612	0.0455927051672	0.0455927051672
vex-	0.125	0.875	0.0	0.0
pla-	0.00373366521469	0.934660858743	0.0616054760423	0.0
mac-	0.0826277252833	0.892215813801	0.012271444349	0.0128850165665
ico-	0.0	1.0	0.0	0.0
bet-	0.0488830486203	0.916031537451	0.0235216819974	0.0115637319317
nar-	0.0534011443102	0.86013986014	0.071201525747	0.0152574698029
vix-	0.0620689655172	0.7988005997	0.124737631184	0.0143928035982
sal-	0.0373789173789	0.942336182336	0.00934472934474	0.0109401709402
neá-	0.0108695652174	0.934782608696	0.0	0.0543478260869
cim-	0.0227057710501	0.957742037212	0.0132450331126	0.00630715862504
gab-	0.0	1.0	0.0	0.0
sek-	0.0451199240085	0.654886552536	0.280455948706	0.0195375747501
cam-	0.0179712460064	0.928115015974	0.0539137380192	0.0
xak-	0.233290072276	0.340239105165	0.197193330734	0.229277491824
yun-	0.178282009724	0.720092864339	0.0486223662885	0.0530027596478
min-	0.0	0.965156794425	0.0348432055748	0.0
tun-	0.60780567353	0.231300979661	0.0326034209672	0.128289925842
tuc-	0.155915622134	0.711097523693	0.0871293182513	0.0458575359217
est-	0.00561009817674	0.803646563815	0.190743338008	0.0
yɨɨ-	0.0693161381701	0.753906650391	0.0301722932993	0.14660491814
dám-	0.0	1.0	0.0	0.0
ren-	0.0	1.0	0.0	0.0
xay-	0.288707415656	0.212681129533	0.3872528802	0.11135857461
nee-	0.0408248281608	0.880024994793	0.0741512184961	0.0049989585503
age-	0.0851528384279	0.875545851528	0.0393013100437	0.0
cep-	0.06	0.82	0.12	0.0
tab-	0.0382380692258	0.903659929483	0.014897949049	0.0432040522422
lok-	0.246267172759	0.227293220982	0.340305110562	0.186134495696
naz-	0.0143919405133	0.981290477333	0.004317582154	0.0
gal-	0.0143039478896	0.967651071696	0.0175168346464	0.000528145768231
nac-	0.319797284862	0.557077178984	0.0327173201415	0.0904082160122
ndv-	0.749691303581	0.0980772623038	0.0753219262657	0.0769095078497
kar-	0.143405889885	0.841229193342	0.0076824583867	0.0076824583867
sel-	0.144576299515	0.67234545498	0.147262481794	0.0358157637115
kay-	0.45909331956	0.465865953586	0.0586682046309	0.0163725222226
jey-	0.126865671642	0.805970149254	0.044776119403	0.0223880597015
lil-	0.145532750089	0.436138892949	0.369365042908	0.0489633140543
me'-	0.189475713184	0.303970701619	0.0366229760987	0.469930609098
rut-	0.0	1.0	0.0	0.0
n‑d-	0.516478372152	0.328350345082	0.0673616902901	0.0878095924758
max-	0.290811208673	0.0963013410204	0.0397369179191	0.573150532387
yɨy-	0.0944881889764	0.645669291339	0.141732283465	0.11811023622
vax-	0.474237487312	0.133572488071	0.039626507955	0.352563516661
tak-	0.439528790948	0.346160277969	0.0478269756034	0.16648395548
lob-	0.036975085835	0.827449599437	0.135575314728	0.0
ñau-	0.0748407643312	0.867834394904	0.0286624203822	0.0286624203821
spu-	0.0	0.954372623574	0.0228136882129	0.0228136882129
lel-	0.703967446592	0.265513733469	0.0	0.0305188199389
xyu-	0.229600915582	0.495798511038	0.0100379464795	0.2645626269
xiy-	0.0876623376623	0.571428571429	0.0974025974026	0.243506493506
kak-	0.433469788537	0.275173290036	0.0886939944217	0.202662927005
cax-	0.138888888889	0.833333333333	0.0	0.0277777777778
abb-	0.100917431193	0.834862385321	0.0	0.0642201834862
cub-	0.0869565217391	0.886956521739	0.0	0.0260869565217
one-	0.0	1.0	0.0	0.0
daj-	0.626049729278	0.248384215224	0.0778353933153	0.047730662183
yɨk-	0.053843487056	0.751176552559	0.0677581686539	0.127221791731
kik-	0.0666666666667	0.633333333333	0.266666666667	0.0333333333333
sto-	0.0	1.0	0.0	0.0
gog-	0.0	0.964285714286	0.0357142857143	0.0
vek-	0.138808520019	0.774186437409	0.00165330247169	0.0853517401009
bit-	0.0	1.0	0.0	0.0
na‑-	0.318791946309	0.318791946309	0.0	0.362416107383
cot-	0.375745526839	0.624254473161	0.0	0.0
sil-	0.0534032141191	0.897461858392	0.0110677664949	0.0380671609938
ija-	0.136142967095	0.0347214723772	0.00586021012208	0.823275350406
maq-	0.100059845007	0.816556950821	0.0	0.0833832041722
jas-	0.0353200883002	0.94701986755	0.0176600441501	0.0
xaa-	0.364894076956	0.560743623001	0.0285343709468	0.0458279290964
lad-	0.149706121428	0.472316013256	0.0565872569249	0.321390608391
x‑u-	0.0499276410998	0.578871201158	0.334298118669	0.0369030390738
lun-	0.228813559322	0.423728813559	0.296610169492	0.0508474576271
xyɨ-	0.220575087489	0.595097196087	0.0924448455847	0.0918828708395
egi-	0.00738750839489	0.959256771883	0.0333557197224	0.0
sau-	0.0473844710298	0.890218156228	0.00703729767769	0.0553600750645
sín-	0.0727272727273	0.927272727273	0.0	0.0
esm-	0.192178470636	0.68552613896	0.122295390404	0.0
pri-	0.0208116545265	0.979188345473	0.0	0.0
tro-	0.0395033860045	0.92776523702	0.0327313769752	0.0
kit-	0.111970992532	0.596439008551	0.251055309016	0.0405346899015
nɨk-	0.0859739008711	0.402470948422	0.176297171527	0.33525797918
ela-	0.0444444444444	0.955555555556	0.0	0.0
yud-	0.0925110132159	0.76872246696	0.0396475770925	0.0991189427313
o'o-	0.0194265288678	0.0259538425674	0.0925479835262	0.862071645039
nag-	0.0	1.0	0.0	0.0
xnu-	0.356200527704	0.485488126649	0.142480211082	0.0158311345647
mud-	0.464743841977	0.372117730385	0.0934917761864	0.0696466514519
arp-	0.0757894736842	0.924210526316	0.0	0.0
itu-	0.318137730359	0.487875848691	0.143549951503	0.0504364694471
kad-	0.405914934397	0.192965289554	0.0591861694634	0.341933606586
fen-	0.0894361633182	0.828904731043	0.0583279325988	0.0233311730395
yek-	0.355434782608	0.644565217392	0.0	0.0
tam-	0.0	1.0	0.0	0.0
que-	0.263736263736	0.659340659341	0.0659340659341	0.010989010989
dic-	0.141811614866	0.439501948484	0.1499857428	0.26870069385
tir-	0.02634467618	0.967069154775	0.0	0.00658616904502
niu-	0.0299048482102	0.861350249207	0.0951517897599	0.0135931128229
men-	0.170794339192	0.190253366811	0.179068705775	0.459883588222
rob-	0.0	1.0	0.0	0.0
tud-	0.747609822174	0.101655404873	0.127344894391	0.0233898785616
fue-	0.477611940298	0.0522388059701	0.335820895522	0.134328358209
ceb-	0.0544236029328	0.934691676481	0.00725648039103	0.00362824019552
xyo-	0.39948195679	0.495879201743	0.0232530758815	0.0813857655855
ɨin-	0.163424124514	0.0428015564202	0.420233463035	0.373540856031
nse-	0.294286740927	0.637800934244	0.0679123248293	0.0
yic-	0.143670118481	0.451285878658	0.349379606306	0.0556643965545
kuñ-	0.168268807837	0.662550010883	0.0819748687615	0.0872063125183
yum-	0.427763108261	0.471897397209	0.0686533383629	0.0316861561675
cin-	0.205841893805	0.722132397497	0.00758165354715	0.0644440551508
nch-	0.0965034965035	0.839160839161	0.0531468531469	0.0111888111888
ku'-	0.105115154877	0.564189159229	0.195656064748	0.135039621146
com-	0.0316437152066	0.852329329036	0.106358042778	0.00966891297979
mag-	0.0762599469496	0.812665782493	0.0603448275862	0.0507294429708
na'-	0.428768898898	0.203905158694	0.0961834338428	0.271142508565
job-	0.030612244898	0.877551020408	0.0918367346939	0.0
ñañ-	0.214062647866	0.749029999054	0.0369073530803	0.0
esp-	0.0224917279663	0.939856697345	0.0246451912822	0.0130063834062
aqu-	0.0	1.0	0.0	0.0
ket-	0.481917836287	0.208277840385	0.189324864256	0.120479459072
dru-	0.0	1.0	0.0	0.0
lag-	0.236002834869	0.649184975195	0.106307583274	0.00850460666194
dɨ'-	0.0482779911183	0.779322960883	0.0517197143996	0.120679333599
ñud-	0.0357142857143	0.75	0.0357142857143	0.178571428571
nɨñ-	0.109397199107	0.865587578648	0.00994519991882	0.015070022326
xio-	0.299676975725	0.47510154476	0.0869926759843	0.138228803531
gri-	0.00819672131147	0.440281030445	0.526932084309	0.0245901639344
xju-	0.235150030618	0.735456215554	0.0293937538273	0.0
ram-	0.282149712092	0.717850287908	0.0	0.0
vee-	0.154384520379	0.424042815974	0.315356113627	0.106216550021
man-	0.108818968506	0.515891552946	0.184600439694	0.190689038855
tma-	0.0	0.898359049718	0.0	0.101640950282
eti-	0.211660329531	0.73257287706	0.0291508238276	0.0266159695818
vin-	0.0307647231175	0.924553179021	0.043217111046	0.00146498681512
elí-	0.00647109577222	0.98835202761	0.00129421915444	0.00388265746333
nud-	0.370799465092	0.318867819882	0.0705671376894	0.239765577337
tíq-	0.00477326968974	0.99522673031	0.0	0.0
xet-	0.497790029654	0.26130222098	0.129569702464	0.111338046902
arf-	0.0	1.0	0.0	0.0
cle-	0.0536912751677	0.906040268456	0.0402684563758	0.0
reb-	0.195979899497	0.653266331658	0.120603015075	0.0301507537689
yax-	0.0867469879518	0.785542168675	0.0289156626506	0.098795180723
bar-	0.15066202622	0.812900660665	0.00773407841921	0.0287032346966
zeb-	0.0	0.990104772992	0.00989522700815	0.0
ntd-	0.0653459600589	0.219475759074	0.0440337150778	0.671144565789
amó-	0.0	1.0	0.0	0.0
ten-	0.255894787714	0.474520579962	0.00789798727512	0.261686645049
xka-	0.436613475177	0.412677304965	0.126329787234	0.0243794326241
his-	0.0	0.911439114391	0.0885608856089	0.0
anf-	0.0	1.0	0.0	0.0
apo-	0.0517909002904	0.914811229429	0.0275895450145	0.00580832526622
fan-	0.0	1.0	0.0	0.0
xav-	0.0930060413638	0.349496789103	0.427524983483	0.129972186051
tra-	0.074263502455	0.897913256956	0.018821603928	0.00900163666121
dax-	0.468655757316	0.304872516145	0.0995112601706	0.126960466369
lot-	0.0	1.0	0.0	0.0
ñdo-	0.878378378378	0.121621621622	0.0	0.0
nín-	0.0439977186368	0.956002281363	0.0	0.0
yuj-	0.318069646285	0.542089388539	0.0904853304085	0.0493556347683
rab-	0.230547550432	0.472622478386	0.0	0.296829971182
tu'-	0.24549273462	0.362701679918	0.273629191327	0.118176394135
u'u-	0.315379242632	0.258794174111	0.20459276749	0.221233815767
tnd-	0.0784088255092	0.596297043824	0.319528775849	0.00576535481685
fir-	0.466666666667	0.266666666667	0.24	0.0266666666667
nay-	0.415512352336	0.37575425524	0.171208288168	0.0375251042561
sod-	0.0045413705178	0.995458629482	0.0	0.0
kuy-	0.339312991899	0.242708382827	0.0576029337045	0.360375691569
rub-	0.0	1.0	0.0	0.0
bau-	0.0498107192667	0.921099820681	0.014743972903	0.0143454871488
yuk-	0.0840564762063	0.72571600281	0.0608292760179	0.129398244966
fes-	0.0470383275261	0.916724738676	0.0184668989547	0.0177700348432
xek-	0.735532671102	0.140162216349	0.0661623986148	0.0581427139342
yux-	0.00665188470067	0.90354767184	0.089800443459	0.0
kot-	0.573856972289	0.288159743367	0.054354653867	0.0836286304766
bul-	0.486656200942	0.442700156986	0.0282574568289	0.0423861852433
dav-	0.111698374318	0.321758377951	0.0785849456576	0.487958302073
sev-	0.0906344410876	0.465256797583	0.407854984894	0.036253776435
van-	0.651785714286	0.214285714286	0.133928571429	0.0
jop-	0.0823899371069	0.889937106918	0.0	0.0276729559748
tan-	0.100580270793	0.777562862669	0.00580270793038	0.116054158607
tka-	0.0691254796657	0.871318323828	0.0130948085341	0.046461387972
ley-	0.0649659604213	0.837173921982	0.0335451873694	0.0643149302272
cas-	0.32	0.38	0.3	0.0
sob-	0.0365853658537	0.457317073171	0.341463414634	0.164634146341
kav-	0.205299422734	0.516426948598	0.0656532777719	0.212620350895
abo-	0.0655391120507	0.858350951374	0.0507399577167	0.0253699788583
yɨd-	0.336898395722	0.486631016043	0.0641711229947	0.112299465241
epa-	0.0	1.0	0.0	0.0
ama-	0.303797468354	0.307414104882	0.184448462929	0.204339963834
caí-	0.0	0.996784565916	0.0032154340836	0.0
pac-	0.203448275862	0.296551724138	0.327586206897	0.172413793103
bue-	0.105691056911	0.845528455285	0.0	0.0487804878049
n‑c-	0.333455651236	0.4821009877	0.0721344494216	0.112308911642
kuj-	0.270938900608	0.306445308397	0.384964428791	0.0376513622044
jay-	0.18	0.715	0.075	0.03
bel-	0.0380693405847	0.925220938137	0.0	0.036709721278
pis-	0.0685079064156	0.641949243828	0.222327545349	0.0672153044077
jef-	0.109615384615	0.609615384615	0.00961538461539	0.271153846154
ord-	0.179487179487	0.820512820513	0.0	0.0
ant-	0.172665666891	0.440038942584	0.0370868782357	0.350208512289
lid-	0.0	1.0	0.0	0.0
xad-	0.26969685312	0.479174040163	0.190107332461	0.0610217742556
ntn-	0.323932783241	0.244150559512	0.0866583776045	0.345258279643
nak-	0.259931656306	0.218070060867	0.0745776631214	0.447420619706
ven-	0.042345276873	0.596091205212	0.342019543974	0.0195439739414
pol-	0.0918367346938	0.898979591837	0.00765306122449	0.0015306122449
poe-	0.0	1.0	0.0	0.0
ñay-	0.0322148987548	0.250465590003	0.00796412782399	0.709355383418
sar-	0.0481476528019	0.73869867594	0.199612143908	0.0135415273506
lao-	0.0	1.0	0.0	0.0
xeñ-	0.536231884058	0.304347826087	0.0434782608696	0.115942028986
bee-	0.0413144165186	0.903919961585	0.0	0.0547656218967
teu-	0.306666666667	0.666666666667	0.0	0.0266666666667
mon-	0.0502419054707	0.730182359509	0.027912169706	0.191663565314
dam-	0.279576196191	0.635799895104	0.0361854128967	0.0484384958086
put-	0.0	1.0	0.0	0.0
tin-	0.0641025641026	0.903846153846	0.0	0.0320512820513
gaz-	0.0	0.931034482759	0.0344827586207	0.0344827586207
art-	0.0114613180516	0.988538681948	0.0	0.0
yoo-	0.181082326561	0.557095697703	0.0411922207578	0.220629754978
yɨj-	0.346830199407	0.461722779515	0.137838606181	0.0536084148967
bal-	0.0736001811697	0.851327634037	0.0750721847931	0.0
jɨ'-	0.575063738274	0.111323782192	0.01657413274	0.297038346795
efa-	0.0364963503649	0.941605839416	0.0	0.021897810219
iñi-	0.246935201401	0.637478108581	0.0210157618214	0.0945709281962
net-	0.18566681704	0.546972966423	0.11342554641	0.153934670128
sós-	0.021897810219	0.978102189781	0.0	0.0
ñua-	0.385964912281	0.614035087719	0.0	0.0
tɨt-	0.200846198403	0.208275618908	0.209912609867	0.380965572821
top-	0.0	0.865671641791	0.134328358209	0.0
dai-	0.214576788865	0.642852056117	0.112328788802	0.0302423662159
yɨv-	0.552099428955	0.121531743366	0.289687604971	0.0366812227074
uxa-	0.0147607883998	0.00703308153165	0.098376313276	0.879829816793
key-	0.149253731343	0.850746268657	0.0	0.0
yua-	0.212842712843	0.325396825397	0.461760461761	0.0
tax-	0.189253424053	0.566229249211	0.109286495646	0.135230831091
ñuñ-	0.0506384507138	0.877568578053	0.0293948669249	0.0423981043082
asó-	0.0	0.957894736842	0.0	0.0421052631579
mux-	0.401185770751	0.432806324111	0.0889328063241	0.0770750988142
amp-	0.0	1.0	0.0	0.0
nda-	0.310466142735	0.410967513562	0.137239477712	0.141326865991
set-	0.0954626740068	0.788824993864	0.059013289386	0.0566990427434
kaa-	0.341747843319	0.227713759114	0.0641624003201	0.366375997247
nku-	0.623598407722	0.235599723089	0.0372272862132	0.103574582975
así-	0.0	1.0	0.0	0.0
ele-	0.0	1.0	0.0	0.0
cés-	0.0743801652892	0.909960852545	0.0156589821662	0.0
nuv-	0.23920552677	0.496545768567	0.215889464594	0.0483592400691
nce-	0.287686463448	0.634485314556	0.0778282219957	0.0
ñat-	0.183718142045	0.102257690484	0.0414864009383	0.672537766532
clo-	0.148148148148	0.814814814815	0.0	0.037037037037
rom-	0.112542605415	0.664837402731	0.189500310832	0.0331196810221
joo-	0.167621941837	0.105881674104	0.0234651484844	0.703031235575
tuu-	0.336444415065	0.151172208523	0.0362594996016	0.47612387681
dut-	0.0148071759349	0.93763863486	0.0258785072188	0.0216756819862
heb-	0.0421188630491	0.933074935401	0.0248062015504	0.0
n‑ñ-	0.353653264159	0.434684622531	0.0690822455869	0.142579867723
tay-	0.122425440209	0.81079704695	0.0	0.0667775128412
can-	0.0690588077615	0.894380646953	0.0234064866643	0.0131540586212
sus-	0.0	0.946902654867	0.0530973451327	0.0
pér-	0.0985551996682	0.888863285481	0.0	0.0125815148512
xia-	0.396435786587	0.154714115682	0.0173717931806	0.43147830455
bro-	0.0233009708738	0.883495145631	0.0932038834952	0.0
to'-	0.325773195876	0.425979381443	0.131134020619	0.117113402062
