-vo̱	0.370060437006	0.58809855881	0.0278940027894	0.0139470013947
-sa̱	0.100990536279	0.201558653366	0.038067840345	0.659382970011
-ída	0.0167597765363	0.983240223464	0.0	0.0
-ivu	0.0364421416235	0.961485319516	0.0	0.00207253886011
-iva	0.231172417596	0.0947177989764	0.0120345644445	0.662075218983
-to̱	0.397912147505	0.320119305857	0.076464208243	0.205504338395
-cay	0.268662328272	0.250672451193	0.103456254519	0.377208966016
-ro̱	0.123741282125	0.459615935798	0.0290436610299	0.387599121047
-há̱	0.030534351145	0.969465648855	0.0	0.0
-mú̱	0.0391914191419	0.960808580858	0.0	0.0
-ndo	0.299619530755	0.673747622067	0.0266328471782	0.0
-nsa	0.424528301887	0.504716981132	0.0707547169811	0.0
-puu	0.664764621969	0.102710413695	0.215406562054	0.0171184022824
-utá	0.268235294118	0.428235294118	0.275294117647	0.0282352941177
-nta	0.34050474726	0.0930440876979	0.0242992474003	0.542151917642
-no̱	0.0810122664866	0.777121314427	0.0428342336259	0.0990321854602
-nte	0.03007518797	0.96992481203	0.0	0.0
-siy	0.216167416583	0.361519231494	0.0631548009998	0.359158550924
-̱i̱	0.871331828442	0.128668171558	0.0	0.0
-óte	0.0472661726417	0.871419987983	0.0656919687563	0.0156218706189
-sva	0.341772151899	0.53164556962	0.0506329113924	0.0759493670886
-ntu	0.0592594993172	0.72810771789	0.0749211618052	0.137711620988
-ára	0.362940225395	0.508626504386	0.0946117237948	0.0338215464242
-smu	0.26919752676	0.496110630942	0.0151585665847	0.219533275713
-ará	0.28094131319	0.472109238815	0.174898314933	0.0720511330621
-eñi	0.0926397802558	0.0623817709098	0.0113154416909	0.833663007143
-̱de	0.263068895982	0.342834148679	0.113684248601	0.280412706738
-eñu	0.0962155184884	0.746492038234	0.0192885041228	0.138003939154
-̱da	0.483897125013	0.240376102165	0.0409101500849	0.234816622736
-ósu	0.0595829195631	0.940417080437	0.0	0.0
-̱di	0.154598219696	0.514712417685	0.281293346082	0.0493960165372
-̱su	0.0714285714286	0.785714285714	0.142857142857	0.0
-imu	0.152737202482	0.249480122139	0.0248829811316	0.572899694248
-ivá	0.771043771044	0.228956228956	0.0	0.0
-̱se	0.345073874379	0.635319655486	0.0196064701351	0.0
-des	0.0884279475982	0.89192139738	0.0131004366812	0.00655021834059
-̱sa	0.40219641688	0.439265066985	0.0340112936403	0.124527222494
-ñí̱	0.0	1.0	0.0	0.0
-ido	0.123059866962	0.710088691796	0.0426829268293	0.124168514412
-mo̱	0.256550916063	0.612164465275	0.05112910098	0.0801555176821
-pay	0.303133008184	0.466644622634	0.131024220881	0.0991981483013
-ide	0.127884056768	0.250596522533	0.117826168147	0.503693252552
-llu	0.0153374233129	0.984662576687	0.0	0.0
-rpu	0.0221635883905	0.889182058048	0.0886543535618	0.0
-cu̱	0.4180362189	0.401936693194	0.0533015476415	0.126725540265
-uta	0.260370177786	0.529844438347	0.0695468655837	0.140238518282
-eje	0.350826296431	0.569980486626	0.0597143794574	0.0194788374864
-ute	0.296259269502	0.279843259972	0.0963353411897	0.327562129336
-uti	0.432815964523	0.448780487805	0.0558758314856	0.0625277161863
-ejo	0.0	1.0	0.0	0.0
-hú̱	0.746031746032	0.206349206349	0.0	0.047619047619
-utu	0.0348762972064	0.914932346279	0.0147421218373	0.0354492346769
-riy	0.0834538919634	0.0452674905385	0.0083452809696	0.862933336528
-are	0.568789981438	0.333844511539	0.0420188485345	0.0553466584879
-ara	0.423056787294	0.251125882185	0.0705681834882	0.255249147033
-jii	0.276516151095	0.509887931179	0.0359066959613	0.177689221765
-aru	0.0233236151604	0.923032069971	0.0326530612245	0.0209912536443
-jiy	0.0954808277542	0.136868533171	0.0	0.767650639075
-éya	0.00480342552861	0.962908405537	0.00535238844616	0.026935780488
-tye	0.360369838584	0.277626453627	0.0882029688177	0.273800738971
-aya	0.797782013516	0.0816149714088	0.00415872465777	0.116444290418
-tya	0.325799777763	0.234656834865	0.0697459668458	0.369797420527
-tyo	0.391438488238	0.457385268029	0.134978789048	0.0161974546857
-ayi	0.31914893617	0.63829787234	0.0	0.0425531914894
-tyi	0.17556276303	0.172247678778	0.0398947704078	0.612294787785
-ayu	0.34940140025	0.406018722878	0.0999028907483	0.144676986123
-tyu	0.0769572764026	0.0601310495654	0.0187408276117	0.84417084642
-dyá	0.298695246971	0.216682199441	0.0698974836906	0.414725069898
-dyé	0.480769230769	0.230769230769	0.0288461538462	0.259615384615
-éta	0.0232134729176	0.960400546199	0.0	0.016385980883
-dáy	0.310344827586	0.498673740053	0.0636604774536	0.127320954907
-énu	0.0153968675339	0.953543934165	0.00398194850013	0.0270772498009
-ubi	0.417814508724	0.51331496786	0.0688705234159	0.0
-̱tu	0.280443940202	0.59679607168	0.0345732211434	0.0881867669744
-só̱	0.0732825373226	0.919283900143	0.0	0.00743356253483
-nu̱	0.0714102868537	0.596058856122	0.0360145978272	0.296516259197
-ña̱	0.196263396483	0.135768501777	0.0247622042292	0.64320589751
-ube	0.207046150605	0.668531875036	0.0872545312878	0.0371674430718
-umu	0.117654190177	0.600215332923	0.050395408995	0.231735067904
-ota	0.350061630569	0.466420144392	0.126325057228	0.0571931678112
-nú̱	0.150367977728	0.713730675619	0.0498760327592	0.0860253138938
-ráy	0.876067199119	0.0247865601762	0.0165243734508	0.0826218672542
-oti	0.65	0.1625	0.1875	0.0
-ijo	0.114754098361	0.734426229508	0.0573770491803	0.0934426229508
-iji	0.160693465808	0.276119024687	0.159172707457	0.404014802048
-átu	0.0921501706484	0.894197952218	0.0	0.0136518771331
-uma	0.262032318861	0.201991200757	0.0662907506692	0.469685729713
-ába	0.00611620795106	0.975535168196	0.00611620795106	0.0122324159021
ALL	0.229902745509	0.273338699379	0.0518131470097	0.444945408103
-yí̱	0.0533333333334	0.946666666667	0.0	0.0
-avú	0.276332316526	0.693522339853	0.030145343621	0.0
-dyu	0.0	0.984154929577	0.0158450704225	0.0
-tyá	0.228226005428	0.60029607698	0.00370096225018	0.167776955342
-uve	0.444002711185	0.303712060709	0.0721605882876	0.180124639818
-ayí	0.0637154554759	0.936284544524	0.0	0.0
-tyí	0.509815826756	0.177292046144	0.151791135398	0.161100991702
-écu	0.0236350744505	0.676199480028	0.290238714252	0.0099267312692
-óbu	0.0956383132879	0.866106361397	0.020866541081	0.0173887842342
-tyé	0.189798339264	0.448398576512	0.111506524318	0.250296559905
-ra̱	0.35040152149	0.279064712247	0.207018807444	0.16351495882
-dye	0.173452788828	0.131203046779	0.0349284958471	0.660415668546
-dya	0.0750973928678	0.850584357207	0.00659274797723	0.0677255019478
-dyo	0.464285714286	0.419642857143	0.102678571429	0.0133928571428
-dyi	0.480075452427	0.172780457247	0.039454643136	0.30768944719
-éca	0.235294117647	0.623529411765	0.0705882352941	0.0705882352941
-bey	0.747107781399	0.20381214537	0.0	0.0490800732306
-yó̱	0.00940529562413	0.988303571255	0.000951402736546	0.00133973038411
-ótu	0.172413793103	0.51724137931	0.241379310345	0.0689655172414
-upu	0.105401844532	0.69696969697	0.0	0.197628458498
-ise	0.329113924051	0.670886075949	0.0	0.0
-jo̱	0.171723862585	0.605965192458	0.158793532113	0.0635174128451
-umú	0.101449275362	0.869565217391	0.0289855072464	0.0
-ho̱	0.392188372332	0.174026949296	0.0499485447989	0.383836133573
-eva	0.0964066608238	0.79754601227	0.0306748466257	0.0753724802804
-upa	0.0243309002433	0.939172749392	0.036496350365	0.0
-upi	0.548177241369	0.302992052588	0.028818471786	0.120012234257
-avi	0.0	0.973799126638	0.0262008733624	0.0
-úni	0.335820895522	0.440298507463	0.0	0.223880597015
-juu	0.105955113952	0.288837734041	0.344435703808	0.260771448199
-ye̱	0.0692607807902	0.704569032829	0.0140196466113	0.21215053977
-ava	0.426324736094	0.320852151836	0.0469393364839	0.205883775586
-até	0.138528138528	0.0865800865801	0.748917748918	0.025974025974
-ptu	0.00886001181335	0.843177790904	0.147962197283	0.0
-yé̱	0.456310679612	0.223300970874	0.320388349515	0.0
-cyu	0.112000574362	0.719639587895	0.0244103815917	0.143949456151
-rá̱	0.063980896309	0.842209275995	0.0276674146201	0.0661424130761
-vyi	0.370732124684	0.444484972936	0.0611529905524	0.123629911828
-unu	0.242136791847	0.408461555579	0.041749041905	0.307652610669
-cya	0.0528038863661	0.83842010772	0.0955750343225	0.0132009715915
-vya	0.258632628823	0.570211888764	0.0306708890441	0.140484593369
-vye	0.218428142719	0.358426120276	0.145148708508	0.277997028497
-ade	0.398921107263	0.263148358105	0.1195893581	0.218341176531
-ada	0.447778696485	0.278515429078	0.0463671150043	0.227338759433
-si̱	0.264368055432	0.471290320594	0.1172165938	0.147125030174
-adi	0.107218851803	0.571316885784	0.16698165352	0.154482608893
-tru	0.040526799649	0.931182555714	0.0155666226472	0.0127240219899
-adu	0.130381503453	0.757480340521	0.00613521826283	0.106002937763
-yíy	0.0275157232704	0.941037735849	0.0157232704403	0.0157232704403
-na̱	0.243060952592	0.185175419118	0.0522093926946	0.519554235595
-yo̱	0.220157389708	0.453765765184	0.215615475131	0.110461369977
-uiy	0.115934532921	0.729108121769	0.0385527444891	0.116404600822
-vu̱	0.11222948535	0.536107442679	0.158526064306	0.193137007665
-ina	0.0	1.0	0.0	0.0
-uii	0.210533623486	0.647976716553	0.0870993151142	0.054390344846
-inu	0.064816019951	0.0638700924245	0.0416597550954	0.829654132529
-eda	0.443041617001	0.327739317013	0.0461272020683	0.183091863917
-ede	0.377899045021	0.144611186903	0.215552523874	0.261937244202
-ívu	0.0	1.0	0.0	0.0
-nes	0.165745856354	0.792817679558	0.00828729281768	0.0331491712707
-ooo	0.529564652372	0.324886289799	0.0350877192983	0.110461338531
-ósa	0.0	0.966292134831	0.0337078651686	0.0
-rsu	0.0	1.0	0.0	0.0
-edu	0.0	1.0	0.0	0.0
-ooy	0.367704280155	0.566147859922	0.011673151751	0.0544747081712
-̱a̱	0.0433381705487	0.79186855892	0.0922350394766	0.072558231055
-sá̱	0.268273137277	0.464814193596	0.0234820530023	0.243430616124
-vyé	0.183598531212	0.516523867809	0.226438188494	0.0734394124847
-uuy	0.119106699752	0.637717121588	0.213399503722	0.0297766749379
-bay	0.104189854257	0.767207786387	0.0288137742414	0.0997885851139
-tú̱	0.0	1.0	0.0	0.0
-ase	0.0917702064136	0.304656826248	0.295272313774	0.308300653564
-ju̱	0.181612886916	0.243399250493	0.0693005201682	0.505687342423
-que	0.544194576094	0.159291558927	0.0360156791199	0.260498185859
-asa	0.333146067416	0.175280898876	0.46797752809	0.023595505618
-adá	0.189687541907	0.634638594609	0.108287515086	0.0673863483975
-ma̱	0.350644008764	0.146538693623	0.0329591374585	0.469858160155
-adí	0.0	1.0	0.0	0.0
-asi	0.0664703407657	0.830542700883	0.0525031552377	0.0504838031132
-ha̱	0.346780032066	0.377802001154	0.159932416781	0.115485549999
-nmu	0.524590163934	0.356557377049	0.0368852459016	0.0819672131148
-̱ni	0.412634290049	0.418614497151	0.0780602254485	0.0906909873516
-yee	0.308449074074	0.467592592593	0.223958333333	0.0
-seé	0.312066574203	0.604715672677	0.0	0.0832177531206
-ray	0.0750531365458	0.0252827702275	0.00441314918558	0.895250944041
-eru	0.140056022409	0.817927170868	0.0420168067227	0.0
-era	0.22461267272	0.492307689365	0.0870290463708	0.196050591543
-uán	0.021897810219	0.908701193373	0.0132082029892	0.0561927934191
-̱be	0.0681802967872	0.774395236246	0.0772956511798	0.0801288157867
-poy	0.519163763066	0.414634146341	0.0452961672474	0.020905923345
-ya̱	0.391916526077	0.323029275965	0.0712892424802	0.213764955478
-̱ú̱	0.372631433887	0.248627667149	0.0803876983853	0.298353200579
-nro	0.0	0.97957794418	0.0	0.0204220558203
-áta	0.206315058557	0.490703484876	0.226166636701	0.0768148198665
-co̱	0.0	0.977194982896	0.0	0.0228050171037
-nra	0.137532971296	0.277455391777	0.365461598138	0.21955003879
-ácu	0.00267439269	0.99465121462	0.00267439268999	0.0
-aay	0.485219844539	0.220385158408	0.072077359178	0.222317637875
-ñó̱	0.030534351145	0.969465648855	0.0	0.0
-uje	0.39705882353	0.463235294118	0.0	0.139705882353
-ujo	0.10262152397	0.831072735458	0.0340994355239	0.0322063050479
-myu	0.166714373515	0.595750615958	0.0553017791234	0.182233231403
-pyu	0.422204847537	0.448788115715	0.027365129007	0.10164190774
-má̱	0.213857428381	0.74616922052	0.0	0.0399733510993
-áje	0.0	1.0	0.0	0.0
-ásu	0.0	0.989130434783	0.0	0.0108695652174
-doy	0.173310225303	0.664644714038	0.162045060659	0.0
-pya	0.0373589791012	0.115405955243	0.00665803587942	0.840577029776
-e̱y	0.398342376212	0.35643183663	0.148331695647	0.096894091511
-ñú̱	0.23778998779	0.343406593407	0.348595848596	0.0702075702076
-pyo	0.0666261194399	0.886524057245	0.011119166945	0.0357306563699
-íra	0.0142721217888	0.728829686013	0.256898192198	0.0
-say	0.408797876375	0.262798634812	0.106939704209	0.221463784604
-he̱	0.299818198626	0.320494253228	0.157520105999	0.222167442147
-mpa	0.0	1.0	0.0	0.0
-myi	0.285256564296	0.467628617141	0.199382898572	0.0477319199912
-ca̱	0.12743949556	0.663060186827	0.107025692216	0.102474625396
-íru	0.0	0.991847826087	0.0	0.00815217391304
-ibe	0.069250396611	0.857933212678	0.0192418624015	0.0535745283096
-̱po	0.0574591132392	0.89329021827	0.0492506684908	0.0
-ocu	0.0745473908413	0.898344467035	0.00193629586601	0.0251718462581
-váy	0.0692640692641	0.774891774892	0.0519480519481	0.103896103896
-ámu	0.277227722772	0.287128712871	0.346534653465	0.0891089108911
-a̱y	0.317879624721	0.241616184177	0.119727123316	0.320777067785
-áma	0.0	1.0	0.0	0.0
-lóy	0.0	0.978494623656	0.0	0.0215053763441
-sar	0.129269188395	0.861917003305	0.00881380829968	0.0
-̱ñu	0.290487027714	0.445458709684	0.175210802083	0.0888434605186
-éra	0.52644836272	0.196473551637	0.166246851385	0.110831234257
-tiy	0.172852613155	0.115733268325	0.0240800730493	0.68733404547
-̱so	0.0967741935484	0.430107526882	0.0	0.47311827957
-údi	0.0	1.0	0.0	0.0
-ri̱	0.347053942128	0.209433485195	0.10807174503	0.335440827646
-rú̱	0.0	1.0	0.0	0.0
-ipu	0.235042735043	0.652184235518	0.0795346628679	0.0332383665717
-me̱	0.465793304221	0.299854439592	0.0721563734665	0.16219588272
-ópe	0.121212121212	0.606060606061	0.0	0.272727272727
-jtu	0.263763997847	0.695466859629	0.00370628568403	0.0370628568403
-ró̱	0.0689187968567	0.901273597688	0.0298076054557	0.0
-ese	0.0639774452397	0.896985469529	0.0	0.039037085231
-ita	0.141136553142	0.139552803111	0.0704877076251	0.648822936122
-jta	0.608294930876	0.207373271889	0.0	0.184331797235
-jú̱	0.167046317388	0.53682611997	0.0	0.296127562642
-stu	0.0227521171511	0.895456497233	0.00219832837869	0.079593057237
-ste	0.673783091375	0.283518360376	0.0	0.0426985482494
-sta	0.280367903584	0.685696162385	0.00602600697748	0.0279099270536
-dá̱	0.0	1.0	0.0	0.0
-eyu	0.287167517875	0.326740679746	0.172058653299	0.21403314908
-ucu	0.0100502512563	0.989949748744	0.0	0.0
-uco	0.0890102065037	0.725452963051	0.108394651476	0.0771421789699
-eya	0.372950819672	0.41393442623	0.0737704918032	0.139344262295
-cuu	0.03775045199	0.627064913193	0.226397453996	0.108787180821
-ryu	0.0443099061157	0.916469246293	0.0210581732035	0.018162674388
-pi̱	0.101615271659	0.745961820852	0.0223201174743	0.130102790015
-rye	0.0699189413304	0.0474437392538	0.0122910330547	0.870346286361
-rya	0.253392795814	0.222893975599	0.101639017643	0.422074210944
-̱mu	0.100809062363	0.513205592358	0.114485799359	0.27149954592
-ryi	0.207852116521	0.174877666724	0.108941254182	0.508328962574
-rra	0.160040045767	0.377717391304	0.264302059497	0.197940503433
-̱te	0.301766986773	0.386330685735	0.164178801461	0.14772352603
-ánu	0.270285602851	0.464392717216	0.24360451717	0.0217171627635
-̱ta	0.0724993800956	0.0390546867275	0.00442613798237	0.884019795194
-̱to	0.424260608658	0.47441063009	0.0816116588084	0.0197171024432
-úra	0.69798297349	0.219240129214	0.0290992231547	0.0536776741407
-ue̱	0.395547945205	0.308789954338	0.227739726027	0.0679223744292
-̱ti	0.289746543779	0.359831029186	0.0912058371736	0.259216589862
-ána	0.00698324022346	0.993016759777	0.0	0.0
-udá	0.217792827459	0.671386793905	0.00923503155301	0.101585347083
-rru	0.0266802185237	0.973319781476	0.0	0.0
-nda	0.129863031109	0.614065835693	0.0589729727738	0.197098160425
-áni	0.0520231213872	0.789017341041	0.131502890173	0.0274566473988
-nde	0.70945945946	0.22652916074	0.0	0.0640113798009
-úru	0.314588979223	0.637985546522	0.0474254742547	0.0
-ínu	0.0784894151417	0.877556512379	0.0251166128453	0.018837459634
-uva	0.157589110206	0.0527183313367	0.0029393705349	0.786753187922
-ócu	0.101545104919	0.881924296606	0.0	0.0165305984751
-mó̱	0.0	0.921052631579	0.0	0.0789473684211
-hi̱	0.14447778238	0.434700264288	0.078367022009	0.342454931323
-ñiy	0.262445794482	0.196765397953	0.0210016500101	0.519787157556
-abé	0.00967741935483	0.990322580645	0.0	0.0
-chi	0.176125244618	0.565557729941	0.0978473581213	0.160469667319
-ná̱	0.112044817927	0.655462184874	0.232492997199	0.0
-cho	0.0727971060684	0.868456387594	0.0313248404506	0.0274216658866
-iyu	0.27425233652	0.22729676175	0.0488851221583	0.449565779571
-cha	0.456420733529	0.148028392841	0.0458285954766	0.349722278154
-che	0.301190349785	0.256687582212	0.0462936012922	0.395828466711
-ñu̱	0.0643063855376	0.0792460630661	0.690513774571	0.165933776826
-iye	0.14059041464	0.109726217109	0.0221346306358	0.727548737616
-orá	0.238004022603	0.607125754238	0.128723302366	0.026146920793
-iya	0.302554095633	0.435659680496	0.0405894941101	0.221196729761
-chu	0.467172772223	0.243693599114	0.0328529073105	0.256280721353
-míy	0.715789473684	0.105263157895	0.0842105263158	0.0947368421053
-évu	0.0270983130152	0.928754766443	0.00843457424977	0.0357123462916
-itu	0.0221337120288	0.905640490825	0.0209687798167	0.0512570173298
-yi̱	0.149538145976	0.534211160051	0.129465760741	0.186784933232
-ito	0.0209424083769	0.971204188482	0.00785340314135	0.0
-̱mú	0.631578947368	0.368421052632	0.0	0.0
-ryá	0.223206088945	0.164652043843	0.0298308732511	0.58231099396
-esa	0.0953597275436	0.404001702852	0.277139208174	0.22349936143
-ite	0.143884892086	0.390382430898	0.0227186671715	0.443014009845
-ta̱	0.214997861348	0.320244875677	0.0902961470492	0.374461115926
-syu	0.38228626943	0.0647668393783	0.0510038860103	0.501943005181
-ryé	0.0641365107384	0.895263312739	0.0282436010591	0.0123565754634
-udu	0.073908174692	0.912653975364	0.013437849944	0.0
-̱co	0.266666666667	0.12	0.553333333333	0.06
-pí̱	0.0	1.0	0.0	0.0
-mi̱	0.110697949865	0.42741195994	0.0943700667267	0.367520023468
-uda	0.123886223441	0.80711674663	0.0371830020562	0.031814027873
-̱tó	0.0820045558087	0.799544419134	0.00911161731206	0.109339407745
-ude	0.215717288601	0.425898561885	0.122375075444	0.23600907407
-ndá	0.657534246575	0.150684931507	0.0821917808219	0.109589041096
-oca	0.0655100056297	0.741030758995	0.0368493781668	0.156609857209
-udi	0.11174695365	0.757032228675	0.0737102835669	0.0575105341077
-uvá	0.0431344356578	0.935298346513	0.0215672178289	0.0
-jyu	0.0232558139535	0.93023255814	0.046511627907	0.0
-uvé	0.0701454234388	0.860564585116	0.0179640718563	0.0513259195893
-jyo	0.0480475453061	0.571700965253	0.0515768459966	0.328674643444
-huy	0.137503370181	0.787004583446	0.0374090051227	0.038083041251
-jyi	0.190003204101	0.436398590195	0.208907401474	0.164690804229
-abi	0.39314159292	0.499115044248	0.0494469026549	0.058296460177
-ómu	0.392156862745	0.607843137255	0.0	0.0
-abe	0.206404029502	0.606914912754	0.0334016909516	0.153279366793
-chá	0.48447204969	0.375776397515	0.0	0.139751552795
-vay	0.160865909643	0.429929364117	0.130160252776	0.279044473463
-nca	0.0157968680396	0.147267734151	0.00265565568995	0.83427974212
-oru	0.0	1.0	0.0	0.0
-soo	0.564784053156	0.435215946844	0.0	0.0
-̱jo	0.122034253391	0.823757397999	0.0123081757712	0.0419001728382
-̱ji	0.064267352185	0.700771208226	0.0190231362468	0.215938303342
-óma	0.0335455139531	0.571193455478	0.355955175836	0.0393058547329
-elí	0.0	0.957654723127	0.0228013029316	0.0195439739414
-tuy	0.30315211851	0.528898989122	0.0449104149339	0.123038477433
-ora	0.126451788194	0.740265101861	0.0715330424611	0.061750067484
-iyá	0.295774647887	0.619718309859	0.0845070422535	0.0
-ser	0.0	1.0	0.0	0.0
-hí̱	0.333065810594	0.594703049759	0.0722311396469	0.0
-ísa	0.0	1.0	0.0	0.0
-ému	0.0567970519625	0.895872071402	0.00946617532708	0.0378647013084
-icu	0.0244859125745	0.969630464094	0.00588362333138	0.0
-omu	0.146803773958	0.729854485419	0.0320485440672	0.0912931965559
-ísu	0.0	1.0	0.0	0.0
-sbe	0.0469452650197	0.848683839163	0.0491090748302	0.0552618209871
-ica	0.02	0.97	0.01	0.0
-rí̱	0.0152671755725	0.956155803484	0.00352319436289	0.0250538265805
-éde	0.0	1.0	0.0	0.0
-áña	0.245319982586	0.708968219417	0.0	0.0457117979973
-éda	0.0	0.955112219451	0.0299251870324	0.0149625935162
-oda	0.423845135876	0.308037006189	0.0611421148464	0.206975743089
-añú	0.678288431062	0.120443740095	0.0	0.201267828843
-édu	0.0	1.0	0.0	0.0
-ja̱	0.115555119771	0.749541550988	0.0889241919929	0.0459791372481
-ura	0.266494952946	0.337839791274	0.112389198557	0.283276057223
-jnu	0.146617153653	0.35059773934	0.201798104173	0.300987002834
-puy	0.396004040858	0.393534627904	0.127960489393	0.0825008418454
-uru	0.0406404835933	0.812530917367	0.00292117835552	0.143907420684
-duu	0.143238813677	0.731303742619	0.10767607373	0.0177813699737
-duy	0.0568948312622	0.720520636236	0.0169037739038	0.205680758598
-api	0.157721962715	0.0396848589869	0.00554539926299	0.797047779035
-byi	0.162959269987	0.61306599914	0.163916106749	0.0600586241244
-áru	0.0	0.953917050691	0.0460829493088	0.0
-yú̱	0.0907944514502	0.871374527112	0.015132408575	0.0226986128625
-apu	0.0696074516932	0.770291994578	0.0173210889643	0.142779464764
-rda	0.283595113438	0.205933682373	0.484293193717	0.0261780104712
-áya	0.0	0.996296296296	0.0	0.0037037037037
-suy	0.545333392564	0.382168717516	0.0257651814668	0.0467327084536
-icó	0.0	1.0	0.0	0.0
-vú̱	0.00817438692098	0.991825613079	0.0	0.0
-áyu	0.118204958332	0.848321071167	0.0156909236724	0.0177830468287
-nuy	0.24142347738	0.548268182853	0.173757425102	0.0365509146655
-yu̱	0.141136004354	0.35803446642	0.0460070011931	0.454822528033
-vi̱	0.348734127551	0.413284266482	0.0832379292931	0.154743676674
-añi	0.144478386831	0.0275169891544	0.0064881300654	0.82151649395
-sí̱	0.0	1.0	0.0	0.0
-dii	0.324913806026	0.341028331584	0.169165042722	0.164892819667
-óra	0.0	1.0	0.0	0.0
-̱u̱	0.415672082542	0.453248930764	0.0472287074436	0.0838502792499
-ní̱	0.209456767167	0.738079426219	0.0325408420773	0.0199229645371
-añu	0.219669829193	0.523360802071	0.125045177648	0.131924191088
-óru	0.0791465305006	0.796133856114	0.124719613386	0.0
-diy	0.541778554971	0.305880984367	0.0245896594943	0.127750801168
-tuu	0.0533462657614	0.803588748788	0.113967022308	0.0290979631426
-ni̱	0.283744527066	0.259260443696	0.0518850773933	0.405109951844
-sús	0.0288468228356	0.67450401126	0.00229597161344	0.294353194291
-urá	0.148064637354	0.481523236878	0.272078166103	0.0983339596643
-̱dá	0.0144230769231	0.826923076923	0.158653846154	0.0
-ova	0.237967036575	0.441657364239	0.279926456103	0.0404491430823
-nni	0.116935483871	0.193548387097	0.0241935483871	0.665322580645
-̱nu	0.249900753398	0.550733071038	0.0897722842964	0.109593891267
-̱je	0.321141727419	0.372049919684	0.188681576671	0.118126776226
-rta	0.0	1.0	0.0	0.0
-day	0.252910362509	0.127250344113	0.0514300040507	0.568409289327
-chú	0.212487300946	0.787512699054	0.0	0.0
-byí	0.0165289256198	0.909090909091	0.0743801652893	0.0
-nó̱	0.0	1.0	0.0	0.0
-̱ñi	0.0650980715408	0.039855530037	0.0912881678163	0.803758230606
-tii	0.347725099057	0.136175251628	0.0396228993032	0.476476750011
-jay	0.265470898887	0.423619241039	0.15396793996	0.156941920114
-emu	0.0967082901981	0.835955035592	0.0314237812978	0.0359128929118
-jaa	0.118755890669	0.0848256361923	0.711592836946	0.0848256361923
-íya	0.00757279656049	0.908833300762	0.00811022083252	0.0754836818449
-ttá	0.101694915254	0.322033898305	0.449152542373	0.127118644068
-ádá	0.020366598778	0.691591504219	0.0872854233343	0.200756473669
-ú̱y	0.636884463238	0.250306915837	0.0	0.112808620925
-buy	0.379610213396	0.27562600222	0.151103984211	0.193659800173
-pa̱	0.307891623408	0.606479849064	0.00950178670537	0.0761267408229
-rcu	0.0597907324365	0.802092675635	0.00358744394619	0.134529147982
-etu	0.183083926496	0.538310098401	0.051741109662	0.226864865441
-u̱y	0.282253500317	0.220428176811	0.0552053385423	0.44211298433
-ru̱	0.0763620599866	0.717759965367	0.0763358951554	0.129542079491
-eta	0.338448929778	0.48958284616	0.0674871219258	0.104481102136
-̱rá	0.392750652255	0.401789042117	0.105991427507	0.0994688781215
-ete	0.368520263902	0.513666352498	0.0546654099905	0.0631479736098
-ésu	0.0	1.0	0.0	0.0
-eti	0.426700464723	0.516265314745	0.00633713561471	0.0506970849176
-u̱n	0.30625	0.4125	0.21875	0.0625
-amú	0.456628096606	0.351207579405	0.00869767803059	0.183466645958
-áva	0.359402807989	0.21841012458	0.089974293059	0.332212774372
-ate	0.215059281988	0.206250498128	0.079303963179	0.499386256705
-ata	0.198293319216	0.329298335132	0.0559764600875	0.416431885565
-amá	0.215916101172	0.784083898828	0.0	0.0
-ato	0.276899505537	0.622919423358	0.0380249320983	0.0621561390069
-uyu	0.346678578638	0.400802796045	0.0899067872904	0.162611838027
-ávu	0.537634408602	0.462365591398	0.0	0.0
-ati	0.397164979823	0.305354517962	0.0659975469773	0.231482955237
-acu	0.0	1.0	0.0	0.0
-sú̱	0.0548628428928	0.945137157107	0.0	0.0
-niy	0.492665851813	0.265532960842	0.0686812811485	0.173119906197
-edo	0.0671486685734	0.400553058699	0.252097655718	0.28020061701
-osu	0.0	0.923076923077	0.0	0.0769230769231
-aca	0.210967150896	0.37364219343	0.155607904724	0.259782750949
-aco	0.0	0.745664739884	0.127167630058	0.127167630058
-tta	0.561580181765	0.244317404476	0.10927880387	0.0848236098896
-ajo	0.105599297666	0.739578678457	0.0338710251472	0.120950998731
-aji	0.212031159202	0.203866212568	0.129167984582	0.454934643648
-tte	0.175057046152	0.659562427836	0.0378263969072	0.127554129106
-aje	0.409164791198	0.235496374093	0.148099524881	0.207239309828
-ádu	0.030303030303	0.969696969697	0.0	0.0
-̱ru	0.020154853129	0.949513090677	0.010775862069	0.0195561941252
-vii	0.0208588957055	0.974233128834	0.00490797546012	0.0
-scu	0.332549941246	0.385428907168	0.0282021151586	0.253819036428
-éne	0.0	0.928464977645	0.0	0.0715350223547
-yuy	0.553767871048	0.242804178984	0.0503352703449	0.153092679623
-̱re	0.233063393784	0.344534592756	0.190505430694	0.231896582766
-viy	0.381967845695	0.263169694475	0.0549736873213	0.299888772509
-̱ra	0.234187478708	0.271932130411	0.069493128717	0.424387262164
-oje	0.716814159292	0.150442477876	0.0796460176991	0.0530973451328
-yuu	0.0685396962407	0.722888314109	0.0728215030672	0.135750486584
-ojo	0.0155525956883	0.43273701757	0.00837447460141	0.54333591214
-etí	0.191163976211	0.553950722175	0.0	0.254885301614
-ebi	0.0699994363975	0.756861861016	0.105506396889	0.067632305698
-atu	0.440930919837	0.366133778327	0.100199992357	0.0927353094786
-amu	0.213962925232	0.472305040902	0.0604243174695	0.253307716397
-ebe	0.0894674305167	0.879119089138	0.00348252989761	0.0279309504478
-síy	0.0661716566867	0.828311377245	0.0156487025948	0.0898682634731
-ítu	0.0078277886497	0.962818003914	0.00587084148729	0.0234833659491
-atá	0.306709265176	0.348242811502	0.191693290735	0.153354632588
-ama	0.527972027972	0.358391608392	0.0	0.113636363636
-íta	0.0	1.0	0.0	0.0
-níy	0.584398976982	0.076726342711	0.153452685422	0.185421994885
-usa	0.297583547558	0.254910025707	0.0325964010283	0.414910025707
-ira	0.3348778361	0.366508796827	0.239668644314	0.0589447227589
-use	0.113392352609	0.779499648967	0.0785116183497	0.028596380075
-jmu	0.163694111898	0.51319325678	0.0244319569997	0.298680674322
-hiy	0.229845730103	0.258668684507	0.0360355644955	0.475450020895
-ñi̱	0.225179973091	0.197928951867	0.0409337360479	0.535957338994
-iru	0.0	0.977528089888	0.0224719101124	0.0
-sra	0.151954849041	0.61408819279	0.00322227863922	0.23073467953
-áse	0.0	0.976851851852	0.0231481481481	0.0
-ása	0.0477421921623	0.952257807838	0.0	0.0
-anú	0.95145631068	0.00970873786408	0.0	0.0388349514563
-̱ve	0.176532325777	0.729009235936	0.0472292191436	0.0472292191436
-jve	0.312413982934	0.511423066336	0.121112028627	0.055050922103
-pe̱	0.413793103448	0.172413793103	0.413793103448	0.0
-jva	0.753846153846	0.153846153846	0.0923076923076	0.0
-tay	0.389244444473	0.108252637219	0.0297536507165	0.472749267592
-mu̱	0.0896717373899	0.808075031454	0.0519272560906	0.0503259750658
-dó̱	0.0108991825613	0.989100817439	0.0	0.0
-̱yá	0.245283018868	0.622641509434	0.0	0.132075471698
-éñu	0.0557275541795	0.931888544892	0.0123839009288	0.0
-iii	0.126874175394	0.478952870952	0.106979861649	0.287193092005
-ábu	0.0	1.0	0.0	0.0
-vyí	0.164305949008	0.835694050992	0.0	0.0
-sda	0.0	1.0	0.0	0.0
-iiy	0.310418952671	0.539084247259	0.0637698305381	0.0867269695319
-hu̱	0.143972590535	0.723515928107	0.0213832708305	0.111128210528
-ote	0.61127744511	0.143213572854	0.0149700598802	0.230538922156
-va̱	0.240584337993	0.395236618243	0.0366609548119	0.327518088952
-íyu	0.0497255884195	0.832774687834	0.117499723747	0.0
-anu	0.299392762503	0.48337421277	0.053964347721	0.163268677006
-ije	0.353430926217	0.337710435297	0.167377292806	0.14148134568
-das	0.0754716981132	0.77358490566	0.0	0.150943396226
-rtu	0.0	0.813741721854	0.16142384106	0.0248344370861
-tu̱	0.0634920634921	0.84126984127	0.095238095238	0.0
-onu	0.212031722863	0.327336786986	0.0241859889578	0.436445501193
-íbe	0.0316683017676	0.93293869203	0.00523786561134	0.030155140591
-útu	0.256064690027	0.326145552561	0.377358490566	0.0404312668464
-ani	0.248261081205	0.0700185615428	0.0174025608154	0.664317796436
-ank	0.119261860524	0.130798937733	0.0217122734657	0.728226928277
-iñu	0.129510912848	0.241677016566	0.0718995756755	0.55691249491
-ípo	0.0950369588173	0.841605068638	0.0	0.0633579725449
-yiy	0.234699023488	0.382337209835	0.115530968718	0.267432797958
-ípe	0.0240096038416	0.975990396158	0.0	0.0
-mí̱	0.0	1.0	0.0	0.0
-ípa	0.0	1.0	0.0	0.0
-yin	0.658227848101	0.341772151899	0.0	0.0
-ébi	0.00626959247649	0.968652037618	0.0	0.0250783699059
-sco	0.0803484995159	0.858986769926	0.027750887383	0.0329138431752
-̱va	0.19554942484	0.609008100241	0.0200348802586	0.17540759466
-ípu	0.0	1.0	0.0	0.0
-iñi	0.229790797624	0.0940683857919	0.0244280116294	0.651712804955
-éba	0.213417036589	0.753486906044	0.0165480286832	0.0165480286832
-ti̱	0.232078092492	0.408640122982	0.0528753909189	0.306406393607
-̱yu	0.283350337328	0.277733463941	0.0703447461604	0.36857145257
-enu	0.0752239601275	0.440120352	0.0217426164824	0.46291307139
-̱ye	0.197247706422	0.0665137614679	0.0963302752293	0.639908256881
-qui	0.0471059561535	0.159345845739	0.0610438034776	0.73250439463
-̱ya	0.319413905158	0.613842890779	0.0136210620537	0.0531221420093
-miy	0.170051250595	0.370099508275	0.157924821886	0.301924419244
