-ɔɲa	0.0832492431887	0.893037336024	0.0	0.0237134207871
-ɛgɛ	0.532190772089	0.202158445686	0.0555754774529	0.210075304772
-ɔdi	0.0	0.987012987013	0.012987012987	0.0
-tɔn	0.295536886594	0.403106481835	0.250419645408	0.0509369861629
-lɔn	0.120054176651	0.71565272446	0.143295639421	0.0209974594677
-nkɔ	0.677215189873	0.123417721519	0.123417721519	0.0759493670886
-ufu	0.0156693030891	0.968213699448	0.0102969706014	0.00582002686166
-oye	0.122370936902	0.742256214149	0.0848948374761	0.0504780114723
-ɔrɔ	0.515351598521	0.313780141426	0.108256959087	0.0626113009647
-nsi	0.106557679534	0.885120673112	0.00405934017271	0.00426230718134
-unɛ	0.18410041841	0.514644351464	0.133891213389	0.167364016736
-nse	0.19268993019	0.178708898469	0.0416218139602	0.586979357381
-ɔrɛ	0.273624063393	0.400679208668	0.284944207859	0.0407525200798
-nti	0.0309214594929	0.931972789116	0.0185528756957	0.0185528756957
-edɛ	0.708888888889	0.117037037037	0.0762962962963	0.0977777777778
-pun	0.102527533007	0.815450440587	0.0354186023115	0.0466034240941
-ntu	0.0	1.0	0.0	0.0
-fuɛ	0.37786259542	0.337786259542	0.0954198473282	0.18893129771
-ɔkɔ	0.0	0.941291585127	0.0587084148728	0.0
-nma	0.440443260646	0.123872994585	0.0482864460265	0.387397298743
-ɛnɛ	0.430472854641	0.30472854641	0.195446584939	0.0693520140105
-inɛ	0.332585949178	0.425261584454	0.04932735426	0.192825112108
-opi	0.142857142857	0.744360902256	0.0676691729323	0.0451127819548
-ɛfe	0.445994504333	0.127034453604	0.356372859861	0.0705981822025
-ɛfi	0.209677419355	0.725806451613	0.0322580645161	0.0322580645161
-opa	0.0333333333333	0.866666666667	0.1	0.0
-dee	0.0297761353026	0.162722369877	0.0505489844548	0.756952510366
-den	0.152428208922	0.251080917707	0.172005936312	0.42448493706
-ima	0.528424274193	0.252256414274	0.0416298643354	0.177689447197
-ɔli	0.0531756923374	0.896701547105	0.0041545603671	0.0459682001908
-ime	0.0202702702703	0.972972972973	0.00675675675675	0.0
-imi	0.228817616084	0.716610818574	0.0502632838679	0.00430828147439
-nyɛ	0.233422846519	0.469117950837	0.0433794670522	0.254079735592
-asɛ	0.332103321033	0.206642066421	0.239852398524	0.221402214022
-ɔle	0.0	1.0	0.0	0.0
-obi	0.186991869919	0.20325203252	0.528455284553	0.0813008130081
-obo	0.116279069767	0.418604651163	0.441860465116	0.0232558139535
-idi	0.403093165083	0.37090956555	0.116205106333	0.109792163034
-ide	0.0404910116935	0.929838850428	0.0122171155972	0.0174530222817
-ɛɲɛ	0.203327922078	0.620535714286	0.113636363636	0.0624999999999
-ida	0.125193199382	0.41885625966	0.0463678516229	0.409582689335
-bin	0.177426678521	0.688105102349	0.103935628139	0.0305325909914
-axi	0.512011411161	0.125603333206	0.238058315877	0.124326939756
-dɛn	0.0654925974219	0.764008780761	0.127200004401	0.0432986174152
-uta	0.0	1.0	0.0	0.0
-rin	0.0331179672004	0.14845680558	0.0501849819707	0.768240245249
-uti	0.182294394971	0.726558407543	0.0440020953379	0.0471451021477
-ugɛ	0.603567888999	0.270564915758	0.0891972249752	0.0366699702676
-xɔn	0.0785297018935	0.245974462127	0.0301340324005	0.645361803579
-utu	0.516633256363	0.399122027963	0.0418686086935	0.0423761069806
-ɛxɛ	0.0573482516024	0.735937368758	0.0364943419288	0.170220037711
-ten	0.164423076923	0.467307692308	0.281730769231	0.0865384615385
-are	0.225888509339	0.395014172542	0.318337088451	0.0607602296678
-ara	0.175678025176	0.125595724595	0.025234511973	0.673491738256
-ari	0.312328526605	0.225127863309	0.0590918697469	0.403451740339
-bɔɛ	0.90727532097	0.0713266761769	0.0213980028531	0.0
-aru	0.0392787200237	0.549902080331	0.399881757381	0.0109374422643
-lun	0.283310182178	0.168307234153	0.036375628329	0.51200695534
-nɲa	0.0606263048017	0.30363256785	0.0527766179541	0.582964509395
-aye	0.243315508021	0.636363636364	0.096256684492	0.024064171123
-kɛɛ	0.203329369798	0.747919143876	0.038049940547	0.0107015457788
-aya	0.137101267206	0.743877046173	0.073436646913	0.0455850397081
-ayo	0.0673193937954	0.0399722683234	0.00843135221887	0.884276985662
-rɔn	0.134497061688	0.700824735982	0.128848185097	0.0358300172336
-ayi	0.221553620641	0.110326113242	0.0357862505919	0.632334015525
-ayu	0.238532110092	0.747706422018	0.0045871559633	0.0091743119266
-gbɛ	0.402320359281	0.199600798403	0.149700598802	0.248378243513
-kɔn	0.775216666347	0.179770753027	0.0450125806265	0.0
-boɛ	0.32570905764	0.318389752974	0.148215919488	0.207685269899
-gin	0.066002442238	0.879017671034	0.031199812181	0.0237800745468
-ubu	0.395477254799	0.516960294504	0.0552195635025	0.0323428871943
-ubi	0.192821152148	0.708846293699	0.0646719650927	0.0336605890603
-sɔn	0.117696867062	0.762489415749	0.0448772226927	0.0749364944962
-exi	0.227409700722	0.212734778122	0.481259029928	0.0785964912281
-uba	0.318636888718	0.63130535233	0.0427416249519	0.00731613400077
-ikɛ	0.160643986133	0.671896116106	0.100240907221	0.06721899054
-ube	0.046702488839	0.886999759403	0.0502579731067	0.016039778651
-xan	0.113653527953	0.0599418997755	0.00345763468165	0.82294693759
-ufa	0.178082191781	0.630136986301	0.191780821918	0.0
-ota	0.0	0.980861244019	0.0191387559809	0.0
-mɛn	0.0725099435189	0.794174455532	0.0423247608534	0.0909908400953
-ɛba	0.770468358956	0.118877368609	0.0305684662138	0.080085806221
-ɔdɛ	0.0834567236506	0.868533225647	0.0291649840714	0.0188450666308
-oti	0.00266861517934	0.994662769641	0.0	0.00266861517934
-ɛbu	0.0445986124876	0.949454905847	0.00594648166501	0.0
-uma	0.582569842144	0.194904496735	0.0576239513249	0.164901709796
-otu	0.0357142857143	0.928571428571	0.0357142857143	0.0
-umi	0.0377358490566	0.811320754717	0.0	0.150943396226
-ako	0.246158690176	0.572355163728	0.161712846348	0.0197732997481
ALL	0.250009854459	0.355192145341	0.0663921485324	0.328405851668
-olɛ	0.57264957265	0.188034188034	0.0940170940171	0.145299145299
-nan	0.521347855356	0.121765317619	0.0109162125595	0.345970614465
-aki	0.000812121493375	0.997969696267	0.00121818224006	0.0
-ibɔ	0.837301587302	0.0833333333333	0.0238095238095	0.0555555555555
-kii	0.103892694901	0.114929209755	0.0922626156091	0.688915479735
-naa	0.331416247304	0.595255212078	0.0474478792236	0.0258806613947
-kin	0.145402423979	0.807569489803	0.012047318383	0.0349807678351
-aka	0.296455204822	0.443048319542	0.0224742057411	0.238022269895
-sii	0.35227379278	0.552086263479	0.0956399437412	0.0
-sin	0.293670372843	0.596959271674	0.0189596174976	0.0904107379846
-ɔsɛ	0.0383333333333	0.933333333333	0.00166666666666	0.0266666666667
-toɛ	0.756676489812	0.149594651928	0.0401105390499	0.0536183192102
-gon	0.0622433542252	0.748865355522	0.139615301491	0.0492759887616
-aɲi	0.173778579581	0.220950995913	0.344989138839	0.260281285667
-ɛtɛ	0.241581058697	0.108661473041	0.139731735471	0.510025732791
-ɔxɔ	0.321721783336	0.311393541629	0.0481929031035	0.318691771931
-uxɛ	0.556379635449	0.247265870522	0.102828409805	0.0935260842237
-xɛn	0.130600443824	0.346556687346	0.318910624998	0.203932243832
-mon	0.0393700787402	0.952755905512	0.00787401574803	0.0
-ɔxɛ	0.614365950757	0.296219286457	0.0596098418575	0.0298049209287
-hɛn	0.0	0.875	0.125	0.0
-ixa	0.208151958844	0.18678274634	0.576573011476	0.0284922833399
-yaa	0.0	1.0	0.0	0.0
-yan	0.0320544998207	0.896432413051	0.0513804230907	0.0201326640373
-ofa	0.0268932673452	0.867214492483	0.0941264357082	0.0117658044635
-ren	0.216882796222	0.482603928564	0.149688132839	0.150825142375
-utɔ	0.119733924612	0.123059866962	0.620842572062	0.136363636364
-isi	0.245641399017	0.72451935819	0.0146987592115	0.0151404835816
-ise	0.0570921259305	0.897835143072	0.020077852899	0.0249948780987
-isa	0.0835502178718	0.477570498273	0.207961112571	0.230918171284
-ɛdɛ	0.158578263841	0.314422419686	0.0471633629528	0.47983595352
-isu	0.0384615384615	0.923076923077	0.0384615384615	0.0
-dɔn	0.0277777777778	0.881578947368	0.0116959064328	0.0789473684211
-ɔya	0.317384835009	0.266631378621	0.395433689139	0.0205500972308
-rɛn	0.14329489812	0.245679987364	0.0418891170431	0.569135997473
-ɔyi	0.276422764228	0.471544715447	0.235772357724	0.0162601626017
-han	0.0828870957811	0.109518004202	0.0740452131435	0.733549686874
-man	0.247230645461	0.482331827465	0.160901045857	0.109536481218
-maa	0.0343698854337	0.896890343699	0.0621931260229	0.00654664484452
-uni	0.32756851858	0.490145195945	0.079952913842	0.102333371633
-une	0.0710526853026	0.328806301986	0.0319627648185	0.568178247893
-ɔri	0.240750842291	0.545868763035	0.058719717632	0.154660677042
-una	0.109117895191	0.628807655506	0.033461561062	0.22861288824
-nke	0.345225603358	0.611752360965	0.0178384050367	0.0251836306401
-unu	0.455808080808	0.123737373737	0.32702020202	0.0934343434343
-nko	0.165214233842	0.36456063907	0.470225127088	0.0
-nki	0.105229298778	0.791838985387	0.0721441044022	0.0307876114328
-aax	0.382229673093	0.225481978206	0.120704107293	0.271584241408
-lɔɛ	0.660377358491	0.22641509434	0.0377358490566	0.0754716981132
-ade	0.0483939587322	0.865188257817	0.0300733886407	0.0563443948096
-nle	0.175523670785	0.6954975549	0.0440303818519	0.0849483924627
-gaa	0.0	1.0	0.0	0.0
-ada	0.0643391521196	0.879301745636	0.0443890274314	0.011970074813
-nli	0.139545669766	0.746256843927	0.03527839966	0.0789190866467
-gan	0.37736279112	0.513034250798	0.0381735726199	0.071429385462
-adi	0.261435193646	0.567348430724	0.0804991111037	0.0907172645256
-ɛgi	0.0	1.0	0.0	0.0
-ɛge	0.819586633185	0.152598029747	0.0115897237782	0.0162256132895
-ben	0.166337750211	0.802180246217	0.0140964195094	0.0173855840617
-ɔɲɛ	0.0601518480649	0.791412145784	0.0520167213779	0.0964192847729
-sen	0.33199195171	0.456740442656	0.199195171026	0.0120724346076
-ɛni	0.137471572357	0.64422720667	0.0851286545573	0.133172566416
-ina	0.121347972141	0.689768384116	0.0879048010241	0.100978842718
-ɛna	0.128793660473	0.604443001866	0.137702315011	0.12906102265
-ine	0.102026428989	0.733799006196	0.126347413102	0.0378271517131
-ɛne	0.112916640974	0.773382152825	0.0845507893329	0.029150416868
-ɔki	0.025421461065	0.964945143163	0.002408348943	0.00722504682901
-ixi	0.545886736877	0.146861959181	0.0562338889074	0.251017415035
-ede	0.0390956659098	0.891835324316	0.0221542106822	0.0469147990917
-fun	0.206414899121	0.647697878945	0.0838075530264	0.0620796689084
-edi	0.290358233852	0.116260982137	0.23263965287	0.360741131141
-oon	0.224161203503	0.572003783597	0.0440910224718	0.159743990429
-fuu	0.160655737705	0.233879781421	0.534426229508	0.0710382513661
-kun	0.350257545534	0.531850890359	0.0444229082141	0.0734686558925
-bee	0.223070272204	0.135242891332	0.149816642318	0.491870194145
-ntɔ	0.0180505415162	0.819494584838	0.14440433213	0.0180505415162
-kui	0.107283834277	0.0939886785241	0.022273916453	0.776453570746
-ban	0.603302072219	0.366541247824	0.0187566687258	0.0114000112315
-eka	0.027966844127	0.946155401307	0.00768245838669	0.018195296179
-uun	0.348773767162	0.195322231411	0.210897636066	0.245006365361
-eke	0.0	1.0	0.0	0.0
-dɛɛ	0.316151202749	0.525773195876	0.116838487972	0.0412371134021
-eki	0.0563449289564	0.930426261636	0.0102890739833	0.00293973542381
-baa	0.0417439703154	0.922077922078	0.0236549165121	0.0125231910946
-idɛ	0.580938922908	0.246349505417	0.0910661014288	0.0816454702464
-ɛɲa	0.331034482759	0.503448275862	0.0724137931035	0.0931034482759
-ɔlɛ	0.3585515055	0.494098560734	0.0196466578356	0.127703275931
-ase	0.0838670981507	0.88383273567	0.0323001661797	0.0
-nya	0.405740528129	0.452277076158	0.0840413318024	0.0579410639112
-asa	0.275981324572	0.475531730936	0.132111360885	0.116375583607
-nye	0.0839179352556	0.054502842487	0.0130114123469	0.848567809911
-aso	0.386237845924	0.184861630516	0.0773074046373	0.351593118923
-nyi	0.0780392635044	0.664370198756	0.215522497256	0.0420680404829
-xun	0.182213850157	0.390757348602	0.027447776023	0.399581025218
-asi	0.0378191728079	0.945170603689	0.00615191877675	0.0108583047262
-ɔlɔ	0.474861256549	0.208949390998	0.161024655667	0.155164696785
-ɔsi	0.314573892706	0.469960532086	0.164011109487	0.0514544657214
-bɛn	0.0911556153707	0.71052367274	0.143583150875	0.0547375610148
-yen	0.104101786407	0.763263217519	0.102936762622	0.0296982334516
-xui	0.0456405900069	0.654748114398	0.267408036657	0.0322032589389
-nɲɛ	0.558386857676	0.230941783663	0.110884469722	0.0997868889384
-ogo	0.101274869968	0.0847023478272	0.00203115485687	0.811991627348
-ɲin	0.206593270717	0.287719537791	0.426960968984	0.0787262225077
-ita	0.678550166346	0.196392925932	0.0571528628962	0.0679040448257
-afu	0.541115728498	0.328170255635	0.0857574612769	0.0449565545901
-ran	0.464495866956	0.486076225071	0.0253357549612	0.0240921530122
-eri	0.0893325267191	0.818713450292	0.0574712643678	0.0344827586207
-iwa	0.363193424209	0.531363323601	0.0732244806873	0.0322187715024
-era	0.0230151549423	0.0331938475458	0.0013571590138	0.942433838498
-iwi	0.0317866276946	0.925465838509	0.0383631713555	0.00438436244063
-ere	0.0408944001055	0.32951872128	0.0178088516589	0.611778026955
-arɛ	0.62494586401	0.254222607189	0.0701602425293	0.0506712862711
-ugu	0.617306975009	0.330473703842	0.0484893696382	0.00372995151064
-xɔɛ	0.598830409357	0.216374269006	0.0842105263158	0.100584795322
-ɛxi	0.764882831734	0.119933935797	0.0424429869416	0.0727402455274
-nni	0.236793923868	0.430650007505	0.0961176346335	0.236438433994
-uge	0.167058823529	0.783529411765	0.0494117647059	0.0
-pon	0.136420750314	0.181475498115	0.379345419733	0.302758331838
-uga	0.370203296042	0.54658366414	0.0333814507398	0.0498315890774
-ugo	0.799041533546	0.103194888179	0.0562300319489	0.0415335463259
-utɛ	0.432916163462	0.301748123448	0.168079201713	0.0972565113769
-ugi	0.227932636469	0.611207897793	0.135307781649	0.0255516840883
-ike	0.0440405452639	0.902481649773	0.00629150646627	0.047186298497
-laa	0.0146313998282	0.306552045041	0.00511046735779	0.673706087773
-ika	0.224563953488	0.692587209302	0.015988372093	0.0668604651163
-iko	0.0121739130435	0.984347826087	0.00347826086957	0.0
-lan	0.389847006473	0.360254895758	0.0641593102776	0.185738787492
-iki	0.105855653061	0.140990033177	0.0335505856115	0.719603728151
-aan	0.126955867279	0.703832337758	0.0590102557267	0.110201539236
-non	0.0422535211268	0.957746478873	0.0	0.0
-afa	0.366159153979	0.542338558464	0.0370509262732	0.054451361284
-gɛn	0.340584795322	0.434385964912	0.0704093567252	0.154619883041
-gen	0.145296118069	0.552806989979	0.143192306975	0.158704584977
-bon	0.216968011127	0.175243393602	0.571627260083	0.0361613351878
-aha	0.0	1.0	0.0	0.0
-kɔɛ	0.170793991301	0.475520118381	0.0766200822085	0.27706580811
-kɛn	0.190063547083	0.463604852686	0.131138070479	0.215193529752
-don	0.748021693929	0.19020135197	0.0181426742528	0.0436342798485
-uɲi	0.0836236933798	0.850174216028	0.0627177700348	0.0034843205575
-toe	0.0713004997521	0.0695837943005	0.0082783351772	0.85083737077
-ton	0.451882845188	0.505080693365	0.0430364614465	0.0
-uɲa	0.0456818512846	0.895472420962	0.0268132605366	0.0320324672172
-oli	0.612189271696	0.204871711005	0.0511520569851	0.131786960314
-saa	0.0793322117252	0.874854406626	0.0225184418274	0.0232949398214
-akɛ	0.0974903474904	0.686615186615	0.188867438867	0.027027027027
-ibe	0.0838926174497	0.91610738255	0.0	0.0
-akɔ	0.124655797126	0.806161290086	0.0409191618317	0.0282637509559
-san	0.284636450008	0.368468116023	0.076230928296	0.270664505673
-lon	0.853715120895	0.0798222738502	0.0251779947256	0.0412846105293
-umɛ	0.11992011765	0.128521717712	0.0410197959152	0.710538368722
-ɔde	0.113904761905	0.48819047619	0.285142857143	0.112761904762
-ron	0.252558830878	0.670517440703	0.0569146661133	0.0200090623054
-ɛbɛ	0.853479735876	0.0855085026916	0.0176582014319	0.0433535600004
-ipi	0.0102908597156	0.980704638033	0.00343028657186	0.00557421567927
-ixɛ	0.0458015267176	0.0196292257361	0.934569247546	0.0
-iti	0.345988345951	0.616550135838	0.0288910838778	0.00857043433325
-ipe	0.0714285714285	0.910714285714	0.0178571428571	0.0
-ewi	0.0560076591671	0.922450933461	0.0129248444232	0.00861656294878
-ipu	0.0	1.0	0.0	0.0
-nbɔ	0.887184403963	0.0735059124321	0.00671140939597	0.032598274209
-lɛn	0.049872465624	0.888173674449	0.0399841283095	0.0219697316177
-uxi	0.471948234242	0.149254984237	0.12377387426	0.255022907262
-awa	0.0590012348623	0.0695450902472	0.00848848382497	0.862965191066
-uxe	0.138033054479	0.420322383187	0.0320342787186	0.409610283616
-xɛɛ	0.153362016302	0.80104154996	0.0206944266119	0.0249020071263
-ɔxi	0.682935190544	0.130486166385	0.075643637932	0.110935005138
-imo	0.00674157303372	0.910112359551	0.0	0.0831460674157
-uxu	0.20452270754	0.521411997055	0.0292604938443	0.24480480156
-stu	0.15	0.85	0.0	0.0
-eyi	0.439350912779	0.280730223124	0.111967545639	0.167951318458
-ɛde	0.152941176471	0.183529411765	0.543529411765	0.12
-isɛ	0.778235624649	0.0891552725229	0.00674283573703	0.125866267091
-eyo	0.0150375939849	0.759398496241	0.0	0.225563909774
-eya	0.224650168884	0.583718205004	0.134693596195	0.0569380299166
-eye	0.272952853598	0.312300602623	0.319035802907	0.095710740872
-ɛdi	0.0664819944599	0.768005540166	0.126731301939	0.0387811634349
-xin	0.1140094785	0.582811769834	0.242224715799	0.0609540358673
-len	0.349347349872	0.500872010573	0.0850889209397	0.0646917186151
-mun	0.238823190078	0.719642342082	0.0246610902798	0.0168733775598
-ndɛ	0.366806656032	0.376785467505	0.128645669267	0.127762207196
-mɔn	0.0725526744213	0.239918520791	0.0418328103249	0.645695994463
-ifa	0.14535666218	0.587617765814	0.190578734859	0.0764468371467
-een	0.145364715709	0.306079793663	0.131692039482	0.416863451146
-ife	0.901408450704	0.0985915492958	0.0	0.0
-ifi	0.0	1.0	0.0	0.0
-ndu	0.172891798229	0.221409318444	0.577974586061	0.0277242972661
-ole	0.0350877192982	0.964912280702	0.0	0.0
-ndi	0.598310910466	0.17028700485	0.0270467235601	0.204355361124
-alo	0.069872277375	0.030700590761	0.0173468988962	0.882080232968
-ifu	0.641799232035	0.193636862315	0.0863960504662	0.0781678551837
-ndo	0.0948742674876	0.531859654328	0.323121430161	0.0501446480231
-ali	0.304491341644	0.33648612519	0.0850820797002	0.273940453466
-nda	0.266328930704	0.46372353899	0.132802605392	0.137144924914
-ale	0.0487804878049	0.918699186992	0.0162601626016	0.0162601626016
-nde	0.014991588008	0.0764551006889	0.043005449187	0.865547862116
-ala	0.358520402441	0.486968172908	0.00612141094482	0.148390013706
-atɔ	0.897959183673	0.0204081632653	0.0816326530612	0.0
-ude	0.771562413888	0.103058693855	0.0096445301736	0.115734362083
-atɛ	0.658146191993	0.128089344031	0.0496714107164	0.16409305326
-buɛ	0.896226415094	0.0660377358491	0.0	0.0377358490566
-uyɛ	0.608212228563	0.190806458417	0.0794174984937	0.121563814526
-yon	0.0200704225352	0.960915492958	0.00950704225352	0.00950704225353
-pee	0.163027070544	0.547147026265	0.0724564757975	0.217369427393
-etɔ	0.296346414073	0.194857916103	0.378890392422	0.129905277402
-iyu	0.0293072824156	0.957371225577	0.00799289520426	0.00532859680284
-pen	0.0241254523522	0.937273823884	0.0193003618818	0.0193003618818
-elu	0.927391625703	0.0443608354175	0.0186932242583	0.0095543146209
-ogi	0.310338802813	0.677869071386	0.0106690662005	0.00112305960005
-iyo	0.074074074074	0.911111111111	0.0148148148148	0.0
-eli	0.293596813284	0.115674444271	0.0121245168216	0.578604225623
-elo	0.0	1.0	0.0	0.0
-ɛwɛ	0.482698961938	0.159169550173	0.337370242215	0.0207612456747
-iye	0.355277801558	0.516308535228	0.0821847444567	0.0462289187569
-ela	0.0425055928411	0.331096196868	0.62192393736	0.00447427293065
-oge	0.0306136288776	0.906221541919	0.0215716287872	0.0415932004159
-ele	0.594459288839	0.254105512188	0.107831828154	0.0436033708195
--ɛn	0.0531455825574	0.0863047921871	0.023166023166	0.837383602089
-abu	0.122801276282	0.48765987619	0.0488150754043	0.340723772124
-itu	0.0294642857143	0.967857142857	0.00267857142857	0.0
-hun	0.0	1.0	0.0	0.0
-esu	0.00520528556905	0.777279903423	0.00372169440523	0.213793116603
-ito	0.0654453282115	0.0458509631744	0.0166369592888	0.872066749325
-esi	0.00729882610546	0.992701173895	0.0	0.0
-nbɛ	0.28084000866	0.363498592769	0.297293786534	0.0583676120372
-ɛra	0.0653631284916	0.843016759777	0.0748603351955	0.0167597765363
-esa	0.0	1.0	0.0	0.0
-ite	0.349963045085	0.50184774575	0.107169253511	0.0410199556541
-ese	0.0774561761109	0.597264944595	0.0237186376607	0.301560241634
-ɛri	0.0546983671473	0.926687518667	0.0104101762393	0.00820393794681
-ɛya	0.462207927008	0.461033248965	0.0318224419272	0.0449363820996
-faa	0.0	1.0	0.0	0.0
-ɛye	0.0682468978683	0.416481069042	0.432548520522	0.0827235125676
-udu	0.0174526838349	0.961022339435	0.0139621470679	0.0075628296618
-ɛyi	0.0471821756225	0.94495412844	0.00393184796855	0.00393184796855
-fan	0.229380775073	0.123811106504	0.110395526083	0.536412592341
-uda	0.0150732630693	0.967165992849	0.00549180902526	0.0122689350564
-ɔtɔ	0.176729122971	0.0662404422311	0.0158787214663	0.741151713332
-ɔtɛ	0.570768638522	0.170537662004	0.104709354549	0.153984344925
-udi	0.107461441765	0.73809648615	0.112141504556	0.0423005675291
-nla	0.124745569755	0.759926838762	0.0453629524327	0.0699646390506
-amɛ	0.746676163343	0.161680911681	0.0496201329535	0.0420227920228
-nɛn	0.256352806449	0.020277825708	0.0374713067057	0.685898061137
-ɔbɛ	0.300828937453	0.282140165787	0.293142426526	0.123888470234
-ɲan	0.37384518401	0.18444449275	0.350031519683	0.0916788035563
-abe	0.0512422360248	0.944099378882	0.00465838509317	0.0
-nɔɛ	0.164041965341	0.0673244694304	0.279411435139	0.48922213009
-aba	0.271835038363	0.60804028133	0.0526294757033	0.0674952046036
-igɛ	0.682317346481	0.105962426676	0.081714185489	0.130006041354
-abo	0.0	1.0	0.0	0.0
-abi	0.763380993157	0.198387529756	0.0137459576782	0.0244855194082
-aɲɛ	0.497382198953	0.193717277487	0.198952879581	0.109947643979
-ɔmɛ	0.1872074883	0.723868954758	0.0795631825273	0.00936037441497
-oso	0.793991416309	0.141630901288	0.0	0.0643776824034
-gbe	0.0573122529644	0.237154150198	0.186758893281	0.518774703557
-kon	0.0485992807117	0.454703766799	0.461262540223	0.0354344122658
-gbo	0.157954050773	0.0409481195481	0.460468387778	0.340629441901
-tun	0.269769576341	0.223878558374	0.10016949158	0.406182373705
-oru	0.0	1.0	0.0	0.0
-soo	0.0561047288271	0.916644402885	0.0	0.0272508682875
-ori	0.110547783326	0.376358022338	0.420462775893	0.0926314184424
-oro	0.0437956204379	0.928050052138	0.0187695516162	0.00938477580814
-ora	0.00648648648648	0.976216216216	0.0	0.0172972972973
-ore	0.0237505831616	0.810119035661	0.0900295542971	0.0761008268804
-yɛn	0.123706896552	0.83599137931	0.0165948275862	0.0237068965517
-iɲa	0.357577513764	0.31179368299	0.23645320197	0.094175601275
-ɛki	0.0363636363636	0.176308539945	0.787327823692	0.0
-lin	0.536710794226	0.104636529481	0.035679261998	0.322973414295
-run	0.155790892626	0.649619508968	0.145820275498	0.0487693229089
-oma	0.597996253744	0.201186125568	0.0623286400396	0.138488980648
-ome	0.0198675496689	0.973509933775	0.00662251655628	0.0
-guɛ	0.740133264992	0.115325474116	0.0891850333162	0.0553562275756
-ɛmi	0.0179063360882	0.969696969697	0.0	0.0123966942149
-ɔɔn	0.259635231437	0.416765628727	0.235267109968	0.0883320298676
-usɛ	0.493725659888	0.162267416703	0.168758113371	0.175248810039
-oda	0.0175746924429	0.982425307557	0.0	0.0
-ode	0.0340769509805	0.206091305541	0.143802534962	0.616029208516
-irɛ	0.553130456473	0.336804689449	0.037727612871	0.0723372412073
-odi	0.0959737827716	0.736657303371	0.167368913858	0.0
-ɲɔɛ	0.327586206897	0.51724137931	0.0	0.155172413793
-odo	0.392782614953	0.0953083399295	0.101244872994	0.410664172123
-uri	0.0567307692307	0.611538461539	0.294230769231	0.0375
-ipa	0.0105140186916	0.984813084112	0.00467289719626	0.0
-hɔn	0.0724637681159	0.63768115942	0.202898550725	0.0869565217391
-ura	0.122831692452	0.326613533365	0.356149398343	0.19440537584
-ure	0.0919543479695	0.753475265534	0.127823800503	0.0267465859934
-gba	0.25	0.0	0.7	0.05
-ehu	0.0	1.0	0.0	0.0
-uru	0.159612761997	0.692802500424	0.107198670186	0.040386067392
-nxi	0.484455569428	0.274351540193	0.149417706685	0.0917751836941
-ɛsɛ	0.414398239314	0.409764855786	0.0489401135179	0.126896791382
-apo	0.0	1.0	0.0	0.0
-nfu	0.131147540984	0.540983606557	0.262295081967	0.0655737704918
-nxu	0.0189000750518	0.0107595590501	0.00473987371916	0.965600492179
-wan	0.320311595634	0.503459828268	0.153063183914	0.0231653921842
-dun	0.207026348808	0.231623797574	0.031716157814	0.529633695804
-nun	0.016626674882	0.00496229031807	0.000899155304298	0.977511879496
-ini	0.209053089937	0.458716171293	0.0839817586354	0.248248980135
-nfɛ	0.131944444444	0.520833333333	0.319444444444	0.0277777777778
-ken	0.294120228812	0.47597033049	0.111216771758	0.118692668939
-ilɛ	0.351148730351	0.446432889964	0.147521160822	0.0548972188634
-sun	0.471912892848	0.36847315021	0.0356347438753	0.123979213066
-agɛ	0.653754469607	0.15494636472	0.0500595947556	0.141239570918
-feu	0.350310559006	0.341614906832	0.149068322981	0.15900621118
-din	0.385359112596	0.386357336841	0.0999500094661	0.128333541097
-dii	0.0219805933249	0.88210718999	0.00959235820385	0.0863198584813
-son	0.0891635306192	0.769714334588	0.12487170715	0.0162504276428
-ɛmɛ	0.047859427201	0.656450039442	0.0711823173126	0.224508216045
-fen	0.73891259974	0.131378734459	0.0467619224346	0.0829467433661
-ɛli	0.0555129581352	0.912436742831	0.0220825026836	0.00996779635025
-ihi	0.00571973307912	0.994280266921	0.0	0.0
-ɛla	0.6625	0.2625	0.0	0.0750000000001
-uka	0.0131578947368	0.960526315789	0.0	0.0263157894737
-ɲɛɛ	0.00586319218241	0.960803474484	0.00477741585234	0.028555917481
-tɛɛ	0.0968819599109	0.726057906459	0.115812917595	0.0612472160356
-nna	0.139355304695	0.57637326424	0.116387340448	0.167884090618
-afe	0.0535173220324	0.927416168065	0.013456444805	0.00561006509778
-nne	0.0929182087889	0.640881282432	0.12523397493	0.140966533849
-ɔna	0.197922878843	0.473818085728	0.179148789327	0.149110246102
-efe	0.0832638836275	0.604591256913	0.0301537995303	0.281991059929
-ɔne	0.128686142429	0.508066923021	0.333230074538	0.0300168600122
-ngu	0.131668878146	0.100632200447	0.158316856862	0.609382064545
-ɔni	0.133169285348	0.667521757226	0.0702106796632	0.129098277763
-efu	0.511166586511	0.249816761951	0.13481818777	0.104198463768
-nga	0.111483567585	0.751157140412	0.0980622767058	0.0392970152975
-nge	0.0802721199704	0.140555475521	0.195628692376	0.583543712133
-ngi	0.464010744884	0.411039282589	0.0834356494074	0.0415143231198
-tin	0.15939279371	0.251239224824	0.024599952493	0.564768028973
-ngo	0.790209629118	0.0480534439069	0.0102741303847	0.151462796591
-uwe	0.0359712230216	0.935251798561	0.0143884892086	0.0143884892086
-ema	0.630617030393	0.248311179594	0.0530210942469	0.0680506957657
-alɛ	0.620437368328	0.202050016335	0.0775681882856	0.0999444270511
-alɔ	0.986301369863	0.013698630137	0.0	0.0
-emi	0.00998890122086	0.976692563818	0.0133185349611	0.0
-dan	0.0767005628408	0.226040234972	0.325417594937	0.37184160725
-ane	0.116318565522	0.74699905766	0.0696365028102	0.0670458740083
-elɛ	0.561917902725	0.244912038634	0.0403587443946	0.152811314246
-ogɛ	0.498013620885	0.197644721907	0.0	0.304341657208
-iyɛ	0.586440920644	0.196605040229	0.0648815917379	0.152072447389
-xuɛ	0.481835564054	0.29289066574	0.0750912567356	0.150182513471
-ɛwa	0.328627166949	0.398115879839	0.256692768858	0.0165641843541
-eti	0.0700544464609	0.887549909256	0.0320871143376	0.0103085299456
-eto	0.0	0.933035714286	0.0669642857143	0.0
-atu	0.184543577772	0.784339191298	0.0173317910059	0.0137854399232
-bun	0.182451486825	0.388054302395	0.0307178678029	0.398776342976
-uya	0.335512745184	0.258991636559	0.212273880812	0.193221737445
-uye	0.18675845906	0.465797568478	0.229969239783	0.117474732679
-omi	0.0372692216549	0.678579891855	0.242788513324	0.0413623731662
-ate	0.392412167471	0.459647547424	0.0193063194522	0.128633965653
-ata	0.77091391019	0.0345485344494	0.00824944299833	0.186288112362
-ato	0.649061426037	0.142802198484	0.00893289165147	0.199203483828
-ati	0.241835844675	0.463069122316	0.0870783794575	0.208016653551
-ose	0.00719424460431	0.928057553957	0.046762589928	0.0179856115108
-ɔta	0.230582645412	0.621556233218	0.118173605774	0.0296875155968
-uli	0.403976483697	0.352411917809	0.00515562503638	0.238455973457
-osa	0.0	1.0	0.0	0.0
-kan	0.18216380251	0.712834151664	0.0486565739225	0.056345471904
-ɔte	0.0	0.998690413829	0.0	0.00130958617077
-ɛɛn	0.16450966245	0.60102820639	0.0507652978169	0.183696833343
-ɔti	0.123849660274	0.863249333448	0.00774060376711	0.0051604025114
-ula	0.373765867419	0.431593794076	0.114245416079	0.0803949224259
-osi	0.0429601756036	0.930699278771	0.0131702728128	0.0131702728128
-oxi	0.58559054645	0.179036066485	0.143272984466	0.0921004025995
-osu	0.020618556701	0.979381443299	0.0	0.0
-ɛyɛ	0.563194444445	0.235416666667	0.114583333333	0.0868055555555
-nii	0.103777644316	0.846825577623	0.0416192073781	0.0077775706827
-nin	0.118874260275	0.169483071528	0.0382153011323	0.673427367065
-ulu	0.0780093221207	0.251786294613	0.649930774128	0.0202736091387
-itɛ	0.371718102257	0.479502533395	0.0898203592815	0.0589590050668
-nbi	0.211741040222	0.103875727634	0.0218557217119	0.662527510432
-itɔ	0.34008097166	0.550607287449	0.103238866397	0.00607287449393
-ɛrɛ	0.29495307097	0.211592293759	0.151490202536	0.341964432735
-nba	0.230568853844	0.262015394724	0.0437279013736	0.463687850058
-nbu	0.764006791172	0.179966044143	0.00509337860781	0.0509337860781
-soɛ	0.744117347459	0.102067841499	0.0179959933449	0.135818817697
-yun	0.378378378378	0.337837837838	0.22972972973	0.054054054054
-ile	0.00720033883947	0.984540448962	0.00254129606099	0.00571791613723
-ila	0.0504988767463	0.926432997308	0.010040013365	0.0130281125807
-ilo	0.0282220131703	0.817497648166	0.0	0.154280338664
-tuɛ	0.285057471264	0.475862068966	0.032183908046	0.206896551724
-ili	0.565194559863	0.233859986966	0.0331973517743	0.167748101396
-abɔ	0.301724137931	0.456896551724	0.051724137931	0.189655172414
-iga	0.731797142683	0.0561736313414	0.00887741876867	0.203151807206
-aɲa	0.0269058295964	0.833333333333	0.0100896860987	0.129671150972
-ige	0.178776645042	0.628359592215	0.0920296570899	0.100834105653
-nɔn	0.153250210958	0.240637821166	0.129157331161	0.476954636715
-igi	0.0550074259207	0.814119717619	0.114542373547	0.0163304829138
-amu	0.497815067296	0.262541513721	0.152420905436	0.0872225135466
-ebe	0.141257536606	0.812230835487	0.015503875969	0.031007751938
-abɛ	0.734271315194	0.100172915774	0.139751415101	0.0258043539305
-ami	0.00402414486921	0.995975855131	0.0	0.0
-ama	0.474867062987	0.177449544731	0.0367053469933	0.310978045289
-ame	0.037037037037	0.962962962963	0.0	0.0
-ɛte	0.0	0.962962962963	0.037037037037	0.0
-usi	0.0546306772265	0.920155164054	0.00436398900921	0.0208501697107
-iri	0.435460095398	0.460192743606	0.0335841132543	0.0707630477409
-ire	0.0671906074039	0.751062657242	0.0488414999401	0.132905235414
-usa	0.0394689511333	0.94641632462	0.00261383782339	0.0115008864229
-ɲɔn	0.343347639485	0.173819742489	0.386266094421	0.0965665236052
-ira	0.582223550183	0.256507162271	0.0324311830723	0.128838104473
-use	0.0492628523189	0.939450193451	0.00987608495174	0.00141086927882
-gun	0.521920253918	0.278714540766	0.0684388018251	0.130926403491
-usu	0.431968744692	0.419228809241	0.0417869882792	0.107015457788
-ulo	0.0987654320987	0.901234567901	0.0	0.0
-omɛ	0.101694915254	0.898305084746	0.0	0.0
-iɲɛ	0.29351184346	0.570545829042	0.0741503604531	0.0617919670442
-yɛɛ	0.193084423408	0.27945719845	0.0851679080993	0.442290470042
-kaa	0.157520981278	0.506778566817	0.0813428018076	0.254357650097
-npa	0.0642773010264	0.900387009928	0.0232205956588	0.0121150933872
-odɛ	0.497964169381	0.0989413680782	0.00732899022801	0.395765472313
-npu	0.148701905497	0.797667899078	0.0195018892455	0.0341283061797
-xii	0.132444240055	0.767532766153	0.0103472062543	0.0896757875373
-nxɛ	0.221052631579	0.0721804511278	0.670676691729	0.0360902255639
-ɛsi	0.0273612207314	0.933175480137	0.0236779794791	0.0157853196527
-nxɔ	0.350145358052	0.16252026409	0.0246338878977	0.462700489961
-ule	0.093273865958	0.369369850575	0.497028856811	0.0403274266562
-axu	0.406285113479	0.224538277666	0.346105721409	0.023070887446
-urɛ	0.400462962963	0.41087962963	0.133101851852	0.0555555555555
-axa	0.72408780834	0.0775779050141	0.0562826521993	0.142051634447
-sɛn	0.199570514535	0.706208461875	0.0808668627668	0.0133541608239
-iin	0.202526941891	0.673977214117	0.0402279612698	0.0832678827229
-iba	0.412227761742	0.372605615324	0.11283127788	0.102335345054
-axɛ	0.524709302326	0.298146802326	0.115007267442	0.062136627907
-owe	0.0967741935484	0.870967741935	0.0	0.0322580645161
-ɛma	0.260633399262	0.113246924863	0.0396751916298	0.586444484246
-agi	0.164401480185	0.25523578864	0.0713880818613	0.508974649314
-ago	0.509523809524	0.242857142857	0.12380952381	0.12380952381
-aga	0.076900669968	0.89630061171	0.0267987183222	0.0
-age	0.0823863636363	0.894886363636	0.0113636363636	0.0113636363636
-one	0.267860667483	0.560130766633	0.135535163449	0.036473402435
-suɛ	0.418205804749	0.213720316623	0.332453825857	0.0356200527704
-anu	0.49347326571	0.132405405814	0.0283442427174	0.345777085758
-ega	0.0176991150442	0.982300884956	0.0	0.0
-ona	0.196251894373	0.537839608206	0.142283258047	0.123625239374
-oni	0.0312925024072	0.129306528792	0.0081547106014	0.8312462582
-ana	0.168401045882	0.701905493831	0.0709545943808	0.0587388659063
-nfa	0.36460191341	0.491243716556	0.0815631587482	0.0625912112859
-nuɛ	0.354166666667	0.270833333333	0.0	0.375
-nfe	0.109784540204	0.0325410928476	0.00533096401599	0.852343402932
-ani	0.156628982326	0.456049725808	0.0990015856817	0.288319706185
-daa	0.0296096904441	0.947510094213	0.0	0.0228802153432
-yɔn	0.103676470588	0.876470588235	0.00882352941177	0.0110294117647
-tan	0.479749587417	0.0973379789708	0.0144118578674	0.408500575745
-ɛti	0.0423797881011	0.939282803586	0.0126324368378	0.00570497147514
-ngɛ	0.27030552267	0.499283444451	0.0462915654143	0.184119467464
-taa	0.0541109016406	0.824829004565	0.0567128367324	0.0643472570618
-yin	0.0802159202205	0.839568159559	0.0367907604019	0.0434251598186
-yii	0.584928086418	0.161585338708	0.00984584899867	0.243640725875
-ɔnɔ	0.29305054034	0.337951851804	0.299426067363	0.069571540493
-ɔnɛ	0.47619047619	0.428571428571	0.0952380952381	0.0
-afɛ	0.227758007117	0.686832740214	0.0854092526691	0.0
-ɲɛn	0.121072475911	0.66836389417	0.0732815571526	0.137282072766
-ɔma	0.595955866419	0.160100137702	0.0567769219164	0.187167073963
-tɛn	0.344832241287	0.515031337787	0.0561834294473	0.0839529914792
-min	0.388236092322	0.527092170925	0.0746944938866	0.00997724286573
-iya	0.163525750871	0.731272125871	0.0656610993021	0.0395410239559
-eni	0.307291961926	0.393093159786	0.0900084954207	0.209606382867
-ɛlɛ	0.0562730627306	0.891143911439	0.00830258302583	0.0442804428044
-ene	0.146224353511	0.5082918034	0.152307810592	0.193176032497
-ena	0.159620835121	0.566994966889	0.19956904793	0.0738151500607
