-caa	0.60013336297	0.175816848188	0.184040897977	0.0400088908646
-cak	0.405405405405	0.391891891892	0.0945945945946	0.108108108108
-ròo	0.468	0.3	0.036	0.196
-cap	0.268581081081	0.47972972973	0.0709459459459	0.180743243243
-azʉ	0.0960854092526	0.797153024911	0.0427046263345	0.0640569395018
-ecà	0.095406360424	0.872791519435	0.0	0.0318021201413
-jìi	0.0487804878048	0.878048780488	0.0	0.0731707317073
-jìk	0.409238249595	0.346839546191	0.211507293355	0.032414910859
-uru	0.00483091787442	0.823671497585	0.161835748792	0.00966183574879
-òrò	0.0	0.885993485342	0.0814332247557	0.0325732899022
-jìp	0.00285204991087	0.953535353535	0.0418300653595	0.0017825311943
-jìs	0.105691056911	0.894308943089	0.0	0.0
-ìri	0.0	0.761904761905	0.0	0.238095238095
-ənə	0.153027845346	0.209353988482	0.0260354694682	0.611582696703
-utà	0.0	1.0	0.0	0.0
-hʉ̀	0.234703877648	0.505546392012	0.204406475198	0.0553432551425
-i-a	0.457697642164	0.314147018031	0.153259361997	0.0748959778086
-i-e	0.152542372881	0.627118644068	0.220338983051	0.0
-k-ɛ	0.38842345773	0.357705001269	0.10916476263	0.14470677837
-fom	0.163216476031	0.557700061541	0.170458162681	0.108625299747
-ɛnə	0.10460251046	0.174895397489	0.0301255230125	0.690376569038
-cwi	0.682983682984	0.111888111888	0.16317016317	0.041958041958
-ə'ə	0.390214446584	0.444625779287	0.113588145053	0.0515716290759
-dʉk	0.895331323914	0.0188657864387	0.00241521154807	0.0833876780988
-èri	0.0124766623582	0.789243142324	0.00251328450381	0.195766910814
-seʼ	0.334585289515	0.322198146142	0.139280125196	0.203936439148
-yaŋ	0.183122799751	0.288869331124	0.488765790019	0.0392420791054
-cəp	0.153093721565	0.217356687898	0.602252047316	0.0272975432211
-ufù	0.0	0.980769230769	0.0192307692308	0.0
-cək	0.0605296343001	0.84867591425	0.0907944514502	0.0
-fìp	0.484848484848	0.393939393939	0.121212121212	0.0
-fìs	0.103448275862	0.827586206897	0.0344827586207	0.0344827586207
-bìi	0.069473937765	0.310794449691	0.0169691360764	0.602762476467
-̀nə	0.410654827969	0.149833518313	0.0399556048835	0.399556048835
-̀nɛ	0.847980997625	0.152019002375	0.0	0.0
-wəp	0.247950996463	0.382510005124	0.334101581276	0.0354374171375
-wəm	0.34883929875	0.443054323289	0.18937343471	0.0187329432509
-cwà	0.361377506539	0.616826503923	0.0174367916303	0.00435919790759
-cwì	0.29920212766	0.561170212766	0.0917553191489	0.0478723404255
-bìp	0.0762527233115	0.76688453159	0.156862745098	0.0
-ʉyu	0.309576837417	0.369710467706	0.0356347438753	0.285077951002
-wùu	0.267160037003	0.283996299723	0.063829787234	0.385013876041
-jìŋ	0.0174098961515	0.1850946854	0.787874160049	0.00962125839951
-ʼcà	0.230240549828	0.584192439863	0.0824742268041	0.103092783505
-idà	0.0	1.0	0.0	0.0
-caŋ	0.743909827582	0.150001262212	0.00883548330094	0.0972534269053
-mfà	0.0	1.0	0.0	0.0
-yà'	0.136799851553	0.0914192546105	0.00786603073875	0.763914863098
-mfò	0.180360721443	0.819639278557	0.0	0.0
-ɛ'ɛ	0.215506336515	0.0775422215382	0.192495305831	0.514456136116
-ŋgì	0.0661802624291	0.897339419753	0.00897683213323	0.0275034856848
-yàm	0.406181137689	0.0844639704208	0.0261343810578	0.483220510833
-yàa	0.0589052514587	0.919977771603	0.00777993887191	0.0133370380661
-ŋgà	0.0489412263759	0.117480528717	0.0315922012171	0.80198604369
-ŋgù	0.182537937101	0.674510666373	0.0989663514405	0.0439850450847
-yàs	0.0333636639369	0.952077646345	0.0	0.0145586897179
-ŋgò	0.0452379591565	0.0461379546676	0.00663079276547	0.90199329341
-ʼca	0.511627906977	0.162790697674	0.0697674418605	0.255813953488
-toʼ	0.169724770642	0.292048929664	0.0917431192661	0.446483180428
-yaa	0.0372670807454	0.259316770186	0.614906832298	0.0885093167701
-yam	0.121730752026	0.144322403259	0.504743532407	0.229203312307
-yak	0.384121477009	0.323067564828	0.115957374907	0.176853583256
-ijà	0.0	0.95652173913	0.0434782608696	0.0
-àmə	0.536502546689	0.20882852292	0.122241086587	0.132427843803
-fìŋ	0.259136212625	0.42657807309	0.286378737542	0.0279069767442
-ŋga	0.129559634669	0.0285882762218	0.00450664785133	0.837345441258
-ya'	0.335973824694	0.383330463234	0.201050456346	0.0796452557258
-òʼo	0.4	0.563636363636	0.0	0.0363636363637
-se'	0.664796384308	0.0736759083934	0.0340060261951	0.227521681104
-wèŋ	0.0627275001182	0.0658232094658	0.0117489698986	0.859700320517
-tìs	0.0180995475113	0.981900452489	0.0	0.0
-tìi	0.234042553192	0.510638297872	0.0851063829787	0.170212765957
-noŋ	0.298578199052	0.630331753554	0.0	0.0710900473933
-tìm	0.0885608856089	0.442804428044	0.335793357934	0.132841328413
-ywi	0.767857142857	0.199404761905	0.0119047619048	0.0208333333333
-təŋ	0.181818181818	0.109090909091	0.709090909091	0.0
-erè	0.0	1.0	0.0	0.0
-kpʉ	0.327756691308	0.321757951803	0.303199396751	0.0472859601379
-ʼrə	0.304213185662	0.251164885471	0.0907567955317	0.353865133335
-erà	0.122807017544	0.756140350877	0.078947368421	0.0421052631579
-oho	0.593365878401	0.155165093558	0.0792865289719	0.172182499069
-ses	0.75	0.217672413793	0.0323275862069	0.0
-sep	0.0181204476817	0.970687511103	0.00639545212294	0.0047965890922
-fop	0.0805515239478	0.223875181422	0.673802612482	0.021770682148
-swì	0.772277293749	0.10923278862	0.0371885624609	0.0813013551708
-i-ɛ	0.372262773723	0.197080291971	0.0328467153285	0.397810218978
-toŋ	0.0642570281124	0.421686746988	0.441767068273	0.0722891566265
-ugù	0.0525076803192	0.912487199468	0.016156209329	0.0188489108838
-mtu	0.181163149768	0.74987133299	0.040144107051	0.0288214101904
-azì	0.0	0.917701745028	0.0	0.0822982549722
-əno	0.382530120482	0.587349397591	0.0240963855421	0.00602409638553
-gùu	0.134982279249	0.806425412869	0.0287962195732	0.0297960883084
-ugì	0.335403726708	0.496894409938	0.0771960958297	0.0905057675244
-azà	0.0	0.978102189781	0.0	0.021897810219
-gùp	0.134765625	0.7609375	0.075	0.029296875
-uum	0.101886792453	0.77358490566	0.124528301887	0.0
-òrə	0.647072174308	0.135610531094	0.162392192465	0.0549251021334
-̀ɛs	0.125748502994	0.664670658683	0.101796407186	0.107784431138
-adà	0.00504818724185	0.994951812758	0.0	0.0
-zok	0.116484600782	0.268460779452	0.282613668047	0.332440951718
-adì	0.0697674418604	0.925581395349	0.0	0.0046511627907
-kòŋ	0.307298335467	0.508322663252	0.0307298335467	0.153649167734
-ohò	0.0325178169521	0.0300763238566	0.010311729567	0.927094129624
-̀	0.0589857514938	0.472498850927	0.0252796077831	0.443235789796
-rap	0.362457170827	0.155408712677	0.0	0.482134116495
-ywì	0.234368963711	0.691972219122	0.0736588171664	0.0
-ram	0.0586959596436	0.851633586347	0.0896704540097	0.0
-dàŋ	0.0110091743119	0.981651376147	0.00183486238532	0.00550458715596
-ənò	0.0802997858672	0.883909452432	0.0128479657388	0.0229427959621
-swi	0.635480645622	0.303956577632	0.0434223682331	0.0171404085131
-bom	0.413586390597	0.517146950023	0.0402713135927	0.0289953457868
-to'	0.147275755413	0.751368070426	0.0670949321913	0.0342612419701
-ŋgʉ	0.0967196113749	0.348441678948	0.0215053763441	0.533333333333
-wèk	0.692241005635	0.169050715215	0.047680970958	0.0910273081925
-òòŋ	0.566612977451	0.278071790152	0.0793833410032	0.0759318913944
-wèe	0.271092457835	0.393904649718	0.0566714342431	0.278331458204
-ràs	0.0	0.980263157895	0.00986842105263	0.00986842105263
-ràk	0.0219868399936	0.977531696357	0.000481463649493	0.0
-ràm	0.0	1.0	0.0	0.0
-nom	0.662524525834	0.248528449967	0.0693263570961	0.0196206671027
-noo	0.180929095354	0.635696821516	0.0440097799511	0.139364303179
-ràb	0.109589041096	0.86301369863	0.027397260274	0.0
-wès	0.196176785104	0.493104322614	0.24738449327	0.0633343990122
-evì	0.0575817476097	0.923743091003	0.00700318552008	0.0116719758668
-ie'	0.149602648651	0.598394840972	0.0734744715658	0.178528038811
-ro'	0.0281690140845	0.845070422535	0.12676056338	0.0
-gùŋ	0.646669146855	0.223757005532	0.0814861929506	0.0480876546617
-too	0.364948453608	0.616494845361	0.0	0.0185567010309
-wè'	0.650743154517	0.157349814856	0.0373624307415	0.154544599885
-top	0.444700460829	0.452380952381	0.0660522273426	0.0368663594469
-vok	0.457478005865	0.485337243402	0.0571847507331	0.0
-ivà	0.00796284007963	0.940278699403	0.0517584605176	0.0
-seŋ	0.671864374948	0.14981121863	0.0569707197643	0.121353686657
-təm	0.45696443117	0.496877545479	0.0157480314961	0.0304099918545
-tək	0.713132171696	0.184976625584	0.02199320017	0.0798980025499
-təp	0.122749590835	0.828150572831	0.0	0.0490998363339
-rom	0.3	0.633333333333	0.0666666666667	0.0
-ron	0.220338983051	0.64406779661	0.135593220339	0.0
-zoŋ	0.18927444795	0.576385759351	0.220820189274	0.013519603425
-te'	0.545226410886	0.165904528218	0.0432188266786	0.245650234218
-kòk	0.126984126984	0.873015873016	0.0	0.0
-ìnə	0.144063515371	0.396186822235	0.286247254704	0.17350240769
-mfə	0.0820078291462	0.849239383579	0.0245280214063	0.0442247658689
-kòp	0.138528138528	0.774891774892	0.0692640692641	0.017316017316
-eʼe	0.741589388271	0.127130644396	0.00875968175352	0.122520285579
-ikù	0.0408895265423	0.943328550933	0.0157819225251	0.0
-wə̀	0.0470371056469	0.515046927584	0.011364028233	0.426551938536
-̀ɛŋ	0.295869733285	0.221879858931	0.255985802939	0.226264604845
-uuŋ	0.67806968807	0.297642670053	0.0161917612509	0.00809588062545
-ʉəp	0.216449160907	0.229057902499	0.0955499143433	0.458943022251
-ʉəm	0.0730718211105	0.896077316657	0.0194049649422	0.0114458972901
-asə	0.298037044038	0.379435226993	0.0842596635703	0.238268065399
-yàʼ	0.320469073455	0.396695405567	0.116775480182	0.166060040796
-ààr	0.0738916256157	0.320197044335	0.591133004926	0.0147783251231
-əyà	0.0	0.996415770609	0.0	0.00358422939068
-toò	0.578125	0.375	0.0	0.046875
-àmi	0.154228855721	0.636815920398	0.0547263681592	0.154228855721
-àme	0.139534883721	0.843023255814	0.0174418604651	0.0
-dàs	0.0469353095569	0.937779836344	0.00602130616027	0.00926354793887
-àma	0.0	0.960784313725	0.0	0.0392156862745
-dàp	0.240533829919	0.759466170081	0.0	0.0
-dàn	0.0361010830325	0.963898916968	0.0	0.0
-dàm	0.0496780128795	0.867985280589	0.0464581416743	0.0358785648574
-ènə	0.125123114026	0.054099794313	0.0192493109504	0.80152778071
-raŋ	0.120689655172	0.810344827586	0.0344827586207	0.0344827586207
-dàa	0.215709969789	0.757099697885	0.00906344410875	0.0181268882175
-esù	0.220221315269	0.162662515252	0.115075524887	0.502040644591
-ŋàŋ	0.131038744497	0.58233754077	0.193868745521	0.0927549692121
-lem	0.90786637931	0.0840517241379	0.0	0.00808189655172
-itù	0.0	1.0	0.0	0.0
-mum	0.613941018767	0.297587131367	0.0160857908847	0.0723860589812
-esò	0.0360548271752	0.924612634088	0.0223480333731	0.0169845053635
-itò	0.0	1.0	0.0	0.0
-muk	0.728527940857	0.139921722113	0.093063709502	0.0384866275277
-yuʼ	0.298630961336	0.421242665864	0.076726342711	0.203400030089
-esì	0.0	1.0	0.0	0.0
-ità	0.0163106331971	0.974286146156	0.00456978947331	0.0048334311737
-alɛ	0.281168101834	0.183826282291	0.0524148259079	0.482590789966
-spà	0.0443037974683	0.917721518987	0.0379746835443	0.0
-faà	0.565217391304	0.162055335968	0.0711462450593	0.201581027668
-kuŋ	0.246757883989	0.0792165421211	0.0432412502127	0.630784323677
-udù	0.0	0.960784313725	0.0392156862745	0.0
-oɛ̀	0.0	1.0	0.0	0.0
-udà	0.0219138056976	0.974433893353	0.00146092037984	0.00219138056976
-ə̀k	0.137356213775	0.597199075072	0.0367551573176	0.228689553835
-le'	0.436931420574	0.396431070679	0.0883484954513	0.078289013296
-kìm	0.0	1.0	0.0	0.0
-kìi	0.502343017807	0.424554826617	0.0731021555764	0.0
-loi	0.0	0.980392156863	0.0196078431373	0.0
-wɛŋ	0.794477119181	0.135557644795	0.024050549883	0.0459146861403
-fòŋ	0.0	0.989361702128	0.0	0.0106382978723
-tɛ̀	0.621190130624	0.208998548621	0.152394775036	0.0174165457184
-nɛ'	0.216843415912	0.556545446739	0.132841011549	0.0937701257996
-òbu	0.0179879705447	0.946036088366	0.0146152260676	0.0213607150218
-p-ɛ	0.268892794376	0.356766256591	0.374340949033	0.0
-est	0.376984126984	0.550264550264	0.0198412698413	0.05291005291
-esi	0.341685649203	0.617312072893	0.0	0.0410022779043
-pùp	0.104456824513	0.811977715877	0.0	0.08356545961
-cì'	0.266496393387	0.572398888546	0.0870077745656	0.0740969435011
-ərə	0.591762955864	0.239362699539	0.0769260873989	0.0919482571975
-fak	0.54613287194	0.333369379668	0.0283478677306	0.0921498806609
-fam	0.692345197465	0.307654802535	0.0	0.0
-'lə	0.28151521257	0.115343475313	0.0568427132115	0.546298598906
-fàŋ	0.130890052356	0.842931937173	0.0	0.0261780104712
-gìi	0.412388392857	0.450892857143	0.0933779761905	0.0433407738095
-vòk	0.019944598338	0.936842105263	0.0299168975069	0.013296398892
-nɛp	0.485849056604	0.391509433962	0.122641509434	0.0
-ə̀p	0.372690490482	0.491320154975	0.0918923881113	0.0440969664311
-ogù	0.0	1.0	0.0	0.0
-fa'	0.246935393297	0.238128501185	0.0606757885798	0.454260316939
-cìm	0.0	1.0	0.0	0.0
-ɛhɛ	0.0837988826816	0.729981378026	0.186219739292	0.0
-səə	0.706039076377	0.147424511545	0.0932504440497	0.0532859680284
-cìs	0.340909090909	0.599431818182	0.00852272727272	0.0511363636363
-əlɛ	0.258485639687	0.462140992167	0.117493472585	0.161879895561
-ʼtu	0.218719211823	0.28078817734	0.500492610838	0.0
-a-ɛ	0.59375	0.395833333333	0.0	0.0104166666667
-aʼa	0.25	0.513059701493	0.0559701492537	0.180970149254
-dèe	0.52422907489	0.47577092511	0.0	0.0
-epə	0.0699844479005	0.776049766719	0.111975116641	0.0419906687403
-vɛʼ	0.567123287671	0.323287671233	0.0931506849315	0.0164383561644
-ŋàk	0.417910447761	0.432835820895	0.119402985075	0.0298507462686
-usə	0.22990836503	0.148567679277	0.0375066195499	0.584017336143
-tɛʼ	0.0	0.767441860465	0.0	0.232558139535
-fòs	0.00569800569801	0.994301994302	0.0	0.0
-iɛp	0.420118343195	0.497041420118	0.0828402366864	0.0
-mòk	0.0581245034268	0.13246875832	0.0778607228517	0.731546015402
-mòn	0.0	1.0	0.0	0.0
-peŋ	0.169811320755	0.779874213837	0.0125786163522	0.0377358490566
-à'a	0.267059050915	0.0969833743316	0.050583199785	0.585374374968
-ŋwè	0.146355604312	0.526625221987	0.0666190751977	0.260400098503
-wɛs	0.458313926409	0.202841173731	0.0523986958546	0.286446204006
-fòo	0.456043956044	0.510989010989	0.0235478806907	0.0094191522763
-ŋwà	0.0149766802312	0.536722596949	0.0153111470353	0.432989575785
-eʼè	0.558472553699	0.360381861575	0.0381861575179	0.0429594272076
-m-ɛ	0.153098420413	0.671931956258	0.174969623329	0.0
-̀hə	0.472202423378	0.321988595866	0.125623663578	0.0801853171775
-ŋà'	0.22619047619	0.654761904762	0.0952380952381	0.0238095238095
-ʉmo	0.59778597786	0.256457564576	0.0774907749078	0.0682656826568
-kìŋ	0.1	0.75	0.15	0.0
-aʼà	0.309723889556	0.489795918367	0.157262905162	0.0432172869148
-wiʼ	0.0989010989011	0.901098901099	0.0	0.0
-ièʼ	0.607142857143	0.232142857143	0.160714285714	0.0
-tsə	0.202481156407	0.0767239138693	0.0560309494772	0.664763980247
-fà'	0.321471896482	0.545086938941	0.0363930448847	0.0970481196926
-izà	0.0333333333333	0.733333333333	0.0	0.233333333333
-̀hʉ	0.43917337094	0.230512697585	0.250445299076	0.0798686323982
-enə	0.430836164631	0.187455165915	0.0301391198877	0.351569549566
-urà	0.229885057471	0.436781609195	0.333333333333	0.0
-ihi	0.396290461419	0.296519465333	0.112877815855	0.194312257394
-urù	0.0486904349832	0.927772008769	0.0193838698511	0.00415368639668
-à'à	0.276460405008	0.481178791417	0.0986352107572	0.143725592818
-kə̀	0.33549470684	0.0305997408928	0.0298752783624	0.604030273905
-ŋwa	0.0	0.656626506024	0.343373493976	0.0
-èèŋ	0.328358208955	0.375	0.184701492537	0.111940298507
--fi	0.010752688172	0.903225806452	0.0860215053763	0.0
-fàk	0.239047483556	0.607406347513	0.0800275675793	0.0735186013513
-ɛɛ̀	0.405797101449	0.468599033816	0.125603864734	0.0
-nɛŋ	0.45205479452	0.22602739726	0.219178082192	0.102739726027
-ksə	0.499536393738	0.400741880017	0.0468086773799	0.052913048865
-fàs	0.0927624872579	0.887359836901	0.00764525993883	0.0122324159021
-'lò	0.965909090909	0.0	0.0340909090909	0.0
-sʉə	0.413054067219	0.534339990258	0.0423770092547	0.0102289332684
-wɛ̀	0.830508474576	0.135593220339	0.0	0.0338983050847
-ʉ'ʉ	0.469743589744	0.521025641026	0.00923076923077	0.0
-ajà	0.00786163522012	0.988993710692	0.0	0.00314465408805
-ʉma	0.0691699604743	0.930830039526	0.0	0.0
-ʉmm	0.0	0.0222222222222	0.977777777778	0.0
-ìpi	0.00925925925925	0.981481481482	0.0	0.00925925925925
-ùwà	0.0754716981132	0.905660377359	0.0	0.0188679245283
-əlà	0.197193500739	0.299852289512	0.280649926145	0.222304283604
-ùwè	0.0	0.830985915493	0.0845070422535	0.0845070422535
-èhe	0.472821397757	0.398619499569	0.0974978429681	0.0310612597066
-yuù	0.882352941177	0.0588235294117	0.0	0.0588235294117
-ojà	0.0465849867423	0.903184145561	0.0440591569901	0.00617171070678
-ŋak	0.615238697439	0.205501106544	0.15270312994	0.0265570660765
-wiŋ	0.463251483215	0.331589437913	0.174805253106	0.0303538257654
-ŋam	0.128048780488	0.849085365854	0.0137195121951	0.0091463414634
-ŋaa	0.479166666667	0.395833333333	0.125	0.0
-ŋap	0.175654853621	0.713405238829	0.0970724191063	0.0138674884438
-faʼ	0.0769230769231	0.846153846154	0.0	0.0769230769231
-sòŋ	0.132120253165	0.863132911392	0.0	0.00474683544303
-ɛɛd	0.0839160839161	0.517482517483	0.178321678322	0.22027972028
-'lo	0.409348441926	0.354107648725	0.0764872521246	0.160056657224
-fʉk	0.302735190183	0.317315451181	0.0678928183867	0.312056540249
-əri	0.0636942675159	0.828025477707	0.108280254777	0.0
-lòŋ	0.0167879127028	0.929490766648	0.0167879127028	0.0369334079463
-esə	0.26273062421	0.0717496943902	0.0302860238196	0.63523365758
-vum	0.0309535242891	0.787374596047	0.137830787401	0.0438410922636
-iiŋ	0.443703703704	0.325925925926	0.0725925925926	0.157777777778
-kəa	0.564850615114	0.354305799648	0.0330404217926	0.0478031634447
-p-e	0.224719101124	0.460674157303	0.269662921348	0.0449438202247
-p-a	0.617911672542	0.208674406454	0.0518248499552	0.121589071049
-yuk	0.704829266508	0.0569025736839	0.0192143777446	0.219053782064
-èhè	0.131868131868	0.736263736264	0.131868131868	0.0
-yum	0.321047822114	0.553152604325	0.081937252513	0.0438623210478
-əla	0.685714285714	0.285714285714	0.0285714285714	0.0
-tɛŋ	0.255257451867	0.488335640952	0.191880665639	0.0645262415423
-leʼ	0.457142857143	0.523809523809	0.0190476190476	0.0
-ki'	0.344262295082	0.32131147541	0.295081967213	0.0393442622951
-fʉ'	0.239304812834	0.560160427808	0.0601604278074	0.140374331551
-òoŋ	0.189555663263	0.319280287303	0.098938164061	0.392225885373
-taŋ	0.503197954807	0.413502267754	0.0331688314121	0.0501309460265
-nɛɛ	0.209775967413	0.668024439918	0.0488798370672	0.0733197556008
-sàp	0.105298296947	0.145038354527	0.120035745659	0.629627602867
-iè'	0.345330193968	0.543670815114	0.0369996636394	0.0739993272789
-̀tà	0.319926873857	0.563211925186	0.0527351989875	0.0641260019687
-wi'	0.417262669721	0.319005978656	0.126697211823	0.1370341398
-̀tè	0.111759973856	0.0969104301264	0.0747303853792	0.716599210639
-sàa	0.0715832078313	0.891707454819	0.0238610692771	0.0128482680723
-̀uʼ	0.5	0.461538461539	0.0384615384615	0.0
-sàm	0.075	0.875	0.025	0.025
-sàn	0.0245901639344	0.963114754098	0.0	0.0122950819672
-lòò	0.808080808081	0.191919191919	0.0	0.0
-fàʼ	0.543445134177	0.22076255554	0.0673692315095	0.168423078774
-ŋwʉ	0.197315436242	0.620134228188	0.161073825503	0.0214765100671
-a-a	0.424440429926	0.188338516534	0.105056855482	0.282164198057
-a-e	0.439393939394	0.424242424242	0.0757575757576	0.0606060606061
-krə	0.487804878049	0.276422764228	0.0650406504065	0.170731707317
-ŋaŋ	0.107946026986	0.337331334333	0.440779610195	0.113943028486
-wim	0.149505766063	0.768121911038	0.0799011532125	0.00247116968699
-wii	0.534246575342	0.465753424658	0.0	0.0
--tʉ	0.697247706422	0.165137614679	0.0550458715596	0.0825688073394
-m-e	0.455048409405	0.349930843707	0.0539419087137	0.141078838174
-m-a	0.652999083966	0.174767798279	0.0481530923686	0.124080025387
-urə	0.42623136684	0.3362175812	0.08513598825	0.15241506371
-sʉ̀	0.20265142643	0.0693774300839	0.417107790322	0.310863353164
-iim	0.111111111111	0.777777777778	0.111111111111	0.0
-usì	0.0388671753831	0.950027917365	0.00179911905205	0.00930578820025
-àlɛ	0.210629584924	0.125535718861	0.0308152743256	0.633019421889
-iip	0.477272727273	0.477272727273	0.0	0.0454545454545
-kà'	0.0783257061955	0.863591946516	0.0525192129697	0.00556313431825
-sòo	0.035964035964	0.832167832168	0.131868131868	0.0
-ɛɛŋ	0.4899842733	0.177440029999	0.0536850604005	0.2788906363
-nɛ̀	0.279062934522	0.348699801675	0.191328059258	0.180909204546
-tɛ'	0.0243725368181	0.0328606207491	0.334392296859	0.608374545574
-lòs	0.0537046245649	0.919443063153	0.00298359025361	0.0238687220288
-lòm	0.0	0.940119760479	0.0	0.059880239521
-ʼ-a	0.160714285714	0.607142857143	0.160714285714	0.0714285714286
-lòo	0.644907589461	0.157102711412	0.0116819964896	0.186307702637
-lòk	0.197947214076	0.633431085044	0.109970674487	0.0586510263929
-a-à	0.869739478958	0.0881763527054	0.0120240480962	0.0300601202404
-vɛ'	0.400531072701	0.313547301755	0.0356247526059	0.250296872938
-sòs	0.00329822618108	0.758232302197	0.00352997460641	0.234939497016
-sòp	0.568181818182	0.308823529412	0.0360962566845	0.0868983957219
-tam	0.273598820059	0.662241887906	0.033185840708	0.0309734513275
-wiì	0.12560599383	0.61657117673	0.25782282944	0.0
-isə	0.621686463035	0.205760062936	0.0289747673268	0.143578706702
-tak	0.152777777778	0.805555555556	0.0277777777778	0.0138888888889
-taa	0.758807588076	0.241192411924	0.0	0.0
-tap	0.504736129905	0.251691474966	0.182679296346	0.0608930987821
-ə-ɛ	0.506194347658	0.244096012389	0.157762291909	0.0919473480449
-tas	0.0100198065944	0.987183968309	0.0	0.00279622509612
-yuŋ	0.773899635548	0.106602186712	0.0164704233249	0.103027754415
-òop	0.126425285057	0.771354270854	0.0274054810962	0.0748149629926
-òos	0.189855824469	0.692987657981	0.0255735517586	0.0915829657907
-ent	0.044776119403	0.955223880597	0.0	0.0
-tɛs	0.622047244095	0.305269533616	0.00726832222896	0.0654149000606
-òom	0.1728553137	0.772087067862	0.0192061459667	0.0358514724712
-òon	0.391304347826	0.0579710144928	0.173913043478	0.376811594203
-òok	0.376168471652	0.292007038727	0.0981988297401	0.233625659881
-ànə	0.488862063775	0.0180884757804	0.00204901554728	0.491000444897
-hes	0.297709923664	0.702290076336	0.0	0.0
-hem	0.0	0.990384615385	0.0	0.00961538461538
--òò	0.364102564103	0.394871794872	0.220512820513	0.0205128205128
-u-a	0.264660361135	0.276526225279	0.0491831470336	0.409630266552
-u-o	0.293103448276	0.137931034483	0.5	0.0689655172413
-vìd	0.00172709583079	0.989982844181	0.00138167666463	0.00690838332315
-ŋbu	0.0255401954028	0.948919609194	0.0255401954028	0.0
-ptɛ	0.176153385261	0.786099460755	0.00718993409227	0.0305572198921
-rìp	0.314285714286	0.571428571429	0.0952380952381	0.0190476190476
-còp	0.0233566900233	0.747747747748	0.0217995773552	0.207095984874
-còm	0.726849353817	0.149176018122	0.00981694837901	0.114157679682
-rìi	0.3143483023	0.485761226725	0.0766703176342	0.123220153341
-ŋbo	0.267857142857	0.732142857143	0.0	0.0
-roŋ	0.088789417751	0.811451043386	0.067877624381	0.031881914482
-nsa	0.0157126823793	0.984287317621	0.0	0.0
-pup	0.306487695749	0.5548098434	0.118568232662	0.0201342281879
-yàk	0.457396759017	0.453364199836	0.0634754685983	0.0257635725487
-nòŋ	0.633333333333	0.3	0.0	0.0666666666667
-bɛʼ	0.325227963526	0.384498480243	0.141337386018	0.148936170213
-nəŋ	0.34	0.442727272727	0.03	0.187272727273
-e'è	0.233766233766	0.405844155844	0.0681818181818	0.292207792208
-inə	0.122260562638	0.647718891582	0.0574228216205	0.17259772416
-meè	0.0210526315789	0.957894736842	0.0210526315789	0.0
-zìk	0.0148936170213	0.98085106383	0.00425531914895	0.0
-əma	0.134161490683	0.865838509317	0.0	0.0
-ìrə	0.622899570145	0.237885892927	0.0967174677609	0.0424970691676
-əmm	0.286432160804	0.525125628141	0.128140703518	0.0603015075377
-ìbo	0.259259259259	0.203703703704	0.037037037037	0.5
-̀sə	0.363187923452	0.287596036437	0.186237748938	0.162978291173
-nìk	0.712765957447	0.287234042553	0.0	0.0
-me'	0.0148489503328	0.0957501280082	0.2089093702	0.680491551459
-bim	0.258992805755	0.697841726619	0.0	0.0431654676259
-bii	0.132032146958	0.506314580941	0.361653272101	0.0
-gàŋ	0.300902076175	0.324400257271	0.0577239132754	0.316973753279
-bèŋ	0.206779661017	0.783050847458	0.00508474576271	0.00508474576273
-e'e	0.358323859001	0.342162028797	0.0469111629832	0.252602949219
-jik	0.476716701225	0.246966793416	0.253683071473	0.0226334338861
-ʉbu	0.0150273440596	0.862220813188	0.0903669652057	0.0323848775462
-mee	0.845626542364	0.134631203729	0.0197422539073	0.0
-luk	0.0125786163522	0.924528301887	0.0125786163522	0.0503144654088
-lum	0.32264957265	0.551282051282	0.076923076923	0.0491452991453
-jis	0.0689655172414	0.862068965517	0.0689655172414	0.0
-jip	0.420821574161	0.331451865789	0.19818124804	0.04954531201
-aya	0.201690821256	0.0736714975845	0.648550724638	0.0760869565217
-òti	0.242151302925	0.654934393333	0.0887888110723	0.0141254926706
-còŋ	0.0741525423729	0.502118644068	0.381355932203	0.0423728813559
-rìŋ	0.477093206951	0.298775671406	0.0746445497631	0.14948657188
-əpə	0.8	0.075	0.0833333333333	0.0416666666667
-jèe	0.192352688575	0.724983346088	0.0635876656445	0.0190762996933
-ubu	0.0553601708221	0.84374803743	0.0209131445079	0.0799786472398
-'nə	0.0930985435475	0.0987797595792	0.0308750056676	0.777246691206
-nò'	0.106904231626	0.692650334076	0.126948775056	0.0734966592428
-coò	0.255813953488	0.302325581395	0.255813953488	0.186046511628
-nwì	0.0309721952336	0.868389798345	0.0169133979183	0.0837246085027
-iʼì	0.318181818182	0.590909090909	0.0909090909091	0.0
-əss	0.298353245076	0.647400710365	0.0542460445593	0.0
-nəm	0.311072056239	0.372583479789	0.247803163445	0.0685413005272
-wʉ̀	0.422222222222	0.511111111111	0.0	0.0666666666667
-əsa	0.242141036534	0.376380628717	0.208156329652	0.173322005098
-olə	0.0535714285714	0.8125	0.133928571429	0.0
-nòs	0.0641025641025	0.935897435897	0.0	0.0
-nòo	0.569870483981	0.176550783913	0.171779141104	0.0817995910021
-nòn	0.027027027027	0.972972972973	0.0	0.0
-nòm	0.113240418118	0.850174216028	0.0104529616725	0.0261324041812
-nòk	0.0314960629921	0.952755905512	0.0	0.0157480314961
-̀-ɛ	0.703296703297	0.120879120879	0.10989010989	0.0659340659341
-eer	0.0425531914894	0.872340425532	0.0851063829787	0.0
-gok	0.720456692039	0.227040391133	0.0	0.0525029168287
-ayà	0.0155279503106	0.977364729149	0.000927041809586	0.00618027873057
-nìŋ	0.507526482067	0.312209626463	0.0994238989035	0.0808399925665
-ùuʼ	0.547619047619	0.34126984127	0.111111111111	0.0
-ayò	0.0254452926209	0.941475826972	0.0101781170483	0.0229007633588
-ayù	0.0377358490566	0.962264150943	0.0	0.0
-biŋ	0.237598357852	0.263256927814	0.164556962025	0.334587752309
-njò	0.253533069531	0.346806105144	0.0542679479932	0.345392877332
-com	0.745937425897	0.190986316274	0.0228759537459	0.0402003040828
-gà'	0.108966409662	0.657303067882	0.0401143042001	0.193616218256
-cok	0.675481607615	0.175225160536	0.0480068932975	0.101286338551
-ubè	0.0	1.0	0.0	0.0
-ubì	0.0786885245901	0.629508196721	0.0983606557376	0.193442622951
-cop	0.165625	0.628125	0.178125	0.028125
-cos	0.0348878103679	0.949497080959	0.00640078778926	0.00921432088345
-luŋ	0.621582013797	0.281910140472	0.0418200664832	0.0546877792472
-bèp	0.0645161290322	0.814516129032	0.120967741935	0.0
-kɛʼ	0.4194092827	0.415189873418	0.0354430379747	0.129957805907
-akè	0.189573459716	0.696682464455	0.0284360189574	0.085308056872
-gàm	0.579076923077	0.228923076923	0.0258461538461	0.166153846154
-gàk	0.708955223881	0.134328358209	0.0	0.15671641791
-gàp	0.179708166226	0.772335523509	0.0305486816281	0.0174076286373
-akù	0.0824780058651	0.913123167155	0.00439882697947	0.0
-akò	0.008	0.992	0.0	0.0
-è-ɛ	0.535714285714	0.125	0.339285714286	0.0
-ò'o	0.0620689655172	0.885344827586	0.0	0.0525862068965
-njà	0.0106502242152	0.955381165919	0.0108744394619	0.0230941704036
-kɛŋ	0.481459527103	0.457617071725	0.026674570243	0.0342488309293
-pto	0.203539823009	0.265486725664	0.504424778761	0.0265486725664
-mbò	0.444301352221	0.425305859627	0.130392788152	0.0
-'m̀	0.100587012352	0.584811055399	0.211874770698	0.102727161551
-tàŋ	0.0374068893732	0.203829598066	0.0737295210834	0.685033991478
-gam	0.1968	0.6784	0.1152	0.0096
-drù	0.00927357032458	0.990726429675	0.0	0.0
-u-ɛ	0.427046263345	0.4128113879	0.0800711743772	0.0800711743772
-mbà	0.252656434475	0.58559622196	0.0956316410862	0.0661157024794
-yeè	0.350180363016	0.259036736805	0.028341011474	0.362441888705
-àna	0.0	1.0	0.0	0.0
-jək	0.418300653595	0.291503267974	0.227450980392	0.0627450980392
-gap	0.521536670547	0.366705471478	0.0384167636787	0.0733410942957
-mbè	0.190238278248	0.597104791186	0.168460158852	0.0441967717141
-nàa	0.0634920634921	0.873015873016	0.0634920634921	0.0
-ltà	0.0384615384615	0.961538461538	0.0	0.0
-mbì	0.141624437397	0.261839141733	0.224421463267	0.372114957603
-ini	0.110065170166	0.749456915279	0.131788559015	0.00868935553946
-̀wo	0.016228748068	0.260432766615	0.718701700155	0.00463678516228
-ə-a	0.583312119525	0.257667405029	0.0699780874345	0.0890423880112
-ìʼì	0.192727272727	0.392727272727	0.0981818181818	0.316363636364
-ga'	0.657142857143	0.171428571429	0.0	0.171428571428
-ùuŋ	0.49011299435	0.408192090395	0.0381355932203	0.0635593220339
-saŋ	0.429561200924	0.431870669746	0.117782909931	0.0207852193995
-tòŋ	0.123985239852	0.648708487085	0.227306273063	0.0
-ptà	0.0	1.0	0.0	0.0
-rùm	0.0916271721959	0.841232227488	0.067140600316	0.0
-rùk	0.0706932887161	0.852459809871	0.0686054558369	0.00824144557572
-mbu	0.0397490595089	0.651967609695	0.010381004378	0.297902326418
-yep	0.397471137988	0.505772402419	0.0791643760308	0.0175920835624
-mba	0.000700280112044	0.0139277933396	0.101540616246	0.883831310302
-yem	0.703547805171	0.22429344558	0.0505111244738	0.0216476247745
-əmə	0.455516014235	0.252669039146	0.227758007117	0.0640569395018
-mbi	0.11533786397	0.426487651252	0.176529090005	0.281645394773
-msə	0.730609975957	0.180979732161	0.0473888554227	0.0410214364588
-yee	0.427382469821	0.250314716085	0.0795570691744	0.24274574492
-mbo	0.23345492444	0.529442417926	0.183949973945	0.0531526836894
-zùm	0.228720626632	0.135248041775	0.546214099217	0.089817232376
-inì	0.0481540930979	0.949438202247	0.00240770465489	0.0
-inà	0.101469120616	0.871956738691	0.0251816093021	0.00139253138998
-ìsə	0.667236954662	0.298545765612	0.0171086398631	0.0171086398631
-rù'	0.0	0.98352553542	0.0164744645799	0.0
-ìʼi	0.125	0.815476190476	0.0	0.0595238095238
-zùu	0.157894736842	0.552631578947	0.263157894737	0.0263157894737
-ŋbʉ	0.0	0.399061032864	0.600938967136	0.0
-èʼe	0.1803764724	0.0607251723134	0.0273129986907	0.731585356596
-ye'	0.899689762151	0.100310237849	0.0	0.0
-bɛ'	0.535446575277	0.132599335564	0.0425966570319	0.289357432127
-tàn	0.0	1.0	0.0	0.0
-tàm	0.141771019678	0.826923076923	0.0313059033989	0.0
-gaŋ	0.0585316758441	0.896293360836	0.0234931765501	0.0216817867694
-tàa	0.225749298686	0.666174516462	0.029233722132	0.0788424627197
-sa'	0.439446366782	0.378892733564	0.181660899654	0.0
-jəŋ	0.642050784076	0.0459016010953	0.0140963490317	0.297951265797
-egè	0.227186311787	0.546577946768	0.147338403042	0.078897338403
-tàs	0.0121951219512	0.987804878049	0.0	0.0
-tàp	0.193548387097	0.733870967742	0.0322580645161	0.0403225806451
-ì-à	0.803571428571	0.125	0.0	0.0714285714286
-kɛs	0.250474383302	0.436432637571	0.278937381404	0.0341555977229
-aha	0.409357133708	0.187352266508	0.15253664955	0.250753950233
-ùuk	0.159216847351	0.710380979126	0.088336956258	0.0420652172657
-sap	0.0905216676935	0.227408092011	0.237625795851	0.444444444444
-ùum	0.18739682475	0.631218537918	0.145515315793	0.0358693215399
-tà'	0.0835451431097	0.625593988286	0.218145651453	0.072715217151
-̀-e	0.488888888889	0.177777777778	0.266666666667	0.0666666666667
-̀-a	0.612394625087	0.276050579958	0.0435760917792	0.0679787031756
-saa	0.0376712328767	0.797945205479	0.0890410958904	0.0753424657534
-jùm	0.848421052632	0.0821052631579	0.018947368421	0.0505263157895
-sak	0.45439884315	0.500065820456	0.0172126701148	0.0283226662799
-ùup	0.200153518804	0.651713060101	0.119893939482	0.0282394816135
-sam	0.651429579951	0.28715142958	0.0232968584539	0.0381221320155
-əsə	0.462405173686	0.197553726877	0.0471078823864	0.29293321705
-coʼ	0.0882352941176	0.794117647059	0.117647058823	0.0
-dèn	0.0	1.0	0.0	0.0
-nəə	0.181102362205	0.388451443569	0.107611548556	0.322834645669
-kɛ'	0.328291988308	0.165569961778	0.0587199280522	0.447418121862
-ham	0.0515211440073	0.893164528456	0.03497610787	0.0203382196669
-yeŋ	0.128463928817	0.0512769020311	0.0219970259976	0.798262143154
-bɛŋ	0.390814686643	0.46397879345	0.0339777622965	0.111228757611
-ì-a	0.467197950761	0.31464351786	0.050804041554	0.167354489825
-ì-e	0.0356294536817	0.161520190024	0.596199524941	0.206650831354
-ahà	0.129196573281	0.830979393378	0.0166705255846	0.0231535077564
-nà'	0.0346634679133	0.0320532538718	0.00690380185782	0.926379476357
-tòk	0.151554404145	0.795336787565	0.0319516407599	0.0211571675302
-tòs	0.0349743079728	0.946792640477	0.0104425658876	0.00779048566219
-dès	0.0	1.0	0.0	0.0
-mpì	0.0431034482758	0.956896551724	0.0	0.0
-olò	0.0751552795031	0.911180124224	0.0	0.0136645962733
-̀-à	0.563076923077	0.233846153846	0.0923076923077	0.110769230769
-mpà	0.0	1.0	0.0	0.0
-lfà	0.0	1.0	0.0	0.0
-olà	0.0784518828451	0.905857740586	0.015690376569	0.0
-tò'	0.0428015564202	0.933852140078	0.0	0.0233463035019
-zuù	0.0880564898767	0.891095244607	0.0134416448721	0.00740662064382
-bùp	0.123076923077	0.676923076923	0.2	0.0
-ʼgù	0.0377358490566	0.943396226415	0.0	0.0188679245283
-wìp	0.154807170016	0.691200434546	0.0692558392178	0.0847365562194
-wìs	0.317811408615	0.518044237486	0.111757857974	0.0523864959255
-wìi	0.273804039406	0.632673553635	0.0233568957956	0.0701655111641
-ʉrì	0.102564102564	0.153846153846	0.717948717949	0.025641025641
-keʼ	0.0708661417323	0.763779527559	0.165354330709	0.0
-sìs	0.0409090909091	0.836363636364	0.0681818181818	0.0545454545454
-wis	0.383333333333	0.405555555556	0.188888888889	0.0222222222222
-liŋ	0.228015993273	0.514956897198	0.00661469667917	0.25041241285
-dòm	0.00607902735562	0.987841945289	0.00607902735562	0.0
-dòo	0.768194070081	0.231805929919	0.0	0.0
-sìi	0.127659574468	0.858156028369	0.0	0.0141843971631
-dòk	0.0	1.0	0.0	0.0
-lə̀	0.258796882271	0.289680176766	0.107672054532	0.343850886431
-yèʼ	0.210526315789	0.6	0.126315789474	0.0631578947368
-gəʼ	0.425905598244	0.39462129528	0.143249176729	0.0362239297475
-wì'	0.408955223881	0.298880597015	0.261567164179	0.0305970149254
-duŋ	0.10365448505	0.801993355482	0.0943521594684	0.0
-bə̀	0.0487804878049	0.317073170732	0.609756097561	0.0243902439024
-ù-è	0.227848101266	0.506329113924	0.0	0.26582278481
-vəp	0.26377623395	0.606881751719	0.0242789073582	0.105063106973
-eli	0.0	0.979591836735	0.0204081632653	0.0
-ncù	0.163909031093	0.746394206501	0.0336126814914	0.0560840809154
-vəm	0.206008583691	0.184549356223	0.0	0.609442060086
-iya	0.273126570382	0.477242649174	0.101463452059	0.148167328385
-èep	0.257877878896	0.583415526971	0.057416916637	0.101289677496
-vwe	0.883116883117	0.116883116883	0.0	0.0
-èes	0.0901382380835	0.0879080669806	0.042766506186	0.77918718875
-èem	0.47191011236	0.312109862672	0.0561797752809	0.159800249688
-èek	0.152492668622	0.847507331378	0.0	0.0
-ŋsə	0.530084857536	0.196209895291	0.0727839547606	0.200921292412
-ko'	0.467237130953	0.287397518032	0.107880471305	0.13748487971
-tu'	0.207473232386	0.596222421554	0.115530960153	0.0807733859073
-ŋlo	0.678832116788	0.0656934306569	0.0	0.255474452555
-va'	0.377165075999	0.316012725345	0.0402969247084	0.266525273948
-ʉrr	0.326086956522	0.586956521739	0.0	0.0869565217391
-hum	0.0235911087024	0.123760337714	0.0240161737241	0.828632379859
-ù-a	0.210655235762	0.123887135522	0.0522869659428	0.613170662773
-iyù	0.0	1.0	0.0	0.0
-kom	0.527252033891	0.385743792944	0.059183071281	0.0278211018842
-koo	0.051724137931	0.741379310345	0.172413793103	0.0344827586207
-tuk	0.387456445993	0.50243902439	0.0418118466898	0.0682926829268
-tum	0.520569433141	0.436510917729	0.0194773124091	0.023442336721
-kok	0.457636559725	0.161777678075	0.0368126634494	0.343773098751
-iyò	0.0662188099808	0.904030710173	0.0278310940499	0.00191938579654
-kot	0.0644267405612	0.880845167994	0.0221683408383	0.0325597506062
-kop	0.000963391136802	0.999036608863	0.0	0.0
-kos	0.0384615384615	0.961538461538	0.0	0.0
-ciʼ	0.875892553553	0.0687596811364	0.0396690468095	0.0156787185009
-ncu	0.325804798907	0.506882418239	0.0675177183844	0.0997950644693
-iyà	0.131043449462	0.844576108713	0.0139684233812	0.0104120184442
-əco	0.131392310564	0.299738708473	0.510638297872	0.0582306830907
-lip	0.251362473585	0.214770325881	0.433767100434	0.1001001001
-fè'	0.868388683887	0.0873308733088	0.0369003690037	0.00738007380074
-lis	0.263555595673	0.526149612145	0.164315832715	0.0459789594681
-lim	0.469396939694	0.342934293429	0.00742574257426	0.180243024302
-lin	0.0	0.986842105263	0.0131578947368	0.0
-lii	0.0442477876106	0.898570456093	0.0204220558203	0.0367597004765
-lik	0.07779886148	0.387096774194	0.535104364326	0.0
-fwa	0.274509803922	0.647058823529	0.0	0.078431372549
-oma	0.0120295466528	0.955373896677	0.0170068991321	0.0155896575377
-dòŋ	0.0	0.960433150139	0.039566849861	0.0
-kèe	0.347654103945	0.438523239205	0.0543530015017	0.159469655349
-ràŋ	0.0942595784171	0.776216359539	0.101153387246	0.0283706747978
-i'ì	0.282374300399	0.318939675947	0.110773691738	0.287912331916
-vàk	0.134020618557	0.40206185567	0.175257731959	0.288659793814
-wìŋ	0.0538499028166	0.477572059498	0.06334041945	0.405237618235
-vàa	0.0307692307693	0.907692307692	0.0410256410257	0.0205128205128
-ʉsə	0.3875553119	0.265105533148	0.102596232917	0.244742922035
-kè'	0.226666666667	0.626666666667	0.12	0.0266666666666
-elò	0.0	1.0	0.0	0.0
-jwa	0.822529177777	0.116711107226	0.0218560125891	0.0389037024085
-yùu	0.243839169909	0.651102464332	0.0933852140078	0.011673151751
-duk	0.290489841594	0.395384988059	0.152298069078	0.161827101269
-dum	0.207308444666	0.641923669205	0.114142423107	0.0366254630208
-yùs	0.0292682926829	0.853658536585	0.0731707317073	0.0439024390244
-omù	0.0	0.996476805637	0.0	0.00352319436289
-anə	0.262725439588	0.0543270733909	0.0142047948454	0.668742692176
-nca	0.365427675773	0.181370353784	0.231079265562	0.222122704881
-liì	0.771428571429	0.214285714286	0.0	0.0142857142857
-ŋgo	0.0987202925046	0.797074954296	0.0554539914686	0.0487507617307
-omè	0.118847539016	0.821128451381	0.0504201680672	0.0096038415366
-omì	0.0	1.0	0.0	0.0
-fep	0.546352100306	0.30706562888	0.0616311820467	0.0849510887671
-i'i	0.410447761194	0.241293532338	0.101990049751	0.246268656716
-màs	0.0717131474104	0.90438247012	0.0	0.0239043824701
-dik	0.10256072221	0.787957279849	0.0981562740166	0.011325723925
-màn	0.0254022015241	0.593564775614	0.381033022862	0.0
-ai'	0.209782047279	0.119802503144	0.0210103038031	0.649405145774
-màk	0.324886067708	0.249951171875	0.154947916667	0.27021484375
-èeŋ	0.338041446566	0.128625211343	0.0280861209192	0.505247221172
-fek	0.942130261506	0.0289689905552	0.00327564557515	0.0256251023639
-tuŋ	0.720895961891	0.233906799119	0.0158190336465	0.0293782053435
-vak	0.194111821374	0.271090303412	0.0990366435581	0.435761231656
-sòk	0.68154158215	0.133874239351	0.0243407707911	0.160243407708
-di'	0.358040201005	0.585427135678	0.0565326633166	0.0
-ʉʉ̀	0.164078950007	0.53958111911	0.0219625871485	0.274377343734
-gə̀	0.411648404063	0.341595006469	0.132185400283	0.114571189185
-fe'	0.723404255319	0.248226950355	0.0283687943262	0.0
-cèp	0.463712484289	0.394097435012	0.0157012057294	0.12648887497
-mà'	0.298831839174	0.320021733225	0.127411029611	0.25373539799
-jwè	0.216216216216	0.635135135135	0.0135135135135	0.135135135135
-ema	0.00933676227294	0.961417877443	0.012865075595	0.0163802846893
-mùu	0.607142857143	0.392857142857	0.0	0.0
-aŋa	0.526315789474	0.131578947368	0.236842105263	0.105263157895
-gəà	0.0247409205489	0.952665484082	0.0117636075063	0.0108299878629
-emu	0.0096649484536	0.990335051546	0.0	0.0
-dʉʼ	0.411504424779	0.132743362832	0.106194690265	0.349557522124
-yèè	0.471665213601	0.46556233653	0.0366172624237	0.0261551874455
-cii	0.0917297257841	0.841261344558	0.0335774593056	0.033431470352
-nbì	0.0821917808219	0.671232876712	0.164383561644	0.0821917808219
-vaʼ	0.811320754717	0.0377358490566	0.0754716981132	0.0754716981132
-àhà	0.106359945873	0.634280559314	0.224808299504	0.034551195309
-òli	0.0455531453362	0.119305856833	0.0130151843818	0.822125813449
-cis	0.283582089552	0.694029850746	0.0223880597015	0.0
-koʼ	0.43391188251	0.373831775701	0.0881174899866	0.104138851802
-è'e	0.28260133992	0.494890708533	0.0779589903228	0.144548961224
