-ua'	0.318195558242	0.522173224986	0.0854833834172	0.0741478333541
-hep	0.613851519681	0.1370204285	0.0548081714001	0.194319880419
-hem	0.120350109409	0.731947483589	0.147702407002	0.0
-hen	0.332298136646	0.369565217391	0.0372670807453	0.260869565217
-pu'	0.350081037277	0.643435980551	0.0064829821718	0.0
-hek	0.979619565217	0.0101902173913	0.0	0.0101902173913
-ion	0.221495174219	0.766726648127	0.00392605921806	0.00785211843613
-oye	0.131386861314	0.868613138686	0.0	0.0
-kop	0.39905362776	0.343848580442	0.162460567823	0.0946372239748
-len	0.0514164765185	0.923930531171	0.00367042069138	0.0209825716191
-oyo	0.107549557149	0.777730915226	0.0632644453816	0.0514550822437
-nsu	0.263273716641	0.233872440805	0.113005554599	0.389848287955
-'bo	0.110709251742	0.0214161214593	0.00214580901405	0.865728817784
-plo	0.0105604932603	0.9716965662	0.00137745564265	0.0163654848972
-nsi	0.0425531914894	0.468085106383	0.489361702128	0.0
-auk	0.610310179118	0.257754477938	0.0524246395806	0.0795107033639
-aum	0.0	1.0	0.0	0.0
-nsa	0.0824742268041	0.0432989690722	0.0	0.874226804124
-pla	0.530303030303	0.318181818182	0.0606060606061	0.0909090909091
-nti	0.102208423763	0.705598990211	0.0512430065908	0.140949579435
-ako	0.248187135258	0.160963669159	0.0358609442078	0.554988251375
-nto	0.0117936117936	0.222604422604	0.0029484029484	0.762653562654
-nta	0.11326749255	0.842842072425	0.0188922821795	0.0249981528459
-uak	0.675390892549	0.20621716241	0.0528385080704	0.0655534369703
-nte	0.56309650053	0.293743372216	0.0254506892895	0.117709437964
ALL	0.220511313304	0.269546072484	0.0510899766316	0.458852637581
-uao	0.256900607558	0.49127587199	0.0396012794259	0.212222241026
-uan	0.422683150765	0.304070401959	0.14723375506	0.126012692217
-pue	0.79945553539	0.0671506352087	0.0339642208971	0.0994296085041
-pak	0.70929010956	0.158637250488	0.019510730902	0.11256190905
-uat	0.684210526316	0.315789473684	0.0	0.0
-pul	0.044582201087	0.134962481472	0.152457617959	0.667997699481
-he'	0.477064220183	0.0550458715596	0.0	0.467889908257
-puj	0.20245398773	0.773006134969	0.0	0.0245398773006
-puk	0.585767075933	0.15258076052	0.102912544205	0.158739619343
-pre	0.150709219858	0.766843971631	0.0824468085106	0.0
-kie	0.14028327615	0.819688572183	0.027711797308	0.0123163543591
-pri	0.839469808542	0.142857142857	0.0176730486009	0.0
-'iu	0.535031847134	0.464968152866	0.0	0.0
-ape	0.17402454662	0.444586920682	0.0109910239971	0.370397508701
-oik	0.122699623891	0.527484560974	0.171860731477	0.177955083657
-'in	0.15106670622	0.221427875895	0.480253687596	0.147251730289
-'im	0.13630047115	0.258212869835	0.0613004763404	0.544186182675
-opo	0.0275343402325	0.881215883706	0.029724364107	0.0615254119548
-'ik	0.135959452718	0.206712964531	0.166786120444	0.490541462307
-'ii	0.219512195122	0.658536585366	0.0731707317073	0.0487804878049
-'ie	0.260869565217	0.590062111801	0.0	0.149068322981
-kii	0.0485280999108	0.480463871543	0.422836752899	0.0481712756467
-ri'	0.219401631913	0.64369900272	0.120580235721	0.0163191296464
-msa	0.291859695566	0.414295168762	0.0789212442091	0.214923891463
-twe	0.00867052023121	0.835260115607	0.0173410404624	0.138728323699
-imu	0.263312133325	0.617459325232	0.0529904628636	0.0662380785796
-oku	0.081466395112	0.814256619145	0.0920570264766	0.0122199592668
-msi	0.313984168865	0.316622691293	0.0158311345647	0.353562005277
-ima	0.0	1.0	0.0	0.0
-oko	0.098355079127	0.0707940298713	0.0131519229451	0.817698968057
-atu	0.38528842572	0.354619626941	0.193232512288	0.0668594350508
-ime	0.0552063967841	0.122436928894	0.0815372259613	0.74081944836
-siu	0.444958104594	0.450303380526	0.0440624097082	0.0606761051719
-te'	0.239068400544	0.670359430087	0.0214143501221	0.0691578192469
-kil	0.340778170793	0.524926008807	0.0233162491879	0.110979571212
-oka	0.414142824848	0.336938511435	0.119186424592	0.129732239124
-imo	0.160566706021	0.428571428572	0.238488783943	0.172373081464
-bit	0.459410540718	0.300131117635	0.0648462218169	0.17561211983
-obo	0.108195782845	0.866870209586	0.0	0.0249340075692
-lle	0.614035087719	0.0877192982456	0.181286549708	0.116959064328
-yo'	0.0108579738245	0.989142026175	0.0	0.0
-sus	0.00280622674806	0.734003340563	0.00305609625303	0.260134336436
-oba	0.164245303475	0.619211890635	0.111868950699	0.104673855191
-obe	0.444105556292	0.199177827874	0.318260177695	0.0384564381381
-me'	0.0201824450797	0.0390395843643	0.00418191842249	0.936596052133
-kpo	0.115964724306	0.7627956812	0.0350284348471	0.0862111596472
-tla	0.571683521713	0.294467578822	0.0446162998215	0.089232599643
-bim	0.0585365853658	0.803658536585	0.0646341463414	0.0731707317073
-bij	0.531278942494	0.38957649238	0.0286267575987	0.0505178075271
-bii	0.28093645485	0.530434782609	0.0240802675585	0.164548494983
-eja	0.266149032813	0.126043009742	0.0818711471828	0.525936810263
-ter	0.0120481927711	0.963855421687	0.0240963855422	0.0
-heo	0.802816901408	0.0492957746479	0.0	0.147887323944
-tet	0.388928763682	0.308242119744	0.0601112506729	0.242717865901
-kiu	0.040988372093	0.903779069767	0.0	0.0552325581395
-ria	0.339248273612	0.378746249747	0.112316757543	0.169688719099
-rio	0.0685908635109	0.75851053932	0.133718586211	0.039180010958
-rim	0.167455685554	0.633120515277	0.14136261005	0.0580611891199
-rij	0.0694542877392	0.92629340893	0.00212615166549	0.00212615166549
-rik	0.0806899423891	0.760845422364	0.101374331922	0.0570903033248
-a'u	0.33159864502	0.378551649201	0.0636302860999	0.22621941968
-ejo	0.42363718276	0.230965610452	0.0569154527707	0.288481754017
-tea	0.565379310345	0.272068965517	0.0539310344827	0.108620689655
-rit	0.323827978136	0.379442982329	0.116840674437	0.179888365098
-riu	0.174379089069	0.545187253871	0.046786011265	0.233647645794
-tee	0.0687430395362	0.0427043532719	0.0160529030369	0.872499704155
-utu	0.523573200993	0.218362282878	0.183622828784	0.0744416873448
-tei	0.540411702644	0.311495483285	0.00800917975218	0.140083634319
-a'a	0.301028509309	0.142838493994	0.0248426681281	0.531290328569
-tek	0.629412633619	0.146870166639	0.0554817646831	0.168235435059
-tem	0.134017653094	0.432654826968	0.0554688579395	0.377858661998
-a'e	0.473899303676	0.319293294799	0.0914933495532	0.115314051972
-teo	0.376450223676	0.393247853532	0.0821391725506	0.148162750241
-meu	0.14483253615	0.304388375439	0.0536812753184	0.497097813092
-met	0.220199043803	0.374692015182	0.0302329784609	0.374875962554
-e'e	0.11559169822	0.0803410412776	0.0151571804737	0.788910080029
-jim	0.0148254222297	0.147243398054	0.16762835362	0.670302826096
-ara	0.174544552732	0.428869699914	0.0117215820168	0.384864165337
-e'a	0.155931300618	0.0561701770827	0.196576618932	0.591321903368
-e'o	0.132352941176	0.242647058824	0.0	0.625
-wak	0.662606491158	0.223291778909	0.0362121072245	0.0778896227081
-aro	0.0550458715596	0.937090432503	0.0	0.00786369593709
-ari	0.481859076726	0.344567264655	0.0363298595779	0.137243799041
-e'i	0.133809099019	0.759143621766	0.035682426405	0.0713648528099
-jia	0.260683760684	0.103988603989	0.609686609687	0.025641025641
-aru	0.393162393162	0.360398860399	0.165242165242	0.0811965811966
-e'u	0.331111363919	0.379123615335	0.0806775312046	0.209087489541
-luk	0.183908045977	0.770114942529	0.0459770114943	0.0
-mea	0.35994976657	0.440124374023	0.0670849631375	0.13284089627
-nat	0.135375523864	0.252268821419	0.0751499984925	0.537205656225
-mem	0.105047141285	0.33577514723	0.0523614662482	0.506816245236
-meo	0.399209486166	0.442687747036	0.0533596837944	0.104743083004
-jiu	0.368313923529	0.378620014429	0.0123673090797	0.240698752963
-mek	0.379470522492	0.415269628388	0.0775356244761	0.127724224644
-mej	0.0	1.0	0.0	0.0
-nwa	0.21500066663	0.456429527285	0.201712499568	0.126857306517
-iam	0.111714369316	0.833822164105	0.0354341029791	0.0190293635997
-rai	0.672897196262	0.0747663551402	0.196261682243	0.0560747663552
-wat	0.381908685204	0.539134912461	0.0480604188122	0.0308959835221
-ayu	0.240626748741	0.625069949636	0.0671516508114	0.0671516508114
-num	0.381846101348	0.303873059205	0.0675652619007	0.246715577547
-nuk	0.229878859435	0.220022636996	0.0188428401213	0.531255663448
-rae	0.565445026178	0.200698080279	0.0	0.233856893543
-ki'	0.0	1.0	0.0	0.0
-na'	0.30204276164	0.555746712901	0.0765799057723	0.0656306196869
-ubi	0.0369157487348	0.946710330455	0.00803810657935	0.00833581423042
-kue	0.207865922645	0.450708546664	0.142668124029	0.198757406662
-ubo	0.144827586207	0.1	0.0586206896552	0.696551724138
-uba	0.366088631985	0.500963391137	0.0578034682081	0.0751445086705
-ube	0.348590481964	0.556229160352	0.0254622612913	0.0697180963928
-umu	0.0	1.0	0.0	0.0
-ota	0.036995202616	0.850669919125	0.0275288559703	0.0848060222885
-kel	0.1016114781	0.854209618378	0.026507342113	0.0176715614087
-ote	0.325930524593	0.291277478342	0.0253971837345	0.357394813331
-oti	0.15633184254	0.790886014747	0.0177283532777	0.0350537894355
-ali	0.219753300527	0.283119079104	0.162479134601	0.334648485768
-ume	0.291654530657	0.350055506642	0.28887586984	0.0694140928617
-uma	0.370713539538	0.179179724758	0.140118998955	0.309987736749
-otu	0.257560941538	0.599706642453	0.118984424111	0.0237479918977
-umi	0.0	0.95983935743	0.0	0.0401606425703
-naj	0.168141925511	0.51562543404	0.0377461465433	0.278486493906
-nak	0.212519652351	0.146981653643	0.0188441968011	0.621654497205
-kia	0.090428429077	0.0798575033665	0.0306937756407	0.799020291916
-ian	0.375646959237	0.151053937502	0.0556319523401	0.417667150921
-nan	0.613048368954	0.314510686164	0.0256467941507	0.0467941507312
-nao	0.0576308482214	0.786765861581	0.127311782889	0.0282915073086
-aki	0.407900060692	0.416093465507	0.0591745903299	0.116831883472
-nam	0.135867945254	0.292749933201	0.467053409732	0.104328711813
-kik	0.27412302871	0.224600687424	0.354794278205	0.146482005661
-kij	0.0	0.95008912656	0.0499108734403	0.0
-ake	0.330937571255	0.44225089218	0.116018941262	0.110792595303
-naa	0.368538564699	0.216913015727	0.149965772991	0.264582646583
-kim	0.156925658999	0.727918188699	0.0329088096884	0.0822473426136
-nae	0.158184510276	0.0669667057657	0.0442023102016	0.730646473756
-sik	0.167822468793	0.615811373093	0.216366158114	0.0
-sio	0.157545605307	0.842454394693	0.0	0.0
-sin	0.021978021978	0.956043956044	0.0	0.021978021978
-sim	0.0497215579615	0.900221286418	0.0289336644418	0.0211234911792
-kit	0.681318681319	0.153846153846	0.131868131868	0.032967032967
-nas	0.369369369369	0.24024024024	0.126126126126	0.264264264264
-sia	0.10984024237	0.140994313296	0.0402481265113	0.708917317823
-ala	0.163496475648	0.128782119249	0.0282174130411	0.679503992062
-sie	0.0303407380097	0.890128122408	0.0190800995483	0.0604510400344
-nau	0.165081291395	0.156699779314	0.0581144373071	0.620104491984
-uaa	0.384615384615	0.107692307692	0.415384615385	0.0923076923077
-mou	0.0480704289691	0.0146735729853	0.00699551196824	0.930260486077
-mot	0.105988888755	0.152866607327	0.0622522648548	0.678892239063
-mor	0.0	1.0	0.0	0.0
-re'	0.126341364649	0.812715124519	0.0277384085847	0.0332051022474
-moo	0.0116504854369	0.988349514563	0.0	0.0
-mon	0.013256006628	0.980115990058	0.0	0.00662800331399
-mom	0.0362358625233	0.927528274953	0.0	0.0362358625234
-moj	0.0466321243523	0.930051813471	0.0233160621762	0.0
-iao	0.463146969969	0.181642767682	0.0313390893164	0.323871173033
-yat	0.158558558559	0.798198198198	0.0	0.0432432432432
-u'u	0.110043784123	0.0816122089155	0.0105073206856	0.797836686276
-jla	0.316109422493	0.294832826748	0.176291793313	0.212765957447
-ha'	0.217598475222	0.639453621347	0.0412960609911	0.10165184244
-ber	0.0	1.0	0.0	0.0
-bep	0.768382352941	0.202205882353	0.0	0.0294117647059
-eor	0.0	1.0	0.0	0.0
-bet	0.325810635538	0.485779507134	0.0294682230869	0.158941634241
-beu	0.171802781062	0.752172991778	0.0182245303953	0.0577996967646
-eon	0.0514064015519	0.939864209505	0.0	0.00872938894276
-u'e	0.343275021508	0.520504731861	0.07527960998	0.0609406366504
-yaa	0.675247639886	0.124442470451	0.0484039255364	0.151905964126
-bel	0.0903614457831	0.903614457831	0.0	0.00602409638554
-bem	0.0440815676816	0.100634265327	0.0288466711777	0.826437495814
-lpo	0.322085889571	0.484826906223	0.136119631902	0.056967572305
-bea	0.0516771645494	0.875059007229	0.0470981752855	0.0261656529364
-ma'	0.117510514958	0.780399547989	0.0579699502707	0.0441199867824
-bee	0.0133333333333	0.973333333333	0.00444444444444	0.0088888888889
-rej	0.0184657997999	0.95198892052	0.0281603446949	0.001384934985
-rek	0.596167884644	0.275928789532	0.0905398086297	0.0373635171943
-rei	0.398734177215	0.537974683544	0.0348101265823	0.0284810126582
-ren	0.436354869817	0.415782706525	0.138219222115	0.00964320154291
-reo	0.122837000641	0.650715659047	0.19600512711	0.0304422132023
-isi	0.302864498367	0.216017572499	0.188080210943	0.293037718192
-rem	0.184983677911	0.74428726877	0.0707290533188	0.0
-k'e	0.227848101266	0.189873417721	0.227848101266	0.354430379747
-ise	0.147540983607	0.72131147541	0.0327868852459	0.0983606557377
-rea	0.0388888888889	0.916161616162	0.0151515151515	0.029797979798
-isa	0.251990963036	0.0362049228848	0.00510259460221	0.706701519477
-ual	0.348157899526	0.539763041513	0.0354285090301	0.0766505499305
-mo'	0.007744828289	0.985529399776	0.00183430143687	0.00489147049832
-upe	0.251948051948	0.691948051948	0.00623376623375	0.0498701298701
-upa	0.440495320919	0.334152566405	0.149730598355	0.0756215143208
-upo	0.113589756415	0.744147951783	0.107500125044	0.0347621667584
-isu	0.222440795945	0.414768858289	0.0794431414088	0.283347204358
-ret	0.00675675675674	0.987567567568	0.00405405405407	0.00162162162162
-reu	0.317073170732	0.424542682927	0.221798780488	0.0365853658537
-haa	0.598442443417	0.159649549769	0.0608420540278	0.181065952787
-jup	0.670807453416	0.329192546584	0.0	0.0
-oat	0.297002724796	0.494864808216	0.0301823517082	0.17795011528
-bwi	0.150733164834	0.301614150045	0.211799943295	0.335852741826
-juu	0.747826086957	0.113043478261	0.0347826086956	0.104347826087
-hai	0.0427190332119	0.906964097283	0.00501127120371	0.0453055983009
-mas	0.0254957507082	0.917847025496	0.0	0.056657223796
-hak	0.901465835964	0.0409577291649	0.00656552957282	0.0510109052981
-mau	0.443652561247	0.147438752784	0.110467706013	0.298440979955
-bwa	0.322712007398	0.265668348557	0.187971510619	0.223648133426
-han	0.666147098271	0.132489940914	0.0304491245877	0.170913836227
-hao	0.515941404567	0.129685480396	0.122791900043	0.231581214994
-mai	0.559266227658	0.182502351834	0.0729068673566	0.185324553152
-mak	0.155162393464	0.225201533081	0.0527880600867	0.566848013368
-maj	0.123242349049	0.843672456576	0.00827129859388	0.0248138957816
-mam	0.0903412893152	0.860919027437	0.036359580638	0.0123801026099
-hau	0.416197067308	0.149205542518	0.098653233883	0.335944156291
-mao	0.399277425006	0.276165973287	0.0494306984892	0.275125903219
-man	0.400487159739	0.0473082092979	0.00745038853428	0.544754242429
-eo'	0.0170460464003	0.973296136942	0.00579468999443	0.00386312666295
-iau	0.310964746375	0.337798388191	0.0136001778707	0.337636687563
-mae	0.532005086901	0.196905468419	0.0625264942772	0.208562950403
-be'	0.107257157685	0.85814375919	0.0	0.0345990831243
-jum	0.0602630717675	0.0657880392979	0.00470645382224	0.869242435112
-nku	0.177966101695	0.822033898305	0.0	0.0
-ptu	0.0616016427105	0.650924024641	0.0	0.287474332649
-uni	0.198182105033	0.13040970494	0.0836000970358	0.587808092992
-to'	0.0427122796972	0.93681379044	0.00988741003122	0.0105865198314
-se'	0.00602228244504	0.980427582054	0.0117434507678	0.00180668473351
-une	0.434953489232	0.238768719127	0.0800569096854	0.246220881955
-ila	0.303514376997	0.369620126123	0.027348911898	0.299516584982
-una	0.200563414784	0.63898585339	0.0361320350297	0.124318696797
-nke	0.830508474576	0.169491525424	0.0	0.0
-pte	0.269390706925	0.322003254384	0.188483095281	0.22012294341
-hik	0.229092788479	0.424592515427	0.159671771391	0.186642924703
-nka	0.591666666667	0.258333333333	0.0333333333333	0.116666666667
-pta	0.348251002946	0.348824114944	0.188905758267	0.114019123842
-pto	0.654545454545	0.29696969697	0.0121212121212	0.0363636363637
-unu	0.628123184195	0.328297501453	0.0435793143521	0.0
-nko	0.0	0.923469387755	0.0	0.0765306122449
-nki	0.666140073723	0.312796208531	0.0105318588731	0.0105318588731
-pti	0.329807823894	0.228128482337	0.293444898438	0.148618795331
-him	0.0208074913772	0.075152639753	0.00915450147765	0.894885367392
-nla	0.8	0.0428571428571	0.0285714285714	0.128571428571
-ia'	0.0525429731494	0.906754014492	0.0204773917845	0.0202256205741
-oo'	0.0236650485437	0.967233009709	0.00182038834951	0.00728155339806
-bek	0.569202425731	0.184616565594	0.123359177094	0.122821831581
-tro	0.186046511628	0.596899224806	0.0426356589147	0.174418604651
-tri	0.712504232028	0.171256065907	0.0236993567317	0.0925403453335
-eom	0.0412482212983	0.947626469803	0.00331807458393	0.00780723431512
-iko	0.178350046527	0.581966993795	0.0278867050579	0.211796254619
-gat	0.0	1.0	0.0	0.0
-ao'	0.0589335827876	0.929840972872	0.0	0.0112254443405
-aat	0.254976731018	0.553341708987	0.0421142038115	0.149567356184
-ne'	0.512326756406	0.274649296006	0.0724787213693	0.140545226219
-seo	0.412079866814	0.45008769838	0.0496103160931	0.0882221187126
-ini	0.4228515625	0.3212890625	0.0234375	0.232421875
-sem	0.0	1.0	0.0	0.0
-sek	0.636958728603	0.208107256625	0.0570588441209	0.0978751706515
-u'a	0.55052722089	0.318006969272	0.042313436213	0.0891523736254
-sei	0.0456273764259	0.631178707224	0.32319391635	0.0
-ino	0.372913951737	0.0516176854877	0.00389412755318	0.571574235223
-ina	0.24082784572	0.680150517404	0.0225776105362	0.0564440263405
-see	0.209167544784	0.749736564805	0.0031612223393	0.0379346680717
-ine	0.494331413241	0.225013172688	0.0720694094331	0.208586004638
-sea	0.359720605355	0.371362048894	0.129220023283	0.139697322468
-ira	0.0528634361234	0.674008810573	0.193832599119	0.079295154185
-yam	0.137747188833	0.771326095386	0.0664986428848	0.0244280728965
-uik	0.0407407407408	0.470370370371	0.474074074074	0.0148148148148
-uim	0.290113770106	0.52295017654	0.144566496665	0.0423695566889
-iki	0.0617640196957	0.0597870799003	0.301882390501	0.576566509903
-seu	0.172661870504	0.63309352518	0.0	0.194244604317
-set	0.503699103864	0.462896542864	0.00273016348862	0.0306741897838
-inu	0.63	0.31	0.02	0.04
-sep	0.190052440331	0.0618221789693	0.00630124134454	0.741824139355
-ooa	0.695709059683	0.0826058955101	0.0772694174405	0.144415627366
-aam	0.0833637284701	0.733434650456	0.0990476190476	0.0841540020264
-kuu	0.26085886551	0.533653254584	0.0307616586686	0.174726221238
-kut	0.198381604105	0.254524634197	0.116778626795	0.430315134904
-iaa	0.219469026549	0.646017699115	0.0849557522124	0.0495575221239
-lau	0.587002096436	0.146750524109	0.203354297694	0.062893081761
-ooi	0.0290322017323	0.0921259430009	0.0145379295893	0.864303925678
-ena	0.181834389553	0.151628388313	0.498344715231	0.168192506903
-ook	0.113265857993	0.777408637874	0.0208606969018	0.0884648072317
-ooj	0.0	1.0	0.0	0.0
-oom	0.0378548895899	0.854889589905	0.0946372239748	0.01261829653
-nes	0.0	1.0	0.0	0.0
-iak	0.518711802993	0.0906546541376	0.0169450022599	0.37368854061
-iaj	0.0196072461562	0.960444512102	0.0110823565231	0.00886588521845
-nen	0.392777879521	0.0428715676655	0.0201757769109	0.544174775903
-neo	0.229571245235	0.197285140848	0.0326045509152	0.540539063002
-oos	0.0	1.0	0.0	0.0
-mti	0.418494623656	0.448602150538	0.0490322580645	0.0838709677419
-nej	0.0	1.0	0.0	0.0
-u'i	0.111359172077	0.20093362021	0.454602014735	0.233105192978
-ias	0.0173391130377	0.962320773591	0.00133377792598	0.0190063354452
-cha	0.100113894501	0.0900969903574	0.0302006829787	0.779588432163
-kun	0.237645561953	0.1892640565	0.0716772935372	0.50141308801
-kum	0.0	1.0	0.0	0.0
-mta	0.28617683544	0.452779313935	0.0755238038934	0.185520046732
-kuk	0.762069455631	0.16686407353	0.0303216942246	0.0407447766144
-tko	0.0614035087719	0.0701754385965	0.850877192982	0.0175438596491
-aom	0.0374956836648	0.953792335165	0.00358728636428	0.00512469480612
-mte	0.503234903782	0.322577969476	0.134372926344	0.0398142003982
-uum	0.655483215364	0.107172489467	0.145797467283	0.0915468278871
-bao	0.670807453416	0.329192546584	0.0	0.0
-eka	0.369673204413	0.32077522403	0.0670244034484	0.242527168108
-bam	0.14145429039	0.823474397942	0.0	0.0350713116671
-baj	0.0	0.910162002946	0.0898379970545	0.0
-bak	0.382984247879	0.440020772027	0.0838093589522	0.0931856211413
-uuk	0.157150787889	0.442840671307	0.281633001665	0.118375539138
-bai	0.445704811578	0.357017028773	0.0638319919864	0.133446167663
-hok	0.412322274882	0.229857819905	0.137440758294	0.220379146919
-eki	0.263333333333	0.478333333333	0.005	0.253333333333
-bae	0.577577274766	0.278904117256	0.0538486294802	0.0896699784979
-hon	0.689481630599	0.173628585808	0.136889783593	0.0
-jpo	0.13861756647	0.763160899127	0.0257255936675	0.0724959407348
-baa	0.206594220795	0.357240736462	0.255196424446	0.180968618297
-jon	0.4664	0.2656	0.0792	0.1888
-joo	0.493813809312	0.161033690782	0.0412858853489	0.303866614557
-joi	0.265909090909	0.586363636364	0.147727272727	0.0
-eku	0.226677553172	0.280567953398	0.0759868336745	0.416767659755
-jok	0.739807416513	0.130301167793	0.020077852899	0.109813562795
-ra'	0.0470021633873	0.923766354177	0.0200885958587	0.0091428865767
-bat	0.215233492736	0.187509781521	0.236821384881	0.360435340862
-bau	0.0612057907275	0.83397471138	0.0531427524281	0.0516767454646
-joa	0.430563625799	0.427658338175	0.0784427658338	0.0633352701917
-ase	0.605839416058	0.240875912409	0.0	0.153284671533
-mbu	0.192825112108	0.381165919283	0.0896860986546	0.336322869955
-asa	0.100062341377	0.220490517315	0.0247208672247	0.654726274083
-aso	0.0597014925373	0.940298507463	0.0	0.0
-yes	0.145496535797	0.535796766744	0.0	0.31870669746
-yeu	0.266647755099	0.0248852273778	0.00246868268246	0.70599833484
-asi	0.181962441081	0.115401993431	0.064763500944	0.637872064545
-yei	0.149466192171	0.534994068802	0.132858837485	0.182680901542
-asu	0.325142079565	0.37219242776	0.118002081165	0.18466341151
-yej	0.566564582958	0.270401729418	0.0108088632679	0.152224824356
-yeo	0.132415023841	0.364860719962	0.0596492206452	0.443075035552
-yen	0.691965383841	0.117399762964	0.0234799525928	0.167154900602
-lta	0.241988709399	0.631957964685	0.0726522389518	0.0534010869647
-yee	0.241004379678	0.269077054128	0.013746743037	0.476171823158
-po'	0.053386610769	0.920083846456	0.0108083322416	0.0157212105332
-au'	0.058908045977	0.821120689655	0.0	0.119971264368
-ba'	0.224448897796	0.741482965932	0.0280561122244	0.00601202404809
-rat	0.489445295332	0.268162748885	0.111873210362	0.130518745422
-rau	0.192494408085	0.663441305609	0.0319774666556	0.11208681965
-ras	0.0279569892473	0.969892473118	0.00215053763441	0.0
-rap	0.0	1.0	0.0	0.0
-ran	0.0100925147183	0.989907485282	0.0	0.0
-eri	0.0707395583463	0.747626816707	0.144411422323	0.0372222026245
-iwa	0.282115470448	0.428917079161	0.0613294500975	0.227638000293
-ram	0.0965138063166	0.782705701226	0.0433482721052	0.0774322203526
-raj	0.0610504774898	0.916439290587	0.00409276944066	0.0184174624829
-rak	0.018	0.718	0.00799999999998	0.256
-iwe	0.200310559006	0.0869565217391	0.66149068323	0.0512422360248
-ero	0.0285714285714	0.2	0.0428571428571	0.728571428571
-era	0.409924005364	0.0938757264193	0.393383996424	0.102816271793
-iwi	0.121323529412	0.683823529412	0.0220588235294	0.172794117647
-jo'	0.0	0.947598253275	0.0524017467249	0.0
-twa	0.126520681265	0.670721816707	0.0640713706407	0.138686131387
-ere	0.107404447123	0.567300410121	0.0598016221386	0.265493520618
-raa	0.23287955148	0.582085915882	0.0353722005205	0.149662332117
-ela	0.193320805689	0.323735974934	0.318336711751	0.164606507626
-pos	0.0519480519481	0.857142857143	0.038961038961	0.0519480519481
-sai	0.0640032075345	0.846240670321	0.0675005169259	0.0222556052183
-uka	0.471546231312	0.259118461607	0.100532453685	0.168802853397
-pot	0.594827586207	0.129310344828	0.275862068965	0.0
-pou	0.110622710623	0.833577533578	0.0102564102564	0.0455433455434
-poj	0.0	0.97	0.0299999999999	0.0
-pok	0.868020304569	0.0456852791878	0.0659898477157	0.0203045685279
-pon	0.685924369748	0.260504201681	0.0	0.0535714285714
-pom	0.211548950095	0.752317971094	0.00954458685574	0.0265884919553
-ye'	0.365760245117	0.314438912294	0.155112983531	0.164687859058
-lae	0.361736334405	0.496784565917	0.122186495177	0.0192926045016
-ike	0.470588235294	0.352941176471	0.0	0.176470588235
-laa	0.513386491705	0.310700116544	0.0751837636525	0.100729628098
-ika	0.39601416123	0.211529816626	0.14817743044	0.244278591703
-aau	0.126102458247	0.77594295365	0.0416588478138	0.056295740289
-lam	0.287303388285	0.460373608608	0.200820188807	0.0515028143007
-lao	0.898305084746	0.0508474576271	0.0	0.0508474576271
-lai	0.118546737188	0.17629138096	0.0768641747572	0.628297707095
-aas	0.0735062829347	0.0685853263073	0.013781921362	0.844126469396
-lak	0.121922762805	0.163458172909	0.670866876677	0.0437521876094
-lat	0.278481012658	0.510548523207	0.0632911392405	0.147679324894
-aal	0.1171875	0.8828125	0.0	0.0
-aao	0.359306746648	0.49657961758	0.0687249674907	0.0753886682816
-aan	0.525957489725	0.262436650614	0.0827639242582	0.128841935402
-aai	0.369468599034	0.552657004831	0.0361352657005	0.0417391304347
-nom	0.0445651417032	0.479005640276	0.472251235986	0.00417798203467
-aak	0.650529039265	0.185574560235	0.0238584911619	0.140037909338
-aaj	0.0452943615257	0.931695688226	0.00808457711442	0.0149253731343
-aae	0.663933656972	0.197595747767	0.0432134051139	0.0952571901476
-noa	0.35253402373	0.526501354572	0.0760520146319	0.044912607066
-ppa	0.424354243542	0.221402214022	0.29889298893	0.0553505535056
-aaa	0.209174311926	0.702752293578	0.0	0.0880733944955
-noe	0.333333333333	0.42962962963	0.192592592593	0.0444444444443
-ppe	0.309278350515	0.505154639175	0.0309278350515	0.154639175258
-boe	0.021207177814	0.972267536705	0.0	0.00652528548124
-boa	0.232558139535	0.767441860465	0.0	0.0
-ori	0.194773501449	0.47540800244	0.148121409324	0.181697086786
-lo'	0.0345879959308	0.949389623601	0.00991861648016	0.00610376398779
-bon	0.666666666667	0.149659863946	0.0510204081632	0.132653061224
-boj	0.252647503782	0.361573373676	0.0151285930408	0.370650529501
-bok	0.617004669868	0.191371988729	0.0418039184559	0.149819422947
-ro'	0.0097892057691	0.944527833975	0.0375252887816	0.00815767147425
-ke'	0.177478300594	0.764961169484	0.0274097761535	0.0301507537689
-aka	0.350197746573	0.307032890868	0.101265262904	0.241504099655
-ile	0.20747739081	0.215216512862	0.140547215208	0.436758881119
-aon	0.0	0.97609561753	0.0239043824701	0.0
-sar	0.0442415730337	0.924157303371	0.0294943820225	0.00210674157303
-hi'	0.138888888889	0.324074074074	0.509259259259	0.0277777777778
-la'	0.134328838541	0.776687156052	0.0629163582532	0.0260676471535
-sau	0.268690277087	0.61095675729	0.0106462185261	0.109706747097
-sat	0.0	1.0	0.0	0.0
-ibu	0.470982374736	0.050217022449	0.0395333904432	0.439267212372
-tom	0.0149188587932	0.0563182605639	0.00400407261504	0.924758808028
-tok	0.00559513438231	0.00185575908555	0.000128915941839	0.99242019059
-'uu	0.394503860047	0.421205467809	0.106239818684	0.0780508534599
-'ut	0.41095792095	0.374227571558	0.108558922019	0.106255585472
-'uk	0.840005823264	0.113408065221	0.0145581598486	0.0320279516669
-'uj	0.157894736842	0.655502392344	0.157894736842	0.0287081339713
-tot	0.123302641248	0.130226083949	0.0130722344702	0.733399040332
-tou	0.103012639235	0.188298738012	0.0354596172492	0.673229005504
-tor	0.0469483568075	0.877934272301	0.075117370892	0.0
-'un	0.312676056338	0.202816901408	0.135211267606	0.349295774648
-sae	0.562597758081	0.340784671533	0.0421989051095	0.0544186652763
-sak	0.819055375756	0.0793021411578	0.00957341163527	0.0920690714505
-ola	0.266056162871	0.231269621783	0.0687816883648	0.433892526981
-aa'	0.0517371706934	0.902561661861	0.00940675830791	0.036294409138
-sao	0.272052024903	0.371910250878	0.103556678789	0.252481045429
-ole	0.129715981348	0.765578635015	0.0661297159813	0.0385756676558
-'ue	0.334540596049	0.444715281075	0.0988234709539	0.121920651922
-no'	0.0446131737555	0.844733286146	0.106792784677	0.00386075542115
-lon	0.0	1.0	0.0	0.0
-bo'	0.00338425836395	0.991942241991	0.00128924128151	0.00338425836395
-loj	0.012543554007	0.983275261324	0.0	0.00418118466899
-iel	0.0238726790451	0.976127320955	0.0	0.0
-ien	0.166327345023	0.102115627569	0.026013195099	0.705543832308
-roa	0.849015317287	0.111597374179	0.0262582056893	0.0131291028446
-oki	0.210303918371	0.625542189789	0.0654278857154	0.0987260061242
-ron	0.00598802395211	0.988023952096	0.00598802395209	0.0
-iet	0.16823703031	0.16993983426	0.103303439664	0.558519695766
-mar	0.0	1.0	0.0	0.0
-ipo	0.221381434238	0.469201009386	0.0681144615699	0.241303094807
-lee	0.42485549133	0.234104046243	0.258670520231	0.0823699421965
-mpo	0.101085583976	0.13637056555	0.0112581958962	0.751285654577
-ipa	0.0585365853658	0.912195121951	0.0195121951219	0.00975609756097
-wim	0.0858807897075	0.74603628977	0.0769679896123	0.0911149309099
-ipe	0.00927643784787	0.990723562152	0.0	0.0
-eim	0.25396658279	0.610044114086	0.0448089617924	0.0911803413313
-ewa	0.246121074297	0.582601686865	0.0692305477993	0.102046691039
-ewi	0.252111131114	0.307071713564	0.0840223903405	0.356794764981
-awi	0.286417266089	0.536633465257	0.111428203224	0.0655210654295
-jtu	0.349315068493	0.383561643836	0.0821917808219	0.184931506849
-awa	0.259626333497	0.57291846203	0.0998410009568	0.0676142035162
-toa	0.027027027027	0.918918918919	0.0	0.0540540540541
-ya'	0.205698562502	0.684753259444	0.0550312443748	0.0545169336796
-awe	0.167148097317	0.660478259649	0.0841636566929	0.0882099863416
-jto	0.029561652804	0.879852545122	0.00611915425476	0.0844666478194
-jti	0.196319563142	0.554618304513	0.073808519612	0.175253612733
-jte	0.735203925176	0.122157970824	0.0131423314496	0.12949577255
-jta	0.108247327581	0.766113740611	0.0201020195412	0.105536912267
-jue	0.0917103882476	0.224554039874	0.146904512067	0.536831059811
-lla	0.373845823491	0.380287738888	0.071934721924	0.173931715697
-maa	0.43013215859	0.307488986784	0.0472246696036	0.215154185022
-sti	0.277591237958	0.143802214494	0.065155694128	0.51345085342
-toi	0.00532859680284	0.984014209591	0.0	0.0106571936057
-sso	0.166982922201	0.38330170778	0.449715370019	0.0
-oli	0.0566037735849	0.448113207547	0.47641509434	0.0188679245283
-yya	0.213581183612	0.289453717754	0.0227617602428	0.474203338392
-'ui	0.768867924528	0.166666666667	0.0455974842767	0.0188679245283
-ibo	0.0715948777648	0.817229336438	0.0628637951106	0.0483119906869
-aik	0.125076109119	0.0935341673953	0.214192214721	0.567197508764
-eyo	0.183129855716	0.750277469478	0.0665926748058	0.0
-eya	0.169014084507	0.570422535211	0.176056338028	0.0845070422535
-wet	0.591240338609	0.377843209422	0.0176665439823	0.0132499079867
-eye	0.651875809847	0.0872507348207	0.0234865676539	0.237386887678
-saa	0.171122994652	0.700534759358	0.0320855614973	0.096256684492
-iul	0.0	1.0	0.0	0.0
-iok	0.337662337662	0.205627705628	0.400432900433	0.056277056277
-ioj	0.204792421287	0.55286988019	0.166271942045	0.0760657564781
-lej	0.203574975174	0.750744786495	0.0178748758689	0.0278053624627
-lek	0.780400421496	0.150052687039	0.0380751668423	0.0314717246224
-lem	0.007722007722	0.992277992278	0.0	0.0
-iom	0.0153000878941	0.824909845227	0.114587892313	0.0452021745657
-leo	0.526032122454	0.249218497359	0.0565915705508	0.168157809637
-mum	0.259721203228	0.585717779408	0.107605771582	0.0469552457813
-lea	0.278899082569	0.502251876564	0.174145120934	0.0447039199332
-mun	0.436128306134	0.231851435003	0.123804164322	0.208216094541
-unn	0.445255474453	0.301094890511	0.186131386861	0.0675182481752
-muk	0.595699264764	0.263788968825	0.0556038685536	0.0849078978575
-mut	0.00671122429279	0.482978312633	0.0117768196152	0.498533643459
-saj	0.0	1.0	0.0	0.0
-ios	0.0510839108582	0.878501899768	0.00550598575164	0.0649082036221
-koo	0.032967032967	0.967032967033	0.0	0.0
-oim	0.0759940650569	0.159136349504	0.037775862374	0.727093723065
-les	0.014685239175	0.944282474895	0.0125256451787	0.0285066407515
-let	0.174296745725	0.601765030336	0.200772200772	0.023166023166
-leu	0.205400081117	0.585317805203	0.11298452981	0.0962975838693
-eem	0.0872504380852	0.835763881251	0.063128258144	0.0138574225194
-eel	0.0281690140845	0.957746478873	0.0	0.0140845070422
-eeo	0.151193346233	0.748447302768	0.0540671045127	0.0462922464861
-een	0.227063733465	0.454834830586	0.165664568154	0.152436867794
-uwa	0.0635342789598	0.80977710233	0.0919452887538	0.0347433299561
-eek	0.173556942278	0.801482059282	0.015600624025	0.00936037441495
-eej	0.0838235294118	0.678651115619	0.0683569979716	0.169168356998
-eea	0.0198675496689	0.847682119205	0.132450331126	0.0
-wau	0.0922427549287	0.732125392495	0.144129304576	0.0315025480002
-iba	0.235450618435	0.0459383612797	0.0768556156215	0.641755404664
-sam	0.131318653377	0.771346114727	0.0662886493083	0.0310465825875
-san	0.133698103903	0.0881356988047	0.0327501849376	0.745416012355
-eeu	0.246907216495	0.332474226804	0.0	0.420618556701
-eet	0.161290322581	0.78853046595	0.0322580645161	0.0179211469534
-ale	0.55591771008	0.238393171569	0.0717376229253	0.133951495426
-eep	0.804034582133	0.14409221902	0.0	0.0518731988473
-ees	0.062159214831	0.796074154853	0.00945110868774	0.132315521629
-eer	0.0	1.0	0.0	0.0
-jbo	0.0354212527516	0.946567940764	0.00120072043226	0.0168100860516
-jba	0.305825242718	0.344660194175	0.145631067961	0.203883495146
-bia	0.166666666667	0.833333333333	0.0	0.0
-io'	0.0380375933587	0.910875419941	0.0383152400256	0.0127717466752
-le'	0.152985500628	0.679660104709	0.0404481920637	0.1269062026
-oi'	0.21875	0.40625	0.0	0.375
-yoi	0.0391900718485	0.449706074461	0.491508817766	0.0195950359242
-mla	0.060606060606	0.19073083779	0.716577540107	0.0320855614973
-yoo	0.102564102564	0.820512820513	0.025641025641	0.0512820512821
-yon	0.012	0.7	0.0	0.288
-yoa	0.549626467449	0.354322305229	0.0640341515475	0.0320170757738
-lok	0.0981818181818	0.796363636364	0.0727272727272	0.0327272727273
-chi	0.156524993347	0.139124941786	0.0767080357935	0.627642029074
-pea	0.431975583989	0.281136283601	0.136166216692	0.150721915718
-rie	0.320446289569	0.541169347864	0.0553537450268	0.0830306175402
-suj	0.111710568074	0.781656616947	0.00285623611551	0.103776578864
-pem	0.0956768249468	0.777462792346	0.0595322466335	0.0673281360737
-ee'	0.0149302831693	0.976212769188	0.00885694764279	0.0
-loi	0.0	0.989795918367	0.0102040816327	0.0
-che	0.469953775039	0.176271186441	0.0585516178737	0.295223420647
-pej	0.0	0.907335907336	0.046332046332	0.046332046332
-jko	0.0634903407858	0.872747992186	0.0377143477317	0.0260473192967
-pet	0.0	1.0	0.0	0.0
-eli	0.0	0.965034965035	0.034965034965	0.0
-lsi	0.134221141249	0.198199146297	0.371767493913	0.29581221854
-chu	0.467153284671	0.386861313869	0.116788321168	0.029197080292
-ele	0.154641654642	0.498196248196	0.102813852814	0.244348244348
-pne	0.391976686295	0.284034919055	0.0746579340418	0.249330460609
-pna	0.510729613734	0.353157572042	0.00980993255671	0.126302881668
-hum	0.002722323049	0.989413188143	0.00423472474289	0.00362976406534
-yan	0.575272067715	0.273579201935	0.136033857316	0.015114873035
-itu	0.570577281192	0.120856610801	0.175418994413	0.133147113594
-esu	0.389080856945	0.333448514167	0.0608154803041	0.216655148583
-ito	0.0664091787203	0.0992749725393	0.0409706235877	0.793345225153
-esi	0.28472283696	0.407538551423	0.16314643344	0.144592178178
-uta	0.378650698461	0.458960723202	0.0581545723424	0.104234005995
-iti	0.392547033285	0.272431259045	0.288169319826	0.0468523878437
-esa	0.034610512389	0.0903163878219	0.00948805425837	0.865585045531
-ite	0.319878826107	0.335956700632	0.0909090028249	0.253255470435
-aku	0.135843623331	0.425387733383	0.15763259621	0.281136047076
-ita	0.175805194922	0.505851680457	0.0473404632134	0.271002661408
-ko'	0.0139704089861	0.979841356161	0.00281283402404	0.00337540082885
-ae'	0.448607184608	0.349584786851	0.130952436398	0.0708555921425
-tu'	0.160583941606	0.766423357664	0.0583941605839	0.014598540146
-ute	0.441023173763	0.354101515516	0.110656723599	0.0942185871221
-o'u	0.61091471498	0.237737516571	0.0497127706584	0.101634997791
-o'i	0.108843537415	0.850340136054	0.0	0.0408163265306
-oop	0.0	0.996683250415	0.0	0.00331674958541
-o'o	0.308635945792	0.380522306994	0.0354594121893	0.275382335024
-o'a	0.404343329886	0.459152016546	0.0372285418821	0.0992761116856
-so'	0.0100606216948	0.978073003998	0.0103185863537	0.00154778795305
-o'e	0.11440567454	0.805684191503	0.0234604587357	0.0564496752213
-abu	0.222222222222	0.720223820943	0.0575539568345	0.0
-hun	0.542941757157	0.128331688055	0.0888450148075	0.23988153998
-uti	0.243467009875	0.140408063563	0.0403136536574	0.575811272905
-lpa	0.0258137692992	0.954825903726	0.0193603269744	0.0
-huk	0.488851282051	0.356430769231	0.0872307692308	0.0674871794872
-wou	0.162889518414	0.794617563739	0.0	0.042492917847
-wot	0.245614035088	0.412280701754	0.105263157895	0.236842105263
-woi	0.058162590879	0.0643313505178	0.00264375413087	0.874862304472
-abe	0.0876406512273	0.235351659765	0.0303856058469	0.646622083161
-wok	0.332847661856	0.623296203749	0.0168285166864	0.0270276177086
-woj	0.0295914452294	0.125390597188	0.0182567103608	0.826761247221
-wom	0.380974406414	0.534227567068	0.059358618563	0.0254394079556
-woo	0.0884042378599	0.119110487062	0.0665803533981	0.72590492168
-rom	0.051400279678	0.890774405684	0.0211648210439	0.0366604935939
-huu	0.169047619048	0.587142857143	0.0895238095238	0.154285714286
-abo	0.807429158524	0.0542229395769	0.00632006767335	0.132027834226
-hup	0.455563853622	0.45929798357	0.0537714712472	0.0313666915608
-lot	0.670634920635	0.253968253968	0.0357142857143	0.0396825396825
-win	0.0165271044513	0.785423093874	0.145438519171	0.0526112825032
-koe	0.364976958525	0.29708141321	0.216282642089	0.121658986175
-tua	0.277428470784	0.0992613628911	0.101246548682	0.522063617643
-koa	0.341872826825	0.419207865393	0.138203908717	0.100715399065
-kom	0.0748384869557	0.856610938502	0.0256448192533	0.0429057552892
-kol	0.0548628428927	0.431421446384	0.498753117207	0.0149625935162
-aek	0.581805410166	0.0600186962027	0.0314704174876	0.326705476144
-tuk	0.118341530338	0.050092573627	0.0119406847332	0.819625211302
-tul	0.177140073513	0.116691023427	0.0219210840973	0.684247818963
-a'i	0.416047150224	0.363114772397	0.0842765610697	0.136561516308
-aeo	0.557750884992	0.316127438874	0.0296369473944	0.0964847287397
-aen	0.397879827928	0.190451978711	0.108770566887	0.302897626474
-som	0.0656883298393	0.626834381551	0.0726764500349	0.234800838574
-kot	0.348441908445	0.3750908347	0.100214369892	0.176252886964
-los	0.0	0.766081871345	0.163742690058	0.0701754385965
-son	0.0101557210562	0.981719702099	0.0	0.00812457684498
-soi	0.0722891566265	0.857429718876	0.0582329317269	0.0120481927711
-aet	0.351496710897	0.0562848075319	0.00864392806868	0.583574553502
-sok	0.841460648673	0.0428668632342	0.115672488092	0.0
-kor	0.0	1.0	0.0	0.0
-ora	0.220107571369	0.640877120397	0.0910219280099	0.0479933802234
-soa	0.0743074214769	0.733901602891	0.0750486426387	0.116742332994
-ore	0.442374113797	0.341756044356	0.0604435557171	0.15542628613
-iim	0.114086005901	0.810283945243	0.075630048856	0.0
-tne	0.420350704206	0.0799245549718	0.0185352337686	0.481189507054
-jee	0.38482458526	0.103889039978	0.0407941256459	0.470492249116
-jek	0.538349062874	0.389871062076	0.0239266250166	0.0478532500332
-ue'	0.172915072685	0.665646518745	0.149196633512	0.0122417750574
-jeo	0.0935203740815	0.782899131597	0.0	0.123580494322
-rut	0.0689655172414	0.931034482759	0.0	0.0
-kri	0.27479338843	0.338842975207	0.219008264463	0.167355371901
-lim	0.150858639707	0.683204433644	0.023109937273	0.142826989376
-omi	0.074973514791	0.841292478201	0.0519517561731	0.0317822508354
-lio	0.0158227848102	0.977848101266	0.0	0.00632911392404
-lij	0.0152749490835	0.856415478615	0.030549898167	0.0977596741345
-lik	0.259953837276	0.286785920369	0.382285054818	0.0709751875361
-oma	0.133114215283	0.791290057519	0.0542317173377	0.0213640098603
-tej	0.0213675213676	0.972934472934	0.0	0.00569800569802
-ome	0.280427062161	0.371602153179	0.0486922338121	0.299278550848
-eas	0.558387563268	0.223969631236	0.059050373584	0.158592431911
-uua	0.551915503043	0.142141066953	0.0823487289653	0.223594701038
-eau	0.591397849462	0.387096774194	0.0	0.0215053763441
-eat	0.168	0.768	0.04	0.024
