-700	0.0181818181818	0.163636363636	0.0272727272727	0.790909090909
-ive	0.0	1.0	0.0	0.0
-ivi	0.0213361781571	0.8506467529	0.116015468729	0.0120016002134
-oya	0.200860848258	0.211427533154	0.0420470160837	0.545664602504
-oyo	0.481533116293	0.18029104751	0.0418510377146	0.296324798482
-nti	0.0339256865913	0.939418416801	0.0	0.0266558966075
-puu	0.571428571429	0.0824175824176	0.0989010989011	0.247252747253
--10	0.0629370629371	0.937062937063	0.0	0.0
-pui	0.730434782609	0.217391304348	0.0	0.0521739130435
-opu	0.0408163265306	0.877551020408	0.0	0.0816326530612
-ape	0.369784147233	0.246116764896	0.0599814612462	0.324117626625
-opo	0.265113476602	0.620405703957	0.0	0.114480819442
-opa	0.175445963229	0.250114956125	0.0913882707789	0.483050809868
-imu	0.0982470048618	0.7493710412	0.0135903637849	0.138791590153
-oku	0.30310015787	0.503489289798	0.0360019406313	0.157408611701
-deo	0.0777777777777	0.477777777778	0.377777777778	0.0666666666667
-ima	0.204845809581	0.522348144621	0.0520636217871	0.220742424011
-oko	0.27731069662	0.0974280854828	0.028430531617	0.596830686281
-oki	0.108109629456	0.361254576328	0.152316987914	0.378318806302
-deu	0.340662186661	0.339421779371	0.00940528604337	0.310510747925
-imi	0.266429047985	0.36808799125	0.0330339359604	0.332449024804
-oka	0.185302652554	0.240457423623	0.043573838191	0.530666085632
-imo	0.140987668329	0.396665920958	0.0276027177221	0.43474369299
-ido	0.340953194132	0.352130714896	0.03741364589	0.269502445083
-obi	0.308481557529	0.320856937882	0.0264082329367	0.344253271652
-obo	0.293130617777	0.171205879895	0.0612929062578	0.47437059607
-idi	0.609046396756	0.302840749768	0.00496106641358	0.0831517870624
-ida	0.0680973938629	0.515903737834	0.0239636995952	0.392035168708
-obu	0.615671641791	0.309701492537	0.0	0.0746268656716
-100	0.0241270968946	0.165202447448	0.0352104820305	0.775459973627
-uta	0.424715909091	0.474431818182	0.0582386363636	0.0426136363636
-teu	0.296739130435	0.372678703021	0.0943994104642	0.23618275608
-ute	0.298532166035	0.413998867546	0.101920815367	0.185548151052
-uti	0.206481837	0.537821353164	0.0879940958344	0.167702714002
-uto	0.0752842892617	0.385959480053	0.0455044958078	0.493251734878
-e'e	0.259587020649	0.17994100295	0.436578171091	0.12389380531
-aye	0.320284697509	0.555160142349	0.0	0.124555160142
-aya	0.11502508621	0.114362499862	0.0212918742435	0.749320539684
-ayo	0.393039360319	0.296478609845	0.0966964509703	0.213785578866
-ayu	0.43661971831	0.056338028169	0.0	0.507042253521
-ubu	0.0470847664484	0.800676800178	0.0868883834461	0.0653500499279
-ubo	0.413085790911	0.231314553529	0.07716047107	0.27843918449
-ube	0.0	0.987468671679	0.0125313283208	0.0
-umu	0.248522005061	0.336745319576	0.116926596118	0.297806079245
-ota	0.146171693735	0.624709976798	0.0800464037123	0.149071925754
-ote	0.089921875	0.651970486111	0.0708940972222	0.187213541667
-oti	0.203822414943	0.469521510377	0.060632780546	0.266023294134
-ijo	0.317728185283	0.410457097966	0.0821088771858	0.189705839565
-iji	0.479645657192	0.387029109283	0.0292665146761	0.104058718848
-oto	0.265524787303	0.135019045445	0.0217032208284	0.577752946424
-ume	0.238095238095	0.455782312925	0.244897959184	0.0612244897959
-uma	0.332445347582	0.415435038484	0.0692568483878	0.182862765546
-otu	0.0	1.0	0.0	0.0
-umi	0.302882266732	0.62383976551	0.0	0.0732779677577
-ako	0.170697432724	0.105332126218	0.0279540771388	0.696016363919
ALL	0.221138451373	0.257481022747	0.0499226897495	0.471457836131
-nai	0.195121951219	0.685796269727	0.0846484935437	0.0344332855094
-nao	0.0849315068493	0.882191780822	0.0164383561644	0.0164383561644
-aki	0.278616927059	0.362624795591	0.0762910452161	0.282467232134
-ake	0.265495363592	0.589555880917	0.100048804295	0.0448999511957
-aka	0.275271036042	0.278773732217	0.0614664798113	0.38448875193
-nae	0.492152849783	0.109259009798	0.0328198205809	0.365768319838
-aku	0.141306864082	0.129212363843	0.043310524295	0.68617024778
-nau	0.449879155276	0.214132889576	0.105788660407	0.230199294742
-mou	0.261507671781	0.701134089393	0.0	0.0373582388259
-amu	0.25605687247	0.374611618118	0.0604514394978	0.308880069914
-moe	0.449116955108	0.155605867257	0.0480811670916	0.347196010543
-moi	0.365799911855	0.560452475393	0.0649331570442	0.00881445570736
-yau	0.250035698615	0.293255687763	0.0756031767874	0.381105436834
-yae	0.188892064079	0.445006639883	0.0881675603892	0.277933735649
-dae	0.334545703308	0.507564960607	0.0129294127037	0.144959923381
-yao	0.0308441558441	0.881493506494	0.00974025974026	0.0779220779221
-iso	0.741425105287	0.146435571513	0.0298416494172	0.0822976737835
-amo	0.0937945570311	0.655860253396	0.0181247262057	0.232220463367
-isi	0.0370713588527	0.932055464617	0.0140522515885	0.016820924942
-ise	0.571926229508	0.290778688525	0.0270491803279	0.110245901639
-isa	0.127773107311	0.54754734494	0.215893932465	0.108785615283
-upe	0.474976552242	0.261001688239	0.1053085725	0.158713187019
-upa	0.211120731424	0.263718139634	0.0864455440864	0.438715584856
-may	0.664480497066	0.113910942354	0.11805315844	0.10355540214
-hae	0.547828885858	0.425992060451	0.0218874055455	0.00429164814615
-hai	0.622955728167	0.167569663828	0.0417087736572	0.167765834348
-mau	0.0572218280486	0.653285022584	0.156092071056	0.133401078311
-hao	0.435807919342	0.322539801119	0.0614553400999	0.180196939439
-mai	0.0609912099905	0.768277929431	0.0196788442801	0.151052016299
-hau	0.11739143931	0.761646969359	0.0990565907995	0.0219050005311
-mao	0.0322728522967	0.269093242872	0.635371779591	0.0632621252407
-mae	0.324957384931	0.171239600901	0.0486509134768	0.455152100692
-avu	0.55	0.325	0.075	0.0499999999999
-une	0.37099332349	0.169710975082	0.0472780530739	0.412017648354
-una	0.101823641753	0.76362763135	0.0489790556213	0.0855696712757
-ija	0.197522066923	0.678184753953	0.046900775965	0.0773924031589
-unu	0.314014628142	0.445464099714	0.114451149653	0.126070122491
-nki	0.0291018257567	0.968141159172	0.00275701507168	0.0
-gae	0.386064590482	0.230106603106	0.0930616307395	0.290767175672
-ade	0.0875181753977	0.385955091189	0.0335154335092	0.493011299905
-ika	0.191155508658	0.40421763735	0.07560150347	0.329025350522
-ada	0.120328384743	0.63083682492	0.0514578373204	0.197376953017
-gai	0.338983050847	0.203389830508	0.35593220339	0.101694915254
-adi	0.845871559633	0.154128440367	0.0	0.0
-gau	0.402010050251	0.43216080402	0.0402010050251	0.125628140704
-adu	0.0240549828179	0.848797250859	0.0	0.127147766323
-ohu	0.530514198735	0.130550138208	0.0120767202059	0.326858942851
-ino	0.281726752837	0.100936400088	0.0366313499818	0.580705497093
-ina	0.220296670423	0.161470107395	0.0870574964965	0.531175725686
-ine	0.302801362807	0.271963319528	0.0591644218037	0.366070895861
-ohe	0.363194222516	0.384742322559	0.090138121652	0.161925333272
-800	0.0	0.430161166539	0.0	0.569838833461
-oha	0.208530595635	0.352743854346	0.123198670919	0.3155268791
-oho	0.25042207102	0.429238462965	0.129683375121	0.190656090894
-ohi	0.0297608112577	0.963074548995	0.00716463974721	0.0
-iae	0.647135745282	0.0639379910565	0.00602531379367	0.282900949868
-eda	0.118073503803	0.602994021116	0.0763358668124	0.202596608269
-lau	0.177737200218	0.630363373558	0.0674862378305	0.124413188393
-neu	0.155694476017	0.354080472835	0.0553534894294	0.434871561719
-aoe	0.641849707892	0.0849587572359	0.0527399366319	0.220451598241
-nei	0.128436260553	0.287520670405	0.424834325927	0.159208743115
-bao	0.172413793103	0.724137931034	0.0	0.103448275862
-eka	0.0733356450878	0.532052494342	0.0238469691716	0.370764891399
-eke	0.253298198189	0.485274860493	0.0303240222222	0.231102919096
-hoe	0.422193666059	0.239761233626	0.0943044271265	0.243740673188
-eki	0.108657452661	0.335140757376	0.0698731299703	0.486328659993
-bae	0.0	0.811599556705	0.0664942741041	0.121906169191
-eko	0.25175552392	0.129909820919	0.050079507142	0.568255148019
-eku	0.0	1.0	0.0	0.0
-hou	0.206642066421	0.623616236162	0.169741697417	0.0
-joe	0.397326554043	0.323847793997	0.0787272429064	0.200098409054
-ase	0.0377166274991	0.790440027321	0.0332017457543	0.138641599426
-asa	0.302928240282	0.434362245909	0.127986686215	0.134722827594
-aso	0.211812975468	0.689460637661	0.0145311565091	0.0841952303616
-iyo	0.333391987099	0.463234000395	0.0547285066387	0.148645505867
-asi	0.130031374589	0.400405952004	0.133986104703	0.335576568704
-430	0.141176470588	0.0	0.0	0.858823529412
-iye	0.331713306057	0.151105911818	0.0363563584813	0.480824423644
-iwa	0.428037409324	0.391820328502	0.0740125659002	0.106129696274
-dou	0.480519480519	0.441558441558	0.0779220779221	0.0
-iwe	0.147793152359	0.324917384678	0.327337749543	0.199951713419
-iwi	0.294982253439	0.398804355772	0.146736661741	0.159476729047
-ugu	0.293642256103	0.503041083293	0.0367893527458	0.166527307859
--oe	0.533333333333	0.32380952381	0.0285714285714	0.114285714286
-pou	0.281325178467	0.316354184404	0.0578477268376	0.344472910291
-uga	0.170411861615	0.738846787479	0.043294892916	0.0474464579901
-ugo	0.3107396424	0.362466495857	0.142560290551	0.184233571191
-320	0.0	0.526315789474	0.0701754385965	0.40350877193
-poe	0.196906235358	0.551240064123	0.18306900229	0.0687846982288
-lae	0.315980813516	0.187903773459	0.0377149102192	0.458400502806
-ike	0.372829417773	0.425434116445	0.17620020429	0.0255362614913
-uju	0.428794992175	0.156494522692	0.414710485133	0.0
-500	0.0659340659341	0.058608058608	0.043956043956	0.831501831502
-iko	0.100348788037	0.828542632575	0.02770464132	0.043403938068
-lao	0.351933317898	0.498726557074	0.0463070155128	0.103033109516
-nou	0.419014084507	0.580985915493	0.0	0.0
-iki	0.191154899828	0.111745750136	0.0310533194823	0.666046030554
-uja	0.161538461538	0.238461538462	0.6	0.0
-iku	0.293768011527	0.478656340058	0.164535302594	0.0630403458214
-noe	0.410200746417	0.0569671704362	0.0137412702518	0.519090812895
-boe	0.189011526776	0.0757129838476	0.0201540299175	0.715121459459
-ahi	0.419172932331	0.125939849624	0.00751879699246	0.447368421053
-aho	0.134432595041	0.606822808267	0.0248289684436	0.233915628248
-aha	0.211350110226	0.0937899618955	0.0364521614907	0.658407766388
-ahe	0.327189472374	0.269075781395	0.0454489177655	0.358285828465
-doe	0.193808245143	0.759753593429	0.0369609856263	0.00947717580159
-ahu	0.34930119759	0.35105132885	0.0348776158212	0.264769857739
-toe	0.470441965426	0.272519799029	0.0999063271737	0.157131908371
-sau	0.416983643971	0.457493343477	0.0561049828832	0.0694180296691
-ibu	0.50944476245	0.303377218088	0.0686891814539	0.118488838008
-olu	0.106626991507	0.548695059203	0.0542433823073	0.290434566983
-oli	0.313404844053	0.207481856495	0.0224783896851	0.456634909767
-ibo	0.315650067127	0.236949270753	0.0972121689187	0.350188493202
-ibi	0.541187739464	0.353208812261	0.0337643678161	0.0718390804598
-sae	0.366419294991	0.376913265306	0.0662105751392	0.190456864564
-olo	0.326697020599	0.195801083531	0.0238876581382	0.453614237731
-ola	0.134241937976	0.374869679475	0.0829029251457	0.407985457403
-400	0.3133640553	0.178187403994	0.0184331797235	0.490015360983
-sao	0.222956234517	0.552229562345	0.0557390586292	0.169075144509
-ole	0.26028780435	0.461568759691	0.0536569329329	0.224486503026
-loi	0.196606202458	0.55490540277	0.215720694363	0.0327677004096
-loe	0.305006813189	0.134583532859	0.0237588011369	0.536650852815
-loa	0.517730496454	0.439716312057	0.0	0.0425531914894
-ime	0.0746546161418	0.0535542941251	0.0169113103315	0.854879779402
-lou	0.116142656782	0.754291163289	0.0455232524072	0.084042927521
-ipi	0.128514858112	0.596572464979	0.0259554046692	0.24895727224
-ipo	0.218326023362	0.431379045482	0.12559502416	0.224699906997
-ipa	0.227206341911	0.516606193069	0.053733267548	0.202454197472
-ipe	0.175836744225	0.100981535164	0.00544412832918	0.717737592283
-oke	0.467910787438	0.140646335913	0.364132908512	0.0273099681384
-ewe	0.797900262467	0.107611548556	0.0314960629921	0.0629921259842
-ewa	0.35538988557	0.363767717794	0.0596315836265	0.22121081301
-ewo	0.228418971535	0.361556618048	0.171014141903	0.239010268515
-awi	0.926605504587	0.0366972477065	0.0	0.0366972477064
-awo	0.316764450456	0.21361181616	0.0558792373485	0.413744496035
-awa	0.197840358965	0.499369428693	0.0849022013518	0.21788801099
-awe	0.546990955473	0.318587662338	0.0888218923933	0.0455994897959
-ita	0.158604246842	0.579469457042	0.0831471344305	0.178779161686
-276	0.0	0.0606060606061	0.0	0.939393939394
-sto	0.231818181818	0.727272727273	0.0409090909091	0.0
-sti	0.00787918581747	0.916611950098	0.000656598818124	0.074852265266
-eyo	0.336908323524	0.231638554735	0.0715297321482	0.359923389593
-eya	0.221815467801	0.427036581464	0.038378030937	0.312769919797
-200	0.0125313283208	0.611528822055	0.0125313283208	0.363408521303
--we	0.455172413793	0.31724137931	0.0620689655172	0.165517241379
-lei	0.567514677104	0.297455968689	0.0469667318982	0.0880626223092
-ibe	0.423252960883	0.19171424527	0.0481290992309	0.336903694616
-obe	0.156526213029	0.386361837419	0.396163689612	0.0609482599404
-leu	0.28399769432	0.549372589013	0.0248303995034	0.141799317164
-alu	0.185530115736	0.598318293115	0.162113693362	0.0540378977873
-iba	0.0	1.0	0.0	0.0
-alo	0.262251007021	0.258361058436	0.11038750457	0.369000429973
-ali	0.237269637345	0.378558732732	0.0748386292058	0.309333000717
-nda	0.0582524271845	0.883495145631	0.0582524271845	0.0
-ale	0.189793285656	0.612544012753	0.0443067651984	0.153355936393
-ala	0.158671317022	0.498792787491	0.0512772399723	0.291258655515
-uve	0.0	1.0	0.0	0.0
-uva	0.848739495798	0.0672268907563	0.0336134453781	0.0504201680672
-uvo	0.727416798732	0.0760697305863	0.0697305863709	0.126782884311
-you	0.212301434052	0.37354856981	0.316469709843	0.0976802862955
-yoe	0.437768240343	0.562231759657	0.0	0.0
-iyu	0.0462427745665	0.953757225434	0.0	0.0
-elu	0.386773889982	0.376080075284	0.0423475062024	0.194798528531
-peu	0.246110594001	0.617176072792	0.0151967023156	0.121516630891
-153	0.0	0.195652173913	0.0326086956522	0.771739130435
-eli	0.302064617627	0.273712463682	0.0167033658304	0.407519552861
-iyi	0.290909090909	0.518181818182	0.109090909091	0.0818181818182
-elo	0.228585684866	0.506421491087	0.0340472676138	0.230945556433
-ogo	0.284629675293	0.265454472972	0.221185243976	0.228730607759
-oga	0.492133012782	0.147128133108	0.0530813358406	0.307657518269
-ela	0.189267598647	0.635076549038	0.0399483222446	0.13570753007
-iya	0.180928882501	0.344776182975	0.0516520007957	0.422642933728
-ele	0.152616019156	0.469737534812	0.0473930407029	0.330253405329
-ito	0.0486974893588	0.0207343323785	0.0101241146531	0.92044406361
-esi	0.0321877312774	0.879205900899	0.00621057800059	0.0823957898235
-eso	0.376471233779	0.264067601306	0.0471892232983	0.312271941617
-iti	0.0348709802538	0.930041986331	0.0117532919814	0.0233337414337
-esa	0.322010694677	0.164263187486	0.0249219419189	0.488804175918
-ite	0.116279492163	0.782207530378	0.0373612801279	0.0641516973319
-ese	0.129763893433	0.704014328276	0.0783922021114	0.0878295761792
-eje	0.248841180776	0.5340326909	0.107343254452	0.109782873872
-666	0.0934449093444	0.20920502092	0.0	0.697350069735
-uda	0.0965630345892	0.619849287707	0.0657866071659	0.217801070537
-udi	0.181283684468	0.698677119059	0.0318471337579	0.0881920627144
-o'e	0.133547688781	0.0954253151662	0.0272188972367	0.743808098816
-udo	0.196872778962	0.436389481166	0.169154228856	0.197583511016
-abu	0.121212121212	0.681818181818	0.106060606061	0.0909090909091
-abe	0.0340751043116	0.592721372276	0.373203523412	0.0
-aba	0.0589457698917	0.164848339528	0.709866922431	0.0663389681493
-abo	0.309176641297	0.196959765898	0.0562820589268	0.437581533878
-woe	0.563202016328	0.243931839351	0.126842364802	0.0660237795189
-koe	0.290153315278	0.257014097684	0.0771389735368	0.375693613502
-tue	0.403194390339	0.394234514998	0.157771717959	0.0447993767043
-kou	0.153903903904	0.376876876877	0.0375375375376	0.431681681682
-vae	0.575101488498	0.370771312585	0.0	0.0541271989175
-soe	0.435068844692	0.215673888368	0.0369639243942	0.312293342546
-omu	0.276893936751	0.479086805994	0.134929985391	0.109089271864
-omi	0.445747800587	0.554252199413	0.0	0.0
-omo	0.384472987267	0.438324773492	0.0601901656178	0.117012073623
-oma	0.361109610184	0.367051418447	0.0813345473804	0.190504423989
-ome	0.461517376302	0.123429253244	0.0199400187038	0.395113351751
-144	0.0	0.0441176470588	0.0	0.955882352941
-oda	0.135333828597	0.404835379863	0.043032426107	0.416798365432
-ode	0.0797423330984	0.745447393008	0.132521431264	0.0422888426299
-eho	0.0	1.0	0.0	0.0
-ehe	0.275314684908	0.0846231044381	0.101491743401	0.538570467252
-eha	0.241278396956	0.464876841256	0.143560850769	0.150283911019
-ehu	0.424977760206	0.105021251359	0.00296530592073	0.467035682515
-wau	0.226684974509	0.511617968473	0.0588973780344	0.202799678984
-apa	0.126248734681	0.148202411052	0.103219137816	0.622329716451
-pao	0.158898305085	0.652349768875	0.0722265023112	0.116525423729
-api	0.347121885409	0.419000555712	0.0566998433783	0.177177715501
-apo	0.0762711864407	0.923728813559	0.0	0.0
-wae	0.43155746715	0.109776377278	0.0219845882399	0.436681567332
-apu	0.508054064062	0.268098500278	0.137752268098	0.0860951675615
-pau	0.150673419673	0.744042358505	0.0383702497305	0.0669139720909
-wai	0.218352513628	0.726529376136	0.0317989097517	0.0233192004845
-kee	0.041216732209	0.604319370794	0.0783117911971	0.2761521058
-ini	0.246926298924	0.465958625256	0.0749506021682	0.212164473652
-keu	0.0684684684685	0.815315315315	0.0486486486487	0.0675675675676
-i'i	0.378821774795	0.181208053691	0.116331096197	0.323639075317
-iha	0.27519009866	0.595459964916	0.0717097893156	0.0576401471081
-uku	0.089677937882	0.329235999035	0.00400326661108	0.577082796472
-ihe	0.416220226354	0.31870850191	0.0918179666266	0.173253305109
-ihi	0.128552370942	0.58806645915	0.188381776287	0.0949993936208
-uka	0.210008333472	0.460090545504	0.0491637396503	0.280737381374
-uke	0.0	1.0	0.0	0.0
-uki	0.0224795967565	0.18688647953	0.166612801088	0.624021122626
-uko	0.604101722724	0.310582444627	0.0	0.0853158326497
-dau	0.210458071414	0.718814216062	0.0681401132857	0.0025875992387
-eme	0.247147812765	0.381355710054	0.0802690099699	0.291227467211
-uwe	0.478299362801	0.175981044702	0.0517197956362	0.293999796861
-ema	0.221288133263	0.266555721545	0.0483991150078	0.463757030184
-uwa	0.414997331646	0.245713395138	0.0892831336397	0.250006139576
-uwo	0.441547153412	0.377661886136	0.0417209908735	0.139069969578
-emo	0.114251404388	0.054503207419	0.0185133412971	0.812732046896
-uwi	0.391304347826	0.321739130435	0.208695652174	0.0782608695652
-emu	0.0424770190977	0.852342698536	0.044558739987	0.0606215423798
-pae	0.188075296459	0.60933742433	0.0568869723858	0.145700306825
-dai	0.459884509454	0.0655739632196	0.046384320817	0.42815720651
-000	0.107693622466	0.182370765749	0.00906220775636	0.700873404029
-eta	0.0499800079968	0.868652538984	0.0523790483807	0.0289884046382
-ete	0.103211450235	0.658003900992	0.0816461086234	0.15713854015
-eti	0.0628317799921	0.902651017794	0.0162718199467	0.0182453822669
-eto	0.361247324283	0.250264258371	0.212401551835	0.176086865511
-uyo	0.561481625966	0.168656577472	0.0432665484099	0.226595248153
-uya	0.254544878941	0.295530164264	0.0613989069357	0.388526049859
-ede	0.336633663366	0.178217821782	0.455445544555	0.029702970297
-uye	0.268482050726	0.367683364787	0.0702268676643	0.293607716822
-300	0.335526315789	0.0921052631579	0.217105263158	0.355263157895
-ate	0.125619601209	0.421997290428	0.0624068911234	0.389976217239
-ata	0.159704383627	0.103167939924	0.025526308948	0.711601367502
-ato	0.0892828711812	0.622619660319	0.0300978980069	0.257999570493
-ati	0.182772448448	0.293579544575	0.0644181492384	0.459229857739
-kai	0.170389826542	0.823056718591	0.006553454867	0.0
-uli	0.376732537723	0.271482558042	0.056527800134	0.295257104101
-osa	0.911056007762	0.0530968680934	0.00323432699046	0.0326127971538
-ulo	0.209747276862	0.320868137366	0.153379703598	0.316004882175
-ula	0.345379667548	0.371661472658	0.0671052110946	0.215853648699
-osi	0.328883847936	0.454092181151	0.0518458207902	0.165178150123
-kae	0.328873858155	0.420076829063	0.0753455168378	0.175703795944
-ule	0.0137279535603	0.90664991579	0.00755037445814	0.0720717561916
-osu	0.0594059405941	0.722772277228	0.217821782178	0.0
-kau	0.204252801139	0.470926521989	0.048110312701	0.276710364171
-ulu	0.0941711309249	0.701850890689	0.0655078132241	0.138470165162
-aja	0.0681818181818	0.761363636364	0.0	0.170454545455
-ile	0.133948685781	0.798642595336	0.0144041224281	0.0530045964553
-ila	0.161529869053	0.606079083195	0.0962709444994	0.136120103252
-ilo	0.344970891098	0.230827887816	0.0478908842905	0.376310336796
-ili	0.326940183875	0.326512710649	0.0457584429287	0.300788662547
-iga	0.0762265903111	0.584816591859	0.276273022752	0.0626837950781
-ebo	0.343826253601	0.197293093798	0.086317244866	0.372563407735
-eba	0.0724287802044	0.540486959796	0.0218311338973	0.365253126102
-igi	0.264069873366	0.134883120844	0.0916540580272	0.509392947763
-igo	0.335364237617	0.252872289611	0.138753337216	0.273010135555
-ebe	0.296339221485	0.575773319479	0.0467588522101	0.081128606826
-ami	0.542527126356	0.285964298215	0.08400420021	0.0875043752187
-igu	0.257979240368	0.638829063484	0.0365742720523	0.0666174240951
-ama	0.280478812804	0.343375786874	0.0995804937804	0.276564906542
-ame	0.0311023622048	0.938188976378	0.0141732283465	0.0165354330708
-ebu	0.386454183267	0.565737051793	0.0478087649402	0.0
-usi	0.0603382721764	0.795511115939	0.138199439834	0.00595117205027
-usa	0.21577140117	0.578767093962	0.0744127897518	0.131048715116
-use	0.125762975708	0.555241489493	0.0712793412805	0.247716193519
-noi	0.869426751592	0.0477707006369	0.0700636942675	0.0127388535032
-epe	0.682358535426	0.220810098128	0.0569892937939	0.0398420726523
-epa	0.228525518484	0.316525654125	0.0812252836491	0.373723543742
-epo	0.529846804015	0.320919175911	0.0158478605389	0.133386159535
-epu	0.0669914738125	0.933008526188	0.0	0.0
--ya	0.0898148148148	0.493518518519	0.310185185185	0.106481481481
-owi	0.0318322491	0.610433903872	0.282448051538	0.0752857954905
-owo	0.250174929208	0.46091048919	0.0705152093049	0.218399372297
-ije	0.574057866201	0.317775822596	0.0418219423549	0.0663443688475
-owa	0.247921261986	0.248228355538	0.124562922019	0.379287460457
-uhu	0.305515798745	0.650996366839	0.0212851847774	0.0222026496386
-owe	0.204624378888	0.17416195083	0.0915266333965	0.529687036885
-uho	0.109668540979	0.484471677444	0.0735222717522	0.332337509824
-agi	0.197013512803	0.046006624954	0.0983227299017	0.658657132341
-ago	0.262441295984	0.331280255599	0.183257016251	0.223021432166
-uhi	0.0	1.0	0.0	0.0
-aga	0.428615820434	0.290125598	0.204367746318	0.0768908352484
-uhe	0.312800098315	0.411916350515	0.107652083818	0.167631467351
-age	0.419755298814	0.472408792365	0.0144854205879	0.0933504882332
-uha	0.229889188138	0.204473869781	0.0942213967969	0.471415545284
-ege	0.222797927461	0.323834196891	0.212435233161	0.240932642487
-one	0.202487337698	0.368937831235	0.10222026265	0.326354568417
-anu	0.288836429325	0.208350696355	0.0373407058732	0.465472168446
-ega	0.271933051315	0.495057016737	0.123574581571	0.109435350377
-ona	0.349329910919	0.392442125914	0.0332452295897	0.224982733578
-ego	0.23809649683	0.189150025127	0.0957315871649	0.477021890878
-ono	0.113936029025	0.747948389731	0.0562082315708	0.0819073496729
-oni	0.0252315751222	0.88402388772	0.0490918689878	0.0416526681705
-ana	0.137134726709	0.43529554298	0.0594762371986	0.368093493113
-dao	0.423861171367	0.303036876356	0.0156182212581	0.257483731019
-ane	0.299076483035	0.253621681485	0.0545179621495	0.39278387333
-ani	0.091131606768	0.806847239075	0.0749925788594	0.0270285752972
-ank	0.270781143248	0.292644044637	0.082669095878	0.353905716238
-ano	0.329548596991	0.606913379422	0.0327938186254	0.0307442049614
-tao	0.133716160787	0.858080393765	0.00164068908942	0.00656275635767
-tae	0.379207958427	0.20428310527	0.0536673936992	0.362841542604
-tau	0.397350993377	0.32582781457	0.17880794702	0.0980132450331
-enu	0.500582373496	0.0531901125922	0.00155299598809	0.444674517924
-eno	0.0	1.0	0.0	0.0
-eni	0.0772406565908	0.709557063229	0.0379427786761	0.175259501504
-ene	0.365139131723	0.308013309148	0.0941605841906	0.232686974938
-ena	0.106227712646	0.326215901844	0.025285506063	0.542270879447
