-imó	0.618463524855	0.0652033570045	0.0	0.316333118141
-imú	0.836538461539	0.0	0.105769230769	0.0576923076923
-eus	0.0	1.0	0.0	0.0
-imá	0.473697477725	0.107471253513	0.0187260033518	0.40010526541
-car	0.0	0.951219512195	0.0	0.0487804878049
-ive	0.168201245727	0.831798754273	0.0	0.0
-rbe	0.0588235294118	0.932461873638	0.00871459694989	0.0
-dío	0.0248824993088	0.758916228919	0.0470002764722	0.1692009953
-oyo	0.392757660167	0.155988857939	0.0	0.451253481894
-ecá	0.126373643084	0.0606140832118	0.0084756287727	0.804536644932
-ecú	0.217280163599	0.71284935242	0.0289706884799	0.040899795501
-ecó	0.209428408374	0.244345658247	0.134697984561	0.411527948818
-ufo	0.0431654676259	0.956834532374	0.0	0.0
-aum	0.00313356835096	0.989815902859	0.00235017626322	0.00470035252644
-utá	0.645896656535	0.285714285714	0.0455927051672	0.0227963525836
-nto	0.0443021317659	0.760461443986	0.0263180980788	0.168918326169
-a'ó	0.436386676822	0.258221532394	0.0525325915002	0.252859199283
-ejé	0.239646468871	0.254874948946	0.104024054723	0.40145452746
-rií	0.529180959541	0.361182901806	0.0187177920837	0.0909183465689
-nte	0.106109949949	0.702343464501	0.0029393337936	0.188607251756
-ejí	0.231492511922	0.574416808388	0.10955635058	0.08453432911
-uan	0.0156631082874	0.934721449925	0.0102402043637	0.0393752374241
-ejó	0.219803702793	0.574746118497	0.178974640216	0.0264755384935
-a'í	0.228492773572	0.150378527185	0.128183069511	0.492945629732
-utú	0.10976837865	0.89023162135	0.0	0.0
-a'á	0.430342870064	0.185109194488	0.0557319556683	0.328815979779
-óta	0.557197114774	0.295444526918	0.0609295944187	0.0864287638891
-cas	0.0998545165983	0.83666181722	0.018516069303	0.0449675968787
-pre	0.0	0.992248062016	0.0077519379845	0.0
-ará	0.0769230769231	0.589743589744	0.307692307692	0.025641025641
-arí	0.196813334796	0.0574488210793	0.0160712861868	0.729666557938
-más	0.0295748613679	0.970425138632	0.0	0.0
-aré	0.137995945651	0.550701773114	0.137809131718	0.173493149517
-eño	0.217792296296	0.480198200971	0.0626817360611	0.239327766673
-nmi	0.0372514423277	0.938008332086	0.0168384044865	0.00790182109983
-opo	0.0581809546426	0.941819045357	0.0	0.0
-e'ó	0.884615384615	0.0961538461538	0.0	0.0192307692308
-opi	0.0383660573234	0.70435567592	0.0	0.257278266757
-tín	0.0	0.903765690377	0.0627615062762	0.0334728033472
-aró	0.485043676968	0.26562048744	0.0622555442291	0.187080291363
-ope	0.156292225926	0.671831366544	0.0524277092154	0.119448698315
-smi	0.0392032976983	0.900356554969	0.00912976928519	0.0513103780479
-dea	0.0201288244766	0.968438003221	0.00563607085347	0.00579710144928
-dec	0.0350481169062	0.953665201378	0.0	0.0112866817156
-das	0.0397133730467	0.919968919969	0.001036001036	0.0392817059484
-caí	0.421541863921	0.468571823491	0.0621997995784	0.0476865130101
-deo	0.00184388444991	0.99815611555	0.0	0.0
-ima	0.174418604651	0.523255813953	0.186046511628	0.116279069767
-des	0.0186101909406	0.919008449027	0.0540439944914	0.00833736554137
-imi	0.148778121231	0.474332345325	0.0658713804449	0.311018152999
-imo	0.021897810219	0.837956204379	0.0	0.140145985402
-jrú	0.166096743462	0.0852436992083	0.42535011507	0.32330944226
-eco	0.213892572193	0.221873800098	0.144540073489	0.41969355422
-oyá	0.392156862745	0.607843137255	0.0	0.0
-eca	0.261906944628	0.132126922578	0.0227373754416	0.583228757352
-llo	0.178970917226	0.746457867263	0.0745712155108	0.0
-ida	0.0352309585057	0.946314729896	0.0	0.0184543115983
-jré	0.260971645295	0.41832864625	0.107329910472	0.213369797982
-oyó	0.473719828559	0.468757049402	0.0169185653057	0.0406045567335
-jrí	0.260202043262	0.461160892643	0.17704468923	0.101592374864
-bia	0.0430622009569	0.928229665072	0.0143540669856	0.0143540669856
-jrá	0.253003276301	0.659628685839	0.0436840189297	0.0436840189298
-eja	0.208721939901	0.190346374177	0.0837609842405	0.517170701682
-ter	0.0216216216216	0.913513513513	0.0648648648649	0.0
-uta	0.10394265233	0.726403823178	0.155316606929	0.0143369175627
-eje	0.282848232329	0.447521766606	0.0448798378501	0.224750163215
-ute	0.26084108636	0.501791436219	0.0397827892158	0.197584688206
-rio	0.00723398813894	0.945745088958	0.0325529466251	0.0144679762779
-apu	0.492900505474	0.351012217735	0.0617236912292	0.0943635855623
-a'u	0.0127166444467	0.0379448261717	0.114244692852	0.83509383653
-ejo	0.158061379642	0.0274814873476	0.00681292532289	0.807644207688
-tea	0.0171993693565	0.965601261287	0.0171993693564	0.0
-a'o	0.386541338925	0.332136998614	0.180122385168	0.101199277293
-ris	0.0163934426229	0.967213114754	0.0	0.0163934426229
-utu	0.0571208027789	0.852566576611	0.0208413739869	0.0694712466229
-a'a	0.473827728287	0.246587629792	0.0351392080694	0.244445433851
-gro	0.0298507462687	0.880597014925	0.0597014925373	0.0298507462686
-teo	0.00785083415112	0.9791952895	0.00588812561335	0.00706575073602
-are	0.288474190624	0.3320331444	0.0753175787902	0.304175086186
-e'e	0.400271985494	0.353807796918	0.201722574796	0.0441976427924
-ara	0.146896499584	0.739547894458	0.0130037045438	0.100551901414
-mes	0.0294117647059	0.911764705882	0.0588235294118	0.0
-aro	0.480891626442	0.315658638045	0.080322628375	0.123127107138
-ñáa	0.363117095063	0.502243982048	0.0	0.134638922889
-ari	0.600934376709	0.136200327789	0.0418147109042	0.221050584597
-rón	0.115432873275	0.809284818068	0.0451693851945	0.030112923463
-opí	0.0689324462028	0.287178565006	0.122879578013	0.521009410777
-eñó	0.323279924599	0.426013195099	0.0791705937794	0.171536286522
-etá	0.548290924131	0.312579318859	0.0598407557033	0.0792890013068
-mea	0.0	1.0	0.0	0.0
-meo	0.0703883495145	0.75	0.160194174757	0.0194174757282
-opá	0.356606274856	0.261894240683	0.0572249226691	0.324274561791
-aya	0.249126005888	0.375412233029	0.0543699141872	0.321091846895
-phe	0.343728343728	0.270963270963	0.279972279972	0.105336105336
-ayo	0.333304227392	0.351063768626	0.0606720945968	0.254959909385
-oje	0.378911419224	0.325969875403	0.0669286090621	0.228190096311
-mos	0.0126843190106	0.973045822102	0.014269858887	0.0
-bás	0.012082158679	0.973821989529	0.00805477245266	0.00604107933951
-naá	0.367346938775	0.204081632653	0.0816326530612	0.34693877551
-oji	0.219696293733	0.298210953235	0.0739561961922	0.408136556841
-jlá	0.268300835655	0.33504178273	0.0543732590529	0.342284122563
-aón	0.0869565217391	0.880434782609	0.0326086956522	0.0
-jlé	0.260903654641	0.339133792845	0.13561841012	0.264344142394
-dán	0.0129753108668	0.975130654172	0.00432510362227	0.00756893133898
-jló	0.100079371411	0.0368617357461	0.00362445896812	0.859434433875
-jlú	0.153240693782	0.704892314974	0.0321871724651	0.109679818778
-umu	0.185520361991	0.814479638009	0.0	0.0
-ota	0.468366692344	0.398012629106	0.0650391213729	0.0685815571775
-isí	0.0	0.830985915493	0.169014084507	0.0
-ote	0.0736813958152	0.868480513403	0.0121131091651	0.0457249816164
-ijó	0.349794238683	0.138888888889	0.0	0.511316872428
-ijo	0.256520717475	0.192840917992	0.0900759771285	0.460562387405
-upú	0.0567790777701	0.94322092223	0.0	0.0
-isá	0.215902140673	0.544342507645	0.11620795107	0.123547400612
-oto	0.0512820512821	0.948717948718	0.0	0.0
-rán	0.177464788732	0.822535211268	0.0	0.0
-uma	0.346464225103	0.516624113899	0.03796458722	0.0989470737781
-gog	0.186666666667	0.786666666667	0.0266666666667	0.0
-upá	0.406173613045	0.276868869705	0.251864228472	0.0650932887775
-éño	0.0	0.699528672427	0.300471327573	0.0
-jeí	0.0325625294951	0.949234814265	0.0121351041596	0.00606755207982
-umi	0.279762511432	0.399162796844	0.167520782041	0.153553909682
-upé	0.16142935494	0.613992616837	0.140083324535	0.0844947036879
ALL	0.226608654863	0.268158082331	0.051182050989	0.454051211817
-nai	0.353658536585	0.609756097561	0.0365853658537	0.0
-maó	0.29358281093	0.460353160741	0.102885581662	0.143178446667
-aús	0.0384615384615	0.884615384615	0.0769230769231	0.0
-sio	0.224687933426	0.742024965326	0.0	0.0332871012482
-nas	0.0276752767528	0.961254612546	0.0	0.0110701107011
-sia	0.00162725103059	0.994304621393	0.00244087654589	0.00162725103059
-ala	0.304774326399	0.314655162349	0.079728301065	0.300842210187
-bón	0.0	1.0	0.0	0.0
-phá	0.477776556875	0.136061884319	0.0194539400892	0.366707618717
-ayá	0.279466487416	0.149119283332	0.0269158223163	0.544498406936
-igo	0.00252085434046	0.99747914566	0.0	0.0
-phé	0.187741413899	0.751774111447	0.0399736503279	0.0205108243255
-phí	0.224757938461	0.564801706243	0.0637815903545	0.146658764942
-ayó	0.422573998494	0.274167558215	0.157638916406	0.145619526885
-phú	0.307461922152	0.540560701879	0.122166429144	0.0298109468246
-lmo	0.0	0.895043731778	0.0174927113703	0.0874635568513
-ayú	0.171783768683	0.79564184942	0.00491688783349	0.0276574940634
-jle	0.67396593674	0.209245742092	0.0729927007299	0.0437956204379
-jla	0.404694197544	0.273331473174	0.0975395318899	0.224434797393
-jlo	0.232766852891	0.457222860616	0.0583374652594	0.251672821234
-eos	0.108761329305	0.389728096677	0.501510574018	0.0
-bet	0.0687186828919	0.829634931997	0.050107372942	0.0515390121689
-cob	0.0	0.992327365729	0.0	0.00767263427109
-jlu	0.0408401400233	0.620770128355	0.338389731622	0.0
-nta	0.0397934468695	0.159092865973	0.0330668368978	0.768046850259
-bel	0.541723666211	0.458276333789	0.0	0.0
-eló	0.11933912107	0.754555106665	0.058439260318	0.0676665119471
-rla	0.0	0.679520137104	0.197086546701	0.123393316195
-cos	0.0315887271602	0.95354598947	0.0148652833695	0.0
-yaj	0.262732417138	0.227970897332	0.0242522231204	0.485044462409
-iso	0.265193370166	0.32320441989	0.171270718232	0.240331491713
-otá	0.540133177457	0.33612342004	0.072854875049	0.050888527454
-uté	0.252665739453	0.239684747334	0.354659248957	0.152990264256
-reo	0.00753721499907	0.950254381006	0.0414546824949	0.000753721499907
-umó	0.317137266471	0.28799463048	0.141044620602	0.253823482448
-jñá	0.575078362263	0.283742034056	0.0420624372508	0.0991171664306
-ijí	0.150867012552	0.758517395082	0.0313669358188	0.0592486565467
-rea	0.0142243692969	0.964573268921	0.000536768652711	0.0206655931293
-isa	0.00757735213639	0.989896863818	0.00252578404547	0.0
-eve	0.272076372315	0.167064439141	0.0159108989658	0.544948289578
-otó	0.642126789366	0.233537832311	0.0605316973415	0.0638036809816
-umá	0.201299977508	0.111676113229	0.028148732619	0.658875176644
-eva	0.155721056195	0.742721733243	0.0	0.101557210562
-upa	0.398921502543	0.395489919725	0.178626141308	0.0269624364238
-umí	0.33215977822	0.191355399386	0.0433152537722	0.433169568622
-res	0.257425742574	0.257425742574	0.0594059405941	0.425742574258
-umé	0.189699570815	0.578540772532	0.211158798283	0.0206008583691
-ret	0.0155477883572	0.97360491744	0.0028926117874	0.00795468241533
-upi	0.26241100635	0.45992880508	0.143881085241	0.133779103329
-hab	0.00461307807634	0.930803828855	0.0645830930689	0.0
-naí	0.00292275574113	0.989283228949	0.00779401530966	0.0
-mas	0.00852272727272	0.988636363636	0.00284090909091	0.0
-mar	0.0	1.0	0.0	0.0
-ham	0.00491347756713	0.985259567299	0.00982695513427	0.0
-úna	0.235849056604	0.683288409704	0.0	0.0808625336927
-naú	0.701906412478	0.220103986135	0.0	0.0779896013865
-íca	0.648148148148	0.12962962963	0.111111111111	0.111111111111
-uno	0.443649007977	0.379764096271	0.00886343492193	0.16772346083
-uni	0.133449970427	0.567407643604	0.143199711756	0.155942674213
-une	0.265412719168	0.548364310265	0.132047982999	0.0541749875687
-jnú	0.292561333454	0.456508455093	0.125994494358	0.124935717095
-una	0.265752296889	0.316722700841	0.0914892013382	0.326035800931
-pta	0.0761904761905	0.92380952381	0.0	0.0
-pto	0.00998932957977	0.936431539038	0.0483574363748	0.0052216950076
-666	0.142857142857	0.0612244897959	0.0	0.795918367347
-tra	0.0	1.0	0.0	0.0
-ada	0.0294117647059	0.764705882353	0.176470588235	0.0294117647059
-qué	0.166145043399	0.300278007395	0.0438485721417	0.489728377065
-tro	0.0257280073182	0.304924531179	0.0806144229303	0.588733038573
-ipí	0.0725689404934	0.910014513788	0.00870827285921	0.00870827285921
-oco	0.365184636359	0.265848849373	0.0395656512721	0.329400862995
-144	0.123180291153	0.399776035834	0.0	0.477043673012
-gar	0.0	0.848942598187	0.151057401813	0.0
-seo	0.057477893118	0.862937331796	0.0795847750864	0.0
-ini	0.13390974857	0.267391406714	0.146297681571	0.452401163144
-erú	0.201176875167	0.397042527989	0.0137556837721	0.388024913072
-ipá	0.521761480466	0.24034726982	0.0839616175462	0.153929632168
-raú	0.0978881611586	0.0310127619147	0.0082199311166	0.86287914581
-ino	0.257234726688	0.742765273312	0.0	0.0
-ina	0.187747927631	0.557901864435	0.210471174781	0.0438790331527
-raó	0.687116564417	0.174846625767	0.0368098159509	0.101226993865
-sea	0.0344827586207	0.965517241379	0.0	0.0
-món	0.0136059710776	0.963069507075	0.00544238843104	0.0178821334163
-eré	0.14655420797	0.456916480329	0.0347015676129	0.361827744088
-raí	0.137203166227	0.831134564644	0.0316622691293	0.0
-erí	0.114245782914	0.664336754791	0.0274026961656	0.194014766129
-erá	0.431248854802	0.369028610319	0.126429861529	0.0732926733503
-ser	0.0	1.0	0.0	0.0
-ipú	0.818181818182	0.157024793388	0.0247933884298	0.0
-blo	0.0499030752189	0.857757938601	0.0045495305412	0.0877894556387
-eda	0.0571428571429	0.571428571429	0.371428571429	0.0
-dón	0.00910194174756	0.936286407767	0.0	0.0546116504855
-són	0.0202702702703	0.956081081081	0.0168918918919	0.00675675675675
-ena	0.160135003599	0.560924633222	0.0786699124381	0.20027045074
-nes	0.0463659147869	0.774436090226	0.00250626566416	0.176691729323
-rso	0.0	1.0	0.0	0.0
-neo	0.0	0.87610619469	0.0	0.12389380531
-fos	0.0	1.0	0.0	0.0
-ias	0.0299550673989	0.970044932601	0.0	0.0
-oró	0.399556279461	0.419586041984	0.1152458605	0.0656118180554
-eón	0.0591988656505	0.834455866714	0.0850762141084	0.0212690535271
-ban	0.068100358423	0.814814814815	0.0280764635603	0.0890083632019
-uní	0.0201897192668	0.500811861727	0.40411485707	0.0748835619366
-uné	0.0956365809923	0.841601912732	0.026897788404	0.0358637178721
-uná	0.230834467092	0.692897644465	0.0358774978178	0.0403903906251
-ími	0.420528686798	0.532353612682	0.0143792437556	0.0327384567649
-e'é	0.454601908746	0.388187998431	0.118642959864	0.0385671329586
-unú	0.0455235204856	0.614217345629	0.340259133886	0.0
-uuu	0.383720930233	0.232558139535	0.279069767442	0.104651162791
-sús	0.0122531830104	0.643924991655	0.00369993493254	0.340121890402
-que	0.112125146261	0.0582691948982	0.0226027805373	0.807002878304
-asa	0.00887573964496	0.955621301775	0.0355029585799	0.0
-aso	0.494845360825	0.505154639175	0.0	0.0
-dro	0.0287706023969	0.927997433795	0.00181883118601	0.0414131326226
-yee	0.467780429594	0.36276849642	0.0501193317422	0.119331742243
-iní	0.0641025641025	0.666666666667	0.269230769231	0.0
-iná	0.392451804759	0.188467327281	0.0253252534804	0.39375561448
-ras	0.0122699386503	0.957055214724	0.00613496932515	0.0245398773006
-eri	0.180324032873	0.565964627005	0.0523156013899	0.201395738733
-ral	0.0956993503622	0.743404661559	0.110368593848	0.0505273942301
-zmi	0.0220994475138	0.977900552486	0.0	0.0
-uía	0.0227161300866	0.962902435038	0.0	0.014381434875
-ero	0.469300500642	0.365998454594	0.0551740744384	0.109526970326
-era	0.38043635399	0.502708453137	0.012464896584	0.104390296289
-uío	0.0718562874252	0.85628742515	0.0718562874252	0.0
-inó	0.380927907589	0.474104121926	0.0296127702013	0.115355200284
-ere	0.168537407821	0.364172264645	0.0541682421166	0.413122085418
-ela	0.227607630768	0.346779458405	0.048326855275	0.377286055552
-pos	0.0	0.986445783133	0.0	0.0135542168675
-neí	0.16532132878	0.811393977026	0.00465693883887	0.0186277553555
-arú	0.166859679598	0.737598919128	0.0623431769929	0.033198224281
-áta	0.634368721991	0.161876062432	0.149667748416	0.0540874671611
-aza	0.00117502868213	0.961126134433	0.0335862364974	0.00411260038743
-ñaó	0.797587543849	0.106406548095	0.0406178841775	0.0553880238784
-ipé	0.324914736916	0.283790096045	0.363980731677	0.0273144353615
-sja	0.292917166867	0.138055222089	0.151260504202	0.417767106843
-lam	0.0425531914894	0.957446808511	0.0	0.0
-nor	0.0	1.0	0.0	0.0
-lao	0.328467153285	0.56204379562	0.0	0.109489051095
-aam	0.0	1.0	0.0	0.0
-uja	0.262681245876	0.324771323054	0.0711846059525	0.341362825118
-aan	0.00967741935482	0.748387096774	0.222580645161	0.0193548387097
-uje	0.244793857804	0.584626104333	0.150070992848	0.0205090450147
-áca	0.829787234043	0.0851063829787	0.0	0.0851063829787
-las	0.0675268178583	0.823806888218	0.052894916601	0.0557713773224
-uji	0.296917831479	0.57288941413	0.087822106307	0.042370648084
-noc	0.0	0.943217665615	0.0378548895899	0.018927444795
-aac	0.0	0.996305418719	0.00369458128078	0.0
-dos	0.199395770393	0.380664652568	0.07250755287	0.347432024169
-áje	0.184049079755	0.717791411043	0.0981595092024	0.0
-oñó	0.419903099285	0.371888538542	0.133302571202	0.0749057909713
-ája	0.503103863615	0.317335309923	0.0895024552951	0.0900583711665
-fás	0.00133422281521	0.948632421614	0.0500333555704	0.0
-ges	0.0208333333333	0.9375	0.0416666666667	0.0
-api	0.310197564845	0.333222135676	0.0620472737288	0.294533025749
-ahu	0.0824360699865	0.670255720054	0.0	0.24730820996
-sas	0.0	1.0	0.0	0.0
-ión	0.0	0.989898989899	0.0	0.010101010101
-vos	0.0251231364253	0.94611748372	0.0247925688407	0.00396681101451
-oli	0.029702970297	0.970297029703	0.0	0.0
-apá	0.156083229189	0.689528941557	0.0107580730399	0.143629756214
-tor	0.4243281471	0.49080622348	0.04243281471	0.04243281471
-sté	0.504854368932	0.116504854369	0.0873786407767	0.291262135922
-olo	0.371745015322	0.341184230415	0.0739560001649	0.213114754098
-ola	0.411283944108	0.474246818302	0.0532080626992	0.0612611748915
-ole	0.36741719479	0.315775057119	0.183172949966	0.133634798125
-ucú	0.227859178116	0.476958314994	0.0917266066908	0.203455900199
-iel	0.0330073349633	0.937652811736	0.0293398533007	0.0
-ien	0.0291107421168	0.111468858981	0.108259285352	0.751161113551
-loe	0.111801242236	0.664596273292	0.0372670807453	0.186335403727
-loc	0.0	0.888682745826	0.111317254174	0.0
-oce	0.012706480305	0.364675984752	0.0	0.622617534943
-iez	0.146085538915	0.602718595388	0.0	0.251195865696
-oca	0.509837543889	0.251458996793	0.0457257894424	0.192977669876
-eyá	0.13200918124	0.0656922774896	0.00847387241143	0.793824668859
-lot	0.229508196721	0.573770491803	0.196721311475	0.0
-los	0.0621067031463	0.915458276334	0.00164158686731	0.0207934336525
-ipi	0.358565737052	0.593625498008	0.0478087649402	0.0
-ipo	0.0385686736661	0.948575101778	0.0	0.0128562245554
-sar	0.213147684006	0.77499177071	0.0118605452844	0.0
-ujú	0.407427055703	0.288594164456	0.132095490716	0.171883289125
-ipa	0.0930124448441	0.821725512311	0.0257127397709	0.0595493030735
-ipe	0.00212886960066	0.995529373839	0.0	0.00234175656072
-rdo	0.229166666667	0.588141025641	0.144230769231	0.0384615384615
-ují	0.235461863623	0.457256282067	0.18806857578	0.11921327853
-ipu	0.352239884393	0.61524566474	0.0325144508671	0.0
-úmi	0.0	1.0	0.0	0.0
-oño	0.554544010727	0.28508189889	0.0798470211657	0.0805270692168
-ido	0.0	0.818181818182	0.0	0.181818181818
-saú	0.212765957447	0.787234042553	0.0	0.0
-oló	0.179218250104	0.620753929615	0.133815551537	0.0662122687439
-sto	0.0137239638012	0.786511943361	0.00438730366796	0.19537678917
-olá	0.543106737177	0.265101931963	0.069971115458	0.121820215402
-sta	0.0208434138534	0.875907246808	0.0428654731331	0.0603838662051
-saí	0.0842105263158	0.915789473684	0.0	0.0
-rpo	0.0	0.947826086956	0.0	0.0521739130435
-ocó	0.323949730021	0.372662599988	0.118585960896	0.184801709095
-loé	0.0230105465005	0.942473633749	0.0	0.0345158197507
-ián	0.0	0.933774834437	0.0662251655629	0.0
-ucu	0.262982750925	0.462344771456	0.0635354039224	0.211137073696
-ocá	0.413706272582	0.311713390272	0.0983962778447	0.176184059302
-eyo	0.105897446731	0.652855386386	0.0941219847614	0.147125182122
-eya	0.346499936423	0.242525092774	0.0208156154044	0.390159355399
-uca	0.345616671006	0.313147478878	0.0989864872935	0.242249362822
-tos	0.118631278025	0.155998316669	0.0223766887725	0.702993716533
-lem	0.0	0.981651376147	0.0	0.0183486238532
-lea	0.00336523293722	0.992533389421	0.00126196235145	0.00283941529078
-ios	0.0169587337479	0.788581119276	0.194460146976	0.0
-acó	0.426964093397	0.315281557684	0.0711694653261	0.186584883593
-itá	0.185117670472	0.478061856748	0.174125871813	0.162694600967
-rra	0.0200789545331	0.938742172611	0.0319901987476	0.00918867410834
-eee	0.406508237951	0.271672740338	0.0677513729918	0.254067648719
-o'ó	0.421801173733	0.141602639269	0.0775731561792	0.35902303082
-alu	0.0311563810665	0.929298981426	0.0347513481127	0.00479328939485
-úre	0.211453744493	0.788546255507	0.0	0.0
-gio	0.0327272727273	0.945454545455	0.0218181818182	0.0
-alo	0.17334317841	0.479012448635	0.0554932109133	0.292151162042
-udá	0.039312039312	0.931203931204	0.009828009828	0.019656019656
-ndo	0.0	0.96875	0.03125	0.0
-ale	0.302532332547	0.249133045602	0.0665063655432	0.381828256308
-gia	0.0	0.939189189189	0.0608108108108	0.0
-áno	0.0922671353251	0.828646748682	0.0	0.079086115993
-huí	0.223246700802	0.48079390898	0.157487277431	0.138472112787
-jyú	0.263157894737	0.684210526316	0.0526315789473	0.0
-hué	0.250686252682	0.478221678512	0.0669764493009	0.204115619504
-emi	0.202743743613	0.458409078406	0.0902745917167	0.248572586265
-alé	0.408560807467	0.0347246208739	0.0135545132844	0.543160058375
-huá	0.240954194731	0.351884351292	0.0431790105595	0.363982443418
-ína	0.163793103448	0.810344827586	0.0258620689655	0.0
-abé	0.0292480422681	0.946032644589	0.00452872912539	0.0201905840174
-huó	0.350962112954	0.264357002141	0.143923744266	0.24075714064
-chi	0.39452748157	0.273629867047	0.0517558964122	0.28008675497
-cho	0.262903735049	0.495745684373	0.121631314252	0.119719266327
-cha	0.361820803764	0.334133807263	0.061811905389	0.242233483584
-loi	0.0	0.979166666667	0.0208333333333	0.0
-ncá	0.102974970898	0.021992456726	0.00836151930795	0.866671053068
-iyo	0.39470674473	0.294785861252	0.223929189089	0.0865782049288
-oré	0.0	1.0	0.0	0.0
-elo	0.295848100848	0.444669144773	0.0881086648845	0.171374089494
-orí	0.548759227652	0.31772841491	0.0250979833199	0.108414374119
-aén	0.0	0.95041322314	0.0495867768595	0.0
-iya	0.442987200589	0.312562729538	0.0784116809329	0.16603838894
-chu	0.1104488385	0.187858139551	0.0277152719034	0.673977750046
-ele	0.0889635888886	0.0451094681941	0.0102115020338	0.855715440884
-itu	0.166655403122	0.734675947827	0.0375076028925	0.061161046158
-ito	0.00884368781782	0.955560468715	0.0148131770949	0.0207826663719
-tes	0.0	0.968965517241	0.0310344827586	0.0
-eso	0.0153861135456	0.97760249294	0.00233713117148	0.00467426234297
-eís	0.478991596639	0.302521008403	0.0504201680672	0.168067226891
-lás	0.0378787878788	0.924242424242	0.0378787878788	0.0
-esa	0.0212650936716	0.953953537325	0.0100465009472	0.014734868056
-ite	0.0	1.0	0.0	0.0
-ita	0.0597562563051	0.890534999512	0.00898987926714	0.0407188649159
-spe	0.0458404074703	0.903225806452	0.0407470288625	0.0101867572156
-ení	0.327532491314	0.0964592038251	0.0768956524569	0.499112652404
-ilá	0.152824920303	0.747510761131	0.0437147409241	0.0559495776426
-ria	0.00596195441185	0.990710443126	0.000831900615606	0.00249570184682
-aló	0.234454812938	0.551867921339	0.110867482808	0.102809782915
-spo	0.0	0.9875	0.0125	0.0
-fas	0.0208333333333	0.958333333333	0.0208333333333	0.0
-alí	0.051724137931	0.948275862069	0.0	0.0
-o'o	0.536416298117	0.130653721626	0.0420251618228	0.290904818435
-eji	0.0628611338077	0.193495755115	0.213989349059	0.529653762018
-alá	0.276078811346	0.239506972924	0.121328515915	0.363085699814
-huo	0.357166567085	0.322711279294	0.0764787890859	0.243643364536
-hui	0.2631298284	0.667409585014	0.0579749777808	0.0114856088056
-hue	0.225256512832	0.621802931324	0.0541600358723	0.0987805199715
-hua	0.253966376471	0.208734890002	0.0550201830472	0.48227855048
-abo	0.0192307692308	0.980769230769	0.0	0.0
-ucá	0.179438965676	0.121447682618	0.00243878315411	0.696674568552
-ché	0.157277272768	0.765688960979	0.0144438311725	0.0625899350809
-nco	0.03984408835	0.0324815937636	0.00433087916847	0.923343438718
-chí	0.128095334899	0.747572763101	0.0518355702691	0.0724963317308
-iyú	0.0	0.982456140351	0.0175438596491	0.0
-chá	0.310365578877	0.326700484805	0.0783565910542	0.284577345264
-nca	0.669257675865	0.25728721337	0.0489700738438	0.0244850369219
-iyó	0.289501013885	0.228251380314	0.0785267754757	0.403720830325
-chú	0.0488272264602	0.78392698958	0.0671324890146	0.100113294945
-ori	0.380934069781	0.427789078499	0.158413354821	0.0328634968987
-iyé	0.1329394387	0.8670605613	0.0	0.0
-oro	0.421191439483	0.295525012289	0.0934510530495	0.189832495179
-elí	0.0	0.969696969697	0.030303030303	0.0
-elá	0.0	0.958333333333	0.0	0.0416666666667
-iyá	0.209747383132	0.115274186051	0.0329484990354	0.642029931782
-ísa	0.230769230769	0.769230769231	0.0	0.0
-nuí	0.231830726771	0.573137074517	0.0386384544618	0.15639374425
-icu	0.0776627218935	0.747596153846	0.0	0.17474112426
-lis	0.0475920679886	0.896317280453	0.0203966005666	0.0356940509916
-ico	0.380863849633	0.386275583185	0.0726886993403	0.160171867842
-lim	0.0	0.980392156863	0.0196078431372	0.0
-omi	0.178703974108	0.227467629731	0.0286127101277	0.565215686033
-lio	0.0314237370075	0.954072999758	0.00145032632342	0.0130529369108
-émi	0.0181204271208	0.977954570615	0.00392500226443	0.0
-oma	0.0391984467158	0.888266109829	0.0113565593289	0.0611788841264
-lia	0.0	0.988326848249	0.00778210116731	0.00389105058366
-ica	0.316424364935	0.228729468556	0.0690503740749	0.385795792434
-eas	0.0	1.0	0.0	0.0
-añá	0.0438843707223	0.212496980433	0.735767775183	0.00785087366131
-cmi	0.0147024058361	0.983919243617	0.0	0.00137835054713
-ode	0.125	0.875	0.0	0.0
-rna	0.0	0.978723404255	0.0212765957447	0.0
-añó	0.475180867041	0.212597735957	0.0603541412039	0.251867255798
-uri	0.206940944012	0.534520580408	0.0498522079145	0.208686267665
-ura	0.121197547192	0.701334615847	0.108212095708	0.0692557412528
-ure	0.229991284963	0.522378316186	0.171383906558	0.0762464922935
-sda	0.0	0.974248927039	0.0	0.0257510729614
-á'o	0.690374533859	0.184858053906	0.02138649331	0.103380918924
-íja	0.238306690349	0.32874481942	0.323416222617	0.109532267614
-á'a	0.606930016801	0.206471019994	0.0466225577038	0.139976405501
-ehu	0.547169811321	0.339622641509	0.11320754717	0.0
-uru	0.211848642309	0.726735189197	0.0431463895359	0.0182697789578
-nio	0.0114285714286	0.988571428571	0.0	0.0
-apa	0.40635447623	0.302345351349	0.135412153237	0.155888019184
-pan	0.172304430313	0.80083491136	0.0122434628654	0.0146171954617
-ape	0.263096623981	0.443538998836	0.128055878929	0.165308498254
-áro	0.624454148472	0.375545851528	0.0	0.0
-aín	0.0190476190476	0.92380952381	0.0	0.0571428571428
-pas	0.17747193046	0.771821803694	0.0507062658457	0.0
-omú	0.906644647367	0.0933553526326	0.0	0.0
-lus	0.111482720178	0.788182831661	0.066889632107	0.0334448160535
-icú	0.0982982268238	0.795073188147	0.0966321551827	0.00999642984648
-omó	0.707491948565	0.192012036014	0.0160793624674	0.0844166529537
-icó	0.137988395805	0.250132238333	0.0582102693974	0.553669096465
-ael	0.0141227593699	0.966322650733	0.00651819663228	0.0130363932645
-omé	0.0	1.0	0.0	0.0
-sos	0.225597641479	0.668653464078	0.063449336666	0.0422995577774
-icé	0.409937888199	0.23602484472	0.0	0.354037267081
-ruí	0.649490337748	0.193553657496	0.0349456753592	0.122010329397
-omá	0.641611079641	0.101455474503	0.0516757031711	0.205257742685
-icá	0.168921643774	0.0352034801626	0.00290355828779	0.792971317776
-año	0.410092462623	0.220217954449	0.0975269997324	0.272162583195
-zín	0.0	0.956748963777	0.0432510362227	0.0
-dia	0.0344107164803	0.96558928352	0.0	0.0
-aru	0.0977642337305	0.728267617694	0.0747225740804	0.0992455744949
-i'i	0.39920464974	0.291118588763	0.106862445192	0.202814316305
-dio	0.0379746835443	0.949367088608	0.0126582278481	0.0
-aña	0.63319012006	0.206431929496	0.0709101047639	0.0894678456801
-fes	0.132075471698	0.830188679245	0.0	0.0377358490566
-ría	0.00448346721464	0.965626751354	0.0227909583411	0.00709882308986
-dis	0.0	1.0	0.0	0.0
-feo	0.0	1.0	0.0	0.0
-uré	0.0598834294309	0.924605164202	0.00658059664077	0.00893080972674
-urí	0.273789674008	0.411681654987	0.0688641227031	0.245664548302
-lta	0.183431952663	0.647928994083	0.01775147929	0.150887573964
-jnó	0.326919324944	0.335820895522	0.0543849380548	0.282874841479
-ine	0.267812026276	0.708943911066	0.0202122283982	0.00303183425973
-urú	0.13051674965	0.207231594721	0.629139072848	0.0331125827814
-jné	0.221923770112	0.44200819207	0.092731679819	0.243336357998
-uró	0.592451596329	0.197001191116	0.0345657098816	0.175981502674
-jná	0.321144718301	0.123379106152	0.013542608951	0.541933566596
-chó	0.447228071387	0.234756613731	0.1589329547	0.159082360182
-paí	0.0	1.0	0.0	0.0
-apé	0.235979659335	0.372344500143	0.107311221331	0.284364619191
-apí	0.149888098672	0.513438106132	0.0950514746108	0.241622320585
-apó	0.495086222882	0.471537177823	0.0	0.0333765992953
-tia	0.0	1.0	0.0	0.0
-apú	0.166962668529	0.172627659319	0.0941447030441	0.566264969109
-tio	0.260869565217	0.634782608696	0.104347826087	0.0
-lón	0.0	1.0	0.0	0.0
-epí	0.411532358922	0.143985631224	0.047113359711	0.397368650143
-ema	0.226327726328	0.636930636931	0.119731619732	0.01701001701
-emo	0.0	0.985507246377	0.0	0.0144927536232
-ulá	0.346483402166	0.536718524562	0.0538489507165	0.0629491225554
-osé	0.0398927613941	0.944235924933	0.00514745308311	0.0107238605898
-acú	0.0643191125057	0.0656250710991	0.00492995979758	0.865125856598
-acá	0.351844340001	0.0999515969117	0.0177057909377	0.53049827215
-ací	0.115384615385	0.438461538462	0.0461538461538	0.4
-epé	0.0637904029618	0.741848213014	0.142199439935	0.0521619440885
-acé	0.12104283054	0.711359404097	0.0	0.167597765363
-ají	0.421658078896	0.242382623232	0.022658058018	0.313301239855
-cio	0.0288065843621	0.968724279835	0.0	0.00246913580247
-ajé	0.305362644707	0.224594431103	0.0719688130528	0.398074111138
-cia	0.00826564058715	0.972637879436	0.00869317372097	0.0104033062562
-ajá	0.281020574033	0.523006263048	0.128351368149	0.0676217947696
-zar	0.755643215377	0.20581574418	0.0237175633498	0.0148234770936
-ajú	0.0483870967741	0.935483870968	0.0	0.016129032258
-ilé	0.184275403587	0.15321494312	0.0309169834475	0.631592669845
-gmi	0.0	1.0	0.0	0.0
-ajó	0.592344292355	0.109834168888	0.0177156482885	0.280105890468
-ojó	0.257933585473	0.186637121453	0.118158880667	0.437270412408
-fán	0.0	1.0	0.0	0.0
-irá	0.142687498064	0.825327082537	0.0182515670016	0.0137338523972
-000	0.123180291153	0.399776035834	0.0	0.477043673012
-ésa	0.0857699805068	0.810916179337	0.0292397660818	0.074074074074
-eta	0.0811067210528	0.275267904095	0.00677754722075	0.636847827632
-rce	0.0	0.04	0.0	0.96
-ete	0.086354715422	0.807767792583	0.012395413697	0.0934820782978
-ojé	0.128092447248	0.0911338974993	0.0296807018633	0.75109295339
-eto	0.00533143771105	0.994668562289	0.0	0.0
-rco	0.0270967741936	0.972903225806	0.0	0.0
-ebé	0.354037267081	0.44099378882	0.167701863354	0.0372670807453
-amú	0.0130460034154	0.863381038653	0.0343747020223	0.0891982559097
-uyo	0.399449764563	0.594994973811	0.00555526162637	0.0
-uya	0.290088765166	0.441147119071	0.24940035366	0.0193637621024
-ías	0.0191500699394	0.934889762206	0.012822220742	0.0331379471125
-amé	0.170886075949	0.613924050633	0.215189873418	0.0
-ebú	0.15096359743	0.84903640257	0.0	0.0
-'at	0.320855614973	0.438502673797	0.0160427807487	0.224598930481
-amí	0.0725952813067	0.67332123412	0.0	0.254083484574
-ata	0.339030041403	0.233645192232	0.0556614716377	0.371663294727
-amá	0.288307719362	0.123599846529	0.0428762029863	0.545216231123
-ato	0.169765574126	0.70563761667	0.0675005426525	0.0570962665509
-amó	0.681161173269	0.213964867911	0.0617697995987	0.0431041592215
-acu	0.163229636014	0.0873855614191	0.0125748099723	0.736809992594
-emá	0.298196787342	0.0572631622481	0.00746963422088	0.637070416189
-ulo	0.0629111461133	0.879273603261	0.00611507458538	0.05170017604
-emí	0.383639707727	0.418207451223	0.0745354003541	0.123617440696
-oso	0.0	0.94495412844	0.0550458715596	0.0
-lén	0.0123481582635	0.962928749297	0.00107103649557	0.0236520559438
-nia	0.00960842199076	0.959477524648	0.0242299337158	0.00668411964574
-aca	0.358435081203	0.241412517367	0.0839028313297	0.3162495701
-aco	0.341766863685	0.358095081057	0.167677880671	0.132460174587
-ice	0.0	0.934959349593	0.0	0.0650406504065
-emú	0.0291262135922	0.893203883495	0.0	0.0776699029126
-dmi	0.0207381235839	0.953659254708	0.00153615730251	0.024066464406
-ajo	0.377888092195	0.388588191555	0.1088328736	0.12469084265
-aji	0.159134259795	0.590615616149	0.0700946885634	0.180155435493
-cía	0.0374999999999	0.8125	0.0749999999999	0.075
-aje	0.180161286567	0.180288318763	0.044054689568	0.595495705102
-aja	0.137824769768	0.0609201218331	0.0387081794772	0.762546928921
-nón	0.0222222222222	0.977777777778	0.0	0.0
-ate	0.0547029317383	0.840318857223	0.0464189368537	0.0585592741846
-fia	0.0	1.0	0.0	0.0
-etó	0.254677754678	0.620582120582	0.0207900207901	0.10395010395
-etú	0.301049233253	0.18401937046	0.0629539951574	0.45197740113
-lda	0.0196078431373	0.686274509804	0.294117647059	0.0
-áño	0.379310344828	0.534482758621	0.0862068965517	0.0
-vid	0.233962264151	0.596226415094	0.0792452830189	0.0905660377359
-fre	0.0946502057613	0.871399176955	0.0339506172839	0.0
-ile	0.302478226112	0.432448352758	0.229730298313	0.0353431228173
-ila	0.297002010138	0.427106409891	0.0330620197006	0.24282956027
-ilo	0.453598787516	0.363446092936	0.103566310276	0.079388809271
-eté	0.0621761658031	0.906735751295	0.0	0.0310880829016
-ojo	0.440334922809	0.231507716315	0.0512469027242	0.276910458151
-ató	0.270310177403	0.121021613139	0.0395585004396	0.569109709019
-'aá	0.298245614035	0.350877192982	0.140350877193	0.210526315789
-lmi	0.0484932064296	0.863506884001	0.0153731377026	0.0726267718671
-atú	0.573770491803	0.418032786885	0.00819672131148	0.0
-ebe	0.4921875	0.5078125	0.0	0.0
-ítu	0.135593220339	0.864406779661	0.0	0.0
-ami	0.243753945369	0.480143189078	0.0563213747225	0.21978149083
-tmi	0.0359631377838	0.952648535251	0.00689293474189	0.00449539222296
-amo	0.0	1.0	0.0	0.0
-atá	0.513564536469	0.340313472551	0.0764176616163	0.0697043293646
-ama	0.226957272011	0.692988708407	0.0402896049818	0.0397644146003
-oas	0.0	1.0	0.0	0.0
-até	0.0983819776586	0.0699721371551	0.016246090409	0.815399794777
-iro	0.282870230058	0.50057498318	0.0328761410998	0.183678645662
-iri	0.495781687381	0.198929924585	0.0653025371031	0.239985850932
-oja	0.348099053662	0.336936913412	0.0992914982895	0.215672534637
-ire	0.149786019971	0.702567760343	0.147646219686	0.0
-usa	0.14	0.86	0.0	0.0
-ira	0.098258041378	0.859708849845	0.0298299481645	0.0122031606127
-agé	0.220930232558	0.697674418605	0.0	0.0813953488372
-iru	0.250126759332	0.462913424833	0.198432263893	0.0885275519422
-eis	0.130708661417	0.0377952755905	0.00629921259842	0.825196850394
-uza	0.0	1.0	0.0	0.0
-eru	0.180876257079	0.580880170539	0.0774565622867	0.160787010096
-anó	0.260444444444	0.382222222222	0.128	0.229333333333
-uda	0.0	1.0	0.0	0.0
-oná	0.393463731033	0.443474893882	0.0626511625514	0.100410212534
-ijá	0.0538199002363	0.863481228669	0.0669467051719	0.0157521659228
-rté	0.233661278988	0.618763176388	0.0	0.147575544624
-ceo	0.182432432432	0.756756756757	0.0608108108108	0.0
-aná	0.26096427987	0.579887798098	0.0493711274366	0.109776794595
-ros	0.0599715389307	0.833604391136	0.00508233380768	0.101341736125
-onó	0.404255319149	0.413711583924	0.0685579196217	0.113475177305
-ané	0.192486975596	0.761367512222	0.00240759193992	0.0437379202418
-aní	0.185990017658	0.722565740901	0.0572252899609	0.0342189514798
-cea	0.00736648250462	0.992633517495	0.0	0.0
-pia	0.0	1.0	0.0	0.0
-opu	0.226890756303	0.168067226891	0.605042016807	0.0
-pil	0.666666666667	0.2	0.133333333333	0.0
-pio	0.0	1.0	0.0	0.0
-iñá	0.0639763128741	0.798302382832	0.0747094884583	0.0630118158352
-rés	0.00107469102633	0.923696937131	0.0	0.0752283718431
-taó	0.0704125177809	0.612731152205	0.0	0.316856330014
-enú	0.0737814166032	0.762471439452	0.10662604722	0.057121096725
-tés	0.014201183432	0.971597633136	0.0142011834319	0.0
-ace	0.233128834356	0.435582822086	0.110429447853	0.220858895706
-enó	0.418789221115	0.28639983125	0.0454569424669	0.249354005168
-uem	0.0269299820467	0.973070017953	0.0	0.0
-uel	0.0	1.0	0.0	0.0
-ueo	0.0414312617702	0.907721280603	0.0508474576271	0.0
-ená	0.141379440282	0.564231194422	0.0359230565575	0.258466308738
-jmú	0.229099547312	0.660003746985	0.0380217276698	0.0728749780337
-irí	0.0506451524682	0.838527553672	0.0280760289895	0.0827512648707
-iré	0.177580466149	0.822419533851	0.0	0.0
-ója	0.766666666667	0.2	0.0	0.0333333333333
-lco	0.0357142857143	0.964285714286	0.0	0.0
-ago	0.00478163850813	0.98852406758	0.00573796620975	0.000956327701626
-cua	0.0296540362438	0.927512355848	0.00370675453047	0.0391268533773
-irú	0.135679285435	0.544923315464	0.141380095747	0.178017303355
-jmá	0.0192	0.9328	0.0383999999999	0.0096
-ija	0.355139877752	0.401876264709	0.0839487690254	0.159035088514
-rte	0.140955364135	0.765074393109	0.0939702427565	0.0
-one	0.233032258065	0.739870967742	0.0162580645161	0.0108387096774
-rta	0.0235299272632	0.973841030585	0.0	0.00262904215231
-ona	0.103825336146	0.69555155022	0.0868783750085	0.113744738625
-ego	0.0606305578011	0.1645109135	0.738480194018	0.0363783346807
-ono	0.300461367132	0.330179774089	0.120273638437	0.249085220343
-rto	0.0	0.965517241379	0.0	0.0344827586207
-bmi	0.0153783063359	0.978812111271	0.000683480281591	0.00512610211195
-oni	0.201272109436	0.615753245622	0.148993639453	0.0339810054892
-ana	0.147371613867	0.407784681039	0.0351877605395	0.409655944554
-dan	0.287234042553	0.404255319149	0.063829787234	0.244680851064
-ane	0.227198121306	0.492750531896	0.0448074601996	0.235243886598
-rge	0.0	0.993006993007	0.0	0.00699300699301
-ani	0.190988466388	0.173099005397	0.146253438908	0.489659089307
-ank	0.338038277512	0.318899521531	0.0913875598086	0.251674641148
-epú	0.131892669265	0.607639808752	0.0181912222937	0.242276299688
-ano	0.294071304368	0.385807353879	0.117975730813	0.20214561094
-tal	0.0	0.761403508772	0.238596491228	0.0
-pií	0.0742659758204	0.863557858376	0.0103626943005	0.0518134715026
-rri	0.791821561338	0.17843866171	0.0297397769516	0.0
-iña	0.120469882529	0.816545863534	0.00149962509372	0.0614846288428
-sco	0.0586221963298	0.918863481891	0.0174167394893	0.00509758228954
-nás	0.109004739337	0.837570012925	0.0168031021112	0.0366221456269
-sca	0.561484918794	0.317865429234	0.0185614849188	0.102088167053
-iño	0.12875796601	0.0508973206678	0.0418021133391	0.778542599983
-aal	0.143721633888	0.697428139183	0.0680786686838	0.0907715582451
-tas	0.170221091763	0.80630013696	0.0234787712776	0.0
-mia	0.0389610389611	0.961038961039	0.0	0.0
-nos	0.0222222222222	0.977777777778	0.0	0.0
-sés	0.416276097145	0.551768214742	0.02556455049	0.0063911376225
-mil	0.05559566787	0.137244283995	0.0214600882471	0.785699959888
-upe	0.0487741935484	0.824774193548	0.0722580645161	0.0541935483871
-min	0.0	1.0	0.0	0.0
-eno	0.314590935009	0.411265535912	0.100556745298	0.173586783782
-eni	0.143454420612	0.443250579503	0.295675230194	0.117619769692
-ene	0.0186092066601	0.963761018609	0.0176297747306	0.0
-rmi	0.0296458105789	0.934467155562	0.0140427523795	0.0218442814792
-pía	0.0	0.953651685393	0.0463483146067	0.0
