kud-	0.629221563038	0.192798623417	0.0446875722321	0.133292241313
ivi-	0.402826855124	0.597173144876	0.0	0.0
ṉyé-	0.259259259259	0.62962962963	0.037037037037	0.0740740740741
atá-	0.0	1.0	0.0	0.0
luk-	0.094786560839	0.0377693446309	0.0140376983941	0.853406396136
md꞉-	0.255813953488	0.104651162791	0.511627906977	0.127906976744
muw-	0.439602446483	0.477828746177	0.0825688073394	0.0
inó-	0.0246913580247	0.962962962963	0.0123456790123	0.0
l꞉ê-	0.119993069296	0.252909314644	0.0425731702326	0.584524445827
cho-	0.372510266307	0.171999226711	0.0514917182331	0.40399878875
maa-	0.283291503128	0.440275922872	0.0601030878978	0.216329486102
w:â-	0.101870503597	0.868776978417	0.0212949640288	0.00805755395684
m̱w-	0.177956812729	0.493920949615	0.083444879404	0.244677358252
000-	0.124314949705	0.342490461325	0.040790842872	0.492403746098
mb꞉-	0.163796903859	0.312059635037	0.330145790357	0.193997670747
ṉ́i-	0.396226415094	0.566037735849	0.0377358490566	0.0
ṉên-	0.0926130099228	0.728776185226	0.105843439912	0.0727673649393
nas-	0.0381211977562	0.948249980248	0.00888836217112	0.0047404598246
mge-	0.282267090478	0.309799883601	0.332721493486	0.075211532435
mah-	0.0	1.0	0.0	0.0
eda-	0.0556457222351	0.930442847206	0.0	0.0139114305588
pîl-	0.147662018048	0.809680065628	0.0295324036095	0.0131255127153
nyu-	0.317518631259	0.456806969665	0.0776739792169	0.148000419859
kak-	0.425380944804	0.315380988595	0.0878227575748	0.171415309025
opé-	0.175438596491	0.824561403509	0.0	0.0
lis-	0.0642201834863	0.893577981651	0.0348623853211	0.00733944954128
yán-	0.0737704918033	0.926229508197	0.0	0.0
ana-	0.185960607051	0.713990411378	0.0130498671614	0.0869991144097
ṉód-	0.137398703387	0.684077621266	0.0520514812457	0.126472194101
sîk-	0.0639899623588	0.907151819322	0.0150564617315	0.0138017565872
pid-	0.037037037037	0.888888888889	0.0740740740741	0.0
léc-	0.206896551724	0.758620689655	0.0344827586207	0.0
bap-	0.0481620903455	0.913501992914	0.0116253321523	0.0267105845881
yâm-	0.847291708617	0.0469323585446	0.0218398104119	0.0839361224269
m̱ê-	0.547445255475	0.310218978102	0.0602189781022	0.0821167883211
ṉmo-	0.618528114386	0.266744896655	0.00997625990946	0.104750729049
nun-	0.166130851189	0.745501674774	0.0812980761138	0.00706939792296
nj꞉-	0.381833989669	0.536848565438	0.0199457883701	0.0613716565233
km:-	0.519121357598	0.258217182053	0.0279069719365	0.194754488413
pyo-	0.506788257778	0.143918936533	0.127160243282	0.222132562406
p꞉a-	0.191788411196	0.602390505437	0.0227031312928	0.183117952074
nyâ-	0.243528031218	0.190879120743	0.0596018836733	0.505990964366
nme-	0.5601024583	0.144543133895	0.028420813372	0.266933594433
tîm-	0.0	0.985275512537	0.0147244874628	0.0
tók-	0.498753156318	0.418161572121	0.0565392638133	0.0265460077477
mâl-	0.321014492754	0.284782608696	0.342028985507	0.0521739130435
yut-	0.130177514793	0.816568047337	0.0532544378698	0.0
t:e-	0.483980549958	0.206072853483	0.0298377011331	0.280108895426
nka-	0.108230004276	0.844530571149	0.0253092975463	0.0219301270292
ked-	0.471787465541	0.28251948347	0.160659112099	0.08503393889
tai-	0.0312057750162	0.922092431552	0.0332362877742	0.0134655056577
kum-	0.277364505845	0.51211477152	0.1738575983	0.0366631243358
ńme-	0.141176470588	0.823529411765	0.0	0.0352941176471
ták-	0.0455383190332	0.92819150206	0.0140709227985	0.012199256108
al꞉-	0.33269478482	0.18525613502	0.0470654292037	0.434983650956
wai-	0.0484412287295	0.923086647663	0.0175498145268	0.0109223090804
wod-	0.251816592901	0.0841453588958	0.0195858930121	0.644452155192
kpó-	0.321405428757	0.616387068904	0.0362877096983	0.0259197926416
tii-	0.0585451448259	0.894273565029	0.0244311668684	0.0227501232765
njó-	0.0170286617976	0.95666526868	0.0136550589887	0.0126510105336
kam-	0.125709780487	0.439233475158	0.370857221097	0.0641995232587
kêm-	0.413231164339	0.208192378017	0.0383618575434	0.3402146001
emî-	0.0	0.666666666667	0.333333333333	0.0
kan-	0.0	0.864406779661	0.135593220339	0.0
mêm-	0.494623655914	0.259856630824	0.0645161290322	0.181003584229
mîk-	0.859649122807	0.140350877193	0.0	0.0
d:e-	0.396920444825	0.310521813516	0.105218135158	0.187339606501
kmo-	0.247509757092	0.658899827188	0.0638822547135	0.0297081610066
niy-	0.0916150952554	0.58245358573	0.0455041863852	0.28042713263
ṉ́ê-	0.40560821485	0.558846761453	0.0355450236967	0.0
m꞉i-	0.503428510774	0.275639528712	0.0864451756713	0.134486784842
pwo-	0.184072165048	0.412184356803	0.1185024514	0.285241026749
apî-	0.0	0.977777777778	0.0222222222222	0.0
k꞉u-	0.326128417038	0.271773680865	0.239987285442	0.162110616656
nye-	0.24541072949	0.0987023662371	0.0447073613887	0.611179542885
wél-	0.419567069306	0.377501119633	0.0887826673393	0.114149143722
ńmê-	0.0881497848587	0.848470752413	0.0418653331783	0.0215141295499
dya-	0.450168918919	0.342060810811	0.136824324324	0.0709459459459
mok-	0.414634146341	0.243902439024	0.0731707317073	0.268292682927
ṉgo-	0.169398907104	0.485053037608	0.0732883317261	0.272259723562
dóm-	0.1151839896	0.333939622353	0.520425385485	0.0304510025617
kêp-	0.15299676353	0.680160611987	0.0436144620018	0.123228162481
kyî-	0.437037037037	0.407407407407	0.0222222222222	0.133333333333
kid-	0.448922386944	0.230363149371	0.106281923508	0.214432540177
kód-	0.128663779241	0.713742790369	0.0498107806771	0.107782649714
mêd-	0.380161752212	0.288683395988	0.10259223118	0.22856262062
mwi-	0.281382343442	0.193935321329	0.192305158501	0.332377176728
diy-	0.611165865778	0.140558218392	0.0167234406664	0.231552475164
y꞉i-	0.240043869581	0.194071834219	0.056724078983	0.509160217217
ń꞉u-	0.136363636364	0.613636363636	0.25	0.0
kââ-	0.262484821816	0.44705111485	0.0448568518436	0.24560721149
lip-	0.0771907168876	0.903409499768	0.00592203912629	0.0134777442185
etp-	0.333333333333	0.619047619048	0.0	0.047619047619
kpe-	0.293817666291	0.548068097535	0.106828712813	0.0512855233613
dóó-	0.436712132437	0.227187647543	0.151675527795	0.184424692224
nge-	0.546843603906	0.151609677314	0.033689365919	0.267857352861
wuc-	0.762790697674	0.13488372093	0.00930232558138	0.093023255814
yod-	0.188250734965	0.759212297372	0.0183021547883	0.0342348128745
ngi-	0.090881367358	0.0637389133388	0.00842361955266	0.836956099751
dêm-	0.174369747899	0.453781512605	0.252100840336	0.11974789916
nkw-	0.328586891642	0.351556091809	0.0508066080825	0.269050408467
276-	0.0	0.340206185567	0.0	0.659793814433
kmî-	0.537523091133	0.258569376026	0.152722188013	0.0511853448276
ped-	0.0	1.0	0.0	0.0
che-	0.217025730552	0.209725872115	0.168410132113	0.40483826522
epa-	0.0331125827815	0.920529801324	0.0198675496689	0.0264900662252
500-	0.36690647482	0.309352517986	0.0	0.323741007194
sap-	0.10480349345	0.879912663756	0.0152838427947	0.0
asi-	0.0	1.0	0.0	0.0
dán-	0.0948912704193	0.873478306108	0.0316304234731	0.0
tip-	0.819672131148	0.0	0.0	0.180327868852
dîm-	0.175042652873	0.763466121432	0.0354255808915	0.0260656448031
mbî-	0.0839763476785	0.900418953676	0.0100761010792	0.00552859756583
pok-	0.151761517615	0.658536585366	0.146341463415	0.0433604336043
hid-	0.037037037037	0.962962962963	0.0	0.0
sát-	0.047619047619	0.857142857143	0.0	0.0952380952381
wom-	0.106925481165	0.342326040467	0.478203651916	0.0725448264517
mil-	0.0128205128205	0.987179487179	0.0	0.0
tód-	0.158940397351	0.483443708609	0.35761589404	0.0
stó-	0.154147383667	0.638800898384	0.134303817048	0.0727479009009
yis-	0.0333297406607	0.937958067364	0.0164069668428	0.0123052251321
mel-	0.0	1.0	0.0	0.0
pal-	0.0848326279738	0.861295291936	0.0305244838286	0.0233475962618
têd-	0.137004806382	0.17978824705	0.104274003377	0.578932943191
kpê-	0.287549499711	0.49967412053	0.167696317723	0.0450800620356
tum-	0.17904203039	0.148712748311	0.108083401944	0.564161819355
ṉga-	0.13818033435	0.0507859072012	0.00490383311135	0.806129925337
l:â-	0.6269027581	0.176825295505	0.117912104385	0.0783598420096
pud-	0.0726046898732	0.874633703604	0.0375376069038	0.015223999619
ngm-	0.143525148978	0.116905765981	0.0405296941973	0.699039390843
wââ-	0.525797601664	0.274282047878	0.0580777910528	0.141842559405
sád-	0.403162055336	0.288537549407	0.189723320158	0.118577075099
km꞉-	0.455853899443	0.361351274557	0.119929506955	0.0628653190452
eno-	0.0377358490566	0.924528301887	0.0377358490566	0.0
chê-	0.120520529176	0.812660568833	0.0478426593747	0.0189762426167
lîp-	0.394904458599	0.605095541401	0.0	0.0
ntê-	0.230056928326	0.23772556002	0.163381967927	0.368835543727
doo-	0.587207063531	0.0556513484151	0.016115621426	0.341025966628
kom-	0.148416126818	0.770168503175	0.00861811770797	0.0727972522989
pw꞉-	0.366150824207	0.247212195819	0.233373476066	0.153263503909
m̱á-	0.77304964539	0.0425531914893	0.0141843971631	0.170212765958
wee-	0.243239926306	0.50130815571	0.0339708396624	0.221481078321
oni-	0.0	0.826086956522	0.173913043478	0.0
non-	0.379360465116	0.238372093023	0.220930232558	0.161337209302
mêê-	0.142280524722	0.645812310797	0.16347124117	0.0484359233098
péé-	0.213614632008	0.739582162103	0.00874345604526	0.0380597498441
dââ-	0.245589761328	0.488066413006	0.0311310965064	0.235212729159
ṉyo-	0.205588724299	0.577227222694	0.0473914732193	0.169792579788
t꞉a-	0.424166761835	0.284055582062	0.146426506832	0.145351149272
anm-	0.232308462214	0.18301729062	0.0520071305254	0.53266711664
ńup-	0.518518518519	0.333333333333	0.0740740740741	0.0740740740741
chó-	0.0955132597998	0.5744171997	0.0767466067624	0.253322933737
aki-	0.0214477211796	0.967828418231	0.0107238605898	0.0
nin-	0.0452220726783	0.954777927322	0.0	0.0
pit-	0.0231199796716	0.959992659204	0.0031586600223	0.0137287011025
sét-	0.0	1.0	0.0	0.0
dpî-	0.562194071964	0.0879208378885	0.024812751892	0.325072338256
kwé-	0.13374339479	0.311554549083	0.0370756259687	0.517626430158
pád-	0.0146522259558	0.972368440028	0.000144214822399	0.0128351191935
tuw-	0.173288654859	0.204404021063	0.0430828147439	0.579224509335
tp꞉-	0.133396138305	0.721223399928	0.0560116893679	0.0893687723992
chá-	0.300100427367	0.334124397687	0.100926829258	0.264848345688
myi-	0.302766946544	0.395920516092	0.130629143505	0.170683393859
d:ê-	0.617131716453	0.293903683113	0.0262921685528	0.0626724318812
kîd-	0.285879902215	0.48556196408	0.0967587788927	0.131799354812
ghi-	0.0632518656491	0.125755423693	0.00992803477971	0.801064675879
dny-	0.404414915501	0.252660145981	0.0701512751937	0.272773663324
nma-	0.0	0.868852459016	0.0983606557377	0.0327868852459
lim-	0.0616450858701	0.137553304697	0.0981427827965	0.702658826636
nkó-	0.0423631623471	0.775367877797	0.172203794567	0.0100651652884
ń꞉e-	0.186867370433	0.549024718711	0.249511273296	0.0145966375603
hós-	0.0367415625292	0.934588176634	0.0158932967684	0.0127769640687
and-	0.0080627099664	0.98790593505	0.00268756998881	0.0013437849944
apa-	0.0335820895522	0.882462686567	0.0671641791045	0.0167910447761
ALL	0.240219818994	0.292257564765	0.0562874476846	0.411235168556
san-	0.00548446069469	0.841864716636	0.00274223034735	0.149908592322
puk-	0.236585743678	0.643356307695	0.0103548262523	0.109703122375
wuu-	0.145612587311	0.634173308044	0.202660806449	0.0175532981963
y:i-	0.144504519243	0.130391395035	0.0180360721443	0.707068013578
kmi-	0.448299574894	0.258189547387	0.134096024006	0.159414853713
m:i-	0.464585805839	0.189817232376	0.0879420840257	0.257654877759
udî-	0.0	1.0	0.0	0.0
pââ-	0.206290340398	0.504331907775	0.117095649155	0.172282102672
d꞉e-	0.103896103896	0.707792207792	0.123376623377	0.0649350649351
p:e-	0.364158159035	0.30750640637	0.120516185531	0.207819249065
n:a-	0.213312294007	0.0808364876019	0.0106735733927	0.695177644998
nke-	0.123620309051	0.868432671082	0.00529801324505	0.00264900662252
tel-	0.0	1.0	0.0	0.0
kpá-	0.102902238173	0.888786427205	0.00474933406954	0.00356200055215
lid-	0.0619047619048	0.909523809524	0.0	0.0285714285714
yed-	0.40808003726	0.241743136306	0.0645025218608	0.285674304573
kóó-	0.191535075758	0.693783927792	0.0269475578345	0.0877334386162
m̱i-	0.221426964607	0.548669016197	0.059050689862	0.170853329334
dîp-	0.342934786359	0.261739076431	0.123093986007	0.272232151203
d꞉â-	0.0718786087691	0.79219698757	0.0681261097935	0.0677982938671
oka-	0.0995575221239	0.867256637168	0.0	0.033185840708
n꞉a-	0.136911731263	0.0761792014554	0.023223417043	0.763685650239
num-	0.130283838193	0.143281534804	0.0908156512159	0.635618975787
sed-	0.0	1.0	0.0	0.0
adi-	0.017094017094	0.982905982906	0.0	0.0
ami-	0.0	1.0	0.0	0.0
p꞉e-	0.290186160289	0.330652182926	0.0986773912682	0.280484265517
y꞉â-	0.642357444562	0.182583157339	0.0551907338965	0.119868664203
asê-	0.0	1.0	0.0	0.0
tek-	0.457741681949	0.507047419439	0.0352108986115	0.0
kme-	0.330275229358	0.394495412844	0.275229357798	0.0
nkê-	0.702581811081	0.108827258271	0.129354035765	0.0592368948832
ghê-	0.231935175742	0.40529768585	0.0481893309551	0.314577807453
kêt-	0.303859649123	0.378947368421	0.107368421053	0.209824561404
win-	0.235294117647	0.725490196078	0.0392156862745	0.0
tal-	0.434463794684	0.532538955087	0.0	0.0329972502292
k꞉i-	0.0729730927837	0.10971578391	0.025767902216	0.79154322109
paa-	0.345562524517	0.164975270156	0.0430756262154	0.446386579112
ndé-	0.622093023256	0.343023255814	0.0348837209302	0.0
w:e-	0.742576056717	0.0612884770708	0.0236359149242	0.172499551288
kos-	0.0540540540541	0.891891891892	0.0540540540541	0.0
w꞉a-	0.212363527094	0.620196320657	0.125788788354	0.0416513638944
kpi-	0.340630903115	0.50845680967	0.113732898027	0.0371793891879
450-	0.380952380952	0.5	0.047619047619	0.0714285714286
ṉ́î-	0.166904422254	0.50784593438	0.128388017118	0.196861626248
dmâ-	0.0690225839046	0.641705636169	0.0556196027171	0.23365217721
ńmé-	0.184165232358	0.784853700516	0.0154905335628	0.0154905335628
kál-	0.0	0.652892561983	0.347107438017	0.0
kye-	0.281071835804	0.167616875713	0.384834663626	0.166476624857
wan-	0.293351884101	0.220705839157	0.0650439733214	0.42089830342
pon-	0.30740305649	0.418833523503	0.0560145737698	0.217748846237
dîn-	0.310113629186	0.356457906369	0.103322241842	0.230106222604
wop-	0.324506381492	0.482964408435	0.131203680335	0.0613255297383
adê-	0.440930116265	0.385923240405	0.0881360170021	0.0850106263283
kél-	0.383177570093	0.504672897196	0.11214953271	0.0
chi-	0.234879329935	0.228218799185	0.0647474419418	0.472154428938
pwe-	0.479950468671	0.368883869895	0.0874072276475	0.063758433787
nga-	0.289812721034	0.108861939453	0.0237516940271	0.577573645486
mgi-	0.301042688331	0.402857853032	0.230354503715	0.0657449549228
nd꞉-	0.392156862745	0.585955312358	0.0	0.0218878248974
nip-	0.13958950832	0.141945037628	0.0767977892748	0.641667664777
tpê-	0.479205326929	0.310664774588	0.0660408252374	0.144089073245
mós-	0.0908211124034	0.862425025044	0.0141132186203	0.032640643932
pin-	0.107395388525	0.312241853615	0.0254213352092	0.554941422651
vy:-	0.217001981312	0.219260799239	0.0428143587789	0.52092286067
kwe-	0.435450819672	0.42712602459	0.0576331967213	0.0797899590164
d꞉u-	0.447769585437	0.246032682386	0.0897645807558	0.216433151421
ili-	0.0285714285714	0.971428571429	0.0	0.0
dóp-	0.157780546486	0.817408489431	0.0135332531363	0.0112777109469
nká-	0.0394629411231	0.932918040058	0.0156742971766	0.0119447216426
wun-	0.476559383981	0.0857339903017	0.036605060554	0.401101565163
m̱꞉-	0.187973925768	0.282315640105	0.0575805950955	0.472129839032
pêd-	0.312576919287	0.244964411237	0.0847632057991	0.357695463677
tén-	0.412851653304	0.350206366526	0.110417951516	0.126524028654
ṉgó-	0.382501171388	0.268910780202	0.122395803572	0.226192244837
ani-	0.025641025641	0.940170940171	0.034188034188	0.0
ntu-	0.106646240867	0.816757011548	0.00353523450389	0.0730615130804
yad-	0.240740740741	0.462962962963	0.277777777778	0.0185185185185
kis-	0.037037037037	0.925925925926	0.037037037037	0.0
dîg-	0.0541394089781	0.0660951951275	0.86623054365	0.0135348522445
néd-	0.366578465296	0.278037858742	0.00843243871943	0.346951237242
ngî-	0.315403415623	0.344340457812	0.0317059040684	0.308550222497
ńeń-	0.488716631502	0.353041005412	0.0564168424916	0.101825520594
mom-	0.332509836216	0.466190868332	0.126269558057	0.0750297373959
t꞉o-	0.347995041656	0.268039877025	0.141672983299	0.242292098021
dpo-	0.308845338441	0.38515466888	0.106223721956	0.199776270723
l:ê-	0.180535465422	0.223030383589	0.0204832824963	0.575950868493
hal-	0.0287081339713	0.971291866029	0.0	0.0
dên-	0.371024795663	0.312474781329	0.169739323931	0.146761099077
kpî-	0.25483598523	0.599205148323	0.0566372896975	0.0893215767499
kâp-	0.39863713799	0.253833049404	0.327086882453	0.0204429301533
kmê-	0.303971688821	0.506864882656	0.0991772838891	0.0899861446339
knâ-	0.398662086422	0.510456216477	0.0622250346531	0.028656662448
pós-	0.317073170732	0.682926829268	0.0	0.0
240-	0.281938325991	0.718061674009	0.0	0.0
nam-	0.450044277498	0.385837039344	0.0688101517112	0.0953085314467
m:u-	0.783280916029	0.0538101782747	0.0123898011306	0.150519104566
ale-	0.0554072096128	0.766355140187	0.1782376502	0.0
pîd-	0.288261679462	0.489440883922	0.0718571383052	0.15044029831
sid-	0.0	1.0	0.0	0.0
oli-	0.0828729281767	0.824388318864	0.0816890292028	0.0110497237569
won-	0.153092575654	0.262037039177	0.192367027927	0.392503357241
tpu-	0.202769535114	0.664935707221	0.107566765579	0.024727992087
led-	0.183400757192	0.718960453843	0.0363852949155	0.0612534940498
mod-	0.500929453887	0.192425119815	0.0738155377652	0.232829888533
yit-	0.0705329153606	0.777429467085	0.128526645768	0.0235109717869
alî-	0.0	1.0	0.0	0.0
yip-	0.397757591295	0.32833505236	0.101177949355	0.17272940699
nód-	0.461033314575	0.437884760582	0.0478538242056	0.0532281006366
lêp-	0.708417481623	0.176712620254	0.00668457755165	0.108185320571
eli-	0.054163845633	0.870745368376	0.0273896719394	0.0477011140518
mwo-	0.479902304674	0.227661288227	0.0280614233377	0.264374983761
yéd-	0.548561217335	0.166115214929	0.0412231329303	0.244100434805
l:i-	0.617768595041	0.334710743802	0.0103305785124	0.0371900826446
nk꞉-	0.177255871446	0.778739184178	0.0202719406675	0.0237330037083
hel-	0.0339973450069	0.910275455537	0.0481217503991	0.00760544905732
wóó-	0.38408723748	0.586833602585	0.0266558966074	0.00242326332795
pan-	0.0	1.0	0.0	0.0
pyé-	0.365734745265	0.360727178226	0.0767098996084	0.1968281769
ṉgw-	0.25214585743	0.484294149875	0.111219334023	0.152340658672
nti-	0.339687922979	0.522960947395	0.0728397547018	0.064511374925
pyâ-	0.039521344233	0.665784699334	0.0693131128697	0.225380843563
ṉ́a-	0.367441860465	0.539534883721	0.0837209302326	0.00930232558137
nim-	0.212121212121	0.787878787879	0.0	0.0
yim-	0.384423288032	0.414897509806	0.0504586861483	0.150220516014
m̱â-	0.489361702128	0.31914893617	0.106382978723	0.0851063829787
pîm-	0.492040520984	0.455861070912	0.00868306801737	0.0434153400868
até-	0.41573690469	0.337461766537	0.0539719297776	0.192829398996
gh:-	0.438908310947	0.491561659596	0.0371049676429	0.0324250618141
nt꞉-	0.307487617736	0.465111710982	0.0809842452388	0.146416426043
k:o-	0.193138000279	0.158812756264	0.0440525482415	0.603996695216
p:a-	0.0807559625346	0.728752862035	0.0147804455066	0.175710729923
kîy-	0.502065033726	0.144252636954	0.0357429063805	0.31793942294
n:e-	0.430818997206	0.255991765917	0.0470519041317	0.266137332745
nki-	0.189660309893	0.785309892729	0.0125148986889	0.0125148986889
mai-	0.347280334728	0.585774058577	0.0418410041841	0.0251046025105
mti-	0.408702836684	0.542550261636	0.0223079041586	0.0264389975213
kmu-	0.432135184532	0.313111232244	0.0689389809857	0.185814602238
ape-	0.0	1.0	0.0	0.0
kni-	0.0379746835443	0.392405063291	0.0379746835443	0.53164556962
m꞉a-	0.251917919291	0.551404395102	0.107278737604	0.089398948003
ṉ́o-	0.0571428571428	0.628571428571	0.142857142857	0.171428571429
nkî-	0.229337254056	0.358104260118	0.226981838877	0.185576646949
nte-	0.0620355663666	0.0955058017021	0.0464940833156	0.795964548616
kp:-	0.669597210834	0.22091967212	0.00843160528008	0.101051511766
mgî-	0.296011631319	0.56526159534	0.0554706263771	0.0832561469643
api-	0.421702432356	0.280122377243	0.0246273352572	0.273547855144
wét-	0.450724437698	0.511273630468	0.00496757278875	0.0330343590451
p:o-	0.21985317587	0.47008129776	0.060945156869	0.249120369501
w꞉â-	0.112137203166	0.545294635004	0.284300791557	0.0582673702727
nm꞉-	0.256541941795	0.14783565664	0.0183418928833	0.577280508682
200-	0.155202821869	0.4708994709	0.0846560846561	0.289241622575
yes-	0.0130894283069	0.692351887057	0.00423323582609	0.29032544881
mid-	0.0597014925373	0.89552238806	0.044776119403	0.0
yuu-	0.723064684532	0.12628648138	0.0571769502312	0.0934718838562
alé-	0.0873180873181	0.912681912682	0.0	0.0
ṉyî-	0.514285714286	0.457142857143	0.0285714285714	0.0
ang-	0.233841774625	0.248729868933	0.121075134596	0.396353221846
káá-	0.237075718016	0.656396866841	0.0908616187989	0.0156657963446
sêê-	0.03125	0.875	0.09375	0.0
kee-	0.638077379334	0.0804392118435	0.0219106604601	0.259572748362
asî-	0.031746031746	0.809523809524	0.031746031746	0.126984126984
mîd-	0.441829450067	0.149054679532	0.248685965325	0.160429905076
eha-	0.0	1.0	0.0	0.0
mg꞉-	0.254550613459	0.646522257814	0.0855384947637	0.013388633963
666-	0.256157635468	0.211822660098	0.0788177339901	0.453201970443
sod-	0.00959232613907	0.990407673861	0.0	0.0
wêê-	0.0133887511206	0.975900247983	0.00430768514315	0.00640331575332
mwâ-	0.376716643568	0.330351518206	0.0800050396875	0.212926798538
yóp-	0.137169717257	0.810127483797	0.0190869596183	0.0336158393277
ng꞉-	0.388164324374	0.280613168277	0.107078696851	0.224143810498
p꞉o-	0.367795059469	0.438326540797	0.12401230974	0.0698660899942
kuk-	0.0527575306853	0.785001390437	0.0288882496562	0.133352829221
akî-	0.0337567735631	0.941636315182	0.015279381718	0.00932752953718
pwa-	0.483954711707	0.260198600755	0.0826125898792	0.173234097659
nju-	0.052453337617	0.752152205964	0.109086500621	0.0863079557981
dów-	0.378119001919	0.405630198337	0.16122840691	0.0550223928343
mum-	0.560400306679	0.180482188173	0.0237399692413	0.235377535907
káp-	0.0581449007845	0.826776649746	0.0617789570836	0.0532994923858
d:a-	0.412119122003	0.414634641133	0.0450359070069	0.128210329858
w:a-	0.227471760425	0.630304298054	0.102453989749	0.0397699517729
tod-	0.459016393443	0.327868852459	0.0163934426229	0.196721311475
sál-	0.0	1.0	0.0	0.0
mîc-	0.48625	0.24375	0.045	0.225
100-	0.0911680911681	0.703703703704	0.0683760683761	0.136752136752
d꞉i-	0.394014391127	0.439158531555	0.107475136349	0.0593519409689
pêê-	0.275462089777	0.634006035458	0.0176820067899	0.0728498679744
kuw-	0.297280347134	0.119836604865	0.0658426603557	0.517040387645
d꞉o-	0.352327759907	0.309731697833	0.253985648132	0.0839548941285
lóó-	0.317735293697	0.6318305327	0.0151302520808	0.0353039215219
dap-	0.243013365735	0.756986634265	0.0	0.0
n꞉e-	0.597872340426	0.208510638298	0.095744680851	0.0978723404255
waa-	0.574074074074	0.157407407407	0.0555555555556	0.212962962963
ken-	0.274327746292	0.537561799108	0.148317858435	0.0397925961654
sîm-	0.265625	0.625	0.09375	0.015625
nd:-	0.305785123967	0.561983471074	0.099173553719	0.0330578512396
ch꞉-	0.153649339285	0.664476306504	0.14945996389	0.0324143903211
ské-	0.0597014925373	0.940298507463	0.0	0.0
mat-	0.00205937875407	0.941307705509	0.0	0.0566329157371
pél-	0.352941176471	0.588235294118	0.0588235294117	0.0
ḻam-	0.581437266268	0.174485602872	0.0689749005158	0.175102230344
nya-	0.559384706404	0.307991914411	0.0373465463689	0.0952768328156
aka-	0.0178173719376	0.982182628062	0.0	0.0
lay-	0.168184252812	0.745045527584	0.0835565077664	0.00321371183717
mêc-	0.293383270911	0.476903870162	0.0149812734082	0.214731585518
kós-	0.0	1.0	0.0	0.0
sáp-	0.0357142857143	0.964285714286	0.0	0.0
leh-	0.0	1.0	0.0	0.0
ndê-	0.195455559516	0.39698816317	0.122983394378	0.284572882936
wám-	0.0	0.037037037037	0.0	0.962962962963
too-	0.353011411792	0.0881834721898	0.0242696545453	0.534535461473
ala-	0.204993126905	0.0757601112135	0.0221661795262	0.697080582355
md:-	0.46523178808	0.139072847682	0.0471854304635	0.348509933775
nah-	0.0	1.0	0.0	0.0
sol-	0.0	0.988764044944	0.00374531835206	0.00749063670412
wud-	0.0746268656717	0.701492537313	0.0	0.223880597015
ayi-	0.362236351241	0.328516696097	0.126004659512	0.18324229315
lów-	0.0	1.0	0.0	0.0
epî-	0.0469598677539	0.914178948977	0.0279217080862	0.010939475183
yen-	0.417275620503	0.272666683941	0.0577840745411	0.252273621015
puu-	0.188339811162	0.575494940201	0.118872474648	0.117292773988
yi--	0.75	0.25	0.0	0.0
wid-	0.39552238806	0.470149253731	0.044776119403	0.089552238806
kin-	0.0382728366745	0.919545786491	0.0134484638409	0.0287329129938
kwu-	0.393011850423	0.504863735043	0.0685146101635	0.0336098043704
móp-	0.533333333333	0.15	0.0666666666667	0.25
tp:-	0.128750181615	0.660483551165	0.0655803830492	0.145185884171
pii-	0.475443966245	0.15429071408	0.117334512867	0.252930806807
vyâ-	0.382819708433	0.461801070308	0.0675708925386	0.0878083287199
ntó-	0.250036854416	0.425210276351	0.236577518497	0.0881753507356
pye-	0.329720987708	0.430773799312	0.0615601347186	0.177945078262
ngó-	0.261346146049	0.0217182571466	0.0194631285278	0.697472468277
téy-	0.329545454545	0.568181818182	0.0	0.102272727273
ndi-	0.16904510824	0.755729972125	0.02357333084	0.0516515887946
kwa-	0.506824385805	0.353958143767	0.0873521383076	0.0518653321202
n:i-	0.150305877899	0.0665857996221	0.0042300215416	0.778878300937
dêd-	0.393885050957	0.369390578642	0.10901874161	0.127705628791
kpé-	0.186315954282	0.708854633702	0.0443372190671	0.0604921929487
lón-	0.220733085742	0.132932342968	0.0791215888907	0.567212982399
din-	0.138769213311	0.160213662276	0.0126494007714	0.688367723641
bla-	0.157073522923	0.213589507039	0.0387870522642	0.590549917773
yon-	0.0468137809871	0.235782867441	0.0334269890736	0.683976362498
yin-	0.140889356695	0.145928550837	0.0815428178766	0.631639274591
yêê-	0.481791544579	0.358680991582	0.126040649272	0.0334868145668
sti-	0.193054229738	0.693758807219	0.0313650620483	0.0818219009955
ṉuu-	0.327229242522	0.198008138788	0.106196901549	0.368565717141
pîn-	0.340960697236	0.532441139553	0.0924244259024	0.0341737373084
m:â-	0.0278432879019	0.703653956736	0.176230488672	0.0922722666904
ché-	0.371737413529	0.469503201926	0.0491231575842	0.109636226961
sos-	0.089552238806	0.880597014925	0.0199004975124	0.00995024875622
mup-	0.177159000713	0.714821889663	0.040507166109	0.0675119435151
don-	0.165947671716	0.464755685035	0.259849554935	0.109447088314
ṉ́ó-	0.819672131148	0.180327868852	0.0	0.0
cââ-	0.942636477655	0.0296389200607	0.0	0.027724602284
myâ-	0.315135987387	0.555183287347	0.0114308238076	0.118249901458
tem-	0.0	1.0	0.0	0.0
yii-	0.358543417367	0.433511038824	0.0746965452848	0.133248998524
mbê-	0.254850953546	0.131487207348	0.0315194483737	0.582142390733
kp꞉-	0.669355911166	0.26769803626	0.0159581541735	0.0469878983998
pên-	0.306998256122	0.534915459853	0.0784744863143	0.0796117977102
siy-	0.0	1.0	0.0	0.0
pwâ-	0.612950239434	0.315011451176	0.0487195502811	0.0233187591089
ngê-	0.076738446787	0.0567319555761	0.00376114757964	0.862768450057
d:i-	0.390962377217	0.238216049544	0.0912630180249	0.279558555214
y꞉o-	0.173394961313	0.12619960697	0.028195215733	0.672210215983
sin-	0.0516129032258	0.909677419355	0.0129032258064	0.0258064516129
lap-	0.0307692307692	0.830769230769	0.0	0.138461538462
dyu-	0.1669041864	0.635012512502	0.053450678886	0.144632622212
sad-	0.0153786729352	0.977188301813	0.00435729066498	0.00307573458705
ńuw-	0.699768632559	0.100125497507	0.0389357803381	0.161170089596
sis-	0.0295592048401	0.892307692308	0.047363872083	0.0307692307692
k꞉a-	0.456897715222	0.45341752627	0.046158295575	0.0435264629326
m꞉e-	0.514563106796	0.31067961165	0.0	0.174757281553
pai-	0.0	1.0	0.0	0.0
ama-	0.486270670481	0.236037386609	0.0346942833978	0.242997659513
kok-	0.449219405741	0.451842370321	0.0419674332718	0.0569707906665
tpî-	0.780208333333	0.144791666667	0.0125	0.0625
mtî-	0.197156259162	0.392260334213	0.0895631779537	0.321020228672
kwî-	0.06	0.94	0.0	0.0
yét-	0.779220779221	0.12987012987	0.0519480519481	0.038961038961
keń-	0.161353170238	0.800838320457	0.0305509343923	0.00725757491221
dép-	0.0113722077169	0.967484769365	0.00139251523064	0.0197505076878
wép-	0.396661906308	0.181234609052	0.0521158692348	0.369987615405
kîg-	0.315613225717	0.19950224526	0.0421682272155	0.442716301808
mac-	0.423906122078	0.302959025874	0.0670556587959	0.206079193253
lam-	0.77110603822	0.147297849905	0.0240436233812	0.0575524884933
elî-	0.0	1.0	0.0	0.0
kéé-	0.52564937918	0.252014725141	0.0360253786539	0.186310517026
ési-	0.375	0.484375	0.140625	0.0
ṉye-	0.426387176326	0.347595561036	0.120221948212	0.105795314427
nk:-	0.487258591966	0.399827235145	0.0407231443204	0.0721910285679
sal-	0.0547479121559	0.888339004021	0.0185586142901	0.0383544695329
ngw-	0.172889574928	0.133166626247	0.0451726035011	0.648771195324
ń:â-	0.0628329463188	0.871602240131	0.0	0.06556481355
kiy-	0.187521719372	0.759817156299	0.0422358256034	0.0104252987249
awê-	0.162729620066	0.59291774253	0.0315750645518	0.212777572851
ṉap-	0.514492487817	0.363912366537	0.0501998307713	0.0713953148748
sek-	0.0377867746289	0.881057538952	0.0180345969819	0.0631210894369
ghâ-	0.496328928047	0.387665198238	0.0763582966226	0.0396475770925
mbe-	0.21913631461	0.607566580934	0.137828756326	0.0354683481291
pip-	0.350714886459	0.493692178301	0.146341463415	0.00925147182508
apu-	0.462234478744	0.290837051075	0.0473775146066	0.199550955574
dpu-	0.197375899193	0.75278891902	0.0405550233019	0.00928015848529
yew-	0.432873098752	0.304004413122	0.0784557304021	0.184666757723
yun-	0.241453543443	0.455868423319	0.0981658486179	0.204512184621
eme-	0.0	0.935483870968	0.0	0.0645161290323
gho-	0.406098983503	0.450924845859	0.065322446259	0.0776537243792
l꞉i-	0.464218933595	0.494519243156	0.012023312735	0.0292385105145
yee-	0.259238695349	0.595782868063	0.0578209332955	0.0871575032926
mwá-	0.185239635401	0.698618053514	0.116142311085	0.0
náá-	0.159687371452	0.774084738791	0.0312628547922	0.0349650349651
myw-	0.171485234066	0.424654879392	0.353198549037	0.0506613375058
tád-	0.025	0.975	0.0	0.0
nee-	0.525454545455	0.354545454545	0.114545454545	0.00545454545455
pat-	0.046511627907	0.953488372093	0.0	0.0
mîn-	0.487261172713	0.204757612427	0.0632413832843	0.244739831576
lok-	0.0238095238095	0.547619047619	0.428571428571	0.0
tid-	0.0327868852459	0.901639344262	0.0491803278688	0.0163934426229
y:â-	0.820477650134	0.0893274386149	0.00533829314432	0.0848566181066
pyi-	0.371569774762	0.256380895463	0.119675634843	0.252373694932
m:o-	0.396196513471	0.118858954041	0.0475435816165	0.437400950872
kay-	0.0559646539028	0.907216494845	0.00589101620029	0.0309278350516
kli-	0.108108108108	0.810810810811	0.0810810810811	0.0
tpé-	0.0937591388747	0.51241271983	0.034191772832	0.359636368463
lil-	0.591022772147	0.246149795972	0.115440305384	0.0473871264973
ń:e-	0.103993389068	0.369922407409	0.473067965958	0.0530162375642
póó-	0.38163162184	0.533878769596	0.0034654247796	0.0810241837845
nm:-	0.440421455939	0.383141762452	0.0593869731801	0.117049808429
ati-	0.365853658537	0.585365853659	0.0	0.0487804878049
mbó-	0.0298850499697	0.894595238406	0.040685545099	0.0348341665253
têê-	0.2519968898	0.61016469923	0.0784618647063	0.0593765462642
nké-	0.206679214443	0.68218628495	0.0350429678793	0.0760915327274
mt:-	0.24113259248	0.316790987974	0.0	0.442076419546
mun-	0.428558755144	0.328590475478	0.131886611302	0.110964158075
dop-	0.29347826087	0.336956521739	0.336956521739	0.0326086956522
tay-	0.0652173913043	0.934782608696	0.0	0.0
lêê-	0.110380717612	0.761260924778	0.0190483304699	0.109310027141
ndî-	0.0551061979137	0.129675001943	0.329465402215	0.485753397928
kop-	0.00709656053366	0.0547381369163	0.93390736623	0.00425793632018
ḻ:ê-	0.412866058569	0.190430468875	0.125460073612	0.271243398944
kám-	0.0	0.947368421053	0.0526315789474	0.0
sén-	0.04	0.96	0.0	0.0
nêt-	0.0	1.0	0.0	0.0
kém-	0.145222929936	0.682802547771	0.126114649682	0.0458598726115
dyi-	0.504329457255	0.218893951294	0.0630454928841	0.213731098567
sil-	0.0152511353623	0.950518538602	0.0342303260354	0.0
ake-	0.125	0.765625	0.0	0.109375
ṉgm-	0.167074718897	0.604778745013	0.153336960464	0.0748095756257
dp:-	0.437258665605	0.312446787158	0.0558726112456	0.194421935991
kên-	0.394029850746	0.588059701493	0.0179104477612	0.0
n:u-	0.223571996138	0.121126041017	0.0353611395374	0.619940823308
ch:-	0.333174502354	0.541060623402	0.0928898541852	0.0328750200589
ndá-	0.0427599465313	0.138507982758	0.780027335126	0.0387047355852
ńuk-	0.245329187898	0.595186688545	0.112560094424	0.0469240291332
más-	0.00703653585927	0.966170500677	0.0267929634641	0.0
wêd-	0.150090011827	0.612432167335	0.169842312178	0.0676355086597
w꞉i-	0.410256410256	0.397435897436	0.0	0.192307692308
my꞉-	0.297323386195	0.390589916085	0.136396356336	0.175690341384
tîd-	0.0901208404258	0.597623417399	0.0621011238115	0.250154618364
tik-	0.175784753363	0.805381165919	0.0161434977579	0.00269058295964
nuw-	0.301350945415	0.390282640325	0.111721117335	0.196645296926
mól-	0.0999999999999	0.8	0.0777777777778	0.0222222222222
mbé-	0.156130572867	0.713171888761	0.0798314693842	0.0508660689882
kéd-	0.0108832844612	0.979240978932	0.00268679427986	0.00718894232644
dp꞉-	0.278707310576	0.450332706514	0.116318047911	0.154641934999
tém-	0.238211821564	0.386156243045	0.168261740485	0.207370194906
ny:-	0.747193636647	0.175778872556	0.0135834995809	0.0634439912158
mbw-	0.161154252939	0.669857844234	0.087087378229	0.0819005245979
w:ê-	0.19954381761	0.667359443131	0.0549336364217	0.0781631028373
ṉ́y-	0.210492731825	0.173428925344	0.0456520174737	0.570426325357
kwo-	0.237628965946	0.0552225593726	0.0104440885852	0.696704386096
kót-	0.32101916472	0.547163432737	0.01729332288	0.114524079664
ela-	0.0110701107011	0.988929889299	0.0	0.0
yud-	0.0	1.0	0.0	0.0
pwá-	0.069536423841	0.850993377483	0.0397350993378	0.0397350993377
nâm-	0.446320868516	0.466827503016	0.0470446320869	0.0398069963812
yél-	0.0978673158894	0.234946086417	0.0268736166665	0.640312981027
dup-	0.162790697674	0.813953488372	0.0232558139535	0.0
tiy-	0.232323232323	0.727272727273	0.0	0.040404040404
mud-	0.445833940924	0.336400038434	0.128445360732	0.0893206599099
tóp-	0.0246686303387	0.951030927835	0.0154639175258	0.00883652430045
vy꞉-	0.171697665187	0.160858915653	0.0447099752071	0.622733443953
kad-	0.12698779337	0.55775791706	0.0894626038781	0.225791685692
aye-	0.319777546055	0.178658324644	0.119337272622	0.382226856679
amê-	0.32497924642	0.350245011358	0.0919584597253	0.232817282497
nîm-	0.235655572157	0.15845277087	0.0608097256627	0.545081931311
wow-	0.351736019083	0.469228730453	0.0320699708455	0.146965279618
las-	0.040063341251	0.874901029295	0.0256532066508	0.0593824228028
men-	0.0	1.0	0.0	0.0
m꞉ê-	0.0714285714285	0.857142857143	0.0714285714285	0.0
vyá-	0.409627567141	0.365349413872	0.0598162455535	0.165206773434
woo-	0.377381701674	0.594309226649	0.0118408136345	0.0164682580433
daa-	0.216451667456	0.122705684191	0.0658211921771	0.595021456175
kyo-	0.0760211800302	0.876323751891	0.0431164901664	0.00453857791225
hêê-	0.0	0.969264544457	0.0307354555434	0.0
t꞉â-	0.506254831425	0.300033159655	0.0779168205226	0.115795188398
w:o-	0.771428571429	0.212987012987	0.0	0.0155844155844
lup-	0.0	0.968203497615	0.0317965023847	0.0
n꞉ê-	0.0528431935669	0.462952326249	0.03273980471	0.451464675474
ghî-	0.420172035064	0.339237543881	0.122436410667	0.118154010388
mba-	0.0511206099815	0.934823629082	0.0100123228589	0.00404343807763
yic-	0.170172224107	0.646011047172	0.0900405324172	0.0937761963043
lai-	0.0355029585798	0.958579881657	0.00591715976331	0.0
dy꞉-	0.674209374431	0.174298806068	0.0354011104876	0.116090709012
yum-	0.477699955945	0.416304733075	0.0605687491312	0.0454265618484
pód-	0.0421818181818	0.770181818182	0.183272727273	0.00436363636364
vyó-	0.673178061608	0.265643447462	0.0418589674788	0.0193195234517
p꞉â-	0.272927049405	0.58945179139	0.0883726405839	0.0492485186203
pam-	0.0395314787701	0.926793557833	0.0	0.0336749633968
t꞉e-	0.382783027023	0.274951302746	0.140771194277	0.201494475954
mya-	0.564693453532	0.227508896733	0.0899332357139	0.117864414021
dmi-	0.297395073879	0.251795665122	0.0212756838626	0.429533577137
mtâ-	0.302325581395	0.223255813954	0.209302325581	0.26511627907
péd-	0.0824575586095	0.473726758286	0.11883589329	0.324979789814
dyî-	0.68359375	0.2390625	0.01875	0.05859375
hek-	0.346541892089	0.505775698202	0.0745723058927	0.0731101038163
y:a-	0.127843995049	0.187707016686	0.0781035228315	0.606345465434
akw-	0.0321773328566	0.957096889524	0.00858062209511	0.00214515552378
tpo-	0.206896551724	0.793103448276	0.0	0.0
dmy-	0.395514590892	0.193295986815	0.053701785502	0.357487636791
gha-	0.24041117844	0.459437248773	0.155778958658	0.144372614129
alo-	0.0474137931034	0.935344827586	0.0172413793104	0.0
lóm-	0.108837379713	0.66057823899	0.151133094107	0.0794512871906
mye-	0.249431158128	0.226934797577	0.0809190716024	0.442714972692
lés-	0.0	1.0	0.0	0.0
n:ê-	0.383256205301	0.518300378629	0.0252419015566	0.0732015145141
m:e-	0.264705882353	0.558823529412	0.0441176470588	0.132352941176
ṉya-	0.3125	0.46875	0.15625	0.0625
w꞉e-	0.536724277825	0.17100306232	0.0851691255377	0.207103534318
wiy-	0.334079462787	0.473792202947	0.12031337437	0.0718149598956
lvu-	0.171698963497	0.181162685894	0.597566471384	0.0495718792248
dód-	0.317552350706	0.409796500802	0.180771769046	0.0918793794463
laa-	0.124645892351	0.875354107649	0.0	0.0
wik-	0.194655359432	0.516674884134	0.0256779410315	0.262991815403
ay:-	0.483250520917	0.267671101138	0.0657156595608	0.183362718384
sip-	0.0324534419786	0.955948613212	0.00280847094046	0.00878947386921
d:u-	0.561532832917	0.177245479379	0.0439585018034	0.2172631859
yey-	0.323160113647	0.597928695812	0.0461919164146	0.032719274127
yus-	0.0	1.0	0.0	0.0
dum-	0.405470029812	0.330033271945	0.00752943091747	0.256967267325
l꞉u-	0.114929048903	0.724404831711	0.153629647004	0.00703647238185
pis-	0.0654205607476	0.934579439252	0.0	0.0
an꞉-	0.331548095981	0.340572681651	0.15476742715	0.173111795218
amo-	0.332659251769	0.588473205258	0.0485338725986	0.0303336703741
yep-	0.266072305671	0.0853384328931	0.00272616908983	0.645863092347
pet-	0.0419934227169	0.946875790539	0.000758917278017	0.0103718694662
sai-	0.0213277126793	0.962922591804	0.0077858664279	0.00796382908911
apo-	0.106175725696	0.832261835184	0.010520163647	0.0510422754725
al:-	0.2007295044	0.175701842417	0.0477330039627	0.57583564922
wáá-	0.130327868852	0.114754098361	0.101639344262	0.653278688525
y:o-	0.135238935507	0.248190950953	0.0187201546633	0.597849958876
mop-	0.738461538462	0.0615384615385	0.138461538462	0.0615384615385
vye-	0.474825217444	0.372698224749	0.0182139530024	0.134262604804
pyu-	0.059824214697	0.224888166636	0.0257093823112	0.689578236356
pîp-	0.678808524625	0.238571520734	0.019650151374	0.0629698032668
pwó-	0.138553331508	0.47260917789	0.303129820792	0.0857076698108
pês-	0.0	1.0	0.0	0.0
ima-	0.105042016807	0.863445378151	0.031512605042	0.0
am꞉-	0.503594153342	0.316592902653	0.0754624814187	0.104350462587
sel-	0.172807769209	0.665238503285	0.123107683519	0.0388460439874
mbi-	0.140300189631	0.425507173781	0.397733371498	0.03645926509
esî-	0.0	1.0	0.0	0.0
p:u-	0.152858247464	0.072060718975	0.017546982664	0.757534050897
kîm-	0.388143730863	0.36658668035	0.110968027326	0.134301561462
chu-	0.455816076217	0.300074162816	0.0681727423127	0.175937018655
lîm-	0.12540943729	0.58462091032	0.0512700828918	0.238699569498
lep-	0.0572977158343	0.775454897406	0.157955865273	0.00929152148662
adî-	0.261750401827	0.131267432809	0.0398364259717	0.567145739392
tóó-	0.644654371784	0.0482607445657	0.00844265027873	0.298642233372
mb:-	0.224104912572	0.197491975512	0.369147264447	0.209255847469
vyê-	0.653846153846	0.247252747253	0.0494505494505	0.0494505494505
ḻ꞉ê-	0.478560509884	0.285928958209	0.0882192916548	0.147291240252
pát-	0.0	1.0	0.0	0.0
tpy-	0.363051664087	0.396950989569	0.144892338169	0.0951050081756
ntâ-	0.224216314602	0.103741877096	0.180698448924	0.491343359377
vyi-	0.638729182128	0.123197687447	0.0202718115311	0.217801318894
ńaa-	0.12389380531	0.769911504425	0.106194690265	0.0
ad:-	0.354838709677	0.374193548387	0.0516129032258	0.21935483871
sóó-	0.0733272088362	0.876579256147	0.0048814060875	0.0452121289297
ley-	0.0	1.0	0.0	0.0
dep-	0.832498947906	0.15296139981	0.0145396522838	0.0
mbo-	0.199807674001	0.567748123934	0.0803517694154	0.15209243265
t:â-	0.375688296163	0.434782242109	0.103715112799	0.0858143489294
mêt-	0.0252100840336	0.949579831933	0.0	0.0252100840336
