-het	0.156344431122	0.0598294389181	0.00981473476192	0.774011395198
-hep	0.280569970758	0.0689358956878	0.0223708767674	0.628123256787
-eus	0.0121901665989	0.971962616822	0.00243803331979	0.0134091832588
-hel	0.267782426778	0.732217573222	0.0	0.0
-hem	0.0124889420825	0.963313732633	0.014830618723	0.00936670656189
-hen	0.232545856604	0.195277112541	0.041709663992	0.530467366863
-u-a	0.711111111111	0.111111111111	0.0222222222222	0.155555555556
-rbe	0.040940106141	0.959059893859	0.0	0.0
-hek	0.512714411075	0.214573836009	0.0455820659873	0.227129686929
-lel	0.721416277354	0.198918121466	0.0442586673224	0.0354069338579
-heg	0.398333660098	0.348462254526	0.145670443991	0.107533641385
-lem	0.136514948033	0.569523107468	0.0531530915055	0.240808852993
-aus	0.176239826688	0.71214161641	0.0150282022757	0.0965903546265
-aut	0.555555555556	0.252525252525	0.131313131313	0.0606060606061
-asu	0.0888888888889	0.822222222222	0.0888888888889	0.0
-zim	0.0	0.957349646734	0.0	0.0426503532656
-aud	0.00802139037433	0.976871657754	0.00160427807487	0.0135026737968
-lea	0.00446542485328	0.97990558816	0.0125457174449	0.00308326954155
-ple	0.722871452421	0.220367278798	0.0066777963272	0.0500834724541
-aum	0.00254885301614	0.992353440952	0.0	0.00509770603229
-aul	0.305364511692	0.661623108666	0.0	0.0330123796424
-pla	0.141732283465	0.350393700787	0.507874015748	0.0
-zia	0.0	1.0	0.0	0.0
-put	0.0	0.0265173836181	0.973482616382	0.0
-mun	0.126444753829	0.40970172552	0.0784609543096	0.385392566342
-pus	0.00184162062615	0.993247391037	0.0	0.00491098833641
-nta	0.0318866253321	0.92028343667	0.0478299379982	0.0
--un	0.678571428572	0.0487012987013	0.0	0.272727272727
-kia	0.0	0.996888735246	0.00311126475382	0.0
-uan	0.0230414746544	0.935483870968	0.0	0.0414746543778
-pug	0.32783323028	0.39719106086	0.0188145923505	0.256161116509
-i-e	0.58	0.233333333333	0.186666666667	0.0
-her	0.315553551377	0.193868409107	0.0541426762549	0.436435363261
-pul	0.278022218441	0.583294844058	0.11923572453	0.0194472129713
-puk	0.390274117857	0.253908095453	0.0605767918447	0.295240994845
-nal	0.080875356803	0.471931493815	0.309229305424	0.137963843958
-nma	0.237994946877	0.338987588099	0.101484188453	0.321533276571
-sis	0.0	1.0	0.0	0.0
-nmu	0.434862585336	0.33560176616	0.078918029819	0.150617618685
-ope	0.0304584802821	0.963770439243	0.0	0.00577108047453
-uki	0.188969032287	0.547839541286	0.150344717741	0.112846708685
-dea	0.0107122177186	0.955631152287	0.00825130283729	0.0254053271569
-imu	0.245672275302	0.269074412133	0.0987987187802	0.386454593784
-deg	0.167829298318	0.540828887977	0.261797291752	0.0295445219532
-dek	0.0458849235251	0.941005098325	0.00873998543336	0.00436999271669
-den	0.0147118127442	0.0194535785712	0.00296995071663	0.962864657968
-nag	0.376236564352	0.410486377995	0.0414514545247	0.171825603128
-ima	0.148894407947	0.192647412274	0.0264981573466	0.631960022432
-lep	0.192552964436	0.44416402255	0.0767079050276	0.286575107987
-oko	0.478782079519	0.222132971064	0.0725525543311	0.226532395086
-des	0.00848789688777	0.927538509903	0.0386670858221	0.0253065073876
-ime	0.0375040902112	0.92462824525	0.0239959055937	0.0138717589446
-okh	0.0206844678451	0.956750658142	0.0112824370064	0.0112824370064
-imi	0.36	0.544	0.096	0.0
--hi	0.155844155844	0.482683982684	0.329004329004	0.0324675324675
-zur	0.0	1.0	0.0	0.0
-bit	0.474317423935	0.266056196648	0.0554757220977	0.204150657319
-bir	0.298678427033	0.325201556395	0.258138631798	0.117981384774
-ida	0.0117647058823	0.988235294118	0.0	0.0
-big	0.164309098771	0.569151893261	0.0444746432763	0.222064364692
-bia	0.0403225806451	0.91935483871	0.0322580645161	0.00806451612905
-bin	0.532855825058	0.301806934723	0.104292148245	0.0610450919745
-bil	0.108718160329	0.555350647607	0.0237861224047	0.312145069659
-bik	0.256783117423	0.145789159457	0.0951962599321	0.502231463189
-tle	0.2	0.175	0.4	0.225
-tep	0.491733669153	0.308114566179	0.0480319028706	0.152119861797
-rig	0.141584687215	0.639164068019	0.0443808900298	0.174870354737
-ter	0.00327510917031	0.911572052402	0.0294759825328	0.0556768558952
-uta	0.0696639737736	0.647582250322	0.0430277485072	0.239726027397
-ria	0.0196686453442	0.864239095124	0.0132305602315	0.1028616993
-rin	0.517172377078	0.320146669941	0.019748825855	0.142932127126
-ril	0.608507841112	0.245938585783	0.0300497699315	0.115503803174
-rim	0.491222388222	0.152232253615	0.0900113403888	0.266534017774
-rik	0.233579145877	0.306919259409	0.13751339986	0.321988194853
-tea	0.0179640718563	0.982035928144	0.0	0.0
-ris	0.0	0.983333333333	0.0	0.0166666666667
-rip	0.519983851433	0.20872022608	0.203471941865	0.0678239806217
-teg	0.408721270941	0.161460233884	0.0739429285187	0.355875566656
-tel	0.473393095556	0.368300591265	0.0442494754911	0.114056837688
-tem	0.272216824993	0.350181589203	0.116186109512	0.261415476292
-ten	0.0703125	0.8828125	0.0	0.046875
-are	0.231629190515	0.384611935629	0.0487892374335	0.334969636422
-duk	0.0854154561302	0.469203951191	0.434921557234	0.0104590354445
-ara	0.104463568848	0.84671065837	0.0296316740265	0.0191940987555
-mes	0.0	0.940594059406	0.0594059405941	0.0
-lup	0.796943231441	0.161572052402	0.0414847161573	0.0
-wak	0.674490699734	0.055358724535	0.0664304694419	0.203720106289
-lus	0.047888703758	0.886570011021	0.00311712600982	0.0624241592109
-ari	0.0332612280747	0.0365329624961	0.00555762061835	0.924648188811
-luh	0.0598092104367	0.225557075529	0.147932355601	0.566701358433
-aru	0.174769118916	0.0378002859976	0.00602523022118	0.781405364865
-luk	0.488784935304	0.274596268984	0.0561568015396	0.180461994173
-lul	0.647590012095	0.153226296401	0.0325860631065	0.166597628397
-lum	0.289747399703	0.587667161961	0.0891530460625	0.0334323922734
-lun	0.258634121008	0.689950662166	0.0218125162296	0.0296027005973
-mel	0.447653429603	0.427797833935	0.0866425992779	0.0379061371841
-men	0.0938460424746	0.0595640792439	0.00814984639065	0.838440031891
-mei	0.0	1.0	0.0	0.0
-mek	0.385273924801	0.358172115662	0.0527588461289	0.203795113409
-lug	0.10191491429	0.0336993913073	0.0074998068525	0.85688588755
-alu	0.302232854864	0.256568454629	0.0167883824393	0.424410308067
-aya	0.301479983625	0.542582093811	0.110285451997	0.0456524705678
-rah	0.0413793103448	0.910344827586	0.0	0.048275862069
-ayo	0.0	1.0	0.0	0.0
-ila	0.301190883771	0.531669757143	0.0746217594659	0.0925175996201
-ayu	0.290909090909	0.527272727273	0.145454545455	0.0363636363636
-glu	0.0663192799621	0.931586426986	0.00209429305144	0.0
-rag	0.614016952657	0.168342511324	0.0625857499952	0.155054786024
-mar	0.0	1.0	0.0	0.0
-gin	0.223171186301	0.331352126822	0.209307247309	0.236169439568
-ubu	0.25863389188	0.723394696057	0.00631807455327	0.0116533375094
-lap	0.464013824702	0.252898539797	0.0353637621175	0.247723873384
-ken	0.336662734058	0.398269490714	0.113907999455	0.151159775774
-uba	0.579227462324	0.332891183098	0.0282709794959	0.0596103750819
-nsi	0.105720638771	0.791186577724	0.0788356579745	0.0242571255306
-umu	0.328834202619	0.347451825716	0.0666991596939	0.257014811971
-ota	0.0	1.0	0.0	0.0
-lma	0.193445647807	0.501855820699	0.083164139296	0.221534392198
-oti	0.0553826252173	0.778267372761	0.0192020050936	0.147147996928
-iga	0.0372670807454	0.0347826086957	0.104347826087	0.823602484472
-dag	0.48216901447	0.403712678139	0.0153189042671	0.0987994031241
-gig	0.606772056138	0.297907862472	0.0655814681484	0.0297386132415
-uma	0.16535315403	0.135099503511	0.0164036212603	0.683143721198
-ako	0.400526099959	0.403366639662	0.106770286354	0.0893369740251
ALL	0.21492991775	0.254386097077	0.049177064997	0.481506920176
-nai	0.0191950464396	0.98080495356	0.0	0.0
-nan	0.0502214061994	0.901177232963	0.00648018144508	0.042121179393
-aki	0.376271186441	0.494915254237	0.0406779661017	0.0881355932204
-nam	0.350838487017	0.213356727584	0.0616270585783	0.37417772682
-kik	0.322425793745	0.148587422739	0.0455912965099	0.483395487007
-sir	0.0	0.908306709265	0.0888178913738	0.00287539936102
-ake	0.0201342281879	0.939597315436	0.0268456375839	0.0134228187919
-kin	0.386174115307	0.38065631418	0.0575473755424	0.175622194971
-kim	0.530431392831	0.18005642805	0.0396810387084	0.24983114041
-sit	0.213155190134	0.693936279548	0.0559095580679	0.0369989722508
-sik	0.416522712901	0.351773545714	0.0746793275328	0.157024413852
-kir	0.236071593459	0.354907287115	0.263482826374	0.145538293052
-lar	0.348768472906	0.547783251232	0.103448275862	0.0
-kip	0.498900930217	0.216067892678	0.0499920849058	0.235039092199
-sin	0.424520009535	0.333206663584	0.144961325779	0.0973120011016
-sil	0.41211432711	0.36680496559	0.0462642826567	0.174816424644
-nas	0.041598842467	0.909567733767	0.0217037438958	0.0271296798698
-sia	0.00392242318588	0.981041621268	0.01111353236	0.00392242318588
-aun	0.0461215932914	0.953878406709	0.0	0.0
-sig	0.037886241108	0.101249150338	0.0464234452101	0.814441163344
-nat	0.806451612903	0.133064516129	0.0	0.0604838709677
-ker	0.12006213937	0.425210830004	0.386373723924	0.0683533067022
-mos	0.0288461538461	0.956730769231	0.0	0.0144230769231
-mor	0.0	0.965517241379	0.0344827586207	0.0
-gon	0.162792232433	0.526373100592	0.280147168006	0.0306874989688
-gog	0.25522460293	0.648422719873	0.0475163887545	0.0488362884421
-nek	0.329938688559	0.217629637327	0.410085212512	0.0423464616024
-sug	0.268190018775	0.480521634023	0.0781189167665	0.173169430435
-mon	0.237204250425	0.459097435506	0.172801670987	0.130896643083
-gos	0.0877192982456	0.771929824561	0.0701754385965	0.0701754385965
-gor	0.354166666667	0.291666666667	0.125	0.229166666667
-mok	0.466788360363	0.24895999846	0.0669529680914	0.217298673086
-yat	0.181271713293	0.439920776036	0.146255383005	0.232552127666
-yap	0.165179665115	0.467244174012	0.042272032778	0.325304128095
-yar	0.233251966368	0.709791158123	0.0325467860049	0.0244100895036
-ber	0.0107142857143	0.946428571429	0.0428571428571	0.0
-mfa	0.0	1.0	0.0	0.0
-bet	0.113393781836	0.597045209562	0.0680574049416	0.221503603661
-eon	0.0677966101695	0.908474576271	0.0101694915254	0.0135593220339
-yag	0.19334240897	0.159954821172	0.0672802585312	0.579422511327
-ben	0.196626427794	0.27808706133	0.0508250335661	0.47446147731
-bel	0.130682357407	0.857359779823	0.00256239916485	0.00939546360444
-yam	0.0608519269776	0.939148073022	0.0	0.0
-yal	0.505069073084	0.288825757576	0.105837789661	0.100267379679
-yan	0.0915704329246	0.784300758	0.0234013328585	0.100727476217
-beg	0.140340685231	0.133128379473	0.0133961700041	0.713134765292
-bed	0.234042553191	0.765957446809	0.0	0.0
-rek	0.1550957993	0.793627630319	0.0126608815755	0.0386156888054
-upu	0.329389788294	0.564134495641	0.0255292652553	0.0809464508094
-ren	0.0961605080801	0.0791217908362	0.0162460277433	0.80847167334
-isi	0.328967505025	0.373731495103	0.036304113317	0.260996886555
-rea	0.022779998323	0.921541772647	0.021298599659	0.0343796293708
-reg	0.430221648705	0.0939295523413	0.0373210385132	0.43852776044
-isa	0.325318193561	0.190148894974	0.0704211966031	0.414111714863
-res	0.0280373831776	0.923898531375	0.0120160213618	0.0360480640854
-rep	0.638678223185	0.299024918743	0.0200433369447	0.0422535211268
-ret	0.117601946092	0.806511948172	0.0285469471484	0.0473391585879
-dia	0.0512936904221	0.946890603722	0.00181570585565	0.0
-hab	0.0166666666667	0.966666666667	0.0	0.0166666666667
-hag	0.0569067599863	0.0711903291407	0.04360279866	0.828300112213
-map	0.367901180966	0.423258944078	0.0853160819728	0.123523792984
-mas	0.0441769768693	0.857584722969	0.0908418504573	0.00739644970414
-hak	0.155075466114	0.804971885173	0.00266350991418	0.0372891387985
-hal	0.329336616622	0.465447772613	0.046846978275	0.15836863249
-ham	0.145624241516	0.592638278367	0.0452868316023	0.216450648514
-han	0.0737542997918	0.158903524494	0.0467085141598	0.720633661554
-aza	0.103448275862	0.879310344828	0.0	0.0172413793103
-hap	0.424174851688	0.343835481467	0.0787789597786	0.153210707067
-har	0.264038853897	0.464436596833	0.0747897169555	0.196734832315
-mam	0.0117872850023	0.943631257746	0.0341747593125	0.0104066979391
-mal	0.646584963517	0.141479360003	0.0724095007742	0.139526175706
-man	0.206765709396	0.469465052775	0.044635985691	0.279133252138
-juh	0.203296703297	0.203296703297	0.14010989011	0.453296703297
-mag	0.388207698127	0.169544212501	0.0937782070524	0.34846988232
-uno	0.684563758389	0.0	0.0	0.315436241611
-uni	0.0148514851485	0.935643564356	0.0	0.049504950495
-ung	0.459975062223	0.162511832771	0.136085392877	0.24142771213
-eor	0.117647058823	0.882352941177	0.0	0.0
-unu	0.18720501967	0.699578582317	0.0500296278164	0.0631867701967
-him	0.199756641655	0.155625408414	0.046643682823	0.597974267108
-gad	0.0	1.0	0.0	0.0
-tra	0.0419889502762	0.958011049724	0.0	0.0
-gan	0.184256088646	0.66299873033	0.0357816167135	0.116963564311
-gal	0.438550109577	0.185932445125	0.0403520367343	0.335165408564
-gai	0.0	1.0	0.0	0.0
-adi	0.0	1.0	0.0	0.0
-lal	0.430278440141	0.460267978056	0.0320235370342	0.0774300447692
-gat	0.346399982291	0.259757462926	0.287019874339	0.106822680444
-gar	0.684100350775	0.15421172591	0.0211758239982	0.140512099316
-lam	0.545711086487	0.156919942514	0.0942175717016	0.203151399298
-nor	0.0	1.0	0.0	0.0
-sen	0.0682206091381	0.663569116571	0.00842610536427	0.259784168926
-sem	0.0	1.0	0.0	0.0
-sel	0.134426455477	0.359665171299	0.139470188717	0.366438184507
-sei	0.107231234534	0.579323618367	0.272202364586	0.041242782513
-ino	0.0711081319546	0.000569889171744	0.000137559455248	0.928184419418
-fol	0.958825927436	0.0411740725642	0.0	0.0
-dis	0.0	0.986096481989	0.0	0.0139035180114
-ine	0.167167329419	0.411738672231	0.220548453062	0.200545545287
-sea	0.0206896551724	0.951724137931	0.0275862068965	0.0
-ing	0.34949249384	0.423282290549	0.0978287713323	0.129396444278
--mo	0.152215799615	0.59344894027	0.142581888247	0.111753371869
-kni	0.0401458411479	0.737687894988	0.00860960376839	0.213556660095
--mi	0.542986425339	0.402714932127	0.0542986425339	0.0
-oha	0.597439544808	0.317211948791	0.0568990042674	0.0284495021337
-oho	0.177629743012	0.126916967585	0.0203297590207	0.675123530382
-ses	0.0130151843818	0.889370932755	0.0650759219089	0.0325379609544
-ohi	0.0858085808581	0.874587458746	0.019801980198	0.019801980198
-fuk	0.346010734354	0.185096214418	0.272558522388	0.196334528839
-fug	0.0532777470699	0.046968282735	0.0123056044422	0.887448365753
-kut	0.666465984347	0.308850090307	0.00662251655629	0.0180614087899
-kus	0.0450535010325	0.950441148864	0.00450535010325	0.0
-kur	0.343363791834	0.301583436184	0.0547920944416	0.30026067754
-kup	0.399263817795	0.4727094956	0.0417553344453	0.0862713521597
-ial	0.0213523131673	0.871886120996	0.106761565836	0.0
-net	0.180916452919	0.63893195309	0.0427501508106	0.13740144318
-fum	0.571428571429	0.171428571429	0.0825396825396	0.174603174603
-ner	0.394636523095	0.302139933736	0.267550185149	0.0356733580199
-nes	0.0136136575726	0.958829664599	0.0101553493989	0.0174013284295
-fek	0.566265060241	0.433734939759	0.0	0.0
-nen	0.181928091384	0.42419648774	0.0952082611411	0.298667159734
-fos	0.0	1.0	0.0	0.0
-kub	0.00621546961325	0.987914364641	0.00103591160221	0.00483425414364
-ias	0.028455561614	0.941495706107	0.00598077971647	0.0240679525627
-nei	0.121039165519	0.81578429443	0.0135800039362	0.049596536115
-kun	0.303661905678	0.371898692934	0.248135839559	0.076303561828
-kum	0.486502646602	0.40757035051	0.0332320009063	0.0726950019826
-kul	0.520817935452	0.219265829022	0.0438531658044	0.216063069721
-kuk	0.419345865948	0.231835284583	0.0565718770061	0.292246972463
-ban	0.175225165208	0.646527118294	0.0480295821458	0.130218134352
-bal	0.0919833918875	0.137336314276	0.712871287129	0.0578090067071
-bam	0.100524255269	0.267688800745	0.0223742905216	0.609412653465
-hog	0.303232998885	0.110367892977	0.579710144928	0.0066889632107
-eke	0.0225458593201	0.0555512033949	0.0830136336367	0.838889303648
-bag	0.262549875095	0.100090305996	0.0102525819118	0.627107236997
-eki	0.0727272727272	0.854545454546	0.0	0.0727272727272
-ekh	0.0	1.0	0.0	0.0
-hon	0.206928880909	0.216407708343	0.106680509977	0.469982900772
-hol	0.591343539253	0.334020127176	0.0104912094985	0.064145124073
-hom	0.398954629792	0.54265826043	0.0393439293577	0.0190431804197
-hor	0.0	1.0	0.0	0.0
-hop	0.156599552573	0.70581655481	0.110738255034	0.0268456375839
-kil	0.383647798742	0.465408805031	0.132075471698	0.0188679245283
-gsi	0.101043408625	0.720658548649	0.062887156417	0.115410886308
-hot	0.0562390158172	0.681898066784	0.114235500879	0.14762741652
-bat	0.320082023626	0.491511894286	0.089299321099	0.0991067609885
-bar	0.102564102564	0.782051282051	0.115384615385	0.0
-bas	0.0208573169906	0.963025665335	0.00541748493262	0.0106995327419
-bap	0.446927374302	0.502793296089	0.0167597765363	0.0335195530727
-oki	0.272727272727	0.659685863874	0.017134697763	0.0504521656354
-nya	0.0	1.0	0.0	0.0
-uku	0.2224	0.744	0.0	0.0336
-asa	0.46445648709	0.366415187901	0.0437431374633	0.125385187547
-yep	0.160337552743	0.763713080169	0.0759493670886	0.0
-yer	0.761872736679	0.0932660803587	0.0113812726332	0.133479910329
-yet	0.703594467031	0.0513839917897	0.00860238795202	0.236419153227
-asi	0.130115728858	0.766470325759	0.0532991611491	0.0501147842343
-mba	0.0807520494821	0.851627313338	0.0180812593065	0.0495393778738
-yek	0.481219584648	0.248584580675	0.0352104945294	0.234985340148
-lto	0.351133869788	0.604974396489	0.0438917337235	0.0
-yen	0.235990322691	0.372752868702	0.0433190722585	0.347937736348
-mbi	0.176155130686	0.29516614314	0.261312225516	0.267366500658
-lta	0.180435208783	0.764516761419	0.0550480297981	0.0
-yeg	0.368721182578	0.218398291829	0.0957048428983	0.317175682694
-mbo	0.714285714286	0.254733218589	0.0206540447504	0.0103270223752
-lir	0.264450434262	0.421683138664	0.0581012279125	0.255765199161
-rat	0.0870786516854	0.77808988764	0.0252808988764	0.109550561798
-gur	0.0853236142456	0.860736655363	0.0126718238978	0.041267906494
-ras	0.0481927710843	0.951807228916	0.0	0.0
-rap	0.458041084006	0.264634522917	0.146823121149	0.130501271928
-ran	0.428571428572	0.485322896282	0.0665362035225	0.0195694716243
-eri	0.0	1.0	0.0	0.0
-ral	0.0869567181405	0.776024338847	0.0990064347971	0.0380125082158
-ram	0.336789297659	0.501337792642	0.0508361204013	0.111036789298
-rak	0.0126635711271	0.658083579569	0.0844238075137	0.24482904179
-iwe	0.175715508225	0.824284491775	0.0	0.0
-era	0.815	0.065	0.0899999999999	0.03
-rab	0.0160678419996	0.983932158	0.0	0.0
-ere	0.145821866998	0.644680717414	0.115588133241	0.093909282347
-gen	0.177806450357	0.629721460531	0.0721746301594	0.120297458952
-ata	0.109360799758	0.827022114511	0.00908815510451	0.0545289306271
-pot	0.0594900849858	0.832861189802	0.0906515580736	0.0169971671388
-pok	0.476459849323	0.18245866653	0.0840811498804	0.257000334267
-pog	0.170031880978	0.570669500531	0.201912858661	0.05738575983
-ike	0.0931174089068	0.821862348178	0.0161943319838	0.0688259109311
-lag	0.287596388577	0.261324446856	0.0112372612082	0.439841903359
-ika	0.0	1.0	0.0	0.0
-fog	0.257703081233	0.31512605042	0.380952380952	0.0462184873949
-ouk	0.251579944098	0.222412673888	0.389104823524	0.13690255849
-aat	0.0	1.0	0.0	0.0
-lan	0.429683070789	0.271528735561	0.0556450631983	0.243143130452
-fok	0.410853338274	0.552794226165	0.0283265731646	0.00802586239663
-lah	0.00284816999905	0.700274806483	0.00553881409272	0.291338209426
-iki	0.217365805371	0.540992331735	0.0626478903798	0.178993972514
-lak	0.450726840038	0.395475528285	0.0567709378674	0.0970266938097
-lat	0.495552731893	0.194726810673	0.309720457433	0.0
-aal	0.310344827586	0.637931034483	0.0344827586207	0.0172413793103
-aan	0.0156453715776	0.834419817471	0.149934810952	0.0
-iks	0.0685108583247	0.902016546019	0.00310237849017	0.0263702171665
-non	0.220621245624	0.258558833698	0.137275848061	0.383544072616
-las	0.11325241669	0.748386299762	0.0416936903549	0.0966675931931
-bok	0.0971639136891	0.352540011366	0.515830384806	0.0344656901388
-isu	0.034127843987	0.635969664139	0.318526543879	0.0113759479957
-nog	0.590857287577	0.231089406544	0.104057126812	0.0739961790663
-gek	0.625	0.15625	0.0	0.21875
-ahi	0.186971808639	0.0419692394379	0.00743678700846	0.763622164915
-ahn	0.171468398629	0.584231213409	0.00448292743614	0.239817460525
-aho	0.350698201141	0.351724641219	0.170568864761	0.12700829288
-gel	0.356203670687	0.463110183298	0.0204969944539	0.160189151562
-bol	0.460733064789	0.190922788352	0.099858552935	0.248485593924
-bon	0.311423471035	0.224385248941	0.0848709251394	0.379320354886
-aha	0.536610708385	0.109681463805	0.0404534387155	0.313254389094
-geg	0.468536333757	0.448336252189	0.0377851882062	0.0453422258475
--il	0.728155339806	0.194174757282	0.0194174757282	0.0582524271845
-ahe	0.2106664713	0.0858559178013	0.0283380409599	0.675139569939
-dog	0.518029682263	0.0874920650003	0.0214747560011	0.373003496736
-dod	0.0357142857143	0.928571428571	0.0357142857143	0.0
--it	0.226823403687	0.100454181138	0.0176329147743	0.655089500401
-don	0.0	1.0	0.0	0.0
-ger	0.0	1.0	0.0	0.0
-dol	0.0330882352941	0.966911764706	0.0	0.0
-dom	0.00473933649289	0.981042654028	0.0142180094787	0.0
-dok	0.114696695382	0.814873764001	0.0370053518493	0.0334241887671
-ahu	0.303709753362	0.174485461213	0.0347667577632	0.487038027662
-tog	0.176346654722	0.646576751439	0.0312214867533	0.145855107085
-sap	0.580080753701	0.262449528937	0.109017496635	0.0484522207268
-sau	0.0	1.0	0.0	0.0
-sat	0.381226757266	0.362471879161	0.0977916532758	0.158509710298
-ibu	0.0325367117766	0.0483731644112	0.0	0.919090123812
-tom	0.0783600802407	0.841399197593	0.0441323971916	0.036108324975
-tok	0.14979757085	0.380566801619	0.46963562753	0.0
-ges	0.0143884892086	0.920863309353	0.0647482014389	0.0
-tot	0.0865204977615	0.167326713604	0.235680922042	0.510471866592
-sag	0.383638941955	0.422021392056	0.0658999753345	0.128439690654
-tos	0.0	1.0	0.0	0.0
-sad	0.0	1.0	0.0	0.0
-sak	0.472047648388	0.444649825426	0.064078866297	0.0192236598891
-ibe	0.0	0.869565217391	0.130434782609	0.0
-sai	0.0	1.0	0.0	0.0
-san	0.113944644114	0.304869942676	0.0186593833703	0.56252602984
-sam	0.0654252642174	0.919476597886	0.0	0.0150981378963
-sal	0.235312555096	0.705447920544	0.02468313515	0.03455638921
-lon	0.319717206188	0.296058859955	0.307700428976	0.0765235048808
-lol	0.433601253665	0.180568193307	0.342230310383	0.0436002426448
-gep	0.612903225807	0.0	0.0887096774193	0.298387096774
-lok	0.182640359854	0.467501249494	0.230062159105	0.119796231546
-ros	0.0322580645161	0.225806451613	0.741935483871	0.0
-log	0.417125212779	0.294789068789	0.0814430677065	0.206642650726
-loe	0.0666666666667	0.9	0.0	0.0333333333334
-der	0.0	1.0	0.0	0.0
-wel	0.367964034822	0.484323243008	0.0660860144424	0.0816267077275
-rog	0.140293751273	0.551808965701	0.0775312984755	0.23036598455
-rom	0.496240601504	0.413533834586	0.0902255639097	0.0
-lot	0.0142902508733	0.899968243887	0.0857415052397	0.0
-get	0.436927885689	0.442509488725	0.0267916945747	0.0937709310114
-los	0.0999489405156	0.823142711259	0.00861628797549	0.0682920602502
-lop	0.481510015408	0.360554699538	0.0568181818182	0.101117103236
-kit	0.27607504474	0.146579017023	0.176779428671	0.400566509566
-sar	0.107920158184	0.857061501403	0.0165541245592	0.0184642158545
-ipa	0.0	0.992719486081	0.00599571734475	0.00128479657388
-wil	0.124283219094	0.785663310319	0.0865173395436	0.00353613104402
-ewa	0.0	1.0	0.0	0.0
-wik	0.116062327071	0.836464249308	0.0160186398719	0.0314547837484
-ewi	0.056028014007	0.873936968484	0.0258590833878	0.0441759341209
-det	0.225763612218	0.171314741036	0.116865869854	0.486055776893
-awa	0.12389380531	0.87610619469	0.0	0.0
-toa	0.146341463415	0.414634146341	0.439024390244	0.0
-awe	0.0	0.978700745474	0.0212992545261	0.0
-hat	0.0649607205568	0.0468715830051	0.00599380289926	0.882173893539
-olu	0.302495588606	0.122762793043	0.574741618351	0.0
-til	0.362561889689	0.343405082729	0.107613122046	0.186419905536
-nap	0.0456807334691	0.0822041686939	0.0100447812565	0.862070316581
-oli	0.0408163265306	0.938775510204	0.0204081632653	0.0
-red	0.0	1.0	0.0	0.0
-tor	0.134149499367	0.171078374957	0.385329151801	0.309442973875
-tik	0.123285552171	0.731250542358	0.0619689283398	0.0834949771316
-eye	0.178832116788	0.813868613139	0.0036496350365	0.0036496350365
-ibi	0.35915744377	0.451981435202	0.0860406997501	0.102820421278
-mug	0.790703161869	0.167531854649	0.0162812647476	0.0254837187353
-lek	0.681842424243	0.282181818182	0.0244363636364	0.0115393939394
-ois	0.0	1.0	0.0	0.0
-ion	0.0223804679552	0.940996948118	0.00610376398779	0.030518819939
-len	0.314643046482	0.303431982075	0.10278168413	0.279143287313
-mum	0.27652733119	0.453376205788	0.212218649518	0.0578778135048
-mul	0.403029054496	0.301709867051	0.0836650308645	0.211596047588
-olo	0.0901146429291	0.245037638511	0.417458307149	0.247389411411
-muk	0.243787054581	0.674323085386	0.03765051036	0.044239349673
-leg	0.276876467007	0.218441621757	0.0731481388999	0.431533772336
-mut	0.139840965177	0.168631752125	0.691527282698	0.0
-mus	0.0803613884926	0.858297669995	0.0128388017119	0.0485021398003
-mur	0.0390588235294	0.825411764706	0.036705882353	0.0988235294117
-ios	0.0	0.967741935484	0.0322580645161	0.0
-ler	0.43288579217	0.305794658915	0.0658869572102	0.195432591704
-les	0.0384615384615	0.961538461538	0.0	0.0
-let	0.330473500623	0.230794762122	0.0377247421454	0.401006995109
-iot	0.00416088765603	0.995839112344	0.0	0.0
-fta	0.0	1.0	0.0	0.0
-eel	0.0	1.0	0.0	0.0
-bka	0.198979591837	0.724489795918	0.015306122449	0.0612244897959
-git	0.564	0.364	0.054	0.018
-ndu	0.0383141762452	0.613026819923	0.137931034483	0.210727969349
-gir	0.278051334479	0.636419958783	0.0556351781696	0.0298935285687
-ole	0.272264735449	0.546611821185	0.0694663849168	0.111657058449
-ndi	0.158931677057	0.262345093239	0.043751513586	0.534971716118
-alo	0.370385612577	0.424667681798	0.195069755957	0.00987694966873
-gil	0.223274695535	0.553450608931	0.223274695535	0.0
-gik	0.164480554863	0.36618923334	0.0344083361734	0.434921875624
-dos	0.0434782608696	0.95652173913	0.0	0.0
-ndo	0.198532949346	0.296801624714	0.034769343143	0.469896082796
-ali	0.202699518053	0.55575496123	0.159364179957	0.0821813407598
-nda	0.494144114187	0.401213602809	0.0670783865412	0.0375638964631
-ale	0.499086430956	0.336217824159	0.0510281212422	0.113667623642
-nde	0.591051072871	0.177553434728	0.0082569383177	0.223138554083
-gia	0.0424242424242	0.927272727273	0.030303030303	0.0
-ala	0.233925288844	0.576277316557	0.0655663726798	0.12423102192
-wat	0.324647207658	0.426146194712	0.0610463346984	0.188160262931
-yok	0.535673917691	0.33181727109	0.0669592397114	0.0655495715069
-yon	0.308201126149	0.248804870106	0.0965381274951	0.34645587625
-yol	0.018691588785	0.981308411215	0.0	0.0
-yog	0.35965072689	0.444408887263	0.0897869616897	0.106153424157
-iel	0.0251022154607	0.968622230674	0.00627555386517	0.0
-pen	0.640347130106	0.129499314283	0.0303514017851	0.199802153825
-loi	0.0	0.95	0.0	0.05
-elu	0.111649896957	0.80252151776	0.0332161474118	0.0526124378713
-pet	0.375492244846	0.19569029792	0.0820145546956	0.346802902538
-eli	0.0771016778376	0.551466830216	0.0224879893693	0.348943502577
-per	0.562551327676	0.191623323296	0.0891048453326	0.156720503696
-iye	0.182835416659	0.64538687751	0.127437380234	0.044340325597
-ela	0.317220543807	0.580060422961	0.0845921450151	0.0181268882175
-iya	0.177384613081	0.197423020303	0.0500252248877	0.575167141728
-ele	0.254787554309	0.200660722262	0.021576192664	0.522975530765
-pna	0.025641025641	0.935897435897	0.0384615384616	0.0
-pni	0.243196861976	0.582250551606	0.0642314292718	0.110321157146
-sye	0.0	1.0	0.0	0.0
-pnu	0.431693989071	0.0655737704918	0.502732240437	0.0
-esi	0.131428146953	0.728304009169	0.0950347008511	0.0452331430269
-esa	0.405323296376	0.275665738016	0.121753164438	0.19725780117
-aku	0.336024535125	0.209275597901	0.353359134159	0.101340732815
-ita	0.108950117054	0.621826039978	0.115853292515	0.153370550453
-fag	0.538063695782	0.0919679806883	0.0134552161839	0.356513107346
-fan	0.0	1.0	0.0	0.0
-fam	0.0124758525113	0.000524938953058	0.000572124476928	0.986427084059
-far	0.0	0.449856733524	0.550143266476	0.0
-fas	0.00904295403166	0.971740768651	0.0146948003014	0.00452147701583
-uda	0.00359120155618	0.975460122699	0.0167589405955	0.00418973514889
-fat	0.327032407324	0.558725945587	0.0753241629154	0.0389174841729
-ggo	0.339664505784	0.496016164975	0.0514999072855	0.112819421955
-udi	0.0381126574874	0.790063165192	0.142423426518	0.0294007508023
-hul	0.431034049504	0.252594547054	0.068099007413	0.24827239603
-hum	0.405051131236	0.326646578703	0.127188222448	0.141114067613
-hun	0.197791507342	0.210006393492	0.049931479148	0.542270620018
-huk	0.451117713064	0.170856922382	0.0357419751686	0.342283389385
-hud	0.0	1.0	0.0	0.0
--si	0.241573033708	0.370786516854	0.35393258427	0.0337078651685
-abe	0.391462806152	0.331653276833	0.0592237994345	0.21766011758
-wol	0.745491195059	0.0469720155895	0.00448453298443	0.203052256367
-won	0.10643064665	0.41541716251	0.302874874678	0.175277316161
-hut	0.6638521697	0.228043463215	0.0989687867672	0.00913558031697
-abo	0.100069391184	0.781235163069	0.0544172966656	0.0642781490814
-hup	0.402587966389	0.187399293457	0.0273219821595	0.382690757994
-ron	0.0969932260591	0.19631967233	0.606629025824	0.100058075787
-hur	0.405898682157	0.277512694367	0.00943433505226	0.307154288424
-hus	0.010033444816	0.983277591973	0.0	0.00668896321072
-tua	0.00861189078846	0.80377647359	0.168474100536	0.0191375350855
-kog	0.221238938053	0.690265486726	0.070796460177	0.0176991150442
-tug	0.417521976334	0.2580898172	0.0905229633664	0.2338652431
-kol	0.337846574296	0.271418915941	0.270353663733	0.120380846031
-kon	0.289060798125	0.30502383808	0.11750289484	0.288412468955
-tul	0.461764022012	0.265430025577	0.0641227684915	0.20868318392
-ael	0.00982784884769	0.957617401844	0.00651094986159	0.0260437994464
-sos	0.598870056497	0.316384180791	0.0	0.0847457627119
-aen	0.0689655172414	0.931034482759	0.0	0.0
-kou	0.0800330706986	0.818746828456	0.020224613412	0.0809954874339
-ori	0.0961455824253	0.561571774605	0.0397239607943	0.302558682175
-sok	0.201884026579	0.687064869842	0.0570914596298	0.0539596439487
-kor	0.109090909091	0.0363636363636	0.0363636363636	0.818181818182
-bog	0.035283026572	0.14534498184	0.0661623034728	0.753209688115
-sog	0.714945297601	0.244103181773	0.0409515206263	0.0
-ora	0.010152284264	0.979695431472	0.0	0.010152284264
-aba	0.240128068303	0.740661686233	0.0	0.0192102454643
-gma	0.316765334529	0.154014775898	0.0208743501076	0.508345539466
-tne	0.853625170999	0.105335157319	0.0	0.0410396716826
-min	0.374373010455	0.175237268783	0.0377505984916	0.41263912227
-lit	0.00357658649002	0.00649414761456	0.000796856057361	0.989132409838
-rus	0.011501268382	0.966392645292	0.00431059146656	0.0177954948597
-pak	0.0257590328341	0.898646792142	0.0441681549663	0.0314260200577
-lip	0.223286055793	0.0653006157323	0.00891223906465	0.70250108941
-tno	0.061676331049	0.753294675804	0.185028993147	0.0
-lis	0.0337537989833	0.938812834512	0.00282402302252	0.0246093434819
-lil	0.586863298818	0.211274971237	0.0967472021755	0.105114527769
-ruk	0.310736646226	0.11748526211	0.0223503665127	0.549427725151
-lin	0.453990526424	0.350744731027	0.0195264742548	0.175738268293
-ipi	0.167272727273	0.701818181818	0.0654545454545	0.0654545454545
-run	0.0527950310559	0.919254658385	0.0186335403727	0.00931677018634
-gmu	0.19620571897	0.168998975535	0.0572134107148	0.577581894781
-lik	0.15245627428	0.613143013034	0.0854786982666	0.148922014419
-rub	0.161073825503	0.697986577181	0.0805369127517	0.0604026845638
-oma	0.160523833182	0.59522688741	0.152490996224	0.0917582831835
-lig	0.184063222655	0.755044629028	0.0286180490019	0.0322740993149
-lia	0.00652719665272	0.975062761506	0.018410041841	0.0
-ome	0.0	1.0	0.0	0.0
-eas	0.01287001287	0.966537966538	0.016731016731	0.003861003861
-lno	0.662864385298	0.230671736375	0.0152091254753	0.0912547528517
-abi	0.125932855534	0.272285044464	0.278647125272	0.32313497473
-oda	0.0	1.0	0.0	0.0
-rne	0.0280373831776	0.747663551402	0.0	0.224299065421
-wog	0.180013689254	0.366187542779	0.131416837782	0.322381930185
-rna	0.0	1.0	0.0	0.0
-eam	0.0337584396099	0.949737434359	0.00750187546887	0.00900225056264
-rni	0.0	1.0	0.0	0.0
-ean	0.138554216867	0.821686746988	0.0168674698795	0.0228915662651
-zer	0.0	1.0	0.0	0.0
-eho	0.385056871543	0.39945737243	0.0892204946259	0.1262652614
-met	0.332279994337	0.349351082673	0.280816238164	0.0375526848263
-gap	0.555145021245	0.280435987438	0.125623498984	0.0387954923333
-rga	0.0261437908496	0.960784313726	0.0	0.0130718954248
-eha	0.627235213205	0.111416781293	0.0	0.261348005502
-ehu	0.0	1.0	0.0	0.0
-uru	0.327608955425	0.513126403601	0.0162926377712	0.142972003202
-mep	0.100406689629	0.861587196193	0.0182941168334	0.0197119973441
-dus	0.0821917808219	0.828767123288	0.0205479452055	0.0684931506849
-pal	0.632268382554	0.0929087337086	0.0177331994834	0.257089684254
-war	0.385301657402	0.310132659881	0.182216976742	0.122348705974
-pan	0.2176	0.1888	0.2496	0.344
-wap	0.419300669697	0.368479602398	0.0726625303248	0.13955719758
-api	0.0290220820189	0.957097791798	0.011356466877	0.002523659306
-pag	0.149487356136	0.642567677095	0.175474144918	0.0324708218512
-wag	0.325117909231	0.327173596138	0.0954810378067	0.252227456824
-dua	0.0400094139797	0.0725660939829	0.0141209696399	0.873303522397
-apu	0.125418060201	0.782608695652	0.0919732441472	0.0
-wan	0.338624888298	0.303244749457	0.030204210999	0.327926151246
-wam	0.223710597305	0.289131974697	0.0609615844177	0.426195843581
-wal	0.388912514836	0.219564999729	0.0423797940929	0.349142691343
-pat	0.0350404312668	0.0195417789757	0.00788409703503	0.937533692722
-dum	0.555984555985	0.351351351351	0.0	0.0926640926641
-keg	0.0847457627119	0.508474576271	0.0677966101695	0.338983050847
-nul	0.557843345362	0.336871152621	0.0275949904479	0.0776905115686
-num	0.155594768528	0.375493045464	0.284409383434	0.184502802574
-nuk	0.285093947378	0.431054767653	0.0111743012472	0.272676983721
-nuh	0.0	0.985611510791	0.0	0.0143884892087
-ohu	0.234268744838	0.396545361894	0.331933437593	0.0372524556748
-nug	0.7581664711	0.16802301374	0.0132480411825	0.0605624739771
-kel	0.353442783204	0.541165894233	0.029326281061	0.0760650415019
-sus	0.0207590720385	0.730427707431	0.00366696071337	0.245146259818
-sup	0.697621511342	0.164703551221	0.0708923185311	0.0667826189061
-sun	0.0921156336204	0.419474469403	0.402944322468	0.0854655745089
-sum	0.140223565904	0.542037999763	0.0875437221711	0.230194712162
-sul	0.300304822799	0.510689009832	0.0795804726677	0.109425694702
-suk	0.448955380391	0.339642583118	0.0735824889328	0.137819547558
-tun	0.0267753201397	0.95227008149	0.0151338766007	0.0058207217695
-kep	0.337837837838	0.418918918919	0.0405405405405	0.202702702703
-aro	0.306148867314	0.340453074434	0.183818770227	0.169579288026
-suf	0.0101512738853	0.970143312102	0.00238853503185	0.0173168789809
-kat	0.00754970220619	0.97542152504	0.00528479154434	0.0117439812096
-nus	0.0442689735055	0.921980268626	0.017800057232	0.0159507006365
-sua	0.0	1.0	0.0	0.0
-som	0.220588235294	0.735294117647	0.0441176470588	0.0
-fet	0.211043400463	0.127449821908	0.0375597157278	0.623947061902
-dig	0.410494286869	0.409175053727	0.0483009553801	0.132029704024
-fer	0.31986941847	0.423753665689	0.0849333259559	0.171443589885
-fes	0.121212121212	0.757575757576	0.060606060606	0.0606060606061
-dil	0.685082872928	0.24861878453	0.0	0.0662983425414
-dim	0.206896551724	0.793103448276	0.0	0.0
-dik	0.483685220729	0.287907869482	0.0863723608445	0.142034548944
-dit	0.112179309802	0.681150343907	0.0388120379895	0.167858308301
-son	0.368755761662	0.349306943483	0.102164129786	0.179773165069
-dip	0.428989172528	0.407018098475	0.0584841539556	0.105508575041
-kma	0.435785066271	0.354738999177	0.0376478817546	0.171828052797
-ina	0.180551862558	0.678094470224	0.0713630164598	0.0699906507587
-fen	0.0860215053763	0.72688172043	0.135483870968	0.0516129032258
-mea	0.0	1.0	0.0	0.0
-sli	0.0	1.0	0.0	0.0
-kos	0.0689655172414	0.896551724138	0.0344827586207	0.0
-omo	0.361481538466	0.455526526281	0.0501396068128	0.13285232844
-ihi	0.342570448757	0.223683372965	0.0647825987475	0.368963579531
-awi	0.12783171521	0.504045307443	0.22572815534	0.142394822006
--og	0.418626528692	0.350893697084	0.13640639699	0.0940733772343
-uke	0.401754606892	0.364647609453	0.099273811023	0.134323972632
-ggu	0.0926583701734	0.852605218102	0.00751284082488	0.0472235708992
-nna	0.0195599022005	0.941320293399	0.0	0.039119804401
-uko	0.164194450042	0.801809342241	0.0231463541909	0.010849853527
-ngu	0.185185185185	0.740740740741	0.0	0.0740740740741
-ais	0.202702702703	0.797297297297	0.0	0.0
-tis	0.135135135135	0.817923186344	0.0256045519203	0.0213371266003
-ebe	0.192689338086	0.452954546559	0.0569406739741	0.297415441382
-ket	0.304622165867	0.221235999155	0.237448298765	0.236693536214
-nga	0.0681269169177	0.858589148549	0.0219512526124	0.0513326819205
-tia	0.0429096411586	0.874837872892	0.0746865542585	0.00756593169044
-ini	0.321771061739	0.486355110559	0.134546799461	0.0573270282408
-aim	0.0	1.0	0.0	0.0
-ngi	0.219218286155	0.266587266141	0.0885288149015	0.425665632802
-tin	0.330390920555	0.586380832283	0.047919293821	0.0353089533417
-ain	0.0373443983402	0.863070539419	0.0	0.0995850622406
-kho	0.00569962952408	0.974351667142	0.0	0.0199487033343
-ngo	0.142857142857	0.417582417582	0.43956043956	0.0
-uwe	0.323939120858	0.503276765519	0.0473264525687	0.125457661055
-ema	0.209703752451	0.366887172657	0.0398411347729	0.383567940119
-uwa	0.296047532937	0.542495479204	0.151123740635	0.0103332472229
-mmu	0.286343810579	0.405443436721	0.187491345888	0.120721406813
-kes	0.107717041801	0.392282958199	0.387459807074	0.112540192926
-emu	0.237639553429	0.287573099415	0.13341307815	0.341374269006
-gno	0.220554150249	0.389089380571	0.0341926916888	0.35616377749
-jam	0.0670391061453	0.497206703911	0.268156424581	0.167597765363
-mma	0.661971830986	0.281690140845	0.0281690140845	0.0281690140845
-kah	0.00917220820915	0.983439068511	0.00458610410457	0.00280261917501
-gga	0.324436910362	0.506570227055	0.0417740859695	0.127218776613
-set	0.0	1.0	0.0	0.0
-dam	0.176283391496	0.311030868612	0.127521744284	0.385163995608
-zar	0.0	1.0	0.0	0.0
-ane	0.146011431364	0.140524640721	0.00604601278295	0.707417915132
-g-a	0.107142857143	0.383928571429	0.160714285714	0.348214285714
-g-o	0.11034193413	0.186910006293	0.0344031885882	0.668344870988
-eta	0.0461277557943	0.923007348785	0.0172979084229	0.0135669869983
-rut	0.0	1.0	0.0	0.0
-ete	0.0832819247378	0.916718075262	0.0	0.0
-eti	0.143669985775	0.805120910384	0.0341394025604	0.0170697012802
-buk	0.232515005968	0.57483534525	0.0702866544183	0.122362994364
-atu	0.0651162790698	0.900775193798	0.0341085271318	0.0
-bun	0.582990397805	0.278120713306	0.0771604938271	0.0617283950617
-bul	0.398317730446	0.459657506262	0.0431670012257	0.0988577620664
-lim	0.63774343636	0.169979668349	0.0355027532064	0.156774142085
-nos	0.0263157894737	0.973684210526	0.0	0.0
-wer	0.417391304348	0.582608695652	0.0	0.0
-wep	0.338614265316	0.231522404297	0.293193717278	0.136669613109
-omi	0.207035529817	0.539638441071	0.17091876663	0.0824072624824
-wet	0.191066016603	0.482145210173	0.138358149954	0.18843062327
-uya	0.0796019900498	0.92039800995	0.0	0.0
-lio	0.0	1.0	0.0	0.0
-wen	0.0951401348101	0.0923454773506	0.0378178126423	0.774696575197
-pmu	0.308172254706	0.311181939602	0.0725465536054	0.308099252087
-bur	0.516348332794	0.186051889192	0.167876797854	0.12972298016
-ato	0.302241793435	0.56259124947	0.058517402157	0.076649554938
-weg	0.672727272727	0.12	0.0654545454545	0.141818181818
-pma	0.214359567139	0.203304469861	0.102337196495	0.479998766506
-but	0.251081960408	0.441003400011	0.175021211918	0.132893427663
-nir	0.196724843784	0.0954535660418	0.0390002154708	0.668821374704
-ian	0.285128426506	0.536585365854	0.0634578027196	0.114828404921
-osa	0.0	1.0	0.0	0.0
-rul	0.516129032258	0.400921658986	0.00691244239631	0.0760368663594
-not	0.248447924389	0.390347016308	0.189839696071	0.171365363232
-kal	0.538019169329	0.341853035144	0.0498402555911	0.0702875399361
-rum	0.0	1.0	0.0	0.0
-kag	0.486020759579	0.324217732285	0.0587568861035	0.131004622032
-bug	0.340421314069	0.430996947394	0.135746701168	0.0928350373688
-nia	0.0180946489329	0.951128982369	0.0208784410764	0.00989792762141
-nig	0.20084191307	0.142110868793	0.586549677943	0.0704975401938
