iam-	0.202951309348	0.647584421875	0.0622122431351	0.0872520256417
koi-	0.294006987369	0.629669443698	0.0343993550121	0.041924213921
voi-	0.526148969889	0.321711568938	0.0570522979397	0.0950871632329
tut-	0.201009188991	0.272055982075	0.027009522249	0.499925306684
wav-	0.363636363636	0.448484848485	0.187878787879	0.0
ꞌik-	0.498901098901	0.448351648352	0.0131868131868	0.0395604395604
nak-	0.161501878735	0.804431318719	0.0	0.0340668025457
del-	0.421122994652	0.370320855615	0.0762032085561	0.132352941177
dok-	0.0190476190476	0.980952380952	0.0	0.0
ivi-	0.376068376068	0.350427350427	0.222222222222	0.0512820512821
fal-	0.111369603355	0.813347108876	0.0361133060985	0.0391699816707
iol-	0.00831255195345	0.988124925781	0.00356252226575	0.0
taꞌ-	0.459666635775	0.413214533162	0.073676406339	0.0534424247238
fuꞌ-	0.502400814285	0.264266589959	0.0252251454872	0.208107450269
kul-	0.241639189826	0.65944418276	0.0930287329251	0.00588789448893
ꞌod-	0.360038946065	0.543428106115	0.0537341416232	0.0427988061971
lau-	0.457713292913	0.338112925202	0.112351026674	0.0918227552108
eda-	0.167628865979	0.453505154639	0.0718556701032	0.307010309278
neꞌ-	0.142854436255	0.488641746083	0.311854644664	0.0566491729978
aku-	0.528	0.24	0.112	0.12
baf-	0.770529707956	0.166767371601	0.0288418932528	0.0338610271903
lis-	0.0	0.996982498491	0.00129321493232	0.00172428657643
fog-	0.459731063586	0.317287747657	0.0892282383235	0.133752950433
ana-	0.0343380389165	0.908813429989	0.0293780999618	0.0274704311331
duꞌ-	0.0586854460094	0.825639019301	0.0821596244131	0.0335159102765
yal-	0.201564735197	0.654859318634	0.0957888885434	0.0477870576253
iud-	0.0479590723258	0.92311864809	0.00889916294897	0.0200231166352
veu-	0.401463081933	0.425478811039	0.0556622346462	0.117395872381
vus-	0.358621238656	0.363158732686	0.171947142175	0.106272886483
iem-	0.00723938223939	0.951817889318	0.00772200772201	0.0332207207207
weꞌ-	0.0565499651116	0.0280343895942	0.00906691876187	0.906348726532
vil-	0.459233583389	0.151804168078	0.0274017063692	0.361560542164
fou-	0.0278791901759	0.972120809824	0.0	0.0
nun-	0.437433165357	0.253237949103	0.056068645271	0.25326024027
ꞌuꞌ-	0.50917854579	0.256383960619	0.133832427443	0.100605066147
kat-	0.189243027888	0.770916334661	0.0398406374502	0.0
abi-	0.0	1.0	0.0	0.0
lia-	0.173913043478	0.739130434783	0.0869565217391	0.0
aio-	0.241379310345	0.51724137931	0.0344827586207	0.206896551724
sog-	0.729629262248	0.211391579656	0.00190255348696	0.0570766046087
sen-	0.0958083832335	0.868263473054	0.0119760479042	0.0239520958084
yau-	0.19213292728	0.594285338251	0.00613604168966	0.207445692779
ini-	0.0238337769924	0.862414105544	0.0390007259876	0.0747513914762
bay-	0.0128085971537	0.732849259367	0.0512343886146	0.203107754865
ꞌoꞌ-	0.063694267516	0.865484833638	0.0574584651018	0.0133624337446
tus-	0.433333333333	0.5	0.0	0.0666666666667
uga-	0.522839473704	0.354077591843	0.100991125705	0.0220918087481
tai-	0.0623845387963	0.158728231264	0.00576584864518	0.773121381295
dek-	0.0531561461794	0.751495016611	0.0	0.195348837209
kum-	0.180358644864	0.222233657641	0.0596408999049	0.53776679759
bik-	0.0973961100484	0.732459458441	0.122492040245	0.0476523912661
aig-	0.592623637888	0.291701592624	0.0402347024308	0.0754400670579
val-	0.211336349105	0.445222259334	0.148111445176	0.195329946385
mul-	0.1165852407	0.0443282645472	0.0156645868464	0.823421907906
gaw-	0.238738309343	0.64559965259	0.0889707985129	0.0266912395539
ate-	0.0	1.0	0.0	0.0
naw-	0.640284142605	0.164487087764	0.0287928224967	0.166435947134
kam-	0.238922980704	0.551581099238	0.112846294977	0.0966496250822
ies-	0.0206972834088	0.697699542476	0.00353008548133	0.278073088634
sin-	0.316684309161	0.309561427504	0.107102479254	0.266651784081
bod-	0.51843208122	0.378930353567	0.0442015791792	0.0584359860334
kim-	0.604378614524	0.334832857429	0.0162064831557	0.0445820448914
ꞌiv-	0.451888761852	0.274755907676	0.154112639885	0.119242690587
toe-	0.20552573807	0.626381046602	0.127129322517	0.0409638928111
luw-	0.152292706106	0.741506296032	0.0919458303635	0.0142551674982
ꞌuv-	0.265475689411	0.423789406954	0.226296071126	0.0844388325097
vog-	0.712182535667	0.0622280684003	0.139886674087	0.0857027218456
lom-	0.101045562085	0.574435879824	0.202879747641	0.121638810451
gen-	0.175519630485	0.824480369515	0.0	0.0
ake-	0.126623376623	0.873376623377	0.0	0.0
ꞌag-	0.155225384239	0.70610249323	0.0519645612082	0.0867075613234
vig-	0.184367034834	0.305744359483	0.312942509204	0.196946096479
kid-	0.0625	0.9375	0.0	0.0
vel-	0.495171730889	0.227275834753	0.0484762085652	0.229076225792
nig-	0.17725180026	0.278436591151	0.529034889087	0.0152767195029
sig-	0.67363830336	0.194822856339	0.023916152782	0.107622687519
nai-	0.0288461538462	0.894230769231	0.0384615384615	0.0384615384615
ꞌaf-	0.171080610864	0.656388942587	0.124685868935	0.0478445776146
bak-	0.373190154958	0.522037881366	0.0560198995343	0.0487520641419
276-	0.0242914979757	0.477732793522	0.0	0.497975708502
fol-	0.365431895879	0.373284366756	0.0677504192596	0.193533318106
500-	0.101694915254	0.0102837554751	0.0297086269282	0.858312702342
bwa-	0.125022964721	0.107960829371	0.333495145174	0.433521060734
asi-	0.0	1.0	0.0	0.0
dia-	0.196485944584	0.583684282574	0.174293605611	0.0455361672317
nan-	0.187700130419	0.428455229664	0.0561287054435	0.327715934473
geu-	0.39611669035	0.338237225798	0.0762690612947	0.189377022557
beꞌ-	0.586852561576	0.203620826224	0.0277940296308	0.181732582569
yoꞌ-	0.598625671747	0.264602237688	0.0922826182715	0.0444894722931
153-	0.12	0.21	0.0	0.67
kib-	0.400970873786	0.261165048544	0.223300970874	0.114563106796
geg-	0.120240480962	0.84368737475	0.0	0.0360721442885
ꞌim-	0.262109814255	0.0780183104575	0.053601203415	0.606270671873
nog-	0.718197410559	0.139005643698	0.0168696706076	0.125927275135
mog-	0.201215717005	0.0939679687582	0.100378399916	0.604437914321
tol-	0.14593366322	0.756572012389	0.0507855664128	0.046708757978
mel-	0.0248582188416	0.728755153987	0.00029770321966	0.246088923952
kaf-	0.0549848942599	0.927567975831	0.00555135951662	0.0118957703928
isa-	0.0136186770428	0.972762645914	0.0	0.0136186770428
luv-	0.549682736695	0.277157818188	0.0688581602027	0.104301284914
dio-	0.0472122302158	0.925809352518	0.0134892086331	0.0134892086331
7-n-	0.439024390244	0.121951219512	0.341463414634	0.0975609756098
bab-	0.144424086967	0.690069622572	0.0718211799194	0.0936851105411
ita-	0.0836298932384	0.806049822064	0.110320284697	0.0
ꞌam-	0.186183840953	0.135370650262	0.039176412596	0.63926909619
siy-	0.40127388535	0.579617834395	0.0	0.0191082802548
ivu-	0.305882352941	0.58082788671	0.0348583877996	0.078431372549
ꞌid-	0.451309117008	0.163007395924	0.0519121877036	0.333771299364
ꞌwa-	0.0606790172861	0.0407191153164	0.0099280969525	0.888673770445
tow-	0.165659716236	0.251781039397	0.485318702818	0.0972405415483
ali-	0.0469223007064	0.900605449041	0.0287588294652	0.0237134207871
tua-	0.150230162746	0.153580581447	0.612175772514	0.0840134832928
oni-	0.702606204892	0.297393795108	0.0	0.0
non-	0.453554748314	0.340944473274	0.0934094447327	0.112091333679
sou-	0.504238671542	0.140762277881	0.0365032311019	0.318495819475
dod-	0.487347294939	0.441921734461	0.0145153711908	0.0562155994093
tau-	0.328929702788	0.163769222625	0.0793495571395	0.427951517447
ꞌum-	0.0553532410779	0.835396941005	0.109249817917	0.0
ꞌev-	0.232715008432	0.585160202361	0.164418212479	0.0177065767285
sab-	0.0	1.0	0.0	0.0
aki-	0.0727272727272	0.909090909091	0.0181818181818	0.0
nin-	0.197575804091	0.790308698489	0.00652372938035	0.00559176804031
veg-	0.594634205844	0.247609696283	0.114589908756	0.0431661891168
mia-	0.332558795593	0.28992269131	0.068001419143	0.309517093954
mak-	0.318474060296	0.589618341777	0.0278569489293	0.064050648998
toy-	0.20862745098	0.645490196078	0.0235294117647	0.122352941176
lov-	0.13635844799	0.702531367711	0.0287467842059	0.132363400093
tuw-	0.224489795918	0.673469387755	0.0	0.102040816327
ena-	0.227596508215	0.337409083744	0.0602730677716	0.374721340269
yav-	0.270240361415	0.44535281204	0.201397819248	0.0830090072967
emo-	0.0539419087137	0.929460580913	0.00829875518672	0.00829875518672
tud-	0.692047220783	0.267541262675	0.0101028791355	0.0303086374066
lim-	0.0549019607843	0.926797385621	0.00653594771242	0.0117647058823
ova-	0.462658375264	0.338341570496	0.162818226197	0.0361818280438
ꞌed-	0.183678947829	0.601885909342	0.0515345272961	0.162900615533
sak-	0.153613391725	0.486537417549	0.207923286337	0.151925904388
ius-	0.0395778364116	0.960422163588	0.0	0.0
dud-	0.176370351276	0.662901420288	0.125154314718	0.035573913718
ꞌud-	0.754621657393	0.200549333257	0.0298860062334	0.0149430031167
fib-	0.029702970297	0.970297029703	0.0	0.0
liv-	0.114502453624	0.835996485639	0.0375008035886	0.0120002571484
tel-	0.0	1.0	0.0	0.0
tav-	0.65900104332	0.25993564734	0.0744351607501	0.00662814858977
lid-	0.0156862745098	0.98431372549	0.0	0.0
div-	0.599580712788	0.308176100629	0.0	0.0922431865828
gas-	0.0	0.943925233645	0.0560747663551	0.0
tun-	0.41942226305	0.456763046751	0.114528588434	0.00928610176495
fit-	0.0644525715487	0.899326282509	0.00914036971422	0.0270807762278
fon-	0.00687285223367	0.979381443299	0.0	0.0137457044673
bad-	0.374594645089	0.468467947492	0.123307962972	0.0336294444469
baw-	0.14056316595	0.79221140702	0.0222084000007	0.0450170270285
mal-	0.0880167815887	0.646622679288	0.0702818356897	0.195078703433
lum-	0.417664915122	0.480794399265	0.0377221791863	0.0638185064267
tot-	0.258627995921	0.513615500034	0.156942276235	0.0708142278102
lev-	0.276470588235	0.241176470588	0.482352941177	0.0
ꞌat-	0.109928785895	0.433139049631	0.269134461398	0.187797703076
tuy-	0.232558139535	0.488372093023	0.279069767442	0.0
ami-	0.0	1.0	0.0	0.0
kei-	0.08	0.48	0.38	0.06
log-	0.32304379038	0.306532663317	0.301507537688	0.0689160086145
tek-	0.316644949533	0.683355050467	0.0	0.0
dev-	0.0130569609923	0.957320058756	0.00489636037212	0.0247266198792
tal-	0.473095248545	0.337863989961	0.054357628216	0.134683133278
gid-	0.254372019078	0.717011128776	0.00953895071542	0.0190779014308
kos-	0.0	1.0	0.0	0.0
lem-	0.0206718346253	0.979328165375	0.0	0.0
kab-	0.43579676386	0.483428444991	0.0498333844824	0.0309414066672
450-	0.0	0.214285714286	0.047619047619	0.738095238095
nem-	0.0266666666667	0.626666666667	0.346666666667	0.0
lud-	0.312925170068	0.58843537415	0.0408163265306	0.0578231292517
vak-	0.242451641991	0.558492729759	0.0679241954217	0.131131432828
ged-	0.0	1.0	0.0	0.0
sik-	0.203242617255	0.552403011002	0.207295888825	0.0370584829183
ben-	0.0	0.924581005587	0.0	0.0754189944133
bog-	0.19163545568	0.467540574282	0.172284644195	0.168539325843
ion-	0.0265053272311	0.919400669289	0.0195094632373	0.0345845402423
ꞌaꞌ-	0.296286996843	0.184382305173	0.046315895259	0.473014802725
kia-	0.514055845948	0.292556152556	0.121498648	0.0718893534965
beg-	0.111103659318	0.0344132348973	0.00580640402925	0.848676701755
iun-	0.0	0.938271604938	0.0493827160494	0.0123456790123
bun-	0.177808134845	0.508457616669	0.236060240127	0.0776740083588
ili-	0.452280141598	0.429027556049	0.0874574859443	0.0312348164087
lam-	0.150819585572	0.646821392533	0.0345478492479	0.167811172647
til-	0.0	0.99481865285	0.00518134715027	0.0
idi-	0.269497305027	0.632713672863	0.0793092069079	0.0184798152019
fet-	0.459351904491	0.385256774683	0.0769376539701	0.0784536668561
yem-	0.531200715491	0.342581796713	0.0738868664513	0.0523306213445
sat-	0.572519083969	0.290076335878	0.0	0.137404580153
eya-	0.0567175516568	0.921427000806	0.0144592442546	0.00739620328231
ani-	0.0983816292035	0.863050157355	0.0068638345956	0.0317043788463
dik-	0.333889816361	0.449081803005	0.0779076238174	0.139120756817
nad-	0.0108303249097	0.797833935018	0.191335740072	0.0
yad-	0.0797367019784	0.0317602495228	0.0146524769622	0.873850571537
nib-	0.0786369593709	0.612057667104	0.304062909567	0.00524246395805
bei-	0.100066941362	0.132564141424	0.0137876774274	0.753581239786
kuv-	0.313725490196	0.666666666667	0.0196078431373	0.0
bob-	0.516864175023	0.274066338374	0.0751170013815	0.133952485222
ꞌol-	0.2	0.671428571429	0.107142857143	0.0214285714286
wel-	0.214626563027	0.592219159076	0.144336122915	0.0488181549819
fio-	0.246513944223	0.549925298805	0.0522908366534	0.151269920319
ban-	0.0958012138136	0.0838604727195	0.0616242398033	0.758714073664
kiw-	0.675941635562	0.246691550729	0.0447913131999	0.032575500509
ꞌai-	0.122952343782	0.323986326885	0.0544508617002	0.498610467632
nau-	0.123405817047	0.783925130746	0.0467932837876	0.0458757684191
mil-	0.0552254796923	0.760611668452	0.024544657641	0.159618194214
dab-	0.273472227591	0.628271037069	0.0316957210777	0.0665610142631
did-	0.19174329974	0.670466303581	0.0871056879507	0.050684708728
bwe-	0.513428120063	0.412322274881	0.0363349131122	0.0379146919431
nam-	0.446405238805	0.500099918528	0.042426944184	0.0110678984828
viꞌ-	0.0489753709512	0.33107024736	0.560785572286	0.0591688094028
ebe-	0.0274991270118	0.930176819784	0.0279276848354	0.0143963683693
edi-	0.100621611649	0.447929380375	0.104879225682	0.346569782294
sid-	0.297233632005	0.129368009824	0.0244254761363	0.548972882035
bon-	0.25181331532	0.561456740579	0.0599058100702	0.126824134031
oli-	0.0747460453833	0.91160863193	0.00909688179108	0.00454844089553
mea-	0.219154465044	0.651766528409	0.0650642146819	0.0640147918645
mod-	0.358518860307	0.563963548275	0.0387587957088	0.0387587957088
tok-	0.204993930593	0.453267215853	0.163142145925	0.178596707629
ula-	0.116772823779	0.813512057547	0.0313718034033	0.0383433152708
kon-	0.177079340744	0.566883863549	0.242621694136	0.0134151015715
eli-	0.0584677419355	0.891801075269	0.0057123655914	0.0440188172043
eis-	0.00413223140496	0.992768595041	0.00103305785124	0.00206611570248
imu-	0.231793960924	0.713069863825	0.0240526939017	0.0310834813499
maf-	0.0	0.856	0.144	0.0
vit-	0.322315127072	0.348369125161	0.130807358481	0.198508389286
tuk-	0.822834202529	0.0849810527895	0.0204854988181	0.0716992458635
siv-	0.645020744015	0.203479270714	0.0556224900784	0.0958774951918
fwa-	0.0550121749951	0.808336487626	0.0420333890687	0.0946179483103
nim-	0.258590136704	0.579541558225	0.0512382183936	0.110630086677
ꞌib-	0.385032029873	0.523706814109	0.0550275277411	0.0362336282769
waꞌ-	0.0339622641509	0.905660377358	0.00754716981134	0.0528301886793
avi-	0.200834040669	0.184522271838	0.101487249511	0.513156437982
tul-	0.121155252492	0.36144999565	0.157787062809	0.359607689049
tug-	0.286507881748	0.54231227096	0.0595905047798	0.111589342512
yam-	0.0898798973417	0.0858810191901	0.037992079785	0.786247003683
ina-	0.0698781144527	0.767538694199	0.040178135236	0.122405056113
mai-	0.678338614354	0.121377040177	0.0128566781444	0.187427667325
ese-	0.0	1.0	0.0	0.0
ꞌog-	0.170878079596	0.740682248894	0.0552747946936	0.0331648768162
siꞌ-	0.447482014388	0.405035971223	0.0762589928058	0.0712230215828
fot-	0.0	1.0	0.0	0.0
got-	0.0344287949922	0.9186228482	0.0469483568075	0.0
vet-	0.409775993458	0.430063763991	0.0682354349822	0.0919248075681
lab-	0.28485152836	0.245081435725	0.035554762611	0.434512273304
kau-	0.153724947637	0.761591821833	0.0350108568244	0.0496723737054
iba-	0.387596899225	0.531007751938	0.0	0.0813953488372
ino-	0.0151724137931	0.961379310345	0.0206896551724	0.00275862068965
bas-	0.354294895974	0.0738112130867	0.0440517303747	0.527842160565
mim-	0.54523417004	0.227901047765	0.0265542470454	0.200310535149
sit-	0.190316541254	0.677783792514	0.0534597025996	0.0784399636325
mid-	0.0289389067524	0.913183279743	0.0578778135048	0.0
lek-	0.736412717457	0.196544691062	0.0225554889022	0.0444871025795
ivo-	0.292207792208	0.681818181818	0.025974025974	0.0
day-	0.11178396072	0.831893071468	0.0207528641571	0.0355701036552
666-	0.0157068062827	0.157068062827	0.0	0.82722513089
fia-	0.891089108911	0.039603960396	0.029702970297	0.039603960396
sod-	0.00549954170484	0.994500458295	0.0	0.0
vai-	0.430746647347	0.385832930551	0.104567374617	0.0788530474852
kun-	0.112426035503	0.850098619329	0.025641025641	0.0118343195266
ꞌaw-	0.195739698064	0.438795542683	0.055710978962	0.309753780291
wey-	0.136834636706	0.776503426714	0.0410503910118	0.0456115455687
kan-	0.115668950595	0.769383339344	0.0892535160476	0.0256941940137
nei-	0.0377358490566	0.943396226415	0.0	0.0188679245283
agi-	0.836177474403	0.163822525597	0.0	0.0
aid-	0.855565777369	0.0110395584177	0.0579576816927	0.0754369825207
kuk-	0.261541616688	0.529692632248	0.0609428977086	0.147822853355
nav-	0.383914627798	0.539736248482	0.0503210133611	0.0260281103592
fis-	0.0512195121951	0.943902439024	0.0	0.00487804878049
osi-	0.0726030322442	0.857356395473	0.0418535127055	0.0281870595772
vul-	0.324034334764	0.444206008584	0.0515021459227	0.18025751073
sio-	0.546601941748	0.421359223301	0.0233009708738	0.00873786407767
fue-	0.101812676126	0.149433119432	0.370456531669	0.378297672774
emi-	0.0764507279138	0.295570070814	0.0921288721811	0.535850329091
taf-	0.169749439804	0.655761526448	0.0736742038432	0.100814829904
giv-	0.316960694401	0.404787729548	0.171578362062	0.106673213989
tod-	0.157906712173	0.506712172924	0.244368600683	0.0910125142208
met-	0.118143459916	0.723628691983	0.0	0.158227848101
tao-	0.392561983471	0.52479338843	0.0826446280992	0.0
100-	0.0261967721021	0.298351320184	0.0743421911006	0.601109716613
nef-	0.0714285714286	0.857142857143	0.0714285714285	0.0
lol-	0.394543225015	0.210606989577	0.326793378296	0.0680564071122
ken-	0.144997004194	0.827441581785	0.0173756740563	0.0101857399641
iub-	0.103448275862	0.896551724138	0.0	0.0
ufa-	0.0915526977728	0.81301425636	0.0314543368279	0.0639787090395
bub-	0.200818031419	0.781673395168	0.0127335079367	0.00477506547628
iek-	0.0	1.0	0.0	0.0
mat-	0.125676862802	0.243215415354	0.0777700618942	0.55333765995
ioa-	0.0	1.0	0.0	0.0
ꞌou-	0.210445513861	0.76227451212	0.0194856957279	0.00779427829118
aka-	0.0280772686433	0.940476190476	0.0242587601078	0.00718778077269
ios-	0.033322235434	0.940042806183	0.00918906064209	0.0174458977408
ꞌil-	0.274979009236	0.554041676208	0.143882146401	0.0270971681551
ala-	0.102875998835	0.788263077869	0.0380123580602	0.0708485652357
but-	0.16951882424	0.74592309241	0.0797261928729	0.00483189047715
ꞌae-	0.50709519107	0.481509411377	0.0113953975522	0.0
bib-	0.322453016815	0.315529179031	0.0474777448071	0.314540059347
fok-	0.303370786517	0.696629213483	0.0	0.0
ꞌoy-	0.0654575348096	0.845964137081	0.0343215331655	0.0542567949443
umw-	0.174545454545	0.661818181818	0.0545454545455	0.109090909091
wai-	0.513519116169	0.256483519668	0.0533155327475	0.176681831415
kod-	0.0	1.0	0.0	0.0
kin-	0.0761369993403	0.839180322237	0.0327258193886	0.0519568590345
aim-	0.0	0.926859000406	0.0568874441284	0.0162535554653
dan-	0.0424017790956	0.936397331357	0.0212008895478	0.0
lug-	0.253114754098	0.400163934426	0.301475409836	0.0452459016394
tio-	0.12380952381	0.780952380952	0.0285714285714	0.0666666666666
eba-	0.0104166666667	0.9375	0.0416666666666	0.0104166666667
ꞌal-	0.137682178771	0.176535079509	0.0538568539502	0.631925887769
din-	0.158825106743	0.659247952806	0.0	0.181926940451
yai-	0.119189903676	0.617898489806	0.177176918636	0.0857346878829
ioe-	0.0	1.0	0.0	0.0
yon-	0.0	1.0	0.0	0.0
vav-	0.064874083698	0.537948637461	0.0150119795897	0.382165299251
tuo-	0.209677419355	0.33064516129	0.387096774194	0.0725806451613
afe-	0.0	1.0	0.0	0.0
sos-	0.357478073877	0.327040741366	0.189797719902	0.125683464856
don-	0.261958266453	0.687640449438	0.00963081861957	0.0407704654896
deg-	0.67512767512	0.18614746013	0.0431588468113	0.0955660179393
kua-	0.348901098901	0.486263736264	0.127747252747	0.0370879120879
tat-	0.412340746078	0.479906985884	0.060917695608	0.0468345724298
tov-	0.200463416032	0.59662525773	0.0634288378345	0.139482488404
leg-	0.0908265213443	0.0108991825613	0.898274296094	0.0
wek-	0.0399419462403	0.120557508006	0.827625913087	0.011874632666
vef-	0.466644375716	0.354611369635	0.0576856458185	0.12105860883
iot-	0.0	1.0	0.0	0.0
ꞌul-	0.122417209171	0.215256156241	0.612086045853	0.0502405887348
utu-	0.0721911540417	0.588205388917	0.248601931876	0.0910015251652
esa-	0.0	0.857142857143	0.0	0.142857142857
ꞌok-	0.539264413519	0.0795228628231	0.283300198807	0.097912524851
sia-	0.144116291348	0.35072045652	0.373578812205	0.131584439927
sis-	0.274207422407	0.636553451337	0.0505739010756	0.0386652251811
wat-	0.00327153946826	0.0105753596983	0.00406406720793	0.982089033625
mos-	0.0666830974197	0.889337063227	0.0231413714091	0.0208384679437
ved-	0.512276822112	0.352915001747	0.0481548759773	0.0866533001629
kok-	0.288990825688	0.447247706422	0.0229357798165	0.240825688073
vok-	0.324555487431	0.117453505007	0.0296341712651	0.528356836297
tuv-	0.30385091769	0.521858461885	0.120988627407	0.0533019930188
ifu-	0.327817178881	0.39598108747	0.189913317573	0.0862884160756
yaw-	0.320536534712	0.398559681118	0.134369242366	0.146534541804
ꞌub-	0.059731209557	0.877647361069	0.0301064564299	0.0325149729444
oin-	0.167571971754	0.819029512946	0.0	0.0133985152997
ief-	0.0	1.0	0.0	0.0
ꞌob-	0.434782608696	0.0	0.449275362319	0.115942028985
law-	0.00673817756119	0.993261822439	0.0	0.0
sal-	0.201039921831	0.66165201005	0.0483179787828	0.0889900893356
vey-	0.279615253036	0.477268647276	0.131396952051	0.111719147637
gab-	0.120606755588	0.720461906774	0.0510994427344	0.107831894904
sek-	0.0328350894389	0.819937923712	0.0289961610716	0.118230825778
400-	0.139601139601	0.219373219373	0.034188034188	0.606837606838
leo-	0.457604394101	0.357349567948	0.111700997579	0.0733450403724
yan-	0.0203649385572	0.0330580003533	0.00285245267671	0.943724608413
obu-	0.317936642329	0.0732297934588	0.0251467317579	0.583686832454
efi-	0.0724637681159	0.572463768116	0.340579710145	0.0144927536232
eme-	0.206963249516	0.748936170213	0.0441005802708	0.0
ufe-	0.0436137071651	0.863551401869	0.00747663551402	0.0853582554517
diu-	0.0704378056385	0.638045540737	0.136609242274	0.154907411351
ꞌeb-	0.0229196433399	0.0661170490996	0.0121291067513	0.898834200809
kas-	0.121841417369	0.732936392681	0.0955562009875	0.0496659889632
fau-	0.0461993547132	0.823911594519	0.00324412960003	0.126644921168
sul-	0.236111111111	0.736111111111	0.0277777777778	0.0
age-	0.421471910051	0.355647997664	0.0698164476409	0.153063644644
lul-	0.465778880338	0.347294107307	0.0783733132571	0.108553699097
tab-	0.248117600218	0.293785967748	0.181309500159	0.276786931875
waf-	0.364019955901	0.350864510278	0.159156307529	0.125959226292
igo-	0.419900200973	0.11565836027	0.0441408190245	0.420300619732
bot-	0.0173913043478	0.895652173913	0.0869565217391	0.0
ꞌas-	0.518900690005	0.157039751444	0.0479604901555	0.276099068395
soa-	0.515151515151	0.363636363636	0.0909090909091	0.030303030303
sel-	0.109687103106	0.710195127583	0.122387715044	0.0577300542663
kay-	0.708994708995	0.191358024691	0.0396825396826	0.0599647266314
ibe-	0.0649038461538	0.90625	0.0288461538462	0.0
lil-	0.34009247817	0.202340868296	0.0347715471192	0.422795106415
yuv-	0.540610653253	0.362547674609	0.0851355359454	0.0117061361925
ꞌuy-	0.276041666667	0.534722222222	0.168402777778	0.0208333333333
tak-	0.161695269546	0.780365411157	0.03624921515	0.0216901041471
ꞌis-	0.577452714322	0.17754758166	0.0478134951655	0.197186208852
wao-	0.0646766169154	0.890547263682	0.0389718076285	0.00580431177446
mun-	0.308439945943	0.181206047644	0.0401876151066	0.470166391307
tay-	0.549040170316	0.400532687433	0.0401658051654	0.010261337086
lel-	0.418848167539	0.407103438517	0.140087731711	0.0339606622329
iad-	0.168252859513	0.537413778049	0.0817253121453	0.212608050292
kak-	0.171352074966	0.299866131191	0.327978580991	0.200803212851
nel-	0.0142517814727	0.985748218527	0.0	0.0
one-	0.0600333518622	0.745414118955	0.0778210116731	0.11673151751
kik-	0.472308350262	0.370335721159	0.115337324923	0.0420186036566
bea-	0.0	0.72972972973	0.27027027027	0.0
gog-	0.0701754385965	0.929824561404	0.0	0.0
vek-	0.422583636768	0.396295602348	0.086666250353	0.0944545105316
ꞌot-	0.637496377862	0.305998261373	0.0130396986381	0.0434656621269
sil-	0.390490736486	0.421796657627	0.0596450951691	0.128067510719
430-	0.413793103448	0.0	0.0	0.586206896552
lal-	0.489571815207	0.346974235469	0.098989235129	0.0644647141951
vie-	0.366197183099	0.56338028169	0.0704225352113	0.0
iof-	0.0608695652173	0.894983277592	0.0160535117057	0.028093645485
leu-	0.0	1.0	0.0	0.0
ule-	0.087917943253	0.531104302651	0.0	0.380977754096
kis-	0.0	0.731707317073	0.0	0.268292682927
tik-	0.0851926977687	0.720081135903	0.0730223123732	0.121703853955
600-	0.099573257468	0.246088193457	0.0284495021337	0.625889046942
gel-	0.0677966101695	0.898305084746	0.0338983050847	0.0
sau-	0.33414649715	0.28486641988	0.086469434412	0.294517648558
umo-	0.590163934426	0.295081967213	0.0950819672131	0.0196721311475
veb-	0.335198593268	0.355936032624	0.153098077904	0.155767296204
gol-	0.557502265511	0.270201516426	0.108379458494	0.0639167595689
ela-	0.0677966101694	0.932203389831	0.0	0.0
fin-	0.123935666982	0.799026895526	0.00810920394648	0.068928233545
luy-	0.397405984079	0.498112819105	0.0380867416964	0.0663944551194
nag-	0.426459488402	0.123640372511	0.0476536181955	0.402246520892
bai-	0.46453522112	0.205885919422	0.0855259591015	0.244052900357
itu-	0.242152466368	0.645739910314	0.0403587443946	0.0717488789237
kad-	0.480333114702	0.392173564912	0.10313153942	0.0243617809655
fen-	0.0	1.0	0.0	0.0
gul-	0.0263735073516	0.625355392489	0.321464352441	0.0268067477187
las-	0.0945858267837	0.489451028334	0.385739136029	0.0302240088529
koy-	0.421915765934	0.320163995527	0.0760342899739	0.181885948565
men-	0.0	1.0	0.0	0.0
ava-	0.126613630315	0.118911279856	0.0107870052966	0.743688084532
iko-	0.0	0.977404777276	0.015493867011	0.00710135571336
sie-	0.698275862069	0.258620689655	0.00862068965516	0.0344827586207
bus-	0.0	1.0	0.0	0.0
ain-	0.0	0.966666666667	0.0333333333333	0.0
lub-	0.297460471263	0.180781792194	0.122046268263	0.399711468279
deb-	0.134888912352	0.785471877404	0.0368331347381	0.0428060755064
sol-	0.00847457627118	0.991525423729	0.0	0.0
ame-	0.230217642729	0.769782357271	0.0	0.0
dom-	0.328767123288	0.547945205479	0.123287671233	0.0
iak-	0.0334626053702	0.813632813552	0.0729848374673	0.0799197436105
lai-	0.163233579479	0.739603575593	0.0761756704237	0.0209871745045
iso-	0.0165380374862	0.983461962514	0.0	0.0
mag-	0.14179750221	0.537667459674	0.255369096846	0.0651659412698
ꞌif-	0.121534029145	0.161380619062	0.105442598991	0.611642752802
vin-	0.561301864013	0.318111546276	0.0430666391825	0.0775199505286
siw-	0.101372691958	0.0189421564253	0.011793146761	0.867892004856
vau-	0.322978340703	0.568875065577	0.10814659372	0.0
ket-	0.302491103203	0.548042704626	0.0106761565836	0.138790035587
afa-	0.0	1.0	0.0	0.0
akw-	0.0122090805036	0.985501716902	0.0	0.00228920259443
ife-	0.0	1.0	0.0	0.0
dob-	0.1329394387	0.8670605613	0.0	0.0
taw-	0.606236981976	0.180431524767	0.0288425002955	0.184488992962
meg-	0.0338983050847	0.932203389831	0.0338983050847	0.0
mon-	0.518633540373	0.296583850932	0.142857142857	0.0419254658385
kof-	0.0	0.990990990991	0.00900900900901	0.0
alo-	0.095238095238	0.809523809524	0.0238095238095	0.0714285714286
iut-	0.0458015267176	0.954198473282	0.0	0.0
man-	0.151071290111	0.572690091203	0.158376552394	0.117862066292
nas-	0.017848617283	0.954827573543	0.00396635939624	0.0233574497778
wik-	0.16429281219	0.375621066578	0.0238489566081	0.436237164624
ꞌef-	0.302325581395	0.476744186047	0.162790697674	0.0581395348837
aꞌw-	0.703333333333	0.166666666667	0.08	0.05
afo-	0.0426091530773	0.947922146239	0.0	0.00946870068384
iꞌi-	0.454545454545	0.145454545455	0.109090909091	0.290909090909
vew-	0.223124071351	0.305887444703	0.424965302562	0.046023181384
lio-	0.0	1.0	0.0	0.0
evu-	0.26974858697	0.719617434569	0.00850718276909	0.00212679569227
fai-	0.10696033105	0.0902881564434	0.0123916939349	0.790359818572
oꞌe-	0.413043478261	0.54347826087	0.0	0.0434782608696
ema-	0.0529962408786	0.796712611484	0.0141519864377	0.1361391612
mie-	0.722928625733	0.0863145266477	0.0338073948009	0.156949452818
yod-	0.0	1.0	0.0	0.0
sai-	0.172930508112	0.454874052492	0.0448276426158	0.32736779678
viw-	0.481875709748	0.277706917266	0.0330392850677	0.207378087918
fan-	0.628024671833	0.330222995414	0.033212082872	0.00854024988139
von-	0.48172327875	0.20782955022	0.0210622050649	0.289384965964
way-	0.145441937189	0.80417527106	0.0260040215487	0.0243787702018
kef-	0.0744539442374	0.909225921854	0.0124801024008	0.00384003150795
gag-	0.713087248322	0.26677852349	0.010067114094	0.010067114094
nua-	0.353861908772	0.291905053228	0.0697131180632	0.284519919937
awa-	0.38619358453	0.225961213783	0.0896410842461	0.298204117441
ima-	0.694189602447	0.110091743119	0.0366972477064	0.159021406728
nay-	0.452991452992	0.328584995252	0.0	0.218423551757
ꞌav-	0.245911963271	0.386627496398	0.296130717477	0.0713298228532
kuy-	0.132820961535	0.793616659768	0.0122603964494	0.0613019822471
iav-	0.082469180772	0.75009960046	0.0790543078621	0.088376910906
300-	0.264406779661	0.277966101695	0.135593220339	0.322033898305
lif-	0.0471204188482	0.952879581152	0.0	0.0
fes-	0.0477790220232	0.938036580814	0.00223964165734	0.0119447555058
ꞌit-	0.50451088518	0.332345086086	0.040939576667	0.122204452068
tog-	0.217815344603	0.697659297789	0.076723016905	0.00780234070221
ꞌab-	0.551909928352	0.297031729785	0.0466243602866	0.104433981576
bul-	0.198348514514	0.695525098607	0.0297948412361	0.0763315456429
ilo-	0.154852780807	0.767175572519	0.0229007633588	0.0550708833152
sev-	0.290640394089	0.709359605911	0.0	0.0
van-	0.121454682689	0.725099048917	0.0168866026305	0.136559665764
luo-	0.406989057536	0.553476879633	0.0127073773385	0.0268266854925
ila-	0.0737342290677	0.89021792561	0.00673621351976	0.0293116318022
tan-	0.211698276125	0.493732746467	0.114677214498	0.17989176291
dum-	0.235030166658	0.416748949966	0.217648568566	0.13057231481
ale-	0.0108144604786	0.913484316171	0.0757012233502	0.0
bil-	0.144716293597	0.652264445601	0.1811556481	0.0218636127017
kav-	0.0142857142857	0.807142857143	0.178571428571	0.0
aga-	0.164385966067	0.734605789723	0.0772415985135	0.0237666456964
ive-	0.0983213429256	0.84412470024	0.0	0.0575539568345
bif-	0.551546391753	0.251288659794	0.125	0.0721649484536
iob-	0.119205298013	0.629139072848	0.192052980132	0.0596026490066
4-n-	0.362637362637	0.593406593407	0.043956043956	0.0
vut-	0.0892990028278	0.812472094062	0.0535794016967	0.0446495014139
ꞌut-	0.295238095238	0.0285714285714	0.546031746032	0.130158730159
giu-	0.0184119677791	0.926352128884	0.00690448791714	0.04833141542
moꞌ-	0.0852713178294	0.201550387597	0.697674418605	0.015503875969
bel-	0.0734611104749	0.855895395934	0.0442442002619	0.0263992933289
boa-	0.0774193548387	0.529032258065	0.2	0.193548387097
wal-	0.23612458239	0.547113553903	0.187592053741	0.0291698099651
ton-	0.181629066375	0.5080102502	0.192637371475	0.11772331195
ALL	0.2156245587	0.293995715448	0.0555478055438	0.434831920308
noa-	0.0140056022409	0.96918767507	0.0112044817928	0.00560224089637
7-ꞌ-	0.211538461538	0.230769230769	0.0192307692308	0.538461538462
tiu-	0.207547169811	0.754716981132	0.0	0.0377358490566
ven-	0.409672792136	0.374396455911	0.0794178927593	0.136512859194
000-	0.0678292467041	0.186354091719	0.0157012145148	0.730115447062
esi-	0.0	1.0	0.0	0.0
lui-	0.551328920067	0.380990020749	0.0469321213318	0.020748937852
aya-	0.391304347826	0.055900621118	0.27950310559	0.273291925466
ꞌus-	0.344378698225	0.490236686391	0.0917159763314	0.0736686390532
ꞌwe-	0.452401506104	0.426713563473	0.0711805320045	0.0497043984193
saf-	0.262344015309	0.353994286176	0.248985931057	0.134675767458
fua-	0.431034482759	0.362068965517	0.0620689655172	0.144827586207
luf-	0.161662817552	0.794812577722	0.0124356013502	0.0310890033754
dam-	0.249240846436	0.52004006423	0.0596988823352	0.171020206999
luꞌ-	0.549224507111	0.272172674356	0.0502181641408	0.128384654392
ses-	0.36147233855	0.49305708618	0.132245977518	0.0132245977518
nab-	0.0251256281407	0.879955332217	0.0	0.0949190396426
bal-	0.126221581939	0.736242895485	0.024664508999	0.112871013578
ꞌak-	0.43091406652	0.0452477752375	0.0112881543256	0.512550003917
efa-	0.137898058717	0.816199674859	0.0114755666061	0.0344266998183
ꞌov-	0.141361672401	0.778895845732	0.0773260430225	0.00241643884445
die-	0.0	1.0	0.0	0.0
ꞌet-	0.501855267095	0.30592833082	0.135804716113	0.0564116859718
sad-	0.0141581354825	0.985841864518	0.0	0.0
dim-	0.00621761658031	0.981347150259	0.0124352331606	0.0
ama-	0.0	1.0	0.0	0.0
kub-	0.565217391304	0.326086956522	0.0652173913043	0.0434782608696
toꞌ-	0.204986513961	0.634716666539	0.0856339722522	0.0746628472483
lut-	0.309153713299	0.484639137489	0.160674098498	0.0455330507144
dad-	0.75	0.15625	0.0	0.09375
tas-	0.00816326530612	0.991836734694	0.0	0.0
vaꞌ-	0.436418961031	0.173704865746	0.0437887766958	0.346087396527
ꞌad-	0.0955116488641	0.0644844532963	0.0112173833556	0.828786514484
set-	0.0	1.0	0.0	0.0
ele-	0.0	1.0	0.0	0.0
ais-	0.0196624472574	0.958734177215	0.0123206751055	0.00928270042195
lod-	0.167037861915	0.80846325167	0.00668151447662	0.0178173719376
vea-	0.19032385994	0.686737081088	0.0703917306383	0.0525473283336
fut-	0.0	1.0	0.0	0.0
sib-	0.712622513855	0.188169654081	0.0526658861572	0.0465419459063
wau-	0.0819098052614	0.851808537664	0.012417544874	0.0538641122003
keb-	0.0838692828117	0.0357135561777	0.0139476744106	0.8664694866
muk-	0.16820702403	0.787430683919	0.0	0.0443622920517
lot-	0.175471698113	0.647169811321	0.177358490566	0.0
eki-	0.0	1.0	0.0	0.0
lus-	0.265174901141	0.568954378804	0.0654752842324	0.100395435823
lei-	0.4356075737	0.493708556363	0.00998641847088	0.060697451466
sus-	0.449878663431	0.38211685645	0.120589882397	0.0474145977227
bew-	0.549523337873	0.370310758945	0.0349758573727	0.0451900458091
bla-	0.102285735386	0.130891276787	0.0214172297921	0.745405758035
fam-	0.0234899328859	0.96644295302	0.0	0.0100671140939
fef-	0.0350877192982	0.964912280702	0.0	0.0
yat-	0.442022509674	0.297194561032	0.041106236989	0.219676692304
ves-	0.380655254304	0.300561034591	0.186722937244	0.13206077386
vuy-	0.638010320684	0.078213573238	0.0607397487323	0.223036357345
kwa-	0.238307726544	0.552036731035	0.0689319870169	0.140723555403
lav-	0.0546940252798	0.742204465728	0.063199509995	0.139901998998
sam-	0.0201999381635	0.9599093064	0.00432855817789	0.0155621972586
nik-	0.250064794308	0.0969044082938	0.0188757666928	0.634155030706
lit-	0.136585365854	0.843902439024	0.0195121951219	0.0
fab-	0.0432432432432	0.913513513514	0.0	0.0432432432433
yao-	0.614379084967	0.225490196078	0.0571895424836	0.102941176471
mas-	0.0672750769579	0.884522003824	0.0259956122614	0.022207306957
bag-	0.623696682464	0.302369668247	0.0284360189573	0.0454976303317
ega-	0.0671568946443	0.136429723342	0.00768745608189	0.788725925932
saꞌ-	0.219365763547	0.635006157636	0.0369458128079	0.10868226601
lib-	0.146750524109	0.761768629693	0.0914808461978	0.0
may-	0.611320754717	0.2	0.11320754717	0.0754716981132
fov-	0.0843890156582	0.532614682509	0.363521913604	0.0194743882288
iel-	0.0163082390251	0.951735034693	0.000824689710497	0.0311320365713
fat-	0.226591111691	0.110345277652	0.165153700342	0.497909910315
ꞌea-	0.0363636363636	0.854545454545	0.0	0.109090909091
uya-	0.0	1.0	0.0	0.0
ned-	0.0	1.0	0.0	0.0
maꞌ-	0.297529832114	0.140144869646	0.174884610638	0.387440687602
aia-	0.409029950827	0.456861868574	0.134108180599	0.0
gam-	0.230582524272	0.757281553398	0.0121359223301	0.0
gad-	0.469026548673	0.318584070796	0.185840707965	0.0265486725664
sem-	0.0	1.0	0.0	0.0
afi-	0.0	1.0	0.0	0.0
kud-	0.201793721973	0.548579970105	0.0224215246637	0.227204783259
sof-	0.516314779271	0.397312859885	0.0575815738964	0.0287907869482
lik-	0.193408328399	0.626274587198	0.180317084402	0.0
ꞌiy-	0.48590504451	0.389960435213	0.0914935707221	0.0326409495549
ose-	0.0338983050847	0.898305084746	0.0677966101695	0.0
nub-	0.735294117647	0.0529411764706	0.105882352941	0.105882352941
buk-	0.297183847222	0.629792084484	0.0232955919593	0.0497284763349
kek-	0.409871244635	0.166666666667	0.256080114449	0.167381974249
los-	0.16133162612	0.81562099872	0.0230473751601	0.0
ago-	0.0877192982456	0.912280701754	0.0	0.0
dai-	0.0680070963927	0.921348314607	0.0	0.0106445890006
nuv-	0.0	0.947826086956	0.0521739130435	0.0
ꞌay-	0.0803964757709	0.82342143906	0.0580029368576	0.0381791483113
kal-	0.187445523083	0.67443034229	0.0689864968717	0.0691376377562
aba-	0.0346214084605	0.714512661729	0.0603884911941	0.190477438616
boe-	0.0117647058823	0.952941176471	0.0352941176471	0.0
kil-	0.476613005696	0.372426947138	0.0324076150403	0.118552432126
wan-	0.205198358413	0.726402188783	0.016415868673	0.0519835841313
tob-	0.171158376694	0.681535554175	0.0704293590585	0.0768767100725
ꞌiw-	0.134573304158	0.468271334792	0.351203501094	0.0459518599562
fay-	0.519443655975	0.260289525972	0.191881918819	0.0283848992336
emw-	0.342319212666	0.452289259735	0.0949935815147	0.110397946085
sim-	0.148127702641	0.802189713865	0.0276014352747	0.0220811482197
ovu-	0.0482392667631	0.712976362759	0.200192957067	0.0385914134105
alu-	0.498421706846	0.167644015268	0.0834835694716	0.250450708415
eas-	0.0	1.0	0.0	0.0
ieu-	0.171484248133	0.512828840533	0.0389736927574	0.276713218577
ꞌuw-	0.359442147085	0.507216411254	0.0927592637639	0.0405821778967
ꞌiꞌ-	0.470686634441	0.28100018585	0.103498434692	0.144814745017
kel-	0.0515332533096	0.868457049063	0.00633739588617	0.0736723017408
let-	0.29729033919	0.613460341979	0.0364720774066	0.0527772414237
wag-	0.423798935723	0.42148642776	0.0239540919174	0.1307605446
sav-	0.602110157368	0.171673819742	0.0938841201717	0.132331902718
aso-	0.0229007633588	0.899236641221	0.0	0.0778625954198
iga-	0.0859388055699	0.849577618783	0.0176828818045	0.0468006938426
gav-	0.152636925567	0.61213175158	0.0129134454794	0.222317877374
iul-	0.0	0.976387249115	0.0	0.0236127508854
gom-	0.0	0.970443349754	0.0	0.0295566502463
bav-	0.503664518034	0.217825102359	0.110024249054	0.168486130553
ꞌon-	0.449244769678	0.448963317384	0.0694248991462	0.0323670137912
usa-	0.0	1.0	0.0	0.0
sif-	0.153770522043	0.796401128458	0.0196411983556	0.0301871511431
bol-	0.134111611517	0.123040895911	0.0325536799059	0.710293812666
eꞌe-	0.11505092418	0.107129385138	0.0226329686911	0.755186721992
kiu-	0.0604026845638	0.671140939597	0.201342281879	0.0671140939597
idu-	0.0	0.932584269663	0.0674157303371	0.0
efe-	0.0328767123287	0.881164383562	0.0339041095891	0.0520547945205
yue-	0.393856992704	0.55302413657	0.0362763019596	0.0168425687669
ait-	0.0519353301299	0.30729188117	0.00385933920944	0.636913449491
asa-	0.0	1.0	0.0	0.0
naf-	0.0	0.979452054795	0.0205479452055	0.0
yab-	0.530678538606	0.233668561784	0.0568757550199	0.17877714459
uvi-	0.111266108675	0.840906071476	0.0221425091891	0.0256853106594
nao-	0.0	1.0	0.0	0.0
mew-	0.134228187919	0.825503355705	0.0	0.0402684563758
mes-	0.0242522231205	0.97574777688	0.0	0.0
wak-	0.122250478654	0.774491749609	0.0352231040178	0.068034667719
fei-	0.0736842105263	0.778947368421	0.0421052631579	0.105263157895
dib-	0.114265309766	0.336279235851	0.343242278165	0.206213176218
ꞌin-	0.46488024976	0.304996304345	0.179156508213	0.0509669376813
tom-	0.0685075848513	0.4939819274	0.0418472109043	0.395663276844
ade-	0.0	1.0	0.0	0.0
fud-	0.0487804878049	0.951219512195	0.0	0.0
kuf-	0.392045454545	0.403409090909	0.0681818181818	0.136363636364
lua-	0.63477546628	0.218711180883	0.0310154648976	0.115497887939
luk-	0.524483420458	0.12817809776	0.026299468495	0.321039013286
nat-	0.103006107094	0.753751942897	0.0235387637027	0.119703186306
dol-	0.10650887574	0.355029585799	0.538461538462	0.0
biu-	0.585657370518	0.402390438247	0.011952191235	0.0
yol-	0.0	1.0	0.0	0.0
ꞌan-	0.192033385643	0.216227016375	0.0270229832086	0.564716614774
faꞌ-	0.271325852391	0.364473920317	0.226226316944	0.137973910348
lak-	0.400683847504	0.102262410608	0.071692431876	0.425361310012
vag-	0.520354871862	0.16040820929	0.0806714820314	0.238565436817
260-	0.05	0.075	0.0166666666666	0.858333333333
vov-	0.499449015651	0.287053436072	0.0458874820956	0.167610066181
kol-	0.222972021857	0.389625180755	0.337900380919	0.0495024164687
vat-	0.305849783341	0.500361097737	0.159484833895	0.0343042850265
tub-	0.264927896583	0.495227159577	0.148716354856	0.0911285889832
suy-	0.316254416961	0.662544169611	0.0	0.0212014134276
iuf-	0.00834492350487	0.991655076495	0.0	0.0
kog-	0.593204017059	0.406795982941	0.0	0.0
med-	0.14	0.58	0.24	0.04
ume-	0.549668874172	0.350993377483	0.0596026490066	0.0397350993378
