-eus	0.00245499181669	0.980360065466	0.0171849427169	0.0
-eum	0.0	1.0	0.0	0.0
-hem	0.0	1.0	0.0	0.0
-rba	0.0	1.0	0.0	0.0
-lem	0.0224842497266	0.960500031636	0.000542333661747	0.0164733849756
-len	0.0686495197354	0.857420228242	0.015842196862	0.0580880551607
-oya	0.0416989397869	0.89497882567	0.0218715027314	0.041450731812
-leo	0.0	1.0	0.0	0.0
-oyu	0.106790189953	0.590146863442	0.27146396639	0.0315989802147
-aub	0.363009854866	0.357109145512	0.111404359434	0.168476640188
-bta	0.0	1.0	0.0	0.0
-mul	0.0	1.0	0.0	0.0
-aum	0.00811907983761	0.989174560217	0.0	0.00270635994587
-aul	0.0	1.0	0.0	0.0
-aun	0.256366441083	0.595349201246	0.0408614710691	0.107422886602
-put	0.5	0.5	0.0	0.0
-hon	0.0	1.0	0.0	0.0
-pus	0.0527472527472	0.934065934066	0.0131868131868	0.0
ALL	0.230321503719	0.278175140953	0.052330979344	0.439172375984
-oil	0.75	0.25	0.0	0.0
-pak	0.0566037735849	0.905660377359	0.0	0.0377358490566
-pua	0.0	1.0	0.0	0.0
-nts	0.444444444444	0.555555555556	0.0	0.0
-iod	0.0108108108108	0.989189189189	0.0	0.0
-nme	0.535000181664	0.198637198361	0.0683260271986	0.198036592777
-nmo	0.30308163582	0.210001908859	0.273325499311	0.21359095601
-nmi	0.242888123485	0.405026151295	0.244929200153	0.107156525067
-sis	0.0	1.0	0.0	0.0
-opi	0.0	0.978181818182	0.0	0.0218181818182
-sma	0.0	1.0	0.0	0.0
-opa	0.0	0.990970654628	0.0	0.00902934537246
-gke	0.531830058846	0.304114033575	0.0515231869424	0.112532720636
-dea	0.014028219558	0.970475491395	0.00391485196966	0.0115814370769
-deb	0.188752111996	0.478638667632	0.228336953898	0.104272266474
-gka	0.118123043768	0.0964697147307	0.0477389573055	0.737668284196
-dee	0.23779056024	0.0693074462132	0.00580591026708	0.68709608328
-gko	0.231162107533	0.520188074985	0.0544508889338	0.194198928549
-dek	0.123707984048	0.84536501994	0.00976641979329	0.0211605762188
-gki	0.12795834361	0.771091534922	0.0375656297882	0.0633844916801
-dem	0.16240415103	0.557805918371	0.0523642334881	0.227425697111
-den	0.0445189085687	0.931865326312	0.0178713898197	0.00574437529919
-gku	0.0389610389611	0.777365491651	0.0	0.183673469388
-oko	0.53926233064	0.290573256189	0.0638786042869	0.106285808884
-des	0.0	1.0	0.0	0.0
-ime	0.496952674064	0.261284766336	0.0693213981054	0.172441161494
-aka	0.353804848877	0.482209154561	0.0469688286448	0.117017167917
-imi	0.0902777777778	0.756944444445	0.145833333333	0.00694444444445
-oka	0.409936697962	0.157610375518	0.0345036221081	0.397949304412
-imo	0.113424843694	0.161482451795	0.146150282739	0.578942421771
-mre	0.0746268656717	0.925373134328	0.0	0.0
-obi	0.466768812697	0.368737532884	0.0922205197884	0.0722731346304
-obo	0.0226352156302	0.895163211818	0.0822015725518	0.0
-let	0.0212765957447	0.941434525115	0.0296117569643	0.00767712217591
-oba	0.307298335467	0.641485275288	0.0512163892446	0.0
-svi	0.0	1.0	0.0	0.0
-ida	0.152603042586	0.759751539717	0.0368479233563	0.0507974943412
-bid	0.0511176285397	0.879662308827	0.0245232059121	0.0446968567216
-bib	0.116429115255	0.747887134958	0.0119319074561	0.123751842331
-bia	0.187558750346	0.499861763893	0.00597179983412	0.306607685928
-bin	0.302142857143	0.533571428571	0.0	0.164285714286
-bik	0.0892086677497	0.233664036963	0.123608009241	0.553519286047
-lat	0.0	1.0	0.0	0.0
-rid	0.589846653407	0.283190838237	0.0340078147384	0.0929546936182
-uta	0.0	1.0	0.0	0.0
-rib	0.554132969746	0.252267674059	0.0442842713363	0.149315084858
-ria	0.0124830958078	0.946426713825	0.0182045147196	0.0228856756476
-rin	0.165934894124	0.385510417426	0.277281015243	0.171273673206
-ril	0.0	0.94	0.06	0.0
-rim	0.0759628154051	0.585391766268	0.301992031872	0.0366533864542
-rik	0.0368620037807	0.118147448015	0.810964083176	0.0340264650283
-rit	0.010582010582	0.989417989418	0.0	0.0
-ris	0.0299251870324	0.955112219451	0.0	0.0149625935162
-sib	0.0	1.0	0.0	0.0
-tel	0.0136363636364	0.986363636364	0.0	0.0
-sia	0.00601805416249	0.98987872709	0.00109419166591	0.00300902708124
-ten	0.0528581566931	0.837073686748	0.0329401052476	0.0771280513116
-are	0.548116473996	0.230994937682	0.0461884224965	0.174700165825
-duk	0.268235011787	0.692762461356	0.0154152373692	0.0235872894874
-ara	0.18103654393	0.271899063166	0.150941138685	0.396123254219
-mes	0.0	0.939799331104	0.0602006688963	0.0
-mer	0.0	1.0	0.0	0.0
-aro	0.293787257503	0.031682038677	0.00478580644667	0.669744897373
-ari	0.105828378894	0.0988757172374	0.0563125714992	0.73898333237
-dum	0.0	0.857142857143	0.0	0.142857142857
-med	0.314049586777	0.264462809917	0.421487603306	0.0
-luk	0.0238095238095	0.97619047619	0.0	0.0
-mea	0.0	0.808	0.192	0.0
-dun	0.714285714286	0.285714285714	0.0	0.0
-lun	0.0	1.0	0.0	0.0
-bka	0.397559960338	0.218350173894	0.065350083609	0.318739782159
-mem	0.463142745634	0.196946043516	0.0525661040102	0.28734510684
-gyu	0.0235767229144	0.946459548967	0.00386374388897	0.0260999842296
-men	0.197431953533	0.357441662871	0.0839836061298	0.361142777466
-lud	0.0	1.0	0.0	0.0
-mek	0.0	1.0	0.0	0.0
-aye	0.448039073191	0.152116144566	0.00510079555956	0.394743986683
-aya	0.0786548785656	0.498976869627	0.036897196361	0.385471055446
-goo	0.130699088146	0.723404255319	0.0911854103343	0.0547112462005
-nwi	0.548571428571	0.417142857143	0.0	0.0342857142857
-rai	0.248255514448	0.645202079333	0.014517866342	0.0920245398774
-ayi	0.18939292325	0.529414920729	0.0997934383132	0.181398717708
-tyu	0.0111940298508	0.985074626866	0.0	0.00373134328358
-num	0.482108570431	0.383138418572	0.021644266015	0.113108744982
-fos	0.0	1.0	0.0	0.0
-iwi	0.0	0.245228528378	0.745228528378	0.0095429432446
-nuk	0.399685677654	0.125041358203	0.0778826667769	0.397390297366
-wum	0.405063291139	0.544303797468	0.0253164556962	0.0253164556961
-iwo	0.469753275058	0.328806537792	0.0476259636869	0.153814223463
-sra	0.0	1.0	0.0	0.0
-ubi	0.225059216943	0.46788351679	0.164100599136	0.142956667131
-oob	0.070509261402	0.0445072607339	0.235035549702	0.649947928162
-dai	0.0	1.0	0.0	0.0
-ube	0.380838478797	0.227234800022	0.0432033524318	0.348723368749
-umu	0.454908088539	0.409906960622	0.109435436394	0.0257495144456
-ota	0.0	1.0	0.0	0.0
-oti	0.0282793383345	0.951558321698	0.00354970774073	0.0166126322266
-eba	0.0	0.975609756098	0.0243902439025	0.0
-ume	0.671328671329	0.192307692308	0.0734265734266	0.0629370629371
-kbe	0.466213237609	0.198202027836	0.0277095534983	0.307875181057
-uma	0.148148148148	0.830687830688	0.021164021164	0.0
-umo	0.277547638774	0.433581883458	0.0764982049158	0.212372272853
-sup	0.32044198895	0.67955801105	0.0	0.0
-umi	0.415821501014	0.474645030426	0.0973630831642	0.0121703853955
-kbi	0.401310599222	0.404587097279	0.0496094499605	0.144492853538
-ako	0.476908721664	0.242022064877	0.0924309786486	0.18863823481
-nak	0.0976744186047	0.651162790698	0.195348837209	0.0558139534884
-kia	0.190679191878	0.692191976427	0.0383415736488	0.0787872580465
-nai	0.0	1.0	0.0	0.0
-nan	0.331138756002	0.510289376203	0.0706426277054	0.0879292400895
-nao	0.280424041828	0.607425528853	0.0671559456996	0.0449944836187
-aki	0.205970149254	0.650746268657	0.107462686567	0.0358208955224
-nam	0.259967608397	0.289123712811	0.0704285938332	0.380480084959
-nab	0.229340645644	0.684407328929	0.0638165274834	0.0224354979434
-kii	0.623794602154	0.027523968955	0.000138395361376	0.348543033529
-naa	0.337101723083	0.327034192101	0.174971110054	0.160892974762
-kin	0.0527754188005	0.780679367577	0.029182126032	0.13736308759
-kim	0.0948858153747	0.708394982309	0.162624638147	0.0340945641685
-kis	0.0215053763441	0.956989247312	0.0215053763441	0.0
-kir	0.0	1.0	0.0	0.0
-lki	0.0	1.0	0.0	0.0
-sio	0.0	1.0	0.0	0.0
-sin	0.0326530612245	0.89387755102	0.0734693877551	0.0
-sim	0.0	1.0	0.0	0.0
-kit	0.0	1.0	0.0	0.0
-nas	0.0148576145275	0.972761040033	0.00247626908791	0.00990507635165
-aku	0.0	1.0	0.0	0.0
-oab	0.0	1.0	0.0	0.0
-nat	0.0	1.0	0.0	0.0
-dya	0.166142227816	0.697215229704	0.0121145374449	0.124528005035
-wuk	0.774566473988	0.225433526012	0.0	0.0
-mot	0.0968163641956	0.857736081206	0.0193786527222	0.0260689018764
-mos	0.0	1.0	0.0	0.0
-mor	0.0	1.0	0.0	0.0
-msa	0.038961038961	0.493506493506	0.0	0.467532467532
-gon	0.0	1.0	0.0	0.0
-god	0.0205577766127	0.857370735466	0.011026489591	0.111044998331
-gog	0.0	1.0	0.0	0.0
-wud	0.344428364689	0.534008683068	0.0607814761215	0.0607814761216
-wod	0.389384687647	0.43494598403	0.0563644903711	0.119304837952
-mod	0.0699665457164	0.558146053683	0.0501933914922	0.321694009109
-mob	0.0712122149897	0.751760702256	0.0414677045749	0.13555937818
-moo	0.231320368475	0.475946775845	0.18065506653	0.11207778915
-mon	0.018852728329	0.975375555252	0.00370873344177	0.00206298297698
-mom	0.0	1.0	0.0	0.0
-lka	0.0	1.0	0.0	0.0
-mok	0.359633257156	0.488577280598	0.0274124028844	0.124377059362
-yas	0.0	1.0	0.0	0.0
-ber	0.0	1.0	0.0	0.0
-mfa	0.0425531914894	0.957446808511	0.0	0.0
-bet	0.0211118930331	0.970443349754	0.0	0.00844475721323
-sub	0.0	1.0	0.0	0.0
-eon	0.0624571036376	0.897735072066	0.00823610157858	0.0315717227179
-sva	0.0	1.0	0.0	0.0
-yaa	0.0287443932137	0.00962119622921	0.00497044470642	0.956663965851
-beo	0.129844335758	0.759974180094	0.0347575659773	0.0754239181707
-bel	0.0205303678358	0.979469632164	0.0	0.0
-yab	0.381651376147	0.387155963303	0.0495412844037	0.181651376147
-beb	0.589928057554	0.151079136691	0.129496402878	0.129496402878
-bea	0.0	0.853658536585	0.146341463415	0.0
-bed	0.114626113116	0.286240388788	0.0283446456676	0.570788852428
-rek	0.308136949756	0.620246035275	0.00155624722099	0.0700607677486
-ded	0.211320985479	0.133445348297	0.0233396863484	0.631893979875
-ren	0.139763694407	0.100226345211	0.0276333505801	0.732376609802
-isi	0.0470723306544	0.876004592423	0.060849598163	0.0160734787601
-rem	0.0730243519245	0.139555340252	0.05387816957	0.733542138254
-reb	0.0680346482134	0.142242429717	0.0571174698368	0.732605452233
-rea	0.0518999073216	0.880444856349	0.00463392029657	0.0630213160333
-red	0.419329196231	0.422969612782	0.0856213377098	0.0720798532779
-ama	0.177762139338	0.792681210415	0.00506685432794	0.0244897959184
-eva	0.0135239567233	0.986476043277	0.0	0.0
-lus	0.10310421286	0.833702882483	0.0166297117517	0.0465631929047
-res	0.0425688976378	0.864788385827	0.0467519685039	0.0458907480315
-ret	0.00682982356289	0.97609561753	0.0170745589072	0.0
-reu	0.0	1.0	0.0	0.0
-hab	0.0067264573991	0.993273542601	0.0	0.0
-had	0.0	1.0	0.0	0.0
-ame	0.30193092267	0.23894005236	0.0574359792157	0.401693045755
-mas	0.0429421768708	0.948129251701	0.0	0.00892857142857
-mar	0.0	1.0	0.0	0.0
-ham	0.0190330786059	0.945544247322	0.0225073707323	0.0129153033397
-han	0.0	1.0	0.0	0.0
-mak	0.0682451253481	0.906685236769	0.0	0.025069637883
-has	0.0	1.0	0.0	0.0
-hat	0.0	1.0	0.0	0.0
-jud	0.0588235294118	0.875	0.0661764705882	0.0
-man	0.193501394764	0.481887678534	0.047526652844	0.277084273858
-maa	0.0714804557857	0.110927269943	0.0877249558274	0.729867318443
-mab	0.330717488789	0.584080717489	0.0717488789237	0.0134529147982
-mad	0.0861327055342	0.857109326657	0.0209108302453	0.0358471375634
-uni	0.386807414644	0.369336564447	0.189553015212	0.0543030056967
-une	0.240730301352	0.163771935706	0.053891758365	0.541606004576
-ung	0.0991807073696	0.674054391368	0.205024457999	0.0217404432635
-una	0.268953264563	0.182091761394	0.0401244735186	0.508830500525
-eor	0.0	1.0	0.0	0.0
-nka	0.676121632711	0.168678640323	0.0524036515097	0.102796075456
-nki	0.0523499971236	0.848990392913	0.0173541199256	0.0813054900382
-iri	0.107198765045	0.343682421491	0.0476012942608	0.501517519203
-dka	0.323629071295	0.462692759837	0.1223981744	0.0912799944679
-gab	0.493023255814	0.33023255814	0.106976744186	0.0697674418604
-gaa	0.0710059171597	0.840236686391	0.0355029585799	0.0532544378698
-dke	0.558023042244	0.236266488562	0.117214893972	0.0884955752213
-gam	0.0	0.94675962605	0.0532403739503	0.0
-dki	0.0711988894927	0.817433376815	0.0699973740986	0.041370359594
-gai	0.0	1.0	0.0	0.0
-adi	0.059866962306	0.758314855876	0.181818181818	0.0
-144	0.0	0.106995884774	0.0	0.893004115226
-gas	0.0	1.0	0.0	0.0
-gar	0.0238095238095	0.797619047619	0.0	0.178571428571
-lam	0.0	1.0	0.0	0.0
-ben	0.453400518114	0.0469617266471	0.0164639608008	0.483173794438
-ini	0.335955576122	0.259323549304	0.0589847586064	0.345736115968
-sem	0.0	0.970149253731	0.0	0.0298507462687
-sel	0.0	0.946774193548	0.0	0.0532258064516
-sek	0.00236158488586	0.99606402519	0.00157438992391	0.0
-lpa	0.0	0.941176470588	0.0	0.0588235294118
-sef	0.0559689207875	0.906696516758	0.00553104628958	0.0318035161651
-see	0.0	1.0	0.0	0.0
-ofi	0.278803309994	0.667091024825	0.0330999363463	0.0210057288351
-ine	0.452765025491	0.150318972079	0.0350866510016	0.361829351428
-sea	0.00879765395893	0.985337243402	0.0	0.00586510263929
-ing	0.13538150216	0.694381654666	0.0637733513693	0.106463491804
-yam	0.0397111913357	0.884476534296	0.0	0.0758122743682
--mo	0.290889132821	0.362239297475	0.0768386388584	0.270032930845
-kni	0.316494256889	0.503058904975	0.106843522581	0.0736033155556
--mi	0.459016393443	0.295081967213	0.016393442623	0.229508196721
-uin	0.00254668930391	0.984719864177	0.0	0.0127334465195
-kna	0.330708661417	0.0157480314961	0.653543307087	0.0
-ses	0.0250872060313	0.949313604141	0.00897940812422	0.0166197817036
-ser	0.0	0.985632183908	0.0	0.0143678160919
-kne	0.305064942652	0.270288493369	0.0802533444979	0.344393219481
-aos	0.409090909091	0.311004784689	0.27990430622	0.0
-rsa	0.0	1.0	0.0	0.0
-kuu	0.329045482344	0.0111789867687	0.000801079384526	0.658974451503
-eda	0.17142745434	0.673317492674	0.0679240856817	0.0873309673051
-kus	0.0233075815111	0.973549823229	0.00157129762996	0.00157129762996
-ood	0.168040425463	0.48655162441	0.166056107201	0.179351842925
-ook	0.320057500423	0.608278369694	0.052638254693	0.0190258751903
-edi	0.119764276686	0.132996670416	0.0170998682688	0.73013918463
-oom	0.0283074634464	0.146234326066	0.00856511778664	0.816893092701
-nes	0.0216294160058	0.956020187455	0.0115356885364	0.0108147080029
-oon	0.489396726931	0.172162089224	0.0759430689277	0.262498114918
-nen	0.393895300551	0.0641299075791	0.0148498076502	0.52712498422
-iat	0.0	1.0	0.0	0.0
-oos	0.0311179408375	0.895121014214	0.0115251632732	0.0622358816749
-nem	0.296517956818	0.460030850615	0.16805247384	0.0753987187267
-fus	0.0	1.0	0.0	0.0
-ias	0.0346753997303	0.923136197264	0.0190714698517	0.0231169331536
-nub	0.0341828696342	0.0451178124843	0.00510028621626	0.915599031665
-kun	0.211906365113	0.5136055769	0.0602051728918	0.214282885095
-kum	0.492384845105	0.348893065636	0.0584394081872	0.100282681072
-neb	0.499121949742	0.263796914325	0.135705476942	0.101375658991
-kui	0.332860300106	0.0566989469347	0.00340825341652	0.607032499543
-nea	0.0	1.0	0.0	0.0
-ban	0.225203187905	0.188258017063	0.0951521368273	0.491386658205
-eka	0.151989925097	0.128554741476	0.215453642614	0.504001690813
-uun	0.389990188334	0.284851703623	0.054867174202	0.27029093384
-ner	0.0	1.0	0.0	0.0
-non	0.0917914205924	0.459392024905	0.392276701918	0.0565398525844
-uuk	0.0705958028464	0.825922650157	0.0180107743025	0.0854707726944
-bai	0.258064516129	0.370967741935	0.0	0.370967741935
-uud	0.0435487835562	0.397707126817	0.531823023428	0.0269210661984
-bad	0.102617690839	0.862018674164	0.0205235381678	0.014840096829
-noo	0.468866912047	0.33102442982	0.0644303066264	0.135678351507
-bab	0.323805400489	0.289170273615	0.0961042659797	0.290920059916
-hoo	0.0	1.0	0.0	0.0
-uub	0.395720352914	0.221507269466	0.0580842470299	0.32468813059
-hor	0.144827586207	0.855172413793	0.0	0.0
-hos	0.151515151515	0.848484848485	0.0	0.0
-mki	0.325109993715	0.492614707731	0.106851037084	0.0754242614708
-aad	0.810011721742	0.0797004026225	0.0282853044374	0.0820025711979
-bat	0.000758389685898	0.994944068761	0.00101118624787	0.00328635530557
-bas	0.0238265558796	0.967919440929	0.00577780223408	0.00247620095746
-mke	0.521210128247	0.205853337718	0.162775402828	0.110161131207
-dru	0.00338983050847	0.996610169492	0.0	0.0
-ase	0.0	1.0	0.0	0.0
-nya	1.0	0.0	0.0	0.0
-mbu	0.0617042115573	0.903036238981	0.0293829578844	0.00587659157688
-asa	0.0	0.777027027027	0.0135135135135	0.209459459459
-aso	0.0448343079922	0.893325267191	0.0352893728575	0.0265510519594
-ask	0.307692307692	0.692307692308	0.0	0.0
-nyo	0.275229357798	0.669724770642	0.0	0.0550458715596
-mba	0.151685393258	0.780898876405	0.00842696629215	0.0589887640449
-yem	0.594806467418	0.178833904948	0.0293973542381	0.196962273395
-mbe	0.162882937235	0.697415416814	0.0199390009896	0.119762644961
-yen	0.329640361343	0.194818476223	0.10039202318	0.375149139254
-mbi	0.160176951739	0.683654231551	0.125439781482	0.0307290352271
-lta	0.0	1.0	0.0	0.0
-yeb	0.206666225779	0.185569737451	0.193108921368	0.414655115402
-yee	0.476626947754	0.24106324473	0.0678276810266	0.21448212649
-mbo	0.0644228204686	0.391557733559	0.0125362593738	0.531483186598
-dia	0.172072907013	0.170522438083	0.0213918081615	0.636012846743
-rat	0.0	1.0	0.0	0.0
-rar	0.0	1.0	0.0	0.0
-ras	0.0	1.0	0.0	0.0
-ran	0.126307479771	0.781922241958	0.0740082889283	0.0177619893428
-eri	0.168425534647	0.665364942434	0.0269138918246	0.139295631094
-iwa	0.476068772546	0.32023978353	0.0749125928563	0.128778851068
-ram	0.0508362848173	0.830715171558	0.112348189446	0.00610035417807
-rak	0.0730393697374	0.425221339633	0.428916654927	0.0728226357026
-iwe	0.435673461944	0.231579713029	0.056320019465	0.276426805562
-ero	0.022633744856	0.954732510288	0.0226337448559	0.0
-era	0.291036977492	0.585249196142	0.0490353697749	0.0746784565917
-rad	0.0508305346283	0.909231188164	0.0163383861305	0.0235998910774
-rab	0.493153662247	0.165398826342	0.0656379048033	0.275809606607
-ere	0.271174944129	0.143988920889	0.0370104782714	0.54782565671
-raa	0.0	1.0	0.0	0.0
-gem	0.141176470588	0.717647058823	0.141176470588	0.0
-vet	0.0	1.0	0.0	0.0
-pot	0.3	0.7	0.0	0.0
-240	0.0952380952381	0.304761904762	0.142857142857	0.457142857143
-ike	0.0	1.0	0.0	0.0
-ika	0.166272774876	0.082354908781	0.0521908281285	0.699181488214
-iko	0.077519379845	0.90180878553	0.0206718346254	0.0
-aat	0.0666319625195	0.723060905778	0.0229047371161	0.187402394586
-nos	0.0	1.0	0.0	0.0
-lah	0.28	0.6	0.12	0.0
-lai	0.0	1.0	0.0	0.0
-fon	0.0	1.0	0.0	0.0
-lak	0.0746113989638	0.925388601036	0.0	0.0
-aam	0.207317073171	0.719512195122	0.0731707317072	0.0
-aal	0.0	0.945701357466	0.054298642534	0.0
-iku	0.490756302521	0.327731092437	0.100840336134	0.0806722689076
-aan	0.415230982814	0.237124374886	0.0544621947488	0.293182447551
-iks	0.0417794970986	0.912572533849	0.0294003868472	0.016247582205
-nom	0.0378787878788	0.943181818182	0.0189393939394	0.0
-aak	0.0706517974648	0.902334279975	0.0187019463877	0.00831197617233
-las	0.00810673872657	0.96250633339	0.0101334234082	0.0192535044756
-noa	0.0	1.0	0.0	0.0
-nob	0.0857615684791	0.747940391484	0.107123817408	0.059174222629
-ged	0.0	1.0	0.0	0.0
-nod	0.48106501859	0.348907288695	0.0983893581847	0.0716383345308
-aab	0.451537006847	0.322472409499	0.122235571192	0.103755012461
-bod	0.117806593779	0.548605814052	0.206373421476	0.127214170692
-mya	0.70796460177	0.29203539823	0.0	0.0
-myu	0.0	1.0	0.0	0.0
-bob	0.422572474964	0.27907267525	0.1232	0.175154849785
-bon	0.144195778047	0.68064392011	0.0856721133576	0.0894881884855
-bok	0.396838867373	0.46859425445	0.0667116251588	0.0678552530186
-bot	0.0920035216659	0.71943557203	0.0552241011562	0.133336805148
-dod	0.273170098071	0.463921543158	0.0479963629278	0.214911995843
-dob	0.104905346679	0.612368306229	0.20335246434	0.0793738827518
-bor	0.0	0.5	0.5	0.0
-don	0.198752683775	0.383396380738	0.313158163787	0.1046927717
-doo	0.584259229866	0.222969112092	0.0522205644265	0.140551093616
-dom	0.0441314949895	0.72565389102	0.200137735239	0.0300768787508
-dok	0.421118546788	0.399475982007	0.061998768668	0.117406702537
-get	0.0	1.0	0.0	0.0
-sar	0.0	1.0	0.0	0.0
-tod	0.118913435528	0.824247889171	0.0013320763997	0.0555065989016
-dde	0.647111111111	0.251555555556	0.0853333333333	0.016
-sat	0.0	1.0	0.0	0.0
-ter	0.0	1.0	0.0	0.0
-ddi	0.28	0.63	0.06	0.03
-tom	0.579365079365	0.255555555556	0.0867724867725	0.0783068783068
-tok	0.107142857143	0.892857142857	0.0	0.0
-oot	0.0327868852459	0.967213114754	0.0	0.0
-lfa	1.0	0.0	0.0	0.0
-ges	0.0253164556962	0.949367088608	0.0253164556962	0.0
-saa	0.0815647107782	0.8784852268	0.0224719101124	0.0174781523096
-ibo	0.512306811677	0.359854989506	0.0133562297271	0.11448196909
-oks	0.0867579908676	0.849315068493	0.0182648401826	0.0456621004566
-sad	0.0	1.0	0.0	0.0
-ibe	0.259016393443	0.465573770492	0.118032786885	0.15737704918
-old	0.00571156592098	0.797239409805	0.194193241314	0.0028557829605
-iba	0.0192181984573	0.949666623088	0.0	0.0311151784547
-sam	0.0	1.0	0.0	0.0
-sal	0.0	1.0	0.0	0.0
-lon	0.0166852057842	0.974972191324	0.00333704115684	0.00500556173527
-ima	0.0625094773562	0.764991691688	0.0215459316654	0.15095289929
-lok	0.0	0.781818181818	0.0311688311688	0.187012987013
-loi	0.0	0.98	0.02	0.0
-loe	0.046511627907	0.906976744186	0.0	0.046511627907
-der	0.0	1.0	0.0	0.0
-rod	0.123594308893	0.590527838675	0.0899287280215	0.195949124411
-rob	0.415730337079	0.274157303371	0.292134831461	0.0179775280899
-rom	0.0548038079559	0.0570630218881	0.0144585359514	0.873674634205
-lot	0.00612557427259	0.990811638591	0.00306278713629	0.0
-los	0.014983143963	0.960669247097	0.00749157198152	0.0168560369584
-rok	0.185669078495	0.38567240508	0.0228020326322	0.405856483793
-ipa	0.02460456942	0.93848857645	0.0	0.03690685413
-mat	0.0769230769231	0.923076923077	0.0	0.0
-oke	0.245614035088	0.754385964912	0.0	0.0
-ewe	0.433629488499	0.360403458112	0.0481192440733	0.157847809316
-ewa	0.121580637599	0.104965123255	0.195771369085	0.577682870061
-ewo	0.471662346835	0.345276172447	0.053225258392	0.129836222326
-ewi	0.385365853659	0.0487804878049	0.263414634146	0.30243902439
-awi	0.439452054795	0.364931506849	0.0815220700153	0.114094368341
-awo	0.0997914514589	0.857329409242	0.00389810357261	0.0389810357261
-sau	0.0147692307692	0.960615384615	0.00553846153847	0.0190769230769
-nga	0.193708734917	0.513963724672	0.191507930485	0.100819609926
-awa	0.142621809745	0.729907192575	0.0717865429234	0.0556844547564
-har	0.0	1.0	0.0	0.0
-awe	0.464426762024	0.236360704288	0.0249343778073	0.27427815588
-mam	0.0	1.0	0.0	0.0
-tia	0.142857142857	0.857142857143	0.0	0.0
-kda	0.173633440514	0.444801714898	0.342979635584	0.0385852090032
-kma	0.499164877118	0.152469577667	0.188021951801	0.160343593414
-ail	0.0	1.0	0.0	0.0
-ain	0.446413280279	0.353315878262	0.055052116894	0.145218724565
-oli	0.0	1.0	0.0	0.0
-eyi	0.233712512927	0.226473629783	0.0124095139607	0.52740434333
-eyo	0.0	0.678571428571	0.0714285714286	0.25
-gbi	0.181415929203	0.758849557522	0.0398230088495	0.0199115044248
-eya	0.201608755943	0.629458651548	0.0530062359907	0.115926356518
-ssp	0.473684210526	0.0263157894737	0.184210526316	0.315789473684
-eye	0.145746710017	0.100921014741	0.0390711351072	0.714261140135
-ibi	0.0709434934099	0.89786512004	0.0212702708285	0.00992111572212
-iok	0.0349599417334	0.944282592862	0.0	0.0207574654042
-lek	0.0183094293561	0.963381141288	0.0183094293561	0.0
-lel	0.0	1.0	0.0	0.0
-ion	0.0109289617486	0.934426229508	0.0546448087431	0.0
-iom	0.392147089771	0.381458714072	0.0969153236971	0.129478872459
-mub	0.0775510204081	0.677551020408	0.244897959184	0.0
-mum	0.0	1.0	0.0	0.0
-lea	0.0102915951973	0.989708404803	0.0	0.0
-mun	0.143814999482	0.202299122072	0.422315715194	0.231570163253
-muk	0.410277401681	0.557164898139	0.0231115589282	0.00944614125131
-leg	0.0	1.0	0.0	0.0
-mus	0.0369201640896	0.945619017566	0.00694225307669	0.0105185652677
-ola	0.0	1.0	0.0	0.0
-ios	0.0	0.931034482759	0.0689655172414	0.0
-oim	0.0	1.0	0.0	0.0
-les	0.037037037037	0.962962962963	0.0	0.0
-oik	0.194594594595	0.432432432432	0.372972972973	0.0
-iot	0.0448229493501	0.941730165845	0.0	0.013446884805
-eem	0.289926289926	0.621621621622	0.029484029484	0.0589680589681
-eel	0.0201748486887	0.899125756557	0.0645595158036	0.0161398789509
-een	0.511034898788	0.195563985037	0.0479577542413	0.245443361933
-eek	0.200793650794	0.607142857143	0.140476190476	0.0515873015873
-bko	0.498713992256	0.300062801016	0.072356990832	0.128866215895
-eed	0.0764540384177	0.757323439961	0.0203993012558	0.145823220365
-alu	0.0	1.0	0.0	0.0
-bke	0.263157894737	0.37969924812	0.312030075188	0.0451127819548
-eeb	0.342877046967	0.376587971353	0.119704706132	0.160830275548
-ndi	0.221463967881	0.533428047257	0.0411607905932	0.203947194269
-ndo	0.48936303893	0.197029319449	0.0822388415664	0.231368800055
-ali	0.0879386513295	0.894556972576	0.0125031257815	0.00500125031257
-nda	0.549599115825	0.294143310033	0.035798423609	0.120459150533
-ald	0.0208333333333	0.715277777778	0.263888888889	0.0
-nde	0.304971990709	0.116062482541	0.0230288716349	0.555936655115
-gia	0.0392156862745	0.823529411765	0.137254901961	0.0
-bde	0.570923734385	0.278024326101	0.0811143984221	0.0699375410913
-rot	0.0	1.0	0.0	0.0
-bda	0.740112359551	0.191460674157	0.0165168539326	0.0519101123596
-wat	0.333333333333	0.47619047619	0.190476190476	0.0
-bdi	0.3280889223	0.387961123342	0.202491542716	0.0814584116416
-obe	0.378804891627	0.176067268963	0.0948489468303	0.35027889258
-yok	0.445417709451	0.440173995948	0.0637587891789	0.0506495054225
-yoi	0.170212765957	0.489361702128	0.0	0.340425531915
-mla	0.0	1.0	0.0	0.0
-yoo	0.42370444855	0.331184758706	0.0369878627093	0.208122930034
-yon	0.0682629827302	0.816605097783	0.0840480377548	0.0310838817316
-yom	0.574370499472	0.377883777462	0.018208503417	0.0295372196487
-yob	0.281568144012	0.539516905569	0.0553647072496	0.123550243169
-yod	0.184476940382	0.757030371204	0.0494938132733	0.0089988751406
-pee	0.0408163265306	0.819727891156	0.139455782313	0.0
-ien	0.0728744939271	0.493927125506	0.433198380567	0.0
-ogi	0.473029045643	0.377593360996	0.0995850622406	0.0497925311204
-iyo	0.171875	0.633680555556	0.0868055555556	0.107638888889
-eli	0.00784497514059	0.973490096992	0.00163012470454	0.0170348031624
-iyi	0.402684563758	0.290139390811	0.090345895715	0.216830149716
-ela	0.0	1.0	0.0	0.0
-iya	0.0435921804182	0.893098560636	0.0214607657444	0.0418484932015
-isa	0.0	0.966981132075	0.0330188679245	0.0
-100	0.200455580866	0.485193621868	0.0683371298405	0.246013667426
-esu	0.0130985333083	0.797459411676	0.00237510052659	0.187066954489
-san	0.0	1.0	0.0	0.0
-esi	0.35461853481	0.596541786744	0.0175944183224	0.0312452601244
-tes	0.0	1.0	0.0	0.0
-eso	0.340510445408	0.609430429641	0.0335041387465	0.0165549862042
-iti	0.0687795551404	0.85272053243	0.00722458987682	0.0712753225524
-tet	0.103778605641	0.831293241086	0.0633315593401	0.00159659393294
-esa	0.00655021834061	0.901746724891	0.0	0.0917030567685
-ita	0.0258212740867	0.931634618806	0.00243980542552	0.0401043016819
-spa	0.0	1.0	0.0	0.0
-faa	0.044776119403	0.861940298508	0.0932835820895	0.0
-bru	0.0227548543689	0.875606796116	0.0667475728156	0.034890776699
-fan	0.0	1.0	0.0	0.0
-666	0.0	0.0	0.0	1.0
-far	0.0	1.0	0.0	0.0
-fas	0.0160246533128	0.898921417565	0.0850539291218	0.0
-uda	0.235362029647	0.34068700114	0.0203534777651	0.403597491448
-fat	0.0	1.0	0.0	0.0
-ude	0.516129032258	0.177154944474	0.0158646218932	0.290851401375
-udi	0.228198337536	0.223211052411	0.409537540941	0.139053069112
-hul	0.0	1.0	0.0	0.0
-hum	0.0	1.0	0.0	0.0
-set	0.0	1.0	0.0	0.0
-abe	0.481392887456	0.405059839315	0.0629028629473	0.0506444102819
-wok	0.477852424398	0.325708653475	0.0881204627921	0.108318459335
-ade	0.458996328029	0.0611995104039	0.46511627907	0.0146878824969
-aba	0.462504129501	0.478031053849	0.0	0.0594648166501
-woo	0.520522044652	0.27481240776	0.0532589329583	0.15140661463
-won	0.148142768963	0.542681819832	0.229476053883	0.0796993573219
-ron	0.0720692195823	0.569767843242	0.0576067293924	0.300556207783
-nud	0.280898876405	0.578651685393	0.0	0.140449438202
-kod	0.176441728915	0.686054029383	0.087584386301	0.049919855401
-aeb	0.12916308359	0.674251622157	0.0483296611779	0.148255633076
-kob	0.284198264542	0.374499391097	0.0622242329629	0.279078111398
-kom	0.0142180094787	0.609004739337	0.255924170616	0.120853080569
-kol	0.0	1.0	0.0	0.0
-ada	0.284946236559	0.476702508961	0.0591397849462	0.179211469534
-sop	0.0	0.892857142857	0.107142857143	0.0
-tun	0.566985179407	0.36866224649	0.0414391575664	0.0229134165367
-oru	0.357203372175	0.36546714629	0.0609366536576	0.216392827877
-kot	0.169307756464	0.616346955797	0.114261884904	0.100083402836
-tur	0.0	1.0	0.0	0.0
-son	0.0344675209899	0.954927087936	0.00530269553691	0.00530269553689
-tut	0.0355393002554	0.013456628252	0.937133393141	0.0138706783521
-oro	0.190105089149	0.460415209618	0.142843734767	0.206635966466
-kos	0.0711864406779	0.894915254237	0.0338983050847	0.0
-kta	0.0185643564356	0.673267326733	0.189356435644	0.118811881188
-vai	0.0403649433232	0.947470279237	0.00663533314902	0.00552944429085
-van	0.0	1.0	0.0	0.0
-ore	0.380208110627	0.233761116454	0.0422658876066	0.343764885313
-tna	0.0	1.0	0.0	0.0
-owi	0.363491870392	0.305307253705	0.0959870307095	0.235213845194
-gma	0.275477133597	0.476053294923	0.180050414116	0.068419157364
-gme	0.425398121496	0.102426571114	0.0595600017998	0.41261530559
-rus	0.0275598086125	0.931100478469	0.00918660287081	0.0321531100479
-gmi	0.282873015132	0.474518899638	0.0975049567283	0.145103128502
-lip	0.001876759462	0.996246481076	0.0	0.001876759462
-rut	0.0	1.0	0.0	0.0
-lis	0.0462826193993	0.794190054161	0.00590841949778	0.153618906942
-ruk	0.0757088712189	0.220197148623	0.406253536952	0.297840443206
-lin	0.0	0.993736951983	0.0062630480167	0.0
-lio	0.0	1.0	0.0	0.0
-omo	0.176000730072	0.17960935307	0.0176926150716	0.626697301786
-rum	0.157976653696	0.823346303502	0.00700389105058	0.011673151751
-rub	0.0286146830505	0.51568136366	0.0200362213459	0.435667731943
-dak	0.0	0.75	0.0	0.25
-lif	0.029296875	0.906575520833	0.0563151041666	0.00781249999997
-rug	0.0	1.0	0.0	0.0
-rud	0.337749019311	0.418749135663	0.0623679675439	0.181133877482
-eas	0.00613496932514	0.993865030675	0.0	0.0
-abi	0.247310644345	0.579149613233	0.10739410193	0.0661456404919
-oda	0.255425687116	0.723410935366	0.00488385635022	0.0162795211674
-odi	0.0	1.0	0.0	0.0
-uri	0.331049119792	0.516691297951	0.00740734335966	0.144852238897
-uro	0.574772820762	0.216932799821	0.0426311656258	0.165663213791
-ura	0.059887889252	0.658286749563	0.228712120039	0.0531132411465
-ure	0.249685777821	0.483708788553	0.155902542783	0.110702890844
-uru	0.191790773701	0.665819106429	0.0472212132219	0.0951689066473
-pai	0.0	0.987096774194	0.0	0.0129032258065
-dus	0.130151843818	0.726681127983	0.0260303687635	0.117136659436
-was	0.0307467057101	0.806734992679	0.11420204978	0.0483162518301
-bya	0.291163141994	0.155211480363	0.047583081571	0.506042296073
-gbe	0.413938260056	0.416510757718	0.0491113189897	0.120439663237
-ave	0.0	1.0	0.0	0.0
-rma	0.0	1.0	0.0	0.0
-wad	0.0586810764131	0.183586826618	0.0221051615548	0.735626935414
-dud	0.0633032099055	0.842820257027	0.0804676955578	0.0134088375095
-waa	0.525069823115	0.265460832558	0.0335150950924	0.175954249235
-wan	0.273135037064	0.156579574273	0.018001874205	0.552283514458
-kon	0.0848890312246	0.0344056975161	0.0587786226042	0.821926648655
-pas	0.0324643384161	0.935071323168	0.0177078209543	0.0147565174619
-wak	0.125766711025	0.674175764101	0.0393671081832	0.160690416691
-pau	0.0	1.0	0.0	0.0
-wai	0.0537634408602	0.827956989247	0.0430107526882	0.0752688172043
-kee	0.0834614586083	0.0660814119457	0.0128551949611	0.837601934485
-ked	0.50203818923	0.309804762926	0.0856039476507	0.102553100193
-keb	0.0606060606061	0.939393939394	0.0	0.0
-sen	0.125230202578	0.845303867403	0.0220994475138	0.00736648250461
-ken	0.46211002846	0.211864123705	0.0346899509005	0.291335896935
-kem	0.159907589523	0.673366426275	0.0831194780057	0.0836065061971
-tmo	0.192184497117	0.730941704036	0.0	0.0768737988468
-sus	0.0184066018345	0.965947786606	0.00184066018345	0.0138049513759
-sur	0.0	1.0	0.0	0.0
-kei	0.152279455058	0.0744801910301	0.0120162712673	0.761224082644
-gbo	0.508021390374	0.491978609626	0.0	0.0
-sos	0.192307692308	0.807692307692	0.0	0.0
-aen	0.0	0.88698630137	0.0308219178082	0.0821917808219
-nus	0.0168067226891	0.960784313726	0.0168067226891	0.00560224089634
-sua	0.0	1.0	0.0	0.0
-did	0.2306978516	0.165947515666	0.00912986184905	0.594224770886
-fet	0.0	1.0	0.0	0.0
-fer	0.0	1.0	0.0	0.0
-fes	0.0208333333333	0.958333333333	0.0	0.0208333333333
-dim	0.0	1.0	0.0	0.0
-din	0.182428532112	0.133897408032	0.258162264391	0.425511795465
-dii	0.166666666667	0.421052631579	0.30701754386	0.105263157895
-dit	0.0	1.0	0.0	0.0
-feg	0.310810810811	0.689189189189	0.0	0.0
-ori	0.456067519591	0.345469743306	0.0822748200969	0.116187917007
-iis	0.0495243060081	0.840349276684	0.110126417307	0.0
-dis	0.0	1.0	0.0	0.0
-fel	0.0	1.0	0.0	0.0
-sli	0.0	1.0	0.0	0.0
-ska	0.0	1.0	0.0	0.0
-sed	0.0	1.0	0.0	0.0
-ven	0.0	1.0	0.0	0.0
-meb	0.666666666667	0.0	0.333333333333	0.0
-sko	0.0897196261683	0.842990654206	0.0672897196262	0.0
-uka	0.447739627056	0.243996421936	0.154476020092	0.153787930916
-roi	0.369230769231	0.446153846154	0.0	0.184615384615
-uko	0.461330631543	0.349375211077	0.0945626477542	0.0947315096251
-kla	0.0	1.0	0.0	0.0
-ait	0.0	0.898089171975	0.101910828025	0.0
-bne	0.307596911379	0.332126819102	0.162791851692	0.197484417827
-ora	0.155823293173	0.810441767068	0.00963855421686	0.0240963855422
-efa	0.0	1.0	0.0	0.0
-ais	0.806223604808	0.162766659119	0.0277610970556	0.00324863901714
-tis	0.0785429709732	0.885600455322	0.0221969265794	0.0136596471258
-efo	0.0	1.0	0.0	0.0
-bni	0.330209573629	0.52285223311	0.092207944272	0.0547302489883
-aid	0.222627737226	0.0930656934306	0.00547445255476	0.678832116788
-dne	0.480900052329	0.242804814233	0.131868131868	0.14442700157
-nge	0.40103626943	0.400777202073	0.0761658031088	0.122020725389
-aib	0.442000117731	0.293701446547	0.0837906473201	0.180507788401
-aim	0.0	1.0	0.0	0.0
-ngi	0.178652899508	0.292231960619	0.510025213111	0.0190899267619
-tio	0.0	1.0	0.0	0.0
-tik	0.169811320755	0.754716981132	0.0754716981132	0.0
-eme	0.239416757447	0.526818311279	0.0405712090802	0.193193722194
-uwe	0.42297626069	0.336257741079	0.0945148923621	0.146251105868
-ema	0.195655571183	0.520393811533	0.133927176121	0.150023441163
-uwa	0.236713563103	0.436864762289	0.0404330119925	0.285988662615
-uwo	0.463103050949	0.372075547317	0.14728721006	0.0175341916738
-emo	0.231922329263	0.250083135034	0.0790407938297	0.438953741873
-uwi	0.136363636364	0.560606060606	0.262626262626	0.040404040404
-mmo	0.186993959061	0.351441644169	0.259012289985	0.202552106784
-ems	0.00104004160166	0.997399895996	0.0	0.0015600624025
-uum	0.149239981575	0.846614463381	0.0	0.00414555504375
-das	0.0251426681003	0.907617235961	0.0109172111488	0.0563228847903
-ins	0.24	0.72	0.04	0.0
-mdo	0.0925291295408	0.660726525017	0.0	0.246744345442
-ana	0.115582346506	0.672425852101	0.0416970354562	0.170294765937
-ker	0.0	1.0	0.0	0.0
-ons	0.204081632653	0.551020408163	0.244897959184	0.0
-iad	0.0357142857142	0.964285714286	0.0	0.0
-gmo	0.138867373472	0.471406348902	0.248574988659	0.141151288966
-000	0.0674102812803	0.327837051406	0.0921435499516	0.512609117362
-eta	0.0951599671862	0.882690730107	0.0	0.0221493027072
-vaa	0.0461538461539	0.867873303167	0.0859728506787	0.0
-uyi	0.388246628131	0.270712909441	0.231213872832	0.109826589595
-buk	0.107322526551	0.846336933591	0.00108188030798	0.0452586595503
-bun	0.200789127576	0.36212187637	0.148619026743	0.288469969312
-bul	0.43686350225	0.56313649775	0.0	0.0
-lim	0.0674157303371	0.932584269663	0.0	0.0
-uya	0.326586936523	0.158233670653	0.358785648574	0.15639374425
-laf	0.0	1.0	0.0	0.0
-bua	0.0224719101124	0.955443626501	0.0162727624951	0.00581170089113
-uye	0.106298452399	0.0697981586548	0.0171213882806	0.806782000666
-omi	0.714285714286	0.0	0.0	0.285714285714
-300	0.0375939849624	0.308270676692	0.0902255639098	0.563909774436
-ate	0.480392156863	0.176470588235	0.254901960784	0.0882352941176
-wen	0.49900580194	0.176499249274	0.0459340963785	0.278560852408
-wem	0.716161616162	0.136363636364	0.0606060606061	0.0868686868687
-ata	0.00397614314115	0.990059642147	0.0	0.00596421471173
-web	0.185953177257	0.0421404682275	0.757190635452	0.0147157190636
-oma	0.360070418661	0.579413544589	0.0121032073499	0.0484128293998
-wee	0.0	0.977099236641	0.0229007633588	0.0
-wed	0.414779670427	0.235048911969	0.0719524836349	0.278218933969
-kak	0.114285714286	0.790476190476	0.0380952380952	0.0571428571428
-nis	0.00531914893616	0.994680851064	0.0	0.0
-kai	0.159384700922	0.174056742189	0.16763193254	0.498926624349
-ian	0.440560727032	0.348614739321	0.0795957663392	0.131228767308
-osa	0.0	1.0	0.0	0.0
-kan	0.217628544482	0.474803731796	0.0500632980767	0.257504425646
-kam	0.0687077718675	0.789715535929	0.00743598733521	0.134140704868
-kab	0.240141104326	0.622087502923	0.0176191546223	0.120152238128
-kaa	0.163212435233	0.759067357513	0.0233160621762	0.0544041450777
-ool	0.0540576749171	0.859228991526	0.00512442643266	0.0815889071239
-nib	0.50418238997	0.245951251415	0.0737473317804	0.176119026835
-lid	0.0	1.0	0.0	0.0
-nia	0.0173958198105	0.943658314942	0.0342723614176	0.00467350382967
-nad	0.0427591236037	0.787033047168	0.143193344161	0.0270144850674
-nid	0.365889935548	0.376301437779	0.190381755082	0.0674268715914
-kas	0.142180094787	0.800947867299	0.0	0.0568720379147
-kar	0.0	1.0	0.0	0.0
-nii	0.450273224044	0.185792349727	0.0699453551912	0.293989071038
-nio	0.0191082802548	0.980891719745	0.0	0.0
-kau	0.00557659143735	0.959651720777	0.0229624353303	0.0118092524556
-nim	0.00625434329396	0.768589298124	0.220986796386	0.00416956219597
-dmi	0.136475121855	0.698796819429	0.0771839017255	0.0875441569908
-nbi	0.129965530881	0.809854777646	0.010453749223	0.0497259422501
-dmo	0.155478451248	0.3014784313	0.237003704655	0.306039412797
-fir	0.0	1.0	0.0	0.0
-dma	0.560853980847	0.228053486582	0.0556048622383	0.155487670333
-nbe	0.548104956268	0.212827988338	0.198250728863	0.0408163265306
-dme	0.478663700368	0.194924860523	0.0412463393717	0.285165099738
-lia	0.023166023166	0.92277992278	0.0	0.054054054054
-fii	0.28616024974	0.677419354839	0.0364203954215	0.0
-ome	0.26925091671	0.660031430068	0.0130958617077	0.0576217915138
-fia	0.0	1.0	0.0	0.0
-kub	0.0720981527433	0.140198511166	0.00909842845327	0.778604907637
-dbe	0.314258157852	0.342951294004	0.0249156084231	0.31787493972
-yuk	0.733926405176	0.20946219167	0.00485240598464	0.0517589971695
-ifa	0.5	0.5	0.0	0.0
-yun	0.464454976303	0.421800947867	0.0568720379147	0.0568720379147
-lef	0.0	1.0	0.0	0.0
-yub	0.0	1.0	0.0	0.0
-dbi	0.217709582696	0.653252822697	0.0508705901816	0.0781670044253
-yip	0.0122261844116	0.95832908813	0.0257768721345	0.00366785532348
-ila	0.039196116681	0.958081930772	0.0	0.00272195254729
-ilo	0.372881355932	0.542372881356	0.0338983050847	0.0508474576271
-yus	0.0253505933118	0.962243797195	0.00512405609493	0.00728155339806
-yuu	0.0988567585743	0.425016812374	0.417619367855	0.058507061197
-ned	0.166027856826	0.108583291772	0.0338330488746	0.691555802527
-vit	0.0	1.0	0.0	0.0
-ebi	0.391867143927	0.520727545159	0.0262215932739	0.0611837176392
-oam	0.0	1.0	0.0	0.0
-ina	0.402104000166	0.439813539224	0.0929992299071	0.0650832307029
-bus	0.0308618012423	0.956715838509	0.00892857142855	0.00349378881987
-kuk	0.266557645135	0.591986917416	0.0801308258381	0.0613246116108
-ebe	0.514054391454	0.253550716001	0.0445417652275	0.187853127317
-tee	0.0235756385069	0.952848722986	0.0235756385069	0.0
-ami	0.412721063572	0.336439304077	0.0910004955501	0.159839136801
-kwi	0.59067357513	0.189119170984	0.0608808290155	0.15932642487
-aom	0.0392738513954	0.0264718857786	0.00696155953053	0.927292703295
-amo	0.191982400562	0.222343097043	0.147231639147	0.438442863247
-iel	0.00919751667048	0.981604966659	0.00919751667048	0.0
-kwe	0.344305767734	0.0993572190355	0.476205574612	0.0801314386188
-ati	0.0	1.0	0.0	0.0
-oas	0.0261096605744	0.973890339426	0.0	0.0
-oar	0.0	1.0	0.0	0.0
-lva	0.0165745856354	0.883977900553	0.099447513812	0.0
-ose	0.0	1.0	0.0	0.0
-usi	0.727272727273	0.25	0.0227272727273	0.0
-bem	0.368334570126	0.427064560585	0.176508003816	0.0280928654723
-ein	0.0512058143376	0.912454575487	0.00991080277504	0.0264288074
-gus	0.0127523910733	0.987247608927	0.0	0.0
-ire	0.401849401007	0.417679311115	0.0776026537873	0.10286863409
-usa	0.104097157347	0.875884158548	0.0200186841052	0.0
-ira	0.0143369175627	0.985663082437	0.0	0.0
-bal	0.0205882352941	0.979411764706	0.0	0.0
-eis	0.250950570342	0.749049429658	0.0	0.0
-eir	0.0	1.0	0.0	0.0
-hit	0.203187250996	0.796812749004	0.0	0.0
-hiv	0.166666666667	0.666666666667	0.0	0.166666666667
