-ọpọ	0.0660041781944	0.120038394218	0.696855061826	0.117102365761
-ẽṣe	0.0112772738416	0.00809021819073	0.00196126501593	0.978671242952
-ãgo	0.207547169811	0.698113207547	0.0943396226415	0.0
-épe	0.869565217391	0.0869565217391	0.0	0.0434782608696
-èrè	0.263762376238	0.55801980198	0.117623762376	0.0605940594059
-eun	0.0766066838046	0.562467866324	0.13264781491	0.228277634961
-èrí	0.590909090909	0.363636363636	0.0454545454545	0.0
-rbe	0.0	1.0	0.0	0.0
-ũru	0.0818593563767	0.554278903457	0.285196662694	0.0786650774732
-úba	0.290322580645	0.532258064516	0.177419354839	0.0
-òdi	0.519045736128	0.161987610386	0.115987873995	0.202978779491
-ufu	0.116279069767	0.80866807611	0.0750528541226	0.0
-oye	0.327061975769	0.460457994941	0.163718213287	0.0487618160032
-idè	0.500473933649	0.43981042654	0.0454976303318	0.0142180094787
-idé	0.522184300341	0.37542662116	0.102389078498	0.0
-jìn	0.0617283950617	0.311728395062	0.37962962963	0.246913580247
-idà	0.0418079096045	0.945197740113	0.00847457627119	0.0045197740113
-idá	0.639047619048	0.127333333333	0.171809523809	0.0618095238095
-ebẹ	0.138248847926	0.792626728111	0.0599078341014	0.00921658986175
-ufa	0.00672873465933	0.979348286077	0.0134151502327	0.000507829030895
-nṣọ	0.553872053872	0.207070707071	0.03367003367	0.205387205387
-ebọ	0.359791425261	0.156431054461	0.388180764774	0.0955967555041
-uté	0.043795620438	0.78102189781	0.175182481752	0.0
-utì	0.410294117647	0.497058823529	0.0882352941177	0.00441176470588
-utó	0.245901639344	0.467213114754	0.286885245902	0.0
-ãju	0.300067790743	0.456404782853	0.0569442240845	0.186583202319
-utù	0.029898989899	0.473939393939	0.475151515152	0.0210101010101
-mọ́	0.151726052745	0.374108686611	0.301114738752	0.173050521892
-mọ̀	0.898662115351	0.0569513297439	0.0182352049496	0.0261513499554
-mọ̃	0.979166666667	0.0	0.0208333333333	0.0
-ẹyẹ	0.0679611650485	0.315533980583	0.529126213592	0.0873786407767
-ọpẹ	0.270220588235	0.540441176471	0.189338235294	0.0
-òdó	0.018691588785	0.102803738318	0.878504672897	0.0
-èru	0.534246575342	0.157534246575	0.164383561644	0.143835616438
-ári	0.908256880734	0.0183486238532	0.0550458715596	0.0183486238532
-èri	0.110236220472	0.653543307087	0.0	0.236220472441
-̀lẹ	0.220512820513	0.279487179487	0.484615384615	0.0153846153846
-ẽṣú	0.00961538461538	0.947115384615	0.0	0.0432692307692
-ère	0.557197726789	0.314701077973	0.0953248583683	0.03277633687
-̀ya	0.0246848739496	0.953387605042	0.00433298319328	0.0175945378151
-éfe	0.311475409836	0.411007025761	0.2037470726	0.0737704918033
-ufò	0.56050955414	0.43949044586	0.0	0.0
-idi	0.172361633883	0.449468025571	0.061655948296	0.316514392251
-ide	0.493246076435	0.0587187013298	0.00736791661675	0.440667305619
-òro	0.318006886773	0.329552359733	0.285598541625	0.0668422118695
-oyé	0.276729559748	0.377358490566	0.25786163522	0.0880503144654
-ida	0.41843575419	0.438268156425	0.0980446927375	0.045251396648
-uyẹ	0.121753246753	0.123376623377	0.730519480519	0.0243506493506
-ufã	0.125	0.875	0.0	0.0
-ẹkọ	0.250455373406	0.482695810565	0.17941712204	0.0874316939891
-rpu	0.0	1.0	0.0	0.0
-uta	0.130694285965	0.862986044062	0.00263319582199	0.00368647415079
-ute	0.046511627907	0.953488372093	0.0	0.0
-uti	0.169303264894	0.538539212386	0.231571861326	0.0605856613935
-uto	0.523744911805	0.323609226594	0.0732700135686	0.0793758480326
-ẹkẹ	0.0684179841558	0.863164031688	0.0540141980177	0.0144037861381
-ótì	0.375	0.520833333333	0.104166666667	0.0
-utu	0.130407523511	0.452037617555	0.169278996865	0.248275862069
-atọ	0.181818181818	0.536130536131	0.107226107226	0.174825174825
-bìn	0.707730321214	0.271090716555	0.0105894811154	0.0105894811154
-oya	0.147410358566	0.115537848606	0.0119521912351	0.725099601594
-ájọ	0.311475409836	0.688524590164	0.0	0.0
-̀ṣu	0.266666666667	0.377777777778	0.0444444444444	0.311111111111
-oyi	0.432989690722	0.226804123711	0.0	0.340206185567
-íyọ	0.560636182903	0.34592445328	0.0934393638171	0.0
-àba	0.120967741936	0.806451612903	0.0725806451613	0.0
-ito	0.147368421053	0.422315789474	0.120842105263	0.30947368421
-̃lọ	0.111591695502	0.139273356401	0.0692041522491	0.679930795848
-ójọ	0.479105356092	0.408671767706	0.0517951736315	0.0604277025702
-ofó	0.819186338523	0.180813661477	0.0	0.0
-dán	0.719452172052	0.153006633854	0.106355660175	0.0211855339183
-agọ	0.09375	0.90625	0.0	0.0
-õjọ	0.103199115436	0.648403013689	0.205198241158	0.0431996297174
-nṣẹ	0.33620202274	0.642942395879	0.00690998178277	0.013945599598
-ije	0.243897393463	0.728796028134	0.00868845676459	0.0186181216384
-ija	0.377569528416	0.286275695284	0.123035066505	0.213119709794
-iji	0.266949580681	0.622107709407	0.0387996362534	0.0721430736587
-rán	0.979644257211	0.00957521502545	0.00270317711076	0.00807735065239
-iju	0.112629513614	0.582251901828	0.275515472789	0.029603111769
-ian	0.0425531914894	0.957446808511	0.0	0.0
-yàn	0.795677481071	0.118634174814	0.0359129010814	0.0497754430339
-iṣó	0.0	0.981595092025	0.0	0.0184049079755
-ọmú	0.415639309616	0.545614653047	0.0387460373371	0.0
-ìni	0.58668771376	0.328466193107	0.0276243093922	0.0572217837411
-ìna	0.274728500147	0.0607572644555	0.0862929263281	0.57822130907
-mfa	0.037037037037	0.962962962963	0.0	0.0
-ofo	0.282187325033	0.16687551657	0.524062175061	0.0268749833364
-iṣọ	0.0882556131261	0.754576856649	0.0145077720207	0.142659758204
-íkọ	0.23595505618	0.651685393258	0.0449438202247	0.0674157303371
-yan	0.331907063164	0.479503693712	0.141566991523	0.0470222516012
-wẹ́	0.277611940298	0.70447761194	0.0179104477612	0.0
-wẹ̀	0.846449807625	0.0832458901714	0.0529905561385	0.0173137460651
-ijà	0.288	0.401	0.236	0.075
-iṣẹ	0.303986938804	0.594852950937	0.0411259529319	0.0600341573272
-ijì	0.577721586372	0.0911631620975	0.0692041522491	0.261911099281
-èna	0.428304405875	0.492656875834	0.014953271028	0.064085447263
-nhó	0.537735849057	0.38679245283	0.0754716981132	0.0
-òto	0.0689655172414	0.896551724138	0.0344827586207	0.0
-ijó	0.0	1.0	0.0	0.0
-nhá	0.877876106195	0.100884955752	0.0106194690265	0.0106194690265
-ijù	0.0715061943056	0.709193653554	0.145185829168	0.0741143229733
-njẹ	0.145155584521	0.271010645605	0.0120375616369	0.571796208237
-ade	0.239408159015	0.0940483807115	0.00788020586099	0.658663254412
-ada	0.598760871445	0.193036559688	0.0240671491495	0.184135419718
-adi	0.419020586325	0.431048171016	0.0763005293006	0.0736307133582
-ọsẹ	0.609140334823	0.312375518114	0.0600742854067	0.0184098616569
-iwó	0.557676348548	0.282987551867	0.0597510373443	0.0995850622407
-iwò	0.694930265931	0.0430064128436	0.00493295663484	0.25713036459
-erú	0.223880597015	0.626865671642	0.0597014925373	0.089552238806
-õku	0.260492040521	0.287988422576	0.40520984081	0.0463096960926
-erò	0.330434782609	0.582608695652	0.0	0.0869565217391
-sea	0.0117647058823	0.952941176471	0.0	0.035294117647
-eré	0.110236220472	0.700787401575	0.0472440944882	0.141732283465
-iwá	0.580854515955	0.288804759329	0.0730124391563	0.0573282855598
-iwà	0.271550129486	0.358120606733	0.235294117647	0.135035146134
-̀nà	0.0232558139535	0.953488372093	0.0	0.0232558139535
-oho	0.107505474816	0.313159466454	0.551861437388	0.0274736213418
-gùn	0.249195916655	0.347224164453	0.0606908124738	0.342889106419
-uja	0.0408163265306	0.918367346939	0.0408163265306	0.0
-arí	0.983606557377	0.016393442623	0.0	0.0
-átì	0.52	0.24	0.02	0.22
-òtọ	0.0839694656488	0.664122137405	0.0687022900763	0.18320610687
-ẹjẹ	0.165476190476	0.6125	0.16130952381	0.0607142857142
-adà	0.524390243902	0.335365853659	0.0975609756097	0.0426829268293
-adá	0.369565217391	0.391304347826	0.152173913043	0.0869565217391
-adé	0.0501043841336	0.799582463466	0.137787056367	0.0125260960334
-ujẹ	0.179140521388	0.546111364041	0.233377541123	0.0413705734476
-̀un	0.803921568627	0.078431372549	0.0392156862745	0.078431372549
-̀nu	0.586046511628	0.0	0.36511627907	0.0488372093023
-õkò	0.0468384074941	0.953161592506	0.0	0.0
-fẹ́	0.380052088357	0.393267097521	0.166875663162	0.0598051509597
-iwu	0.450489662677	0.445048966268	0.104461371055	0.0
-eru	0.00220583074594	0.991878532254	0.00531404679703	0.000601590203438
-ìmọ	0.236911408406	0.698409354261	0.0290740545665	0.0356051827662
-ran	0.208061613151	0.374056605908	0.131458943478	0.286422837462
-eri	0.172634529107	0.77589793066	0.0313647518883	0.0201027883448
-iwa	0.186840095206	0.454546553833	0.255910550214	0.102702800747
-̀na	0.0945905399289	0.755946235958	0.0353951697798	0.114068054334
-iwe	0.105794708345	0.885680273415	0.000460811796781	0.00806420644368
-ero	0.287205299974	0.561419741663	0.0780931936785	0.0732817646841
-era	0.0491082045184	0.342449464923	0.598929845422	0.00951248513674
-iwi	0.458015267176	0.376363140676	0.0858778625954	0.0797437295529
-̀ni	0.591836734694	0.0	0.0	0.408163265306
-ere	0.0792931397012	0.381573625405	0.475358824364	0.0637744105301
-ẹjọ	0.477220630373	0.231518624642	0.0988538681948	0.192406876791
-ike	0.051094890511	0.92501658925	0.0119442601194	0.0119442601194
-ika	0.105053632644	0.810074090457	0.0218400973128	0.0630321795864
-iko	0.0449306045636	0.929193131028	0.0134086097389	0.0124676546695
-iki	0.26435877262	0.336742722266	0.122738001574	0.27616050354
-iku	0.107850771627	0.819941951012	0.0530935862948	0.0191136910661
-ràn	0.809616634178	0.131254061079	0.0308641975309	0.0282651072125
-noa	0.0	1.0	0.0	0.0
-ọnu	0.124465355004	0.761334473909	0.0859709153123	0.0282292557741
-uró	0.577021713113	0.130620618909	0.0138485211147	0.278509146863
-ọna	0.231401509506	0.53970107996	0.102326589791	0.126570820743
-ọni	0.165959794682	0.804000468152	0.0141225777327	0.0159171594335
-tiu	0.00506008855155	0.993674889311	0.0	0.00126502213789
-éga	0.658230284367	0.0602896598181	0.246836356638	0.0346436991772
-roa	0.0	1.0	0.0	0.0
-ukọ	0.099982715545	0.863877060386	0.0056567307239	0.0304834933455
-èro	0.564531780689	0.344735565259	0.0475497331392	0.0431829209122
-iká	0.248562154775	0.299584306133	0.0281874608508	0.423666078242
-ikà	0.255878284924	0.330567081604	0.12724757953	0.286307053942
-ikí	0.342735949099	0.571367974549	0.0254506892895	0.0604453870625
-ùmọ	0.174770965469	0.200845665962	0.0831571529246	0.541226215645
-ìdi	0.154362416107	0.845637583893	0.0	0.0
-ìlọ	0.76287164612	0.082910321489	0.0287648054146	0.125453226976
-òdì	0.742857142857	0.114285714286	0.114285714286	0.0285714285714
-ikú	0.160960321684	0.788244338005	0.0421027733428	0.00869256696824
-ikù	0.80198019802	0.19801980198	0.0	0.0
-ẽmi	0.162393162393	0.837606837607	0.0	0.0
-nga	0.11260827719	0.683349374399	0.0163618864293	0.187680461983
-ọnù	0.343565525384	0.270365997639	0.0	0.386068476978
-ọnú	0.139240506329	0.164556962025	0.696202531646	0.0
-ọnà	0.0698835274542	0.835274542429	0.0848585690516	0.00998336106491
-tia	0.00583090379009	0.902332361516	0.0918367346939	0.0
-́ju	0.302325581395	0.511627906977	0.131782945736	0.0542635658914
-íro	0.745762711864	0.203389830508	0.0338983050848	0.0169491525424
-àrọ	0.469090909091	0.523636363636	0.00727272727273	0.0
-àmi	0.0546513009386	0.85459829466	0.0737518392265	0.0169985651749
-odẹ	0.19536019536	0.78021978022	0.02442002442	0.0
--wi	0.518867924528	0.471698113208	0.00943396226415	0.0
-̃na	0.129807692308	0.451923076923	0.0576923076923	0.360576923077
-itú	0.853146853147	0.048951048951	0.097902097902	0.0
-uṣọ	0.1	0.894285714286	0.00285714285714	0.00285714285714
-lea	0.0	1.0	0.0	0.0
-̃ni	0.102655113617	0.0932015636056	0.0328264374616	0.771316885316
-itó	0.683544303797	0.215189873418	0.0506329113924	0.0506329113924
-nyọ	0.65805340224	0.142118863049	0.099052540913	0.100775193798
-itì	0.855878108709	0.107265896179	0.0204755528399	0.0163804422719
-ití	0.196688741722	0.606622516556	0.196688741722	0.0
-oyè	0.240506329114	0.637974683544	0.0632911392405	0.0582278481013
-ità	0.524752475248	0.39603960396	0.0	0.0792079207921
-udò	0.0522875816993	0.873638344227	0.0261437908497	0.0479302832243
-gún	0.382735500788	0.537336262119	0.057272319529	0.0226559175647
-õfó	0.566037735849	0.415094339623	0.0188679245283	0.0
-ole	0.217803030303	0.719696969697	0.0189393939394	0.0435606060606
-ímọ	0.341978866475	0.634966378482	0.0	0.0230547550432
-ẹṣẹ	0.170524080427	0.674546084031	0.118610771698	0.0363190638438
-íwe	0.0	0.545454545455	0.454545454545	0.0
-́tọ	0.0612244897959	0.918367346939	0.0	0.0204081632653
-íwa	0.73407821229	0.150837988827	0.0435754189944	0.0715083798883
-ẹṣọ	0.322314049587	0.578512396694	0.0826446280991	0.0165289256198
-ńnà	0.627906976744	0.116279069767	0.162790697674	0.0930232558139
-ùla	0.0272727272727	0.872727272727	0.1	0.0
-ogu	0.0106955020017	0.986360781851	0.00235497291781	0.000588743229452
-ãyè	0.558673469388	0.206632653061	0.114795918367	0.119897959184
-ogo	0.183261887489	0.634214865132	0.170520345578	0.0120029018004
-itu	0.0135501355013	0.986449864499	0.0	0.0
-ọrọ	0.523954654804	0.325000312697	0.0800003335431	0.0710446989564
-esu	0.00268711260793	0.966404202369	0.00327276535582	0.0276359196677
-pẹ̀	0.115718418515	0.652844744455	0.196721311475	0.0347155255545
-pẹ́	0.185641333734	0.762090717933	0.0225292880745	0.0297386602583
-esi	0.493276088779	0.285713793866	0.0481970920386	0.172813025317
-eso	0.0722156626057	0.838696243858	0.0756150221542	0.0134730713817
-iti	0.071346794287	0.138533830713	0.0127969777785	0.777322397222
-esa	0.0	1.0	0.0	0.0
-ese	0.409674729098	0.442164039899	0.107104504339	0.0410567266634
-ita	0.155737704918	0.80737704918	0.0245901639344	0.0122950819672
-fọn	0.673369184008	0.256488192658	0.0140285246668	0.0561140986673
-udu	0.0934832678499	0.674840807479	0.227611434765	0.00406448990651
-spi	0.10752688172	0.709677419355	0.172043010753	0.010752688172
-uda	0.011417697431	0.976213130352	0.00285442435776	0.00951474785918
-spu	0.0	1.0	0.0	0.0
-nkọ	0.57847698335	0.372673849167	0.00771302644467	0.0411361410382
-udi	0.454699694605	0.240922972514	0.304377332881	0.0
-udo	0.140625	0.826923076923	0.00360576923077	0.0288461538462
-íwá	0.248520710059	0.502958579882	0.0710059171598	0.177514792899
-ńni	0.694915254237	0.271186440678	0.0338983050847	0.0
-ogò	0.193548387097	0.806451612903	0.0	0.0
-ãwa	0.0490196078431	0.950980392157	0.0	0.0
-ọrẹ	0.191002922764	0.589527372713	0.155924501372	0.0635452031505
-awọ	0.0951236863517	0.876070833706	0.0201280527547	0.00867742718757
-ẹdọ	0.151351351351	0.243243243243	0.027027027027	0.578378378378
-ipọ	0.029237080578	0.0601579720794	0.78747244673	0.123132500612
-òpe	0.274193548387	0.183870967742	0.527419354839	0.0145161290322
-àlá	0.163822525597	0.733788395904	0.0921501706484	0.0102389078498
-àlà	0.185714285714	0.471428571429	0.342857142857	0.0
-ũfu	0.411111111111	0.287037037037	0.285185185185	0.0166666666667
-rna	0.0	1.0	0.0	0.0
-ewọ	0.800313848568	0.100823852491	0.0988622989407	0.0
-nnú	0.246554364472	0.477794793262	0.202143950995	0.073506891271
-nnù	0.96511627907	0.0348837209302	0.0	0.0
-ihá	0.28093645485	0.120401337793	0.598662207358	0.0
-uro	0.401738405094	0.0599709462212	0.0218902107432	0.516400437942
-ura	0.414565396863	0.463191414082	0.105896921807	0.0163462672485
-ẹnu	0.259146534779	0.502398917845	0.0800625620865	0.158391985289
-ihò	0.0875399361023	0.912460063898	0.0	0.0
-ẹni	0.0760624217795	0.444365360532	0.0339083156627	0.445663902026
-ipẹ	0.306582506763	0.115501270596	0.37380113124	0.204115091401
-ẹna	0.216535433071	0.696850393701	0.0295275590551	0.0570866141732
-nná	0.130794701987	0.864238410596	0.00496688741721	0.0
-nnà	0.654362416107	0.238255033557	0.0671140939597	0.0402684563758
-uru	0.0657933592519	0.256709780322	0.648512834381	0.0289840260445
-ara	0.0717458162154	0.420720755466	0.183603305903	0.323930122415
-ẹdẹ	0.0351724137931	0.905172413793	0.00931034482759	0.0503448275862
-awẹ	0.0641711229947	0.775401069519	0.128342245989	0.0320855614973
-hùn	0.545358126982	0.407213485234	0.0157735046626	0.0316548831215
-́ka	0.778941888462	0.161840307152	0.04555215722	0.013665647166
-òpè	0.0733590733591	0.0694980694981	0.857142857143	0.0
-édé	0.121951219512	0.0975609756098	0.731707317073	0.0487804878049
-àle	0.166666666667	0.333333333333	0.462962962963	0.037037037037
-àla	0.221809169765	0.670384138786	0.0706319702602	0.0371747211896
-ujọ	0.128678304239	0.790523690773	0.0149625935162	0.0658354114712
-ùlẹ	0.41265060241	0.406626506024	0.0	0.180722891566
-urè	0.632258064516	0.251612903226	0.0387096774194	0.0774193548387
-iha	0.19568468276	0.445204016236	0.157658619953	0.201452681051
-fẹ̃	0.100558659218	0.798882681564	0.0	0.100558659218
-fẹ̀	0.48275862069	0.206896551724	0.266578249337	0.0437665782494
-ùlọ	0.178294573643	0.116279069767	0.364341085271	0.341085271318
-iho	0.0	0.934065934066	0.0659340659341	0.0
-nnu	0.569941167363	0.354002167518	0.0342545285648	0.0418021365537
-̃ta	0.158640226629	0.490084985836	0.0	0.351274787535
-nni	0.215616833593	0.222820431889	0.0490339820172	0.512528752501
-ámọ	0.350769230769	0.393846153846	0.227692307692	0.0276923076923
-ẹní	0.373887240356	0.519287833828	0.0	0.106824925816
-ihu	0.0	0.880794701987	0.0397350993377	0.0794701986755
-nna	0.0579705176551	0.174100102845	0.267809393212	0.500119986287
-́kọ	0.4609375	0.2578125	0.0	0.28125
-uṣu	0.023419203747	0.967213114754	0.00936768149884	0.0
-uṣe	0.31223628692	0.552742616034	0.0696202531646	0.0654008438818
-ìjọ	0.00579150579151	0.990347490347	0.0	0.003861003861
-́wẹ	0.0865384615384	0.728846153846	0.184615384615	0.0
-álọ	0.803436816082	0.142092891302	0.0	0.0544702926157
-ají	0.683333333333	0.0666666666667	0.0333333333333	0.216666666667
-yún	0.56495468278	0.163141993958	0.21752265861	0.0543806646525
-ajà	0.636645962733	0.186335403727	0.111801242236	0.0652173913043
-ajá	0.0265306122449	0.971428571429	0.00204081632653	0.0
-ìpe	0.618717504333	0.329289428076	0.0207972270364	0.0311958405546
-ãpã	0.092409730856	0.136024685009	0.138057911158	0.633507672977
-aṣọ	0.128705055743	0.806942416385	0.0315308947451	0.0328216331265
-ajò	0.542515500443	0.290079716563	0.0310008857396	0.136403897254
-ojò	0.435294117647	0.494117647059	0.0352941176471	0.0352941176471
-àpọ	0.866111951588	0.0544629349471	0.0521936459909	0.0272314674735
-ojú	0.474747474748	0.212121212121	0.141414141414	0.171717171717
-aṣẹ	0.458068902992	0.485176790571	0.00825022665458	0.0485040797824
-ìbú	0.133333333333	0.616666666667	0.216666666667	0.0333333333333
-ojì	0.00291262135922	0.985436893204	0.0111650485437	0.000485436893204
-álẹ	0.16935483871	0.612903225806	0.0	0.217741935484
-ẽje	0.365853658537	0.536585365854	0.0	0.0975609756098
-obẹ	0.194271481943	0.392278953923	0.190535491905	0.222914072229
-rín	0.267100977199	0.674267100977	0.0390879478827	0.0195439739414
-ílọ	0.625	0.296052631579	0.0	0.0789473684211
-ntẹ	0.892857142857	0.107142857143	0.0	0.0
-ajo	0.292414803957	0.492121656284	0.0846463906192	0.130817149139
-aji	0.0570652173913	0.0523097826087	0.0101902173913	0.880434782609
-áda	0.171641791045	0.598880597015	0.21828358209	0.0111940298507
-aja	0.34416610246	0.537350485218	0.0440081245769	0.0744752877454
-ádi	0.798634812287	0.160409556314	0.0409556313993	0.0
-ọ̀n	0.386868044102	0.399309117827	0.0194797605288	0.194343077542
-ãpa	0.0740740740741	0.203703703704	0.037037037037	0.685185185185
-tọ̀	0.442059539267	0.0153513082526	0.004484962916	0.538104189564
-aju	0.0846125472581	0.238448042249	0.12406457454	0.552874835953
-ìpè	0.181818181818	0.581818181818	0.0909090909091	0.145454545455
-ìbo	0.301675977654	0.687150837989	0.0	0.0111731843575
-ufẹ	0.111593375214	0.442832667047	0.227127355797	0.218446601942
-ìbi	0.188679245283	0.660377358491	0.0566037735849	0.0943396226415
-dọn	0.0	0.181818181818	0.787878787879	0.030303030303
-oju	0.185599391902	0.603360320773	0.0690198176666	0.142020469658
-ìba	0.303571428571	0.321428571429	0.0714285714286	0.303571428571
-fra	0.0	1.0	0.0	0.0
-oje	0.0132192846034	0.872472783826	0.00466562986003	0.109642301711
-oji	0.0296411856474	0.224648985959	0.015600624025	0.730109204368
-ojo	0.179611650485	0.281553398058	0.529126213592	0.00970873786407
-ntọ	0.584615384615	0.123076923077	0.184615384615	0.107692307692
-àfọ	0.545454545455	0.454545454545	0.0	0.0
-ìnà	0.316810344828	0.618534482759	0.0	0.0646551724138
-ọfẹ	0.0358729320239	0.860013926573	0.0592119480394	0.0449011933633
-usi	0.155074875208	0.794009983361	0.0229617304493	0.0279534109817
-uso	0.666666666667	0.333333333333	0.0	0.0
-usa	0.0350877192982	0.964912280702	0.0	0.0
-use	0.0204081632653	0.979591836735	0.0	0.0
-isẹ	0.0369773395278	0.79520242723	0.0284441073291	0.139376125913
-̀bẹ	0.541344667697	0.345054095827	0.0579598145286	0.0556414219474
-sàn	0.348577802565	0.100390407139	0.304517568321	0.246514221974
-epe	0.165494039391	0.0769484181731	0.0321172299459	0.72544031249
-ọdọ	0.0812588239448	0.197135594771	0.0136969158409	0.707908665443
-ẹgẹ	0.266153915129	0.0706210129605	0.0820504448489	0.581174627062
-ọlù	0.633569739953	0.347517730496	0.0189125295508	0.0
-ọlà	0.243197278912	0.447278911565	0.232993197279	0.0765306122449
-ọlá	0.195168932383	0.604016295443	0.182880928132	0.017933844042
-ọlé	0.135922330097	0.485436893204	0.0291262135922	0.349514563107
-ãbo	0.230769230769	0.692307692308	0.0	0.0769230769231
-iun	0.0293529019346	0.790527018012	0.0880587058039	0.0920613742494
-isọ	0.645319552561	0.262706875123	0.0166808399294	0.075292732387
-ãlà	0.284543325527	0.525761124122	0.0526932084309	0.13700234192
-ãlã	0.355516014235	0.373309608541	0.149466192171	0.121708185053
-éke	0.0357142857143	0.678571428571	0.0	0.285714285714
-usù	0.030112923463	0.473023839398	0.278544542033	0.218318695107
-siẹ	0.0	1.0	0.0	0.0
-ọlu	0.601351351351	0.337837837838	0.0472972972973	0.0135135135135
-sẹ́	0.869867780097	0.0598800410909	0.0263445670544	0.0439076117573
-sẹ̀	0.615871781624	0.303096496299	0.0244015981256	0.0566301239519
-oṣẹ	0.117949129423	0.81465136805	0.0673995025275	0.0
-epè	0.506731946144	0.383108935129	0.0697674418605	0.0403916768666
-epé	0.341199606686	0.110127826942	0.483775811209	0.0648967551622
-ọla	0.257024780692	0.609930712387	0.108693982271	0.0243505246501
-ọle	0.411315224787	0.306746218663	0.0287852619459	0.253153294604
-tan	0.175474893624	0.579220575246	0.0822812688558	0.163023262274
-tai	0.0	1.0	0.0	0.0
-ksi	0.00511508951407	0.984654731458	0.00511508951407	0.00511508951406
-fọ̀	0.55615497793	0.297204512016	0.106915154488	0.0397253555664
-fọ́	0.539523551706	0.249864645371	0.162425554954	0.0481862479697
-ksu	0.0838323353293	0.880239520958	0.0	0.0359281437126
-tar	0.2	0.7	0.1	0.0
-ãle	0.060001753298	0.920906779744	0.00818205726791	0.0109094096905
-ãla	0.296686746988	0.379518072289	0.0933734939759	0.230421686747
-otọ	0.254322766571	0.223342939481	0.0821325648415	0.440201729107
-rma	0.0	1.0	0.0	0.0
-eni	0.0278436018957	0.934834123223	0.0302132701422	0.00710900473934
-rme	0.0	1.0	0.0	0.0
-umọ	0.351994091581	0.308124076809	0.0673559822747	0.272525849335
-ene	0.0102948914461	0.802086431333	0.174578481389	0.0130401958317
-ena	0.392211404729	0.541029207232	0.037552155772	0.029207232267
-àya	0.215517241379	0.741379310345	0.0	0.0431034482759
-okù	0.0572769953051	0.626525821596	0.269718309859	0.0464788732394
-àye	0.220167064439	0.675019888624	0.0336117740652	0.0712012728718
-okú	0.0359808164698	0.292969938004	0.661738214996	0.00931103052988
-okò	0.0464697480905	0.747521268448	0.0766906087641	0.129318374697
-ùtù	0.135593220339	0.0847457627119	0.542372881356	0.237288135593
-ulọ	0.0572623159426	0.222186875114	0.49945464461	0.221096164334
-rìn	0.754990070349	0.147598370864	0.0199939412299	0.077417617557
-nsi	0.20325203252	0.333333333333	0.430894308943	0.0325203252032
-ulẹ	0.541773700306	0.251009174312	0.0603058103975	0.146911314985
-amọ	0.491085073867	0.35761589404	0.0779419256241	0.0733571064697
-tọ́	0.377148790524	0.137561050648	0.271814790601	0.213475368227
-osẹ	0.0	0.969696969697	0.0	0.030303030303
-nma	0.016228748068	0.974497681607	0.00695517774343	0.00231839258115
-ìsà	0.191956124314	0.0767824497258	0.73126142596	0.0
-nmu	0.658856708971	0.230827638573	0.0212604403948	0.089055212062
-dea	0.000901713255184	0.993237150586	0.00495942290352	0.000901713255184
-ùti	0.742038216561	0.200636942675	0.0573248407643	0.0
-oku	0.0906845069126	0.725491399549	0.146691012874	0.0371330806647
-ùwa	0.307692307692	0.247863247863	0.299145299145	0.145299145299
-lẹ́	0.323232323232	0.49494949495	0.0909090909091	0.0909090909091
-oko	0.666499457929	0.254872835486	0.0110162883024	0.0676114182834
-deu	0.0108695652174	0.934782608696	0.0	0.054347826087
-oke	0.190020378457	0.121793304221	0.106526928675	0.581659388646
-ùtu	0.209302325581	0.46511627907	0.139534883721	0.186046511628
-èké	0.257697456493	0.518072289157	0.214190093708	0.0100401606426
-nìa	0.0451127819549	0.729323308271	0.18045112782	0.0451127819548
-yun	0.318862275449	0.226047904192	0.438622754491	0.0164670658683
-nìn	0.135593220339	0.779661016949	0.0338983050847	0.0508474576271
-bia	0.077127581875	0.616933010021	0.272575885945	0.0333635221596
-bin	0.359068239205	0.555246641568	0.0773232778159	0.00836184141051
-rún	0.0205078125	0.967122395833	0.0104166666667	0.001953125
-upũ	0.688524590164	0.147540983607	0.0655737704918	0.0983606557377
-meu	0.0	0.987220447284	0.00638977635783	0.00638977635784
-ùfu	0.0597014925373	0.203980099502	0.73631840796	0.0
-nmì	0.899171270718	0.0649171270718	0.0193370165746	0.0165745856354
-nmí	0.755102040816	0.0612244897959	0.183673469388	0.0
-íga	0.178571428571	0.416666666667	0.333333333333	0.0714285714286
-jia	0.0372670807453	0.950310559006	0.0124223602484	0.0
-mea	0.0	1.0	0.0	0.0
-bi-	0.0987654320988	0.480204342273	0.344912728821	0.0761174968071
-mei	0.0	1.0	0.0	0.0
-giu	0.0530973451327	0.946902654867	0.0	0.0
-aye	0.317991631799	0.562064156206	0.0390516039051	0.0808926080893
-aya	0.0472324723247	0.910455104551	0.0263714637146	0.0159409594096
-ayi	0.148950001413	0.200390039852	0.0758881885758	0.574771770159
-ẹtẹ	0.0237388724036	0.946587537092	0.0296735905044	0.0
-éte	0.621794871795	0.25641025641	0.0833333333333	0.0384615384615
-nfọ	0.610169491525	0.271186440678	0.118644067797	0.0
-̀ka	0.0408719346049	0.959128065395	0.0	0.0
-ubu	0.378355758707	0.590742290607	0.0112019571235	0.0196999935621
-ópo	0.0	0.974060063306	0.0129699683471	0.0129699683471
-uba	0.297658862876	0.501672240803	0.177257525084	0.0234113712375
-ãmú	0.454545454545	0.340909090909	0.159090909091	0.0454545454545
-tán	0.651497005988	0.319760479042	0.0	0.02874251497
-õrì	0.0715137067938	0.928486293206	0.0	0.0
-bún	0.677352637022	0.322647362978	0.0	0.0
-upá	0.125731392026	0.874268607974	0.0	0.0
-õrò	0.089552238806	0.880597014925	0.0298507462687	0.0
-ako	0.396685915139	0.368315340196	0.0933969369822	0.141601807683
-ọgọ	0.2075	0.7925	0.0	0.0
-àṣe	0.393728222997	0.160278745645	0.11149825784	0.334494773519
-aki	0.0194669756663	0.895712630359	0.0604866743917	0.0243337195829
-àṣa	0.0854271356784	0.86432160804	0.0201005025126	0.0301507537688
-nfẹ	0.697914496678	0.0959655579474	0.0826331504757	0.123486794898
-nwò	0.498761500354	0.411004953999	0.0451167728238	0.0451167728238
-aka	0.155951696377	0.699137435308	0.124899367453	0.0200115008626
-ègé	0.684563758389	0.315436241611	0.0	0.0
-úru	0.4	0.247058823529	0.211764705882	0.141176470588
-ọ́n	0.130575604747	0.590606408359	0.237142512004	0.041675474889
-aku	0.161290322581	0.658064516129	0.18064516129	0.0
-ayá	0.1875	0.09375	0.5	0.21875
-ẹle	0.388695961281	0.424133876569	0.0996691367477	0.0875010254026
-ẹla	0.482649842271	0.454258675079	0.0378548895899	0.0252365930599
-ẹli	0.020127474002	0.962018711096	0.00738007380074	0.010473741101
-ãmu	0.416961130742	0.434628975265	0.120141342756	0.0282685512368
-ẹlu	0.0128651615537	0.0127496296615	0.0225776731681	0.951807535617
-rli	0.0194200409538	0.882554990422	0.0647334698461	0.033291498778
-rle	0.0	0.979452054795	0.0	0.0205479452055
-ẽkẽ	0.0278884462151	0.964143426295	0.00796812749004	0.0
-õro	0.213892709766	0.338376891334	0.435350756534	0.0123796423659
-õre	0.348475420037	0.452395768513	0.139390168015	0.059738643435
-irẹ	0.290526400313	0.341836504248	0.0447909504715	0.322846144967
-upa	0.0355329949239	0.812182741117	0.150592216582	0.00169204737733
-sán	0.122411412793	0.784629544409	0.0529222273355	0.0400368154625
-úni	0.227386934673	0.320351758794	0.358040201005	0.0942211055276
-ẹfẹ	0.0644021739131	0.900543478261	0.0114130434783	0.0236413043478
-gàn	0.443642719577	0.354939063379	0.1573956726	0.0440225444437
-aká	0.289463527595	0.604013894249	0.0926283288305	0.0138942493246
-akà	0.040313979779	0.0727784650826	0.884347937375	0.00255961776375
-akò	0.368124118477	0.589562764457	0.033850493653	0.00846262341325
-abẹ	0.100389873902	0.105595274771	0.0324009645927	0.761613886735
--ro	0.529411764706	0.392156862745	0.078431372549	0.0
-olĩ	0.0355783744923	0.957009464155	0.00296486454102	0.00444729681153
-pti	0.00419287211739	0.932215234102	0.0621942697414	0.00139762403913
-nla	0.044560657388	0.0956721391653	0.675886870189	0.183880333257
-mbò	0.689440993789	0.23602484472	0.0372670807454	0.0372670807453
-nle	0.455275843599	0.4322442421	0.112479914301	0.0
-ídí	0.767857142857	0.0892857142857	0.0714285714286	0.0714285714286
-mbù	0.7539543058	0.214411247803	0.0105448154657	0.0210896309315
-ídà	0.232620320856	0.200534759358	0.550802139038	0.0160427807487
-tri	0.0666666666667	0.933333333333	0.0	0.0
-nlo	0.521739130435	0.333333333333	0.144927536232	0.0
-mbà	0.619047619048	0.304761904762	0.0380952380952	0.0380952380952
-mbá	0.696721311475	0.286885245902	0.0	0.016393442623
-gau	0.0	1.0	0.0	0.0
-nlu	0.283018867924	0.566037735849	0.0377358490566	0.11320754717
-mbì	0.819277108434	0.16265060241	0.0180722891566	0.0
-ini	0.213196282469	0.32293899963	0.161643133242	0.302221584659
-̀wa	0.491228070176	0.216374269006	0.105263157895	0.187134502924
-̀we	0.906158357771	0.0586510263929	0.0351906158357	0.0
-ina	0.0520674860522	0.130301144561	0.0100615280072	0.807569841379
-ine	0.0666666666667	0.704761904762	0.228571428571	0.0
-̀wu	0.0980530973451	0.846725663717	0.0509734513274	0.00424778761062
-inu	0.0326842257723	0.0559172355331	0.0156317607297	0.895766777965
-nrú	0.582006369427	0.27229299363	0.110668789809	0.0350318471338
-nrù	0.707070707071	0.222222222222	0.030303030303	0.040404040404
-ọmu	0.156174915906	0.728495915425	0.0576645843345	0.0576645843345
-ẹru	0.190753169277	0.574645786726	0.148098434004	0.0865026099925
-nrò	0.747446083995	0.170261066969	0.0346197502838	0.0476730987514
-ẽhù	0.16	0.84	0.0	0.0
-ọmi	0.271844660194	0.728155339806	0.0	0.0
-ẹri	0.425798618517	0.470294836667	0.0199948590898	0.0839116857263
-nrè	0.85798816568	0.0591715976332	0.0118343195266	0.0710059171597
-abọ	0.652567975831	0.293051359517	0.036253776435	0.0181268882175
-ẹra	0.574007220217	0.314079422383	0.0397111913357	0.0722021660649
-nrà	0.874125874126	0.125874125874	0.0	0.0
-gbé	0.548781946295	0.173045006212	0.0403444469944	0.237828600498
--ró	0.41095890411	0.0547945205479	0.506849315069	0.0273972602739
-rùn	0.163868877002	0.600636738338	0.200263389754	0.0352309949066
-nhù	0.709401709402	0.188034188034	0.08547008547	0.017094017094
-lọ̀	0.731800766284	0.252873563218	0.0	0.0153256704981
-lọ́	0.621515508441	0.347860227719	0.00706713780918	0.0235571260306
-ídi	0.0610004066693	0.247661651078	0.691337942253	0.0
-mbu	0.64	0.0	0.0	0.36
-rki	0.0	0.934328358209	0.065671641791	0.0
-nlé	0.917417417417	0.0765765765766	0.003003003003	0.003003003003
-íde	0.678571428571	0.0535714285714	0.0535714285714	0.214285714286
-mba	0.268226438521	0.0472975594615	0.0243665851861	0.660109416832
-ìro	0.457575757576	0.493939393939	0.0424242424242	0.00606060606059
-nlò	0.672897196262	0.168224299065	0.0467289719626	0.11214953271
-ìri	0.498688269381	0.370542278087	0.0923688990112	0.0384005535215
-usu	0.0521739130435	0.582608695652	0.0521739130435	0.313043478261
-nlù	0.888198757764	0.0496894409938	0.0186335403727	0.0434782608696
-mbi	0.848787446505	0.0720399429387	0.0427960057061	0.0363766048502
-̀wá	0.831273508866	0.0338527673294	0.0161203653949	0.118753358409
-inì	0.352941176471	0.152941176471	0.0705882352941	0.423529411765
-iní	0.19696969697	0.621212121212	0.0151515151515	0.166666666667
-fún	0.691989469725	0.153347122979	0.133978939451	0.020684467845
-inà	0.739130434783	0.260869565217	0.0	0.0
-iná	0.0944458663936	0.859738930125	0.0383926286153	0.00742257486563
-gbõ	0.134453781513	0.27731092437	0.588235294118	0.0
-iye	0.0218118198656	0.849096902054	0.0856919628591	0.0433993152211
-inú	0.444444444444	0.333333333333	0.0	0.222222222222
-ẽhu	0.500658761528	0.499341238472	0.0	0.0
-ẹrù	0.127105207143	0.719638753622	0.129537842687	0.0237181965483
-ẹrú	0.0713830704088	0.905384644209	0.0127402855323	0.0104919998501
-alẹ	0.259059598682	0.2918151502	0.0399668877515	0.409158363367
-nru	0.542201215395	0.163403106009	0.112086428089	0.182309250506
-epa	0.729414622298	0.177313577848	0.0189458343454	0.0743259655088
-nro	0.7	0.114285714286	0.0857142857143	0.1
-ẹrí	0.133595284872	0.752606921566	0.0423152486021	0.0714825449599
-ẹré	0.0217391304348	0.173913043478	0.630434782609	0.173913043478
-nri	0.597526700394	0.17987633502	0.150084317032	0.0725126475548
-ẽha	0.12073826959	0.123020832257	0.0108447547536	0.745396143399
-nra	0.0318757662444	0.818553330609	0.085819370658	0.0637515324887
-tàn	0.69842595567	0.1676839062	0.0551236749116	0.0787664632188
-ọtẹ	0.159695817491	0.737642585551	0.0570342205323	0.0456273764259
-sọ́	0.0836236933798	0.749128919861	0.16724738676	0.0
-sọ̀	0.589963280294	0.123011015912	0.0820073439412	0.205018359853
-ãra	0.267409470752	0.575487465181	0.140389972145	0.016713091922
-ẽwọ	0.372549019608	0.490196078431	0.078431372549	0.0588235294118
-sau	0.0125	0.9875	0.0	0.0
-íri	0.524658971668	0.160545645331	0.0	0.314795383001
-ddi	0.0	1.0	0.0	0.0
-olu	0.394910773298	0.523793787178	0.0693985459352	0.0118968935889
-ìde	0.143860395829	0.794637156842	0.0261757820813	0.0353266652479
-mpa	0.0	1.0	0.0	0.0
-lfa	0.144444444444	0.814814814815	0.0296296296297	0.0111111111111
-oli	0.0134994807892	0.967712333068	0.00270472602574	0.0160834601174
-íru	0.0	0.803921568627	0.156862745098	0.0392156862745
-olo	0.0967741935484	0.516129032258	0.0967741935484	0.290322580645
-ola	0.0422535211268	0.915492957746	0.0422535211268	0.0
-san	0.328044120597	0.25787947889	0.291578798694	0.122497601818
-èwọ	0.14371257485	0.0188195038494	0.781009409752	0.0564585115483
-ọtọ	0.0502860584161	0.829870520927	0.0710629328516	0.0487804878049
-win	0.405976979614	0.539938982111	0.0353626404105	0.0187213978644
-hún	0.137931034483	0.793103448276	0.0689655172414	0.0
-ọfọ	0.329153605016	0.543887147335	0.103448275862	0.0235109717868
-gán	0.5	0.150793650794	0.0	0.349206349206
-ppa	0.00638686131387	0.991788321168	0.00182481751825	0.0
-ẹwọ	0.778755364807	0.151287553648	0.0103004291845	0.0596566523605
-dẹ̀	0.253968253968	0.365079365079	0.015873015873	0.365079365079
-ájú	0.244514106583	0.282131661442	0.473354231975	0.0
-̀rọ	0.281712178668	0.627154327698	0.0119315586619	0.0792019349721
-ãrá	0.0406504065041	0.923702313946	0.00750469043152	0.0281425891182
-ifà	0.685714285714	0.2	0.0285714285714	0.0857142857143
-olú	0.133333333333	0.633333333333	0.0666666666667	0.166666666667
-bẹ̃	0.0882163146096	0.132175268845	0.115501825873	0.664106590673
-bẹ̀	0.355350957429	0.112282385401	0.017304203092	0.515062454078
-bẹ́	0.370532893351	0.400056167942	0.187811556554	0.0415993821527
-̀rẹ	0.902562184402	0.0259958855433	0.0176734617543	0.0537684683
-̀ju	0.0390717109314	0.0297191785379	0.793644128293	0.137564982237
-írí	0.205128205128	0.564102564103	0.153846153846	0.0769230769231
-apọ	0.216446527482	0.729441840648	0.027268853856	0.0268427780145
-olè	0.0778767142898	0.895496320898	0.0171786869757	0.00944827783664
-írò	0.493421052632	0.309210526316	0.118421052632	0.0789473684211
-olí	0.25	0.673076923077	0.0	0.0769230769231
-̀jo	0.5	0.484615384615	0.0	0.0153846153846
-ẹwẹ	0.101886792453	0.169811320755	0.366037735849	0.362264150944
-sso	0.146853146853	0.769230769231	0.0	0.0839160839161
-bùn	0.539618988235	0.279129678552	0.0496201368492	0.131631196364
-sse	0.00246913580247	0.997530864198	0.0	0.0
-íṣe	0.140540540541	0.145945945946	0.389189189189	0.324324324324
-úgọ	0.252100840336	0.100840336134	0.621848739496	0.0252100840336
-ssu	0.0	1.0	0.0	0.0
-asọ	0.155963302752	0.675840978593	0.125382262997	0.0428134556575
-ũku	0.182608695652	0.660869565217	0.130434782609	0.0260869565217
-ọju	0.204076960062	0.183844797716	0.553541582398	0.0585366598234
-ekọ	0.141899815715	0.211006868822	0.123010554532	0.524082760931
-ọji	0.467065868264	0.389221556886	0.0718562874251	0.0718562874251
-ẹsi	0.661417322835	0.0377952755905	0.283464566929	0.0173228346457
-ọjo	0.471830985915	0.0633802816901	0.380281690141	0.0845070422535
-ọja	0.357330458102	0.312997389385	0.105451486392	0.224220666122
-sìn	0.546038412606	0.354818436825	0.067597602661	0.0315455479085
-ndá	0.668650793651	0.222222222222	0.0416666666667	0.0674603174602
-omĩ	0.283819628647	0.435013262599	0.0397877984085	0.241379310345
-gbã	0.0188848920863	0.0242805755396	0.0	0.956834532374
-gbà	0.809051754883	0.0760774004875	0.0376504427253	0.0772204019039
-gbá	0.579975413195	0.293539133998	0.0431635022538	0.0833219505532
-ẹmi	0.067280316223	0.856732177903	0.0474058103215	0.0285816955524
-gbè	0.26501305483	0.5	0.148825065274	0.0861618798956
-ãni	0.169057377049	0.366803278689	0.239754098361	0.224385245902
-rku	0.00318471337579	0.988853503185	0.00796178343949	0.0
-gbì	0.218543046358	0.0596026490066	0.675496688742	0.046357615894
-elu	0.245283018868	0.0377358490566	0.0377358490566	0.679245283019
-gbò	0.0149253731343	0.808457711443	0.176616915423	0.0
-gbó	0.408663763466	0.26529910612	0.271029108412	0.0550080220032
-eṣẹ	0.695238095238	0.114285714286	0.0	0.190476190476
-eli	0.0197453662283	0.959255593497	0.0170290724614	0.00396996781309
-ẹmu	0.0500109914267	0.931853154539	0.0148384260277	0.00329742800615
-elo	0.0829107006856	0.20563135546	0.224713781236	0.486744162618
-̀da	0.111111111111	0.87037037037	0.0	0.0185185185185
-ãnu	0.153616522882	0.688124892876	0.13961892247	0.0186396617723
-̀do	0.456896551724	0.48275862069	0.0258620689655	0.0344827586207
-rka	0.0	0.981818181818	0.0181818181818	0.0
-iya	0.10578944053	0.751623095178	0.0753910730741	0.0671963912182
-asẹ	0.111072342405	0.131425913003	0.0279134682484	0.729588276343
-ele	0.346314125593	0.585572639747	0.0252909900848	0.0428222445754
-ólọ	0.0645161290323	0.596774193548	0.0967741935484	0.241935483871
-ọjù	0.146226415094	0.259433962264	0.509433962264	0.0849056603774
-ọjà	0.0620212275035	0.899215505307	0.0348869404707	0.00387632671896
-ọjá	0.871459694989	0.0849673202614	0.0	0.0435729847495
-hun	0.0679685801593	0.527563359617	0.01424429737	0.390223762854
-́nu	0.18813559322	0.584745762712	0.176271186441	0.0508474576271
-́na	0.331632653061	0.362244897959	0.112244897959	0.19387755102
-́ni	0.609534369647	0.330888258666	0.0267394502847	0.0328379214022
-ìṣẹ	0.809523809524	0.119047619048	0.0238095238095	0.047619047619
-gba	0.180368365437	0.484701357475	0.101831873672	0.233098403416
-gbe	0.63464623417	0.20928695502	0.0338770263942	0.122189784416
-elò	0.815384615385	0.153846153846	0.0	0.0307692307692
-gbi	0.134328358209	0.820895522388	0.0223880597015	0.0223880597015
-ẹmí	0.00966551964083	0.906604771755	0.0688406142467	0.014889094358
-gbo	0.0127509805418	0.124314892727	0.071757125257	0.791177001474
-tun	0.087160140497	0.0745414335892	0.56380902823	0.274489397684
-elé	0.157289776165	0.830611010284	0.0	0.0120992135511
-iyé	0.182119205298	0.579470198676	0.158940397351	0.0794701986755
-iyè	0.134984639017	0.731374807988	0.102534562212	0.0311059907834
-elì	0.0727272727273	0.581818181818	0.327272727273	0.0181818181818
-iyá	0.238095238095	0.761904761905	0.0	0.0
-iyà	0.662003610108	0.305505415162	0.0324909747292	0.0
-́ra	0.6	0.1875	0.1875	0.025
-liu	0.0204778156996	0.955631399317	0.0136518771331	0.0102389078498
-ísi	0.302521008403	0.352941176471	0.260504201681	0.0840336134454
-omu	0.00117647058823	0.826470588235	0.172352941176	0.0
-omi	0.0205881839776	0.96629121064	0.00795611177439	0.00516449360794
-òṣi	0.116104868914	0.249063670412	0.578651685393	0.0561797752809
-ìgo	0.266535433071	0.733464566929	0.0	0.0
-lia	0.02	0.98	0.0	0.0
-ome	0.0	0.962264150943	0.0377358490566	0.0
-ẽdẽ	0.152974504249	0.57507082153	0.101983002833	0.169971671388
-óró	0.310344827586	0.0689655172414	0.0344827586207	0.586206896552
-yẹ́	0.0	1.0	0.0	0.0
-yẹ̀	0.769841138892	0.116866636767	0.064153428241	0.0491387960994
-yùn	0.601769911504	0.185840707965	0.141592920354	0.070796460177
-ùdu	0.0816326530612	0.775510204082	0.142857142857	0.0
-ãsà	0.635593220339	0.338983050847	0.0	0.0254237288136
-ọsi	0.698854337152	0.0720130932897	0.148936170213	0.0801963993453
