-ufu	0.451527808309	0.382721477248	0.017146625632	0.148604088811
-oya	0.0490177584952	0.851787975963	0.0119917001267	0.0872025654154
-aua	0.308119734213	0.340469790881	0.0702764423416	0.281134032565
-ufe	0.305389802552	0.357686896619	0.0618541696987	0.275069131131
-aue	0.663082049507	0.0863878310542	0.0164986151982	0.234031504241
-aui	0.47382029735	0.383968972204	0.0458952811894	0.0963154492567
-ufi	0.422481326289	0.170887229003	0.0892694479869	0.317361996721
-kia	0.238095238095	0.680099312452	0.0127323656735	0.069073083779
-dea	0.210702341137	0.729096989967	0.0602006688963	0.0
-imu	0.211005011027	0.325150766059	0.13644301249	0.327401210424
-oku	0.518015377287	0.442432221486	0.00968630234119	0.0298660988853
-dei	0.131575280016	0.140391244079	0.0718175281499	0.656215947755
-400	0.394849785408	0.218884120172	0.0515021459228	0.334763948498
-ima	0.185420261532	0.54108298665	0.0247606197127	0.248736132106
-oko	0.313399078215	0.295488827807	0.0266928157142	0.364419278264
-oki	0.0769230769231	0.907692307692	0.0153846153846	0.0
-imi	0.433038040646	0.485669619594	0.0406461698802	0.0406461698801
-oka	0.111435421662	0.778901282185	0.0631710622329	0.0464922339206
-imo	0.182926829268	0.817073170732	0.0	0.0
-ido	0.141551833768	0.053601152777	0.0215488884173	0.783298125038
-obi	0.13250706538	0.741397501435	0.0413194074842	0.0847760257003
-obo	0.285635945126	0.106786353995	0.0670120250089	0.540565675869
-idi	0.160473452032	0.732059591713	0.0591068259405	0.048360130315
-ide	0.348955392434	0.344155844156	0.0592885375495	0.247600225861
-obe	0.0	0.863247863248	0.102564102564	0.034188034188
-bie	0.438904869485	0.244548495436	0.0611690785138	0.255377556565
-bia	0.396221530288	0.404429512286	0.159314073637	0.0400348837895
-idu	0.59375	0.31625	0.075	0.015
-obu	0.078081745644	0.803370786517	0.0877707213809	0.0307767464582
-100	0.091221132197	0.0131611041664	0.11569880267	0.779918960967
-rie	0.46170442287	0.326860841424	0.059331175836	0.15210355987
-ute	0.488772609666	0.271915227338	0.0839052766472	0.155406886349
-rio	0.215047493755	0.561946566717	0.0773535662377	0.145652373291
-uti	0.122674024466	0.746117422525	0.0260908239094	0.1051177291
-utu	0.0739409142887	0.738401798374	0.0626509095065	0.125006377831
-tei	0.107026338824	0.191215087133	0.301265218429	0.400493355614
-are	0.397584588325	0.145060558088	0.0369919654845	0.420362888103
-ara	0.121580100266	0.31133224184	0.0258708970493	0.541216760845
-aro	0.301552453113	0.275886135353	0.0362696109164	0.386291800618
-ari	0.250559909881	0.0928082730427	0.0604558043957	0.596176012681
-aru	0.27168790109	0.363998111711	0.264817598395	0.0994963888042
-meo	0.248007782309	0.31003304816	0.251765677887	0.190193491645
-aya	0.319791045068	0.625597957407	0.0239672089451	0.0306437885799
-ayo	0.0947082995556	0.85363262796	0.0289603891203	0.0226986833645
-rai	0.0933805417411	0.220449975604	0.107616087197	0.578553395458
-ayu	0.223776223776	0.692307692308	0.0839160839161	0.0
-ubu	0.210624623521	0.597434236984	0.0846422083364	0.107298931158
-ubi	0.436224302632	0.199886863624	0.049601523012	0.314287310732
-ubo	0.570888468809	0.266540642722	0.0	0.162570888469
-uba	0.387792470096	0.310020527137	0.082860538235	0.219326464532
-ube	0.227002448409	0.746764603008	0.00594613501224	0.0202868135712
-umu	0.0673790455321	0.842621416937	0.0416207594567	0.0483787780745
-ota	0.558083350111	0.350714717133	0.0342258908798	0.0569760418764
-ote	0.418328257773	0.242462665221	0.0736068838238	0.265602193182
-oti	0.0559405253834	0.533488584703	0.0371716353928	0.373399254521
-iji	0.431571887199	0.413730085761	0.0969335463548	0.0577644806849
-oto	0.346133638109	0.535023577634	0.0351613022583	0.0836814819991
-uma	0.0619681298738	0.603453896252	0.0295207898568	0.305057184018
-otu	0.0882352941176	0.764705882353	0.0294117647059	0.117647058824
-umi	0.0948589283116	0.870371351724	0.0106983753735	0.0240713445904
ALL	0.21611329581	0.258013437758	0.0482253126688	0.477647953763
-nai	0.105921091674	0.729567606494	0.0794408187553	0.0850704830766
-aka	0.282247749923	0.530185946179	0.0672574241262	0.120308879772
-nae	0.210298965557	0.560645674662	0.170702133303	0.0583532264787
-sio	0.121334228789	0.830535034699	0.014551152899	0.0335795836132
-kiu	0.149350649351	0.564935064935	0.168831168831	0.116883116883
-sia	0.0502832184174	0.221584116894	0.0361317934648	0.692000871224
-sie	0.539243167484	0.335318850736	0.0588647512264	0.0665732305536
-nau	0.0203151933021	0.918739226791	0.0	0.0609455799065
-goi	0.762987012987	0.0681818181818	0.0324675324675	0.136363636364
-amu	0.0549318208957	0.935165503909	0.00625923809527	0.00364343710023
-moe	0.0575934647932	0.883679571616	0.0023451699271	0.0563817936641
-gou	0.347450948906	0.231172462048	0.0924908936793	0.328885695367
-moi	0.522727272727	0.163636363636	0.136363636364	0.177272727273
-yau	0.167324685091	0.756533182929	0.0468133107727	0.029328821207
-ofu	0.0572545222006	0.718453587764	0.176658558181	0.0476333318544
-beu	0.231889745602	0.0605983655755	0.707511888822	0.0
-ofo	0.0794983055142	0.811864567827	0.0408576948659	0.067779431793
-beo	0.0	1.0	0.0	0.0
-ofi	0.269456066946	0.59079497908	0.0481171548117	0.0916317991632
-yao	0.261933904529	0.645450836393	0.0208078335373	0.0718074255406
-ofe	0.182349507993	0.537555837661	0.0946139224552	0.185480731891
-ofa	0.023278505922	0.296645857395	0.00988154040511	0.670194096278
-iso	0.0582314492666	0.860584331724	0.01152941519	0.0696548038191
-rei	0.38356033908	0.410705781503	0.147156872083	0.058577007334
-amo	0.351245816289	0.364968389736	0.0784306433618	0.205355150614
-isi	0.272827040885	0.229446800264	0.046834504517	0.450891654334
-rea	0.599548829139	0.240190626262	0.0105236755365	0.149736869063
-isa	0.0328166286405	0.874547843065	0.0518611135798	0.0407744147147
-isu	0.449368067749	0.111534213551	0.0356703230476	0.403427395652
-reu	0.784741144414	0.198910081744	0.0	0.0163487738419
-mau	0.423744659923	0.106368996267	0.0293722787826	0.440514065027
-mai	0.691915527285	0.0956723489337	0.0245621177855	0.187850005996
-mae	0.285486558945	0.499021810014	0.110136946598	0.105354684443
-uno	0.116071428571	0.78869047619	0.0803571428571	0.0148809523809
-uni	0.553292428364	0.249364286166	0.0178379404137	0.179505345057
-une	0.466600841898	0.0956502188094	0.0214306580383	0.416318281254
-una	0.3464889741	0.286329124382	0.0851014464748	0.282080455043
-efe	0.349942726231	0.533218785796	0.0463917525774	0.0704467353952
-unu	0.220799533827	0.389585575906	0.0545464104737	0.335068479793
-666	0.0943396226415	0.0377358490566	0.0	0.867924528302
-foe	0.297364501647	0.238128459271	0.086897869634	0.377609169447
-ade	0.388467120595	0.258006087396	0.0933262562511	0.260200535757
-500	0.14842711564	0.231280460789	0.265839610102	0.354452813469
-ada	0.156534661246	0.582478977488	0.20897484443	0.0520115168359
-ado	0.228615644344	0.119903309971	0.0294162787129	0.622064766972
-gai	0.0	1.0	0.0	0.0
-adi	0.182873730044	0.747460087083	0.0696661828737	0.0
-gau	0.386363636364	0.400568181818	0.156960227273	0.0561079545454
-adu	0.158204248871	0.786090029696	0.0490210348613	0.006684686572
-ini	0.118482950595	0.48668108413	0.0406562633456	0.35417970193
-sei	0.0633031379563	0.808087635282	0.0375862381616	0.0910229886005
-ino	0.706779661017	0.262711864407	0.0203389830508	0.0101694915254
-ina	0.18344137478	0.202873976359	0.0243519115769	0.589332737284
-ine	0.394506218041	0.294909173167	0.0490313945524	0.26155321424
-sea	0.0	0.837837837838	0.162162162162	0.0
-800	0.0	0.347826086957	0.0978260869565	0.554347826087
-uia	0.426525529265	0.518368617684	0.0140099626401	0.0410958904109
-uie	0.636679704476	0.137114298131	0.0910473707084	0.135158626684
-inu	0.0931671934351	0.309705138773	0.0201024851228	0.577025182669
-eda	0.260377843421	0.11270519842	0.032212070332	0.594704887827
-fua	0.401281660055	0.576747024718	0.0219713152273	0.0
-edi	0.0835228451213	0.653928264541	0.00373344395389	0.258815446384
-aoa	0.153263157895	0.846736842105	0.0	0.0
-kua	0.300925925926	0.681712962963	0.0173611111111	0.0
-kui	0.205173951829	0.28813559322	0.50312221231	0.0035682426405
-nea	0.151782636923	0.749114797646	0.0461314438204	0.0529711216107
-eka	0.13872510876	0.178624414256	0.458548397964	0.22410207902
-bai	0.141816576384	0.248438883388	0.0368104794436	0.572934060785
-eki	0.0654164849541	0.916266899259	0.0078499781945	0.0104666375927
-bae	0.418005437469	0.274283242709	0.137172516065	0.170538803757
-eku	0.114864864865	0.858108108108	0.027027027027	0.0
-bau	0.598906757506	0.38112968391	0.0199635585835	0.0
-gua	0.0612081753749	0.697851079611	0.206110927971	0.0348298170431
-reo	0.132158590308	0.696035242291	0.105726872247	0.0660792951542
-asa	0.2592671952	0.66413113349	0.0214270409257	0.0551746303835
-aso	0.0	1.0	0.0	0.0
-iyo	0.139007149868	0.727271143224	0.0570827839764	0.0766389229313
-asi	0.113402554656	0.792681954145	0.0348649256182	0.0590505655816
-asu	0.491677988486	0.218529741087	0.0402489264482	0.249543343979
-iwu	0.21258190385	0.327554050406	0.365039632874	0.094824412869
-430	0.566666666667	0.0	0.0	0.433333333333
-rau	0.27327856346	0.261372675708	0.227365779105	0.237982981727
-eru	0.0654576437958	0.888666272136	0.0144740500959	0.0314020339724
-eri	0.266734932625	0.583465145747	0.0323020024999	0.117497919128
-iwa	0.167065942703	0.700596844657	0.0942282717221	0.0381089409181
-iwe	0.180241400052	0.719260364767	0.0284016751597	0.0720965600209
-ero	0.187488913976	0.37293562661	0.0572378366613	0.382337622752
-era	0.0528445474381	0.504837611555	0.105848800486	0.336469040521
-iwi	0.156941649899	0.806841046278	0.0362173038229	0.0
-rae	0.444590163935	0.27737704918	0.015737704918	0.262295081967
-iwo	0.073797773442	0.728796051877	0.183633650866	0.013772523815
-ere	0.168203636936	0.19424027496	0.270997754888	0.366558333217
-ugu	0.64453125	0.205078125	0.1328125	0.017578125
-uga	0.0997340425532	0.529255319149	0.203457446809	0.167553191489
-ugo	0.575088579994	0.14963205233	0.226219678387	0.0490596892886
-ike	0.305977710233	0.355623100304	0.301925025329	0.0364741641337
-uju	0.432679589021	0.508762271112	0.0325322999263	0.0260258399411
-ika	0.0788990631217	0.308587829518	0.0879195889691	0.524593518391
-iko	0.0119047619047	0.988095238095	0.0	0.0
-iki	0.151404937633	0.56344553075	0.18255527076	0.102594260858
-fou	0.305462885738	0.546497080901	0.0979983319433	0.0500417014179
-noa	0.00873362445414	0.991266375546	0.0	0.0
-boe	0.387890836797	0.362786914874	0.14765949756	0.101662750768
-dou	0.090909090909	0.784090909091	0.125	0.0
-bou	0.204475710469	0.698767565448	0.0293338911588	0.0674228329234
-doa	0.418778562526	0.386373078521	0.0945159950145	0.100332363939
-sau	0.158128180855	0.197591751561	0.067524424001	0.576755643583
-toa	0.261386686336	0.552185137378	0.104831274203	0.0815969020837
-ibu	0.522194225359	0.223439414597	0.150600590235	0.103765769808
-ibo	0.16839105223	0.38279282974	0.166096485991	0.282719632039
-uje	0.38202247191	0.247191011236	0.134831460674	0.23595505618
-ibi	0.588773864201	0.14287490641	0.0352275141745	0.233123715214
-sae	0.172834429825	0.211485745614	0.537280701754	0.078399122807
-ibe	0.558716903203	0.097822564234	0.00633106972468	0.337129462839
-sai	0.062487275886	0.644620583884	0.0315422304863	0.261349909744
-iba	0.233172337037	0.172043055698	0.0323712651579	0.562413342107
-rou	0.117073170732	0.787804878049	0.0731707317073	0.0219512195122
-roe	0.298205546493	0.605872756933	0.0254486133768	0.0704730831974
-roa	0.453133632067	0.276655822233	0.0234485298631	0.246762015837
-roi	0.729339738496	0.103066531821	0.0338618796504	0.133731850033
-ewe	0.534261024342	0.334696669212	0.0760510687858	0.05499123766
-ewa	0.0763141414449	0.104694014569	0.00832495272986	0.810666891256
-ewo	0.0	0.835904628331	0.164095371669	0.0
-ewi	0.339393939394	0.551515151515	0.0727272727273	0.0363636363636
-awi	0.0652735889703	0.53102111159	0.183972425679	0.219732873761
-awo	0.744604316547	0.255395683453	0.0	0.0
-awa	0.299936356101	0.109230252779	0.0349253313118	0.555908059808
-awe	0.391182635301	0.193754163934	0.0567692021318	0.358293998633
-276	0.0	0.384615384615	0.0	0.615384615385
-udu	0.119304059652	0.592377796189	0.218724109362	0.069594034797
-eya	0.558392178164	0.225420966866	0.102118413905	0.114068441065
-200	0.0247689025836	0.540341313107	0.0156435174212	0.419246266888
-mue	0.318299642357	0.124746566833	0.0798189613704	0.47713482944
-oba	0.165314268019	0.208671013285	0.0417272619568	0.584287456739
-mua	0.490309959039	0.378553524485	0.0644983798984	0.0666381365776
-muo	0.207920792079	0.746534653465	0.0178217821782	0.0277227722772
-mui	0.0477897593232	0.0538185638132	0.0647264178466	0.833665259017
-oie	0.554750676459	0.299134132199	0.108774642443	0.0373405488983
-ida	0.0434606011373	0.944760357433	0.00243704305443	0.00934199837531
-ifa	0.0932768141573	0.842032611825	0.0367162717395	0.0279743022777
-ife	0.255155540021	0.533379937085	0.101363159734	0.11010136316
-ifi	0.229845755212	0.676276384179	0.0429186864575	0.0509591741521
-ifu	0.385563213468	0.438349697925	0.0663875997055	0.109699488901
-gia	0.116751269036	0.746192893401	0.121827411168	0.0152284263959
-120	0.0227272727273	0.0909090909091	0.0	0.886363636364
-you	0.354942233633	0.424261874198	0.109114249037	0.111681643132
-ogi	0.0	1.0	0.0	0.0
-153	0.0328407224959	0.0492610837439	0.0328407224959	0.885057471264
-ogo	0.287017764433	0.469404703074	0.0908818846143	0.152695647878
-oga	0.102790014684	0.897209985316	0.0	0.0
-iya	0.277090702982	0.393659265213	0.139085912685	0.190164119121
-itu	0.36005214391	0.365894501384	0.0840148122149	0.190038542491
-esu	0.0196249874257	0.722935938952	0.000500883113839	0.256938190508
-ito	0.622720105607	0.337061347219	0.0233214770269	0.0168970701478
-esi	0.174224540501	0.591766806419	0.0252308220425	0.208777831037
-uta	0.583286160262	0.092674987697	0.0156273612366	0.308411490804
-iti	0.101081812119	0.5540512673	0.181528401144	0.163338519437
-esa	0.0746810230926	0.877694294898	0.0337218245282	0.0139028574809
-ite	0.446677228345	0.122848930365	0.0298402372224	0.400633604068
-ita	0.428355539682	0.171947900304	0.0405975598205	0.359099000193
-fae	0.404075605434	0.278735971648	0.0973124630833	0.219875959835
-fai	0.0185679366717	0.297040214512	0.00161460318884	0.682777245628
-uda	0.171018623638	0.774873789222	0.0458948283775	0.00821275876229
-ude	0.410518350359	0.324189683441	0.0935069575819	0.171785008618
-udi	0.0	1.0	0.0	0.0
-abu	0.0727956075203	0.761157741542	0.0393264885265	0.126720162411
-woi	0.51051625239	0.203951561504	0.198852772466	0.0866794136392
-abe	0.517906336088	0.314967860422	0.0330578512397	0.13406795225
-aba	0.163743500586	0.184781536844	0.0298189176231	0.621656044946
-woa	0.442396313364	0.384792626728	0.0622119815668	0.110599078341
-abo	0.18292710761	0.300001775203	0.143548023057	0.373523094129
-woe	0.220013348589	0.496043096873	0.140970633104	0.142972921434
-abi	0.150246713604	0.68428677583	0.104095499281	0.0613710112852
-ria	0.0268547989737	0.940704037404	0.00771432609984	0.0247268375229
-koe	0.0734966592427	0.76280623608	0.086859688196	0.0768374164811
-tua	0.593963254593	0.254680664917	0.0695538057743	0.0818022747156
-oru	0.0541695033847	0.646891317848	0.263403169968	0.0355360087994
-ori	0.00539811066126	0.970310391363	0.00539811066128	0.0188933873144
-oro	0.182041099397	0.484169180792	0.0731196704172	0.260670049394
-ora	0.206639566396	0.747154471545	0.00813008130081	0.0380758807588
-soa	0.346480038613	0.384403226919	0.178101082535	0.0910156519341
-ore	0.217575379271	0.425136374739	0.241539338345	0.115748907645
-omu	0.0626026180654	0.863388354645	0.042177187595	0.0318318396943
-rui	0.716981132075	0.22641509434	0.0188679245283	0.0377358490566
-oma	0.205272525851	0.460560301237	0.0803379848671	0.253829188045
-rua	0.205132187541	0.387459372166	0.0326760299911	0.374732410301
-ome	0.146318491135	0.812828180555	0.00600437966516	0.0348489486449
-rue	0.409932176112	0.418956201862	0.130302333602	0.040809288424
-144	0.588701223063	0.128421665696	0.0	0.282877111241
-oda	0.309500959693	0.632917466411	0.0287907869482	0.0287907869481
-ode	0.084699735393	0.512201708645	0.250563386104	0.152535169858
-odi	0.11685950775	0.681675960937	0.018066329947	0.183398201366
-odo	0.225574065736	0.243884136275	0.419630796938	0.110911001051
-aea	0.336419753086	0.444444444445	0.182098765432	0.037037037037
-uro	0.210198776006	0.293485279435	0.0339777587163	0.462338185843
-ura	0.197788413487	0.66930509765	0.0436917462947	0.0892147425686
-ure	0.363666192429	0.20567926336	0.035469163128	0.395185381083
-uru	0.239186597424	0.520036086908	0.0318011567738	0.208976158895
-wau	0.346528768426	0.380052306229	0.10223490252	0.171184022824
-dua	0.718272227995	0.126911088021	0.0695165998714	0.0853000841126
-wae	0.526436781609	0.342528735632	0.103448275862	0.0275862068966
-wai	0.0747903705707	0.675412496619	0.157915201515	0.0918819312956
-nui	0.632160350435	0.117374394372	0.0264817150063	0.223983540187
-keo	0.373949579832	0.134453781513	0.226890756303	0.264705882353
-kei	0.0381679389313	0.187022900763	0.706106870229	0.0687022900763
-nua	0.110845741702	0.748000042271	0.0422923689856	0.0988618470415
-sua	0.514683082535	0.320702234382	0.0538075695395	0.110807113543
-dia	0.240914170517	0.559257878372	0.0794570410405	0.12037091007
-fei	0.242774566474	0.176300578035	0.303468208092	0.277456647399
-uku	0.457427536232	0.448029891304	0.033401268116	0.0611413043478
-afu	0.145322393249	0.351817993497	0.125372650389	0.377486962866
-afi	0.514405836528	0.286385557067	0.112031655744	0.0871769506616
-uka	0.191099636097	0.653499766208	0.106263595519	0.0491370021753
-uke	0.0254022015241	0.892040643522	0.0825571549534	0.0
-afa	0.181236150904	0.555729820897	0.0673207203647	0.195713307834
-uko	0.141876430206	0.679633867277	0.096109839817	0.0823798627002
-afe	0.279715302491	0.417081850534	0.119572953737	0.183629893238
-tiu	0.0298953662182	0.956651718984	0.0	0.0134529147982
-efa	0.0630461073612	0.892035320097	0.0269511435249	0.0179674290166
-ede	0.406421305826	0.185498525875	0.126902979166	0.281177189133
-efi	0.543316831683	0.262376237624	0.0742574257425	0.12004950495
-aie	0.276841147101	0.579725835181	0.0740299446288	0.0694030730894
-aia	0.770243997819	0.0923738957783	0.00510282753873	0.132279278864
-tia	0.134307445957	0.785628502802	0.0105084067254	0.0695556445156
-ono	0.0902293175634	0.0850870817615	0.0350978141829	0.789585786492
-tio	0.0	1.0	0.0	0.0
-eme	0.0612599587628	0.395547065385	0.0233931640906	0.519799811761
-ema	0.155016281325	0.198456133821	0.0319428460545	0.614584738799
-uwa	0.0688637481554	0.931136251845	0.0	0.0
-emo	0.0244590767528	0.970649107897	0.00489181535055	0.0
-emi	0.448369565217	0.4375	0.0489130434783	0.0652173913043
-260	0.331914893617	0.102127659574	0.0510638297872	0.514893617021
-emu	0.0303618901871	0.939496944191	0.00402209207647	0.0261190735454
-uwu	0.167736862796	0.580657843009	0.251605294195	0.0
-egi	0.217775645648	0.481267646088	0.025356894044	0.27559981422
-etu	0.381230356925	0.417362551508	0.0164266467602	0.184980444806
-000	0.204659952185	0.284643261344	0.0283149198088	0.482381866662
-eta	0.160228578326	0.396103446902	0.0429567257274	0.400711249044
-ete	0.405044720207	0.262276948272	0.0798479870422	0.252830344479
-eti	0.0955722006258	0.749786669195	0.11150090073	0.0431402294491
-eto	0.411421056625	0.520303819664	0.0257875791373	0.042487544574
-atu	0.12226387546	0.549057646815	0.157708736514	0.170969741212
-uyo	0.205335155963	0.708703012667	0.0522683924633	0.033693438907
-uya	0.545806947979	0.120080487661	0.0368704503758	0.297242113985
-bua	0.055828833164	0.741307098683	0.166907269778	0.0359567983746
-bue	0.0828911912199	0.833715775655	0.0266194401917	0.0567735929335
-wei	0.284799074349	0.0683127431919	0.00151263854184	0.645375543917
-ate	0.447439838313	0.219423559862	0.0569534249927	0.276183176832
-ata	0.440801886379	0.361199247481	0.0257497389561	0.172249127184
-ato	0.269076305221	0.712851405623	0.0180722891566	0.0
-wea	0.583333333333	0.250846023689	0.124365482233	0.0414551607445
-ati	0.0847218299915	0.89550974301	0.0112962439989	0.00847218299915
-ose	0.307692307692	0.351648351648	0.103021978022	0.237637362637
-kai	0.247347939656	0.449384295538	0.0202569433339	0.283010821472
-osa	0.140272949668	0.193467371452	0.187539944797	0.478719734082
-oso	0.0154759380963	0.89845240619	0.0542717829129	0.0317998728005
-osi	0.0604463533658	0.808160516921	0.0897256752298	0.041667454483
-kae	0.287878787879	0.689393939394	0.0227272727273	0.0
-nia	0.205717820065	0.573071668354	0.0276356118955	0.193574899686
-nie	0.356667056211	0.564800747926	0.0	0.0785321958631
-nio	0.0122302508817	0.95352504665	0.0117410408464	0.0225036616223
-kau	0.192104594735	0.737310000936	0.028073740358	0.0425116639707
-aji	0.0467289719626	0.641744548287	0.311526479751	0.0
-aje	0.863636363636	0.136363636364	0.0	0.0
-aja	0.166547788873	0.498573466476	0.283166904422	0.0517118402283
-fia	0.0145631067961	0.945388349515	0.0400485436893	0.0
-fie	0.406439622828	0.218941700456	0.0408859077929	0.333732768924
-yua	0.806548392904	0.0724043442606	0.0156409384563	0.105406324379
-ebi	0.495774843129	0.197190944076	0.0414223834244	0.265611829371
-iga	0.18425686173	0.436664940445	0.274054893837	0.105023303988
-oai	0.478723404255	0.494680851064	0.0212765957447	0.00531914893617
-eba	0.250233392223	0.163874052643	0.0801485148001	0.505744040334
-igi	0.0352112676056	0.852112676056	0.0985915492958	0.0140845070422
-igo	0.341513292434	0.302658486707	0.18200408998	0.173824130879
-ebe	0.453145466113	0.183677207645	0.066160198024	0.297017128217
-ami	0.306948480301	0.570526761914	0.0537794924987	0.0687452652856
-igu	0.0836467984482	0.665412806207	0.173184216505	0.0777561788392
-ama	0.124352990591	0.338136850984	0.0226024844089	0.514907674016
-ame	0.187445391	0.740088466579	0.0413390126693	0.031127129751
-usi	0.35275606322	0.344322882028	0.0485753757451	0.254345679007
-iro	0.349967975543	0.184614549043	0.0345603527322	0.430857122682
-iri	0.19981619256	0.691002188184	0.0421006564551	0.0670809628008
-eio	0.0	1.0	0.0	0.0
-eia	0.0689655172414	0.896551724138	0.0	0.0344827586207
-ire	0.507367859815	0.244852715969	0.070664047328	0.177115376888
-eie	0.718562874252	0.0	0.0359281437126	0.245508982036
-ira	0.200218465825	0.49285601929	0.241982194398	0.0649433204862
-gui	0.510502935464	0.489497064536	0.0	0.0
-iru	0.599524658348	0.322836205189	0.0142602495544	0.0633788869083
-oua	0.498423741711	0.436351777367	0.0521795847374	0.0130448961844
-usu	0.262295081967	0.622950819672	0.0819672131148	0.0327868852459
-wie	0.580566472422	0.311017753083	0.00813118308714	0.100284591408
-wia	0.297527766981	0.271062271062	0.0288564597246	0.402553502232
-350	0.205240174672	0.25327510917	0.0786026200873	0.46288209607
-iye	0.109359922805	0.674304202221	0.0811685240195	0.135167350955
-uea	0.598314606742	0.266853932584	0.0	0.134831460674
-bea	0.289212429029	0.412502713834	0.142856203001	0.155428654136
-owi	0.14778826692	0.682216939005	0.133239162923	0.0367556311512
-uri	0.40109870814	0.473650086068	0.0326200526889	0.0926311531035
-owa	0.0858675049633	0.389360261321	0.0734207646761	0.451351469039
-agu	0.0140186915888	0.985981308411	0.0	0.0
-ago	0.211870447391	0.280982644602	0.0769690959493	0.430177812058
-aga	0.370629370629	0.524475524476	0.104895104895	0.0
-age	0.0601729955875	0.652417063555	0.0298711604082	0.257538780449
-ija	0.00260378996095	0.992333285115	0.00332706495009	0.00173585997396
-one	0.158357771261	0.695014662757	0.0263929618768	0.120234604106
-anu	0.0555977516861	0.080824215966	0.014269367413	0.849308664935
-ega	0.0495356037152	0.913312693498	0.0371517027863	0.0
-ona	0.297169114939	0.233804693917	0.0672019563847	0.40182423476
-ego	0.381892443839	0.318584070797	0.166780122532	0.132743362832
-dau	0.273184759166	0.529115744069	0.0898634076204	0.107836089144
-ije	0.794208893485	0.11271975181	0.0930713547053	0.0
-oni	0.0748639926004	0.8473324272	0.0238749991546	0.0539285810453
-450	0.347569955817	0.300441826215	0.265095729013	0.0868924889543
-ana	0.28359183942	0.165432063025	0.0515092853185	0.499466812236
-onu	0.0637179646757	0.711790644936	0.0579709901258	0.166520400262
-ane	0.248673514586	0.0886460193602	0.0239396723183	0.638740793736
-ani	0.251130533462	0.349768637229	0.0532275230736	0.345873306236
-ank	0.0884274734659	0.0648920336708	0.0107941929974	0.835886299866
-tai	0.0838707804891	0.310215708907	0.278551707232	0.327361803372
-tae	0.441904163997	0.224499738143	0.077709396781	0.255886701079
-mia	0.885714285714	0.114285714286	0.0	0.0
-enu	0.178287363213	0.420100593104	0.133148802661	0.268463241022
-oea	0.328871892925	0.556405353728	0.0917782026769	0.0229445506692
-eno	0.111436173812	0.0893011888109	0.00908887941628	0.790173757961
-eni	0.0344180080968	0.335422557704	0.0167079015268	0.613451532672
-ene	0.203045667376	0.186817565329	0.136224918198	0.473911849097
-ena	0.455183674544	0.296827778868	0.103580697237	0.144407849351
