-rbu	0.0833118326106	0.848024569084	0.0466912468477	0.0219723514577
-eus	0.0246575342466	0.975342465753	0.0	0.0
-hem	0.0247299657837	0.956035616385	0.0109910959038	0.00824332192788
-lek	0.361785942996	0.370058844187	0.136281807175	0.131873405642
-700	0.454545454545	0.381818181818	0.0181818181818	0.145454545455
-ive	0.146218531533	0.818689020899	0.017546223784	0.017546223784
-rbe	0.340752514573	0.487196936259	0.0683678899826	0.103682659185
-rbo	0.134263208079	0.26023582254	0.17397282629	0.431528143091
-lem	0.164251167497	0.763643007198	0.0196387265486	0.0524670987568
-aus	0.301204819277	0.602409638554	0.0	0.0963855421687
-oya	0.0745341614907	0.391304347826	0.534161490683	0.0
-oyi	0.0873383895941	0.262015168782	0.599854599756	0.0507918418675
-aua	0.484641638225	0.505119453925	0.0	0.0102389078498
-nsi	0.103377233016	0.249185030643	0.605189724866	0.0422480114748
-aug	0.0794701986755	0.841059602649	0.0794701986755	0.0
-auk	0.125167699812	0.152397333315	0.104767146661	0.617667820212
-aul	0.126050420168	0.72268907563	0.151260504202	0.0
-puw	0.415898516373	0.537354051444	0.0388464577298	0.00790097445351
-pus	0.115031247666	0.836864776038	0.0449667604511	0.00313721584543
-nta	0.236352089598	0.645440287431	0.0549460188697	0.063261604101
-uak	0.510638297872	0.265957446809	0.0	0.223404255319
-nte	0.494359897669	0.190818328278	0.0383802112971	0.276441562755
-kia	0.00356946732565	0.960735859418	0.0214168039539	0.0142778693026
-apa	0.242078331037	0.327002558552	0.129797283999	0.301121826412
-pul	0.608709429179	0.391290570821	0.0	0.0
-pun	0.30374940674	0.511153298529	0.0996677740864	0.0854295206454
-war	0.344257856207	0.564881262971	0.0346062465803	0.0562546342418
-pre	0.222043443282	0.388576025744	0.0868865647627	0.302493966211
-aki	0.186844613918	0.753098188751	0.0	0.0600571973308
-pri	0.179759172537	0.220902904817	0.065281285338	0.534056637308
-opu	0.549332103693	0.275011888122	0.0229116532415	0.152744354943
-ape	0.0527419820359	0.23153098321	0.350425079063	0.365301955691
-kik	0.217291548573	0.198531595001	0.40124706454	0.182929791886
-opo	0.0897778998173	0.849083823545	0.0425084752923	0.0186298013455
-opi	0.135608856089	0.811808118081	0.0525830258302	0.0
-job	0.0166666666667	0.85	0.1	0.0333333333333
-ope	0.260397830018	0.598553345389	0.130198915009	0.0108499095841
-opa	0.0500978473581	0.934637964775	0.00117416829746	0.0140900195695
-gke	0.16932865046	0.72328509216	0.0229146233014	0.0844716340793
-oum	0.117453770056	0.833607159087	0.0440451637711	0.00489390708567
-imu	0.720987654321	0.21975308642	0.0592592592593	0.0
-mse	0.0967741935484	0.58064516129	0.0	0.322580645161
-oku	0.0	0.173245614035	0.826754385965	0.0
-rwu	0.209268661453	0.518737587587	0.0780825597994	0.193911191161
-msi	0.108108108108	0.324324324324	0.5	0.0675675675675
-dek	0.0886980666393	0.864253393665	0.0293089263677	0.0177396133278
-dem	0.558094937042	0.215626152468	0.0439386755176	0.182340234972
-den	0.52684191268	0.15506474099	0.0957816117755	0.222311734554
-400	0.0617874218463	0.0198602427363	0.00882677454947	0.909525560868
-oko	0.290965188812	0.336642296599	0.312428734322	0.059963780267
-des	0.0382165605096	0.942675159236	0.0	0.0191082802548
-ime	0.144295198981	0.148216786421	0.260900471348	0.446587543251
-rwi	0.366713681241	0.332863187588	0.0465444287729	0.253878702398
-oke	0.272807264411	0.471577529915	0.158846642989	0.0967685626854
-rwe	0.0475352112676	0.0657276995305	0.843603286385	0.0431338028169
-oul	0.0673673714414	0.867615636637	0.0140412283022	0.050975763619
-kis	0.0607916703705	0.906335274968	0.006339803399	0.0265332512625
-obo	0.319505514911	0.373542876393	0.0537123326492	0.253239276046
-lle	0.290322580645	0.322580645161	0.193548387097	0.193548387097
-idi	0.439075876627	0.451155154216	0.109768969157	0.0
-let	0.164983988711	0.541934826886	0.0135346859457	0.279546498457
-rpe	0.0700525394045	0.741900175131	0.0623905429072	0.125656742557
-ida	0.0125759798784	0.961912746654	0.00179656855406	0.0237147049136
-rga	0.0126984126984	0.980952380952	0.0	0.00634920634921
-bia	0.0656455142232	0.91466083151	0.0131291028446	0.00656455142232
-tla	0.569672131148	0.209016393443	0.0983606557377	0.122950819672
-rpu	0.166666666667	0.739495798319	0.0686274509804	0.0252100840336
-bik	0.0417536534447	0.853862212944	0.062630480167	0.0417536534447
-tle	0.201550387597	0.705426356589	0.0930232558139	0.0
-obu	0.671610169492	0.216101694915	0.112288135593	0.0
-tep	0.0471171092468	0.043252392507	0.0023844454561	0.90724605279
-rig	0.511514614703	0.321080602303	0.167404782994	0.0
-ter	0.205091730832	0.104717934534	0.0182581339116	0.671932200722
-uta	0.239749176878	0.484974192816	0.214142860886	0.0611337694209
-tet	0.359001392902	0.431284327518	0.111113013058	0.0986012665224
-bbe	0.323232323232	0.466666666667	0.191919191919	0.0181818181818
-ute	0.601325391555	0.209730444433	0.0358476213845	0.153096542628
-rin	0.378883607688	0.23313486786	0.0460910550165	0.341890469436
-ril	0.0	0.869451697128	0.130548302872	0.0
-rim	0.323796137248	0.350305122273	0.0308454341821	0.295053306296
-bbo	0.321428571429	0.241071428571	0.4375	0.0
-oye	0.392550185652	0.174990540296	0.0551057906734	0.377353483378
-eru	0.268457210841	0.617663270467	0.0626739310075	0.0512055876846
-lab	0.467213114754	0.147540983607	0.360655737705	0.0245901639344
-tea	0.0857771260997	0.870234604106	0.0131964809384	0.0307917888563
-rit	0.0508474576271	0.86906779661	0.0330508474576	0.0470338983051
-ris	0.0204081632653	0.979591836735	0.0	0.0
-nas	0.0675278331786	0.469148901562	0.202933838489	0.26038942677
-mur	0.019786229392	0.0461720882932	0.18214386686	0.751897815455
-tek	0.241423802418	0.149388878052	0.0399531343871	0.569234185143
-tem	0.566496589035	0.203553173992	0.0377616037089	0.192188633264
-ten	0.375692941469	0.200411487718	0.0428849571421	0.381010613672
-riy	0.122681029324	0.846541848337	0.0294947422417	0.00128238009746
-met	0.649926462713	0.135979822857	0.0226331622198	0.191460552211
-ara	0.254022015241	0.605518752802	0.103103053245	0.037356178712
-mes	0.0683039140445	0.887950882579	0.0391404451266	0.00460475825019
-mer	0.458343884528	0.450493795898	0.0455811597873	0.0455811597873
-gol	0.106513409962	0.66245210728	0.224137931034	0.00689655172413
-wak	0.444471865745	0.331564659427	0.0992102665351	0.124753208292
-gye	0.704	0.168	0.032	0.0959999999999
-lus	0.190656934307	0.771678832117	0.021897810219	0.0157664233577
-ari	0.0640165156856	0.105274912112	0.0134911884236	0.817217383778
-two	0.757142857143	0.1	0.142857142857	0.0
-aru	0.484240687679	0.289398280802	0.0659025787966	0.160458452722
-meg	0.324607329843	0.495055264689	0.152414194299	0.0279232111693
-luk	0.0758928571428	0.843344155844	0.020698051948	0.0600649350649
-mea	0.0	1.0	0.0	0.0
-lum	0.406113537118	0.436681222707	0.10480349345	0.0524017467249
-lun	0.01150515106	0.98849484894	0.0	0.0
-mem	0.319368689799	0.590112568179	0.0533828478589	0.0371358941627
-mel	0.030144420871	0.541134926742	0.414653255981	0.0140673964064
-men	0.700399063388	0.168789214115	0.048441385475	0.0823703370222
-mei	0.278865021171	0.486762179265	0.112544947565	0.121827851999
-mek	0.355803937005	0.421965647948	0.154765169888	0.0674652451583
-lug	0.273573923166	0.421420256112	0.133876600698	0.171129220023
-aye	0.422872147019	0.363087822557	0.12636366563	0.0876763647947
-mow	0.352306137257	0.285038732704	0.0147528194976	0.347902310541
-ins	0.255642101058	0.497303774716	0.141801477931	0.105252646295
-ero	0.0475247524753	0.952475247525	0.0	0.0
-ayi	0.433689503457	0.495600251414	0.0235700817096	0.0471401634192
-gok	0.0466321243523	0.901554404145	0.0518134715026	0.0
-bke	0.443201564131	0.230767184173	0.230661120685	0.0953701310118
-tyu	0.0539730134933	0.931034482759	0.00449775112444	0.0104947526237
-nwu	0.438016528926	0.347107438017	0.165289256198	0.0495867768595
-era	0.149847231602	0.345715071929	0.361361666306	0.143076030163
-mor	0.0300751879699	0.93984962406	0.0300751879699	0.0
-bte	0.545163868905	0.254196642686	0.10551558753	0.0951239008793
-sri	0.181559915819	0.496375677962	0.0664131881781	0.255651218041
-wul	0.191956220747	0.610323107432	0.170915974329	0.0268046974918
-ubu	0.178388388661	0.242684899099	0.179826893045	0.399099819194
-ubo	0.377683549705	0.424046451734	0.163330110702	0.0349398878582
-uba	0.171403706826	0.456849797623	0.280987178511	0.0907593170395
-ube	0.397969786243	0.501445042124	0.0295264396564	0.0710587319768
-umu	0.26359832636	0.640167364017	0.0334728033473	0.0627615062761
-ota	0.0	0.990890688259	0.00910931174088	0.0
-ote	0.458587194385	0.146331099611	0.0385864648009	0.356495241204
-ums	0.223140495868	0.322314049587	0.355371900826	0.099173553719
-oti	0.0586890316995	0.892163699108	0.0133776469315	0.0357696222613
-kbe	0.465522119175	0.299526095512	0.177216935861	0.0577348494519
-uma	0.122826708143	0.273581922564	0.0269874458624	0.57660392343
-kbo	0.205299717592	0.670787812945	0.0844679053926	0.039444564071
-umo	0.382591093117	0.380566801619	0.109311740891	0.127530364372
-nha	0.415525114155	0.429223744292	0.118721461187	0.0365296803653
-ple	0.388012618297	0.526813880126	0.0	0.0851735015773
-mke	0.248473663238	0.328324124325	0.0332515179009	0.389950694535
-kbi	0.249307479224	0.750692520776	0.0	0.0
-nak	0.163075147377	0.600548185528	0.133181660145	0.103195006949
ALL	0.22836774518	0.274907728087	0.0512860929651	0.445438433768
-nai	0.123010239221	0.757358923734	0.0534900592314	0.0661407778135
-nan	0.201216045409	0.617796176129	0.0474107348429	0.133577043619
-nal	0.0815217391304	0.402173913043	0.342391304348	0.173913043478
-nam	0.404045598697	0.374246450101	0.0742835918974	0.147424359304
-sis	0.125260960334	0.849686847599	0.0250521920668	0.0
-sir	0.18122545773	0.607961254707	0.178547513588	0.0322657739755
-ake	0.135484785218	0.55313886654	0.112999081816	0.198377266426
-sip	0.135421009484	0.72441219804	0.0745611927175	0.0656055997584
-kin	0.204906108446	0.240802154356	0.112765222537	0.44152651466
-kim	0.510960409043	0.416566581036	0.0119111536968	0.0605618562236
-fet	0.682634730539	0.0898203592814	0.0179640718563	0.209580838323
-sik	0.287994891443	0.656449553001	0.0229885057471	0.0325670498084
-kir	0.0576342339516	0.0334900469981	0.0717013491727	0.837174369878
-kip	0.326601845813	0.0501718848724	0.0182354489665	0.604990820348
-sin	0.354034757368	0.206913461626	0.0452610906315	0.393790690375
-sim	0.493510420041	0.126018479954	0.0407669643821	0.339704135622
-kit	0.732502073464	0.184840518999	0.025978042369	0.0566793651686
-nar	0.424221611722	0.288919413919	0.122710622711	0.164148351648
-sib	0.0	0.52366596322	0.370817003316	0.105517033464
-sia	0.0134665775844	0.965836022384	0.0141962936112	0.00650110642008
-sig	0.367550874528	0.438071912933	0.0489266217895	0.145450590749
-lup	0.0457356536747	0.91284337696	0.0232992952682	0.0181216740975
-nat	0.0355239786856	0.842510361161	0.0568383658969	0.0651272942569
-nau	0.196010375945	0.756494099595	0.0171714588433	0.0303240656169
-wuk	0.266797537253	0.352190595164	0.246274649772	0.13473721781
-mou	0.251755369782	0.66436387284	0.0382647050508	0.0456160523265
-mos	0.0247422680412	0.962886597938	0.00618556701031	0.00618556701031
-wun	0.447266216777	0.225578963552	0.0994517241915	0.227703095479
-wum	0.599757199335	0.186909134398	0.0459928198028	0.167340846464
-gon	0.0	1.0	0.0	0.0
-elu	0.189104275863	0.549449861284	0.0635211713606	0.197924691492
-god	0.0414691721926	0.614169915849	0.00779798102123	0.336562930937
-lku	0.224651840269	0.702026772081	0.0414757536809	0.0318456339688
-mog	0.302325581395	0.616279069767	0.0348837209302	0.046511627907
-lki	0.0	1.0	0.0	0.0
-wur	0.363487388899	0.355075039922	0.096526670376	0.184910900803
-wus	0.264690587624	0.370432712045	0.0457891999891	0.319087500342
-mon	0.0811618585148	0.898254535722	0.00331376934891	0.0172698364145
-mom	0.44782465573	0.337823009821	0.0639161683217	0.150436166127
-mol	0.24842914835	0.349641744907	0.177126912774	0.224802193969
-mok	0.186393058536	0.614650939505	0.0605072377092	0.13844876425
-moi	0.0869414165979	0.700670227704	0.132540061667	0.0798482940317
-lke	0.163944670933	0.516821363362	0.0780522104565	0.241181755249
-yau	0.341935483871	0.29935483871	0.130875576037	0.227834101383
-yar	0.330856649045	0.114922752791	0.0512765364989	0.502944061666
-ber	0.145278450363	0.64406779661	0.105326876513	0.105326876513
-bes	0.31914893617	0.553191489362	0.0797872340425	0.0478723404255
-eor	0.0472440944881	0.952755905512	0.0	0.0
-bet	0.348164813515	0.382480618718	0.0913265774146	0.178027990352
-nus	0.0475435816165	0.923930269414	0.0237717908082	0.00475435816165
-bek	0.206137406288	0.665184066242	0.0626608481593	0.0660176793108
-lpe	0.179699980776	0.584666273358	0.172845807619	0.0627879382461
-bei	0.334600760456	0.448669201521	0.125475285171	0.0912547528517
-ben	0.523249992343	0.350516565795	0.070129689923	0.0561037519384
-gow	0.573033707865	0.292134831461	0.0898876404494	0.0449438202247
-bel	0.0473621550258	0.749528226788	0.0139201934745	0.189189424711
-bem	0.470582407181	0.30293624229	0.0584713405372	0.168010009991
-yam	0.634379044562	0.0656893153341	0.0106497060382	0.289281934066
-yan	0.631852198027	0.0353587022345	0.0106878833892	0.32210121635
-yak	0.617476432197	0.287527193619	0.0478607686729	0.0471356055112
-iso	0.201041742024	0.586269261376	0.0334225566085	0.179266439991
-rek	0.19318244985	0.512714048769	0.104471813031	0.18963168835
-sil	0.154956193094	0.719807593197	0.0561759147913	0.0690602989177
-ren	0.434048820208	0.177313416367	0.041530843452	0.347106919973
-pol	0.0440589749078	0.849131486492	0.0041039737732	0.102705564827
-isi	0.0753136937303	0.807934022322	0.0941555717203	0.022596712227
-rem	0.153148999938	0.0577922542135	0.0114786059495	0.777580139899
-lye	0.640025504666	0.1192189382	0.098980519257	0.141775037877
-reg	0.210610955056	0.756523876405	0.0164325842697	0.0164325842697
-isa	0.259096532349	0.451129401872	0.195693963256	0.0940801025232
-ama	0.155944249031	0.737091681773	0.0659071537473	0.0410569154492
-pak	0.201180236047	0.67449489898	0.0712142428485	0.0531106221244
-eva	0.0	0.981132075472	0.0188679245283	0.0
-upa	0.166848207199	0.633467596593	0.047441253784	0.152242942423
-rer	0.169739912639	0.136364838603	0.190281888495	0.503613360262
-upo	0.187572012497	0.219166076642	0.161307992039	0.431953918823
-rep	0.0858661941328	0.108159592492	0.0102553997779	0.795718813597
-ist	0.47619047619	0.460317460317	0.0634920634921	0.0
-ret	0.0355725939464	0.948647082423	0.00374448357331	0.0120358400571
-reu	0.0	1.0	0.0	0.0
-bwo	0.394366197183	0.43661971831	0.140845070423	0.0281690140845
-jut	0.0956175298805	0.814741035857	0.0537848605577	0.0358565737052
-map	0.535067596679	0.129545745659	0.0445986701911	0.29078798747
-mas	0.244417994059	0.724984451136	0.00933656730374	0.0212609875015
-mar	0.309455587393	0.67335243553	0.0	0.0171919770774
-ham	0.0638652585858	0.899167925415	0.0314331538494	0.00553366215019
-hap	0.0212014134276	0.978798586572	0.0	0.0
-har	0.136914018804	0.736436012027	0.0906357599271	0.0360142092425
-has	0.0	1.0	0.0	0.0
-hat	0.0	0.971698113208	0.0	0.0283018867925
-mal	0.66889632107	0.290969899666	0.0	0.0401337792642
-man	0.181276184512	0.656718131952	0.129471071497	0.0325346120386
-ptu	0.250909090909	0.396363636364	0.309090909091	0.0436363636364
-une	0.35197967233	0.238205400485	0.0671647451456	0.342650182039
-una	0.200379146919	0.562748815166	0.14663507109	0.0902369668246
-mfa	0.247191011236	0.752808988764	0.0	0.0
-nke	0.165373015656	0.472738590105	0.100085542601	0.261802851638
-pte	0.179532910839	0.283045133869	0.0647430992629	0.472678856029
-pta	0.0	1.0	0.0	0.0
-nki	0.0974024830501	0.883226204103	0.00158492559655	0.0177863872502
-pti	0.415511877077	0.25111231457	0.0178395081393	0.315536300213
-iri	0.218056267759	0.367278111469	0.249762927164	0.164902693607
-tre	0.407894736842	0.434210526316	0.131578947368	0.0263157894737
-tra	0.0	1.0	0.0	0.0
-500	0.0119272438127	0.0119272438127	0.0134181492893	0.962727363085
-eon	0.095680258377	0.897052886556	0.00484457004441	0.0024222850222
-gan	0.739376770538	0.158640226629	0.0509915014164	0.0509915014164
-ein	0.680539511653	0.138876120617	0.0172674191489	0.163316948582
-tri	0.100402906759	0.394196893349	0.025725648607	0.479674551285
-gai	0.0	1.0	0.0	0.0
-adi	0.0	1.0	0.0	0.0
-ouk	0.0806722689076	0.878991596639	0.0201680672269	0.0201680672269
-144	0.0265985743164	0.0844770720289	0.00638365783594	0.882540695819
-gat	0.0	1.0	0.0	0.0
-gar	0.123028391167	0.814668769716	0.038643533123	0.0236593059936
-sne	0.202234766921	0.0701080525325	0.0444237521581	0.683233428389
-puk	0.623299116734	0.336595846264	0.0401050370017	0.0
-nor	0.0	0.983333333333	0.0166666666667	0.0
-owk	0.0	0.980815347722	0.00479616306957	0.0143884892086
-sen	0.504212464608	0.186771558815	0.0641493849848	0.244866591592
-sem	0.465459834044	0.320095212536	0.0478366136118	0.166608339808
-sel	0.107223556385	0.735145196364	0.0673627812185	0.0902684660319
-sek	0.177920281655	0.717507020412	0.0727188901463	0.0318538077874
-nub	0.811320754717	0.188679245283	0.0	0.0
-sei	0.454365079365	0.545634920635	0.0	0.0
-seg	0.127503296365	0.834892044799	0.0211526205952	0.0164520382407
-ina	0.130911405265	0.732163676515	0.07516288637	0.0617620318496
-ywo	0.359022556391	0.470864661654	0.0112781954887	0.158834586466
-sea	0.114352392065	0.766627771295	0.108518086348	0.0105017502917
-ira	0.0921622686096	0.878298542733	0.00708940527767	0.0224497833793
-kni	0.19975565058	0.141111789859	0.0846059865607	0.574526572999
-oha	0.0391451656387	0.847475881697	0.0152728404704	0.0981061121936
-ija	0.00743448361315	0.988104826219	0.0	0.0044606901679
-lbu	0.398193775646	0.489273200802	0.0779074778438	0.0346255457083
-kna	0.197503632967	0.623378139921	0.0777844093834	0.101333817729
-ses	0.0403069061608	0.916696954289	0.0248255155915	0.0181706239583
-ser	0.0789578108674	0.809186573269	0.0806050102753	0.031250605588
-sep	0.0527424424441	0.933310843056	0.00403179357217	0.00991492092748
-kuw	0.291790642411	0.544261836771	0.0405375721389	0.123409948679
-ous	0.117647058824	0.598930481283	0.283422459893	0.0
-bea	0.0740740740741	0.759259259259	0.166666666667	0.0
-kus	0.0480897874238	0.915043853129	0.0257172588078	0.0111491006392
-kur	0.123181691341	0.691395682531	0.047718488848	0.13770413728
-ede	0.32	0.56	0.08	0.04
-iam	0.0	0.992110453649	0.0078895463511	0.0
-net	0.317796610169	0.353813559322	0.264830508475	0.0635593220339
-edi	0.0	1.0	0.0	0.0
-ner	0.132928919953	0.741395226164	0.0313859949888	0.0942898588949
-nes	0.210101880179	0.178517134394	0.036102252813	0.575278732614
-nep	0.103851302184	0.850296012146	0.0290532103169	0.0167994753533
-nen	0.442111457467	0.24745479401	0.043613505622	0.266820242901
-nel	0.0617693021726	0.88465108628	0.0191523611454	0.0344272504024
-nem	0.44242670748	0.125445977026	0.0378366349625	0.394290680532
-nek	0.23183422895	0.373637319462	0.087162760403	0.307365691185
-ias	0.0602628047193	0.901428199427	0.020481541574	0.0178274542796
-tke	0.253290444399	0.587887198126	0.0717791787137	0.087043178761
-blu	0.348214285714	0.571428571429	0.0803571428571	0.0
-kun	0.672410394369	0.194018947344	0.0361785271165	0.0973921311704
-kum	0.569174054291	0.324689746485	0.0164436364995	0.0896925627247
-kul	0.220709046056	0.547807649723	0.149207150958	0.0822761532634
-kuk	0.394581386606	0.479754041136	0.0298050588046	0.0958595134526
-nil	0.547899159664	0.401680672269	0.0504201680673	0.0
-aom	0.298533657432	0.449678387462	0.0436129417237	0.208175013382
-mte	0.465978825275	0.430844965945	0.0849686425248	0.0182075662553
-ban	0.697768842636	0.136983601388	0.0906654052349	0.0745821507411
-eka	0.246834939088	0.648857393105	0.0636993391193	0.0406083286886
-bam	0.473556926837	0.427254653895	0.0134259378792	0.0857624813887
-bak	0.692204301075	0.0981182795699	0.00806451612903	0.201612903226
-eke	0.18052503176	0.120793164564	0.0221445734769	0.676537230199
-bai	0.183228885779	0.622950663684	0.0597225566136	0.134097893923
-eki	0.34109349551	0.284550901783	0.103551843163	0.270803759545
-jop	0.0350877192982	0.929824561404	0.0350877192982	0.0
-iyp	0.0912150400372	0.844957641871	0.0269235232679	0.0369037948242
-hor	0.0	1.0	0.0	0.0
-hos	0.0995254237288	0.869830508475	0.00488135593221	0.0257627118644
-jon	0.0311314210099	0.924462483058	0.0135289601217	0.0308771358105
-rei	0.772151898734	0.126582278481	0.101265822785	0.0
-gsi	0.271895855648	0.623259454561	0.0121529208206	0.0926917689709
-how	0.0714728073957	0.0690744884937	0.0272575840483	0.832195120062
-wyi	0.351890756303	0.46218487395	0.0252100840336	0.160714285714
-iru	0.546271338724	0.0404312668464	0.0134770889488	0.399820305481
-wye	0.599114802147	0.222224618671	0.0164825247777	0.162178054404
-bau	0.463504686169	0.454700369213	0.040897472309	0.040897472309
-bar	0.454008660281	0.410838472641	0.0551108778375	0.0800419892402
-bas	0.367480965493	0.434890461335	0.0648490235886	0.132779549583
-wya	0.164383561644	0.342465753425	0.191780821918	0.301369863014
-dru	0.0171877857012	0.972389833608	0.0	0.0104223806912
-ase	0.0350812172032	0.881130346054	0.0326286839317	0.0511597528112
-asa	0.0228426395939	0.914340101523	0.00571065989847	0.0571065989847
-nye	0.457645643298	0.27252440713	0.0542854357333	0.215544513839
-yes	0.659574468085	0.191489361702	0.0425531914894	0.106382978723
-yer	0.174028468143	0.739719837325	0.0435494803434	0.0427022141889
-iyo	0.773770491803	0.173770491803	0.0524590163934	0.0
-asi	0.379381443299	0.462268041237	0.148453608247	0.00989690721649
-oru	0.25850340136	0.680272108844	0.0170068027211	0.0442176870748
-yei	0.0568350391925	0.104943940595	0.0522101998206	0.786010820392
-mba	0.0891505466778	0.910849453322	0.0	0.0
-yek	0.234154352955	0.622732860879	0.0315180398058	0.11159474636
-yem	0.518526642126	0.257449024634	0.0887541901813	0.135270143058
-mbe	0.4872703835	0.411214953271	0.101514663229	0.0
-yen	0.112555128699	0.681493058259	0.0464391760245	0.159512637018
-iyi	0.359601741331	0.0541917516636	0.0791651508965	0.507041356108
-lta	0.0830324909747	0.888086642599	0.00722021660649	0.0216606498195
-lte	0.461151153694	0.25267088971	0.163706348413	0.122471608183
-mbo	0.0805247639724	0.707971601092	0.120158226219	0.0913454087163
-iwu	0.0116373792622	0.688118235773	0.300244384964	0.0
-dia	0.0328751873261	0.952823806465	0.00736459002355	0.00693641618497
-430	0.370629370629	0.0	0.0	0.629370629371
-ras	0.310395968323	0.449589632829	0.0871130309575	0.152901367891
-rap	0.265028177624	0.588460070212	0.0978434511549	0.0486683010098
-ran	0.454236463393	0.265468544024	0.038277285068	0.242017707515
-eri	0.0308330560768	0.0677210494282	0.0129226586961	0.888523235799
-ral	0.0195143104944	0.706201214224	0.274284475282	0.0
-ram	0.509048532544	0.245096727681	0.0479727254035	0.197882014371
-wgu	0.197183098592	0.605633802817	0.0	0.197183098592
-rak	0.18783871659	0.717556799097	0.0417926870954	0.0528117972175
-rai	0.159140315633	0.108229145071	0.0427324469952	0.689898092301
-rag	0.75	0.125	0.0865384615384	0.0384615384615
-iwi	0.177225160346	0.203049397997	0.0303814560594	0.589343985597
-iwo	0.49291740381	0.302547809029	0.057286589402	0.147248197759
-ere	0.146053337359	0.0865341933029	0.0108273121374	0.756585157201
-swe	0.077962989284	0.122706146778	0.771581325379	0.0277495385587
-use	0.136022629443	0.802238347067	0.0184479153856	0.0432911081048
-bob	0.216346153846	0.103365384615	0.536057692308	0.144230769231
-por	0.126850176876	0.716811222207	0.0231530514113	0.133185549506
-pow	0.459360978107	0.398590658596	0.0562682566929	0.0857801066041
-pot	0.505910165485	0.234549138804	0.0412022965215	0.218338399189
-pou	0.145071586326	0.27575189509	0.217776320574	0.36140019801
-swu	0.507246376812	0.0579710144928	0.376811594203	0.0579710144927
-pok	0.352481649826	0.412185550627	0.196120814318	0.0392119852285
-poi	0.0793942357364	0.835673493839	0.0075730917123	0.0773591787123
-pon	0.712	0.176	0.064	0.048
-nri	0.251276078243	0.596879175088	0.104056044671	0.0477887019972
-pom	0.762376237624	0.0544554455445	0.0742574257426	0.108910891089
-eik	0.0869094319187	0.678474726262	0.0284634993594	0.20615234246
-oub	0.234349139553	0.254418819244	0.0441534571783	0.467078584024
-ike	0.269206714493	0.373931148681	0.0556233388316	0.301238797995
-lag	0.0836907807156	0.905150448522	0.0111587707621	0.0
-oug	0.23595505618	0.76404494382	0.0	0.0
-ika	0.0189813350206	0.94748497311	0.0268902246124	0.0066434672572
-iko	0.0103857566766	0.976261127596	0.013353115727	0.0
-lam	0.83228884768	0.0587577236958	0.00649530619304	0.102458122432
-lan	0.348426519582	0.144211457157	0.0278456289274	0.479516394334
-nos	0.0382165605096	0.96178343949	0.0	0.0
-ruk	0.0406043437205	0.85835694051	0.0028328611898	0.0982058545798
-lai	0.0346820809249	0.965317919075	0.0	0.0
-iki	0.338848920863	0.315827338129	0.345323741007	0.0
-lak	0.248792148124	0.594244565291	0.0832866418613	0.0736766447234
-lat	0.08391901291	0.851520432271	0.038008206333	0.0265523484855
-our	0.21023208538	0.732170083009	0.0201592410639	0.0374385905472
-fos	0.00485436893204	0.995145631068	0.0	0.0
-iks	0.0582582582582	0.911311311311	0.00720720720721	0.0232232232232
-non	0.0215053763441	0.935483870968	0.0430107526882	0.0
-las	0.205629663175	0.770728033465	0.0122589721126	0.0113833312474
-noa	0.0	1.0	0.0	0.0
-ppa	0.614035087719	0.0701754385965	0.0	0.315789473684
-ibe	0.359466023552	0.383294546206	0.126656999025	0.130582431217
-gek	0.645435584791	0.141344456923	0.0736403016204	0.139579656666
-gei	0.0949367088608	0.680379746836	0.200949367089	0.0237341772152
-bog	0.72	0.216	0.016	0.048
-myu	0.0	1.0	0.0	0.0
-gen	0.463249729524	0.364011070974	0.055739556128	0.116999643374
-gem	0.510699228669	0.307295810452	0.0590951692588	0.122909791621
-gel	0.395628812917	0.166925880182	0.146312066635	0.291133240266
-bom	0.673209381715	0.128435889601	0.0206514332957	0.177703295388
-bon	0.209462378639	0.173821763599	0.0401780449915	0.576537812771
-boi	0.293348290004	0.518493968427	0.0814856361123	0.106672105456
-bok	0.253447197892	0.300157723261	0.12604330285	0.320351775997
-bot	0.193548387097	0.161290322581	0.596774193548	0.0483870967742
-bou	0.0445357999315	0.852346694073	0.0455635491607	0.0575539568345
-bow	0.0607655133695	0.913640316597	0.00132098942108	0.0242731806123
-bop	0.320910189885	0.366206821009	0.231420736049	0.0814622530558
-pye	0.334720624294	0.32921394886	0.193198427482	0.142866999364
-bor	0.103792211141	0.64875672844	0.0617207882368	0.185730272182
-bos	0.0491540159165	0.747375108674	0.14779642881	0.0556744465994
-don	0.0396341463414	0.953506097561	0.0	0.00685975609756
-ger	0.24018113481	0.129365575329	0.586233754472	0.0442195353892
-dom	0.016583590769	0.965174459385	0.0149252316921	0.0033167181538
-dok	0.0	1.0	0.0	0.0
-get	0.394908466213	0.438220437538	0.126687427757	0.0401836684918
-sas	0.0180318870546	0.716792776532	0.0033977610773	0.261777575336
-sar	0.1113579279	0.852563264951	0.0196001568013	0.0164786503477
-tob	0.0656368335637	0.767265733005	0.14245356735	0.0246438660816
-sau	0.129446465625	0.104365682491	0.285507131705	0.480680720179
-sat	0.0	1.0	0.0	0.0
-ibu	0.182278481013	0.588185654008	0.128270042194	0.101265822785
-wri	0.335360547776	0.554347257555	0.0607688832886	0.0495233113811
-lfa	0.155422368631	0.727756896777	0.116820734592	0.0
-ges	0.0352518586584	0.260379249854	0.0300726756328	0.674296215855
-yke	0.256675397122	0.599748290758	0.0348651314671	0.108711180652
-ibo	0.37452908662	0.322652261203	0.161175189813	0.141643462364
-sag	0.0488044662042	0.787233249281	0.0801571805614	0.0838051039531
-ibi	0.159650949477	0.7877931479	0.0446229361892	0.00793296643364
-top	0.106448969075	0.0693378344303	0.019386554682	0.804826641813
-sak	0.104475827325	0.869286476958	0.018206629228	0.00803106648951
-ola	0.28320349253	0.501524218132	0.104248993263	0.111023296075
-ole	0.229789986364	0.437385951306	0.26404297023	0.0687810921004
-sam	0.433589025844	0.174031892758	0.286988231734	0.105390849664
-rot	0.0371837780058	0.89238326395	0.0459239453176	0.0245090127265
-rou	0.35	0.372	0.242	0.036
-ybo	0.328525641026	0.501702724359	0.120192307692	0.0495793269231
-iem	0.0	1.0	0.0	0.0
-iel	0.0329698856456	0.949144490115	0.0135758352658	0.00430978897327
-loi	0.0	0.968503937008	0.0	0.0314960629921
-owe	0.407596678296	0.490934106432	0.010318903248	0.0911503120239
-loe	0.0833333333333	0.869791666667	0.0	0.046875
-der	0.117689530686	0.882310469314	0.0	0.0
-rod	0.238532110092	0.174311926606	0.220183486239	0.366972477064
-rom	0.0957644452519	0.692812391943	0.169987751059	0.0414354117461
-ron	0.012474012474	0.966735966736	0.02079002079	0.0
-lou	0.334760079708	0.549043856415	0.00678313671461	0.109412927163
-los	0.0642094485886	0.91641070645	0.0	0.0193798449612
-rok	0.254416961131	0.724381625442	0.0106007067138	0.0106007067138
-ipi	0.0583615526313	0.84699809175	0.0539935362181	0.0406468194002
-ipa	0.0183209938512	0.651210942402	0.327644622914	0.00282344083323
-mat	0.0	1.0	0.0	0.0
-imi	0.146446548046	0.673550552023	0.0498166828925	0.130186217039
-ewe	0.0737324643765	0.147299237822	0.767922235723	0.0110460620789
-ewo	0.169240452538	0.483689150806	0.10732722393	0.239743172727
-det	0.0322580645161	0.967741935484	0.0	0.0
-awo	0.215993694896	0.443937889618	0.0409431044357	0.29912531105
-mak	0.166627727981	0.341606174475	0.0314116834583	0.460354414086
-awe	0.561831829555	0.402026941643	0.0295700962924	0.0065711325094
-dot	0.0666666666666	0.866666666667	0.0333333333333	0.0333333333333
-pbe	0.8869920654	0.0773423098501	0.00240442414042	0.0332612006092
-mam	0.425663170882	0.509561998766	0.0647748303516	0.0
-pbo	0.83316460822	0.0506175339138	0.0870621583317	0.0291556995343
-nge	0.470431500259	0.322329953371	0.132632669677	0.0746058766931
-pik	0.306454088905	0.648369481787	0.0326761551788	0.0125002741288
-276	0.0	0.133333333333	0.0	0.866666666667
-pke	0.231382664186	0.33474984462	0.0640266967976	0.369840794397
-wke	0.174134986468	0.658560444359	0.0275705199815	0.139734049191
--32	0.444915254237	0.323446327684	0.146892655367	0.0847457627119
-ste	0.496297695651	0.269792924494	0.129402865302	0.104506514553
-pku	0.898305084746	0.0	0.0	0.101694915254
-kiy	0.0842920904176	0.878666509601	0.0227745710135	0.0142668289682
-ain	0.063394045751	0.878889636719	0.0380366564836	0.0196796610468
-oli	0.13386226731	0.727167365394	0.100208902689	0.0387614646082
-eyi	0.359397210708	0.339655463772	0.10889770276	0.19204962276
-tou	0.04	0.72	0.24	0.0
-eya	0.262404611839	0.259807795761	0.0610351400355	0.416752452364
-200	0.0241381681714	0.259453379049	0.0553596164615	0.661048836318
-awu	0.299868766404	0.683727034121	0.0124671916011	0.00393700787403
-eye	0.502644713566	0.15349587129	0.0509504042557	0.292909010887
-iok	0.118700407463	0.839052112374	0.00686253484881	0.0353849453142
-lei	0.381167017784	0.455685659693	0.0955367203959	0.0676106021263
-ryu	0.15	0.55	0.21	0.09
-lel	0.0	1.0	0.0	0.0
-ion	0.0574137542842	0.805994045981	0.0547869812123	0.0818052185225
-len	0.28625361596	0.296425281648	0.279887953441	0.137433148952
-mum	0.182966824317	0.598853868195	0.129112438292	0.089066869196
-lea	0.0	1.0	0.0	0.0
-mun	0.358636528466	0.419557597002	0.0964583585157	0.125347516016
-muk	0.248511024088	0.643955324427	0.10541823539	0.00211541609479
-rye	0.258270977941	0.59920020467	0.0997990994476	0.0427297179415
-mus	0.431546382941	0.449507174984	0.045061676172	0.0738847659027
-rya	0.0704225352112	0.838732394366	0.0232394366197	0.0676056338028
-ios	0.213479052823	0.731876138434	0.024043715847	0.0306010928961
-les	0.190476190476	0.654761904762	0.142857142857	0.0119047619048
-oik	0.0267379679144	0.347593582888	0.625668449198	0.0
-iot	0.0594475027021	0.917276223513	0.0217680918986	0.00150818188673
-giy	0.596464258263	0.329746348962	0.0184473481937	0.0553420445811
-rri	0.0603253554534	0.153552071208	0.0317342045739	0.754388368765
-gir	0.183067650538	0.502055990537	0.314876358925	0.0
-san	0.378702026988	0.278100356329	0.114329108009	0.228868508675
-ndi	0.661290322581	0.177419354839	0.0	0.161290322581
-gin	0.377224921878	0.408779923737	0.0855898021833	0.128405352202
-gil	0.320675105485	0.616033755274	0.0506329113924	0.0126582278481
-ali	0.00905188323024	0.781794754253	0.139206992101	0.0699463704155
-ale	0.165429190948	0.648341088204	0.0931099889303	0.0931197319183
-nde	0.0666427803655	0.621282694375	0.0211393765675	0.290935148692
-gia	0.0149812734082	0.925093632959	0.0524344569288	0.00749063670412
-ala	0.00659250103008	0.99340749897	0.0	0.0
-lon	0.0653844819369	0.809407111304	0.0162023129726	0.109006093786
-120	0.0462427745665	0.0231213872832	0.0	0.93063583815
-nuk	0.174817898023	0.652445369407	0.147762747138	0.0249739854318
-emi	0.109702985887	0.375915444515	0.0435586713705	0.470822898228
-yop	0.312433581296	0.50265674814	0.0318809776833	0.15302869288
-yow	0.242054240401	0.394090238314	0.130603774583	0.233251746702
-obe	0.61616639004	0.14324376482	0.0333081014992	0.207281743641
-you	0.0107462686567	0.722985074627	0.242388059701	0.0238805970149
-yok	0.199815958985	0.491258051794	0.257657420797	0.0512685684238
-gum	0.264705882353	0.529411764706	0.107843137255	0.0980392156863
-row	0.203827426113	0.604688030801	0.156380930812	0.0351036122749
-yon	0.0186335403727	0.981366459627	0.0	0.0
-lok	0.0302457466919	0.837429111531	0.0283553875236	0.103969754253
-tbe	0.546998877369	0.289943174724	0.0370303595632	0.126027588344
-gwe	0.35652173913	0.108695652174	0.0130434782609	0.521739130435
-pel	0.0	0.649484536082	0.329896907217	0.020618556701
-pem	0.444334949686	0.337819793441	0.0873853992709	0.130459857602
-pen	0.599915461291	0.203816535805	0.030741488711	0.165526514193
-ogu	0.142153032398	0.648374105909	0.169802248001	0.0396706136924
-pei	0.030289953406	0.948234408534	0.00242654322865	0.0190490948314
-gwo	0.236546182019	0.152639790657	0.0203258891477	0.590488138177
-pek	0.273333817396	0.482811756259	0.102217811877	0.141636614469
-pet	0.540205737627	0.243497645825	0.0338291774472	0.1824674391
-153	0.046218487395	0.0252100840336	0.0504201680672	0.878151260504
-eli	0.176034348166	0.71662763466	0.0534738485558	0.0538641686183
-gwu	0.203924316748	0.52470217239	0.186054660126	0.0853188507358
-per	0.173732946494	0.314751280952	0.207371679951	0.304144092604
-pes	0.146266639345	0.0787123661218	0.073823131544	0.70119786299
-iye	0.256204494306	0.54484542403	0.123241023438	0.0757090582261
-ela	0.0430249619239	0.132331913387	0.0720514239502	0.752591700739
-iya	0.0749313456257	0.657512750098	0.175755198117	0.0918007061592
-rke	0.132306823072	0.390101049766	0.0414895539949	0.436102573168
-ele	0.151779137261	0.610556562902	0.191034337139	0.0466299626975
-pne	0.0917220785154	0.103856415502	0.011044200859	0.793377305123
-kte	0.367363921983	0.355640764033	0.208399004489	0.0685963094942
-abu	0.220550310587	0.157042585159	0.217410804386	0.404996299868
-100	0.0372354177036	0.195805341263	0.0539620107701	0.712997230263
-sye	0.518733334153	0.25958785436	0.072254512835	0.149424298652
-ito	0.58282208589	0.0245398773006	0.39263803681	0.0
-esi	0.0951964923782	0.799097780475	0.0690165482639	0.0366891788829
-eso	0.724137931034	0.137931034483	0.103448275862	0.0344827586207
-iti	0.400870932313	0.507842048091	0.0544494852317	0.0368375343642
-esa	0.189049771811	0.170106822757	0.0486183253688	0.592225080063
-ite	0.404095812228	0.235992629286	0.074979644086	0.284931914401
-aku	0.258056176878	0.472622791569	0.0385896024683	0.230731429084
-ese	0.227447784753	0.20173740142	0.198976319049	0.371838494779
-ita	0.0403806559277	0.919982485598	0.00671393981144	0.0329229186633
-spa	0.0980426387715	0.798014008086	0.0916880232956	0.0122553298464
-spe	0.388985751217	0.175254013106	0.340693200265	0.0950670354116
-bru	0.0259490629505	0.921512093545	0.0221047573282	0.0304340861765
-ria	0.0250732247583	0.928606694644	0.0236354174312	0.0226846631661
-fan	0.0207612456747	0.979238754325	0.0	0.0
-666	0.0546875	0.046875	0.015625	0.8828125
-fas	0.0910944935418	0.821346023114	0.0753229095853	0.0122365737593
-uda	0.0387819640648	0.777356066397	0.125166081149	0.0586958883897
-fat	0.0085452695829	0.991454730417	0.0	0.0
-udi	0.174603174603	0.0	0.15873015873	0.666666666667
-hum	0.0	1.0	0.0	0.0
-wop	0.250339234636	0.308177943697	0.112377445515	0.329105376152
-wos	0.176506095226	0.404274553802	0.0446813543033	0.374537996668
-wor	0.185828294339	0.135374069127	0.0660427102931	0.612754926241
-wou	0.203972083077	0.351047227233	0.13137782839	0.3136028613
-wot	0.127892510575	0.811644687733	0.0089574521025	0.0515053495895
-wow	0.0949752710162	0.834249961129	0.0540800486678	0.0166947191873
-rik	0.197202241657	0.399597985152	0.151481176474	0.251718596717
-woi	0.184094601225	0.391459394985	0.37062025523	0.0538257485598
-abe	0.307803575063	0.480240725017	0.0895032309965	0.122452468923
-wok	0.132634946969	0.29867809829	0.0449018402828	0.523785114459
-wom	0.501449080858	0.118164715404	0.0131476255934	0.367238578145
-wol	0.330848623853	0.591169724771	0.0688073394495	0.00917431192659
-low	0.301904590995	0.489649055537	0.0247622219898	0.183684131478
-abo	0.35772621913	0.343378957089	0.0837434460715	0.21515137771
-lot	0.012227787122	0.972487478976	0.012227787122	0.0030569467805
-tua	0.0	1.0	0.0	0.0
-gbe	0.406384645515	0.369173521347	0.167450058754	0.0569917743831
-sou	0.320730349692	0.414777256196	0.0675381242604	0.196954269851
-sow	0.0814591303292	0.54223689259	0.23360264025	0.14270133683
-kon	0.375869415046	0.208277305828	0.215512104578	0.200341174547
-gbo	0.175006095414	0.769728821824	0.0368433885081	0.0184216942541
-sos	0.102409638554	0.831325301205	0.0	0.066265060241
-sor	0.0	1.0	0.0	0.0
-som	0.17446911966	0.291272146314	0.116972790387	0.417285943639
-sol	0.081288632792	0.871031953903	0.00586694604505	0.0418124672604
-kow	0.114375225931	0.863212435233	0.0122906374262	0.0101217014098
-son	0.0625420309348	0.936449226631	0.00100874243443	0.0
-kop	0.00435010875272	0.990849771244	0.0	0.004800120003
-sok	0.353513345265	0.378491946152	0.111586646954	0.156408061629
-tuw	0.118616144975	0.724876441516	0.138714991763	0.0177924217463
-vak	0.0776322173702	0.642406598738	0.250849102378	0.0291120815138
-ora	0.245205860988	0.430407218747	0.168919593125	0.15546732714
-aba	0.16	0.776	0.00799999999999	0.056
-kre	0.101313028386	0.182334235594	0.296090999811	0.420261736209
-tne	0.25310557888	0.190349481143	0.0356646478904	0.520880292086
-kra	0.171428571429	0.514285714286	0.2	0.114285714286
-lit	0.677042801556	0.305836575875	0.0	0.0171206225681
-rus	0.0803239334084	0.868302779065	0.00897074130452	0.0424025462225
-liv	0.0706764774003	0.904737301573	0.0224482887634	0.00213793226318
-won	0.583023913486	0.158830223661	0.0409406071379	0.217205255714
-lip	0.0160413017424	0.971512860699	0.00451737807689	0.00792845948189
-ruw	0.536708484893	0.310370425358	0.0601291663574	0.092791923391
-rut	0.0	1.0	0.0	0.0
-kri	0.272694407976	0.621287364195	0.0458549765017	0.0601632513271
-sbo	0.484858065728	0.317774034544	0.0986738033768	0.0986940963504
-lin	0.426623559179	0.198060163059	0.215068878268	0.160247399494
-lio	0.00555555555556	0.983333333333	0.00555555555556	0.00555555555557
-omo	0.442632019893	0.286714266175	0.0410405574928	0.22961315644
-lik	0.266799492845	0.574171345771	0.126426372034	0.0326027893497
-oma	0.444865046449	0.331146958137	0.0	0.223987995415
-sbe	0.370442794888	0.333911169692	0.178818397417	0.116827638004
-lia	0.0	0.994177583697	0.0	0.00582241630277
-ome	0.0	1.0	0.0	0.0
-gri	0.16632428285	0.705962428533	0.0749944311066	0.0527188575106
-oda	0.00717257208435	0.992827427916	0.0	0.0
-rne	0.0350501109783	0.0255522755913	0.00325236176685	0.936145251664
-rna	0.0	1.0	0.0	0.0
-kek	0.0678474467194	0.791367770229	0.00720258920276	0.133582193849
-eam	0.00580270793037	0.982591876209	0.00644745325597	0.00515796260477
-rni	0.0	1.0	0.0	0.0
-uri	0.0970345500464	0.139032745565	0.0447840595982	0.71914864479
-res	0.013201320132	0.962596259626	0.019801980198	0.004400440044
-are	0.120854797336	0.465322547644	0.0768128628466	0.337009792174
-lwo	0.209624003622	0.75155330476	0.0259435648046	0.0128791268137
-ure	0.129354969078	0.68850883231	0.114256706681	0.0678794919314
-kya	0.286305622628	0.451535012073	0.190582959641	0.0715764056571
-kye	0.254601248306	0.609175251644	0.0216111775831	0.114612322467
-rgu	0.105263157895	0.877192982456	0.0175438596491	0.0
-ipe	0.0341648590022	0.775488069414	0.0151843817787	0.175162689805
-gte	0.492592270447	0.255168014845	0.184685860079	0.0675538546287
-pai	0.035372441427	0.473102528928	0.48002356096	0.0115014686848
-wau	0.122538293217	0.785557986871	0.0919037199124	0.0
