-cac	0.400776177327	0.488394656318	0.0738861109038	0.0369430554519
-cab	0.108752292565	0.660704620112	0.0656045629572	0.164938524366
-caa	0.253968253968	0.238095238095	0.380952380952	0.126984126984
-cad	0.0	1.0	0.0	0.0
-caj	0.917063185871	0.0598958333333	0.00838048696844	0.0146604938272
-cai	0.0	1.0	0.0	0.0
-cao	0.0416666666667	0.958333333333	0.0	0.0
-can	0.0837212669684	0.133799095023	0.144130316742	0.638349321267
-cam	0.029702970297	0.950495049505	0.00582411182295	0.0139778683751
-cal	0.0170379406475	0.1319128159	0.0578877600736	0.793161483379
-cas	0.01171875	0.98046875	0.0	0.0078125
-car	0.00776950469408	0.981871155714	0.00258983489802	0.00776950469408
-rba	0.0	0.974358974359	0.0	0.025641025641
-ive	0.0416666666667	0.958333333333	0.0	0.0
-rbe	0.0136054421769	0.986394557823	0.0	0.0
-cat	0.424324849427	0.421021954537	0.109772683116	0.0448805129202
-caz	0.00657894736843	0.993421052632	0.0	0.0
-cay	0.02490234375	0.9619140625	0.01025390625	0.0029296875
-cax	0.0494687915007	0.918658698539	0.00398406374502	0.0278884462152
-ivo	0.0223880597015	0.873134328358	0.10447761194	0.0
-oye	0.867256637168	0.0265486725664	0.106194690265	0.0
-fca	0.0	1.0	0.0	0.0
-ufa	0.0	1.0	0.0	0.0
-áws	0.491283676704	0.366085578447	0.142630744849	0.0
-lto	0.0	1.0	0.0	0.0
-ufo	0.0	0.960784313725	0.0392156862745	0.0
-aum	0.00874635568514	0.985422740525	0.0	0.00583090379009
-aul	0.250883392226	0.6925795053	0.0	0.0565371024735
-ca'	0.168156918183	0.57904223361	0.0399363845202	0.212864463686
-eur	0.0	1.0	0.0	0.0
-lta	0.0737704918033	0.803278688525	0.0	0.122950819672
-'ix	0.133655394525	0.766505636071	0.0998389694042	0.0
-'it	0.63921420476	0.277672837174	0.00604457876841	0.0770683792972
-'is	0.411973245315	0.499543028123	0.00855730776619	0.0799264187958
-'in	0.84564680033	0.0933809393024	0.00988739357319	0.0510848667948
-'il	0.171585117472	0.689365628162	0.0470820062821	0.0919672480845
-'ik	0.0426268656717	0.941850746269	0.00405970149254	0.0114626865672
-'ij	0.061609760919	0.668229790131	0.2470979716	0.0230624773494
-tín	0.0	0.831325301205	0.144578313253	0.0240963855422
-'ih	0.452054794521	0.506849315069	0.041095890411	0.0
-'ic	0.672675076676	0.139274614213	0.0811276865555	0.106922622555
-'ib	0.418502202643	0.449339207048	0.079295154185	0.0528634361234
-ut'	0.0373728540525	0.35564044737	0.606986698578	0.0
-hén	0.0	1.0	0.0	0.0
-rbá	0.0	1.0	0.0	0.0
-ido	0.0292682926829	0.941463414634	0.0	0.0292682926829
-ech	0.249993546204	0.171312575642	0.0540205327076	0.524673345446
-rpo	0.0	0.954887218045	0.0	0.0451127819548
-rpa	0.215189873418	0.784810126582	0.0	0.0
-eca	0.0	0.865979381443	0.0773195876289	0.0567010309279
-ece	0.0	0.153846153846	0.153846153846	0.692307692308
-ida	0.013670886076	0.983291139241	0.0	0.00303797468354
-idz	0.577777777778	0.422222222222	0.0	0.0
-ecs	0.813186813187	0.164835164835	0.0	0.021978021978
-tla	0.0	1.0	0.0	0.0
-ect	0.678013565702	0.164430467077	0.0633224514665	0.0942335157538
-uta	0.0568181818181	0.920454545455	0.0227272727273	0.0
-ute	0.0	0.8	0.2	0.0
-utz	0.22241632448	0.114264291378	0.474514591692	0.18880479245
-nún	0.15873015873	0.84126984127	0.0	0.0
-uín	0.0106382978723	0.968085106383	0.0212765957447	0.0
-dán	0.00948712051517	0.95026448942	0.039385924563	0.000862465501381
-icó	0.00359712230216	0.996402877698	0.0	0.0
-ijo	0.0	1.0	0.0	0.0
-iji	0.633196721312	0.163934426229	0.165983606557	0.0368852459016
-nuc	0.162162162162	0.562162162162	0.0	0.275675675676
-rán	0.015132408575	0.984867591425	0.0	0.0
-'i'	0.287714712472	0.313106796117	0.0485436893204	0.350634802091
-ijs	1.0	0.0	0.0	0.0
-aús	0.037037037037	0.888888888889	0.0740740740741	0.0
-aúl	0.0031185031185	0.992203742204	0.00467775467775	0.0
-cán	0.134328358209	0.835820895523	0.0298507462687	0.0
-lpe	0.396226415094	0.566037735849	0.0	0.0377358490566
-key	0.457142857143	0.428571428571	0.0857142857143	0.0285714285714
-yac	0.319362186788	0.276082004556	0.0492027334852	0.355353075171
-yab	0.159045725646	0.811133200795	0.0298210735586	0.0
-yam	0.140495867768	0.559228650138	0.0165289256199	0.283746556474
-yal	0.0869915165564	0.871090291528	0.012169797653	0.0297483942628
-yan	0.350543478261	0.463315217391	0.141304347826	0.0448369565217
-yah	0.0	1.0	0.0	0.0
-yak	0.0366972477064	0.963302752294	0.0	0.0
-yaj	0.439205499839	0.355093928594	0.0878260622489	0.117874509318
-ya'	0.169087359827	0.203047702602	0.0316366053815	0.596228332189
-se'	0.0283318166689	0.807406455352	0.016635818056	0.147625909923
-fod	0.0	0.986842105263	0.0131578947368	0.0
-ui'	0.428255667474	0.383762932865	0.0842798608051	0.103701538856
-aax	0.386794356403	0.572461856054	0.0342247815357	0.0065190060068
-ade	0.0	1.0	0.0	0.0
-ada	0.0484078360185	0.271386430678	0.0496936691627	0.630512064141
-qué	0.333333333333	0.5	0.166666666667	0.0
-ado	0.00499800079968	0.985405837665	0.00419832067173	0.00539784086365
-aaz	0.0	1.0	0.0	0.0
-quí	0.636363636364	0.363636363636	0.0	0.0
-adi	0.0	1.0	0.0	0.0
-lam	0.144350673888	0.406600327497	0.290086912709	0.158962085905
-adz	0.153134936759	0.243977477216	0.0561618389737	0.546725747051
-seo	0.0322081937645	0.907884565834	0.0154599330069	0.044447307395
-sen	0.288158596287	0.107847414086	0.187727206631	0.416266782996
-sem	0.0	1.0	0.0	0.0
-sel	0.0182094081942	0.963581183612	0.00455235204856	0.0136570561457
-lbi	0.333333333333	0.666666666667	0.0	0.0
-sej	0.753541076487	0.14447592068	0.101983002833	0.0
-sef	0.0	1.0	0.0	0.0
-uis	0.0950413223141	0.855371900826	0.0495867768595	0.0
-uir	0.0	1.0	0.0	0.0
-sec	0.0	1.0	0.0	0.0
-uit	0.16231884058	0.802898550725	0.0347826086957	0.0
-sea	0.0	1.0	0.0	0.0
-uij	0.192307692308	0.0	0.0	0.807692307692
-uim	0.0304761904762	0.937142857143	0.00952380952382	0.0228571428571
-laj	0.906276556159	0.0330036700667	0.0188136057408	0.041906168033
-uin	0.0348179021382	0.0482552832335	0.0137670506625	0.903159763966
-uia	0.0545454545454	0.181818181818	0.727272727273	0.0363636363636
-uic	0.605766686289	0.270274940999	0.0585957541031	0.0653626186092
-set	0.020202020202	0.964646464646	0.010101010101	0.00505050505051
-ses	0.321348314607	0.552808988764	0.0853932584269	0.0404494382022
-ser	0.00688073394495	0.993119266055	0.0	0.0
-lat	0.0444444444444	0.955555555556	0.0	0.0
-blo	0.0307466121197	0.928407057019	0.000575300434672	0.040271030427
-aal	0.270251661604	0.664822393175	0.00359784001757	0.061328105203
-bla	0.0	1.0	0.0	0.0
-fos	0.0	1.0	0.0	0.0
-nec	0.492307692308	0.446153846154	0.0	0.0615384615385
-mta	0.0	1.0	0.0	0.0
-uum	0.0937191854234	0.811789924973	0.0246945337621	0.0697963558414
-uul	0.0692592491513	0.448004124939	0.212444996413	0.270291629497
-uun	0.140657620042	0.582332985386	0.0852035490606	0.191805845511
-uuk	0.200119690044	0.440015683523	0.271902762157	0.0879618642757
-uuj	0.142857142857	0.571428571429	0.285714285714	0.0
-las	0.0184115523466	0.872563176895	0.0158844765343	0.0931407942238
-uuc	0.0817448050833	0.65911042418	0.127940923922	0.131203846814
-uub	0.181818181818	0.636363636364	0.181818181818	0.0
-uuy	0.214285714286	0.785714285714	0.0	0.0
-uux	0.189573459716	0.462875197472	0.167456556082	0.18009478673
-uji	0.39603960396	0.326732673267	0.247524752475	0.029702970297
-uut	0.499961324535	0.115279441955	0.0264467610252	0.358312472485
-fón	0.0	0.962264150943	0.0	0.0377358490566
-uup	0.253198580798	0.117299215138	0.543059886034	0.0864423180304
-uus	0.259356879283	0.427517132314	0.214812862414	0.0983131259883
-zol	0.35554581324	0.396207803595	0.0670758439281	0.181170539237
-que	0.447109314282	0.231819342979	0.0246412141621	0.296430128577
-qui	0.326350135089	0.396392515187	0.253879832884	0.0233775168402
-úal	0.0	1.0	0.0	0.0
-zoc	0.627619934793	0.18025151374	0.11527713088	0.0768514205869
-zot	0.0	1.0	0.0	0.0
-zop	0.512195121951	0.414634146341	0.0	0.0731707317074
-zor	0.0152671755725	0.969465648855	0.0152671755725	0.0
-bod	0.0	1.0	0.0	0.0
-xow	0.266666666667	0.666666666667	0.0666666666666	0.0
-xot	0.467468175389	0.368752946723	0.0661244695898	0.097654408298
-rat	0.0350877192982	0.929824561404	0.0350877192982	0.0
-rar	0.0	1.0	0.0	0.0
-ras	0.0620689655172	0.910344827586	0.00689655172414	0.0206896551724
-cba	0.666666666667	0.0	0.0	0.333333333333
-ran	0.0	0.976744186046	0.0232558139535	0.0
-eri	0.0	0.977777777778	0.0	0.0222222222222
-ram	0.0116443189838	0.971418489767	0.00211714890614	0.014820042343
-ero	0.0	1.0	0.0	0.0
-raf	0.0	1.0	0.0	0.0
-era	0.0165289256198	0.939049586777	0.0420110192837	0.00241046831956
-rad	0.0	1.0	0.0	0.0
-rab	0.0	0.909090909091	0.0909090909091	0.0
-ere	0.125	0.75	0.0	0.125
-xol	0.382376645473	0.554938658548	0.0344765827886	0.0282081131907
-boa	0.0	1.0	0.0	0.0
-sed	0.0	1.0	0.0	0.0
-oze	0.0	1.0	0.0	0.0
-zo'	0.112733887734	0.465644490644	0.347037422037	0.0745841995842
-azo	0.0	1.0	0.0	0.0
-aza	0.0437601296597	0.946515397083	0.0097244732577	0.0
-to'	0.30533750971	0.559363681852	0.071721069078	0.0635777393597
-nor	0.0	1.0	0.0	0.0
-nos	0.0176991150442	0.982300884956	0.0	0.0
-not	0.0	0.742857142857	0.257142857143	0.0
-iki	0.6875	0.3125	0.0	0.0
-noi	0.0	0.285714285714	0.714285714286	0.0
-noj	0.109006092917	0.653386011678	0.134869256156	0.102738639249
-ikt	0.8	0.0	0.0	0.2
-iks	0.615062761506	0.351464435146	0.0	0.0334728033472
-eón	0.0924050632911	0.901265822785	0.00379746835443	0.00253164556963
-vo'	0.15793682527	0.83806477409	0.00399840063974	0.0
-noa	0.0	1.0	0.0	0.0
-nob	0.0	1.0	0.0	0.0
-noc	0.327586206897	0.651724137931	0.0137931034483	0.00689655172415
-noe	0.408163265306	0.530612244898	0.0612244897959	0.0
-fán	0.0512820512821	0.935897435897	0.0128205128205	0.0
-ie'	0.100800346096	0.789746917586	0.0510491023145	0.0584036340039
-fás	0.0	1.0	0.0	0.0
-ro'	0.13707165109	0.730529595016	0.0654205607476	0.0669781931464
-yán	0.0	0.75	0.25	0.0
-gla	0.0	0.942857142857	0.0571428571428	0.0
-tod	0.0	1.0	0.0	0.0
-toe	0.406091370558	0.502538071066	0.0304568527919	0.0609137055838
-tob	0.0298013245033	0.920529801324	0.00993377483445	0.0397350993378
-toc	0.797312430011	0.156774916013	0.01679731243	0.0291153415453
-toa	0.0	1.0	0.0	0.0
-ton	0.0	1.0	0.0	0.0
-too	0.739856801909	0.236276849642	0.0	0.0238663484487
-tol	0.186185974319	0.727882037534	0.0503739240863	0.0355580640609
-toj	0.294580068986	0.290649482606	0.238883392604	0.175887055804
-tok	0.0	0.25	0.75	0.0
-toi	0.357142857143	0.642857142857	0.0	0.0
-tot	0.0	1.0	0.0	0.0
-tor	0.0179640718563	0.928143712575	0.0359281437126	0.0179640718563
-tos	0.0197130331591	0.0490570108765	0.0123574237714	0.918872532193
-no'	0.109977536351	0.577678766824	0.0473225869175	0.265021109908
-rot	0.0	1.0	0.0	0.0
-iel	0.00804878048778	0.981951219512	0.00292682926829	0.00707317073172
-ror	0.0	1.0	0.0	0.0
-ien	0.194614661869	0.219423883402	0.0223296743589	0.56363178037
-clo	0.0	1.0	0.0	0.0
-rod	0.0	1.0	0.0	0.0
-iex	0.0	1.0	0.0	0.0
-iez	0.00336376741951	0.103475893	0.00240269101394	0.890757648566
-roa	0.0	1.0	0.0	0.0
-roc	0.0	1.0	0.0	0.0
-rom	0.0	1.0	0.0	0.0
-ies	0.294117647059	0.705882352941	0.0	0.0
-ier	0.0	1.0	0.0	0.0
-tix	0.892857142857	0.107142857143	0.0	0.0
-ikí	0.88	0.12	0.0	0.0
-noé	0.0495103373232	0.950489662677	0.0	0.0
-'ux	0.0857903569231	0.130439186994	0.00393735402164	0.779833102062
-eán	0.0	0.454545454545	0.545454545455	0.0
-ddo	0.0	1.0	0.0	0.0
-uél	0.875	0.0	0.125	0.0
-uén	0.0	1.0	0.0	0.0
-tin	0.0116655842007	0.0034591200595	0.00103773601785	0.983837559722
-úuy	0.412371134021	0.587628865979	0.0	0.0
-oli	0.0185185185185	0.981481481481	0.0	0.0
-lej	0.40362968068	0.48702044567	0.0369859866758	0.0723638869744
-lel	0.0732750716996	0.75899748396	0.0209644926487	0.146762951692
-lem	0.052877815254	0.237950168643	0.678054618649	0.031117397454
-len	0.436516551947	0.426704733919	0.0660359053574	0.0707428087759
-lea	0.00526118000752	0.992484028561	0.00075159714393	0.00150319428786
-leb	0.0	1.0	0.0	0.0
-lec	0.117995689655	0.807650862069	0.046875	0.0274784482759
-led	0.0	1.0	0.0	0.0
-lef	0.0	1.0	0.0	0.0
-leg	0.0	0.971830985916	0.0	0.0281690140845
-lex	0.325	0.675	0.0	0.0
-mut	0.0	1.0	0.0	0.0
-oic	0.925925925926	0.0	0.0740740740741	0.0
-fsa	0.25	0.75	0.0	0.0
-ola	0.0	0.883333333333	0.116666666667	0.0
-oim	0.0	0.950819672131	0.0491803278687	0.0
-les	0.0	1.0	0.0	0.0
-let	0.153563381952	0.180540732836	0.013340448239	0.652555436974
-leu	0.0	1.0	0.0	0.0
-muz	0.0	1.0	0.0	0.0
-pe'	0.324014594789	0.484917004985	0.088185415489	0.102882984737
-íi'	0.0	1.0	0.0	0.0
-eyo	0.315789473684	0.0526315789473	0.0	0.631578947369
-udá	0.000341335760608	0.999658664239	0.0	0.0
-udí	0.0	1.0	0.0	0.0
-le'	0.116035638639	0.248307367845	0.0339281500438	0.601728843472
-oi'	0.22047460421	0.666660943027	0.0489886328514	0.0638758199114
-lom	0.079457364341	0.916666666667	0.00387596899224	0.0
-íic	0.261822871883	0.54600171969	0.150042992261	0.0421324161651
-íib	0.564080656186	0.328092959672	0.00358851674641	0.104237867396
-íik	0.763988919668	0.0387811634349	0.00572483841182	0.191505078486
-íij	0.732471015064	0.220995346636	0.0276047006862	0.0189289376134
-íim	0.895158286778	0.0497206703911	0.041340782123	0.0137802607076
-íil	0.25	0.681818181818	0.0681818181818	0.0
-íin	0.125743226526	0.0146384551048	0.00138650814853	0.858231810221
-íip	0.0	1.0	0.0	0.0
-íis	0.0146699266504	0.149144254279	0.836185819071	0.0
-lsa	0.0	1.0	0.0	0.0
-íit	0.0878532041497	0.0990373531886	0.625198146176	0.187911296485
-ogo	0.0	1.0	0.0	0.0
-lse	0.359712230216	0.187050359712	0.330935251799	0.122302158273
-oga	0.00182592818016	0.984175289105	0.00730371272063	0.00669506999391
-íix	0.179591836735	0.771428571429	0.0	0.0489795918367
-íob	0.0492312143443	0.832700052786	0.0890901843824	0.0289785484871
-itz	0.0496499045194	0.825588796945	0.120942075111	0.00381922342458
-rid	0.0	1.0	0.0	0.0
-est	0.0	0.0	0.0	1.0
-ito	0.0470885255976	0.93895931867	0.0	0.0139521557326
-esi	0.0	1.0	0.0	0.0
-rie	0.0	1.0	0.0	0.0
-eso	0.0	0.990099009901	0.00594059405942	0.0039603960396
-rib	0.0	1.0	0.0	0.0
-esa	0.0932038834952	0.906796116505	0.0	0.0
-ite	0.0381708722941	0.847316510824	0.112975534776	0.0015370821058
-ese	0.451807228916	0.316265060241	0.0180722891566	0.213855421687
-ita	0.046878020491	0.899961337715	0.0347960564469	0.018364585347
-spa	0.0402684563757	0.959731543624	0.0	0.0
-spe	0.0513698630137	0.832191780822	0.116438356164	0.0
-ae'	0.110597483304	0.810607812209	0.0230904440908	0.0557042603963
-udz	0.188350441633	0.668894724278	0.121269992838	0.0214848412509
-fai	0.0	1.0	0.0	0.0
-fal	0.0	1.0	0.0	0.0
-fam	0.0	1.0	0.0	0.0
-far	0.0	0.940594059406	0.0	0.059405940594
-fas	0.0423529411765	0.936470588235	0.0188235294117	0.00235294117647
-uda	0.0302013422819	0.969798657718	0.0	0.0
-fat	0.00530503978779	0.994694960212	0.0	0.0
-faz	0.047619047619	0.952380952381	0.0	0.0
-udi	0.0	1.0	0.0	0.0
-it'	0.532423208191	0.334470989761	0.133105802048	0.0
-lot	0.00797377513954	0.989368299814	0.00265792504651	0.0
-a'j	0.49504950495	0.207920792079	0.237623762376	0.0594059405941
-ael	0.00366199990035	0.985916662515	0.00211748293558	0.00830385464933
-los	0.0381189466723	0.870473375083	0.020226379867	0.071181298378
-tec	0.118644067797	0.406779661017	0.0	0.474576271186
-aex	0.0412474684933	0.90785950115	0.0310942454795	0.0197987848768
-tee	0.5	0.5	0.0	0.0
-tni	0.0	1.0	0.0	0.0
-a'a	0.146775701035	0.0883721519749	0.105872609556	0.658979537434
-eas	0.026582278481	0.973417721519	0.0	0.0
-eat	0.0	1.0	0.0	0.0
-cma	0.285714285714	0.285714285714	0.428571428571	0.0
-eac	0.0333333333333	0.9	0.0	0.0666666666667
-eab	0.0	1.0	0.0	0.0
-a'e	0.484916008695	0.383706442526	0.0280468924359	0.103330656343
-rna	0.0	1.0	0.0	0.0
-eah	0.0	1.0	0.0	0.0
-eam	0.0705882352942	0.929411764706	0.0	0.0
-eal	0.0	1.0	0.0	0.0
-uri	0.0	1.0	0.0	0.0
-ura	0.0799073537927	0.749855240301	0.170237405906	0.0
-ndi	0.0	1.0	0.0	0.0
-zni	0.0	1.0	0.0	0.0
-ea'	0.362877997915	0.402502606882	0.00312825860271	0.231491136601
-t'e	0.834950609477	0.0551472993305	0.0274755227981	0.0824265683944
-zín	0.0	1.0	0.0	0.0
-zía	0.0	1.0	0.0	0.0
-iha	0.0	1.0	0.0	0.0
-nna	0.00572246065808	0.922746781116	0.0143061516452	0.0572246065808
-lón	0.0233392401781	0.959804641916	0.00907637118035	0.00777974672602
-iva	0.0512820512821	0.384615384615	0.564102564103	0.0
-ají	0.4	0.4	0.0	0.2
-yún	0.0	1.0	0.0	0.0
-ría	0.000756143667296	0.927032136106	0.00529300567108	0.0669187145558
-río	0.0	1.0	0.0	0.0
-gía	0.0	1.0	0.0	0.0
-'le	0.372727272727	0.509090909091	0.0363636363636	0.0818181818182
-óe'	0.614457831325	0.192771084337	0.120481927711	0.0722891566265
-ajo	0.489535941765	0.406733393995	0.0382165605095	0.0655141037306
-aji	0.546823890051	0.197381034395	0.207290273138	0.048504802416
-cía	0.118976084605	0.841365220526	0.0396586948684	0.0
-aje	0.953488372093	0.046511627907	0.0	0.0
-cru	0.0	1.0	0.0	0.0
-aja	0.0	0.888888888889	0.111111111111	0.0
-nós	0.0	1.0	0.0	0.0
-nón	0.0161290322581	0.975806451613	0.00806451612904	0.0
-cri	0.0	1.0	0.0	0.0
-ajt	0.501500808128	0.334564765643	0.114061417686	0.049873008543
-amí	0.0	1.0	0.0	0.0
-ajw	0.0	1.0	0.0	0.0
-ajs	1.0	0.0	0.0	0.0
-mra	0.0	1.0	0.0	0.0
-yuk	0.611522633745	0.332510288066	0.0337448559671	0.0222222222222
-yum	0.0663265306121	0.90306122449	0.030612244898	0.0
-yul	0.208333333333	0.75	0.0416666666668	0.0
-mri	0.0251572327044	0.974842767296	0.0	0.0
-yuc	0.5	0.25	0.25	0.0
-yub	0.0	1.0	0.0	0.0
-fre	0.020979020979	0.974358974359	0.004662004662	0.0
-sga	0.0	1.0	0.0	0.0
-fra	0.0	1.0	0.0	0.0
-aj'	0.338709677419	0.596774193548	0.0322580645161	0.0322580645161
-usi	0.0	1.0	0.0	0.0
-ert	0.0	1.0	0.0	0.0
-wi'	0.0882352941177	0.823529411765	0.0588235294119	0.0294117647059
-usa	0.0980392156863	0.843137254902	0.0588235294119	0.0
-món	0.00993578092815	0.984914576518	0.000727008360595	0.00442263419363
-mós	0.0	0.977528089888	0.0	0.0224719101123
-act	0.517015706806	0.23167539267	0.0157068062827	0.235602094241
-osa	0.0	0.978021978022	0.0	0.021978021978
-xi'	0.468262443836	0.277943011532	0.0638322691613	0.189962275471
-zmo	0.347593582888	0.572192513369	0.0320855614973	0.048128342246
-bén	0.0	0.994280266921	0.00571973307914	0.0
-ue'	0.21356040617	0.637487195477	0.0374485806908	0.111503817662
-wil	0.0739436615699	0.904823746867	0.00774719633021	0.0134853952328
-wic	0.42	0.58	0.0	0.0
-xil	0.178420899709	0.427675685758	0.300065643395	0.0938377711377
-xin	0.306569343066	0.240875912409	0.167883211679	0.284671532847
-iun	0.153846153846	0.0384615384615	0.230769230769	0.576923076923
-xib	0.0990037359901	0.270236612702	0.554171855542	0.0765877957658
-xic	0.581173097599	0.317614382989	0.0450065703022	0.05620594911
-iud	0.0	1.0	0.0	0.0
-ep'	0.241981947379	0.746495102746	0.0	0.0115229498752
-uex	0.127299595155	0.117596341153	0.0351689992233	0.719935064468
-uez	0.0438799076212	0.949191685912	0.0	0.00692840646653
-uet	0.0265017667844	0.935882822296	0.0282115581899	0.00940385272997
-uev	0.0	0.816	0.136	0.048
-axt	0.658064516129	0.303225806452	0.0	0.0387096774194
-uer	0.0	1.0	0.0	0.0
-uem	0.0265486725664	0.963495575221	0.0	0.00995575221238
-uel	0.127348828925	0.822538579952	0.0228235563528	0.0272890347696
-ueo	0.00722021660649	0.978339350181	0.014440433213	0.0
-uen	0.586872207182	0.200899874346	0.0744151289332	0.137812789539
-ued	0.32	0.68	0.0	0.0
-uec	0.345454545454	0.436363636364	0.218181818182	0.0
-ueb	0.191489361702	0.808510638298	0.0	0.0
-iim	0.0737704918033	0.774590163935	0.151639344262	0.0
-iil	0.512214342002	0.46414499606	0.0236406619385	0.0
-iin	0.0260702792315	0.809771478724	0.0159282254657	0.148230016578
-iik	0.119412124924	0.825168401715	0.0287813839559	0.026638089406
-iij	0.496894409938	0.391304347826	0.0372670807453	0.0745341614907
-ta'	0.152389030252	0.511167656206	0.252332485157	0.0841108283856
-iic	0.0201005025126	0.906197654941	0.0335008375209	0.0402010050251
-iib	0.0215552207672	0.879012631823	0.0843666705296	0.0150654768803
-iix	0.179487179487	0.589743589744	0.102564102564	0.128205128205
-iit	0.645045425734	0.177477287133	0.177477287133	0.0
-iiw	0.352941176471	0.647058823529	0.0	0.0
-uct	0.697022767075	0.199649737303	0.084938704028	0.0183887915937
-iis	0.10358565737	0.472111553785	0.00597609561753	0.418326693227
-tse	0.835712431871	0.120685180379	0.0436023877498	0.0
-ée'	0.0	1.0	0.0	0.0
-tal	0.37887929775	0.260055515838	0.120298375669	0.240766810743
-tam	0.0	0.917098445596	0.0725388601036	0.0103626943005
-tan	0.0973305590343	0.867168933111	0.0251461930636	0.0103543147909
-tao	0.269290523045	0.645261522527	0.0	0.0854479544277
-tai	0.0805530991237	0.679234665166	0.0347294798617	0.205482755848
-taj	0.756018626858	0.127438768828	0.0216320453761	0.0949105589388
-tak	0.0	1.0	0.0	0.0
-tad	0.0	1.0	0.0	0.0
-tae	0.375	0.269230769231	0.192307692308	0.163461538462
-ii'	0.34940411701	0.265980498375	0.173347778982	0.211267605634
-taa	0.521739130435	0.217391304348	0.260869565217	0.0
-tac	0.144609107158	0.0561946552667	0.0742801588537	0.724916078722
-tat	0.0236686390533	0.89349112426	0.0828402366864	0.0
-tar	0.0452830188679	0.943396226415	0.011320754717	0.0
-tas	0.858536585366	0.131707317073	0.00975609756097	0.0
-éek	0.705882352941	0.223529411765	0.070588235294	0.0
-éej	0.142857142857	0.714285714286	0.142857142857	0.0
-éem	0.244946492271	0.0142687277051	0.0142687277051	0.726516052319
-éel	0.0565319911606	0.0523695326506	0.0196077490748	0.871490727114
-éen	0.123220410747	0.0735908729457	0.0297652526611	0.773423463646
-ent	0.488798370672	0.390799089493	0.0700850605008	0.0503174793339
-cus	0.0	1.0	0.0	0.0
-éec	0.318639361333	0.218674071503	0.120791391878	0.341895175286
-éeb	0.490768806834	0.263433452742	0.0327914025902	0.213006337834
-éey	0.806962025317	0.0553797468354	0.0664556962025	0.0712025316455
-fir	0.0	1.0	0.0	0.0
-rma	0.0	0.977272727273	0.0227272727273	0.0
-eni	0.431980906921	0.396181384248	0.0286396181384	0.143198090692
-dma	0.0	1.0	0.0	0.0
-ene	0.0	1.0	0.0	0.0
-ées	1.0	0.0	0.0	0.0
-rmi	0.0	1.0	0.0	0.0
-ena	0.0454392460451	0.952541231908	0.00201952204645	0.0
-het	0.0	1.0	0.0	0.0
-hes	0.0	1.0	0.0	0.0
-hel	0.141232810059	0.707111577761	0.0806678788189	0.0709877333606
-hem	0.0	1.0	0.0	0.0
-hen	0.16253361219	0.249477143711	0.476844935763	0.111144308336
-heb	0.5	0.5	0.0	0.0
-biú	0.0	1.0	0.0	0.0
-nso	0.0548571428571	0.838857142857	0.106285714286	0.0
-nse	0.8	0.171428571429	0.0285714285714	0.0
-put	0.632653061224	0.204081632653	0.0816326530612	0.0816326530612
-naj	0.3524194344	0.343645236378	0.0300250236523	0.27391030557
-pur	0.0	1.0	0.0	0.0
-nak	0.149392725134	0.780987364124	0.0246570517211	0.0449628590208
-oil	0.119173595364	0.758713361888	0.0799529688418	0.0421600739061
-puc	0.56475102997	0.131612944373	0.27129609393	0.0323399317268
-pul	0.220123103175	0.723078798221	0.0302273142787	0.0265707843257
-nan	0.0649169897604	0.875633760811	0.00924545183417	0.0502037975942
-he'	0.160620562964	0.437344021168	0.0272072719694	0.374828143899
-puj	0.8	0.2	0.0	0.0
-kik	0.257576956556	0.717496241197	0.00830893408245	0.0166178681649
-dea	0.00418215613383	0.98187732342	0.00906133828997	0.00487918215613
-dec	0.0639269406393	0.908675799087	0.0	0.0273972602739
-mse	0.781199351702	0.160453808752	0.0097244732577	0.0486223662885
-msi	0.0	1.0	0.0	0.0
-del	0.0	1.0	0.0	0.0
-oks	0.492063492063	0.333333333333	0.015873015873	0.15873015873
-deo	0.00106723585912	0.997331910352	0.0	0.00160085378869
-der	0.0	1.0	0.0	0.0
-des	0.0132380752259	0.960075646144	0.0191216642152	0.00756461441479
-oki	0.291497975708	0.267206477733	0.125506072874	0.315789473684
-lga	0.0	1.0	0.0	0.0
-oke	0.166666666667	0.733333333333	0.1	0.0
-mre	0.0	1.0	0.0	0.0
-naz	0.0	1.0	0.0	0.0
-bit	0.0	1.0	0.0	0.0
-bir	0.0	1.0	0.0	0.0
-bis	0.717117117117	0.120720720721	0.0457657657658	0.116396396396
-ji'	0.366804975722	0.244105440152	0.177129100359	0.211960483766
-bix	0.0918525103494	0.0563664813945	0.0101001201336	0.841680888123
-me'	0.120277888952	0.790563694097	0.0219750799604	0.0671833369913
-bib	0.0	0.866666666667	0.0666666666667	0.0666666666667
-bic	0.637080777474	0.173156487498	0.0394959965945	0.150266738433
-bia	0.0135440180587	0.986455981941	0.0	0.0
-bin	0.576408016394	0.0402905764008	0.00722309748745	0.376078309717
-bil	0.257382021461	0.548752796663	0.128892850839	0.0649723310365
-bim	0.0	1.0	0.0	0.0
-bij	0.705864101769	0.13775985107	0.156376047161	0.0
-lda	0.0	0.8	0.2	0.0
-de'	0.0252956636005	0.955978975033	0.00919842312747	0.00952693823916
-rúa	0.0	1.0	0.0	0.0
-lux	0.0	0.9765625	0.0	0.0234375
-met	0.0	1.0	0.0	0.0
-jil	0.157088736687	0.463694903842	0.0933570179807	0.28585934149
-eek	0.0333744933863	0.905198398516	0.0405906000643	0.0208365080331
-mes	0.0623700623701	0.81288981289	0.12474012474	0.0
-mer	0.0387596899226	0.961240310077	0.0	0.0
-e'o	0.0591259640103	0.94087403599	0.0	0.0
-lut	0.0967741935484	0.758064516129	0.145161290323	0.0
-jic	0.411787952614	0.269443566234	0.0692659612058	0.249502519946
-e'i	0.375	0.625	0.0	0.0
-bi'	0.353711775012	0.371596823131	0.137203283944	0.137488117912
-luk	0.348916386001	0.137831307659	0.00109825743154	0.512154048909
-lul	0.497326660069	0.268587009917	0.0724044396665	0.161681890347
-lum	0.204684317719	0.770875763747	0.0244399185336	0.0
-mec	0.214932126697	0.690045248869	0.0	0.0950226244344
-mem	0.627551020408	0.219387755102	0.030612244898	0.122448979592
-mel	0.197087128574	0.130891891259	0.00351230477439	0.668508675393
-meo	0.0	0.962593516209	0.0374064837905	0.0
-men	0.103702101368	0.0251322278195	0.0103101167003	0.860855554112
-mei	0.014598540146	0.923357664234	0.0	0.0620437956204
-e'x	0.590405904059	0.243542435424	0.0147601476015	0.151291512915
-aye	0.89667896679	0.10332103321	0.0	0.0
-aya	0.159061277705	0.797913950456	0.019556714472	0.0234680573664
-ayo	0.0327868852459	0.967213114754	0.0	0.0
-ayt	0.514285714286	0.371428571428	0.0285714285714	0.0857142857143
-tón	0.0	1.0	0.0	0.0
-zpa	0.0	1.0	0.0	0.0
-áe'	0.561720431757	0.326947590778	0.0341586749041	0.0771733025612
-ak'	0.857142857143	0.0	0.142857142857	0.0
-ubs	0.826666666667	0.0	0.133333333333	0.04
-sra	0.0	1.0	0.0	0.0
-ubi	0.407149950348	0.563058589871	0.0	0.0297914597815
-uba	0.600255020721	0.191775581766	0.136563595792	0.0714058017214
-ube	0.611111111111	0.185185185185	0.0925925925926	0.111111111111
-tán	0.004329004329	0.991341991342	0.0	0.004329004329
-táo	0.289655172414	0.289655172414	0.0965517241379	0.324137931034
-bús	0.0	1.0	0.0	0.0
-ako	0.0	1.0	0.0	0.0
-ake	1.0	0.0	0.0	0.0
-áen	0.350746268657	0.559701492537	0.0	0.089552238806
-ees	0.0	1.0	0.0	0.0
-csa	0.285067873303	0.678733031674	0.027149321267	0.00904977375566
-akt	0.463768115942	0.289855072464	0.173913043478	0.0724637681159
-goo	0.23595505618	0.76404494382	0.0	0.0
-goa	0.0	1.0	0.0	0.0
-gob	0.074074074074	0.925925925926	0.0	0.0
-gog	0.0101351351351	0.969594594595	0.0202702702703	0.0
-up'	0.738095238095	0.238095238095	0.0	0.0238095238095
-gos	0.0	1.0	0.0	0.0
-com	0.0239096745628	0.872924507416	0.103165818021	0.0
-col	0.416008700947	0.100216222293	0.0109083025318	0.472866774229
-con	0.782485875706	0.155367231638	0.0395480225988	0.0225988700565
-coj	0.0429999240193	0.530246113072	0.423508685624	0.00324527728448
-cod	0.0	1.0	0.0	0.0
-eos	0.0	0.714285714286	0.0	0.285714285714
-eor	0.0454545454546	0.954545454545	0.0	0.0
-coc	0.750811177966	0.101189248247	0.0285519957638	0.119447578023
-cob	0.00326560232221	0.984760522496	0.0043541364296	0.00761973875181
-coy	0.0266922912663	0.926613993879	0.0343084917076	0.0123852231476
-ubí	0.0	1.0	0.0	0.0
-cot	0.0	1.0	0.0	0.0
-rla	0.0	0.866666666667	0.1	0.0333333333333
-eob	0.0106080697102	0.960788028036	0.0115552187914	0.0170486834628
-cos	0.0148698884758	0.951672862454	0.0	0.0334572490706
-cor	0.0205479452055	0.979452054795	0.0	0.0
-upt	0.615384615385	0.153846153846	0.076923076923	0.153846153846
-go'	0.192	0.808	0.0	0.0
-sái	0.15	0.0999999999999	0.75	0.0
-sán	0.0	0.993055555556	0.00694444444443	0.0
-upi	0.428571428571	0.0	0.428571428571	0.142857142857
-oas	0.016	0.984	0.0	0.0
-co'	0.313789223317	0.46003616043	0.0664049775217	0.159769638731
-eo'	0.12048285336	0.747785894107	0.0622411420886	0.0694901104443
-pta	0.0184049079754	0.981595092025	0.0	0.0
-pto	0.000397508943952	0.996422419504	0.00318007155161	0.0
-eil	0.0600170881987	0.817448023396	0.0900256322981	0.0325092561076
-gag	0.117647058824	0.882352941176	0.0	0.0
-ci'	0.6	0.0	0.0	0.4
-gad	0.0	0.989455184534	0.00527240773286	0.00527240773286
-tra	0.13619871616	0.176862963997	0.0466089868825	0.640329332961
-gab	0.0	1.0	0.0	0.0
-gan	0.0	1.0	0.0	0.0
-tro	0.0225054153656	0.222719216812	0.0329141699721	0.72186119785
-gal	0.0	1.0	0.0	0.0
-tri	0.0	1.0	0.0	0.0
-gai	0.0	1.0	0.0	0.0
-gau	0.0	1.0	0.0	0.0
-gat	0.0	1.0	0.0	0.0
-gar	0.129292929293	0.678787878788	0.0060606060606	0.185858585859
-gaz	0.0	1.0	0.0	0.0
-ini	0.65711034194	0.119009853117	0.00247654651485	0.221403258428
-rzo	0.147058823529	0.852941176471	0.0	0.0
-lpa	0.0	1.0	0.0	0.0
-ino	0.0473448044377	0.893297530297	0.0413383740239	0.0180192912412
-ina	0.0510008925156	0.90309830422	0.045900803264	0.0
-ine	0.0204081632653	0.428571428571	0.0	0.551020408163
-int	0.554220594982	0.347431804511	0.0417383717529	0.0566092287546
-inu	0.0	1.0	0.0	0.0
-dón	0.0	0.989884393064	0.0028901734104	0.00722543352602
-són	0.0447949768368	0.937976185918	0.00804012404763	0.00918871319728
-bed	0.208695652174	0.791304347826	0.0	0.0
-dós	0.0	0.047619047619	0.0190476190476	0.933333333333
-ofa	0.0	1.0	0.0	0.0
-gub	0.0	1.0	0.0	0.0
-xoc	0.526813880126	0.365930599369	0.0946372239747	0.01261829653
-ída	0.0	1.0	0.0	0.0
-ltu	0.142857142857	0.857142857143	0.0	0.0
-mba	0.333333333333	0.5	0.0	0.166666666667
-lti	0.0	1.0	0.0	0.0
-yej	0.0432432432432	0.339768339769	0.603088803089	0.0138996138996
-dra	0.0	1.0	0.0	0.0
-yel	0.139439507861	0.367737525632	0.447710184552	0.0451127819549
-yen	0.236363636364	0.28128342246	0.289839572192	0.192513368984
-dro	0.0145967643839	0.974090743219	0.00474394842477	0.00656854397275
-lte	0.383685800604	0.373716012085	0.0471299093656	0.195468277946
-hdo	0.0	1.0	0.0	0.0
-ela	0.0509209100759	0.945828819068	0.0	0.00325027085591
-cón	0.0	0.891891891892	0.108108108108	0.0
-ye'	0.103108308431	0.0998282312525	0.00988258547258	0.787180874844
-rté	0.0980392156864	0.901960784314	0.0	0.0
-sa'	0.33776022972	0.50071787509	0.0861450107681	0.0753768844221
-aha	0.0	1.0	0.0	0.0
-té'	0.363636363636	0.636363636364	0.0	0.0
-sas	0.0	0.967567567568	0.0324324324324	0.0
-sar	0.0723206505955	0.926808016265	0.000871333139703	0.0
-sat	0.529147982063	0.27802690583	0.174887892377	0.0179372197309
-saz	0.0	1.0	0.0	0.0
-olt	0.46343605301	0.273032093246	0.0598754590452	0.203656394699
-jup	0.540983606557	0.459016393443	0.0	0.0
-sac	0.0363362357669	0.243971868721	0.711152042867	0.00853985264568
-sab	0.0860166062608	0.0535514763767	0.248742103897	0.611689813465
-sag	0.104651162791	0.895348837209	0.0	0.0
-saf	0.0218181818182	0.978181818182	0.0	0.0
-sae	0.0	1.0	0.0	0.0
-saj	0.470724575196	0.435984056776	0.0215910890964	0.0717002789313
-sai	0.00940438871471	0.984326018809	0.0	0.00626959247648
-sah	0.0	1.0	0.0	0.0
-ole	0.165534112531	0.80592552324	0.0	0.0285403642294
-sam	0.0	1.0	0.0	0.0
-sal	0.0	1.0	0.0	0.0
-juu	0.333333333333	0.0	0.666666666667	0.0
-ván	0.0	0.970588235294	0.0	0.0294117647059
-haj	0.564216143658	0.146277062634	0.147470181241	0.142036612467
-juy	0.065463701217	0.521191775073	0.41334452371	0.0
-húm	0.0	1.0	0.0	0.0
-ham	0.00869122390086	0.931556611781	0.0248514683415	0.0349006959769
-hús	0.0	0.2	0.8	0.0
-jub	1.0	0.0	0.0	0.0
-ahí	0.0	1.0	0.0	0.0
-has	0.0519480519481	0.922077922078	0.025974025974	0.0
-hat	0.0	1.0	0.0	0.0
-saú	0.0263653483992	0.971751412429	0.00188323917137	0.0
-mac	0.223721057835	0.536925362473	0.165797905656	0.073555674036
-saí	0.00690448791714	0.993095512083	0.0	0.0
-xon	0.75	0.25	0.0	0.0
-ssa	0.0	1.0	0.0	0.0
-mae	0.0	1.0	0.0	0.0
-mad	0.214285714286	0.785714285714	0.0	0.0
-uch	0.580143455282	0.155987570381	0.123780634506	0.14008833983
-púa	0.0	1.0	0.0	0.0
-uca	0.0	0.666666666667	0.0	0.333333333333
-éil	0.124087591241	0.810218978102	0.043795620438	0.021897810219
-ion	0.0510638297872	0.782978723404	0.0382978723404	0.127659574468
-ioc	0.28	0.72	0.0	0.0
-iob	0.0176125244618	0.958904109589	0.0156555772994	0.0078277886497
-ios	0.0774193548387	0.718709677419	0.134193548387	0.0696774193549
-ior	0.0	1.0	0.0	0.0
-éis	0.0	0.166666666667	0.333333333333	0.5
-iot	0.0	0.979310344828	0.0206896551724	0.0
-ch'	0.184691597562	0.390307879286	0.0558197703632	0.369180752789
--el	0.0	1.0	0.0	0.0
-el'	0.0	1.0	0.0	0.0
-tca	0.0	1.0	0.0	0.0
-io'	0.0847018150389	0.847882454624	0.0518582541055	0.0155574762316
-chi	0.640941434045	0.116037219486	0.051085568327	0.191935778143
-cho	0.0276210357433	0.156191031823	0.202918896252	0.613269036181
-tés	0.0	1.0	0.0	0.0
-che	0.3367281986	0.38128580522	0.0270528325907	0.25493316359
-elt	0.534603811434	0.210084799854	0.0320962888666	0.223215099845
-xul	0.0	1.0	0.0	0.0
-xum	0.59375	0.40625	0.0	0.0
-xun	0.789473684211	0.210526315789	0.0	0.0
-eli	0.170506912442	0.73425499232	0.0491551459293	0.0460829493088
-elo	0.104575163399	0.62091503268	0.0	0.274509803922
-'eb	0.266272189349	0.698224852071	0.0177514792899	0.0177514792899
-aén	0.0	1.0	0.0	0.0
-cht	0.491228070175	0.228070175439	0.0526315789473	0.228070175439
-ele	0.176366843033	0.626102292769	0.0634920634921	0.134038800705
-hu'	0.0	1.0	0.0	0.0
-ues	0.69616519174	0.233529990167	0.0324483775811	0.0378564405114
-eís	0.0133333333333	0.0533333333333	0.0266666666667	0.906666666667
-hga	0.0	1.0	0.0	0.0
-ko'	0.117012186507	0.784185016241	0.0696340533534	0.0291687438987
-tu'	0.474489795918	0.454081632653	0.0561224489796	0.015306122449
-hul	0.554890327941	0.167942218976	0.036222290557	0.240945162526
-hum	0.0411899313501	0.62471395881	0.33409610984	0.0
-hun	0.69943289225	0.30056710775	0.0	0.0
-hud	0.0	1.0	0.0	0.0
-hub	0.0354116460603	0.875887337594	0.0474447296731	0.0412562866723
-huc	0.522249996375	0.265514071539	0.0313348509233	0.180901081162
-ce'	0.0593569661995	0.685078318219	0.00824402308326	0.247320692498
-huy	0.4	0.1	0.0	0.5
-hut	0.0	1.0	0.0	0.0
-huu	0.0	1.0	0.0	0.0
-hup	0.8	0.0666666666668	0.133333333333	0.0
-hur	0.0	1.0	0.0	0.0
-tub	0.0	0.833333333333	0.0	0.166666666667
-nco	0.00416514812308	0.0183266517416	0.0690373301399	0.908470869996
-koc	0.570198517101	0.14565893327	0.0043051901459	0.279837359483
-kob	0.142857142857	0.571428571428	0.285714285714	0.0
-kom	0.358885017422	0.302090592335	0.300696864112	0.0383275261324
-kol	0.121214279789	0.0522597417188	0.0120153073809	0.814510671111
-tul	0.326368159204	0.402985074627	0.119402985075	0.151243781095
-tun	0.0841938046069	0.806195393169	0.00476568705322	0.104845115171
-tup	0.90087545891	0.0680598700932	0.0310646709969	0.0
-kot	0.330023364486	0.669976635514	0.0	0.0
-tur	0.0	1.0	0.0	0.0
-tus	0.479518072289	0.284337349398	0.163855421687	0.0722891566265
-kos	0.860824742268	0.0231958762886	0.0618556701031	0.0541237113402
-elí	0.0138248847926	0.986175115207	0.0	0.0
-vai	0.0	1.0	0.0	0.0
-vao	0.0	0.886104783599	0.113895216401	0.0
-val	0.0	1.0	0.0	0.0
-lix	0.0489208633093	0.895683453237	0.0151079136691	0.0402877697842
-oms	0.340659340659	0.659340659341	0.0	0.0
-liu	0.0	0.428571428572	0.571428571428	0.0
-jen	0.363782755699	0.31421320306	0.200023064157	0.121980977085
-jel	0.879228377129	0.0445082713031	0.0157861848957	0.0604771666721
-lis	0.126439659489	0.569354031047	0.21482223335	0.0893840761142
-lil	0.112430532738	0.712546656527	0.0806896996907	0.0943331110444
-lim	0.0	1.0	0.0	0.0
-lin	0.307692307692	0.153846153846	0.538461538462	0.0
-lio	0.00518582541055	0.994814174589	0.0	0.0
-omo	0.0	1.0	0.0	0.0
-lik	0.466666666667	0.533333333333	0.0	0.0
-lid	0.0	1.0	0.0	0.0
-oma	0.0147915732855	0.979829672792	0.0	0.00537875392201
-sbe	0.0	1.0	0.0	0.0
-lia	0.0	1.0	0.0	0.0
-lib	0.0465116279069	0.953488372093	0.0	0.0
-lic	0.794039638265	0.0694286332323	0.0105367612038	0.125994967299
-mej	0.0	1.0	0.0	0.0
-íe'	0.397058823529	0.264705882353	0.25	0.0882352941176
-je'	0.394176102374	0.434047645627	0.090725379654	0.0810508723449
-tuc	0.198481681153	0.568269336561	0.0792166354935	0.154032346793
-li'	0.214663195074	0.264825964879	0.124242146096	0.39626869395
-pai	0.0	1.0	0.0	0.0
-paj	0.657520218676	0.196373136374	0.0580153041066	0.0880913408429
-pak	0.365658927601	0.522565515171	0.0630528784367	0.048722678792
-pal	0.0559633819846	0.5358839278	0.297089558684	0.111063131531
-pam	0.0941176470589	0.188235294118	0.670588235294	0.0470588235294
-pax	0.490566037736	0.339622641509	0.169811320755	0.0
-pay	0.5	0.333333333333	0.166666666667	0.0
-nce	0.0226492793411	0.58453443148	0.0732097918097	0.319606497369
-pas	0.0384263494968	0.961573650503	0.0	0.0
-pat	0.253416149068	0.537888198758	0.0968944099379	0.111801242236
-pau	0.0	1.0	0.0	0.0
-liú	0.0	1.0	0.0	0.0
-ohu	0.0	1.0	0.0	0.0
-'o'	0.140947956037	0.549506191897	0.0308144036192	0.278731448448
-omé	0.0137457044673	0.986254295533	0.0	0.0
-did	0.333333333333	0.666666666667	0.0	0.0
-fet	0.0190476190476	0.980952380952	0.0	0.0
-fer	0.019801980198	0.920792079208	0.059405940594	0.0
-dia	0.0188649583399	0.948907404496	0.00471623958497	0.027511397579
-i'e	0.424520355639	0.502105755732	0.0733738886289	0.0
-dil	0.0	1.0	0.0	0.0
-dim	0.0	1.0	0.0	0.0
-din	0.0	1.0	0.0	0.0
-dio	0.0	1.0	0.0	0.0
-i'o	0.155274696931	0.677069899407	0.098013928295	0.0696414753676
-dit	0.0	1.0	0.0	0.0
-feg	0.0	1.0	0.0	0.0
-ai'	0.252156555215	0.600698652599	0.0733585228488	0.0737862693377
-fec	0.0	1.0	0.0	0.0
-i'u	0.488372093023	0.279069767442	0.0697674418605	0.162790697674
-dis	0.0	1.0	0.0	0.0
-feo	0.00282485875705	0.997175141243	0.0	0.0
-fel	0.0	1.0	0.0	0.0
-'ok	0.0	0.75	0.25	0.0
-'oj	0.0129269910998	0.282414716178	0.694705653557	0.00995263916534
-'om	0.333333333333	0.666666666667	0.0	0.0
-'ol	0.211829666922	0.664211371888	0.0443130206556	0.0796459405345
-'on	0.27615412312	0.187612109758	0.0437676244178	0.492466142704
-'oc	0.770180011198	0.0145656203746	0.025886424329	0.189367944098
-'ob	0.328060564566	0.399350815779	0.0500862319238	0.222502387731
-seb	0.307692307692	0.692307692308	0.0	0.0
-'oy	0.0	0.778481012658	0.0759493670888	0.145569620253
-'ox	0.586327289109	0.189773623156	0.0465142470999	0.177384840635
-'op	0.769230769231	0.173076923077	0.0	0.0576923076924
-'ot	0.766152675869	0.159680512195	0.00570513937972	0.0684616725566
-di'	0.0461538461538	0.923076923077	0.0	0.0307692307692
-ais	0.162162162162	0.837837837838	0.0	0.0
-air	0.0	1.0	0.0	0.0
-aie	0.52	0.216	0.0	0.264
-fe'	0.047619047619	0.928571428571	0.0238095238095	0.0
-aic	0.382716049383	0.441975308642	0.125925925926	0.0493827160494
-aim	0.0393939393939	0.924242424242	0.030303030303	0.00606060606061
-ail	0.198185993946	0.638737398661	0.104394769431	0.0586818379618
-ain	0.333333333333	0.666666666667	0.0	0.0
-uil	0.142529640378	0.338429810359	0.0751084408747	0.443932108388
-ema	0.0	1.0	0.0	0.0
-emo	0.0	1.0	0.0	0.0
-emt	0.571428571429	0.428571428571	0.0	0.0
-tba	0.0	1.0	0.0	0.0
-ems	1.0	0.0	0.0	0.0
-'a'	0.288722364627	0.29761931441	0.050523979571	0.363134341391
-uib	0.166666666667	0.833333333334	0.0	0.0
-cio	0.0530480174301	0.902977968121	0.0376920123845	0.0062820020641
-cim	0.0	1.0	0.0	0.0
-cil	1.0	0.0	0.0	0.0
-cia	0.00949367088608	0.954430379747	0.0322784810127	0.00379746835443
-xto	0.0	0.0146341463414	0.985365853659	0.0
-cis	0.0	0.983425414365	0.0165745856354	0.0
-xte	0.416281558593	0.191060222795	0.0191540594445	0.373504159167
-ilé	1.0	0.0	0.0	0.0
-'ac	0.589878380051	0.207150231838	0.0536918578891	0.149279530222
-'ab	0.496087190957	0.146036021827	0.258313114449	0.0995636727669
-'aa	0.141935483871	0.741935483871	0.0387096774194	0.0774193548387
-jes	0.664054150338	0.30174563591	0.0256501603135	0.00855005343784
-'an	0.343680373519	0.289894331935	0.154059707007	0.21236558754
-'am	0.298395198258	0.331301653765	0.281916644858	0.0883865031192
-'al	0.22688582743	0.179233079863	0.0357475624117	0.558133530295
-'ak	0.731882354732	0.0978452223217	0.143706070781	0.0265663521654
-'aj	0.450783412732	0.0775793964291	0.0378736063825	0.433763584457
-'at	0.308855801029	0.475216805785	0.148692697016	0.0672346961701
-'as	0.209157127992	0.734651404787	0.0437044745057	0.0124869927159
-zji	0.344827586207	0.474137931034	0.181034482759	0.0
-'ay	0.158940397351	0.754966887417	0.0860927152316	0.0
-'ax	0.101144381587	0.198370685659	0.00911777713343	0.69136715562
-emí	0.0	0.813186813187	0.0	0.186813186813
-hte	0.739534883721	0.167441860465	0.00930232558138	0.0837209302326
-il'	0.318493150685	0.424657534247	0.215753424657	0.041095890411
-lén	0.00507572988996	0.985544321273	0.000243635034718	0.00913631380192
-oín	0.4	0.6	0.0	0.0
-jex	0.714922590581	0.207911161547	0.0136175731539	0.0635486747183
-khi	0.0	1.0	0.0	0.0
-oos	0.0338983050847	0.728813559322	0.237288135593	0.0
-nba	0.922369765066	0.0132788559755	0.0	0.0643513789581
