-épi	0.170073280818	0.298855308998	0.480787382656	0.0502840275275
-épa	0.596385542169	0.168674698795	0.126506024096	0.10843373494
-eus	0.00403225806451	0.875	0.0322580645161	0.0887096774193
-épe	0.238654786889	0.575982271838	0.0252631750606	0.160099766213
-hem	0.0133136094674	0.984467455621	0.0	0.00221893491124
-ɨmp	0.527901697642	0.330179910122	0.0546750498326	0.0872433424032
-ive	0.0301470993333	0.969852900667	0.0	0.0
-rbe	0.0201005025126	0.979899497487	0.0	0.0
-lel	0.0	1.0	0.0	0.0
-oká	0.347998022739	0.381611468117	0.0326248146317	0.237765694513
-lem	0.0177682703222	0.976840129224	0.00026194010303	0.005129660351
-aus	0.125748502994	0.788922155689	0.0404191616767	0.0449101796407
-ija	0.0187304890739	0.966701352758	0.00208116545265	0.0124869927159
-fok	0.22641509434	0.77358490566	0.0	0.0
-umi	0.48106366185	0.124326595107	0.336973797171	0.0576359458719
-aua	0.446591519055	0.42780461621	0.0907139023081	0.0348899624262
-nso	0.0	1.0	0.0	0.0
-aun	0.122092776163	0.730954732798	0.0147213562647	0.132231134774
-nti	0.435897435897	0.446581196581	0.0918803418804	0.025641025641
-pup	0.359154929577	0.366197183099	0.0845070422535	0.19014084507
-pur	0.323912068192	0.561686855092	0.0309555854643	0.0834454912516
-pus	0.0	1.0	0.0	0.0
ALL	0.219946012636	0.270320356714	0.0521992232557	0.457534407394
-uao	0.103157629891	0.716713277916	0.111131540494	0.0689975516998
-uan	0.155154777487	0.565824731476	0.0401648337579	0.238855657279
-nai	0.0208044382802	0.94452149792	0.0	0.0346740638003
-rér	0.163194705573	0.792350822658	0.0386051991677	0.00584927260117
-ntu	0.144162436548	0.802707275804	0.0531302876481	0.0
-ute	0.561872909699	0.274247491639	0.113712374582	0.0501672240803
-puk	0.0962981703583	0.660177600299	0.0737646005893	0.169759628753
-pra	0.102797398519	0.795970645579	0.0746194314123	0.0266125244897
-ará	0.321755910312	0.0647692254685	0.0182511758636	0.595223688356
-pri	0.444178246287	0.342511465535	0.171469642002	0.041840646177
-ape	0.398732266668	0.122299479251	0.0326632303531	0.446305023728
-mák	0.677190213102	0.291239147593	0.00947119179164	0.0220994475138
-opo	0.119804400978	0.80684596577	0.0464547677262	0.0268948655256
-opi	0.462744299674	0.371539087948	0.0545602605863	0.111156351792
-mán	0.118122507766	0.433554745859	0.408823181676	0.0394995646987
-ope	0.173770077147	0.17908182623	0.0106234981662	0.636524598457
-opa	0.0677408373993	0.893112447521	0.03914671508	0.0
-imp	0.415675835464	0.413990657886	0.0414939363002	0.128839570349
-oia	0.332215661256	0.283493071422	0.0639150173585	0.320376249963
-oku	0.133681845158	0.104996529999	0.0584543947783	0.702867230065
-épá	0.277506981685	0.551493138246	0.0226797676769	0.148320112392
-400	0.307262569832	0.0446927374301	0.0	0.648044692738
-der	0.0	1.0	0.0	0.0
-des	0.0	1.0	0.0	0.0
-oki	0.452875512223	0.291366398191	0.156846121238	0.0989119683482
-aka	0.36509648241	0.224491517518	0.067797320603	0.342614679469
-ápo	0.175388307446	0.75106659556	0.0250483301113	0.0484967668822
-oka	0.553675992193	0.329212752115	0.0949902407287	0.0221210149642
-sik	0.235223160434	0.721049457177	0.0120627261761	0.0316646562123
-0ao	0.518581081081	0.168918918919	0.135135135135	0.177364864865
-let	0.0556586270872	0.905380333952	0.0222634508349	0.0166975881262
-ide	0.313186813187	0.587912087912	0.032967032967	0.0659340659341
-ida	0.00779727095518	0.992202729045	0.0	0.0
-kɨp	0.231997357093	0.566601978783	0.1819676294	0.0194330347235
-kɨr	0.28735584886	0.201533093537	0.176497522836	0.334613534767
-lev	0.014827995255	0.878608145512	0.0976670620798	0.00889679715302
-bia	0.120835686053	0.693958215697	0.158102766798	0.0271033314511
-bin	0.684563758389	0.315436241611	0.0	0.0
-ato	0.0647513812154	0.830497237569	0.060847145488	0.0439042357275
-100	0.00796636423988	0.20048683337	0.0929409161318	0.698605886258
-uta	0.0	1.0	0.0	0.0
-tet	0.0079365079365	0.740740740741	0.231481481481	0.0198412698412
-ria	0.356841797244	0.230268407566	0.0726923913699	0.34019740382
-ntá	0.364021972964	0.234166787909	0.0850373540834	0.316773885044
-ril	0.0	0.696428571429	0.303571428571	0.0
-pék	0.398668808813	0.46362175809	0.032285211537	0.105424221559
-rik	0.369501811958	0.270069665738	0.115183019117	0.245245503186
-pén	0.157262207159	0.646963616961	0.0734561619821	0.122318013897
-tea	0.315886211348	0.159983843367	0.0548946137789	0.469235331506
-rit	0.0230603773126	0.947400699491	0.0207656105379	0.0087733126589
-ris	0.0185494125606	0.86529095694	0.11010282403	0.00605680646909
-sia	0.0627180752441	0.917485437318	0.00781056104647	0.0119859263909
-ten	0.119146571862	0.711423004756	0.0543014280717	0.115128995311
-prá	0.526073069005	0.229677490339	0.0551981232149	0.189051317441
-are	0.113623753353	0.225120072656	0.105414920341	0.55584125365
-ara	0.265354570373	0.253010399096	0.0678446001037	0.413790430427
-mes	0.189616252822	0.79006772009	0.020316027088	0.0
-rao	0.20115746432	0.408517961174	0.062831755938	0.327492818568
-wak	0.136024078628	0.456310943209	0.335173103924	0.0724918742388
-aro	0.140270525533	0.693031238436	0.00918349192798	0.157514744103
-ari	0.422680394782	0.291028107638	0.152077716557	0.134213781024
-luk	0.018018018018	0.981981981982	0.0	0.0
-mea	0.0	1.0	0.0	0.0
-lun	0.0	0.985981308411	0.0140186915888	0.0
-mel	0.026640061843	0.926739829932	0.0466201082252	0.0
-men	0.0254560882478	0.974543911752	0.0	0.0
-opá	0.546468342933	0.170285042239	0.0528711613279	0.2303754535
-mek	0.0158543410978	0.0036064243037	0.000556192732272	0.979983041866
-mou	0.293164364762	0.512366046661	0.149502146173	0.0449674424038
-tyu	0.0	1.0	0.0	0.0
-ɨpá	0.558441558442	0.357142857143	0.0779220779221	0.0064935064935
-oup	0.384058336401	0.492170353675	0.0610559485433	0.0627153613802
-gol	0.0122017847387	0.706792933892	0.279366235658	0.00163904571117
-ito	0.0439910742747	0.921581128467	0.00765062161301	0.0267771756455
-vit	0.00343535290443	0.990943160525	0.0	0.00562148657089
-ota	0.0	0.99392888118	0.00607111882045	0.0
-ote	0.400641025641	0.498397435897	0.0400641025641	0.0608974358974
-ták	0.093023255814	0.627906976744	0.279069767442	0.0
-oti	0.0634879163945	0.912736773351	0.0101894186806	0.0135858915741
-rár	0.662749739714	0.165293571063	0.134788967334	0.0371677218893
-ráp	0.0705471631674	0.327443386776	0.0830920219262	0.51891742813
-oto	0.0676309093344	0.842194544886	0.0254452926209	0.0647292531583
-yém	0.103763987792	0.858087487284	0.00762970498475	0.030518819939
-rák	0.103047673694	0.329053620987	0.338430008718	0.229468696601
-upá	0.392083549471	0.208979119904	0.0974497389382	0.301487591687
-umo	0.0588470001767	0.0331794867566	0.00867230497528	0.899301208091
-sup	0.537078651685	0.462921348315	0.0	0.0
-táp	0.084764872289	0.883338116518	0.0111721536632	0.0207248575294
-tár	0.516662988303	0.4732477851	0.00725163161711	0.00283759498062
-ako	0.1108033241	0.717451523546	0.0886426592797	0.0831024930748
-kia	0.337568085258	0.227918041918	0.0595436708831	0.374970201941
-ápá	0.396280176598	0.12809593888	0.337539530952	0.138084353571
-nan	0.0415996781827	0.0223332188863	0.00413733308123	0.93192976985
-nao	0.434835682429	0.415197365679	0.121206166598	0.0287607852945
-aki	0.340273185489	0.202511928855	0.0746161416207	0.382598744036
-nam	0.0	1.0	0.0	0.0
-sis	0.275039745628	0.693163751987	0.0317965023847	0.0
-ake	0.141864249053	0.309625561424	0.156397932848	0.392112256675
-sip	0.120272908726	0.844626567409	0.0137542656031	0.0213462582617
-kin	0.0	1.0	0.0	0.0
-kim	0.0	1.0	0.0	0.0
-nae	0.32301990866	0.200990252404	0.0298777767479	0.446112062188
-kis	0.0510512527709	0.943171894942	0.00443339826694	0.00134345402029
-kip	0.310412441174	0.225035144869	0.086256089021	0.378296324936
-sio	0.396428848518	0.570595153233	0.0329759982492	0.0
-sin	0.349019607843	0.58431372549	0.0588235294118	0.00784313725492
-upi	0.322638729743	0.424946799804	0.147323620887	0.105090849566
-sil	0.101496110114	0.877678037104	0.0105326152005	0.0102932375823
-nar	0.0239059698519	0.920977488545	0.00132810943622	0.0537884321668
-nas	0.0179840712512	0.979446775713	0.00256915303588	0.0
-nap	0.160516024662	0.250010746875	0.0734311173479	0.516042111115
-áno	0.429703638369	0.362033117306	0.103435268722	0.104827975603
-nat	0.0763854218672	0.922116824763	0.00149775336995	0.0
-gok	0.0	0.964285714286	0.0357142857143	0.0
-mos	0.0675105485232	0.898734177215	0.0168776371308	0.0168776371308
-wun	0.480241197373	0.454075589534	0.0269193496285	0.0387638634651
-gon	0.0	1.0	0.0	0.0
-kep	0.567398119122	0.314524555904	0.0219435736677	0.0961337513061
--20	0.196428571429	0.767857142857	0.0357142857143	0.0
-lki	0.0	1.0	0.0	0.0
-wur	0.197048877959	0.766369505072	0.0350445742392	0.00153704272979
-mon	0.026546714844	0.969344865002	0.00284429087614	0.00126412927829
-ɨpi	0.453332293819	0.381086032823	0.0812120739615	0.0843695993971
-mor	0.135162077619	0.797291258465	0.0164999484377	0.051046715479
-moi	0.19257197744	0.112060685171	0.0144684269256	0.680898910463
-awɨ	0.421568627451	0.519607843137	0.0588235294116	0.0
-yar	0.14688006483	0.527907212318	0.130216774716	0.194995948136
-ber	0.0	1.0	0.0	0.0
-eou	0.0752808635836	0.830801285743	0.0238720958234	0.0700457548503
-mfa	0.0	1.0	0.0	0.0
-bet	0.0469116497264	0.870992963253	0.00703674745895	0.0750586395621
-srá	0.435754189944	0.463687150838	0.0335195530726	0.0670391061453
-yae	0.0538734488134	0.803136241255	0.0146448109501	0.128345498982
-bek	0.0	0.767473858008	0.0	0.232526141992
-poi	0.470588235294	0.176470588235	0.352941176471	0.0
-ben	0.0611494252874	0.827586206897	0.095632183908	0.0156321839081
-bel	0.222491173304	0.756650279199	0.014898962498	0.00595958499923
-yam	0.156733461433	0.751446609937	0.0499039253363	0.041916003294
-yao	0.081156844764	0.799472309388	0.0740282029942	0.0453426428535
-yak	0.392102550905	0.15271877651	0.0458977531156	0.409280919469
-ofa	0.325267710049	0.6534184514	0.00978171334432	0.0115321252059
-iso	0.0258353847279	0.909511158774	0.0152818737966	0.0493715827016
-rek	0.208000857933	0.198257802355	0.0955384322982	0.498202907414
-sáp	0.604271050249	0.10150148158	0.0524610524788	0.241766415692
-nri	0.432432432432	0.486486486487	0.0	0.0810810810811
-isi	0.00501705799719	0.975182286441	0.0	0.0198006555622
-rea	0.355351770121	0.186730761333	0.0806854521729	0.377232016373
-isa	0.0431957898659	0.915374285892	0.0307668125931	0.0106631116493
-ama	0.0252127324299	0.947053261897	0.00252127324299	0.0252127324299
-upa	0.485928705441	0.323952470294	0.0325203252032	0.157598499062
-upo	0.185260051816	0.180823582469	0.0606834495661	0.573232916149
-rep	0.628363523765	0.289921040409	0.0140888682459	0.0676265675802
-ret	0.0082599717422	0.981958482774	0.00391261819367	0.00586892729051
-reu	0.0	1.0	0.0	0.0
-ápa	0.313802505615	0.160330558658	0.451875608086	0.0739913276398
-jut	0.0535714285714	0.866071428571	0.0803571428571	0.0
-ápe	0.174590613359	0.164419843563	0.0691647429846	0.591824800093
-mas	0.0557377049181	0.938641686183	0.00281030444965	0.00281030444965
-ápi	0.348748146136	0.293794886426	0.270529342603	0.0869276248355
-ham	0.0047488127968	0.966008497876	0.00899775056236	0.0202449387653
-aká	0.0425730010587	0.0822402258546	0.406433253493	0.468753519593
-hap	0.00726392251815	0.891041162228	0.0508474576271	0.0508474576271
-mak	0.325533950904	0.38041094616	0.0458526601188	0.248202442817
-has	0.0	1.0	0.0	0.0
-mam	0.428571428571	0.4	0.032967032967	0.138461538462
-mao	0.0608994077999	0.0212867384046	0.00767130392626	0.910142549869
-ápu	0.0559520469853	0.866543815806	0.0456572821306	0.031846855078
-mae	0.560550921693	0.191469400152	0.0318089115958	0.216170766559
-uno	0.349763866663	0.38131413784	0.0299851566533	0.238936838844
-uni	0.543650793651	0.28253968254	0.0309523809524	0.142857142857
-unk	0.585071958121	0.338423183897	0.028198712453	0.0483061455298
-nke	0.628089337603	0.132638573094	0.0602634371845	0.179008652118
-nka	0.400758461811	0.423328017012	0.112330320751	0.0635832004253
-pta	0.0	1.0	0.0	0.0
-unt	0.541357672561	0.270393610953	0.0821448944666	0.106103822019
-nko	0.245150720806	0.0926040721162	0.0218964293181	0.64034877776
-nki	0.150829664343	0.437654683784	0.141415313283	0.27010033859
-tra	0.0	1.0	0.0	0.0
-500	0.117647058824	0.147058823529	0.147058823529	0.588235294118
-eon	0.206896551724	0.754310344828	0.0258620689655	0.0129310344828
-gao	0.178181818182	0.703454545455	0.0572727272727	0.0610909090909
-tri	0.445859872611	0.152866242038	0.0764331210191	0.324840764331
-gai	0.0	1.0	0.0	0.0
-adi	0.0	1.0	0.0	0.0
-ouk	0.142524986979	0.282963592173	0.0237934327026	0.550717988145
-144	0.00374414976599	0.14383775351	0.0	0.852418096724
--ti	0.103530605889	0.826433984244	0.0609003564055	0.00913505346084
-gar	0.404255319149	0.553191489362	0.0425531914893	0.0
-lan	0.165655622958	0.489034064396	0.221651889874	0.123658422772
-sen	0.333675867884	0.590249925502	0.0248068065045	0.0512674001093
-sel	0.0327352771561	0.930680756093	0.0181665491358	0.018417417615
-sek	0.0	1.0	0.0	0.0
-ino	0.0239634104344	0.0287545786685	0.00450589198093	0.942776118916
-ina	0.0637873118438	0.714304715967	0.0404285779292	0.18147939426
-apa	0.37512571237	0.445859872612	0.168957425411	0.0100569896078
-sea	0.0252100840336	0.899159663866	0.0	0.0756302521009
-lai	0.429292929293	0.419191919192	0.0454545454545	0.106060606061
-oum	0.342514374956	0.357208774047	0.261943635976	0.0383332150209
-rép	0.635008413857	0.0920573731393	0.0759561710098	0.196978041993
-uia	0.204243324572	0.561116824744	0.124785738773	0.109854111911
-erá	0.305379555036	0.177433686092	0.0451579557778	0.472028803095
-set	0.0	1.0	0.0	0.0
-ses	0.0521861777151	0.936812411848	0.0	0.0110014104372
-ser	0.0	1.0	0.0	0.0
-sep	0.0649850363404	0.917913638307	0.00256519880291	0.0145361265498
-iae	0.639102633575	0.266608865287	0.0715292077598	0.0227592933781
-aop	0.489489489489	0.245539657304	0.100688924218	0.164281928988
-kus	0.0677118078719	0.916833444519	0.0121191905715	0.00333555703803
-kur	0.36807703837	0.227514616687	0.264023534736	0.140384810207
-kup	0.449845269537	0.160374286668	0.0326593707979	0.357121072998
-iao	0.420576450091	0.412932429341	0.0683359076957	0.098155212872
-edi	0.184210526316	0.815789473684	0.0	0.0
-fuk	0.670094258783	0.283633247643	0.0308483290489	0.0154241645244
-nep	0.355542682044	0.365185111784	0.0994275521949	0.179844653978
-fek	0.00684834685049	0.00292567285608	0.000202889934541	0.990023090359
-mti	0.360586011342	0.523629489603	0.0959357277883	0.0198487712666
-fur	0.485928705441	0.476547842402	0.0375234521576	0.0
-iap	0.418668610768	0.451562270711	0.0571535414127	0.0726155771076
-ias	0.0188697983911	0.945376899394	0.0357533022147	0.0
-iar	0.386668963142	0.466327936617	0.147003100241	0.0
-aok	0.257195625165	0.0920291610333	0.0166410137257	0.634134200076
-kun	0.341016580049	0.526590780686	0.015675801964	0.116716837301
-aoi	0.316089301491	0.450700882202	0.0763519839648	0.156857832342
-kul	0.282133049871	0.643458233679	0.046505447781	0.0279032686686
-kuk	0.129551227773	0.457360590299	0.0684649812508	0.344623200677
-nrá	0.459719674489	0.324562461724	0.11488468843	0.100833175357
-mte	0.0489614243323	0.808605341246	0.0890207715133	0.053412462908
--rá	0.346820809249	0.104046242775	0.0	0.549132947977
-bai	0.0359281437126	0.694610778443	0.0	0.269461077844
-eki	0.29543336272	0.212600350862	0.241273598494	0.250692687924
-eko	0.0726392251816	0.883777239709	0.0193704600484	0.0242130750605
-hor	0.0	1.0	0.0	0.0
-hos	0.0357917570499	0.929862617498	0.00867678958786	0.0256688358641
-jon	0.00562923385174	0.97299875966	0.0123079858792	0.00906402060872
-upu	0.0441595964209	0.622321331072	0.0240648046998	0.309454267807
-nká	0.245421245421	0.655677655678	0.0989010989011	0.0
-bat	0.00748930099857	0.974500713267	0.0123038516405	0.00570613409415
-bas	0.0247079360816	0.944138579294	0.0104740163824	0.0206794682422
-mom	0.146450384186	0.795757535956	0.0538517107769	0.00394036908123
-dru	0.0	1.0	0.0	0.0
-trá	0.116869918699	0.510162601626	0.268292682927	0.104674796748
-asa	0.0398671096345	0.90365448505	0.0	0.0564784053156
-aso	0.0212229420495	0.682851138983	0.00528269397482	0.290643224993
-lta	0.037100795441	0.951323756381	0.00801377181527	0.00356167636234
-430	0.182926829268	0.0365853658537	0.0	0.780487804878
-rar	0.350423085268	0.286765024951	0.0702972445217	0.292514645259
-ras	0.0151642796967	0.977253580455	0.00505475989892	0.00252737994945
-rap	0.369460733579	0.365680796526	0.0674996353336	0.197358834561
-ran	0.18960004491	0.413884116263	0.0629778394827	0.333537999344
-eri	0.331792927982	0.366928016339	0.172161932949	0.129117122731
-ral	0.038961038961	0.668831168831	0.292207792208	0.0
-ram	0.0838607594937	0.844936708861	0.0189873417721	0.0522151898734
-rak	0.144571003544	0.626168359416	0.0168663194252	0.212394317614
-era	0.0	1.0	0.0	0.0
-rae	0.399681693656	0.200331724886	0.0778384933855	0.322148088072
-ene	0.296125688904	0.457925475035	0.075676564942	0.170272271119
-ere	0.12101910828	0.426751592357	0.0636942675159	0.388535031847
-orá	0.458628583598	0.299033184126	0.111303624115	0.131034608162
-por	0.205191236874	0.401396330546	0.10153309402	0.29187933856
-pou	0.125836120401	0.769648829431	0.0731605351171	0.0313545150502
-pok	0.378910585235	0.249457711497	0.0396027995894	0.332028903679
-áte	0.15657560811	0.0709759605968	0.0238530153355	0.748595415958
-pon	0.410508127896	0.1091856171	0.0313516482689	0.448954606734
-pol	0.0292206301093	0.951260677873	0.0031000275558	0.0164186644622
-ika	0.0134562107763	0.963589076723	0.00949850172443	0.0134562107763
-iko	0.0	1.0	0.0	0.0
-lam	0.0205480822344	0.936398793084	0.034246803724	0.00880632095759
-oui	0.489632734091	0.321109518032	0.107532811294	0.0817249365832
-lao	0.148999770062	0.241204874684	0.458036330191	0.151759025063
-nou	0.0961894191639	0.835738068812	0.0621531631521	0.00591934887163
-iki	0.148272609115	0.636170028845	0.19529763051	0.0202597315313
-lak	0.192477876106	0.807522123894	0.0	0.0
-lat	0.101604278075	0.874331550802	0.0160427807487	0.00802139037433
-our	0.267654981059	0.264333278445	0.0975788237008	0.370432916795
-fos	0.0	1.0	0.0	0.0
-iks	0.151515151515	0.732323232323	0.0547365547366	0.061425061425
-fou	0.419739156407	0.511357979624	0.0134404141639	0.0554624498059
-non	0.415184135246	0.382100441742	0.100783988611	0.101931434402
-las	0.0248881835233	0.880969557062	0.089813879671	0.00432837974318
-noa	0.0	1.0	0.0	0.0
-ppe	0.0611045828437	0.882491186839	0.042303172738	0.0141010575793
-0rá	0.551065393093	0.107274063189	0.275532696547	0.0661278471712
-bot	0.0454681130689	0.935384135611	0.00268193259528	0.0164658187245
-dot	0.0379746835443	0.848101265823	0.0379746835443	0.0759493670886
-myu	0.0	0.922953451043	0.0	0.0770465489567
-yár	0.0807912647505	0.777970915145	0.00293786417275	0.138299955932
-bol	0.111111111111	0.87962962963	0.0	0.00925925925926
-fár	0.775130738921	0.144574439973	0.0104860441356	0.0698087769704
-ges	0.0625	0.895833333333	0.0416666666667	0.0
-dom	0.00520381613182	0.994796183868	0.0	0.0
-dok	0.0	1.0	0.0	0.0
-get	0.0234375	0.9765625	0.0	0.0
-sas	0.00711871792144	0.800524910446	0.000851206128684	0.191505165504
-mpo	0.385026582129	0.395821226137	0.111715098188	0.107437093545
-dek	0.122670807453	0.858695652174	0.00931677018633	0.00931677018635
-mpi	0.316661786183	0.224298284742	0.164747403026	0.29429252605
-tol	0.122930639273	0.764326343493	0.0984803463791	0.0142626708549
-tok	0.0645161290323	0.935483870968	0.0	0.0
-mpa	0.387372926699	0.379882289995	0.192081326913	0.0406634563938
-lfa	0.03690685413	0.958699472759	0.00439367311071	0.0
-don	0.00914634146342	0.986280487805	0.0	0.00457317073171
-tor	0.0204081632653	0.897959183673	0.0	0.0816326530612
-ibi	0.0451127819549	0.954887218045	0.0	0.0
-top	0.283341982356	0.267885217859	0.257375694324	0.19139710546
-fɨr	0.361671244579	0.459678805134	0.0277636850992	0.150886265187
-sak	0.00317544323895	0.996824556761	0.0	0.0
-sao	0.124082721815	0.661107404937	0.100066711141	0.114743162108
-san	0.218926553672	0.676304420073	0.0615653040879	0.0432037221668
-sam	0.0283018867925	0.943396226415	0.0	0.0283018867925
-rot	0.026655609525	0.852505627295	0.0746357066698	0.0462030565099
-rou	0.188163083008	0.43220994455	0.113687825008	0.265939147433
-oro	0.286006795169	0.478722120056	0.0858934914136	0.149377593361
-rop	0.114579791333	0.246119790454	0.0103775224019	0.628922895811
-iel	0.0386784850927	0.941982272361	0.00966962127319	0.00966962127315
-loi	0.0	0.98	0.02	0.0
-ámp	0.289528377615	0.175365982826	0.0606609316555	0.474444707903
-loe	0.123076923077	0.846153846154	0.0	0.0307692307692
-ámo	0.393640421125	0.214384863433	0.0836056121469	0.308369103295
-rom	0.0765065099666	0.600530014979	0.263509620924	0.0594538541307
-ron	0.193314455418	0.540437875544	0.17176600594	0.0944816630983
-sén	0.0591340948955	0.543363340124	0.00572991731392	0.391772647667
-roi	0.606945432661	0.217664869025	0.0400621657032	0.135327532611
-rok	0.143791570938	0.433627487223	0.129729851215	0.292851090624
-éro	0.0571428571429	0.190476190476	0.723809523809	0.0285714285714
-ipo	0.237873799558	0.261134453714	0.0525996703058	0.448392076423
-pia	0.33631985841	0.204558795591	0.0983734261661	0.360747919833
-ére	0.267364961458	0.543411480535	0.0348591459616	0.154364412046
-ipa	0.0	0.992920353982	0.0070796460177	0.0
-éra	0.440124416796	0.283048211509	0.220839813375	0.0559875583203
-mat	0.0	1.0	0.0	0.0
-ewe	0.959866220736	0.0	0.0200668896321	0.0200668896321
-ewi	0.185185185185	0.555555555556	0.12962962963	0.12962962963
-awi	0.81380632952	0.0943260733657	0.0215602453407	0.0703073517733
-sat	0.0	1.0	0.0	0.0
-awu	0.0176991150442	0.0265486725664	0.849557522124	0.106194690266
-man	0.0929995042378	0.0787591894931	0.0163071012644	0.811934205005
-mpá	0.551742711551	0.166387914444	0.0537057523859	0.22816362162
-uén	0.43115942029	0.375	0.19384057971	0.0
-mar	0.0114552864747	0.862754648919	0.0705911942081	0.0551988703978
-oli	0.037037037037	0.962962962963	0.0	0.0
-ámá	0.0792839296568	0.0378465514035	0.0117567314239	0.871112787516
-200	0.0232558139535	0.288837209302	0.0944186046511	0.593488372093
-tik	0.0115266393443	0.0120389344262	0.100153688525	0.876280737705
-iok	0.0710841713735	0.89337374294	0.0016531202645	0.0338889654222
-lek	0.0	1.0	0.0	0.0
-ois	0.0	1.0	0.0	0.0
-ion	0.0538379530917	0.845415778252	0.0111940298508	0.0895522388059
-mum	0.0	1.0	0.0	0.0
-lea	0.0	1.0	0.0	0.0
-olo	0.0556013179572	0.843561230093	0.00988467874795	0.0909527732016
-áre	0.11364334497	0.433476119886	0.119900234435	0.332980300709
-mut	0.336448598131	0.586448598131	0.0771028037383	0.0
-mus	0.02201027146	0.854181951577	0.0	0.123807776963
-mur	0.0702329452625	0.792774278404	0.0413588302387	0.0956339460948
-ios	0.0379431985649	0.880855689146	0.0345223091337	0.0466788031555
-oik	0.0731707317073	0.487804878049	0.439024390244	0.0
-iou	0.704545454545	0.272727272727	0.0227272727273	0.0
-iot	0.0426702067135	0.841077185663	0.110563246729	0.00568936089513
-rri	0.675126903553	0.0837563451776	0.0736040609137	0.167512690355
-pao	0.173308380821	0.243134000229	0.0455644414972	0.537993177452
-iba	0.0315648901299	0.96843510987	0.0	0.0
-sɨk	0.198696708637	0.222737648185	0.0966423680141	0.481923275164
-áne	0.363701495365	0.317416789506	0.0643641434222	0.254517571706
-ndo	0.033946251768	0.966053748232	0.0	0.0
-ali	0.0	0.952475247525	0.039603960396	0.00792079207921
-nda	0.0406871609403	0.877034358047	0.0470162748644	0.0352622061483
-ánk	0.450428741335	0.116900113841	0.0674229636871	0.365248181138
-nde	0.0290394638869	0.854058078928	0.0223380491436	0.0945644080417
-gia	0.0	0.864503816794	0.114503816794	0.0209923664122
-ala	0.00675675675675	0.927364864865	0.0591216216216	0.00675675675675
-lon	0.0283520378027	0.870643827525	0.0549320732427	0.0460720614294
-120	0.030303030303	0.212121212121	0.0	0.757575757576
-you	0.157644877731	0.783837855282	0.00479649729403	0.0537207696932
-iem	0.0	1.0	0.0	0.0
-lok	0.0690737833595	0.739403453689	0.119309262166	0.0722135007849
-oea	0.282548476454	0.656509695291	0.0609418282548	0.0
-pea	0.558130586586	0.114727699207	0.0292472151384	0.297894499068
-pen	0.174758991064	0.792226086191	0.0277325351059	0.00528238763921
-pek	0.129526850899	0.135961832575	0.0167367236421	0.717774592884
-153	0.165517241379	0.0206896551724	0.0137931034483	0.8
-eli	0.0	0.976109215017	0.0238907849829	0.0
-pep	0.341463414634	0.382926829268	0.0292682926829	0.246341463415
-elo	0.0851502423718	0.876350602084	0.0211921957122	0.0173069598317
-rko	0.0939073899408	0.0684232409923	0.047991804855	0.789677564212
-ela	0.0	1.0	0.0	0.0
-ára	0.374688944188	0.365801635265	0.126555279062	0.132954141486
-ter	0.0286624203821	0.885350318471	0.0859872611464	0.0
-rɨp	0.764348413234	0.180283592167	0.0243079000675	0.0310600945307
-esi	0.0	1.0	0.0	0.0
-rɨr	0.494994689234	0.466700818885	0.0198512330183	0.0184532588621
-eso	0.0847263011461	0.903128933248	0.0046370923223	0.00750767328372
-esa	0.0	1.0	0.0	0.0
-ita	0.0279058058019	0.929063867694	0.00333088035942	0.0396994461443
-spa	0.0419254658385	0.906832298137	0.0512422360248	0.0
-rrá	0.763873451948	0.0813772502741	0.0291828227719	0.125566475006
-bru	0.00356083086054	0.960830860534	0.0338278931751	0.00178041543027
-fae	0.15736878152	0.168638316419	0.341821804371	0.33217109769
-sɨr	0.440240881026	0.256034366123	0.180344264823	0.123380488028
-fai	0.316526610644	0.582633053221	0.100840336134	0.0
-fan	0.0508474576271	0.734463276836	0.175141242938	0.0395480225988
-666	0.0	0.0	0.0	1.0
-far	0.254936208113	0.725284258499	0.0197795333881	0.0
-fas	0.0145454545455	0.934545454545	0.0436363636363	0.00727272727272
-uda	0.0257830256103	0.790484126097	0.143666189078	0.0400666592149
-fat	0.0985221674878	0.901477832512	0.0	0.0
-ude	0.446367431849	0.511809999856	0.00946244636743	0.0323601219283
-hum	0.0	1.0	0.0	0.0
-rim	0.0	1.0	0.0	0.0
-wor	0.120158726432	0.120260161074	0.0531874427669	0.706393669727
-wou	0.200226244344	0.320135746606	0.0135746606335	0.466063348416
-pwe	0.141306336087	0.200439648793	0.397068346776	0.261185668344
-pwi	0.352987789103	0.304951767658	0.235244227974	0.106816215266
-lot	0.00407331975559	0.983706720978	0.0122199592668	0.0
-aea	0.248208330377	0.106081033137	0.0349109486979	0.610799687788
-tua	0.463465553236	0.511482254697	0.0	0.0250521920668
-kom	0.436665463732	0.563334536268	0.0	0.0
-tui	0.676438255771	0.209234151704	0.0	0.114327592525
-aek	0.333140629536	0.159128642064	0.0509137249133	0.456817003487
-tuk	0.149350493433	0.0925636900617	0.0477825533652	0.71030326314
-ael	0.0308363961638	0.915764974946	0.00791907450121	0.0454795543895
-kok	0.173135995532	0.139742157684	0.113841571256	0.573280275528
-sor	0.0	1.0	0.0	0.0
-kou	0.154651180053	0.815553066596	0.0174535793691	0.0123421739825
-aep	0.0	1.0	0.0	0.0
-los	0.0238970588235	0.945772058824	0.00827205882353	0.0220588235294
-son	0.0	1.0	0.0	0.0
-soi	0.423111591852	0.447088516315	0.0360555255093	0.0937443663241
-kop	0.428552674665	0.249032962358	0.0354956095179	0.286918753459
-kos	0.00921658986175	0.963133640553	0.00921658986174	0.0184331797235
-kor	0.0422966110753	0.128680704182	0.0463086028538	0.782714081889
-ora	0.304329189884	0.583369052722	0.058294042006	0.0540077153879
-rin	0.116173913043	0.879652173913	0.0	0.00417391304348
-ore	0.158697176576	0.452849019083	0.109059241081	0.27939456326
-nér	0.422700587084	0.570878180039	0.00183463796477	0.00458659491193
-émp	0.187973833967	0.430633543191	0.0259958784716	0.355396744371
-nép	0.0	0.423076923077	0.461538461538	0.115384615385
-kán	0.680672268908	0.210084033613	0.0	0.109243697479
-rur	0.144901394901	0.822631072631	0.0252525252525	0.00721500721502
-rus	0.0254140491148	0.944603083952	0.00770988006854	0.0222729868646
-liv	0.0267260579065	0.873565187596	0.0976529038891	0.00205585060819
-omp	0.0356245196545	0.382009860322	0.0187932558617	0.563572364161
-lip	0.0	0.985826771654	0.0	0.0141732283464
-kwe	0.162684408977	0.484408050714	0.175801629935	0.177105910374
-rut	0.0	1.0	0.0	0.0
-lis	0.0300578034682	0.847398843931	0.00462427745667	0.117919075144
-éma	0.460040983607	0.292008196721	0.0122950819672	0.235655737705
-ruk	0.094168323393	0.728528827038	0.122001325381	0.0553015241882
-ipi	0.23087431694	0.168032786885	0.527322404372	0.0737704918033
-run	0.054945054945	0.945054945055	0.0	0.0
-ɨká	0.838455476753	0.106776989756	0.00985027580773	0.0449172576832
-émi	0.324474037601	0.628357206804	0.0246754700089	0.0224932855864
-kár	0.316587126419	0.148435026901	0.0955073046208	0.439470542059
-káp	0.538022010116	0.209411900595	0.030282071649	0.22228401764
-nén	0.100119368958	0.833958855349	0.0390368753293	0.0268849003646
-lia	0.110078627591	0.853466761973	0.00643316654752	0.0300214438885
-ome	0.0	1.0	0.0	0.0
-éri	0.377706004957	0.34113043267	0.0614094362988	0.219754126075
-eap	0.60530753528	0.296174669389	0.0332830389634	0.0652347563681
-ear	0.15916760405	0.680539932508	0.033183352081	0.127109111361
-pɨk	0.412123298769	0.225413156189	0.0375182274789	0.324945317563
-oda	0.0250626566416	0.974937343358	0.0	0.0
-eae	0.525799976384	0.297791947101	0.0538434289763	0.122564647538
-rna	0.0	1.0	0.0	0.0
-eak	0.23815309842	0.63304981774	0.106925880923	0.0218712029162
-eam	0.0166288737717	0.957294028723	0.0	0.0260770975057
-eao	0.323984898683	0.267817243239	0.121735110563	0.286462747515
-ean	0.399347706716	0.308879769661	0.117918950698	0.173853572925
-uri	0.273777109865	0.219716157485	0.128908167988	0.377598564661
-res	0.0148075024679	0.908193484699	0.0621915103652	0.0148075024679
-vén	0.030303030303	0.969696969697	0.0	0.0
-ura	0.161969785009	0.741429401511	0.0653689715282	0.0312318419524
-rga	0.0	1.0	0.0	0.0
-irá	0.52526091622	0.161999344885	0.0195707240479	0.293169014847
-uru	0.0681560015146	0.568345323741	0.357819007952	0.00567966679288
-pai	0.0	0.98093220339	0.0	0.0190677966102
-dus	0.076923076923	0.901098901099	0.0	0.021978021978
-war	0.161849420275	0.563662773292	0.0486396516184	0.225848154815
-pan	0.145942669747	0.219457166944	0.034979552195	0.599620611113
-wap	0.193654293969	0.14538360857	0.0724435116169	0.588518585844
-api	0.483386234124	0.115668673722	0.135688598399	0.265256493754
-apo	0.277513630506	0.101873866116	0.0219579322271	0.598654571151
-áká	0.598253275109	0.272925764192	0.0	0.128820960699
-wae	0.200045503185	0.29565301274	0.0885314912112	0.415769992864
-ári	0.509289327395	0.254987375116	0.0528598763887	0.1828634211
-pap	0.441665841273	0.140005373339	0.0257170451086	0.392611740279
-wan	0.0716101488871	0.049178773719	0.0149380605855	0.864273016808
-par	0.100963552576	0.270423125262	0.12693757855	0.501675743611
-pas	0.181858896591	0.711167166922	0.0134591606287	0.0935147758586
-pat	0.0487804878049	0.951219512195	0.0	0.0
-nil	0.121403405754	0.800792718732	0.0293599530241	0.0484439224897
-lus	0.0663995420721	0.88551803091	0.0274756725816	0.0206067544362
-kea	0.483322243386	0.117918668773	0.0331832521663	0.365575835675
-krá	0.481819328071	0.156856168902	0.0348440492218	0.326480453806
-ken	0.395093062606	0.579526226734	0.0253807106599	0.0
-kem	0.0	1.0	0.0	0.0
-kel	0.0334075723831	0.953229398664	0.0133630289532	0.0
-sus	0.017745017745	0.958230958231	0.004641004641	0.019383019383
-sop	0.0	0.91186440678	0.0881355932203	0.0
-ket	0.10118407406	0.821102062766	0.0543060730611	0.0234077901125
-sos	0.020618556701	0.835051546392	0.0	0.144329896907
-ɨka	0.586862106406	0.0955483170467	0.123235613464	0.194353963084
-aen	0.258105939005	0.336115569824	0.0719101123596	0.333868378812
-nus	0.0	1.0	0.0	0.0
-sua	0.133720930233	0.860465116279	0.0	0.00581395348838
-ɨki	0.365674718727	0.236495329738	0.116575270295	0.28125468124
-tup	0.481989708405	0.348198970841	0.0668953687822	0.102915951973
-fet	0.0830106838914	0.888338986559	0.00912670596481	0.0195236235845
-dia	0.0789820476956	0.863912746945	0.0133515206862	0.0437536846729
-kot	0.317737530996	0.509739790954	0.0336482626573	0.138874415393
-pér	0.397695179513	0.460135189735	0.0261149076931	0.116054723059
-gén	0.25792148805	0.627446739483	0.0659673407592	0.0486644317076
-ori	0.572176763265	0.241922155394	0.0782588276692	0.107642253671
-dis	0.276947125187	0.691450319424	0.0224276199538	0.00917493543565
-sli	0.0	1.0	0.0	0.0
--te	0.581027667984	0.320158102767	0.0	0.098814229249
-wén	0.78231292517	0.142857142857	0.0	0.0748299319727
-ven	0.0483870967742	0.838709677419	0.0935483870967	0.0193548387097
-urá	0.457024149571	0.377596728123	0.107277330564	0.0581017917424
-ova	0.0041436177927	0.979385501481	0.00217539934117	0.0142954813848
-uka	0.729833546735	0.0204865556978	0.0768245838668	0.1728553137
-ant	0.135589244647	0.824381555274	0.00773649536239	0.0322927047163
-uki	0.331273176761	0.453646477132	0.0815822002472	0.133498145859
-ing	0.047847659117	0.910628699285	0.0218183696197	0.0197052719786
-ait	0.0	0.814878892734	0.185121107266	0.0
-apá	0.430953312123	0.305458477655	0.0589302364729	0.204657973749
--fi	0.319606637984	0.590503995083	0.089889366933	0.0
-ais	0.00660761944708	0.982274342614	0.00372037703651	0.00739766090271
-tis	0.108044780005	0.880239520958	0.00781046602447	0.00390523301223
-áke	0.0672268907563	0.456582633053	0.470588235294	0.00560224089634
-sol	0.0559116809117	0.938746438746	0.00213675213675	0.00320512820513
-áka	0.538777908343	0.437720329025	0.0	0.0235017626322
-aia	0.024172983547	0.944388165019	0.0129947252594	0.0184441261746
-tia	0.0584469350333	0.0338484355976	0.0062182080358	0.901486421333
-ini	0.0318584070796	0.965486725664	0.00265486725664	0.0
-aim	0.0	0.962264150943	0.0377358490566	0.0
-tin	0.13251155624	0.795069337442	0.0308166409861	0.0416024653313
-ain	0.0591884223887	0.913482118414	0.0154612876733	0.0118681715239
-ngo	0.215958821421	0.634120544643	0.0880188514925	0.061901782443
-eme	0.0208647393105	0.976527168276	0.00260809241382	0.0
-kák	0.332833762964	0.0998321443558	0.0615790420239	0.505755050656
-uwe	0.339678259337	0.322256266908	0.13035896668	0.207706507075
-jas	0.115967885816	0.839429081178	0.0338983050847	0.0107047279215
-uwi	0.169304929747	0.760196715261	0.0321189416562	0.038379413335
-260	0.0	0.0727272727273	0.0363636363636	0.890909090909
-ɨri	0.167652204135	0.731424590599	0.0632926903886	0.0376305148772
-emp	0.271947699978	0.583451429044	0.0612270230571	0.0833738479203
-ems	0.0	0.998702983139	0.00129701686122	0.0
-ɨra	0.561513255883	0.243372058385	0.053619302949	0.141495382782
-ins	0.240761512111	0.513080910662	0.0257677266802	0.220389850547
-ana	0.091888825865	0.87577992059	0.0102098695406	0.0221213840045
-int	0.0715214564369	0.709579540529	0.192891200694	0.0260078023407
-mda	0.0952380952381	0.833333333333	0.0571428571428	0.0142857142857
-dan	0.0109618104668	0.967821782178	0.00424328147101	0.016973125884
-ink	0.667790865495	0.138688012884	0.101844859572	0.0916762620487
-pae	0.166777368357	0.137341366891	0.29648190415	0.399399360602
-ane	0.382496855064	0.327654123654	0.0952527000519	0.19459632123
-mrá	0.772646536412	0.0195381882771	0.0	0.207815275311
-nor	0.0	1.0	0.0	0.0
-000	0.0682292265863	0.197656906775	0.0180891526797	0.716024713959
-eta	0.0	0.69552238806	0.182089552239	0.122388059701
-kri	0.172371326652	0.456684219467	0.121878715814	0.249065738067
-eto	0.32797029703	0.292079207921	0.266089108911	0.113861386139
-buk	0.343609300238	0.606684136756	0.00549249013053	0.0442140728752
-atu	0.114655172414	0.885344827586	0.0	0.0
-bul	0.0272727272727	0.972727272727	0.0	0.0
-nos	0.0	1.0	0.0	0.0
-mén	0.108112424146	0.844618332801	0.0105397636538	0.0367294793995
-wek	0.18336039075	0.558146933467	0.0529140135583	0.205578662225
-lio	0.0	1.0	0.0	0.0
-wel	0.0737479330578	0.843433532492	0.08281853445	0.0
-omo	0.0645431354704	0.0293947908795	0.0136683457451	0.892393727905
-wea	0.415574096146	0.150178784267	0.198649185538	0.235597934048
-ati	0.0643564356435	0.891089108911	0.029702970297	0.0148514851485
-nis	0.0967389074998	0.847542216449	0.0502495385246	0.00546933752649
-ian	0.204267786218	0.642372804567	0.0778500989172	0.075509310298
-kao	0.159477221279	0.394915098844	0.125964388788	0.319643291089
-kan	0.192814452982	0.343793764806	0.16110218388	0.302289598331
-kam	0.127390395798	0.421818535944	0.411374070826	0.0394169974324
-oso	0.237603305785	0.663223140496	0.0247933884298	0.0743801652893
-osi	0.202360876897	0.671163575042	0.0	0.126475548061
-kae	0.296024613727	0.540529652962	0.0592479101881	0.104197823123
-nes	0.0304127443881	0.92396813903	0.032585083273	0.0130340333092
-lén	0.0859320596693	0.842896867317	0.00975854701866	0.0614125259951
-nia	0.108368454777	0.817084025233	0.0443934669603	0.0301540530296
-nie	0.224821911296	0.0377747825889	0.00283222362428	0.734571082491
-kas	0.184750733138	0.782991202346	0.0146627565982	0.0175953079179
-kar	0.0914162293106	0.245109530361	0.00771897493537	0.655755265393
-kap	0.189707672426	0.143109403226	0.0125636455607	0.654619278788
-kau	0.146936223426	0.790746144227	0.0421008753647	0.0202167569821
-300	0.0265486725664	0.0973451327435	0.185840707965	0.690265486726
-tak	0.388322339421	0.0891051104642	0.0391557202857	0.483416829829
-fit	0.483	0.517	0.0	0.0
-fwe	0.0378787878788	0.704545454546	0.121212121212	0.136363636364
-fik	0.126333893816	0.124756849428	0.0199465892981	0.728962667458
-ate	0.418750492174	0.139367992483	0.0491004895571	0.392781025786
-fia	0.0	1.0	0.0	0.0
-nek	0.0142191734782	0.162912948496	0.0802306091408	0.742637268884
-yui	0.0921052631579	0.723684210526	0.184210526316	0.0
-éni	0.0338983050847	0.864406779661	0.0677966101695	0.0338983050848
-énk	0.572466862884	0.159711819884	0.0549003665312	0.212920950701
-éna	0.632727272727	0.232727272727	0.0909090909091	0.0436363636364
-ata	0.0044543429844	0.982182628062	0.0	0.0133630289532
-jan	0.259677419355	0.73064516129	0.0	0.00967741935484
-yis	0.0276117865238	0.885431691737	0.0832474757882	0.00370904595096
-ila	0.00398406374502	0.994023904382	0.00199203187251	0.0
-ilo	0.276933622758	0.566777104993	0.139837769907	0.0164515023421
-yus	0.0740740740741	0.925925925926	0.0	0.0
-ént	0.207352025077	0.433976984624	0.0351591926951	0.323511797604
-kum	0.278422273782	0.573085846868	0.0649651972158	0.0835266821345
--ke	0.0327868852459	0.770491803279	0.196721311475	0.0
-ili	0.00479152269063	0.979728173232	0.0121630960608	0.00331720801659
-oao	0.158719051637	0.641606124843	0.149663504085	0.0500113194344
-oan	0.200699637895	0.556132237296	0.116982385624	0.126185739185
-oam	0.0	0.944827586207	0.0	0.0551724137931
-pán	0.47399829497	0.444160272805	0.0204603580563	0.0613810741688
-bus	0.0944867387034	0.878990667976	0.0024557956778	0.0240667976424
-amp	0.137385168378	0.274377263871	0.0520974633846	0.536140104366
-ami	0.112497058131	0.799952930101	0.0324782301718	0.0550717815956
-kwi	0.322385646878	0.449478062025	0.189379546664	0.0387567444335
-amo	0.0899335092024	0.0618458947265	0.00339175295801	0.844828843113
-kon	0.363636363636	0.19696969697	0.272727272727	0.166666666667
-páp	0.2096233517	0.376623590555	0.313146038727	0.100607019018
-pár	0.0731696524622	0.767842622439	0.0125176436361	0.146470081463
-oas	0.0160714285714	0.983928571429	0.0	0.0
-wam	0.0513274336283	0.355752212389	0.589380530974	0.00353982300885
-oap	0.580343213729	0.244929797192	0.129485179407	0.0452418096724
-lva	0.00829445308449	0.912044237083	0.0713668567479	0.00829445308449
-usi	0.0145695364238	0.96821192053	0.0119205298013	0.00529801324504
-uso	0.129619155354	0.821785444947	0.0101809954751	0.0384144042232
-iri	0.613613310793	0.268297891271	0.0164427440164	0.101646053919
-éká	0.524399126002	0.231609613984	0.01310997815	0.230881281865
-gus	0.0597345132743	0.920353982301	0.00663716814159	0.0132743362832
-ira	0.0333333333334	0.954545454545	0.0060606060606	0.0060606060606
-pɨr	0.0561797752809	0.867665418227	0.0761548064919	0.0
-noi	0.588235294118	0.13025210084	0.0588235294117	0.22268907563
-epe	0.513851167844	0.326453014666	0.0782183595872	0.0814774579033
-epa	0.096109839817	0.8352402746	0.0137299771167	0.0549199084668
-epo	0.410832417367	0.248522913181	0.0562551991752	0.284389470278
--am	0.428849902534	0.446393762183	0.0662768031189	0.0584795321638
-win	0.020725388601	0.958549222798	0.0	0.020725388601
-wik	0.294736842105	0.480701754386	0.0719298245614	0.152631578947
-pie	0.299236641221	0.348091603053	0.0641221374046	0.288549618321
-ɨnk	0.101447662296	0.103324948616	0.288360082808	0.50686730628
-rén	0.105210735437	0.77546885192	0.0145335584555	0.104786854187
-ius	0.0531680759875	0.931773427545	0.00903509788023	0.00602339858681
-pik	0.05400540054	0.875787578758	0.010801080108	0.0594059405941
-iut	0.0	1.0	0.0	0.0
-wia	0.713709649037	0.0986685658765	0.0158360578077	0.171785727279
-nɨr	0.28125	0.6484375	0.046875	0.0234375
-ium	0.081942336874	0.868740515933	0.0333839150228	0.01593323217
