-ɨma	0.0895574982859	0.0390023740557	0.013750822348	0.85768930531
-gɨŋ	0.0941658137154	0.865916069601	0.0276356192426	0.0122824974412
-eus	0.0	0.98275862069	0.0172413793103	0.0
-nyo	0.198561022833	0.317053570001	0.0545078117772	0.429877595388
-hem	0.0	0.957731595632	0.0	0.0422684043677
-lek	0.456687789919	0.225455009089	0.113301338375	0.204555862617
-lel	0.0	1.0	0.0	0.0
-lem	0.0116679146129	0.954444602671	0.000826860090679	0.0330606226256
-ɨbɨ	0.0344827586207	0.0	0.0344827586207	0.931034482759
-aut	0.0288461538461	0.492307692308	0.302884615385	0.175961538462
-oyo	0.308256481011	0.584634376589	0.0232372376734	0.0838719047273
-aua	0.299562543587	0.671590692956	0.0	0.0288467634565
-nsi	0.262301153003	0.292024289959	0.250752604758	0.19492195228
-asɨ	0.0534288347467	0.523383620023	0.421888627043	0.00129891818671
-ŋba	0.487620272821	0.21170743389	0.0525936084894	0.2480786848
-uŋɨ	0.0507708665603	0.851940457204	0.00930356193514	0.0879851143009
-aum	0.0	1.0	0.0	0.0
-ŋbi	0.340217130711	0.311738695368	0.255391110972	0.0926530629478
-naŋ	0.192015787316	0.0770488786201	0.016568786046	0.714366548018
-pup	0.271816283925	0.670563674322	0.0	0.0576200417537
-lbɨ	0.597524541186	0.159197609902	0.0256081946223	0.217669654289
-pus	0.00837988826815	0.991620111732	0.0	0.0
-kia	0.0	0.984892185139	0.0151078148606	0.0
-siŋ	0.407809110629	0.340130151844	0.0537960954447	0.198264642082
-wat	0.163371844245	0.608771929825	0.109114249037	0.118741976894
-nal	0.778056651129	0.0785227680172	0.0358551452133	0.10756543564
-gɨt	0.559990035441	0.0741590322117	0.0185856114181	0.347265320929
-gɨp	0.195990323341	0.681851826009	0.0535694644432	0.0685883862063
-gɨl	0.341346625789	0.211264713639	0.127034348391	0.320354312181
-gɨm	0.455464522521	0.169803468927	0.0367324850875	0.337999523465
-gɨn	0.123527767024	0.082470140258	0.114144707401	0.679857385317
-gɨk	0.28498993215	0.4584294154	0.10519740296	0.15138324949
-opa	0.0163299866941	0.983670013306	0.0	0.0
-msi	0.266083963413	0.255351652389	0.0653607410129	0.413203643184
-dek	0.222890031007	0.445121692223	0.0127426411247	0.319245635645
-den	0.171890903445	0.144327807201	0.19339667397	0.490384615385
-400	0.315384615385	0.076923076923	0.0	0.607692307692
-dep	0.069398373433	0.194565951142	0.149640021532	0.586395653893
-beŋ	0.451562732199	0.159383474043	0.032974522101	0.356079271657
-oko	0.390474979932	0.34813634421	0.0682028152962	0.193185860563
-des	0.0	0.970149253731	0.0298507462686	0.0
-det	0.0911982749403	0.851561107745	0.0251868220646	0.0320537952501
-aka	0.0	0.777777777778	0.0	0.222222222222
-wɨn	0.192700729927	0.74598540146	0.0262773722628	0.0350364963504
-lgo	0.167850526168	0.707729379655	0.0434029964691	0.0810170977075
-yaŋ	0.0720930550283	0.0075213405297	0.000804406206733	0.919581198235
-lgi	0.228295819936	0.325677537896	0.34588883785	0.100137804318
-wuŋ	0.666666666667	0.062015503876	0.046511627907	0.22480620155
-ido	0.100931799433	0.0225210701328	0.00916947838165	0.867377652053
-goŋ	0.376033246263	0.399384954728	0.117415937633	0.107165861376
-obi	0.387881999684	0.189941780147	0.0650521948188	0.35712402535
-jɨm	0.153206650831	0.806888361045	0.0	0.0399049881236
-obo	0.323515598357	0.225293751091	0.0486896385487	0.402501012003
-bip	0.118230152293	0.830855186086	0.0116247634496	0.0392898981707
-kɨk	0.57718162531	0.162033619062	0.070486567141	0.190298188487
-kɨl	0.445161290323	0.554838709677	0.0	0.0
-ida	0.010989010989	0.981254040078	0.00387847446671	0.00387847446671
-kɨt	0.509722701645	0.418939132436	0.0713381659187	0.0
-bia	0.0661577608142	0.918575063613	0.0152671755725	0.0
-bin	0.152362352418	0.585864094397	0.18150966859	0.0802638845953
-bim	0.204993429698	0.65308804205	0.0788436268068	0.0630749014454
-moŋ	0.2362959929	0.537522470248	0.0358386237969	0.190342913054
-jɨt	0.379868708972	0.436323851204	0.07352297593	0.110284463895
-tep	0.432325886991	0.212877792378	0.157687253614	0.197109067017
-100	0.0081227436823	0.472924187726	0.0649819494585	0.453971119134
-uta	0.0	1.0	0.0	0.0
-tet	0.00828662515682	0.437810029118	0.46876978144	0.0851335642846
-ria	0.0140045985249	0.834005195736	0.0121432908318	0.139846914907
-rin	0.213647959184	0.727040816327	0.015306122449	0.0440051020408
-ril	0.0	0.905660377359	0.0943396226415	0.0
-rim	0.0	1.0	0.0	0.0
-rik	0.0236336779911	0.54160512063	0.419990152634	0.0147710487445
-ɨlɨ	0.452802850904	0.151871070385	0.0688345731413	0.326491505569
-erɨ	0.204014778632	0.463901409444	0.174718754017	0.157365057908
-mji	0.327997401979	0.517308338963	0.089626461058	0.0650677979997
-maŋ	0.394267710111	0.167898890924	0.0573460958802	0.380487303085
-ɨli	0.0999388341161	0.651561803461	0.0806041945282	0.167895167895
-tek	0.127631578947	0.769078947368	0.0736842105264	0.0296052631579
-sia	0.00641855880431	0.973844372872	0.0159547033136	0.00378236500968
-reŋ	0.417512265894	0.345812979323	0.0928045399318	0.143870214851
-jil	0.455096596601	0.264817336994	0.0702687240738	0.209817342331
-wal	0.418448461466	0.298087564431	0.0403143780762	0.243149596027
-ara	0.101176470588	0.863529411765	0.0211764705882	0.0141176470588
-mes	0.072625698324	0.905027932961	0.0223463687151	0.0
-lup	0.361169024107	0.560554799565	0.0700365788192	0.00823959750816
-wak	0.305038737771	0.521161321731	0.0963588216636	0.0774411188344
-lus	0.090104716292	0.895283708093	0.014611575615	0.0
-pgo	0.351890766269	0.430304836631	0.0966109480426	0.121193449057
-sik	0.461538461539	0.346153846154	0.173076923077	0.0192307692308
-luk	0.305497812084	0.371531997667	0.233592255786	0.0893779344635
-mea	0.0801526717557	0.885496183206	0.0343511450381	0.0
-mel	0.10440122825	0.883316274309	0.0122824974411	0.0
-jit	0.288814361807	0.173801538765	0.182284474255	0.355099625173
-men	0.0210084033614	0.978991596639	0.0	0.0
-mek	0.161016949152	0.754237288136	0.0677966101694	0.0169491525424
-ugɨ	0.150262894886	0.162035950695	0.60518837179	0.0825127826301
-ndu	0.0549735793084	0.910262352832	0.0152961898582	0.0194678780013
-ayo	0.281161667123	0.448426964791	0.149677240439	0.120734127647
-tyo	0.236034004164	0.562543372658	0.130378209577	0.0710444136017
-jɨŋ	0.711218612421	0.159468912593	0.0298838173793	0.0994286576063
-tyu	0.0351262349067	0.954994511526	0.0032930845225	0.00658616904502
-mos	0.0281030444965	0.964871194379	0.00702576112412	0.0
-wen	0.0437502910219	0.690372108905	0.0799922172431	0.18588538283
-wɨk	0.246019569626	0.697516922591	0.0336476413728	0.0228158664103
-ubi	0.503355704698	0.295302013423	0.0	0.201342281879
-ŋni	0.237814193251	0.52427219285	0.176670493899	0.061243120001
-ŋno	0.243023868552	0.491509425431	0.0654048406129	0.200061865404
-lap	0.10575847045	0.797866323507	0.0291789254476	0.067196280595
-njɨ	0.0756238183039	0.638977029377	0.0638348321127	0.221564320206
-ŋut	0.128775462421	0.871224537579	0.0	0.0
-ija	0.00135900339751	0.997281993205	0.00135900339751	0.0
-oti	0.0375	0.932727272727	0.0109090909091	0.0188636363636
-olɨ	0.151718840023	0.457077011715	0.103322450547	0.287881697715
-ibɨ	0.0564055720484	0.241493491665	0.617150034254	0.0849509020325
-kba	0.565418308029	0.245880138009	0.0400331486494	0.148668405313
-ŋun	0.199821084272	0.0119746040975	0.000643799731615	0.787560511899
-kbi	0.140923509582	0.641457753498	0.109470113786	0.108148623133
-ako	0.310178880506	0.282774403828	0.116241402193	0.290805313473
-nak	0.0541312782859	0.013306843106	0.00151192199857	0.931049956609
ALL	0.231587095104	0.283784586633	0.0535121994765	0.431116118786
-nai	0.0170894644561	0.942827973456	0.00901080853142	0.0310717535566
-nan	0.0359329252063	0.812350279478	0.151716795315	0.0
-nao	0.0	1.0	0.0	0.0
-aki	0.485819146014	0.234519611038	0.061369844416	0.218291398531
-nam	0.332408905122	0.539054536753	0.0185883016672	0.109948256458
-sis	0.0	1.0	0.0	0.0
-sip	0.0422125683007	0.917326564768	0.0177917903822	0.0226690765488
-kin	0.0183486238532	0.981651376147	0.0	0.0
-kim	0.0	1.0	0.0	0.0
-sit	0.390565535678	0.362342898162	0.0228373937957	0.224254172365
-kis	0.0647148232551	0.913365639836	0.0118991771792	0.0100203597298
-sul	0.615857406269	0.330669944683	0.0239704978488	0.0295021511985
-sin	0.193393232907	0.510755202244	0.15832192124	0.137529643609
-sil	0.135516657256	0.545454545455	0.217391304348	0.101637492942
-nas	0.0302909525708	0.95057791949	0.0143483459546	0.00478278198485
-nap	0.230135964958	0.542202984395	0.0647205624993	0.162940488148
-wuk	0.482450685306	0.248551031069	0.0465162558145	0.22248202781
-gok	0.143327881464	0.528650454134	0.164107891394	0.163913773008
-mot	0.184382001686	0.297010950159	0.0256502115739	0.492956836582
-gom	0.208103572285	0.536801726205	0.0654519299928	0.189642771518
-gol	0.149600465461	0.647103636204	0.177595090895	0.0257008074407
-gon	0.224780564531	0.251129988881	0.0504281325771	0.473661314011
-kɨŋ	0.500023965929	0.0331569820583	0.00564741704229	0.46117163497
-yɨk	0.444182591099	0.351891677888	0.0404713793291	0.163454351684
-lki	0.0	1.0	0.0	0.0
-pot	0.285714285714	0.609482220836	0.00748596381786	0.0973175296319
-ɨko	0.556072265922	0.237809574095	0.0696652120444	0.136452947939
-mon	0.110609367696	0.405362990755	0.0221348059325	0.461892835616
-wup	0.00646168117351	0.928077127895	0.055993308394	0.00946788253747
-mok	0.569854082583	0.320319776467	0.0772275690779	0.0325985718721
-wut	0.0572179404475	0.888276890213	0.00322087744241	0.0512842918972
-yat	0.324511657215	0.497164461248	0.0888468809073	0.0894770006302
-lka	0.0	0.625	0.375	0.0
-yap	0.0868206673363	0.856377636425	0.0494364468251	0.00736524941412
-tɨp	0.0773687526063	0.865358850826	0.0132644822416	0.0440079143265
-deŋ	0.165843279549	0.120146066548	0.0662394812012	0.647771172701
-orɨ	0.0678574641411	0.180817298882	0.0963033301681	0.655021906809
-bet	0.262821480209	0.649464260504	0.0125306084696	0.0751836508176
-eon	0.0964912280702	0.879585326954	0.00717703349284	0.0167464114832
-ben	0.0	0.75	0.0	0.25
-beo	0.0588235294117	0.941176470588	0.0	0.0
-bel	0.0988833683347	0.890974747733	0.0	0.0101418839318
-bem	0.0673946259125	0.0549400932645	0.00772990135345	0.86993537947
-yam	0.614457831325	0.168674698795	0.120481927711	0.0963855421687
-yal	0.578139980825	0.335570469799	0.0115052732502	0.0747842761266
-tɨm	0.107250462316	0.703900729275	0.0227822729093	0.1660665355
-yan	0.202702702703	0.495495495496	0.0675675675676	0.234234234234
-yak	0.379445606694	0.411872384937	0.137552301255	0.071129707113
-iso	0.0	1.0	0.0	0.0
-rek	0.440816326531	0.208163265306	0.0734693877551	0.277551020408
-lyo	0.231340439858	0.505658707783	0.234788603596	0.0282122487632
-uga	0.668806161746	0.300385109114	0.00770218228497	0.023106546855
-isi	0.145940454657	0.315445872059	0.17463513157	0.363978541714
-rat	0.376917457998	0.460920379839	0.135865595325	0.0262965668371
-isa	0.0597504772429	0.921490651995	0.0132006868327	0.00555818392957
-pak	0.284561534625	0.434522350408	0.0723983468241	0.208517768142
-res	0.0376963350785	0.870157068063	0.0869109947644	0.00523560209424
-meŋ	0.218525847143	0.654588177096	0.0588671778383	0.0680187979223
-reu	0.0	1.0	0.0	0.0
-ŋgo	0.240100082452	0.470614284225	0.0296045732732	0.25968106005
-jut	0.0384615384615	0.923076923077	0.0384615384615	0.0
-oas	0.0352852852853	0.964714714715	0.0	0.0
-mas	0.0337862651487	0.946382666177	0.0	0.0198310686743
-mar	0.0	1.0	0.0	0.0
-ŋga	0.0651798836986	0.0236436833024	0.0727416022323	0.838434830767
-mat	0.206316340768	0.514047651614	0.039306560779	0.240329446839
-mak	0.354001918954	0.38620270016	0.0823094872745	0.177485893612
-mam	0.567567567568	0.297297297297	0.108108108108	0.027027027027
-mal	0.379088239885	0.348455458665	0.0481129141149	0.224343387335
-mao	0.464539007092	0.291666666667	0.124113475177	0.119680851064
-man	0.340572486572	0.479638073913	0.0538463511166	0.125943088398
-teŋ	0.48256227758	0.319572953737	0.0725978647686	0.125266903915
-geŋ	0.552647740781	0.246186021871	0.0533277568992	0.147838480449
-kgo	0.566455507958	0.300026809062	0.060320388658	0.073197294322
-kgi	0.439871853322	0.322213834759	0.169373670032	0.0685406418865
-uni	0.171428571429	0.828571428571	0.0	0.0
-ŋji	0.234563542818	0.448633882944	0.236589134725	0.080213439513
-ɨsi	0.102523653132	0.160082829282	0.229841440012	0.507552077574
-ɨmɨ	0.11445710069	0.658731093796	0.141651424369	0.0851603811452
-pta	0.0	1.0	0.0	0.0
-psi	0.117012977143	0.0409984873073	0.290964191367	0.551024344183
-doŋ	0.573613322985	0.293083826567	0.0536734825152	0.0796293679328
-ɨbi	0.418201125294	0.212992316253	0.0540034849539	0.314803073499
-yɨt	0.199219747398	0.752043013012	0.0172841344527	0.0314531051377
-ɨbo	0.71334860168	0.223237689187	0.0233629454699	0.0400507636627
-bek	0.115560100025	0.762657789939	0.036693524436	0.0850885856003
-ɨba	0.328677709152	0.516809376755	0.0668163952836	0.0876965188097
-gan	0.613983891677	0.31597992296	0.0140072370725	0.05602894829
-gam	0.387968433665	0.481882411272	0.0929636821881	0.0371854728752
-gal	0.306158376544	0.538921964023	0.0310479482748	0.123871711158
-gak	0.0908048605266	0.0790576273156	0.0114596413472	0.818677870811
-gai	0.0	1.0	0.0	0.0
-laŋ	0.18001670555	0.173363288113	0.618105360177	0.0285146461592
-lal	0.5	0.363636363636	0.0	0.136363636364
-144	0.0	0.0460526315789	0.0	0.953947368421
-gat	0.013411344536	0.0161989564018	0.0045599341194	0.965829764943
-ldo	0.496894409938	0.465838509317	0.0	0.0372670807453
-gap	0.286106687604	0.250990058801	0.291645848152	0.171257405443
-yɨŋ	0.426882213049	0.192162152331	0.0451622005039	0.335793434117
-sni	0.0503163603495	0.82113086271	0.125539821231	0.00301295570955
-sno	0.586956521739	0.369565217391	0.0434782608696	0.0
-ŋbɨ	0.490375641249	0.258536053735	0.0570077568872	0.194080548129
-ini	0.225030372319	0.482403910891	0.156199784541	0.136365932249
-lbo	0.691681783206	0.199740262453	0.0482568685958	0.0603210857447
-sel	0.0375	0.9625	0.0	0.0
-sek	0.0	1.0	0.0	0.0
-loŋ	0.056319695528	0.178275927688	0.051550903901	0.713853472883
-ino	0.239863124239	0.545571212857	0.142132949135	0.0724327137687
-not	0.0365318589446	0.786893207744	0.0308499816802	0.145724951632
-lba	0.357325791423	0.447615499803	0.053525344888	0.141533363887
-sea	0.0	0.936842105263	0.0631578947369	0.0
-kni	0.191207965085	0.575197432363	0.107250801373	0.126343801178
-kno	0.268858474336	0.348908995884	0.0939385030814	0.288294026698
-pbɨ	0.0954939400967	0.121495262882	0.178948815076	0.604061981945
-ins	0.229252963862	0.462791029853	0.0364233680903	0.271532638195
-ses	0.051824377033	0.908398463373	0.00287013732503	0.0369070222693
-sep	0.0632983751182	0.924886348292	0.000945222127201	0.0108700544628
-tɨl	0.204281092986	0.795718907014	0.0	0.0
-kus	0.0369770033431	0.955121061696	0.00547057035762	0.00243136460338
-kup	0.0988474594882	0.531408336953	0.0316049755732	0.338139227986
-iam	0.0220625962032	0.935864545921	0.0297588506926	0.0123140071832
-dɨm	0.401200369344	0.128808864266	0.39242843952	0.0775623268698
-edi	0.00176056338028	0.99823943662	0.0	0.0
-dɨk	0.0445107370315	0.926675663518	0.0056822217487	0.023131377702
-toŋ	0.391676192821	0.0637233143321	0.0280811679327	0.516519324915
-nep	0.436062557498	0.497700091996	0.0441582336706	0.0220791168353
-gwi	0.0812040228864	0.832438963716	0.0405131667792	0.0458438466186
-dɨt	0.167832167832	0.832167832168	0.0	0.0
-nek	0.145387666825	0.789202354338	0.0237328241798	0.0416771546572
-ias	0.0452005048034	0.92551574935	0.0234888093337	0.00579493651325
-dɨp	0.169564654615	0.722052034344	0.0673081071752	0.0410752038659
-saŋ	0.658368266461	0.167393846066	0.0628796304218	0.111358257051
-iks	0.139094322449	0.779838434407	0.0221868244396	0.0588804187052
-kum	0.021978021978	0.879120879121	0.0	0.0989010989011
-ban	0.40391695586	0.227896482569	0.0309886247623	0.337197936809
-bal	0.46681452577	0.245387908901	0.134436479197	0.153361086131
-bam	0.399731843927	0.391126753841	0.0865186340683	0.122622768164
-bak	0.219749600624	0.507746034105	0.124828175502	0.147676189769
-bai	0.353175890787	0.125922686367	0.134651467912	0.386249954934
-jot	0.335611237661	0.509491268033	0.123006833713	0.0318906605922
-eki	0.353842226194	0.646157773806	0.0	0.0
-gul	0.637182179064	0.152271944503	0.021422124086	0.189123752347
-jop	0.0	0.863636363636	0.0909090909091	0.0454545454545
-bɨp	0.19391634981	0.262357414449	0.498098859316	0.0456273764259
-jol	0.0940170940171	0.846153846154	0.034188034188	0.025641025641
-jom	0.43097914715	0.441735193088	0.020792130738	0.106493529024
-jon	0.0271568140421	0.94019823528	0.0123009959076	0.0203439547702
-jok	0.163219323772	0.234418277197	0.0931761137541	0.509186285277
-wɨt	0.378378378378	0.310810810811	0.121621621622	0.189189189189
-bat	0.011138851546	0.946879201075	0.00637603226426	0.0356059151143
-tdo	0.382855399634	0.386516168395	0.0414887126296	0.189139719341
-bas	0.0121372767857	0.978655133929	0.00502232142857	0.00418526785714
-bap	0.1295421106	0.757409803347	0.0836751656262	0.0293729204268
-dru	0.00286123032904	0.997138769671	0.0	0.0
-ase	0.0	0.963963963964	0.0	0.0360360360361
-asa	0.0189018901891	0.927092709271	0.005400540054	0.048604860486
-aso	0.0	1.0	0.0	0.0
-ŋdo	0.0743897292943	0.0699589529813	0.0227293070598	0.832922010665
-yet	0.196931446974	0.767840444521	0.011809233729	0.0234188747753
-asi	0.231296253309	0.204561709982	0.0387135869841	0.525428449725
-mba	0.144024546014	0.807086387908	0.0457178834134	0.00317118266452
-yek	0.334403069678	0.406462021453	0.157495421645	0.101639487224
-lta	0.0299357118319	0.947735191638	0.0179123521617	0.00441674436864
-ɨla	0.0689234072296	0.746940978356	0.0232899117905	0.160845702624
-430	0.5	0.0322580645161	0.0	0.467741935484
-ras	0.0172744721689	0.953934740883	0.0287907869482	0.0
-rap	0.0350788786765	0.15808423943	0.0362147702206	0.770622111673
-ran	0.0764331210191	0.923566878981	0.0	0.0
-eri	0.0	1.0	0.0	0.0
-ral	0.0181818181818	0.7	0.281818181818	0.0
-ram	0.111111111111	0.833333333333	0.0555555555556	0.0
-rak	0.461494333105	0.25719394687	0.116519015394	0.164792704631
-iwe	0.0307946997584	0.969205300242	0.0	0.0
-ero	0.00821917808221	0.975342465753	0.00821917808221	0.00821917808218
-era	0.0	1.0	0.0	0.0
-iyɨ	0.0644770581738	0.0348219026456	0.154349502848	0.746351536333
-lsi	0.368526550999	0.268533123028	0.229199526814	0.133740799159
-pɨŋ	0.435036939142	0.0683536624997	0.0125658080031	0.484043590355
-pos	0.0	1.0	0.0	0.0
-arɨ	0.0650320512781	0.336463532334	0.147159187577	0.45134522881
-ŋoŋ	0.446418087298	0.362856136381	0.0736771314809	0.11704864484
-pol	0.0351184837164	0.853367178695	0.00305378119273	0.108460556395
-pom	0.774164408311	0.171635049684	0.0542005420054	0.0
-ɨŋɨ	0.1430534128	0.777431183721	0.0453312113289	0.0341841921497
-yɨp	0.370753451335	0.294932271606	0.082658934522	0.251655342537
-500	0.136363636364	0.189393939394	0.030303030303	0.643939393939
-iko	0.0	1.0	0.0	0.0
-lam	0.0487473684862	0.924387415104	0.012999298263	0.0138659181472
-lan	0.0	0.919123841618	0.0	0.0808761583824
-nos	0.0392156862745	0.960784313725	0.0	0.0
-gaŋ	0.453561630785	0.288604588539	0.125587999722	0.132245780954
-ayɨ	0.257839721254	0.432055749129	0.16724738676	0.142857142857
-iki	0.0	1.0	0.0	0.0
-lak	0.225342520689	0.458818107362	0.0554939242367	0.260345447712
-lat	0.0497617787189	0.879102699841	0.0449973530969	0.026138168343
-nok	0.267462734988	0.54071300755	0.0544568110263	0.137367446436
-nol	0.809178743961	0.101229688186	0.0136144049187	0.0759771629337
-nom	0.515384143067	0.272757938066	0.0846405729133	0.127217345955
-non	0.17417714052	0.398416372669	0.0252853282784	0.402121158533
-las	0.0546648110372	0.909233733762	0.024357608328	0.0117438468724
-noa	0.0	1.0	0.0	0.0
-nod	0.141732283465	0.708661417323	0.0629921259842	0.0866141732282
-yɨl	0.584518167456	0.330173775672	0.042654028436	0.042654028436
-gek	0.452383533265	0.15189973893	0.0327299760534	0.362986751752
-dot	0.29403944601	0.418032461606	0.147228064606	0.140700027779
-gen	0.18517506526	0.245017708978	0.0240874534754	0.545719772287
-kji	0.211341806086	0.4636446549	0.0913063006876	0.233707238326
-bom	0.48209439685	0.281647421912	0.0606608843718	0.175597296866
-bok	0.298507462687	0.358208955224	0.313432835821	0.0298507462687
-bot	0.120712431103	0.87313806769	0.0013665558238	0.00478294538331
-ret	0.149286419883	0.799494631669	0.0225369109581	0.0286820374904
-don	0.145227752192	0.0661901694688	0.0124138405536	0.776168237785
-dol	0.257025071513	0.554854450614	0.0795053003535	0.10861517752
-dom	0.442565411725	0.493868564928	0.0504359922946	0.0131300310519
-dok	0.391137127809	0.262922027193	0.157237539242	0.188703305756
-myo	0.236528543482	0.582740529966	0.127378623511	0.053352303041
-pyo	0.244833034385	0.423522497424	0.0859031408617	0.245741327329
-sas	0.00498679964799	0.980052801408	0.00528014080375	0.00968025814022
-sap	0.0629320390783	0.592696007384	0.0222874733206	0.322084480217
-sat	0.444010748257	0.0983421135049	0.0215704169186	0.436076721319
-pni	0.336393088579	0.372242447573	0.0896978882174	0.20166657563
-ɨwa	0.233532934132	0.119760479042	0.0	0.646706586826
-dɨŋ	0.0487804878049	0.951219512195	0.0	0.0
-tok	0.203248082295	0.327614887484	0.226884959244	0.242252070977
-iaŋ	0.162750886192	0.0492698742998	0.0324533917272	0.755525847781
-mpa	0.0	1.0	0.0	0.0
-lfa	0.0528266913809	0.911955514365	0.0352177942539	0.0
-ges	0.0833333333333	0.888888888889	0.0277777777778	0.0
-ibi	0.181028240406	0.462547268485	0.0241370987207	0.332287392389
-top	0.321059201141	0.434736091298	0.172120185449	0.0720845221113
-sak	0.507448517356	0.173501188008	0.0454772014076	0.273573093229
-ago	0.241814217271	0.541560546423	0.0747273101986	0.141897926107
-umɨ	0.129690669371	0.790821501014	0.0711206896551	0.00836713995941
-kbɨ	0.588927420877	0.272564908361	0.0330979369094	0.105409733853
-sal	0.453891183449	0.149582024636	0.0688693126121	0.327657479303
-rot	0.0391310079447	0.903282165438	0.0483589172809	0.0092279093362
-ima	0.267605633803	0.732394366197	0.0	0.0
-gep	0.671118530885	0.238731218698	0.0400667779633	0.0500834724541
-seŋ	0.465752702346	0.312681254943	0.0284735038228	0.193092538887
-iel	0.036092415791	0.948942436198	0.0123242395384	0.00264090847252
-loi	0.0341555977229	0.920303605313	0.022770398482	0.022770398482
-air	0.00341296928328	0.98976109215	0.0	0.00682593856655
-ɨgɨ	0.324884632024	0.279616271005	0.131162805301	0.26433629167
-oki	0.480695996387	0.254395963779	0.118150599167	0.146757440667
-lot	0.0329083021296	0.922925292381	0.0441664054897	0.0
-get	0.0	1.0	0.0	0.0
-los	0.0305012090569	0.913387557705	0.00329742800615	0.0528138052319
-lop	0.384615384615	0.0961538461538	0.519230769231	0.0
-gut	0.508959656007	0.0973530756496	0.0391330258293	0.354554242515
-urɨ	0.335086386178	0.303113901776	0.0947288433851	0.267070868661
-win	0.243340012208	0.636801331139	0.033939698258	0.0859189583948
-ipa	0.0132336018412	0.975258918297	0.00345224395857	0.00805523590333
-ham	0.0295412915546	0.936162749912	0.0286838925913	0.00561206594178
-yeŋ	0.420452737501	0.251443965556	0.0533074006475	0.274795896295
-ewa	0.0	0.961538461538	0.0384615384615	0.0
-awi	0.0388870632052	0.911697764146	0.0236730322172	0.0257421404316
-baŋ	0.195890139968	0.154163475618	0.0264672321874	0.623479152226
-wɨŋ	0.275456349209	0.168441045831	0.068683882214	0.487418722746
-awa	0.160392641937	0.609685044272	0.172005173988	0.057917139803
-awe	0.11622276029	0.510895883777	0.0290556900726	0.34382566586
-pba	0.488237073864	0.231899762317	0.0303170648842	0.249546098935
-joŋ	0.0679953991296	0.825821569435	0.0372311570292	0.068951874406
-pbi	0.424530521388	0.315650091392	0.113471155644	0.146348231575
-pbo	0.478000495045	0.229984221572	0.0522565376069	0.239758745776
-276	0.0	0.0769230769231	0.0	0.923076923077
-ŋon	0.221165180784	0.296104425954	0.104937171116	0.377793222146
-jɨk	0.353691787545	0.315410622751	0.277892899989	0.0530046897154
-ŋok	0.54280096616	0.331770982712	0.0295100434358	0.095918007692
-iut	0.0	1.0	0.0	0.0
-sto	0.010517160732	0.960236020971	0.00283819602799	0.026408622269
-ŋop	0.580862533693	0.27897574124	0.0363881401617	0.103773584906
-sta	0.0	1.0	0.0	0.0
-oli	0.0769230769231	0.923076923077	0.0	0.0
-raŋ	0.5	0.25	0.25	0.0
-eyo	0.624853095813	0.250664934744	0.105925651017	0.0185563184264
-200	0.0162888557079	0.343694855436	0.120130310846	0.51988597801
-neŋ	0.382476526983	0.286804235215	0.0620204504056	0.268698787396
-iok	0.0619455720944	0.895504435423	0.00781837317697	0.0347316193054
-oba	0.222643513939	0.474301205261	0.113382422977	0.189672857823
-ois	0.0	1.0	0.0	0.0
-ion	0.0532452048749	0.856160779874	0.0439851692446	0.0466088460065
-aŋɨ	0.0821753249999	0.779087113312	0.100511967768	0.0382255939197
-mum	0.066511747999	0.822514846372	0.0979602375419	0.0130131680868
-lea	0.0	1.0	0.0	0.0
-ɨrɨ	0.2679943101	0.589758179232	0.113229018492	0.0290184921764
-wem	0.017364460737	0.958711171136	0.0187150299054	0.00520933822111
-mus	0.0435366836872	0.904595538834	0.0161246976619	0.0357430798173
-ios	0.061224489796	0.908163265306	0.030612244898	0.0
-les	0.0701754385965	0.929824561404	0.0	0.0
-oik	0.155339805825	0.495145631068	0.349514563107	0.0
-iot	0.0	0.996376811594	0.0	0.0036231884058
-lja	0.643356643357	0.125874125874	0.188811188811	0.041958041958
-eŋɨ	0.085955363856	0.694886305621	0.174463397805	0.0446949327178
-lji	0.256215981577	0.514764146623	0.146000168273	0.0830197035276
-iba	0.415204678363	0.465497076023	0.0912280701755	0.0280701754386
-alo	0.208510638298	0.689361702128	0.102127659574	0.0
-uda	0.0462376069825	0.771086040474	0.133301492169	0.0493748603739
-tji	0.119700371432	0.490909378741	0.048736581043	0.340653668785
-sam	0.60353200883	0.352317880795	0.0083885209713	0.035761589404
-ndo	0.219898329702	0.60639070443	0.0270152505446	0.146695715323
-ali	0.0035682426405	0.915551590842	0.0725542670235	0.00832589949448
-nda	0.0201258051269	0.132744705317	0.0184638090821	0.828665680474
-suŋ	0.213487178287	0.445729086214	0.212004899322	0.128778836177
-ŋyo	0.663568953793	0.141771632721	0.0482466081663	0.146412805319
-gia	0.0	0.959459459459	0.0405405405405	0.0
-ala	0.0	0.998363338789	0.00163666121113	0.0
-lon	0.287297827985	0.37613025303	0.0591225859285	0.277449333056
-paŋ	0.308117365109	0.198414136488	0.0548218780741	0.438646620329
-120	0.0967741935484	0.0967741935484	0.0	0.806451612903
-kga	0.22471874545	0.721369647933	0.0139598488158	0.0399517578014
-yop	0.380326747207	0.347204662652	0.167469671365	0.104998918775
-yok	0.372397777225	0.482458322966	0.0812805838931	0.0638633159161
-ɨso	0.489489028694	0.327034788137	0.0166597251145	0.166816458055
-lom	0.0146341463414	0.912195121951	0.0	0.0731707317073
-yon	0.0	1.0	0.0	0.0
-yom	0.334156957229	0.404443466456	0.0845877280661	0.176811848249
-yol	0.488594618355	0.189527143709	0.0755439731232	0.246334264812
-iem	0.0	1.0	0.0	0.0
-bɨŋ	0.5261994613	0.0837064437953	0.0276101741893	0.362483920716
-waŋ	0.500481728522	0.145066475727	0.0313056751942	0.323146120556
-ɨsa	0.0510676677067	0.512602379095	0.233887480499	0.202442472699
-mgo	0.190905137553	0.275614744977	0.174512308741	0.358967808729
-pel	0.0	0.8391959799	0.100502512563	0.0603015075377
-pen	0.0820633059789	0.873974208675	0.0175849941383	0.0263774912075
-pek	0.369369369369	0.112612612613	0.472972972973	0.045045045045
-153	0.216216216216	0.445945945946	0.0675675675676	0.27027027027
-eli	0.0255319148936	0.96170212766	0.0	0.0127659574468
-pmɨ	0.177576855026	0.229767498975	0.325180912125	0.267474733874
-elo	0.00956262924491	0.969798029301	0.00589695470103	0.0147423867526
-ogo	0.335986538607	0.235120623157	0.351470921879	0.0774219163579
-pes	0.151515151515	0.787878787879	0.060606060606	0.0
-ela	0.0	1.0	0.0	0.0
-iya	0.0	0.936507936508	0.0476190476191	0.015873015873
-pno	0.351781633348	0.313443652921	0.0638650689918	0.270909644739
-rɨm	0.168506056528	0.787415881561	0.0276581426649	0.0164199192463
-esu	0.00743762043874	0.692538714405	0.00301482154683	0.297008843609
-rɨp	0.262107425888	0.175374229527	0.166715585559	0.395802759026
-esi	0.175774282471	0.712988487109	0.0586995297552	0.0525377006649
-rɨt	0.110594970222	0.822115771893	0.0180440468071	0.0492452110777
-esa	0.0	1.0	0.0	0.0
-ita	0.0309828821567	0.922910766113	0.00401423460334	0.0420921171264
-spa	0.0382775119617	0.913875598086	0.0382775119617	0.00956937799043
-bru	0.00316330565441	0.974693554765	0.0221431395809	0.0
-sɨp	0.576989206351	0.266765102834	0.054748205655	0.101497485159
-keŋ	0.537225637129	0.220058744649	0.0499544452596	0.192761172962
-bul	0.057350019458	0.939782479569	0.0	0.0028675009729
-nki	0.07170316617	0.889421623256	0.0298043281068	0.00907088246728
-sɨk	0.416130672475	0.384981380855	0.14681133298	0.0520766136899
-sɨl	0.651138874076	0.100556105736	0.0609430943856	0.187361925802
-ŋka	0.185915492958	0.746478873239	0.0	0.0676056338028
-wot	0.129475168231	0.814094780872	0.0264108289056	0.0300192219907
-wok	0.227829345859	0.672520131701	0.0544095221534	0.0452410002868
-mdi	0.010063737001	0.949681314995	0.0	0.040254948004
-aba	0.368122349662	0.160617285783	0.0448107639605	0.426449600594
-rom	0.036264833093	0.65054896307	0.262836863702	0.0503493401353
-abo	0.414176820742	0.347190893374	0.0507730220265	0.187859263858
-ron	0.265388753869	0.458916293585	0.11331439239	0.162380560156
-nji	0.118154573204	0.741034033008	0.0445612060537	0.0962501877348
-tea	0.0	1.0	0.0	0.0
-kom	0.320639147803	0.455659121172	0.114647137151	0.109054593875
-sot	0.427815526738	0.156910281416	0.233033805596	0.18224038625
-kon	0.109962275363	0.170460894944	0.0225543383999	0.697022491293
-rit	0.010989010989	0.958791208791	0.00824175824175	0.021978021978
-kok	0.743360768914	0.0978535693152	0.0069933831836	0.151792278588
-amɨ	0.266187878652	0.539907003835	0.0976401054794	0.0962650120331
-son	0.146038543897	0.708779443255	0.0359743040685	0.109207708779
-lɨŋ	0.187362864502	0.669539224727	0.037364454479	0.105733456292
-kop	0.0465696583453	0.809088154666	0.0089565026316	0.135385684357
-sok	0.404009301074	0.173795277601	0.0893595428926	0.332835878433
-ado	0.334661354582	0.553784860558	0.0	0.111553784861
-ora	0.0	0.970479704797	0.0	0.029520295203
-ris	0.106430155211	0.815964523282	0.0643015521064	0.0133037694013
-tna	0.109622411693	0.817295980512	0.0730816077953	0.0
-irɨ	0.0761429003936	0.733676455747	0.0973357553739	0.0928448884853
-tni	0.20030064321	0.593190806641	0.059765150264	0.146743399885
-rus	0.0295157299399	0.928773418169	0.00989749027925	0.0318133616119
-dus	0.0	1.0	0.0	0.0
-lip	0.0204742553754	0.940757002507	0.0294268765473	0.00934186557056
-tno	0.205022887908	0.551944112071	0.0530826416175	0.189950358404
-lis	0.0112191473448	0.867614061331	0.0	0.121166791324
-ruk	0.0	1.0	0.0	0.0
-lio	0.0	1.0	0.0	0.0
-oma	0.0663595103837	0.866937147573	0.0262687388255	0.0404346032182
-adi	0.0	1.0	0.0	0.0
-lia	0.0266544117647	0.954044117647	0.0	0.0193014705882
-ome	0.0	0.981132075472	0.0188679245283	0.0
-lni	0.259142600542	0.504770112871	0.119007101018	0.117080185569
-eap	0.0239680426099	0.97603195739	0.0	0.0
-eas	0.075	0.8875	0.0375	0.0
-leŋ	0.136068430223	0.760811024869	0.0275621732932	0.0755583716141
-lno	0.310246828364	0.41106473419	0.132034738474	0.146653698973
-abi	0.300541132678	0.320170390317	0.145237118062	0.234051358942
-oda	0.230769230769	0.750769230769	0.0184615384615	0.0
-noŋ	0.617737003058	0.212640163099	0.0852191641183	0.0844036697247
-ɨda	0.516384180791	0.324293785311	0.125423728814	0.0338983050847
-eam	0.00243902439024	0.993902439024	0.0	0.00365853658536
-lwa	0.0202644022001	0.894335617099	0.0853999807006	0.0
-peŋ	0.209302325581	0.651162790698	0.139534883721	0.0
-tgo	0.222639225331	0.523846345114	0.0643716802478	0.189142749308
-tgi	0.452247191011	0.429775280899	0.0	0.11797752809
-kyo	0.238221928558	0.232447918361	0.0823428415538	0.446987311527
-pai	0.00585365853658	0.991219512195	0.0	0.00292682926829
-apa	0.833333333333	0.0866666666666	0.04	0.04
-pal	0.261005064277	0.668874172185	0.0116867939229	0.0584339696143
-bɨt	0.313265168617	0.534046906026	0.0957398351529	0.0569480902037
-pan	0.0294420039256	0.793905972521	0.176652023554	0.0
-wap	0.349467878231	0.387688717604	0.207403740763	0.0554396634021
-ŋen	0.161054454493	0.197806426785	0.0150086588416	0.626130459881
-ŋek	0.260992883189	0.087379513036	0.0265960816932	0.625031522081
-yoŋ	0.739867184912	0.110373830942	0.0373582004115	0.112400783734
-sop	0.424293751134	0.422841933337	0.0464944649446	0.106369850584
-pap	0.106817979549	0.6540644161	0.0218865785739	0.217231025777
-wan	0.327043108947	0.222800835852	0.0541047255836	0.396051329617
-bɨk	0.486645331514	0.224456461113	0.0380448526712	0.250853354702
-duk	0.0485672656629	0.928800388538	0.00699368625547	0.0156386595435
-pat	0.203216374269	0.671052631579	0.0292397660819	0.0964912280702
-bɨl	0.4392649776	0.265064179879	0.0250796597015	0.270591182819
-wai	0.0760557152333	0.881273491046	0.0252045102808	0.0174662834402
-pji	0.253627069867	0.357449353315	0.146072640103	0.242850936715
-tuk	0.147364513734	0.706198960653	0.134187082405	0.0122494432071
-sen	0.0188390519264	0.0869690889924	0.0388512939096	0.855340565172
-ken	0.0	0.965517241379	0.0114942528736	0.0229885057471
-kem	0.0408163265306	0.959183673469	0.0	0.0
-kel	0.248520710059	0.715976331361	0.0236686390533	0.0118343195266
-sus	0.0	0.988047808765	0.011952191235	0.0
-ari	0.123175495959	0.784811800929	0.0295135085454	0.0624991945666
-agɨ	0.165431576032	0.461273455096	0.161683258733	0.211611710138
-sos	0.0504201680672	0.873949579832	0.0	0.0756302521008
-lbi	0.102812267264	0.814029873334	0.0229400991454	0.0602177602566
-kat	0.565997888068	0.212249208025	0.0253431890179	0.196409714889
-nus	0.0	0.980198019802	0.019801980198	0.0
-sua	0.0519662921348	0.941011235955	0.0	0.00702247191011
-ɨki	0.501517169338	0.285584208337	0.0722017966464	0.140696825679
-dia	0.0270820089002	0.959186268277	0.00801017164653	0.0057215511761
-sol	0.280376682816	0.45446765694	0.0835153650978	0.181640295146
-rɨŋ	0.0712128474748	0.89721148657	0.0132738468346	0.0183018191204
-egɨ	0.151151573603	0.355226961385	0.248684674569	0.244936790442
-tus	0.0303282670553	0.946352973836	0.0208203206329	0.00249843847595
-dis	0.0	1.0	0.0	0.0
-bɨm	0.538855854009	0.26922288292	0.0811974574534	0.110723805618
-sli	0.0	1.0	0.0	0.0
-kos	0.0095238095238	0.980952380952	0.0095238095238	0.0
-lɨt	0.33978637021	0.585983376605	0.0259631636725	0.048267089512
-koŋ	0.0922883536015	0.709336997194	0.148444808232	0.0499298409729
-lɨp	0.462055263406	0.141027369442	0.0591930717667	0.337724295385
-lɨn	0.0948023891219	0.746727665523	0.102173084255	0.0562968611005
-lɨm	0.139700492198	0.71766677139	0.12629594722	0.0163367891926
-lɨk	0.502041666574	0.253864042574	0.0553784688543	0.188715821998
-soŋ	0.614795671641	0.226065448794	0.0384705099248	0.12066836964
-uki	0.0327868852459	0.0327868852459	0.0655737704918	0.868852459016
-ŋwa	0.0482358195623	0.788298347477	0.0924519874944	0.0710138454668
-ait	0.0	0.809798270893	0.190201729107	0.0
-ais	0.0562048354002	0.872557766081	0.0508519939334	0.0203854045856
-tis	0.151119402985	0.759328358209	0.0671641791044	0.0223880597015
-ket	0.04649141864	0.86023607792	0.0932725034397	0.0
-dat	0.177961157813	0.708285693433	0.0297239474328	0.0840292013217
-woŋ	0.455945234636	0.397630381586	0.111630470801	0.034793912977
-aia	0.0221701717249	0.96252364192	0.00804138432055	0.00726480203414
-tia	0.0	1.0	0.0	0.0
-ɨyo	0.176358966069	0.646129722345	0.116186489294	0.0613248222922
-aim	0.0377358490566	0.962264150943	0.0	0.0
-ain	0.0898509742203	0.885715484075	0.00692501449395	0.0175085272112
-ngo	0.285609445569	0.340733651536	0.0471379225641	0.326518980332
-eme	0.0	1.0	0.0	0.0
-jap	0.332854704559	0.383753961302	0.103274047587	0.180117286552
-mɨŋ	0.227718133177	0.230895555169	0.115217991633	0.42616832002
-260	0.0337078651685	0.11797752809	0.0168539325843	0.831460674157
-ems	0.000985869208017	0.998028261584	0.000985869208019	0.0
-jal	0.0	0.964788732394	0.0352112676056	0.0
-oni	0.394191245313	0.286323195866	0.133627487232	0.185858071589
-jak	0.531225820096	0.225315110888	0.0367642870894	0.206694781927
-dal	0.579213993241	0.194862200481	0.0824643956669	0.143459410612
-set	0.0	1.0	0.0	0.0
-mdo	0.617283950617	0.297245963913	0.051282051282	0.034188034188
-dam	0.173850963323	0.702587101603	0.0334127977557	0.0901491373183
-pdo	0.403903266865	0.392448027153	0.147645311837	0.0560033941452
-eŋi	0.0225787812792	0.832703675719	0.00577803457932	0.138939508423
-mda	0.389292196007	0.301270417423	0.30943738657	0.0
-oŋɨ	0.0519373185799	0.0866164686035	0.16935256283	0.692093649986
-alɨ	0.29348738706	0.28190829459	0.275855587163	0.148748731187
-rut	0.0	1.0	0.0	0.0
-oyɨ	0.547876235811	0.20862321494	0.0384474551447	0.205053094105
-ŋan	0.120489144313	0.772262276684	0.0865050266861	0.0207435523176
-ŋak	0.210567725987	0.716553456613	0.0353982827371	0.0374805346628
-atu	0.298449612403	0.68992248062	0.0116279069767	0.0
-gus	0.041958041958	0.958041958042	0.0	0.0
-uyo	0.140425531915	0.744680851064	0.0765957446809	0.0382978723404
-ŋam	0.358615004122	0.527617477329	0.0247320692498	0.0890354492992
-lim	0.0	1.0	0.0	0.0
-aot	0.671472999717	0.328527000283	0.0	0.0
-ank	0.286691542289	0.266480099503	0.0539490049751	0.392879353234
-300	0.142292490119	0.158102766798	0.154150197628	0.545454545455
-ogɨ	0.324789419825	0.256077992977	0.206833004068	0.212299583129
-elɨ	0.0866865820277	0.739038833653	0.102761910064	0.071512674255
-pmi	0.0	1.0	0.0	0.0
-nɨŋ	0.095329150483	0.636639776915	0.197291106464	0.0707399661389
-ata	0.00826794416453	0.934608077971	0.00150326257537	0.0556207152887
-bus	0.0944976076554	0.86961722488	0.0215311004785	0.0143540669856
-bup	0.0519480519481	0.88961038961	0.0584415584415	0.0
-ŋap	0.460218408736	0.240249609984	0.234009360374	0.0655226209048
-666	0.0	0.0	0.0	1.0
-pma	0.270858524788	0.477629987908	0.13784764208	0.113663845224
-but	0.0739815681647	0.253759785232	0.0309966288493	0.641262017754
-ŋat	0.0627300213349	0.516065681234	0.021622910786	0.399581386645
-kak	0.272646338749	0.661473403071	0.0569775205876	0.00890273759183
-nis	0.04	0.96	0.0	0.0
-nip	0.397930385701	0.400752587018	0.0470366886171	0.154280338664
-ian	0.0505836575876	0.688715953307	0.260700389105	0.0
-osa	0.0	1.0	0.0	0.0
-nit	0.116922434492	0.1374123319	0.023042830434	0.722622403174
-kal	0.490974729242	0.416967509025	0.0	0.0920577617328
-osi	0.348979251906	0.324578643781	0.0905863805872	0.235855723726
-nes	0.0360480640854	0.939919893191	0.0160213618158	0.00801068090787
-nia	0.017843374821	0.943826412601	0.035686749642	0.00264346293645
-ɨgo	0.209007442133	0.392247619035	0.0662135301147	0.332531408717
-daŋ	0.463487997099	0.177103108896	0.0247005346454	0.33470835936
-kas	0.0538116591928	0.946188340807	0.0	0.0
-kap	0.393832599119	0.584140969163	0.0141195075116	0.00790692420648
-nin	0.0605698740143	0.141984732669	0.022267667292	0.775177726024
-kau	0.0431098010317	0.914517317612	0.0136330140015	0.0287398673545
-nim	0.330374753452	0.237038602423	0.0409270216962	0.391659622429
-ŋsi	0.241839578272	0.122742838662	0.0607100522056	0.57470753086
-rɨk	0.385601632293	0.453871181207	0.0389323921915	0.121594794309
-iap	0.468194011902	0.377879189664	0.0384816996084	0.115445098825
-ŋkɨ	0.427647418432	0.109700596995	0.0360385518163	0.426613432757
-kdo	0.184508409647	0.422259000195	0.3267815372	0.0664510529582
-yum	0.491491610517	0.0985599154446	0.0552913198573	0.354657154181
-iyo	0.282765251352	0.354360778236	0.0648820668432	0.297991903569
-lda	0.245640829833	0.610538373425	0.0610920198549	0.0827287768869
-ika	0.0321240653558	0.95790639712	0.00332317917474	0.00664635834949
-ila	0.00779654724337	0.992203452757	0.0	0.0
-ilo	0.205357142857	0.696428571429	0.00892857142857	0.0892857142857
-sgo	0.111111111111	0.888888888889	0.0	0.0
-mbɨ	0.0933421029681	0.880112793977	0.0119189511323	0.014626151923
-abɨ	0.202985362981	0.362957661487	0.0201119398746	0.413945035657
-yut	0.148897725347	0.713127247319	0.0146405101314	0.123334517202
-ili	0.0127013936938	0.966146090738	0.0136404072353	0.00751210833251
-oam	0.0	1.0	0.0	0.0
-ina	0.0	1.0	0.0	0.0
-taŋ	0.373587533002	0.108652862744	0.0349096800723	0.482849924181
-igo	0.439303854786	0.327991495058	0.112217978501	0.120486671654
-ebe	0.0076726342711	0.992327365729	0.0	0.0
-ami	0.0650971687994	0.528105925639	0.344500480931	0.0622964246297
-kwo	0.296912114014	0.418052256532	0.256532066508	0.0285035629453
-kwi	0.197852621608	0.324590159994	0.260629219444	0.216927998954
-amo	0.155469544878	0.552471758079	0.0173070266528	0.27475167039
-ama	0.202280949169	0.69532160157	0.0741921638359	0.0282052854253
-kwa	0.269312140587	0.297415117417	0.0543971136531	0.378875628343
-wam	0.2307822255	0.493266407539	0.0750350765262	0.200916290435
