-öse	0.0386374241717	0.917312179188	0.00671955202986	0.0373308446104
-cai	0.0870486797197	0.702065744566	0.035566732531	0.175318843183
-can	0.41564905805	0.309926604128	0.081674872124	0.192749465698
-eus	0.120617110799	0.729312762974	0.0490883590462	0.100981767181
-iva	0.348387096774	0.477419354839	0.0774193548387	0.0967741935484
-eun	0.346272738081	0.19201046249	0.0982344548805	0.363482344549
-ive	0.0106910869812	0.989308913019	0.0	0.0
-rbe	0.00776914539401	0.992230854606	0.0	0.0
-lel	0.0	1.0	0.0	0.0
-hec	0.275	0.725	0.0	0.0
-aup	0.546002642575	0.205750746694	0.123112909016	0.125133701715
-aus	0.276767676768	0.547474747475	0.0363636363636	0.139393939394
-kop	0.0774378585086	0.908221797323	0.00860420650098	0.0057361376673
-aut	0.1507396704	0.659096437711	0.0347860777846	0.155377814104
-oya	0.475712441259	0.161843161628	0.0301377732811	0.332306623832
-mba	0.17063424412	0.311723468117	0.302979815983	0.21466247178
-zin	0.0	1.0	0.0	0.0
-kot	0.63305785124	0.312396694215	0.0247933884298	0.0297520661157
-aui	0.445539135194	0.349753694581	0.132457580733	0.072249589491
-obö	0.420183486238	0.289908256881	0.212844036697	0.0770642201835
-aun	0.232157317459	0.295439664436	0.0279129213329	0.444490096772
-nti	0.566210045662	0.255005268704	0.0161573586231	0.162627327011
-nto	0.493961450022	0.201680470041	0.0642599903499	0.240098089587
-pus	0.0174047573003	0.970992071166	0.0116031715335	0.0
-nta	0.476813966176	0.415439170758	0.0340971085652	0.0736497545008
-sho	0.180535012467	0.706326332249	0.0564171913958	0.0567214638888
-nte	0.0735835172922	0.298013245033	0.283480500368	0.344922737307
-kia	0.0	1.0	0.0	0.0
-eup	0.364459845583	0.33669979938	0.116610432245	0.182229922792
-apa	0.294010226443	0.506330654979	0.0365230094959	0.163136109082
-sha	0.199783572091	0.735700298877	0.0396784499639	0.0248376790683
-pun	0.457869972044	0.272252341656	0.0368366447867	0.233041041513
-ntu	0.240098257106	0.5735875541	0.139992981635	0.0463212071587
-lta	0.0676477318734	0.908482810822	0.0222852012885	0.00158425601577
-pra	0.0381227816485	0.834363086631	0.127514131721	0.0
-neu	0.185532854776	0.37382661513	0.0811706239646	0.359469906129
-oun	0.341217535247	0.158498903841	0.0451625936672	0.455120967245
-hem	0.0797518830306	0.85157288436	0.00886132033673	0.0598139122729
-opu	0.0456852791878	0.893401015228	0.0	0.0609137055838
--ha	0.529914529915	0.184294871795	0.28579059829	0.0
-opo	0.0319829424307	0.808102345416	0.127931769723	0.0319829424307
-sma	0.11214953271	0.88785046729	0.0	0.0
--ho	0.310033104151	0.537178507767	0.0967659791189	0.0560224089636
-cwi	0.176079734219	0.327242524917	0.436877076412	0.0598006644518
-dec	0.208578169864	0.432787569799	0.0542382355874	0.30439602475
-imu	0.231546919002	0.0452448002647	0.0242768204918	0.698931460242
-mus	0.0339244410177	0.902081727062	0.0231303006939	0.0408635312259
-dei	0.446811860404	0.376541590134	0.0415638939911	0.135082655471
-öke	0.0828339795559	0.785571613206	0.0176242509694	0.113970156268
-dek	0.0337944872743	0.944027880452	0.0	0.0221776322737
-den	0.012753746413	0.987246253587	0.0	0.0
-lön	0.0293817832943	0.930922827847	0.00449721172873	0.0351981771302
-ima	0.229347418408	0.261543428834	0.242655267498	0.266453885261
-der	0.010033444816	0.989966555184	0.0	0.0
-atu	0.123359580052	0.183727034121	0.244094488189	0.448818897638
-det	0.393345882728	0.39643611881	0.0699385301163	0.140279468346
-aka	0.53529398452	0.0828882451455	0.0113158013851	0.370501968949
-imi	0.428957644939	0.112316010814	0.0360468609192	0.422679483328
-vho	0.93956043956	0.0274725274725	0.0	0.032967032967
-imo	0.413319946452	0.436316695353	0.0882099827883	0.0621533754065
-ido	0.330543933054	0.518828451883	0.100418410042	0.0502092050209
-bit	0.510507854659	0.235190070752	0.0562117759923	0.198090298597
-biu	0.550057524504	0.214913787951	0.0690294047334	0.165999282811
-bip	0.270186093592	0.349256404267	0.164291832126	0.216265670015
-eca	0.293142662194	0.628198385171	0.0652257349179	0.0134332177176
-oba	0.0133333333333	0.986666666667	0.0	0.0
-ida	0.269103457119	0.0995549648344	0.0147218773328	0.616619700713
-big	0.758620689655	0.172413793103	0.0344827586207	0.0344827586207
-bic	0.132280852327	0.481077069475	0.0742602794821	0.312381798716
-bia	0.191492096132	0.767382084565	0.0372702737437	0.0038555455597
-bin	0.42490005711	0.453455168475	0.0256996002284	0.0959451741862
--ci	0.133056133056	0.650727650728	0.182952182952	0.033264033264
-idu	0.194384449244	0.596112311015	0.0842332613391	0.125269978402
-rat	0.412184526272	0.299338022342	0.200248241622	0.0882292097642
-ecu	0.385137108281	0.341471667835	0.176148410511	0.0972428133735
-bii	0.411610950612	0.16845508323	0.126220938231	0.293713027927
-tep	0.247191011236	0.707865168539	0.0449438202247	0.0
-100	0.0210266821346	0.127755220418	0.0449535962877	0.80626450116
-uta	0.0	1.0	0.0	0.0
-tet	0.135303086602	0.669622150755	0.164516253027	0.030558509616
-ric	0.691970368561	0.247934411263	0.0262600962112	0.0338351239645
-ria	0.0439269170023	0.800241426016	0.0143186278726	0.141513029109
-rin	0.00398709722076	0.0156445318343	0.000420472456649	0.979947898488
-ril	0.0	1.0	0.0	0.0
-rim	0.727749639931	0.171230720806	0.0048645091138	0.0961551301494
-rik	0.136598485385	0.398612782221	0.384457498761	0.0803312336329
-rii	0.666270473293	0.143366534338	0.190362992369	0.0
-sic	0.433946952548	0.380301541878	0.0491180113612	0.136633494213
-rit	0.476692844967	0.305523594918	0.128129480185	0.0896540799296
-tec	0.251719066595	0.489925719898	0.0589345208962	0.199420692611
-ris	0.0456081081081	0.939189189189	0.0	0.0152027027027
-rip	0.580820999599	0.341000136975	0.0703721295597	0.00780673386559
-utu	0.128378378378	0.405405405405	0.466216216216	0.0
-nap	0.211187214612	0.409246575342	0.114155251142	0.265410958904
-ten	0.0751091703057	0.765938864629	0.0681222707424	0.0908296943231
-oro	0.0881747988622	0.0298711105376	0.00505295200954	0.876901138591
-lux	0.0136363636364	0.931818181818	0.0	0.0545454545455
-are	0.0778588807786	0.907542579075	0.014598540146	0.0
-ara	0.325675727321	0.432740612711	0.0178722605589	0.223711399409
-gyi	0.24315127183	0.210628031684	0.331874863647	0.214345832839
-lus	0.239473684211	0.744736842105	0.0157894736842	0.0
-ari	0.587550064135	0.203554880762	0.0125651160964	0.196329939007
-gya	0.392318493294	0.192464750377	0.0328043335657	0.382412422763
-aru	0.0969457684675	0.80761205327	0.0124424078355	0.0829997704269
-luk	0.0142180094787	0.971563981043	0.0	0.0142180094787
-mec	0.391316337018	0.392845503998	0.155122709383	0.0607154496002
-mem	0.736505032022	0.164684354986	0.0658737419945	0.0329368709973
-gyu	0.365871169784	0.177283883504	0.0336211508312	0.423223795881
-men	0.127328164474	0.780468681941	0.0570781426953	0.0351250108895
-mek	0.0	1.0	0.0	0.0
-nun	0.252917607403	0.0867968327663	0.148503831844	0.511781727987
-pha	0.369501667088	0.324955474535	0.0622617895832	0.243281068795
-yöc	0.638554216868	0.253012048193	0.0	0.10843373494
-aya	0.487106929272	0.256073859359	0.0681452449667	0.188673966403
-iöö	0.401785714286	0.21875	0.0535714285714	0.325892857143
-ila	0.0	0.990422984836	0.00319233838787	0.00638467677574
-pho	0.193271536928	0.621097539012	0.0695284871456	0.116102436914
-tyi	0.379773577043	0.21046569507	0.305187701853	0.104573026034
-tyu	0.0222222222222	0.977777777778	0.0	0.0
-öhö	0.567423230975	0.259012016021	0.0133511348465	0.160213618157
-phu	0.178465203277	0.650537778631	0.112125609924	0.0588714081682
-yup	0.0802221092709	0.785179288982	0.029873505126	0.104725096621
-oup	0.15600447527	0.215881230003	0.0192162086011	0.608898086126
-mos	0.012285012285	0.963144963145	0.02457002457	0.0
-wun	0.452810180276	0.106044538706	0.0593849416755	0.381760339343
-aua	0.08853053198	0.818157670375	0.0404865237714	0.0528252738731
-yaö	0.103348654193	0.0667917851543	0.0108611352656	0.818998425387
-cti	0.308270676692	0.0150375939849	0.586466165414	0.0902255639098
-nui	0.547619047619	0.309523809524	0.119047619048	0.0238095238095
-ubo	0.820851688693	0.155653450808	0.00587371512482	0.0176211453745
-siu	0.753757030701	0.212253925475	0.0339890438247	0.0
-dai	0.348029089282	0.503081460757	0.0676206251904	0.08126882477
-fia	0.0	1.0	0.0	0.0
-ota	0.40866873065	0.517027863777	0.0371517027864	0.0371517027864
-sut	0.412426120802	0.562346835808	0.0043246360098	0.0209024073807
-ndo	0.336457357076	0.552014995314	0.0618556701031	0.049671977507
-nhu	0.099531615925	0.742388758782	0.150273224044	0.00780640124902
-oti	0.15246583001	0.713058553546	0.0658438536614	0.0686317627829
-iga	0.531100478469	0.239234449761	0.22966507177	0.0
-oto	0.492470667582	0.267549037908	0.0852473588169	0.154732935692
-nho	0.350052246604	0.53500522466	0.0835945663532	0.0313479623824
-uma	0.119235736343	0.139458176634	0.097263734999	0.644042352023
-otu	0.516354016354	0.19721019721	0.0630110630111	0.223424723425
-isö	0.311377245509	0.461077844311	0.0239520958084	0.203592814371
-umo	0.183618029527	0.51029114826	0.223659841352	0.0824309808611
-nha	0.664092664093	0.220077220077	0.046332046332	0.0694980694981
-kic	0.372378252076	0.348338058868	0.159036545157	0.120247143899
-öas	0.0645161290323	0.935483870968	0.0	0.0
ALL	0.227333130407	0.266939466392	0.050314451409	0.455412951792
-nai	0.253343236351	0.432629742836	0.064320621931	0.249706398882
-nan	0.364044659754	0.220675150979	0.107832311523	0.307447877745
-aki	0.681818181818	0.0757575757576	0.151515151515	0.090909090909
-nam	0.371287177711	0.331776878538	0.0753851483302	0.221550795421
-sis	0.0105263157895	0.989473684211	0.0	0.0
-nac	0.448017427431	0.382938632601	0.0562360153547	0.112807924613
-sip	0.0267901088303	0.924434702692	0.0281156341222	0.020659554355
-kin	0.0151515151515	0.984848484848	0.0	0.0
-kim	0.0	1.0	0.0	0.0
-sit	0.53006817562	0.295838560131	0.0412326152169	0.132860649032
-kis	0.0492805721187	0.935313305374	0.00798835981855	0.00741776268865
-sii	0.691823899371	0.238993710692	0.0125786163522	0.0566037735849
-ego	0.144496262507	0.233073582784	0.472327885473	0.150102269235
-sin	0.166666666667	0.661949685535	0.14465408805	0.0267295597484
-sim	0.287917737789	0.341902313625	0.185089974293	0.185089974293
-sil	0.0437259838346	0.83702133298	0.0238505366371	0.0954021465483
-csa	0.201468582387	0.647507263066	0.0139987078116	0.137025446735
-nas	0.0153714773698	0.976942783945	0.0076857386849	0.0
-sia	0.011450644961	0.977236669656	0.00717389804787	0.00413878733531
-mir	0.0	0.993311036789	0.00668896321071	0.0
-nat	0.124953472791	0.790478671927	0.0484627410109	0.0361051142708
-nau	0.863705972435	0.0199081163859	0.00918836140888	0.10719754977
-goi	0.447726285014	0.178254513848	0.0259966022678	0.34802259887
-nöa	0.0185873605948	0.981412639405	0.0	0.0
-gok	0.096	0.904	0.0	0.0
-mot	0.369978247212	0.343714294353	0.0882457284069	0.198061730028
-gom	0.443382873319	0.107926397735	0.302193913659	0.146496815287
-gol	0.0314232902033	0.825939617991	0.12415280345	0.0184842883549
-önu	0.489361702128	0.31914893617	0.0	0.191489361702
-gon	0.166393464142	0.157057015554	0.101170974925	0.575378545378
-goc	0.490329603477	0.0974853564294	0.0228076418619	0.389377398232
-out	0.310340878727	0.437340153453	0.174829178914	0.0774897889071
-öna	0.119806803516	0.556983578972	0.263094043139	0.0601155743731
-lki	0.0	1.0	0.0	0.0
-öng	0.172616347302	0.745999315677	0.0288255518553	0.0525587851652
-yöö	0.530020703934	0.327122153209	0.0310559006211	0.111801242236
-mon	0.400465287018	0.318039682874	0.0664158108028	0.215079219305
-gop	0.109650815004	0.835003283118	0.00798091375032	0.0473649881269
-mom	0.228868249196	0.683397702324	0.00369737801278	0.0840366704671
-wup	0.196721311475	0.540983606557	0.172131147541	0.0901639344262
-öno	0.160963365804	0.431924938744	0.116058088807	0.291053606646
-got	0.448097785118	0.308052594682	0.0531733033785	0.190676316821
-moi	0.354243542435	0.538745387454	0.0627306273063	0.0442804428044
-yau	0.2460496614	0.479119638826	0.152934537246	0.121896162528
-yat	0.306474980497	0.387830157138	0.0427207548572	0.262974107508
-yap	0.173741969866	0.404282834485	0.0239998899387	0.39797530571
-ber	0.0	1.0	0.0	0.0
-bep	0.591987020156	0.232385256539	0.0702838048247	0.10534391848
-eot	0.372384937238	0.175732217573	0.401673640167	0.0502092050209
-mfa	0.0	1.0	0.0	0.0
-bet	0.271038395578	0.481133149301	0.15211142795	0.0957170271715
-bek	0.0	0.930383346605	0.0	0.0696166533955
-yaa	0.129213483146	0.533707865169	0.109550561798	0.227528089888
-iön	0.172062904718	0.739130434783	0.0832562442183	0.00555041628122
-yac	0.499106470444	0.137778304811	0.0289580550805	0.334157169664
-bem	0.0467741935483	0.879032258065	0.0741935483871	0.0
-yam	0.36443676284	0.220290854917	0.0270079450931	0.38826443715
-bec	0.232746669881	0.307064070882	0.0589174853837	0.401271773853
-yan	0.238707285486	0.536006359229	0.0707197163817	0.154566638903
-yai	0.263742520936	0.181419923652	0.0764340803594	0.478403475052
-iso	0.0	1.0	0.0	0.0
-rek	0.0	1.0	0.0	0.0
-rei	0.179104477612	0.619402985075	0.111940298507	0.089552238806
-isi	0.0159314854038	0.971590385855	0.00640022101482	0.00607790772631
-rec	0.269215380837	0.451304251284	0.145583842113	0.133896525765
-röt	0.0282793658566	0.902414764033	0.0456326130869	0.0236732570239
-isa	0.0399870404474	0.911585157902	0.0202919309733	0.0281358706773
-röp	0.116938616939	0.835275835276	0.0407925407925	0.00699300699302
-rön	0.0	1.0	0.0	0.0
-röm	0.113151474014	0.667920236283	0.0550164187045	0.163911870998
-eva	0.0	1.0	0.0	0.0
-upa	0.839694656489	0.0948745910578	0.0654307524537	0.0
-res	0.0166722240747	0.87940424586	0.0883627875959	0.0155607424697
-röc	0.0734942738557	0.76284585404	0.0457335704366	0.117926301668
-evi	0.146699266504	0.823960880196	0.0293398533007	0.0
-ret	0.0845679774623	0.85230314981	0.0401385714289	0.0229903012988
-upi	0.252988047809	0.667330677291	0.0	0.0796812749004
-ahe	0.0254386875714	0.0212854324577	0.00648946111515	0.946786418856
-hac	0.439398984662	0.252168356874	0.0926327278304	0.215799930633
-hai	0.254956928007	0.189892127982	0.0374153092692	0.517735634741
-mas	0.0190943807965	0.965396305822	0.00155872496298	0.0139505884187
-mar	0.0	1.0	0.0	0.0
-mau	0.370109945065	0.137235345451	0.147301282484	0.345353427
-ham	0.0321606720924	0.949724337096	0.00826988710948	0.00984510370176
-mai	0.310956782322	0.0234898009025	0.0035747400298	0.661978676746
-mak	0.0312066574202	0.931345353675	0.0	0.0374479889043
-has	0.0	1.0	0.0	0.0
-hat	0.564576696258	0.146388100075	0.0700963472187	0.218938856449
-man	0.257943760642	0.470788937361	0.139649747036	0.131617554961
-maa	0.393258426966	0.539325842697	0.0	0.0674157303371
-mac	0.203917319907	0.674569286003	0.0509846408769	0.0705287532132
-ohi	0.587837837838	0.0878378378378	0.324324324324	0.0
-uno	0.0785400455551	0.143765671709	0.0752495804412	0.702444702295
-uni	0.0276713495104	0.893571732652	0.00212856534695	0.0766283524904
-une	0.159427484074	0.0628774716638	0.128236948788	0.649458095475
-ung	0.499342703123	0.177394612749	0.0556146570393	0.267648027088
-una	0.318921120346	0.093687401742	0.028736632763	0.558654845149
-cyi	0.467055095763	0.278348933334	0.10512509841	0.149470872494
-öca	0.141507941232	0.689132653953	0.0376979406066	0.131661464208
--ru	0.408	0.16	0.256	0.176
-nki	0.0224880382775	0.971770334928	0.0	0.00574162679427
-him	0.208695652174	0.434782608696	0.104347826087	0.252173913044
-bön	0.471644226846	0.423092615259	0.102815177479	0.00244798041616
-gac	0.428198551942	0.321001384507	0.157516058013	0.093284005538
-500	0.139393939394	0.127272727273	0.0727272727273	0.660606060606
-ada	0.54396327803	0.158806586607	0.0567816824367	0.240448452927
-gan	0.432921740075	0.399519965627	0.0799084996209	0.0876497946766
-gam	0.179043012158	0.302013335076	0.285919728069	0.233023924696
-böc	0.138487454238	0.510558743795	0.0774765045372	0.27347729743
-gai	0.336891253436	0.175943157139	0.0590617820185	0.428103807406
-adi	0.0711111111111	0.662222222222	0.266666666667	0.0
-eia	0.345259098182	0.572713658557	0.0361055266073	0.0459217166537
-ömu	0.944785276074	0.0122699386503	0.0429447852761	0.0
-gat	0.578193386818	0.106560766242	0.0247499915564	0.290495855384
-gar	0.0888051668461	0.895048439182	0.016146393972	0.0
-ian	0.109174247515	0.690380429877	0.172712957484	0.0277323651244
-gap	0.325340855665	0.235699733584	0.33364676383	0.105312646921
-ben	0.0941984817421	0.759128941098	0.113592286807	0.0330802903529
-sno	0.0446373217607	0.745195288283	0.210167389957	0.0
-ini	0.0840879689521	0.865459249677	0.0349288486417	0.0155239327297
-sem	0.403658585311	0.486110264492	0.0216231680558	0.0886079821415
-sel	0.0493867201321	0.88338837127	0.0232928411369	0.0439320674608
-sek	0.0	1.0	0.0	0.0
-bel	0.0386552653157	0.911092889774	0.0115965795947	0.0386552653157
-ane	0.144493130924	0.550941833005	0.1254091325	0.179155903571
-ino	0.130276937104	0.142528653199	0.0903629376189	0.636831472078
-ina	0.401415448343	0.159657845843	0.0373384992768	0.401588206537
-sec	0.421986582991	0.519584505518	0.0324605063839	0.0259684051071
-uit	0.648648648649	0.21479374111	0.0469416785206	0.0896159317212
-sea	0.0	1.0	0.0	0.0
-ing	0.381878637198	0.220773318719	0.0490779948911	0.348270049192
--mo	0.0722891566265	0.855421686747	0.0722891566265	0.0
-oha	0.246787224077	0.307248214301	0.0820668728882	0.363897688734
-cot	0.12459874397	0.192796975552	0.0140197637607	0.668584516717
-uic	0.0276272710821	0.935906540826	0.00513101394594	0.031335174146
-oho	0.224943576443	0.440741976788	0.098273158772	0.236041287998
--ma	0.278062054266	0.471613245307	0.0826219050526	0.167702795374
-inu	0.335831251735	0.279304283467	0.0918216301231	0.293042834675
-sep	0.0257118696573	0.834635253142	0.00263732951549	0.137015547685
-lam	0.00552791597569	0.994472084024	0.0	0.0
-eda	0.349391039582	0.392561983471	0.0986842105263	0.15936276642
-kus	0.0402010050252	0.94472361809	0.00463857750292	0.0104367993815
-fuc	0.362918545683	0.277466673274	0.0239522936386	0.335662487404
-kup	0.329585288348	0.304123150178	0.0711870699835	0.29510449149
-iam	0.133530204789	0.775630737626	0.0491108685883	0.0417281889966
-ghu	0.348048423954	0.481866562437	0.0690543051545	0.101030708455
-nma	0.347851437267	0.346974954085	0.17160784318	0.133565765468
-iai	0.272267155823	0.245572462775	0.406915640157	0.0752447412455
-nes	0.0	0.930655188905	0.0215208034433	0.0478240076518
-fut	0.145366444579	0.800121138704	0.0545124167172	0.0
-fuu	0.259071117562	0.426705370102	0.0137880986938	0.300435413643
-kuc	0.621387283237	0.0520231213873	0.202312138728	0.124277456647
-iap	0.300504261513	0.188265499948	0.0313293331061	0.479900905433
-ias	0.0358825961141	0.915634559735	0.0410417527904	0.00744109136006
-kun	0.0385679346237	0.671748112875	0.259312710455	0.030371242046
-kum	0.020979020979	0.821678321678	0.0314685314685	0.125874125874
-gha	0.43459576218	0.344294668155	0.0431780490119	0.177931520654
-kui	0.118686868687	0.132154882155	0.00673400673403	0.742424242424
-nom	0.0993470459444	0.0107067536056	0.0517525449892	0.838193655461
-ban	0.51778057983	0.160895392075	0.0451554814116	0.276168546683
-hoc	0.339414387276	0.385190986866	0.0978431136281	0.17755151223
-bal	0.493150684932	0.315068493151	0.109589041096	0.0821917808219
-bam	0.144800392876	0.648062522885	0.0347944669433	0.172342617295
-tdu	0.151515151515	0.255892255892	0.180134680135	0.412457912458
-bai	0.241379310345	0.4	0.0	0.358620689655
-möp	0.523574535086	0.266924331345	0.068021006346	0.141480127223
-hoi	0.126848032498	0.0453305685656	0.0280552516585	0.799766147277
-hon	0.0933650823931	0.369928187927	0.0442621970778	0.492444532602
-bac	0.134155744025	0.830377794911	0.0	0.035466461064
-rho	0.0	1.0	0.0	0.0
-hor	0.0	1.0	0.0	0.0
-hos	0.0487408610885	0.940814668678	0.0	0.0104444702333
-iha	0.205042720167	0.275031854333	0.122256161926	0.397669263574
-rhu	0.0	0.904286649215	0.0957133507853	0.0
-uuu	0.603773584906	0.198113207547	0.0	0.198113207547
-bat	0.116998390995	0.858317207845	0.00595402641036	0.0187303747493
-bas	0.039134355275	0.946798917944	0.00703336339044	0.00703336339044
-tam	0.598240469208	0.131964809384	0.0601173020528	0.209677419355
-dru	0.0	1.0	0.0	0.0
-köp	0.003738317757	0.992056074766	0.00280373831776	0.00140186915888
-nya	0.421899602565	0.259389807702	0.0538705741821	0.264840015551
-mbu	0.161670683445	0.72217076304	0.0436551568394	0.0725033966763
-asa	0.129207383279	0.803474484256	0.0	0.0673181324647
-hit	0.610778443114	0.065868263473	0.161676646707	0.161676646707
-iia	0.444152582607	0.235423054226	0.0571053320496	0.263319031117
-nyi	0.485700629332	0.253325898191	0.163108420298	0.0978650521789
-mön	0.0	1.0	0.0	0.0
-asi	0.222872125857	0.427566559096	0.327122831787	0.0224384832594
-yei	0.426470588235	0.220588235294	0.323529411765	0.0294117647059
-köc	0.728571428571	0.271428571429	0.0	0.0
-nmu	0.604743083004	0.245059288538	0.0553359683795	0.0948616600791
-yem	0.660377358491	0.245283018868	0.0943396226415	0.0
-mbe	0.291044776119	0.283582089552	0.380597014925	0.044776119403
-nyu	0.430585840965	0.414595144643	0.0657799098706	0.089039104521
-iwa	0.615376196039	0.0752546725177	0.0379287174695	0.271440413974
-mbi	0.409608091024	0.225031605563	0.193426042984	0.17193426043
-yec	0.261315931668	0.513612369592	0.102248638763	0.122823059977
-mbo	0.0680333154872	0.603831037672	0.0120522242772	0.316083422564
-wöt	0.661404098085	0.072556264696	0.0	0.266039637219
-öam	0.0	1.0	0.0	0.0
-öra	0.0837425591649	0.615613935225	0.256533945645	0.0441095599657
-öro	0.136929460581	0.755186721992	0.0871369294605	0.0207468879668
-dia	0.0143266475645	0.954264932775	0.0111582543531	0.0202501653075
-430	0.365979381443	0.0154639175258	0.0	0.618556701031
-ras	0.152087750023	0.675085261315	0.0981657295603	0.0746612591022
-rap	0.131855573173	0.767815618758	0.0375604521191	0.062768355949
-ran	0.374749080699	0.23453149209	0.0543034504309	0.336415976781
-eri	0.0	1.0	0.0	0.0
-ral	0.029702970297	0.693069306931	0.277227722772	0.0
-ram	0.270270097584	0.574901254647	0.0584526022305	0.0963760455391
-wöc	0.0787815126051	0.393907563025	0.485294117647	0.0420168067227
-ero	0.151385447173	0.474115791845	0.0112637981527	0.363234962829
-era	0.0	1.0	0.0	0.0
-rac	0.111542570958	0.304975093216	0.0927451467972	0.490737189029
-ugu	0.142788806071	0.136913921113	0.545016533345	0.175280739472
-gem	0.255289139633	0.722143864598	0.0141043723554	0.00846262341324
-pot	0.18995070327	0.722281217494	0.0172855139976	0.070482565239
-gön	0.421153341087	0.302254905639	0.143736164784	0.132855588489
-pon	0.0	1.0	0.0	0.0
-pol	0.0423551127623	0.864670942093	0.00473294365431	0.0882410014908
-ugo	0.253213436534	0.482599722324	0.0820102839945	0.182176557148
-poc	0.530434782609	0.313043478261	0.0	0.15652173913
-möc	0.299109581359	0.657949895926	0.0265974879503	0.0163430347646
-ugi	0.0230433055225	0.798569725864	0.0401271354788	0.138259833135
-ike	0.0555555555556	0.944444444444	0.0	0.0
-foc	0.470934497942	0.230400190258	0.151260819118	0.147404492682
-ika	0.066599394551	0.909182643794	0.0	0.0242179616549
-rel	0.206896551724	0.327586206897	0.0	0.465517241379
-aat	0.427035636074	0.433854270356	0.0602229743181	0.0788871192514
-nor	0.0	1.0	0.0	0.0
-nos	0.0	1.0	0.0	0.0
-not	0.12805580931	0.0789590201756	0.0132650564357	0.779720114078
-fom	0.255012121445	0.253203524839	0.019625197214	0.472159156501
-lak	0.0	1.0	0.0	0.0
-lat	0.0869975863156	0.84898730192	0.0314828418512	0.0325322699129
-noi	0.338832068624	0.453161772792	0.0767623446607	0.131243813923
-fos	0.0	1.0	0.0	0.0
-iks	0.0496114763898	0.903765690376	0.0251046025105	0.0215182307233
--na	0.103225806452	0.806451612903	0.0645161290323	0.0258064516129
-non	0.0889662514768	0.0791635679573	0.012975613449	0.818894567117
-las	0.103143098848	0.850653998829	0.025053686471	0.0211492158522
-gka	0.0630081300813	0.918699186992	0.0	0.0182926829268
--no	0.33615819209	0.256219645158	0.027752998315	0.379869164436
-aac	0.278894472362	0.540201005025	0.158291457286	0.0226130653266
-boe	0.0588235294118	0.264705882353	0.676470588235	0.0
-dot	0.371994267621	0.320501524263	0.141390493408	0.166113714708
-ahi	0.60987654321	0.273777777778	0.0198518518519	0.0964938271605
-myu	0.0	0.988372093023	0.0	0.0116279069767
-aho	0.159777918306	0.388845249837	0.0899488002523	0.361428031604
-dop	0.628019323672	0.35817805383	0.0138026224983	0.0
-boc	0.427433176645	0.388135106461	0.0491517529645	0.13527996393
-gec	0.322946175637	0.230878186969	0.173512747875	0.272662889518
-bom	0.256467941507	0.466816647919	0.219347581552	0.0573678290214
-bon	0.0941176470588	0.811764705882	0.0647058823529	0.0294117647059
-aha	0.306316970232	0.274198555589	0.0815918689733	0.337892605206
-boi	0.0460122699387	0.846625766871	0.0613496932515	0.0460122699387
--in	0.275700934579	0.5	0.070093457944	0.154205607477
-bot	0.302655243013	0.368636471388	0.0461524808546	0.282555804744
-epu	0.0	0.831038798498	0.0563204005006	0.112640801001
-bop	0.0	0.93121197941	0.0687880205896	0.0
-doc	0.607500839756	0.136656992273	0.0457453759078	0.210096792064
-myi	0.102122566411	0.53474298496	0.204518649704	0.158615798925
-pyi	0.429486751962	0.39211492438	0.0840342651346	0.0943640585231
-reu	0.452232899944	0.259468626342	0.254381006218	0.0339174674958
-ahu	0.178486286261	0.445368720032	0.163016960976	0.21312803273
-tit	0.238963672942	0.183647099233	0.0583915340454	0.51899769378
-sap	0.0680154972019	0.908738699957	0.0180800688765	0.00516573396469
-öin	0.117739403454	0.740973312402	0.094191522763	0.0470957613815
-toc	0.144517217825	0.490959444381	0.0670897070142	0.29743363078
-san	0.570965351121	0.120529924032	0.162821938114	0.145682786733
-mpi	0.412223033308	0.2220963508	0.0451694847489	0.320511131143
-öic	0.380471380471	0.203703703704	0.355218855219	0.060606060606
-uin	0.123940310347	0.746666005652	0.0832878885528	0.0461057954489
-tom	0.367286128026	0.484655799792	0.0500334174959	0.0980246546859
-rai	0.110599078341	0.875576036866	0.0	0.0138248847926
-toi	0.499314095736	0.186342497759	0.015214039374	0.299129367131
-sac	0.541088837477	0.241999545315	0.0762266472311	0.140684969977
-don	0.00221729490022	0.988913525499	0.0	0.00886917960089
-tot	0.198648688619	0.743673386603	0.0334236179482	0.0242543068297
-ibo	0.300457275093	0.375328043993	0.116844072568	0.207370608347
-ibi	0.0	1.0	0.0	0.0
-sae	0.338405036726	0.135536901014	0.0383001049318	0.487757957328
-sak	0.00202675314147	0.991892987434	0.0	0.00608025942441
-sai	0.147338403042	0.3963878327	0.0570342205323	0.399239543726
-400	0.151260504202	0.0420168067227	0.0	0.806722689076
-iba	0.335861402335	0.195181797903	0.223957171537	0.244999628225
-sam	0.0	1.0	0.0	0.0
-aip	0.195167286245	0.637546468401	0.111524163569	0.0557620817844
-lon	0.0	1.0	0.0	0.0
-dep	0.0659340659341	0.868131868132	0.0659340659341	0.0
-gep	0.133975619144	0.0757070644298	0.134565342751	0.655751973675
-rop	0.462600237754	0.124480667394	0.0242227409467	0.388696353906
-iel	0.0438851242336	0.948370442078	0.00580832526622	0.00193610842207
-loi	0.0	0.967741935484	0.0	0.0322580645161
-loe	0.0508474576271	0.872881355932	0.0254237288136	0.0508474576271
-oko	0.209183673469	0.122448979592	0.107142857143	0.561224489796
-oce	0.124285739431	0.0681510076195	0.0499474106073	0.757615842342
-des	0.0	1.0	0.0	0.0
-oca	0.278222743157	0.665906969677	0.0203164680602	0.0355538191053
-occ	0.357142857143	0.380952380952	0.0	0.261904761905
-roc	0.150537905036	0.192896580421	0.0172933976297	0.639272116914
-rom	0.0399042298484	0.826017557861	0.128757648311	0.00532056397978
-ron	0.0712323589944	0.862370057509	0.0554387590363	0.0109588244607
-get	0.426042983565	0.513274336283	0.0	0.0606826801517
-oci	0.185267674518	0.339299837277	0.3480723253	0.127360162905
-och	0.0909090909091	0.772727272727	0.0454545454545	0.0909090909091
-win	0.0588760035682	0.887600356824	0.0107047279215	0.042818911686
-cgo	0.123246492986	0.422845691383	0.399799599198	0.0541082164329
-iti	0.481648290937	0.159952919699	0.0260623093368	0.332336480027
-mat	0.0	1.0	0.0	0.0
-oke	0.252927400468	0.148321623731	0.00468384074942	0.594067135051
-ewa	0.452452259926	0.301827174062	0.112433026515	0.133287539497
-hap	0.0112570356473	0.857410881801	0.0450281425891	0.0863039399625
-awo	0.327272727273	0.149090909091	0.0436363636364	0.48
-awa	0.277191383584	0.523318479961	0.0233454993698	0.176144637086
-sat	0.593732820231	0.37328202309	0.0329851566795	0.0
-iup	0.441831920525	0.165010931687	0.0692340148057	0.323923132983
-mam	0.307206733298	0.264071541294	0.0547080483956	0.374013677012
-ita	0.0742252877877	0.880123987069	0.00707482411248	0.0385759010311
-yic	0.264273356401	0.348183391004	0.0588235294118	0.328719723183
-nge	0.39431616341	0.545293072824	0.0337477797514	0.0266429840142
-wic	0.896089790007	0.0561187545257	0.0477914554671	0.0
-276	0.0	0.189189189189	0.0	0.810810810811
-tic	0.327210036233	0.160322593213	0.070518564694	0.44194880586
-eci	0.218253968254	0.388888888889	0.369047619048	0.0238095238095
-sto	0.116211165615	0.530833917309	0.331931791637	0.021023125438
-gup	0.329258780959	0.548904218185	0.0681794934087	0.053657507448
-pin	0.249388900221	0.419563887096	0.304563435668	0.0264837770146
-ngi	0.250418824024	0.131309357725	0.145493920485	0.472777897766
-ato	0.737004861278	0.109559897229	0.0406277148297	0.112807526663
-rup	0.218064637293	0.473747984261	0.135970543568	0.172216834878
-lfa	0.0377952755905	0.962204724409	0.0	0.0
-ain	0.1066234524	0.253570668605	0.0528904190094	0.586915459985
-ank	0.242298973196	0.217362314975	0.0525403387118	0.487798373116
-eic	0.351129115857	0.31166705122	0.111968777602	0.225235055321
-ucu	0.662863070539	0.160788381743	0.051867219917	0.124481327801
-eyi	0.0	1.0	0.0	0.0
-eya	0.205643228846	0.26498407461	0.0322273916713	0.497145304873
-dou	0.463899424077	0.161188369153	0.0585288195908	0.31638338718
-uca	0.238490566038	0.400922431866	0.282599580713	0.0779874213836
-cut	0.43421324695	0.160521055896	0.356416706872	0.0488489902819
-öda	0.0	1.0	0.0	0.0
-lek	0.0	0.963855421687	0.0361445783133	0.0
-ois	0.0	1.0	0.0	0.0
-ion	0.0366723259762	0.719185059423	0.016298811545	0.227843803056
-muc	0.317471403816	0.514416813463	0.0212488956667	0.146862887054
-oip	0.157534246575	0.522260273973	0.196917808219	0.123287671233
-mum	0.21635883905	0.766370832334	0.00287838810266	0.0143919405133
-lea	0.0	1.0	0.0	0.0
-mun	0.465457486853	0.260607569951	0.0233442946253	0.250590648571
-mui	0.513605442177	0.272108843538	0.112244897959	0.102040816327
-esö	0.117101321238	0.743970031538	0.0255443875763	0.113384259648
-mut	0.637230514096	0.30291252073	0.052601575456	0.00725538971808
-oic	0.58940397351	0.278145695364	0.0728476821192	0.0596026490066
-mup	0.443349158165	0.145755282097	0.0907600633961	0.320135496342
-oia	0.226700251889	0.584382871537	0.151133501259	0.0377833753149
-ios	0.0	1.0	0.0	0.0
-oin	0.0982291564585	0.0611729102636	0.177003118382	0.663594814896
-iop	0.219101123595	0.625	0.0926966292135	0.063202247191
-oik	0.126582278481	0.405063291139	0.46835443038	0.0
-iot	0.188641973276	0.487180070739	0.0401363737006	0.284041582284
-eei	0.254320182589	0.669383762634	0.0254320182589	0.0508640365178
-git	0.21787332437	0.165948131948	0.0583141612493	0.557864382433
-ndu	0.0126282557222	0.531176006314	0.453038674033	0.00315706393055
-gip	0.367741935484	0.329032258065	0.0774193548386	0.225806451613
-gin	0.0525	0.225	0.7225	0.0
-gim	0.573549503598	0.261134893888	0.0422625011385	0.123053101375
-top	0.0541282283381	0.840918282842	0.013211871425	0.091741617395
-gii	0.414060172773	0.273160560024	0.244265713435	0.0685135537683
-ali	0.0125	0.940625	0.028125	0.01875
-nda	0.401591311199	0.325023710232	0.0405218318849	0.232863146685
-gic	0.461955505416	0.32656650424	0.0985213163208	0.112956674024
-gia	0.0486111111111	0.883680555556	0.0677083333334	0.0
-ala	0.0137276924997	0.927617621365	0.0436790215899	0.0149756645451
-ocu	0.173058612311	0.0290875804603	0.00365670844998	0.794197098779
-120	0.0	0.219512195122	0.0	0.780487804878
-yop	0.346307651293	0.461210343908	0.0426552919222	0.149826712877
-you	0.511204481793	0.212573918456	0.0653594771242	0.210862122627
-yot	0.498595505618	0.206811797753	0.116573033708	0.178019662921
-ömo	0.119402238756	0.452437029043	0.104488589432	0.323672142769
-yoi	0.352459016393	0.321162444113	0.0380029806259	0.288375558867
-eön	0.0276595744681	0.953191489362	0.0127659574468	0.0063829787234
-yon	0.455172413793	0.544827586207	0.0	0.0
-yom	0.0377358490566	0.88679245283	0.0377358490566	0.0377358490566
-yoc	0.0647698092443	0.865966617755	0.0300921680117	0.039171404989
-bhu	0.565955117679	0.397920087575	0.0	0.0361247947455
-öma	0.0246105520424	0.406117041247	0.155103325626	0.414169081084
-iok	0.0423855963991	0.916354088522	0.0	0.0412603150788
-cho	0.105455086865	0.201905759838	0.0137414806389	0.678897672658
-möt	0.0845070422536	0.0422535211268	0.605633802817	0.267605633803
-cha	0.254024443268	0.166993734722	0.0324557586833	0.546526063327
-pen	0.0	1.0	0.0	0.0
-ogu	0.0717941120447	0.665465935787	0.150712184385	0.112027767783
-ogi	0.497206703911	0.45251396648	0.0	0.0502793296089
-153	0.0	0.0277008310249	0.193905817175	0.778393351801
-eli	0.0104620749782	0.963382737576	0.0	0.0261551874455
-ogo	0.425314222558	0.442082023919	0.0680225770419	0.0645811764811
-ela	0.0	1.0	0.0	0.0
-iya	0.209824835624	0.31719170209	0.0227147854992	0.450268676787
-chu	0.326981546192	0.43780277784	0.0854843619097	0.149731314058
-ele	0.0	1.0	0.0	0.0
-bha	0.499583680266	0.47543713572	0.0	0.0249791840133
-pna	0.510265436643	0.306600301182	0.0487224716409	0.134411790535
-age	0.0743243243243	0.925675675676	0.0	0.0
-pno	0.267390719448	0.470465576075	0.0510138766922	0.211129827785
-itu	0.235589196936	0.652797061853	0.0134366462131	0.0981770949971
-pni	0.196860221776	0.488387269498	0.189647402532	0.125105106195
-ter	0.0	0.960526315789	0.0394736842105	0.0
-esu	0.00483720985682	0.703500345728	0.00111765477283	0.290544789642
-ito	0.349370132602	0.104272485031	0.0445964760173	0.50176090635
-esi	0.0	1.0	0.0	0.0
-höc	0.241582651703	0.160167395853	0.44740346205	0.150846490394
-1ot	0.206349206349	0.0952380952381	0.0	0.698412698413
-esa	0.167597765363	0.776536312849	0.0139664804469	0.0418994413408
-teu	0.157894736842	0.118421052632	0.684210526316	0.0394736842105
-spa	0.0609981515711	0.857670979667	0.0776340110906	0.00369685767099
-bru	0.0	0.973673385438	0.0213903743316	0.00493624023035
-töa	0.8	0.15	0.0	0.05
-töc	0.0811326757875	0.65224307986	0.247534202991	0.0190900413618
-fai	0.237851966259	0.66235000594	0.0249495069502	0.0748485208507
-fan	0.0224387742018	0.914732658033	0.062828567765	0.0
-666	0.051724137931	0.0	0.0	0.948275862069
-fas	0.0149625935162	0.980049875312	0.00498753117206	0.0
-fap	0.170953487055	0.390402810039	0.372783411705	0.0658602912016
-uda	0.0300931994513	0.762190151217	0.133475990554	0.0742406587776
-fat	0.295869176256	0.117046948484	0.0212945361747	0.565789339085
-hum	0.0	1.0	0.0	0.0
-hun	0.419019069677	0.224899967868	0.050594478672	0.305486483782
-5hu	0.538461538461	0.0923076923077	0.0615384615385	0.307692307692
-iem	0.0	1.0	0.0	0.0
-moc	0.314506542219	0.395674988675	0.0317162303412	0.258102238765
-wot	0.620976374044	0.194437118967	0.0310255495401	0.153560957448
-uto	0.317563324262	0.274230688717	0.012560184216	0.395645802805
-woi	0.497805987392	0.027565830131	0.00563764237649	0.468990540101
-abe	0.0968012263669	0.0312723556464	0.0174348492591	0.854491568728
-aba	0.0134529147982	0.726457399103	0.0807174887891	0.179372197309
-won	0.0456730769231	0.129807692308	0.711538461538	0.112980769231
-tra	0.00667408231368	0.986651835373	0.0	0.00667408231368
-uot	0.131247159371	0.166466574396	0.0116187218178	0.690667544415
-lot	0.191225595724	0.716353648578	0.0504788063247	0.0419419493727
-aec	0.217031189336	0.0577443349541	0.0270541761418	0.698170299568
-tuc	0.200621724961	0.691915830923	0.00950112953047	0.0979613145857
-koc	0.276748813715	0.293455205441	0.313955522512	0.115840458332
-tea	0.0	1.0	0.0	0.0
-kom	0.0560901559204	0.0720424020995	0.843976740596	0.0278907013842
-sot	0.275194687257	0.527898301168	0.0203626692426	0.176544342333
-kon	0.200921423087	0.422318914768	0.0588686972101	0.317890964935
-aem	0.403636363636	0.465454545455	0.0872727272727	0.0436363636364
-sop	0.0879164117642	0.820264811067	0.0409371066979	0.0508816704711
-tun	0.30132119468	0.0906060224336	0.0199773577687	0.588095425118
-roi	0.457006369427	0.246815286624	0.0748407643312	0.221337579618
-tup	0.126780661718	0.655368239394	0.0198216718432	0.198029427044
-öce	0.646341463415	0.186991869919	0.0853658536585	0.0813008130081
-los	0.0302267002519	0.964735516373	0.0	0.0050377833753
-ori	0.0310226686066	0.763082555029	0.0484817196226	0.157413056742
-tut	0.0136054421769	0.960884353741	0.0255102040816	0.0
-tuu	0.514328808446	0.156862745098	0.0180995475113	0.310708898944
-kos	0.0232751454696	0.946799667498	0.0299251870324	0.0
-orc	0.325925925926	0.437037037037	0.237037037037	0.0
-ora	0.0	1.0	0.0	0.0
-soc	0.0277640094969	0.921986752811	0.0157067242041	0.0345425134877
-tna	0.319356330519	0.306349918958	0.0726591683929	0.301634582131
-gma	0.437294775981	0.231655179732	0.0585668609237	0.272483183364
-noc	0.0725829538959	0.0532841361814	0.00526172791647	0.868871182006
-tni	0.0711378865187	0.420224995389	0.472736214422	0.03590090367
-tri	0.0734002731649	0.756142470843	0.0367001365824	0.133757119409
-icu	0.185185185185	0.277777777778	0.537037037037	0.0
-dus	0.0	1.0	0.0	0.0
-lip	0.40021848061	0.415958583676	0.0439810966777	0.139841839037
-cne	0.0330717488789	0.348281016442	0.596786248132	0.0218609865471
-tno	0.329912917084	0.326228117691	0.102366490274	0.241492474951
-lis	0.0317191795305	0.940367942483	0.0152252061747	0.0126876718122
-ruk	0.0	1.0	0.0	0.0
-omu	0.424334684482	0.403137080872	0.0307693666883	0.141758867957
-rui	0.366771159875	0.539184952978	0.0940438871473	0.0
-öha	0.195169226182	0.0393618607425	0.00149097957358	0.763977933502
-ngu	0.0624987936745	0.163036196867	0.0494888032041	0.724976206254
-gmu	0.477473980052	0.348936691559	0.0798717564554	0.093717571934
-rum	0.101265822785	0.898734177215	0.0	0.0
-ruc	0.285763822638	0.579438566372	0.0449685236699	0.0898290873198
-oma	0.212655596374	0.315370858194	0.301588191235	0.170385354197
-5ot	0.0969976905312	0.547344110854	0.0	0.355658198614
-öhi	0.0851063829787	0.914893617021	0.0	0.0
-lia	0.0	1.0	0.0	0.0
-ica	0.281422882647	0.457198599567	0.186011705909	0.075366811877
-lni	0.0640365923385	0.91423670669	0.00800457404231	0.0137221269297
-abo	0.00438596491228	0.995614035088	0.0	0.0
-odu	0.298684981992	0.0672585643689	0.0115587570148	0.622497696624
-cma	0.355760001579	0.274939860073	0.154689669856	0.214610468492
-bmu	0.289803220036	0.422182468694	0.101967799642	0.186046511628
-144	0.0266126699451	0.280590107029	0.0144634075788	0.678333815447
-abi	0.68474148802	0.198612862547	0.0	0.116645649433
-oda	0.545930636218	0.186212147563	0.0536692197191	0.2141879965
-dök	0.0	1.0	0.0	0.0
-adu	0.79754601227	0.20245398773	0.0	0.0
-rna	0.0191448627951	0.923420548819	0.0	0.0574345883854
-odi	0.386309740307	0.394682476177	0.0546882956281	0.164319487888
-döc	0.221970895399	0.326320837777	0.249028295742	0.202679971082
-eam	0.0893460239485	0.830825913417	0.0328523180841	0.0469757445502
-rni	0.0	1.0	0.0	0.0
-eho	0.126370859789	0.834299433849	0.00110528448795	0.0382244218748
-ipa	0.0264870156043	0.899234179766	0.0138193124892	0.0604594921403
-lwa	0.0450867052023	0.906358381503	0.0468208092486	0.00173410404625
-ura	0.16108966109	0.807164307164	0.018876018876	0.01287001287
-orö	0.189379515401	0.0934717404346	0.094155082027	0.622993662137
-8hu	0.121951219512	0.0731707317073	0.0	0.804878048781
-eha	0.563967417345	0.210828941064	0.225203641591	0.0
-ehu	0.157348597716	0.558404558405	0.159178232573	0.125068611307
-uru	0.0928327645051	0.805460750853	0.0744027303754	0.0273037542662
-mep	0.26082869899	0.258087256208	0.25103783191	0.230046212893
-dup	0.504817527551	0.316656860902	0.0805618345562	0.0979637769912
-pai	0.0243838144194	0.913668116515	0.0230657703967	0.0388822986687
-pak	0.119205298013	0.841059602649	0.0397350993378	0.0
-dut	0.453460620525	0.498806682577	0.0477326968974	0.0
-mes	0.145593869732	0.823754789272	0.0	0.0306513409961
-ikö	0.0	0.979512195122	0.020487804878	0.0
-api	0.0421807747489	0.886944045911	0.0	0.07087517934
-duc	0.200765619357	0.450597327555	0.0337739256049	0.314863127483
-sua	0.0927070457354	0.758961681088	0.0370828182942	0.111248454883
-apu	0.38488700565	0.281073446328	0.195621468926	0.138418079096
-wan	0.191517447199	0.689680899908	0.107897153352	0.0109044995409
-pas	0.0441354959726	0.836698664901	0.11254551473	0.00662032439589
