-nyi	0.48885077187	0.311963979417	0.100986277873	0.0981989708405
-ivu	0.173076923077	0.807692307692	0.0	0.0192307692308
-eus	0.0269701843375	0.951255721885	0.00544352344427	0.0163305703328
-hel	0.100502512563	0.698492462312	0.100502512563	0.100502512563
-hem	0.062278839349	0.929228591649	0.00424628450106	0.00424628450108
-ive	0.290420383624	0.370998609089	0.128650004483	0.209931002803
-rbe	0.00936037441498	0.990639625585	0.0	0.0
-ivi	0.514555589595	0.261653566676	0.157797047476	0.0659937962528
-ivo	0.580737687652	0.291616930444	0.053820444045	0.073824937859
-aus	0.0322147651007	0.846308724832	0.0161073825503	0.105369127517
-aut	0.513579049467	0.425315227934	0.0480116391852	0.0130940834142
-oya	0.117232901441	0.836024719849	0.0116855946774	0.0350567840322
-oyo	0.365148427604	0.45145123093	0.0181748086138	0.165225532852
-nsu	0.681318681319	0.032967032967	0.0	0.285714285714
-zin	0.0	0.845373457527	0.0715436241291	0.0830829183434
-nso	0.759493670886	0.0886075949367	0.0379746835443	0.113924050633
-aud	0.00230026069621	0.993099217911	0.00276031283545	0.00184020855697
-aug	0.478968792402	0.446404341927	0.0603799185889	0.0142469470828
-aum	0.0207641196013	0.942275747508	0.0286544850499	0.00830564784055
-aun	0.690045406495	0.0784030093608	0.0929855120914	0.138566072053
-nti	0.437275985663	0.498207885305	0.0537634408602	0.010752688172
-nto	0.499448501329	0.109770249211	0.0174724758813	0.373308773579
-pus	0.0137859007833	0.971592689295	0.00250652741514	0.0121148825065
-nta	0.0870789909644	0.139701745857	0.0590823088318	0.714136954347
-nte	0.458087669828	0.273006921302	0.153037682645	0.115867726224
-kia	0.0489251350805	0.939618307377	0.00507093530584	0.00638562223699
-apa	0.0371441950492	0.0152945218549	0.00333849571076	0.944222787385
-pui	0.318870523416	0.35261707989	0.0309917355372	0.297520661157
-war	0.139850707252	0.163625697912	0.0189664469918	0.677557147844
-lus	0.0479000694289	0.84215806258	0.00255945586557	0.107382412125
-iva	0.561978934367	0.203348543589	0.0843997666998	0.150272755344
-ota	0.154358693954	0.736009998438	0.0568661146695	0.0527651929386
-opo	0.513114190814	0.429618600389	0.00229068835185	0.0549765204444
-opi	0.418021675458	0.237151707135	0.0775076735055	0.267318943901
-sma	0.0	0.850931677019	0.0	0.149068322981
-ope	0.0652241112829	0.53570324575	0.360123647604	0.0389489953632
-opa	0.137558728323	0.671314195257	0.0119232447462	0.179203831674
-gke	0.354432686273	0.38091694982	0.0454816928709	0.219168671036
-dea	0.163022776473	0.617410955314	0.019264236139	0.200302032073
-imu	0.511667088391	0.29074967873	0.0794858214268	0.118097411452
-das	0.053837635233	0.898117386489	0.00204446716075	0.0460005111168
-dei	0.110158056226	0.0597932119191	0.19428281665	0.635765915205
-gko	0.127956556983	0.229136873184	0.433889771252	0.209016798582
-dek	0.0719296159791	0.824039947687	0.0433955534419	0.0606348828916
-gki	0.447183411943	0.494082050369	0.0533950342618	0.00533950342619
-deo	0.361889241662	0.330111545054	0.158129864291	0.149869348993
-ima	0.297938788257	0.359150530918	0.0430980637102	0.299812617114
-oko	0.124350408315	0.710838901262	0.153674832962	0.011135857461
-des	0.0313922225393	0.89170434234	0.0500923742434	0.0268110608769
-ime	0.495540138751	0.464816650149	0.0	0.0396432111001
-siu	0.0	0.0569007263922	0.943099273608	0.0
-oke	0.197674418605	0.785714285714	0.0166112956811	0.0
-vin	0.253065273964	0.315894214699	0.365538729059	0.0655017822776
-oka	0.502538071066	0.48730964467	0.0	0.0101522842639
-imo	0.197515718448	0.295966876246	0.0667075601902	0.439809845116
-bit	0.377126082827	0.343957751748	0.0235703801767	0.255345785248
-biu	0.0830769230769	0.861538461538	0.0369230769231	0.0184615384615
-obo	0.203161675693	0.140715805452	0.0320336560028	0.624088862852
-idi	0.455125638264	0.278887598336	0.112555867554	0.153430895846
-ide	0.682780974167	0.162615275253	0.0231505783624	0.131453172217
-obe	0.249870283306	0.151224680103	0.0586966558447	0.540208380746
-bia	0.070351758794	0.819095477387	0.0904522613065	0.0201005025126
-jus	0.172413793103	0.420689655172	0.341379310345	0.0655172413793
-rat	0.229474757777	0.726670066293	0.0438551759306	0.0
-eja	0.00940070505288	0.931844888367	0.00235017626322	0.0564042303172
-ter	0.212586316374	0.285865941741	0.0719799190412	0.429567822843
-uta	0.582569951884	0.128370633467	0.0521835555573	0.236875859093
-tet	0.659364666982	0.154168634861	0.0132262635805	0.173240434577
-ria	0.0206207609251	0.864504020811	0.0190053096084	0.0958699086557
-rin	0.322291374854	0.273959942817	0.312125456672	0.0916232256574
-ril	0.0	0.753424657534	0.246575342466	0.0
-uti	0.471256034376	0.344591607576	0.0831108203215	0.101041537727
-uto	0.551423074131	0.294289552022	0.0857837798591	0.0685035939883
-tea	0.0142857142857	0.985714285714	0.0	0.0
-rit	0.8	0.103448275862	0.0137931034483	0.0827586206897
-rir	0.863494629865	0.110867305693	0.00831504792701	0.0173230165146
-ris	0.0331491712707	0.966850828729	0.0	0.0
-utu	0.5186226134	0.257377724713	0.0718489481526	0.152150713735
-sia	0.0119650253106	0.977757324743	0.0061359104157	0.0041417395306
-ten	0.18320610687	0.702290076336	0.0458015267176	0.0687022900764
-teo	0.19384359401	0.564059900166	0.232113144759	0.00998336106489
-are	0.346823960977	0.130761083928	0.0279648911452	0.49445006395
-ara	0.0860548392376	0.061766641492	0.0165819899392	0.835596529331
-mes	0.0	0.897959183674	0.102040816326	0.0
-mer	0.646979260595	0.28088367899	0.0360685302074	0.0360685302074
-aro	0.203728260336	0.58264996607	0.0623800009013	0.151241772693
-ari	0.262591685772	0.49614643744	0.129132297692	0.112129579096
-aru	0.34671079851	0.481175010343	0.104261481175	0.067852709971
-mea	0.0103092783505	0.958762886598	0.0103092783505	0.020618556701
-jiv	0.492907802822	0.248068004041	0.0036568121384	0.255367380998
-men	0.440691310126	0.422161477852	0.0534417494379	0.0837054625845
-mei	0.0	1.0	0.0	0.0
-mek	0.0	1.0	0.0	0.0
-aye	0.342503438789	0.461485557084	0.196011004126	0.0
-aya	0.323657860093	0.437984099829	0.0396784849776	0.1986795551
-ayo	0.0894951221666	0.807834995087	0.0473201509434	0.0553497318031
-rai	0.0590327324711	0.0352890045487	0.00383437541871	0.901843887561
-ayi	0.889705882353	0.110294117647	0.0	0.0
-vug	0.870600780312	0.0697546950755	0.0188351130356	0.0408094115771
-vun	0.722307100846	0.192165203759	0.0106347922471	0.0748929031485
-vip	0.0	1.0	0.0	0.0
-aua	0.0606060606061	0.939393939394	0.0	0.0
-uba	0.110684531963	0.0568227597209	0.823609745879	0.00888296243775
-ube	0.375663178961	0.329935260107	0.139540177413	0.154861383519
-nsi	0.0979049153908	0.784850926672	0.00322320709106	0.114020950846
-umu	0.344616461121	0.426513892533	0.0635587043354	0.16531094201
-ije	0.209813594592	0.349971860677	0.0658977918224	0.374316752908
-ija	0.422081128696	0.202935754981	0.0657971711662	0.309185945157
-oti	0.0711365494685	0.919051512674	0.00981193785773	0.0
-ijo	0.209698723289	0.492315858246	0.0654945332718	0.232490885193
-iji	0.432056762166	0.29800283987	0.0854369274188	0.184503470545
-oto	0.357492692818	0.404341781691	0.0424218704199	0.195743655071
-ume	0.0838979473763	0.574318351349	0.133605239086	0.208178462189
-uma	0.224012020883	0.351769798045	0.0287701160036	0.395448065069
-umo	0.0958045758032	0.740757513083	0.0608513700065	0.102586541107
-kov	0.227804726413	0.180173974469	0.413825011386	0.178196287732
-ako	0.216673929524	0.107423635528	0.0181322715632	0.657770163384
ALL	0.220810230456	0.271004070151	0.0516952199938	0.456490479398
-nai	0.0518732063362	0.0443875579412	0.0119556005316	0.891783635191
-nan	0.566786910368	0.302609489208	0.0484705517723	0.0821330486513
-nao	0.234314107524	0.366162794829	0.0711397708941	0.328383326753
-aki	0.407061685281	0.413853739895	0.0692975826908	0.109786992133
-nam	0.513580907978	0.361287600115	0.0840147383388	0.0411167535686
-sir	0.0475958018062	0.851354649744	0.0688308518428	0.0322186966073
-ake	0.116624218445	0.779539010006	0.05401302701	0.0498237445398
-ebo	0.185493313613	0.420102298638	0.130030196586	0.264374191163
-kin	0.208246650578	0.699199282498	0.0799330577978	0.012621009126
-aka	0.364460737025	0.53038780629	0.0646343816322	0.0405170750531
-nae	0.382530320439	0.34692349932	0.10493586969	0.16561031055
-kis	0.0	1.0	0.0	0.0
-kir	0.187389510902	0.398939304655	0.293066195247	0.120604989197
-sin	0.0265957446808	0.531914893617	0.106382978723	0.335106382979
-nas	0.0314671561557	0.921332109611	0.0236003671168	0.0236003671168
-nap	0.0817204301075	0.841577060932	0.0100358422939	0.0666666666666
-nav	0.610981538513	0.25114176265	0.0319564685157	0.105920230322
-nat	0.438199525543	0.5259278626	0.018570709032	0.0173019028248
-ker	0.616515618494	0.132247672517	0.0684348832622	0.182801825727
-mot	0.323684210526	0.397368421053	0.247368421053	0.0315789473684
-mos	0.0	1.0	0.0	0.0
-mor	0.0215053763441	0.623655913979	0.0430107526882	0.311827956989
-gon	0.0	1.0	0.0	0.0
-goe	0.705882352941	0.234509803922	0.0266666666666	0.0329411764706
-gog	0.00934579439252	0.981308411215	0.00934579439251	0.0
-moe	0.444496280745	0.477943653941	0.0272140580048	0.0503460073089
-lki	0.0	1.0	0.0	0.0
-mon	0.0255773490809	0.935081192991	0.0321162539764	0.00722520395156
-yar	0.521841324992	0.256290213804	0.105940968098	0.115927493106
-ber	0.203007518797	0.774436090226	0.0	0.0225563909774
-eor	0.0909090909091	0.909090909091	0.0	0.0
-bet	0.0158415841584	0.870155586987	0.0458274398869	0.0681753889675
-yae	0.146341463415	0.853658536585	0.0	0.0
-eon	0.202635914333	0.77018121911	0.00988467874794	0.0172981878089
-bei	0.522058823529	0.389705882353	0.0882352941177	0.0
-ben	0.0	1.0	0.0	0.0
-beo	0.366232744106	0.295041572002	0.189813117079	0.148912566813
-bel	0.0900994200498	0.849834299917	0.023198011599	0.0368682684341
-yam	0.240583232078	0.722964763062	0.0291616038882	0.00729040097206
-yao	0.284033431988	0.423899308	0.0592574387549	0.232809821256
-yan	0.296450657435	0.621856648853	0.0249425871558	0.0567501065564
-yai	0.277185441065	0.100369076147	0.0442991430329	0.578146339755
-yak	0.551434223541	0.295252225519	0.15331355094	0.0
-iso	0.369120339086	0.15872930687	0.0324489911185	0.439701362925
-rei	0.706896551724	0.224137931034	0.0	0.0689655172413
-reo	0.261437908497	0.535947712418	0.16339869281	0.0392156862745
-isi	0.0190187270288	0.934484569162	0.0149932909398	0.0315034128697
-rem	0.0436363636364	0.389090909091	0.567272727273	0.0
-rea	0.113117066291	0.802425952045	0.0117724494593	0.072684532205
-red	0.0	1.0	0.0	0.0
-yov	0.619651921682	0.340464104423	0.0291878172589	0.0106961566352
-eve	0.241911886126	0.321480519167	0.260456064758	0.176151529949
-upe	0.157534246575	0.815068493151	0.027397260274	0.0
-isy	0.27681423346	0.367030093102	0.055438045441	0.300717627997
-upa	0.128934010152	0.819289340102	0.0304568527919	0.0213197969543
-rer	0.490836603543	0.430614527137	0.0525446361322	0.0260042331879
-res	0.030518819939	0.938962360122	0.0305188199389	0.0
-ret	0.00837783097036	0.981126864298	0.0033143067575	0.00718099797459
-upi	0.49953746531	0.148936170213	0.351526364477	0.0
-avi	0.187460164073	0.674013611037	0.0136727183009	0.12485350659
-avo	0.342741178903	0.503645875088	0.0548392186759	0.0987737273325
-ava	0.156264703795	0.195888219528	0.0645985807894	0.583248495887
-mas	0.013571590138	0.957475684234	0.027143180276	0.00180954535173
-mar	0.302593659942	0.680115273775	0.0172910662824	0.0
-mau	0.833069620253	0.128955696203	0.00237341772152	0.0356012658228
-ham	0.0380278933619	0.930062372893	0.0228048230499	0.00910491069529
-mai	0.106038405184	0.0873051652044	0.0634419766344	0.743214452978
-mam	0.019801980198	0.980198019802	0.0	0.0
-mao	0.610940695297	0.225460122699	0.0971370143149	0.0664621676891
-man	0.362975706028	0.354444531237	0.174789788132	0.107789974603
-avu	0.0867657587995	0.891957117354	0.0164657139311	0.00481140991495
-uno	0.0255838410128	0.0370361771106	0.00754217891691	0.92983780296
-uni	0.662928340481	0.252857857926	0.0570895169036	0.02712428469
-une	0.151560371673	0.342556870697	0.193989862136	0.311892895494
-una	0.39480295022	0.196183395932	0.0310865358347	0.377927118013
-iro	0.361714416193	0.446615895018	0.0956333695988	0.0960363191898
-pta	0.0	1.0	0.0	0.0
-unu	0.233333333333	0.666666666667	0.1	0.0
-666	0.0	0.0	0.0	1.0
-gae	0.136749613879	0.330441787352	0.162576632366	0.370231966404
-ade	0.653570509012	0.185267080448	0.0286697240077	0.132492686532
-tra	0.0122358175751	0.958843159066	0.0	0.0289210233593
-gao	0.0184682237914	0.487235198262	0.0162954915807	0.478001086366
-gan	0.464062479216	0.245177682712	0.0295758350054	0.261184003066
-gai	0.0	1.0	0.0	0.0
-adi	0.411702880827	0.34280800134	0.109067134825	0.136421983009
-gav	0.533614008923	0.155890096189	0.0335747840735	0.276921110814
-gar	0.204006616431	0.595203087668	0.138301782761	0.062488513141
-lam	0.0	1.0	0.0	0.0
-seo	0.400857856336	0.249059860448	0.0504411679172	0.299641115299
-sen	0.457712108432	0.341139001192	0.132776824409	0.0683720659667
-sem	0.0	1.0	0.0	0.0
-sek	0.0	1.0	0.0	0.0
-ino	0.288453010027	0.408233374321	0.0814705670331	0.221843048619
-ina	0.257958949939	0.601285188246	0.0668450148537	0.0739108469608
-ine	0.111579295064	0.631244468449	0.0986624326492	0.158513803838
-sea	0.452879643494	0.254513034082	0.0402900034829	0.252317318941
-iny	0.275833070785	0.340779099159	0.0684615954684	0.314926234587
-uim	0.394957983193	0.226890756303	0.0504201680672	0.327731092437
-uin	0.201919527501	0.305647840532	0.319675156884	0.172757475083
-set	0.0	1.0	0.0	0.0
-ses	0.142857142857	0.821428571429	0.0	0.0357142857143
-omi	0.321535566636	0.154596679194	0.0462401625391	0.477627591631
-kuv	0.239412997904	0.697693920335	0.0125786163522	0.0503144654088
-bea	0.391676404984	0.353595299826	0.115906438492	0.138821856698
-kus	0.0812959352032	0.893505324734	0.00269986500675	0.0224988750563
-kur	0.652941176471	0.256862745098	0.0431372549019	0.0470588235294
-aal	0.0869565217391	0.913043478261	0.0	0.0
-nev	0.868686868687	0.131313131313	0.0	0.0
-rsi	0.399014778325	0.364532019704	0.147783251232	0.0886699507389
-ian	0.383182844244	0.36625282167	0.167607223476	0.0829571106094
-nes	0.0286617443735	0.904158706665	0.0134244359155	0.0537551130464
-nep	0.0887372013652	0.829351535836	0.0409556313993	0.0409556313993
-nen	0.303333823911	0.200679332908	0.412981145475	0.0830056977062
-iat	0.234375	0.736979166667	0.0	0.0286458333333
-kao	0.247669136983	0.267511355486	0.426010040641	0.0588094668898
-nem	0.100908912405	0.477191901183	0.270621966564	0.151277219849
-kim	0.0	1.0	0.0	0.0
-ias	0.0571920675571	0.886464083582	0.0126126432193	0.0437312056418
-kum	0.586092715232	0.37477423239	0.00842865743527	0.0307043949428
-aon	0.304020268018	0.601973464898	0.0760050670045	0.01800120008
-kui	0.105015673981	0.191745036573	0.649947753396	0.0532915360502
-—wo	0.582872928177	0.417127071823	0.0	0.0
-eka	0.647797398106	0.169414097047	0.0989888645233	0.0837996403244
-eke	0.436722602341	0.261736840174	0.171557515263	0.129983042222
-bai	0.59782023482	0.257375785985	0.0627553061698	0.0820486730254
-bae	0.0216963861957	0.935927859516	0.0188713359098	0.0235044183786
-hor	0.0	1.0	0.0	0.0
-uji	0.647474269895	0.287383501731	0.0266490934256	0.038493134948
-joe	0.360305467541	0.413136135257	0.0751068519962	0.151451545206
-bar	0.210409986313	0.425445739809	0.297111003903	0.0670332699758
-joa	0.528169014085	0.302816901408	0.0422535211268	0.12676056338
-ase	0.0	0.835078534031	0.0	0.164921465969
-nya	0.178456035825	0.322332831036	0.0206257781436	0.478585354996
-ipe	0.201650943396	0.760613207547	0.0341981132075	0.00353773584906
-mbu	0.0	1.0	0.0	0.0
-asa	0.127862323994	0.796117195278	0.0320722514578	0.0439482292704
-nye	0.127308962649	0.759773857925	0.0490955159269	0.063821663499
-aso	0.388854608261	0.00490131643478	0.00392152372691	0.602322551577
-yer	0.0	1.0	0.0	0.0
-nyo	0.161538047889	0.35042155019	0.025091469316	0.462948932605
-asi	0.0525272547076	0.442021803766	0.487611496531	0.0178394449951
-mba	0.0664677227183	0.0517952811666	0.00322041308957	0.878516583026
-yem	0.18320610687	0.160305343511	0.564885496183	0.0916030534351
-mbe	0.269661286195	0.27515326311	0.0940994416533	0.361086009042
-yeo	0.338363216309	0.392837949082	0.144331044111	0.124467790498
-yen	0.271276595745	0.68085106383	0.0478723404255	0.0
-yea	0.682748538012	0.135964912281	0.0263157894737	0.154970760234
-mbi	0.149425287356	0.0632183908046	0.0114942528736	0.775862068966
-lta	0.0	0.980392156863	0.0	0.0196078431372
-rav	0.2	0.488888888889	0.0	0.311111111111
-430	0.457627118644	0.0508474576271	0.0	0.491525423729
-rar	0.42125	0.44625	0.07625	0.05625
-ras	0.265306122449	0.612244897959	0.0408163265306	0.0816326530612
-ran	0.159204790158	0.536129381682	0.195956039015	0.108709789146
-rao	0.529230769231	0.32	0.113846153846	0.0369230769231
-ram	0.362946875986	0.374579091189	0.211566912685	0.0509071201398
-rak	0.121228448276	0.719827586207	0.153556034483	0.00538793103447
-iwe	0.0139482102889	0.986051789711	0.0	0.0
-ero	0.347074787811	0.48600062288	0.0673130805059	0.0996115088033
-era	0.403876313013	0.452058545563	0.0708788959058	0.0731862455182
-rae	0.315237618681	0.475609129173	0.0577231180894	0.151430134057
-rab	0.233834407063	0.766165592937	0.0	0.0
-ere	0.333793814803	0.389686295547	0.0900678940051	0.186451995645
-boa	0.301204819277	0.289156626506	0.343373493976	0.066265060241
-pot	0.620689655172	0.137931034483	0.051724137931	0.189655172414
-uge	0.120114056397	0.3655679136	0.235078595152	0.27923943485
-pon	0.243375858685	0.582924435721	0.0765456329735	0.0971540726202
-uga	0.226469364204	0.287714320495	0.0770911551063	0.408725160194
-ugo	0.333514059816	0.529067312775	0.0599750789113	0.0774435484972
-poa	0.0	0.930875576037	0.0	0.069124423963
-eri	0.271241830065	0.709150326797	0.0	0.0196078431373
-aza	0.0666666666667	0.866666666667	0.0	0.0666666666666
-ugi	0.402067053189	0.469372321654	0.0705823040081	0.0579783211495
-ike	0.0466926070039	0.953307392996	0.0	0.0
-ika	0.0616649537513	0.918384620035	0.0	0.0199504262137
-iko	0.0657838530543	0.870140965399	0.00512601452371	0.0589491670226
-aat	0.0	1.0	0.0	0.0
-nor	0.0	1.0	0.0	0.0
-nos	0.0	1.0	0.0	0.0
-iki	0.430749344948	0.448513619917	0.0346685618988	0.0860684732357
-uja	0.144927536232	0.739130434783	0.072463768116	0.0434782608696
-iku	0.684684684685	0.201576576577	0.0472972972973	0.0664414414414
-aan	0.176451560731	0.529192948407	0.174672489083	0.119683001779
-iks	0.08955778521	0.842066146414	0.0393905611297	0.0289855072464
-uje	0.470395044593	0.202548199795	0.0358737254798	0.291183030132
-non	0.184543471486	0.679339358055	0.136117170458	0.0
-las	0.0580369082642	0.930730141749	0.0	0.0112329499866
-noa	0.292228504417	0.301660074528	0.133286453221	0.272824967834
-noe	0.405218045835	0.193342918376	0.0864348434003	0.315004192389
-dot	0.0384615384615	0.961538461538	0.0	0.0
-geo	0.111111111111	0.888888888889	0.0	0.0
-dos	0.0	1.0	0.0	0.0
-gem	0.115879042195	0.790871548939	0.0594464981517	0.0338029107137
-ato	0.274289846832	0.159160664588	0.0729398757253	0.493609612854
-bom	0.241601287467	0.453631060149	0.0573325286663	0.247435123718
-bon	0.104712041885	0.832460732984	0.0314136125654	0.0314136125654
-bop	0.233426704015	0.336134453782	0.00560224089636	0.424836601307
-don	0.00327332242225	0.996726677578	0.0	0.0
-dom	0.567968407196	0.375427819219	0.0478279947345	0.00877577885036
-doi	0.414471135219	0.488667183262	0.0261526540101	0.0707090275087
-sar	0.0921489126429	0.830077405087	0.00442314780685	0.0733505344637
-toe	0.577284889254	0.130675973046	0.0449210686522	0.247118069048
-vov	0.515998293515	0.275490614335	0.0351962457338	0.173314846416
-toa	0.277330591889	0.242355308631	0.152893827376	0.327420272103
-ibu	0.015444015444	0.0926640926641	0.046332046332	0.84555984556
-mpa	0.0	1.0	0.0	0.0
-tov	0.56345177665	0.406091370558	0.0304568527919	0.0
-oli	0.0	1.0	0.0	0.0
-tor	0.281976744186	0.430674924166	0.117226996967	0.170121334682
-voe	0.459707555052	0.286048554565	0.0203094231962	0.233934467187
-sae	0.0519137228313	0.728822974321	0.134889368037	0.0843739348109
-sad	0.0	1.0	0.0	0.0
-sak	0.0138219895288	0.981151832461	0.00251308900524	0.00251308900524
-ibe	0.253745308826	0.198379400892	0.0933558556481	0.454519434634
-sai	0.029574998002	0.0371289979141	0.00658055883163	0.926715445252
-400	0.0	0.56566970091	0.0780234070221	0.356306892068
-sao	0.707070707071	0.191919191919	0.10101010101	0.0
-von	0.0535027905889	0.0877260784805	0.0596048394091	0.799166291522
-lon	0.0108331183905	0.978333763219	0.0108331183905	0.0
-gku	0.931034482759	0.0689655172414	0.0	0.0
-rop	0.282384374424	0.703795835637	0.0110558319513	0.00276395798784
-iel	0.0780403338577	0.898100201014	0.0178945988463	0.00596486628212
-ror	0.138708034909	0.130452150904	0.711024380628	0.0198154335585
-loi	0.0	0.979591836735	0.0204081632653	0.0
-loe	0.037037037037	0.962962962963	0.0	0.0
-der	0.139092240117	0.821376281113	0.00878477306002	0.0307467057101
-roe	0.250270749849	0.574963912968	0.0763537880895	0.0984115490931
-roa	0.0441838093746	0.823264762502	0.132551428124	0.0
-rom	0.249935898142	0.380302560771	0.0535152200621	0.316246321025
-ron	0.483434952055	0.314605252201	0.0511953655944	0.15076443015
-los	0.0730593607306	0.910080786793	0.0	0.0168598524763
-ipi	0.339771456614	0.570306269955	0.0374920227988	0.0524302506327
-ipo	0.408611317065	0.174447380426	0.0321234113855	0.384817891123
-win	0.585012371863	0.284199363733	0.0332272887946	0.0975609756098
-ipa	0.129344862191	0.731781735613	0.077850199187	0.0610232030086
-ida	0.0552205649	0.923833703586	0.0171374166931	0.00380831482071
-ave	0.340025133326	0.219461361437	0.0645084415534	0.376005063683
-imi	0.896551724138	0.103448275862	0.0	0.0
-ewe	0.335078534031	0.258289703316	0.267015706806	0.139616055846
-ewa	0.0295365040897	0.965010602848	0.00272644653135	0.00272644653136
-ewi	0.0380835380836	0.932148932149	0.0174825174825	0.012285012285
-ipu	0.350859202543	0.377002956759	0.0771923128369	0.194945527861
-hap	0.0300601202405	0.949899799599	0.0200400801603	0.0
-awi	0.347084542793	0.308523744926	0.125303796762	0.219087915519
-awo	0.880952380952	0.0952380952381	0.0238095238095	0.0
-sau	0.139534883721	0.81976744186	0.0174418604651	0.0232558139535
-awa	0.0894802591269	0.110993507972	0.0235167591422	0.776009473759
-awe	0.212127741797	0.0745702062804	0.0227896652138	0.690512386708
-syu	0.563928050559	0.163830821585	0.0388915896937	0.233349538162
-276	0.0	0.195652173913	0.0	0.804347826087
-pka	0.15625	0.75	0.046875	0.046875
-sta	0.072695035461	0.851063829787	0.0762411347517	0.0
-lfa	0.0124013795058	0.984622289413	0.00297633108141	0.0
-ain	0.662653752498	0.177342189061	0.0688764360639	0.0911276223776
-eyi	0.0978260869565	0.646739130435	0.157608695652	0.0978260869565
-eyo	0.534707829427	0.308322135423	0.0677568497051	0.089213185445
-isa	0.366435455166	0.213299056857	0.0497220574108	0.370543430567
-eye	0.104507518462	0.0446506413433	0.0115534775627	0.839288362632
-oba	0.0356083086053	0.964391691395	0.0	0.0
-lel	0.0	1.0	0.0	0.0
-lem	0.0204272550198	0.973155333005	0.00054231650495	0.0058750954703
-lea	0.024100976423	0.957085020243	0.0101929030722	0.00862110026197
-mun	0.138452768702	0.456005622994	0.0987218787256	0.306819729578
-mui	0.182730923695	0.371485943775	0.0361445783133	0.409638554217
-leg	0.0	1.0	0.0	0.0
-mus	0.0581843673326	0.853873116018	0.0257623554154	0.0621801612338
-mur	0.0604001510004	0.828237070593	0.0673210016359	0.0440417767711
-ios	0.0	1.0	0.0	0.0
-jar	0.439873232495	0.219923491461	0.0402953778088	0.299907898236
-les	0.0689655172414	0.931034482759	0.0	0.0
-iot	0.0	0.9955029231	0.0	0.00449707690001
-uwa	0.446927374302	0.301675977654	0.184357541899	0.0670391061453
-ndi	0.309471307962	0.309867974934	0.116846310754	0.26381440635
-sam	0.0	1.0	0.0	0.0
-ali	0.013644115975	0.986355884025	0.0	0.0
-nda	0.194417701567	0.339681696427	0.0241660803267	0.441734521679
-nde	0.517849040912	0.198670594794	0.0423448936106	0.241135470683
-gia	0.00632911392404	0.924050632911	0.0569620253165	0.0126582278481
-ala	0.0	1.0	0.0	0.0
-uve	0.363088826207	0.319465275801	0.0935356428988	0.223910255093
-120	0.0384615384615	0.0384615384615	0.0192307692308	0.903846153846
-—ri	0.0818181818182	0.381818181818	0.0	0.536363636364
-uvi	0.187998228521	0.769929140833	0.0155004428698	0.0265721877768
-yot	0.244897959184	0.673469387755	0.0816326530612	0.0
-uvu	0.757225433526	0.156069364162	0.0346820809249	0.0520231213873
-yon	0.451737451737	0.519305019305	0.0289575289575	0.0
-yol	0.0	1.0	0.0	0.0
-yoe	0.240706293115	0.62968465734	0.0418034077895	0.0878056417561
-lok	0.0	1.0	0.0	0.0
-iyu	0.0678285445125	0.869995289684	0.0113047574188	0.0508714083843
-peo	0.0186795491143	0.969726247987	0.0115942028985	0.0
-iyo	0.353787878788	0.219696969697	0.163636363636	0.262878787879
-eli	0.0252100840336	0.96218487395	0.0	0.0126050420168
-per	0.0905743429128	0.413806238625	0.493079950904	0.0025394675583
-pes	0.318681318681	0.615384615385	0.065934065934	0.0
-ela	0.729032258065	0.232258064516	0.0	0.0387096774194
-iya	0.641025641026	0.172161172161	0.0	0.186813186813
-syi	0.356634159859	0.31516091305	0.15377252973	0.17443239736
-syo	0.114916215049	0.120398551702	0.0205812228979	0.744104010351
-sya	0.182855407233	0.0796797794703	0.0179346011548	0.719530212142
-sye	0.148634229632	0.613166060884	0.0285145207185	0.209685188765
-ito	0.0922616408392	0.809120535615	0.0222401733656	0.07637765018
-esi	0.259922725676	0.515279241307	0.182648401826	0.0421496311907
-eso	0.133984720129	0.497336417026	0.0580141364794	0.310664726366
-iti	0.0647324832873	0.637907617111	0.232821445969	0.064538453633
-esa	0.0676341201302	0.891312247281	0.0129887199153	0.0280649126741
-ite	0.171267897578	0.728930534864	0.0160917987781	0.0837097687803
-aku	0.0399619410085	0.617507136061	0.0	0.342530922931
-ese	0.286103542234	0.43545640327	0.120061307902	0.158378746594
-ita	0.341443698973	0.391435982981	0.033362482639	0.233757835407
-jam	0.348238465292	0.290810112504	0.334881814359	0.0260696078453
-tir	0.517306483042	0.13416989846	0.0151731525508	0.333350465946
-ute	0.461765941867	0.374515120152	0.0395704444198	0.124148493561
-uda	0.0450466465669	0.940767392912	0.00597303600887	0.0082129245122
-ude	0.737341662699	0.0702470969688	0.0435678191709	0.148843421161
-udi	0.107181135664	0.577327448832	0.121780321931	0.193711093573
-niv	0.50406497794	0.276472493906	0.167043981981	0.0524185461726
-hum	0.0	1.0	0.0	0.0
-rim	0.105072463768	0.829710144928	0.0217391304348	0.0434782608695
-tis	0.103903026172	0.856448501768	0.0144176262034	0.0252308458559
-rik	0.0	1.0	0.0	0.0
-abe	0.351012086527	0.299564205761	0.156174759204	0.193248948508
-gad	0.0	1.0	0.0	0.0
-abo	0.110106314608	0.115406541072	0.107245639352	0.667241504968
-lot	0.0775862068965	0.794827586207	0.127586206897	0.0
-aea	0.125	0.84375	0.03125	0.0
-koa	0.227157360406	0.610406091371	0.0114213197969	0.151015228426
-vat	0.153256704981	0.444444444445	0.386973180077	0.0153256704981
-kob	0.0	0.994363021421	0.0	0.00563697857948
-ael	0.0509344115832	0.906964106437	0.0115132033416	0.0305882786379
-tun	0.0414881432147	0.907606159589	0.049633054766	0.0012726424299
-sor	0.466145791702	0.353449733068	0.0423768901547	0.138027585075
-som	0.204487634422	0.298758482481	0.0368482667969	0.4599056163
-aep	0.137931034483	0.740558292282	0.0821018062397	0.0394088669951
-ori	0.197949980236	0.226068130368	0.104944482375	0.471037407021
-oro	0.172804120714	0.637007497871	0.0685400959562	0.121648285459
-tuv	0.535501480029	0.393764656133	0.0484373198017	0.0222965440357
-vae	0.404423367296	0.368403246906	0.0666192796425	0.160554106156
-uai	0.24200913242	0.552511415525	0.150684931507	0.0547945205479
-vak	0.24375	0.56875	0.0937499999999	0.09375
-ora	0.347630240145	0.129876759116	0.0243860975002	0.498106903239
-van	0.128272963601	0.207150850592	0.247327176085	0.417249009722
-vam	0.368421052632	0.605263157895	0.0	0.0263157894737
-jea	0.41476957246	0.191004997224	0.12104386452	0.273181565797
-rur	0.276479363501	0.684733963202	0.0328194927897	0.00596718050721
-rus	0.0276754878226	0.90181401058	0.0049006421851	0.0656098594119
-jeo	0.612510154346	0.14865962632	0.121852152721	0.116978066612
-lis	0.0129449838188	0.870550161812	0.0	0.116504854369
-ruk	0.255283461925	0.634015431064	0.030191211003	0.080509896008
-jep	0.0	0.2643127452	0.0406207686699	0.69506648613
-rui	0.255105080123	0.100414680797	0.0137410899391	0.63073914914
-run	0.160437531275	0.619330875979	0.0686743676306	0.151557225116
-rum	0.0349441552275	0.0365054989242	0.087221364315	0.841328981533
-rub	0.65664556962	0.34335443038	0.0	0.0
-oma	0.239138482879	0.507889273681	0.149115942097	0.103856301344
-lia	0.0151960784314	0.969607843137	0.0151960784314	0.0
-ome	0.285580501024	0.637793961614	0.0366128847466	0.0400126526159
-eap	0.139701770736	0.554022988506	0.0248524386455	0.281422802113
-eas	0.00921658986174	0.988808426596	0.0	0.0019749835418
-abi	0.525	0.3	0.0	0.175
-oda	0.0	1.0	0.0	0.0
-eae	0.153698975668	0.613348918761	0.0598603463656	0.173091759205
-ode	0.0111731843575	0.877094972067	0.0111731843575	0.100558659218
-rna	0.0	1.0	0.0	0.0
-eai	0.507921267403	0.184829572732	0.173787806049	0.133461353817
-odi	0.33934881806	0.31502384465	0.0813805880536	0.264246749237
-eam	0.167820295155	0.713334203996	0.0287318793261	0.0901136215228
-rni	0.0	1.0	0.0	0.0
-ean	0.320437956204	0.195620437956	0.0642335766423	0.419708029197
-zer	0.0	1.0	0.0	0.0
-var	0.141627399388	0.799314483743	0.0111218935418	0.0479362233273
-uro	0.189099485104	0.715111356242	0.0814473437716	0.0143418148815
-uki	0.0570824524313	0.928646934461	0.00475687103594	0.00951374207188
-ura	0.683866019126	0.0686717178237	0.0189237248098	0.22853853824
-ure	0.080234973852	0.832939322301	0.0790887599399	0.00773694390715
-ion	0.0833142595559	0.803768978408	0.112916762036	0.0
-ehu	0.0	1.0	0.0	0.0
-uru	0.326951399116	0.354442808051	0.19882179676	0.119783996073
-pai	0.384969858129	0.513499629837	0.0253826280085	0.0761478840254
-dus	0.013501350135	0.923492349235	0.0	0.06300630063
-pam	0.156171284635	0.632241813602	0.113350125945	0.0982367758186
-pan	0.478592620379	0.346593234211	0.0649212249353	0.109892920475
-ape	0.481067961165	0.335436893204	0.0349514563106	0.14854368932
-api	0.371757271607	0.362952873157	0.0544785129162	0.21081134232
-apo	0.082446148404	0.11080222875	0.00960324825129	0.797148374595
-wae	0.0465356495277	0.909486229314	0.0103892485756	0.0335888725829
-sop	0.560925094926	0.238177424922	0.0372799447705	0.163617535381
-wao	0.232915554874	0.638337153487	0.0199948445349	0.108752447104
-dui	0.390326637954	0.276784693372	0.108167854557	0.224720814117
-par	0.490099009901	0.385431400283	0.0721357850071	0.0523338048091
-pas	0.0348284960422	0.905013192612	0.0569920844327	0.00316622691293
-pat	0.580970666751	0.325299552985	0.056199375436	0.0375304048289
-dum	0.785123966942	0.214876033058	0.0	0.0
-wai	0.353982300885	0.495575221239	0.106194690266	0.0442477876106
-num	0.0	1.0	0.0	0.0
-kea	0.33502116003	0.428169439041	0.0874235579022	0.149385843027
-nui	0.0982799366512	0.296403989371	0.342936610565	0.262379463413
-keo	0.102102935311	0.590624455237	0.124240297392	0.183032312061
-suv	0.520992366412	0.398854961832	0.0343511450381	0.0458015267176
-kem	0.0	1.0	0.0	0.0
-sus	0.0175553492223	0.680768121827	0.00354587693917	0.298130652012
-sup	0.0335721943238	0.960108333804	0.0035547029284	0.00276476894431
-suk	0.712871287129	0.128712871287	0.0	0.158415841584
-sos	0.322738386308	0.58924205379	0.0	0.0880195599022
-sui	0.321044546851	0.665130568356	0.0138248847926	0.0
-kep	0.355849866897	0.53244030147	0.0612602302506	0.0504496013828
-aen	0.744445190285	0.0503996042525	0.0134795243414	0.191675681121
-nur	0.126715686275	0.773651960784	0.0617647058824	0.0378676470588
-nus	0.0547642967418	0.860588883795	0.0224423844109	0.0622044350521
-sua	0.0413223140496	0.95867768595	0.0	0.0
-tup	0.794392523365	0.205607476635	0.0	0.0
-dia	0.151641479937	0.823345492444	0.0	0.0250130276185
-dim	0.113924050633	0.886075949367	0.0	0.0
-din	0.105263157895	0.132631578947	0.749473684211	0.0126315789474
-koe	0.116863015662	0.306213607636	0.276908797599	0.300014579103
-son	0.0288461538462	0.968269230769	0.00288461538462	0.0
-dis	0.0194678780013	0.961064243997	0.0194678780013	0.0
-sli	0.0	1.0	0.0	0.0
-ska	0.0275657336726	0.932428611818	0.00310998020922	0.0368956743003
-ovo	0.182000678753	0.605812258702	0.057171665092	0.155015397453
-kos	0.0	1.0	0.0	0.0
-uku	0.0655737704918	0.852459016394	0.0163934426229	0.0655737704918
-vea	0.311433786923	0.349900431464	0.158098240956	0.180567540657
-veo	0.427039870883	0.294162831012	0.174577081714	0.104220216391
-ove	0.140224922881	0.481759966826	0.14345591574	0.234559194554
-vei	0.478869466211	0.351554405166	0.11042166515	0.0591544634732
-soe	0.201118806606	0.503196590304	0.207778369739	0.0879062333511
-uka	0.0783289817232	0.921671018277	0.0	0.0
-uke	0.25788770348	0.437709720764	0.037905766082	0.266496809674
-ggu	0.036253776435	0.861027190332	0.0135951661631	0.0891238670694
-nna	0.0263157894737	0.960526315789	0.0	0.0131578947368
-uko	0.500618046972	0.262051915946	0.100123609394	0.137206427688
-ait	0.0897840906392	0.823044583264	0.0656753996342	0.0214959264626
-vai	0.329468212715	0.451419432227	0.119952019192	0.0991603358657
-ais	0.0792079207921	0.920792079208	0.0	0.0
-air	0.0228579344739	0.192560781326	0.7845812842	0.0
-soa	0.361523446366	0.321394525398	0.0753552135821	0.241726814653
-nga	0.0139453805927	0.91458454387	0.0644973852412	0.00697269029633
-tia	0.0	0.94942324756	0.0399290150843	0.0106477373558
-ini	0.0362295492787	0.77904270934	0.137829807038	0.0468979343429
-aim	0.0	1.0	0.0	0.0
-tin	0.52218338263	0.408443129874	0.0661468136596	0.00322667383706
-ore	0.392077076553	0.358107506533	0.0950601390048	0.154755277909
-eme	0.197030451507	0.618251565499	0.0292140594831	0.155503923511
-jat	0.425711608626	0.256007566493	0.10022615682	0.218054668061
-ema	0.280567178057	0.288238028824	0.0139470013947	0.417247791725
-ova	0.22938390977	0.626081739572	0.0480352788946	0.0964990717637
-emo	0.276095955637	0.112544831602	0.0484487498693	0.562910462892
-emi	0.189718512229	0.159373673383	0.0472683930379	0.60363942135
-260	0.0	0.159292035398	0.0424778761062	0.798230088496
-jae	0.0508792560963	0.781451039826	0.00364740876761	0.16402229531
-jan	0.748226950355	0.117021276596	0.113475177305	0.0212765957447
-jao	0.147990443852	0.486386106632	0.00298468122054	0.362638768296
-oni	0.207920792079	0.648514851485	0.039603960396	0.10396039604
-jak	0.0166279496271	0.981171292334	0.0	0.00220075803888
-jai	0.696563131777	0.182135636831	0.0220547693439	0.0992464620474
-eti	0.128504968313	0.0292360859565	0.0123033746941	0.829955571036
-dam	0.0481336562947	0.825104030806	0.0752127197068	0.051549593193
-pae	0.145354276429	0.789059037865	0.0407701019252	0.0248165837806
-ane	0.178334811319	0.519453793223	0.0545448646036	0.247666530855
-000	0.184236971814	0.133081303536	0.0140690051204	0.668612719529
-eta	0.473468386476	0.294349368125	0.0924685243197	0.13971372108
-ete	0.294628343431	0.481860499483	0.16255356879	0.0609575882961
-jem	0.453391981052	0.319912028422	0.0549822365082	0.171713754018
-eto	0.422916742814	0.335147116414	0.131226013628	0.110710127144
-bui	0.461206896552	0.101600985222	0.0369458128079	0.400246305419
-lim	0.0	0.964912280702	0.0350877192982	0.0
-wes	0.351691581432	0.390243902439	0.0912667191188	0.16679779701
-bus	0.00770988006854	0.988006853227	0.0017133066819	0.00256996002285
-wep	0.464968152866	0.202547770701	0.214012738853	0.11847133758
-lin	0.0	0.860335195531	0.139664804469	0.0
-lio	0.085020242915	0.914979757085	0.0	0.0
-wen	0.145753299909	0.0543677018658	0.0135559033282	0.786323094897
-wem	0.272750446087	0.528167218965	0.0720112159062	0.127071119042
-ata	0.41691766532	0.281753321678	0.0499867008386	0.251342312164
-bur	0.161904761905	0.828571428571	0.00952380952381	0.0
-omo	0.340941210394	0.608874211792	0.0149747725854	0.0352098052292
-wea	0.267223801483	0.0754557148066	0.0169800668138	0.640340416897
-ati	0.200736839813	0.0798856748861	0.0184896462507	0.70088783905
-ose	0.0962221356732	0.833214964833	0.0336777474856	0.0368851520081
-kai	0.281999825986	0.295176483028	0.176203304823	0.246620386163
-osa	0.125757575758	0.769696969697	0.0363636363636	0.0681818181818
-kan	0.114922424068	0.641581721621	0.20159044001	0.0419054143012
-kam	0.337842175249	0.549910587372	0.0990416800403	0.0132055573387
-oso	0.801526717557	0.198473282443	0.0	0.0
-kae	0.596028622036	0.26975980856	0.0545345163274	0.0796770530758
-nia	0.0186078566506	0.959510682288	0.0218814610613	0.0
-ena	0.142704015918	0.205043535819	0.0449751484471	0.607277299816
-kas	0.0997782705099	0.812696930797	0.0315089275295	0.0560158711635
-nik	0.1	0.82	0.06	0.02
-nin	0.268170632595	0.327245292041	0.265754731157	0.138829344207
-kat	0.598349381018	0.328748280605	0.0563961485557	0.0165061898212
-ajo	0.626445471938	0.13633752745	0.0166078413227	0.220609159289
-aji	0.34459769157	0.343722655111	0.0491687153631	0.262510937956
-aje	0.407032742994	0.185541897816	0.0505351778902	0.3568901813
-nbe	0.220556161396	0.510905125409	0.186750272628	0.0817884405671
-aja	0.0173834287718	0.963334112423	0.00175295080052	0.0175295080051
-ate	0.221045686423	0.532906347393	0.0709783664033	0.175069599781
-yui	0.0571428571429	0.942857142857	0.0	0.0
-yum	0.437175423214	0.516287853241	0.0242800296756	0.0222566938693
-yun	0.405484247374	0.43203033839	0.0767211201867	0.085764294049
-ire	0.352889763838	0.343371251683	0.0419780448498	0.261760939629
-ila	0.0133333333333	0.981666666667	0.00333333333333	0.00166666666666
-vir	0.197461212976	0.520451339915	0.0564174894217	0.225669957687
-ilo	0.201680672269	0.714285714286	0.0	0.0840336134454
-yus	0.0355029585798	0.939349112426	0.0	0.0251479289941
-yut	0.569594751445	0.264445393518	0.0510081725485	0.114951682489
-vit	0.21897810219	0.759124087591	0.0	0.021897810219
-wan	0.523359231027	0.207555985221	0.0826152009644	0.186469582788
-oan	0.195223267086	0.5671454153	0.183963198498	0.0536681191166
-oam	0.468601482796	0.407832203282	0.0380204042836	0.0855459096382
-oak	0.0373443983403	0.92531120332	0.0	0.0373443983402
-oai	0.0	1.0	0.0	0.0
-atu	0.234219569542	0.316792449728	0.346881731038	0.102106249692
-eba	0.0	0.873111782477	0.0543806646526	0.0725075528701
-amu	0.0598460918107	0.025069573271	0.00489273297917	0.910191601939
-ebe	0.373803102475	0.375612394377	0.05966297694	0.190921526208
-ami	0.315491192476	0.328947319722	0.0708805766283	0.284680911174
-amo	0.366514319451	0.0984787856576	0.0224004683465	0.512606426545
-ama	0.0271048032967	0.0267522123226	0.00532502778748	0.940817956593
-ame	0.183417183263	0.598163524267	0.101498862539	0.116920429931
-wam	0.167551175133	0.333333333333	0.0926627916771	0.406452699857
-eij	0.0133155792277	0.0612049431168	0.246922232345	0.67855724531
-uso	0.391304347826	0.510869565217	0.0978260869565	0.0
-iri	0.267881385207	0.29727504146	0.179428902126	0.255414671206
-gus	0.0322580645161	0.94623655914	0.0215053763441	0.0
-gur	0.156057494867	0.700205338809	0.123203285421	0.0205338809035
-usa	0.118885879432	0.765137068273	0.0107340850246	0.105242967271
-ira	0.238582083298	0.506787899103	0.0631442219056	0.191485795693
-iru	0.242843077618	0.612820689699	0.13169364296	0.0126425897241
-epe	0.251705985572	0.333955379773	0.0376013146534	0.376737320001
-nit	0.0961290759949	0.459968815674	0.400786387363	0.0431157209681
-epa	0.15130190007	0.546094299789	0.109078114004	0.193525686137
-epo	0.33833435395	0.634109001837	0.0229638701776	0.00459277403551
-—no	0.903225806452	0.0967741935484	0.0	0.0
-epi	0.227910928411	0.10854095182	0.0287613326714	0.634786787098
-ros	0.0	0.176470588235	0.823529411765	0.0
-pia	0.139793603162	0.820683598039	0.0395227987997	0.0
-oas	0.0107430617726	0.986571172784	0.0	0.00268576544315
-ius	0.0963981467643	0.806655706671	0.0192298111892	0.0777163353759
-pin	0.510416666667	0.388888888889	0.0590277777778	0.0416666666667
-pis	0.053164556962	0.886075949367	0.0607594936709	0.0
-ium	0.0332225913621	0.960132890365	0.0	0.00664451827242
-iun	0.020202020202	0.878787878788	0.0	0.10101010101
-nok	0.080766877422	0.866884220545	0.0179481949827	0.0344007070501
-wit	0.124645892351	0.705382436261	0.14730878187	0.0226628895184
-uel	0.0275590551181	0.925196850394	0.0314960629921	0.0157480314961
-owi	0.341194689142	0.470221072348	0.112711687618	0.0758725508917
-pap	0.0	0.755102040816	0.244897959184	0.0
-owo	0.362288472982	0.234953371769	0.1250440482	0.277714107049
-uri	0.430924571639	0.480694835937	0.0465899236891	0.0417906687347
