zet-	0.457123217048	0.346393996677	0.0337973305838	0.162685455691
vas-	0.0967703795327	0.718347263781	0.129876035689	0.0550063209975
fig-	0.0600122473974	0.932639314146	0.0	0.00734843845683
del-	0.30679933665	0.270646766169	0.0656716417911	0.35688225539
jac-	0.00149540696432	0.989852595599	0.00737022003845	0.00128177739799
viu-	0.0666942405129	0.791645124599	0.0246096577396	0.117050977148
niy-	0.403023825986	0.144334461548	0.0733907690674	0.379250943398
júp-	0.0	1.0	0.0	0.0
rli-	0.476461619863	0.256799159121	0.0999723328478	0.166766888168
cia-	0.065779026446	0.0323703658462	0.875282477249	0.0265681304587
bte-	0.428851121686	0.413161114888	0.0700475866757	0.0879401767505
der-	0.0140186915888	0.985981308411	0.0	0.0
bíu-	0.629850746269	0.2	0.0	0.170149253731
neg-	0.280991735537	0.66452402816	0.0165289256198	0.0379553106825
ayu-	0.340671436434	0.52724270776	0.110621904238	0.0214639515685
tib-	0.0409341380215	0.685122015219	0.198373130412	0.0755707163474
xap-	0.51213592233	0.207928802589	0.106796116505	0.173139158576
lij-	0.0	1.0	0.0	0.0
bée-	0.0717061109148	0.907099964677	0.0211939244083	0.0
spe-	0.177643707055	0.804591922239	0.00603318250377	0.0117311882018
paf-	0.0	1.0	0.0	0.0
abr-	0.0470706346361	0.886525636429	0.0345643599857	0.0318393689494
zaq-	0.0610795454545	0.892045454546	0.0	0.046875
daz-	0.48623853211	0.119266055046	0.0275229357798	0.366972477064
sug-	0.365850483455	0.159043503503	0.0494116538035	0.425694359238
cul-	0.15444015444	0.207391064534	0.558742415885	0.0794263651406
aig-	0.0566037735849	0.867924528302	0.0377358490566	0.0377358490566
gúc-	0.22584458515	0.176056651418	0.0381000414205	0.559998722011
lod-	0.100444672382	0.074288844726	0.0128797636185	0.812386719274
ate-	0.013437849944	0.977603583427	0.00895856662934	0.0
zéc-	0.363481228669	0.353242320819	0.201365187713	0.0819112627986
urí-	0.0	1.0	0.0	0.0
dor-	0.0326797385621	0.584967320261	0.112745098039	0.269607843137
pat-	0.101408450704	0.887323943662	0.0	0.0112676056338
rxa-	0.645801526718	0.299236641221	0.0274809160306	0.0274809160305
zia-	0.379705704869	0.41257020842	0.0693960915379	0.138327995172
guu-	0.482643393563	0.208276167339	0.0799114508043	0.229168988293
jam-	0.046511627907	0.860465116279	0.0348837209302	0.0581395348837
rzu-	0.464811297963	0.323007559198	0.134630379739	0.0775507631001
niu-	0.544665286335	0.221330368425	0.088443832988	0.145560512252
nig-	0.504336239744	0.211762780804	0.0378690478973	0.246031931555
ent-	0.627497566288	0.065559609064	0.00253009609545	0.304412728552
ldí-	0.263157894737	0.223684210526	0.0789473684211	0.434210526316
nai-	0.145522662161	0.567802835525	0.232424887975	0.0542496143393
gug-	0.030303030303	0.969696969697	0.0	0.0
zéd-	0.586782061369	0.0976396538159	0.0210857592447	0.29449252557
yac-	0.528162783839	0.152462400472	0.156001179593	0.163373636096
asi-	0.0158940397351	0.946754966887	0.0135099337748	0.0238410596027
bts-	0.546303501946	0.444357976654	0.00933852140078	0.0
tér-	0.190274841438	0.784355179704	0.0126849894292	0.0126849894292
xch-	0.201984349032	0.465077628469	0.166615164903	0.166322857596
tol-	0.28152260111	0.659000793021	0.0	0.0594766058684
bni-	0.0589473232714	0.474218892203	0.0247023419376	0.442131442588
pud-	0.0	1.0	0.0	0.0
bga-	0.560399334443	0.334442595674	0.0805324459234	0.0246256239601
moi-	0.0665991782403	0.874073017819	0.00945278658894	0.0498750173521
xid-	0.168181818182	0.204545454545	0.0136363636364	0.613636363636
ree-	0.198830409357	0.801169590643	0.0	0.0
roo-	0.130081300813	0.512195121951	0.276422764228	0.0813008130081
uzí-	0.0	1.0	0.0	0.0
rbé-	0.6043770026	0.347107188199	0.024938032767	0.0235777764343
rsa-	0.493457894735	0.335219615679	0.0941045574517	0.077217932134
dxí-	0.315241135943	0.422842099367	0.125469108833	0.136447655856
apa-	0.392344137776	0.276002105738	0.0661803414304	0.265473415056
san-	0.0733483842609	0.803579443506	0.0677216688193	0.0553505034134
nii-	0.0828571485338	0.798668859161	0.0272991377408	0.0911748545641
arm-	0.0	1.0	0.0	0.0
cal-	0.241036586681	0.235064571071	0.0699250443769	0.453973797871
plo-	0.0	0.118811881188	0.881188118812	0.0
rtɨ-	0.479226860616	0.29560625685	0.114576068546	0.110590813988
xpa-	0.24317617866	0.620347394541	0.101736972705	0.0347394540943
mes-	0.0196078431372	0.916666666667	0.00980392156862	0.0539215686274
xni-	0.0461949265688	0.24432576769	0.696662216288	0.0128170894526
arc-	0.211594202898	0.48231884058	0.215652173913	0.0904347826087
bda-	0.565082185695	0.32652154598	0.0879609062639	0.0204353620613
adi-	0.0	1.0	0.0	0.0
ami-	0.0	1.0	0.0	0.0
sut-	0.521756632481	0.270915265479	0.172277052745	0.0350510492951
eur-	0.078947368421	0.736842105263	0.131578947368	0.0526315789473
bzá-	0.819479950805	0.115569327678	0.0411721522838	0.0237785692335
gól-	0.0	0.989847715736	0.0	0.0101522842639
ged-	0.0327868852459	0.967213114754	0.0	0.0
rso-	0.481850150303	0.347881572231	0.0343712778629	0.135896999603
ili-	0.571609060884	0.270152286674	0.0432157482787	0.115022904164
gat-	0.208995951753	0.115183858816	0.0158760511769	0.659944138253
sat-	0.160071376089	0.797417865015	0.0110213078619	0.0314894510339
ani-	0.382331106162	0.495793120515	0.0358822073744	0.085993565949
xaa-	0.696774193548	0.264516129032	0.0193548387097	0.0193548387097
abi-	0.496531317711	0.271973399281	0.0823032584002	0.149192024608
rdo-	0.433287482806	0.422283356259	0.144429160935	0.0
cux-	0.439293920274	0.377548415332	0.137933549728	0.045224114665
ban-	0.560283199419	0.30435069883	0.0674218348015	0.0679442669492
llɨ-	0.234840132304	0.308710033076	0.138919514884	0.317530319735
xmɨ-	0.216371094801	0.623914421858	0.10759712562	0.052117357722
ise-	0.543025518834	0.346436407951	0.0543430632192	0.0561950099956
rru-	0.483584167556	0.399057196256	0.0199759380746	0.0973826981137
arq-	0.134466769706	0.73570324575	0.120556414219	0.00927357032457
ale-	0.0	0.65	0.35	0.0
ziá-	0.463643404628	0.240074497929	0.1747955581	0.121486539343
luc-	0.0197109067017	0.972404730618	0.0	0.00788436268068
dec-	0.173435427971	0.00989891470453	0.00290336563408	0.81376229169
xli-	0.181174669983	0.663860723168	0.133154773293	0.0218098335565
var-	0.0157583716349	0.984241628365	0.0	0.0
bsí-	0.604494382022	0.291011235955	0.0337078651685	0.0707865168539
rdx-	0.355759372057	0.298600887748	0.153364304751	0.192275435444
ina-	0.463081427433	0.350425615392	0.0379890580519	0.148503899122
cre-	0.00287081339713	0.988516746411	0.00287081339713	0.00574162679427
agü-	0.605334123661	0.172257157697	0.107791670457	0.114617048185
fav-	0.465541490858	0.383966244726	0.0084388185654	0.142053445851
fre-	0.0588235294118	0.847058823529	0.0941176470588	0.0
bld-	0.542818303072	0.278167553975	0.0955391591649	0.083474983789
xga-	0.274062464558	0.386112245999	0.0718193482446	0.268005941197
tia-	0.135983191541	0.599572899804	0.0451991412071	0.219244767449
xíp-	0.114457499035	0.218434552375	0.157978928788	0.509129019803
lii-	0.410061421468	0.267329628546	0.122550453349	0.200058496636
ang-	0.209183275732	0.499172794914	0.00545695501909	0.286186974335
hec-	0.228571428571	0.771428571429	0.0	0.0
sod-	0.00464768914434	0.995352310856	0.0	0.0
gúp-	0.405253205496	0.298765838843	0.17810868705	0.117872268611
abq-	0.930513595166	0.055387713998	0.0140986908358	0.0
cum-	0.525314887454	0.22489274213	0.0954727894291	0.154319580987
rsá-	0.588228228517	0.317937765905	0.0448990671853	0.0489349383929
zab-	0.0109649122807	0.989035087719	0.0	0.0
abg-	0.470785229576	0.368599629858	0.0731470873358	0.0874680532299
aid-	0.390410958904	0.474765681327	0.0915645277577	0.0432588320116
zéb-	0.541836875201	0.0845458300821	0.0201955294442	0.353421765273
izá-	0.521398914085	0.406739061003	0.0718620249121	0.0
rox-	0.417197452229	0.114649681529	0.324840764331	0.143312101911
xme-	0.012706480305	0.713257094452	0.136382888607	0.137653536637
log-	0.477419354839	0.238709677419	0.0516129032258	0.232258064516
suu-	0.29106029106	0.679487179487	0.010395010395	0.0190575190575
liú-	0.0301338199414	0.032700453864	0.00569272533501	0.93147300086
rte-	0.446316643315	0.459663741612	0.0630484477547	0.030971167318
nef-	0.0	1.0	0.0	0.0
tɨɨ-	0.220658904964	0.59406751042	0.085467217597	0.099806367019
lai-	0.0834467120181	0.514739229025	0.358276643991	0.043537414966
nit-	0.498375479284	0.261647045861	0.159919522932	0.0800579519222
náy-	0.273764258555	0.311787072243	0.243346007605	0.171102661597
too-	0.535714285714	0.228571428571	0.0428571428571	0.192857142857
dig-	0.364088750913	0.260409057706	0.0773831263696	0.298119065011
nah-	0.0	1.0	0.0	0.0
zac-	0.321130106511	0.436752429136	0.0936270752898	0.148490389063
ibí-	0.320283313893	0.115793566273	0.0444579677807	0.519465152053
feb-	0.208333333333	0.791666666667	0.0	0.0
amé-	0.126065875272	0.119210834309	0.00150476508945	0.75321852533
tre-	0.0590271865599	0.072308303536	0.0402974062092	0.828367103695
her-	0.0924739017934	0.820160306933	0.0435341879071	0.0438316033667
ira-	0.0701356340729	0.213103326224	0.0605138162143	0.656247223489
iro-	0.121566611216	0.143668326917	0.0835678578916	0.651197203975
bza-	0.27726770924	0.558371565359	0.0622299025292	0.102130822872
apó-	0.041112363773	0.898534385569	0.025253664036	0.0350995866216
zez-	0.488349254531	0.229086688688	0.0379430407999	0.244621015981
tio-	0.0661734518968	0.0461627016206	0.0916736148439	0.795990231639
elm-	0.0	1.0	0.0	0.0
ran-	0.0475086906141	0.909617612978	0.0139049826188	0.0289687137891
zel-	0.445109321926	0.132374971029	0.118028315079	0.304487391967
agr-	0.00301204819277	0.993975903614	0.0	0.00301204819277
zán-	0.20527133974	0.41280384398	0.0476964386659	0.334228377614
aru-	0.453072824156	0.280852575488	0.166607460036	0.0994671403197
leg-	0.0901725039205	0.759539989545	0.0901725039205	0.0601150026137
ron-	0.296296296296	0.703703703704	0.0	0.0
zal-	0.530030800821	0.348690965092	0.0539014373716	0.0673767967145
air-	0.308035714286	0.308035714286	0.375	0.00892857142856
rbɨ-	0.712407071331	0.178082191781	0.041662444381	0.0678482925077
bec-	0.071599045346	0.904534606205	0.0238663484487	0.0
neá-	0.0	1.0	0.0	0.0
sac-	0.197075860425	0.245182085117	0.394320173335	0.163421881122
arl-	0.397163120567	0.503546099291	0.0992907801418	0.0
cam-	0.196782875383	0.758152343994	0.00901295612443	0.0360518244977
yan-	0.431794096452	0.388312303062	0.132045611903	0.0478479885829
inf-	0.0699139450431	0.871020825524	0.0421894495949	0.016875779838
est-	0.0730165419872	0.825940364556	0.0855547360657	0.0154883573912
arb-	0.410023149697	0.258920832455	0.0884861895731	0.242569828275
nue-	0.167354922843	0.180911758313	0.0342316887633	0.617501630081
gáa-	0.395061728395	0.485596707819	0.0864197530865	0.0329218106995
sto-	0.45527670326	0.38146617932	0.0342313310721	0.129025786349
gog-	0.05	0.95	0.0	0.0
rmɨ-	0.454193548387	0.282580645161	0.061935483871	0.201290322581
alz-	0.270491803279	0.598360655738	0.0	0.131147540984
run-	0.390734073092	0.190043280781	0.0761981901897	0.343024455937
sau-	0.0226083315889	0.836508268788	0.00251203684321	0.13837136278
pri-	0.043694803522	0.310778051535	0.432324246488	0.213202898455
iza-	0.448624640765	0.320195573471	0.141604150338	0.0895756354271
liz-	0.0946769670218	0.73365049657	0.0223129900496	0.149359546359
íze-	0.75	0.25	0.0	0.0
arp-	0.00826218672541	0.951803910768	0.0399339025062	0.0
sro-	0.136747163224	0.482106488217	0.171661332557	0.209485016002
lda-	0.245048806635	0.631100829431	0.0522861065658	0.071564257368
dún-	0.686775868957	0.116859768278	0.0161805833001	0.180183779465
nág-	0.553334482164	0.294330518697	0.0623815267965	0.0899534723419
men-	0.378277153558	0.548689138577	0.0674157303371	0.00561797752808
ald-	0.385345997286	0.520352781547	0.0413839891452	0.0529172320217
ric-	0.0569055887691	0.173982331863	0.760890592039	0.00822148732924
sie-	0.369574378424	0.466076696165	0.113780025284	0.0505689001264
squ-	0.203516415124	0.193558425393	0.0142627457082	0.588662413775
güe-	0.461921835927	0.192222914016	0.156242528299	0.189612721757
laz-	0.273901693429	0.426348163434	0.0444399265159	0.255310216622
aza-	0.435037065938	0.294186500195	0.0624268435427	0.208349590324
ará-	0.48952052828	0.289405684754	0.0541405192568	0.166933267708
ort-	0.372549019608	0.137254901961	0.490196078431	0.0
bqu-	0.709668056362	0.20326930181	0.0354768061639	0.0515858356642
bra-	0.0228571428571	0.436546310832	0.489733124019	0.050863422292
eti-	0.0	0.758389261745	0.241610738255	0.0
elí-	0.00981996726677	0.971153846154	0.00204582651391	0.0169803600655
hor-	0.157508478169	0.538248904903	0.0204005934718	0.283842023456
pad-	0.0585751260046	0.894428551968	0.010216591745	0.036779730282
nía-	0.370255615802	0.451587916344	0.0759101471728	0.102246320682
cle-	0.00604838709677	0.969758064516	0.0241935483871	0.0
anf-	0.0384615384615	0.961538461538	0.0	0.0
bie-	0.384291680498	0.317658938798	0.0573557211606	0.240693659543
quí-	0.417426290312	0.380147105048	0.159678129126	0.0427484755139
lot-	0.0913363308206	0.0818793698597	0.0054039776919	0.821380321628
nay-	0.419786991761	0.358496885257	0.137316632058	0.0843994909237
sua-	0.857142857143	0.0714285714286	0.0	0.0714285714285
cun-	0.0222289181961	0.0114426680443	0.0090399512736	0.957288462486
bau-	0.105984283699	0.77634495265	0.0272012895426	0.0904694741085
chu-	0.426621930891	0.402519654526	0.107127177732	0.0637312368506
dix-	0.267051546088	0.411326065572	0.231461866358	0.090160521982
xuu-	0.623853211009	0.321100917431	0.0137614678899	0.0412844036697
lep-	0.0369256017505	0.814346280088	0.136419584245	0.0123085339168
sld-	0.738803012287	0.120095124851	0.055489496631	0.0856123662307
ría-	0.199596363569	0.71097409691	0.06221185358	0.0272176859413
dav-	0.0230767335022	0.921019067028	0.00487536623287	0.0510288332374
pát-	0.0	1.0	0.0	0.0
tan-	0.271430509526	0.207667112429	0.135317944842	0.385584433203
vag-	0.341946265587	0.568067875048	0.035994343746	0.053991515619
rni-	0.543361311597	0.143494466272	0.038369973272	0.274774248859
caí-	0.0945273631841	0.835820895522	0.00995024875622	0.0597014925373
ngu-	0.027236832873	0.721000775296	0.183919656852	0.0678427349793
rza-	0.401086859173	0.315103083999	0.167172378416	0.116637678412
xit-	0.124968378447	0.367062990134	0.043511257273	0.464457374146
gui-	0.202671101989	0.679315458999	0.0694506340184	0.0485628049931
gun-	0.54943869139	0.210305837236	0.0213238511866	0.218931620188
yaa-	0.38980471722	0.2501902105	0.213035759574	0.146969312706
nan-	0.360106500064	0.220803847989	0.224840781773	0.194248870175
rúc-	0.420118343195	0.508875739645	0.0	0.0710059171598
aya-	0.121951219512	0.0731707317073	0.341463414634	0.463414634146
bee-	0.443927273384	0.420996640094	0.0367255920897	0.0983504944324
bíi-	0.0587376869756	0.666909886903	0.250638453119	0.0237139730025
put-	0.0	1.0	0.0	0.0
tin-	0.0	1.0	0.0	0.0
ido-	0.149154348116	0.640431482221	0.210414169663	0.0
rai-	0.740063230361	0.0456332347703	0.00416150188271	0.210142032985
pub-	0.109090909091	0.781818181818	0.0	0.109090909091
top-	0.0	0.821782178218	0.178217821782	0.0
xba-	0.0354430379747	0.926582278481	0.00759493670888	0.0303797468354
dad-	0.02260035326	0.953703127987	0.00154752775532	0.0221489909981
nám-	0.0	1.0	0.0	0.0
rom-	0.0656490927498	0.640915816525	0.261661864341	0.0317732263843
par-	0.107055252364	0.0141525592498	0.00369336833675	0.87509882005
can-	0.450686733894	0.325302172632	0.0510860172009	0.172925076273
pér-	0.0	1.0	0.0	0.0
jes-	0.0125791090339	0.722127125562	0.00490793431408	0.26038583109
zía-	0.361255186722	0.398599585062	0.0907676348548	0.149377593361
con-	0.212437611153	0.176467213585	0.0874878090758	0.523607366187
ldá-	0.464050851182	0.404763917299	0.0698189440942	0.0613662874242
bsl-	0.219982274263	0.671901093967	0.0388204013405	0.0692962304302
cap-	0.124074854083	0.839400685962	0.0138997532944	0.022624706661
bdo-	0.129075214992	0.631064690027	0.186112180721	0.05374791426
azá-	0.204545454545	0.586363636364	0.168181818182	0.0409090909091
ara-	0.306247290363	0.526338858213	0.0620298333961	0.105384018028
gad-	0.311759759248	0.0547784157871	0.0221212622253	0.61134056274
zoo-	0.247661250615	0.136878385032	0.027572624323	0.58788774003
sbí-	0.441306378733	0.108875486439	0.12218966938	0.327628465448
rɨn-	0.0375156717138	0.941363680201	0.00588292024303	0.0152377278426
god-	0.966593748841	0.0334062511586	0.0	0.0
jus-	0.0137299771167	0.986270022883	0.0	0.0
teó-	0.0	0.943609022556	0.0563909774436	0.0
eze-	0.0	1.0	0.0	0.0
jos-	0.0286783042394	0.971321695761	0.0	0.0
rua-	0.723763570567	0.1917973462	0.0844390832328	0.0
any-	0.284560381356	0.242717161017	0.00926906779662	0.463453389831
iga-	0.373379558658	0.366587266024	0.212432096727	0.0476010785909
pos-	0.270507201002	0.613650594865	0.0970569818409	0.0187852222918
bur-	0.322575534325	0.546794049147	0.0587005085794	0.0719299079487
cor-	0.0344140030441	0.916095890411	0.0264231354642	0.0230669710807
bol-	0.0689399555226	0.931060044477	0.0	0.0
cac-	0.534245183753	0.328594434369	0.0525017964686	0.0846585854093
efe-	0.0198085176626	0.96830637174	0.00792340706505	0.00396170353252
ígu-	0.548631333722	0.184915550379	0.0506697728597	0.21578334304
xag-	0.28947368421	0.0789473684211	0.210526315789	0.421052631579
ade-	0.502780867631	0.176863181313	0.11234705228	0.208008898776
lua-	0.103010444399	0.033995494573	0.011058775343	0.851935285685
axt-	0.136336521571	0.0629723211429	0.0504115719039	0.750279585382
aca-	0.374878367153	0.466639373442	0.0560448558206	0.102437403584
rra-	0.257742257742	0.578421578422	0.133866133866	0.02997002997
rtu-	1.0	0.0	0.0	0.0
gué-	0.417497360519	0.347232315476	0.132700771963	0.102569552042
ril-	0.12734082397	0.310861423221	0.404494382023	0.157303370787
bét-	0.093023255814	0.666666666667	0.193798449612	0.046511627907
ayá-	0.618034447822	0.222897669706	0.159067882472	0.0
jue-	0.210640211478	0.483964862616	0.160693313835	0.144701612071
ced-	0.0	1.0	0.0	0.0
túd-	0.241413150147	0.273797841021	0.045142296369	0.439646712463
irɨ-	0.223539934916	0.232469074982	0.207637797188	0.336353192913
fru-	0.0385772348389	0.950171071666	0.0112516934947	0.0
rld-	0.279367589046	0.341012513506	0.331289794375	0.0483301030729
mui-	0.0685413005272	0.636203866432	0.263620386643	0.0316344463972
cir-	0.0265748031496	0.97342519685	0.0	0.0
for-	0.115920763023	0.743213499633	0.13206162876	0.00880410858402
naz-	0.2132423352	0.65956175488	0.100093341012	0.027102568907
rdé-	0.621951219512	0.30487804878	0.0365853658537	0.0365853658537
ber-	0.0306856419597	0.906286337583	0.00518630568333	0.0578417147738
iqu-	0.576428462821	0.300334942926	0.052088172004	0.0711484222498
viv-	0.0344008518306	0.647391268736	0.294127283152	0.0240805962814
álo-	0.0	0.923076923077	0.0512820512821	0.025641025641
túz-	0.201669877971	0.216441875401	0.0308285163776	0.55105973025
bid-	0.155508474576	0.671610169492	0.142372881356	0.0305084745762
zar-	0.0	1.0	0.0	0.0
isi-	0.551464736217	0.281401611373	0.0994979448994	0.0676357075106
gux-	0.069134802232	0.855620508322	0.010137067776	0.0651076216701
zél-	0.361687478484	0.303445685851	0.121741307545	0.213125528119
xpɨ-	0.0869823036975	0.634750382752	0.0134990394981	0.264768274053
mɨl-	0.19029403666	0.744624956278	0.0152190576836	0.049861949379
lie-	0.0564865373753	0.75861419695	0.178874035022	0.00602523065335
loi-	0.215568862275	0.633532934132	0.11497005988	0.0359281437125
náz-	0.209134015473	0.418018467682	0.205640129773	0.167207387073
abe-	0.410559878236	0.390752032007	0.068673929039	0.130014160718
bch-	0.448300991601	0.365422377188	0.0795462604736	0.106730370737
aib-	0.29963898917	0.570397111913	0.043321299639	0.0866425992779
nov-	0.0	0.0248119515253	0.0731299623903	0.902058086084
tam-	0.0	1.0	0.0	0.0
jan-	0.0	0.977941176471	0.00735294117647	0.0147058823529
lag-	0.172252305247	0.135709746375	0.144853701963	0.547184246416
rel-	0.314874199402	0.497474943936	0.046901226692	0.14074962997
lái-	0.5263671875	0.3564453125	0.0	0.1171875
néz-	0.161512482617	0.101450235084	0.0160254287795	0.72101185352
die-	0.0987983978638	0.901201602136	0.0	0.0
nix-	0.672413793103	0.258620689655	0.0	0.0689655172414
sda-	0.167706513601	0.601697030197	0.125779885201	0.104816571001
bed-	0.114436351437	0.817693253126	0.00542105072041	0.062449344716
tim-	0.0211769497047	0.953980859295	0.0073304825901	0.0175117084097
tri-	0.0699264477365	0.90365689423	0.00310784212163	0.0233088159122
zen-	0.401973958033	0.335296272943	0.0814344477411	0.181295321283
idx-	0.328621352207	0.198354883534	0.114118451498	0.358905312761
rah-	0.015	0.985	0.0	0.0
mol-	0.0	1.0	0.0	0.0
xii-	0.0779820930009	0.899874843554	0.0173293540002	0.0048137094445
zox-	0.814479638009	0.0859728506788	0.0	0.0995475113122
elo-	0.0	0.980392156863	0.0196078431373	0.0
iya-	0.793388429752	0.173553719008	0.0330578512396	0.0
gún-	0.339918142097	0.131704140246	0.038391580838	0.489986136819
tes-	0.116528832652	0.59247228722	0.128457906292	0.162540973836
nál-	0.203554119548	0.492730210016	0.142164781906	0.16155088853
rsí-	0.580524344569	0.297128589263	0.0736579275905	0.0486891385768
rol-	0.235216205688	0.423217763927	0.0399688352162	0.301597195169
jon-	0.0	0.986066416747	0.0	0.0139335832532
jer-	0.0218181818182	0.945308441558	0.0063961038961	0.0264772727273
bɨd-	0.083189902467	0.913941480207	0.0	0.00286861732645
xpr-	0.277300281994	0.482278245893	0.151061278938	0.0893601931747
zbá-	0.576527110501	0.135209334248	0.140013726836	0.148249828415
mah-	0.0	1.0	0.0	0.0
eda-	0.789473684211	0.0185758513931	0.0	0.191950464396
eno-	0.0	1.0	0.0	0.0
íll-	0.230769230769	0.367521367521	0.401709401709	0.0
ite-	0.517681370762	0.352088143557	0.0601531170251	0.0700773686556
xcú-	0.264705882353	0.735294117647	0.0	0.0
xot-	0.0538922155689	0.335329341317	0.0359281437126	0.574850299401
güé-	0.590052257045	0.317552695896	0.0363908880997	0.0560041589586
sni-	0.597483361926	0.214942656364	0.0283942265892	0.159179755121
one-	0.0	1.0	0.0	0.0
seg-	0.572085721587	0.168887590814	0.0188017962104	0.240224891388
euf-	0.110638297872	0.889361702128	0.0	0.0
caq-	0.617011114745	0.2834182124	0.0657747875428	0.0337958853121
síg-	0.375	0.075	0.275	0.275
mil-	0.0956674413423	0.554525654818	0.0908991045714	0.258907799268
abn-	0.632251209827	0.190578855937	0.0650282293089	0.112141704926
zon-	0.42759679345	0.31315026437	0.0436636534198	0.21558928876
idé-	0.812903225806	0.187096774194	0.0	0.0
así-	0.0	1.0	0.0	0.0
rbe-	0.296978551238	0.296989184862	0.075136588954	0.330895674946
ibá-	0.405874132588	0.268136162644	0.0800655484003	0.245924156367
jur-	0.463096901791	0.500147105695	0.0047196410621	0.0320363514519
rdi-	0.329439495615	0.409322970394	0.0340821161716	0.22715541782
alt-	0.223251895535	0.0901432181971	0.600673967987	0.0859309182814
rzá-	0.495575221239	0.379489849037	0.124934929724	0.0
jor-	0.0431754874652	0.910863509749	0.0403899721449	0.00557103064067
naí-	0.0	0.961538461538	0.0	0.0384615384615
dxú-	0.258573761568	0.175285792052	0.0435492651061	0.522591181274
izq-	0.0477474777744	0.930276695635	0.0	0.0219758265907
por-	0.145833333333	0.854166666667	0.0	0.0
alf-	0.0197405527355	0.959954878737	0.0169204737733	0.00338409475465
cos-	0.111391831282	0.576569806279	0.0465955720966	0.265442790343
sig-	0.450739957717	0.077801268499	0.314587737844	0.156871035941
llí-	0.036063934542	0.951139185459	0.00174502909074	0.011051850908
say-	0.386363636364	0.613636363636	0.0	0.0
epa-	0.097372488408	0.856259659969	0.0278207109737	0.0185471406491
rén-	0.342205323194	0.281368821293	0.0	0.376425855513
bor-	0.150851581508	0.514841849148	0.262287104623	0.0720194647201
mel-	0.0237237873332	0.924804066935	0.0	0.0514721457319
acp-	0.175572519084	0.503816793893	0.137404580153	0.18320610687
guɨ-	0.0965040077098	0.675977883702	0.0280120280589	0.19950608053
rca-	0.432926439241	0.172325777038	0.0633164939982	0.331431289723
láz-	0.325583028941	0.546220848553	0.0358246698511	0.0923714526553
rio-	0.0104757209761	0.00640867636184	0.92691644072	0.0561991619423
biu-	0.307961942914	0.494658654649	0.114338173928	0.0830412285094
jud-	0.0194798537302	0.953863504323	0.00287071528656	0.02378592666
cis-	0.0	1.0	0.0	0.0
nɨn-	0.289855072464	0.0869565217391	0.565217391304	0.0579710144928
zéa-	0.596153846154	0.288461538462	0.0769230769231	0.0384615384615
rdu-	0.882833787466	0.0871934604905	0.0299727520436	0.0
xqu-	0.146796937147	0.280623588679	0.0187918873847	0.55378758679
and-	0.0372370897782	0.879886515536	0.0284529557792	0.0544234389067
dud-	0.102121124868	0.68826182935	0.0483731644111	0.161243881371
lax-	0.0338983050847	0.0847457627118	0.0	0.881355932203
per-	0.113729598326	0.0721020193899	0.0117636416843	0.802404740599
big-	0.854545454545	0.109090909091	0.0363636363636	0.0
lid-	0.0	1.0	0.0	0.0
guy-	0.278124868379	0.608856192174	0.0737080039872	0.0393109354598
ata-	0.0	1.0	0.0	0.0
xaz-	0.270096463023	0.40192926045	0.0385852090032	0.289389067524
spo-	0.120481927711	0.846281678438	0.0249272953885	0.00830909846281
lev-	0.0318360137203	0.935711791649	0.0324521946309	0.0
sed-	0.0	0.638888888889	0.361111111111	0.0
suc-	0.394520547945	0.312328767123	0.128767123288	0.164383561644
aic-	0.441441441441	0.288288288288	0.108108108108	0.162162162162
saú-	0.530303030303	0.409090909091	0.030303030303	0.030303030303
nec-	0.363028953229	0.550853749072	0.0549368968077	0.0311804008909
rdó-	0.683828382838	0.260726072607	0.0	0.0554455445545
bta-	0.705409485028	0.253870186401	0.0115842314038	0.0291360971671
pro-	0.0606386485743	0.736110193217	0.17512448278	0.0281266754289
jai-	0.138306789606	0.806370494552	0.0201173512154	0.035205364627
tal-	0.24979176713	0.328569549779	0.0626013765289	0.359037306563
güi-	0.378837436162	0.343432604579	0.127962357262	0.149767601997
xiz-	0.349938607262	0.300561305034	0.0745483248553	0.274951762849
req-	0.230580036893	0.74175035868	0.0184464029514	0.00922320147571
yáa-	0.633998133526	0.154938291023	0.0897689976617	0.121294577789
chi-	0.10123244528	0.0562329553519	0.00464491364235	0.837889685725
nga-	0.0346402141395	0.389072586994	0.576287198866	0.0
xti-	0.179102443859	0.437265071262	0.0621649184162	0.321467566463
xɨn-	0.0	0.524691358025	0.432098765432	0.0432098765432
xíd-	0.494505494506	0.230769230769	0.153846153846	0.120879120879
til-	0.392263173748	0.424440486739	0.0603481805766	0.122948158936
idi-	0.513911635332	0.304558348934	0.048598270377	0.132931745357
ray-	0.453703703704	0.527777777778	0.0185185185185	0.0
pur-	0.112853611355	0.0278358785131	0.00307529045402	0.856235219678
evo-	0.131147540984	0.868852459016	0.0	0.0
sec-	0.325581395349	0.56976744186	0.0697674418605	0.0348837209302
tsa-	0.00729040097205	0.218712029162	0.228432563791	0.545565006075
zeq-	0.267857142857	0.696428571429	0.0357142857143	0.0
dád-	0.155420113191	0.844579886809	0.0	0.0
ter-	0.209227700906	0.130605306914	0.0177292751344	0.642437717046
cuz-	0.596973865199	0.310866574966	0.0653370013755	0.0268225584595
aiq-	0.40206185567	0.59793814433	0.0	0.0
zai-	0.16189564466	0.255161429697	0.0551512635654	0.527791662078
did-	0.133078041621	0.580319835451	0.170772447565	0.115829675363
ilɨ-	0.562422037422	0.306652806653	0.0745322245322	0.0563929313929
oli-	0.0861358655954	0.787289992695	0.0494375456538	0.0771365960555
jec-	0.0	1.0	0.0	0.0
náa-	0.335329341317	0.556886227545	0.0359281437126	0.0718562874252
cán-	0.4	0.528	0.024	0.048
col-	0.0	1.0	0.0	0.0
tor-	0.0	0.973614775726	0.0	0.0263852242744
xɨ́-	0.316348195329	0.254777070064	0.284501061571	0.144373673036
lin-	0.0081024379657	0.967590248137	0.0182304854228	0.00607682847428
mai-	0.0160162002946	0.932774914089	0.0337199312715	0.0174889543446
ape-	0.0	1.0	0.0	0.0
got-	0.184115523466	0.772563176895	0.0216606498195	0.0216606498195
xtu-	0.16581944416	0.63095124011	0.057911184665	0.145318131064
dic-	0.458320516764	0.353737311596	0.137496155029	0.0504460166102
yur-	0.0681818181818	0.664141414141	0.267676767677	0.0
rcá-	0.558320289308	0.263376230829	0.0935468698193	0.084756610044
arg-	0.356234096692	0.277353689567	0.267175572519	0.0992366412214
car-	0.316718774025	0.484145695591	0.0455469564177	0.153588573967
alb-	0.208860759494	0.677215189873	0.113924050633	0.0
pól-	0.0604026845638	0.919463087248	0.0	0.0201342281879
pun-	0.188847583643	0.672862453532	0.0579925650557	0.0802973977695
zec-	0.206929344845	0.0821159340822	0.0309696864154	0.679985034657
tur-	0.14888337469	0.0992555831265	0.104218362283	0.647642679901
gap-	0.4149257475	0.22714026778	0.103241514053	0.254692470668
slo-	0.865384615385	0.0576923076923	0.0	0.0769230769229
sbá-	0.674146952403	0.241256274926	0.0562226998497	0.0283740728213
ícu-	0.716475095785	0.204980842912	0.0613026819923	0.0172413793103
mna-	0.402985074627	0.39552238806	0.201492537313	0.0
xpe-	0.586280056577	0.2828854314	0.130834512023	0.0
ruc-	0.236331328595	0.104838709677	0.0278840896665	0.630945872061
cob-	0.0862599418609	0.859827594476	0.0361213506542	0.0177911130088
zee-	0.251603058745	0.186763408092	0.0717561698742	0.489877363289
xfa-	0.0934548519564	0.767200151474	0.0334912546089	0.105853741961
ala-	0.362711864407	0.637288135593	0.0	0.0
cop-	0.408724700334	0.56441999083	0.011135128054	0.0157201807821
duu-	0.180301294647	0.231391382067	0.264233620079	0.324073703207
anu-	0.371558260176	0.343542165469	0.0941074753924	0.190792098963
gob-	0.0667746788566	0.845735447286	0.0509200324037	0.0365698414535
ser-	0.0254237288135	0.974576271186	0.0	0.0
cri-	0.0360494237937	0.844826733452	0.0115331178087	0.107590724945
orq-	0.152800143138	0.662909286098	0.0876722132761	0.0966183574879
rin-	0.678523904272	0.219639277039	0.0406968523223	0.0611399663669
xle-	0.123464728956	0.824448588515	0.0144685229246	0.0376181596039
rts-	0.326797385621	0.496732026144	0.176470588235	0.0
luu-	0.044614404079	0.827915869981	0.114722753346	0.012746972594
fél-	0.0398322851153	0.928721174004	0.0	0.0314465408805
bit-	0.0	1.0	0.0	0.0
yii-	0.627613500242	0.193454377031	0.0426144162382	0.136317706489
cef-	0.165975103734	0.834024896266	0.0	0.0
sur-	0.0143369175628	0.283154121864	0.376344086022	0.326164874552
nax-	0.0	0.211699164345	0.788300835655	0.0
fri-	0.0	0.972602739726	0.027397260274	0.0
ico-	0.10510805501	0.87721021611	0.00589390962671	0.0117878192534
bet-	0.0487126798018	0.789405294331	0.0241448084129	0.137737217454
sal-	0.030094271211	0.962654097172	0.00290065264685	0.00435097897027
liu-	0.0534369274615	0.901777838095	0.0173033860351	0.0274818484088
lic-	0.0712719298245	0.771564327485	0.146198830409	0.0109649122807
guz-	0.591218998969	0.158499629683	0.0540385267632	0.196242844585
ren-	0.426598952547	0.378431994921	0.0739882558325	0.120980796699
dui-	0.0	0.545816733068	0.430278884462	0.0239043824701
sul-	0.160478451199	0.727611713569	0.0422976248244	0.0696122104075
sla-	0.369393139842	0.401055408971	0.182058047493	0.0474934036939
dxi-	0.0752396998104	0.594431009668	0.020559343896	0.309769946625
zén-	0.453623404908	0.196560969282	0.0585751688459	0.291240456965
zum-	0.437786442301	0.385730898146	0.0314659005404	0.145016759012
cui-	0.599316739873	0.243533430942	0.0497803806735	0.107369448512
tad-	0.00961538461538	0.855769230769	0.0	0.134615384615
rta-	0.696994991653	0.207846410684	0.0200333889816	0.0751252086811
mun-	0.891304347826	0.108695652174	0.0	0.0
xco-	0.128777025267	0.754330554832	0.0621906746548	0.0547017452462
xiy-	0.437981779958	0.107568325158	0.0236510161178	0.430798878767
niz-	0.510702215546	0.257134810364	0.0970709725873	0.135092001502
saf-	0.266666666667	0.677777777778	0.0	0.0555555555556
rún-	0.3	0.3	0.0571428571428	0.342857142857
xma-	0.198610539938	0.513347899048	0.143457999482	0.144583561532
xíc-	0.579917603654	0.195073715814	0.188753669146	0.0362550113863
epá-	0.0645161290323	0.870967741935	0.0	0.0645161290323
bxi-	0.585650296954	0.336427044488	0.00726112780354	0.0706615307548
rax-	0.549450549451	0.406593406593	0.010989010989	0.032967032967
tro-	0.109343670632	0.885844138484	0.00160406362785	0.00320812725571
gúu-	0.0730277185501	0.889125799574	0.0266524520256	0.0111940298508
xmo-	0.16077675661	0.730145711804	0.0221288349537	0.0869486966321
ela-	0.0618556701031	0.938144329897	0.0	0.0
iyo-	0.191363251482	0.23200677392	0.193903471634	0.382726502964
idz-	0.515141584096	0.154938011198	0.0820009343644	0.247919470341
itu-	0.173140954495	0.660377358491	0.046614872364	0.11986681465
nán-	0.541564016692	0.175044965101	0.058620518492	0.224770499716
fen-	0.00888888888889	0.964444444444	0.0177777777778	0.00888888888888
gul-	0.462977523866	0.270220236551	0.0899299156239	0.176872323959
nal-	0.154021665778	0.2943021977	0.47588927917	0.0757868573525
rob-	0.0	1.0	0.0	0.0
ain-	0.497757847534	0.152466367713	0.215246636771	0.134529147982
daa-	0.103991472226	0.518654506692	0.26791424849	0.109439772593
caa-	0.447855647687	0.412595128758	0.0507894267123	0.0887597968423
cuu-	0.560836017332	0.37409921913	0.0522742544662	0.0127905090715
com-	0.126329787234	0.769614361702	0.0731732922733	0.0308825587906
sui-	0.197183098592	0.718309859155	0.0	0.0845070422536
job-	0.0812182741117	0.857868020305	0.0	0.0609137055838
ixu-	0.679882525698	0.105726872247	0.0352422907489	0.179148311307
nil-	0.473879478339	0.383338330085	0.0843201918753	0.0584619997002
xca-	0.166629108204	0.689407327458	0.0642605529396	0.079703011398
mon-	0.0528925883403	0.910591274397	0.0148296976655	0.0216864395969
inɨ-	0.612509626343	0.167078280105	0.0275326019399	0.192879491612
uvq-	0.0319793425365	0.926308471546	0.0125136557752	0.029198530142
nén-	0.0172413793103	0.172413793103	0.0	0.810344827586
man-	0.126401954822	0.789506720874	0.0404076758865	0.0436836484173
yál-	0.339859572088	0.406526248119	0.11441637633	0.139197803462
sgu-	0.585790636575	0.223846554907	0.0549231263045	0.135439682213
esp-	0.0	1.0	0.0	0.0
tíq-	0.00884955752212	0.991150442478	0.0	0.0
rtó-	0.348461430378	0.529296051707	0.00843051847688	0.113811999438
yax-	0.0542168674699	0.939759036145	0.00602409638553	0.0
sía-	0.801104972376	0.0994475138122	0.0662983425414	0.0331491712707
zeb-	0.132046332046	0.796525096525	0.00810810810811	0.0633204633205
zol-	0.135593220339	0.0677966101695	0.152542372881	0.64406779661
his-	0.0	0.907156673114	0.0928433268859	0.0
spí-	0.0151742084047	0.934206509579	0.0269193585802	0.0236999234362
gag-	0.496042216359	0.472295514512	0.0	0.0316622691293
nua-	0.561244798263	0.334720463181	0.0606115433327	0.0434231952235
pap-	0.450742982939	0.474133186571	0.0751238304898	0.0
arf-	0.0	1.0	0.0	0.0
oes-	0.0846774193549	0.506048387097	0.197580645161	0.211693548387
xmó-	0.58389261745	0.174496644295	0.0402684563758	0.201342281879
jop-	0.0538302277433	0.929606625259	0.0	0.0165631469979
bxí-	0.305727812229	0.600920184037	0.0713476028539	0.0220044008802
cas-	0.295568057068	0.487592499247	0.0950149471387	0.121824496546
bsi-	0.668264356162	0.215595907457	0.038598027468	0.0775417089133
scu-	0.496842685785	0.258017372122	0.139620386966	0.105519555127
bue-	0.0560344827586	0.943965517241	0.0	0.0
sid-	0.0488438575679	0.730296960386	0.0410571556368	0.179802026409
chú-	0.203894750643	0.145856479405	0.0658153512798	0.584433418672
boa-	0.0235294117647	0.929411764706	0.0470588235294	0.0
ixi-	0.600346837825	0.225017274738	0.0292402870197	0.145395600417
pru-	0.617655407323	0.289809821175	0.0689753051377	0.0235594663639
xad-	0.769230769231	0.192307692308	0.0384615384615	0.0
pol-	0.134461208257	0.865538791743	0.0	0.0
ize-	0.675378213854	0.148691341536	0.0792900624149	0.096640382195
cué-	0.618185639598	0.193127183879	0.0417728502745	0.146914326249
lde-	0.0561045584953	0.807459356073	0.0140261396238	0.122409945808
mar-	0.0173626569317	0.76431306206	0.000356157065266	0.217968123943
vís-	0.115942028986	0.797101449275	0.0289855072464	0.0579710144928
rlu-	0.133037694013	0.720620842572	0.146341463415	0.0
art-	0.0208333333333	0.979166666667	0.0	0.0
acr-	0.609375	0.203125	0.03125	0.15625
sós-	0.0	1.0	0.0	0.0
rii-	0.345241199478	0.446414602347	0.044850065189	0.163494132986
asó-	0.0196078431373	0.980392156863	0.0	0.0
rde-	0.500203402875	0.24619306781	0.0694978147935	0.184105714521
ciu-	0.0506719930206	0.342680026496	0.0823587846736	0.52428919581
túy-	0.0982264665757	0.293315143247	0.0	0.608458390177
era-	0.0	1.0	0.0	0.0
sus-	0.0	1.0	0.0	0.0
bia-	0.580354202787	0.180100542401	0.0375760985472	0.201969156264
bro-	0.0359281437126	0.952095808383	0.0119760479042	0.0
bla-	0.239090575724	0.675039726195	0.0235301307908	0.0623395672901
fam-	0.120190277817	0.708250063332	0.0712134432967	0.100346215554
xít-	0.32504761634	0.289530090684	0.0458822526082	0.339540040367
ves-	0.21686746988	0.198795180723	0.475903614458	0.10843373494
aze-	0.347431506513	0.279685287488	0.0604280256464	0.312455180353
xát-	0.125664572257	0.0173997100048	0.656839052682	0.200096665056
sam-	0.0580865253603	0.926136887505	0.00788829356745	0.00788829356745
lit-	0.0292682926829	0.841463414634	0.0487804878048	0.080487804878
isl-	0.21798652064	0.769376579613	0.00252737994946	0.0101095197978
xax-	0.245614035088	0.736842105263	0.0	0.0175438596491
lib-	0.0668432176415	0.903856110956	0.0159744680129	0.0133262033901
zio-	0.407045589106	0.221432800474	0.0999111900533	0.271610420367
lad-	0.182011614954	0.502717885397	0.0426713775863	0.272599122062
ríe-	0.294034689724	0.339218070926	0.156570818536	0.210176420814
dit-	0.102661596958	0.817490494297	0.0798479087453	0.0
gri-	0.03769545793	0.29179076694	0.634214445272	0.0362993298585
zul-	0.461044520548	0.233732876712	0.279109589041	0.0261130136987
bto-	0.604499153129	0.314749874758	0.0480688947733	0.0326820773396
cla-	0.0	1.0	0.0	0.0
det-	0.204974167137	0.299512411194	0.122814242161	0.372699179508
rub-	0.204574881312	0.772119119551	0.0181268882175	0.00517911091929
rxi-	0.583061180057	0.248421510995	0.0261267145656	0.142390594383
clo-	0.134328358209	0.820895522388	0.044776119403	0.0
bgu-	0.694698786579	0.175149842181	0.0324579858605	0.097693385379
kil-	0.042755344418	0.883610451306	0.0261282660332	0.0475059382423
res-	0.0	1.0	0.0	0.0
xix-	0.209025355659	0.577927524228	0.0644759063064	0.148571213806
let-	0.290628161501	0.578267267543	0.0582176032373	0.0728869677183
rgu-	0.46879912514	0.279599907907	0.0628080321775	0.188792934775
blo-	0.199939412299	0.800060587701	0.0	0.0
nas-	0.099751084955	0.419630051171	0.438127492621	0.0424913712536
pil-	0.04775390625	0.86240234375	0.040625	0.04921875
rue-	0.337538038677	0.356846961814	0.148561892608	0.157053106901
idu-	0.12028005414	0.178232310868	0.153122556044	0.548365078948
icá-	0.501174306983	0.370501174307	0.0344385289828	0.093885989727
asa-	0.0	0.857142857143	0.0	0.142857142857
zes-	0.60633213859	0.295101553166	0.0866188769414	0.0119474313023
ziy-	0.101239375771	0.0793352027695	0.0449506576656	0.774474763794
dib-	0.177250251139	0.496181717106	0.158963455668	0.167604576088
lió-	0.0430198228596	0.885280472375	0.0565162378743	0.0151834668916
isí-	0.690291262136	0.204854368932	0.0699029126214	0.0349514563107
cud-	0.213908450704	0.556338028169	0.182218309859	0.0475352112676
aná-	0.420069915509	0.303521541899	0.0902325407635	0.186176001828
cab-	0.275856241293	0.68029750531	0.021102474897	0.0227437785001
naa-	0.254224627307	0.131671205498	0.0211864120824	0.592917755112
nác-	0.714154411765	0.208639705882	0.0193014705882	0.0579044117647
sɨt-	0.0277161862528	0.854767184035	0.107538802661	0.00997782705102
xpu-	0.14126394052	0.724907063197	0.133828996282	0.0
joa-	0.0	1.0	0.0	0.0
tub-	0.0526816084367	0.0556875535353	0.0173548648194	0.874275973209
noo-	0.539665676201	0.223087266148	0.0311581813051	0.206088876347
sub-	0.544831030205	0.302452422382	0.119289320298	0.0334272271163
xin-	0.274390243902	0.0426829268293	0.00685975609756	0.676067073171
xte-	0.0280549909265	0.0552579466439	0.00990391871428	0.906783143715
nio-	0.443609022556	0.259398496241	0.161654135338	0.135338345865
esq-	0.492472569533	0.188568512376	0.0995151824445	0.219443735647
api-	0.0	0.975903614458	0.0240963855422	0.0
gor-	0.165289256198	0.735537190083	0.099173553719	0.0
cur-	0.0269426005467	0.938305349473	0.0253807106599	0.00937133932056
ráa-	0.156028368794	0.127659574468	0.0	0.716312056738
zíe-	0.14849187935	0.712296983759	0.139211136891	0.0
rag-	0.312030075188	0.62030075188	0.0	0.0676691729323
zan-	0.498456057007	0.237767220903	0.0597387173397	0.204038004751
gar-	0.00828729281767	0.337016574586	0.646408839779	0.00828729281767
biá-	0.365526920133	0.538147486604	0.0650676192907	0.0312579739729
rqu-	0.415070954057	0.245132802324	0.096914479936	0.242881763683
seb-	0.469577666428	0.341445955619	0.174659985684	0.0143163922692
cat-	0.568377121385	0.273924292358	0.0445837311732	0.113114855084
rsi-	0.470254075004	0.414940306576	0.0615717283148	0.0532338901054
alc-	0.267944668337	0.732055331663	0.0	0.0
ila-	0.182189705523	0.737536644528	0.0554832580534	0.0247903918962
