jer-	0.0307371058676	0.948841094174	0.00196283148883	0.0184589684694
lím-	0.512110726643	0.0726643598615	0.269896193772	0.145328719723
lëh-	0.0828025477707	0.799363057325	0.0143312101911	0.103503184713
vas-	0.0647109577222	0.888697152718	0.0	0.04659188956
fig-	0.0327364297706	0.875489647454	0.0478455512031	0.0439283715725
del-	0.190651955707	0.282788737238	0.0640038710245	0.46255543603
rne-	0.540285049447	0.152995927865	0.0593368237347	0.247382198953
maa-	0.0	1.0	0.0	0.0
baʼ-	0.0465513401143	0.936966367214	0.0123245972233	0.00415769544881
jac-	0.00285181985658	0.985282944244	0.00405915964987	0.00780607624976
viu-	0.00914742285362	0.756342524315	0.00028002314858	0.234230029683
bër-	0.547833131331	0.10053234763	0.0216375055225	0.329997015516
záʼ-	0.721499281363	0.169614164413	0.0671730790264	0.0417134751984
ver-	0.100853691024	0.372583286276	0.229269812372	0.297293210329
júp-	0.00833333333333	0.991666666667	0.0	0.0
náʼ-	0.605504587156	0.186544342508	0.0733944954129	0.134556574924
abí-	0.0	1.0	0.0	0.0
nas-	0.212884338185	0.467133243602	0.150918429113	0.1690639891
nél-	0.409090909091	0.560606060606	0.030303030303	0.0
mah-	0.133819428004	0.758472251895	0.0	0.107708320101
alm-	0.140084535443	0.647898247247	0.129226772142	0.0827904451683
tum-	0.112334801762	0.290748898678	0.0726872246696	0.52422907489
lëa-	0.178012649913	0.749735156886	0.00942419911308	0.0628279940871
guí-	0.389245696655	0.401169210783	0.0815605716142	0.128024520948
sig-	0.298091641552	0.391472151668	0.0637726617011	0.24666354508
lis-	0.0935401341947	0.466798252256	0.3737008801	0.0659607334494
peo-	0.0143369175627	0.0286738351255	0.94623655914	0.010752688172
rbí-	0.478123018389	0.349397590361	0.0925808497147	0.0798985415346
san-	0.0338923859252	0.67938944302	0.267059054011	0.0196591170433
sue-	0.833333333333	0.166666666667	0.0	0.0
güé-	0.704545454545	0.159090909091	0.136363636364	0.0
pre-	0.452447385096	0.318136708983	0.188242868141	0.0411730377798
bëh-	0.6875	0.104166666667	0.0833333333333	0.125
duo-	0.0	0.26213592233	0.73786407767	0.0
shv-	0.0745341614907	0.496894409938	0.0186335403727	0.409937888199
súb-	0.543400713436	0.328180737218	0.0428061831153	0.0856123662306
sép-	0.0	0.290203327172	0.698706099815	0.0110905730129
rë́-	0.612559241706	0.334123222749	0.0355450236966	0.0177725118483
lac-	0.12244278445	0.792245917362	0.0251719584776	0.0601393397111
vil-	0.176470588235	0.776470588235	0.0470588235294	0.0
seg-	0.340296434813	0.123844578841	0.229111681836	0.30674730451
tse-	0.237201161285	0.639688429456	0.0477280776257	0.0753823316336
der-	0.198181259601	0.505757296467	0.110414746544	0.185646697389
lún-	0.11320754717	0.13735037533	0.336782308785	0.412659768716
ríd-	0.766328011611	0.193033381713	0.0174165457184	0.0232220609579
mën-	0.0879364022458	0.481446326886	0.0109501890773	0.419667081791
ayu-	0.253287536801	0.355937193327	0.0459273797841	0.344847890088
gál-	0.243338745105	0.296055773088	0.255753987203	0.204851494604
béʼ-	0.664233576642	0.29197080292	0.043795620438	0.0
mil-	0.100232000165	0.592781745449	0.0663083581929	0.240677896193
dúʼ-	0.374064837905	0.299251870324	0.109725685786	0.216957605985
dis-	0.259560756031	0.47660817507	0.194763399912	0.0690676689869
tib-	0.0	0.971541501976	0.0284584980237	0.0
gan-	0.36208894612	0.187062103991	0.126802073679	0.32404687621
mbi-	0.152247175101	0.636628812551	0.186145960182	0.024978052165
sen-	0.209464907304	0.266036451691	0.471714227807	0.0527844131982
rëa-	0.547046634062	0.241935133425	0.0901267125036	0.120891520009
rgú-	0.776991150443	0.169911504425	0.0159292035398	0.0371681415929
mig-	0.191646191646	0.793611793612	0.014742014742	0.0
mas-	0.314890546067	0.392590810681	0.0591772913159	0.233341351936
tus-	0.445408402835	0.318471479999	0.175748496299	0.0603716208662
oct-	0.0	0.384615384615	0.601398601399	0.013986013986
gúp-	0.35156799325	0.3072704261	0.193503023485	0.147658557165
paf-	0.0	1.0	0.0	0.0
hum-	0.0947109663015	0.38071198476	0.443128738544	0.0814483103944
cah-	0.305505463032	0.504614405431	0.0307627028747	0.159117428662
abr-	0.0474289638596	0.877750593756	0.0360832117206	0.0387372306636
mud-	0.307762837208	0.193631294068	0.054937799011	0.443668069713
gúq-	0.44159879083	0.273154756907	0.101351918717	0.183894533546
nor-	0.0224719101123	0.556179775281	0.258426966292	0.162921348315
rié-	0.517099863201	0.138166894665	0.270861833105	0.0738714090287
mëg-	0.00201005025126	0.968844221106	0.0251256281407	0.00402010050251
has-	0.0800674951091	0.0544250414438	0.0199783626985	0.845529100749
rbe-	0.186896262075	0.637407251855	0.120047599048	0.0556488870223
zac-	0.0671101791436	0.139078416554	0.0690261530437	0.724785251259
rlá-	0.45	0.516666666667	0.0	0.0333333333333
fal-	0.225124724199	0.330551863661	0.26348805463	0.18083535751
her-	0.059482374917	0.856022298594	0.0422476632445	0.0422476632445
sël-	0.660071942446	0.242805755396	0.0377697841726	0.0593525179856
rëʼ-	0.0410114561661	0.0274383034908	0.00979939410385	0.921750846239
ate-	0.0756712774614	0.790073230268	0.046379170057	0.0878763222132
dzu-	0.482321054577	0.250585191573	0.0295675742269	0.237526179623
cum-	0.414575593386	0.118401862203	0.0782529525073	0.388769591903
caz-	0.621722846442	0.2734082397	0.0674157303371	0.0374531835206
jur-	0.405446663344	0.550753259156	0.0221959852196	0.0216040922804
cuʼ-	0.19549897704	0.250511479882	0.0950215958173	0.458967947261
sin-	0.0897811758293	0.0689982963336	0.0598307282715	0.781389799566
rdi-	0.388846044567	0.392580265454	0.0606810894183	0.15789260056
zíd-	0.352124597935	0.42407313357	0.127306585407	0.0964956830878
urí-	0.0	1.0	0.0	0.0
dor-	0.0817518248175	0.484671532847	0.0175182481752	0.416058394161
pat-	0.289744343226	0.689097854834	0.0211578019394	0.0
zës-	0.568421052632	0.242105263158	0.147368421053	0.0421052631579
rza-	0.485826143853	0.356307170992	0.100668610823	0.0571980743315
lla-	0.116239999209	0.146160743534	0.0439803924582	0.693618864799
rna-	0.574572096492	0.231415732309	0.0758663048315	0.118145866368
rzá-	0.745098039216	0.21568627451	0.0392156862745	0.0
jor-	0.00501777127326	0.994982228727	0.0	0.0
orë-	0.0109299097849	0.703331020125	0.28573907009	0.0
brë-	0.0348710497639	0.454231747185	0.41282237559	0.098074827461
tió-	0.524390243902	0.335365853659	0.0731707317073	0.0670731707317
zëʼ-	0.203125	0.659722222222	0.126736111111	0.0104166666667
rná-	0.560176704252	0.203556775431	0.115050877073	0.121215643243
gen-	0.0251046025105	0.897788404065	0.0376569037657	0.0394500896593
raz-	0.312883435583	0.650306748466	0.0368098159509	0.0
zia-	0.605551818552	0.143831808688	0.0343375220171	0.216278850743
diz-	0.142630852163	0.536347589705	0.0906388841451	0.230382673987
naa-	0.0118352173583	0.952659130567	0.035505652075	0.0
jam-	0.088192438457	0.094365909149	0.0444796646131	0.772961987781
rzu-	0.510759111917	0.29146993173	0.104413905974	0.0933570503783
aca-	0.12203653323	0.820831713953	0.0221531286436	0.0349786241741
mar-	0.039513909931	0.676798880603	0.00847430487297	0.275212904593
vel-	0.217993079585	0.657439446367	0.103806228374	0.0207612456747
nig-	0.485232067511	0.455696202532	0.0295358649789	0.0295358649789
por-	0.0373199216688	0.0556020001848	0.00712458883148	0.899953489315
tsé-	0.0571102627635	0.775302457023	0.0182426767835	0.14934460343
euf-	0.0178571428571	0.982142857143	0.0	0.0
alf-	0.0	1.0	0.0	0.0
pas-	0.0162727624952	0.933359163115	0.00697404106937	0.0433940333204
cos-	0.121566861774	0.86492570914	0.013507429086	0.0
cen-	0.209577754892	0.709905439566	0.0383859189214	0.0421308866211
ent-	0.139584942065	0.150822732934	0.06344985807	0.646142466931
och-	0.0	0.0199335548173	0.0199335548173	0.960132890365
rlu-	0.384174690658	0.236742361632	0.117656081398	0.261426866313
ndc-	0.177777777778	0.4	0.2	0.222222222222
shm-	0.113961006734	0.512274814377	0.0305002217324	0.343263957157
saʼ-	0.0861008533645	0.289651683281	0.109848698897	0.514398764457
llí-	0.081942336874	0.918057663126	0.0	0.0
ped-	0.0363222173005	0.79996677846	0.00891444662406	0.154796557616
rat-	0.397572713957	0.323080142289	0.213433772756	0.0659133709981
che-	0.0617152017098	0.300561047288	0.039273310179	0.598450440823
gug-	0.484444444444	0.431111111111	0.00888888888891	0.0755555555555
epa-	0.186418109188	0.639813581891	0.0998668442077	0.0739014647137
jai-	0.132027566195	0.734494015234	0.0362713093943	0.0972071091766
baa-	0.0	1.0	0.0	0.0
asi-	0.00539291217258	0.981664098613	0.0107858243452	0.00215716486903
gun-	0.634459632256	0.0537059926611	0.011579971637	0.300254403446
nan-	0.306018137452	0.156112968232	0.0464083806443	0.491460513671
meʼ-	0.134906445925	0.70122697884	0.0101635971787	0.153702978056
bëg-	0.348122195806	0.482397261498	0.0533802263018	0.116100316393
déc-	0.0257222002375	0.967352592006	0.00692520775623	0.0
tér-	0.0162162162162	0.935135135135	0.0324324324324	0.0162162162162
mue-	0.133202629454	0.724253257986	0.102756314151	0.0397877984085
cel-	0.25	0.673076923077	0.0769230769231	0.0
shi-	0.0335067130253	0.655488656887	0.0047047361444	0.306299893943
zëz-	0.58273381295	0.122302158273	0.0287769784173	0.26618705036
mel-	0.139995971339	0.805832925671	0.00345313803919	0.0507179649506
zua-	0.731707317073	0.205574912892	0.020905923345	0.0418118466899
cue-	0.331251609229	0.476470538718	0.0314682863653	0.160809565687
zuc-	0.603491271821	0.261845386534	0.0299251870324	0.104738154613
mir-	0.0355555555555	0.893333333333	0.0533333333333	0.0177777777778
isa-	0.00376392652815	0.989159891599	0.00180668473351	0.00526949713942
joe-	0.0	1.0	0.0	0.0
nël-	0.228448275862	0.556034482759	0.051724137931	0.163793103448
mus-	0.0660792951542	0.837004405286	0.0969162995594	0.0
eut-	0.138728323699	0.815028901734	0.0462427745665	0.0
pud-	0.1138547448	0.575129742218	0.114181780263	0.196833732719
dio-	0.0486263218075	0.710597185739	0.00475003585365	0.2360264566
igu-	0.134753190396	0.172409855255	0.201463632817	0.491373321533
bab-	0.0549282880683	0.929508696979	0.0155630149527	0.0
sád-	0.812818645302	0.0823015294974	0.0	0.1048798252
eno-	0.0458015267175	0.942748091603	0.0	0.0114503816794
luh-	0.258644859813	0.178271028037	0.0266355140187	0.536448598131
lëd-	0.0703133875391	0.0440787445023	0.0133891620819	0.872218705877
rca-	0.532389044518	0.250750181984	0.0943053555252	0.122555417973
dín-	0.705882352941	0.294117647059	0.0	0.0
láz-	0.0532811559302	0.864238410596	0.0108368452739	0.0716435881998
liʼ-	0.514760147601	0.407749077491	0.0442804428044	0.0332103321033
túb-	0.262625557395	0.343899109454	0.0562034126257	0.337271920525
moi-	0.0678629082329	0.89367316528	0.00447038370793	0.0339935427791
ata-	0.0	1.0	0.0	0.0
rúʼ-	0.551462069605	0.388850271097	0.0168682515409	0.0428194077575
tam-	0.153758451964	0.123252205032	0.0250193979509	0.697969945052
rid-	0.407199938805	0.39106798142	0.134488053183	0.0672440265917
zëa-	0.590618336887	0.115138592751	0.0217484008529	0.27249466951
ali-	0.430913348946	0.540983606558	0.0234192037471	0.00468384074941
jud-	0.0264185320146	0.911048932847	0.00501041124414	0.0575221238938
muz-	0.0965669943281	0.766232342709	0.0249807484674	0.112219914496
rzé-	0.418464626192	0.329152032112	0.180130456598	0.0722528850979
uzí-	0.0	1.0	0.0	0.0
cis-	0.0779220779221	0.883116883117	0.038961038961	0.0
bël-	0.410695390112	0.206914775336	0.10133980518	0.281050029372
mal-	0.11035536624	0.289357252027	0.433998792329	0.166288589404
peg-	0.172972972973	0.308108108108	0.291891891892	0.227027027027
adá-	0.0242587601078	0.955525606469	0.0202156334232	0.0
rbé-	0.492537313433	0.213547646383	0.0551090700344	0.238805970149
sab-	0.074418991394	0.556618024086	0.364472900123	0.00449008439695
ens-	0.222106195515	0.538725467344	0.0780569670412	0.161111370099
hiá-	0.375	0.494565217391	0.114130434783	0.0163043478261
nin-	0.398839738941	0.601160261059	0.0	0.0
mán-	0.384615384615	0.115384615385	0.476923076923	0.0230769230769
séb-	0.484435797665	0.250972762646	0.247081712062	0.0175097276265
rdu-	0.37768886889	0.392137106635	0.20474043061	0.0254335938646
dzú-	0.772413793103	0.186206896552	0.0413793103448	0.0
rsa-	0.647911494085	0.202570468818	0.0690083248138	0.0805097122827
cáʼ-	0.554230019147	0.254088049927	0.0799679334471	0.111713997479
cie-	0.0891425693541	0.222688546607	0.591262013682	0.0969068703571
uni-	0.223359959928	0.212137777574	0.0232800078989	0.541222254599
pëz-	0.048158428587	0.0437908384049	0.00310328776097	0.904947445247
ian-	0.0146042686776	0.92528961152	0.00863289713886	0.0514732226639
rch-	0.562721105423	0.303554334707	0.0917717567736	0.0419528030965
rép-	0.51677852349	0.173005219985	0.0323852135933	0.277831042932
sir-	0.461153710015	0.413519081016	0.0401191122965	0.0852080966727
rëd-	0.33322496749	0.554941482445	0.102080624187	0.00975292587779
duc-	0.0611979166667	0.930989583333	0.00781250000002	0.0
llm-	0.0320978896967	0.756871785778	0.0631317609505	0.147898563575
sós-	0.154411764706	0.591911764706	0.0441176470588	0.209558823529
ldu-	0.166089574782	0.142107726681	0.00784932868175	0.683953369855
lim-	0.113192079707	0.193861142641	0.607500945895	0.0854458317568
esr-	0.0	1.0	0.0	0.0
bëu-	0.502425502426	0.296604296604	0.078705078705	0.122265122265
and-	0.00202647932991	0.995001350986	0.0	0.00297216968387
apa-	0.502671961768	0.344731192695	0.0359051401263	0.11669170541
ALL	0.233448021325	0.287346040727	0.0551228215489	0.424083116399
ana-	0.0484679208084	0.841863139735	0.00985788219831	0.0998110572579
maʼ-	0.00696809740422	0.993031902596	0.0	0.0
zed-	0.0640682490696	0.8872873396	0.0486444113306	0.0
bës-	0.493025877639	0.392384905088	0.0511610851697	0.0634281321035
iuʼ-	0.0579064587973	0.755011135857	0.0768374164811	0.110244988864
ape-	0.0740740740741	0.925925925926	0.0	0.0
cil-	0.0	1.0	0.0	0.0
per-	0.101386586404	0.0542308941841	0.00830273074918	0.836079788662
arm-	0.120418848168	0.816753926702	0.0	0.0628272251308
cal-	0.177293064877	0.484340044743	0.00671140939598	0.331655480984
mor-	0.0954825462012	0.0985626283367	0.805954825462	0.0
plo-	0.0354749704375	0.940875049271	0.0236499802917	0.0
shc-	0.263333923567	0.391399975223	0.0558951019061	0.289370999304
zor-	0.0	1.0	0.0	0.0
lid-	0.127304853373	0.634517940095	0.00758072330359	0.230596483228
div-	0.276783908511	0.631212193642	0.0302267002519	0.0617771975952
gas-	0.70482648584	0.193458316713	0.00358994814519	0.0981252493019
lev-	0.032134541746	0.931690045989	0.036175412265	0.0
tie-	0.102272128014	0.464154703432	0.047600059581	0.385973108973
far-	0.0238669709814	0.956830779263	0.00326051516139	0.0160417345941
teʼ-	0.844262295082	0.0737704918033	0.00819672131148	0.0737704918032
ins-	0.522388059701	0.350746268657	0.0820895522388	0.044776119403
gáq-	0.502394980569	0.172896511293	0.0965397564079	0.22816875173
shq-	0.244351789004	0.601435081936	0.103170755357	0.0510423737031
lum-	0.083228990204	0.853428592473	0.0147307947264	0.048611622597
spo-	0.0933852140077	0.801556420234	0.105058365759	0.0
mes-	0.324416619237	0.610700056915	0.030734206033	0.0341491178144
pri-	0.0631262640056	0.212884352866	0.452098825305	0.271890557823
mëc-	0.377697841727	0.478417266187	0.0629496402877	0.0809352517986
adi-	0.0	1.0	0.0	0.0
naʼ-	0.0189214576729	0.158159175056	0.00246727038782	0.820452096884
saú-	0.516393442623	0.47131147541	0.0122950819672	0.0
bin-	0.820355318752	0.0561485076273	0.00906113722363	0.114435036397
gút-	0.699962722248	0.130990777808	0.0857388288303	0.083307671113
nec-	0.400363967243	0.43585077343	0.090991810737	0.0727934485896
tro-	0.240237691002	0.758064516129	0.00169779286927	0.0
cás-	0.243346007605	0.642585551331	0.114068441065	0.0
suc-	0.125131662102	0.666315567727	0.166842216136	0.0417105540341
sec-	0.0816707502042	0.733636681834	0.1601913429	0.0245012250612
eub-	0.105263157895	0.894736842105	0.0	0.0
cau-	0.18093249826	0.507306889353	0.0911621433542	0.220598469033
rba-	0.546988956032	0.365492811002	0.0291727443217	0.0583454886435
tal-	0.0986068393976	0.0792622382212	0.00302923471028	0.819101687671
líd-	0.0680493071952	0.661535510437	0.0190637523202	0.251351430048
dëd-	0.261324041812	0.644599303136	0.0522648083624	0.0418118466899
rsh-	0.615832870731	0.266228506671	0.0837463328533	0.0341922897449
rze-	0.268537074148	0.568915608996	0.111779113783	0.0507682030728
lic-	0.147445255474	0.626277372263	0.182481751825	0.0437956204379
ami-	0.0900628930818	0.839161425577	0.0155974842767	0.0551781970649
sca-	0.608294930876	0.036866359447	0.299539170507	0.0552995391705
mëd-	0.0564945320628	0.752333510483	0.147233845071	0.0439381123828
pue-	0.222805669883	0.185038037925	0.0153933633348	0.576762928857
sëa-	0.315217391304	0.423913043478	0.0	0.260869565217
zat-	0.692513368984	0.187165775401	0.0802139037433	0.0401069518717
loc-	0.759259259259	0.12962962963	0.0740740740741	0.037037037037
pon-	0.0121446315208	0.984543196246	0.0	0.00331217223295
zni-	0.112582661873	0.0880077801291	0.024477560902	0.774931997096
gól-	0.0	0.988505747126	0.0114942528736	0.0
cuë-	0.430908097853	0.402937879093	0.0413947739098	0.124759249145
hig-	0.0291734197731	0.949756888169	0.0210696920583	0.0
chi-	0.0506683573731	0.199998078743	0.0336892462427	0.715644317641
nga-	0.219735333514	0.0613323456143	0.0171854278058	0.701746893066
ben-	0.191614984901	0.727847376242	0.0463863070103	0.0341513318463
dió-	0.244014732965	0.497237569061	0.20349907919	0.0552486187846
nun-	0.159761518149	0.0810985910873	0.0243402384819	0.734799652282
mat-	0.0721037097919	0.884185751111	0.0302611424515	0.0134493966451
bëc-	0.253152369206	0.623431843925	0.0414834593498	0.0819323275194
izë-	0.00574932924492	0.941356841702	0.0383288616329	0.0145649674205
frë-	0.5	0.444444444444	0.0277777777778	0.0277777777778
súh-	0.527659574468	0.0382978723404	0.434042553191	0.0
lln-	0.125181423095	0.70914331382	0.127507193686	0.0381680693985
caq-	0.601754385965	0.266666666667	0.0421052631579	0.0894736842105
lam-	0.0409442599553	0.785345477394	0.020835540569	0.152874722082
nar-	0.320009760959	0.335111423791	0.0897753763995	0.255103438851
niá-	0.256836868025	0.139428701393	0.0621215882553	0.541612842326
nut-	0.373453318335	0.528683914511	0.0877390326209	0.0101237345332
suh-	0.0972222222222	0.888888888889	0.0	0.0138888888889
cua-	0.226720101979	0.284541953635	0.0851114155287	0.403626528857
edá-	0.0467289719626	0.152647975078	0.791277258567	0.0093457943925
zut-	0.364873912073	0.467752733765	0.127203749163	0.0401696049989
díʼ-	0.540061128698	0.210038933159	0.0550340210312	0.194865917112
zid-	0.636363636364	0.107438016529	0.00826446280991	0.247933884298
gáz-	0.46	0.22	0.12	0.2
sat-	0.0724038386518	0.899352422564	0.0110790356558	0.0171647031287
pur-	0.0809780365348	0.0178241597375	0.0120214678458	0.889176335882
gur-	0.511097502896	0.281430075694	0.123734926128	0.0837374952823
sió-	0.00337647720878	0.990996060777	0.0	0.00562746201462
zíq-	0.416075650118	0.267139479905	0.0189125295508	0.297872340426
saf-	0.207723035952	0.568575233023	0.0199733688415	0.203728362184
rla-	0.438312968072	0.389042175798	0.125344895546	0.0472999605834
gud-	0.630770787744	0.172848423635	0.0396675494306	0.156713239191
nad-	0.285612561879	0.21018157337	0.146013291212	0.358192573539
lot-	0.00823233478163	0.820260690601	0.064486622456	0.107020352161
gáp-	0.372838683402	0.308502104237	0.12477322374	0.193885988621
neg-	0.750643303517	0.1192255851	0.0497488052935	0.08038230609
rdo-	0.392590810681	0.133509742603	0.0	0.473899446716
tsa-	0.53534342818	0.241794216128	0.0449374179999	0.177924937692
cën-	0.0877659574468	0.912234042553	0.0	0.0
cag-	0.532160458645	0.294087571663	0.0543970228317	0.11935494686
dev-	0.225268176401	0.526817640048	0.230035756853	0.0178784266984
ban-	0.0733687629171	0.870829642752	0.0248007085917	0.0310008857396
ráu-	0.537122366495	0.270249464459	0.0779170121982	0.114711156847
dac-	0.333704350699	0.131454429688	0.329133058223	0.20570816139
cus-	0.151719296578	0.534066876338	0.0291891910241	0.28502463606
rom-	0.0103626943005	0.966691339748	0.00444115470022	0.0185048112509
yug-	0.0313540829218	0.955208452969	0.0134374641093	0.0
rru-	0.355110107085	0.239447653006	0.0294433029964	0.375998936913
lia-	0.00918836140888	0.990811638591	0.0	0.0
mës-	0.0431103049585	0.899806976022	0.0276926359898	0.0293900830294
did-	0.356256727024	0.410518148377	0.140505656104	0.0927194684948
dañ-	0.7205150717	0.217734855136	0.0380450687737	0.0237050043898
nam-	0.0985387072171	0.184250049489	0.462413412514	0.25479783078
arq-	0.0136363636364	0.986363636364	0.0	0.0
ale-	0.0643042823916	0.874127787659	0.0588315775071	0.0027363524422
lëy-	0.0241484241577	0.917574910728	0.0247166589039	0.0335600062102
zdë-	0.180669144981	0.100867410161	0.0292441140025	0.689219330855
oli-	0.0422360248447	0.886956521739	0.0583850931677	0.0124223602485
luc-	0.0446735395189	0.879725085911	0.00343642611684	0.0721649484537
zún-	0.67617107943	0.146639511202	0.0794297352342	0.0977596741344
lël-	0.475173783515	0.376663356505	0.0746772591857	0.0734856007944
voz-	0.0736196319019	0.836985100789	0.0184049079755	0.070990359334
jec-	0.0	1.0	0.0	0.0
vol-	0.227248528273	0.377429094746	0.0584347318026	0.336887645179
dec-	0.158197507191	0.368648130393	0.189357622244	0.283796740173
eli-	0.0570924164777	0.825749187209	0.00327091969403	0.11388747662
në́-	0.550729201539	0.139635744371	0.0996637830354	0.209971271055
shí-	0.0853196443021	0.642439201138	0.0566996533023	0.215541501258
tia-	0.0	1.0	0.0	0.0
put-	0.25455275076	0.531042785347	0.17656838203	0.0378360818635
var-	0.0704387990762	0.920900692841	0.00346420323326	0.00519630484989
ene-	0.0783389721282	0.830433381666	0.0406798775576	0.0505477686483
gll-	0.0756040530008	0.722135619641	0.110678098207	0.0915822291504
neʼ-	0.11976436801	0.243992361195	0.0948956956812	0.541347575114
pan-	0.0816242424243	0.872783838384	0.0213252525252	0.0242666666667
diá-	0.430677836265	0.322300101659	0.13529378933	0.111728272746
suë-	0.0310266159696	0.958022813688	0.0	0.0109505703422
lad-	0.194674817283	0.203283692161	0.0566429437706	0.545398546786
zëd-	0.41751177421	0.369521124824	0.0288768950463	0.18409020592
lec-	0.0375816993464	0.834967320262	0.127450980392	0.0
all-	0.268617021277	0.375	0.0478723404255	0.308510638298
tës-	0.181165203512	0.784517158819	0.0	0.0343176376696
béz-	0.634146341463	0.134146341463	0.0	0.231707317073
lin-	0.151021160415	0.803977584713	0.0450012548713	0.0
nëá-	0.551984877127	0.402646502836	0.0226843100189	0.0226843100189
rál-	0.478873239437	0.521126760563	0.0	0.0
gác-	0.217938680001	0.168763457124	0.0726017403064	0.540696122569
shg-	0.363164122305	0.45649201914	0.0887028753483	0.0916409832068
lat-	0.0	0.943396226415	0.0566037735849	0.0
shl-	0.116730522927	0.535719390021	0.051129898472	0.296420188581
ese-	0.0	1.0	0.0	0.0
hiu-	0.173660215961	0.626040895474	0.0191847951903	0.181114093375
rab-	0.204893964111	0.420554649266	0.129853181077	0.244698205546
bee-	0.0218778486782	0.978122151322	0.0	0.0
bëz-	0.595273240824	0.23002704815	0.0635215932616	0.111178117764
fav-	0.106424957059	0.699578710366	0.047583677638	0.146412654937
ofe-	0.344318740777	0.352188883423	0.138219380226	0.165272995573
dun-	0.1	0.794444444444	0.0666666666667	0.0388888888889
rec-	0.746526744013	0.0637091567312	0.0398317057106	0.149932393545
lád-	0.239132382904	0.522257143636	0.0928020228292	0.145808450632
ecs-	0.293112653497	0.329951948745	0.149492792312	0.227442605446
und-	0.0	0.598130841121	0.401869158879	0.0
lab-	0.23790953978	0.5836058099	0.0529154492714	0.125569201049
gul-	0.455291203159	0.159183953275	0.0302358292258	0.355289014341
rcá-	0.717158218032	0.186748649792	0.0839550523225	0.0121380798539
obr-	0.256105330219	0.653004884264	0.0428965810151	0.047993204502
nal-	0.419217936696	0.126075743445	0.120511673446	0.334194646414
car-	0.232911694511	0.587713603819	0.0478400954654	0.131534606205
rëg-	0.282922896793	0.447225474577	0.0775446745619	0.192306954068
bas-	0.103866128102	0.759953837276	0.0346220427005	0.101557991921
rdë-	0.469341495777	0.209648823284	0.0960794558014	0.224930225137
mañ-	0.225969645868	0.443507588533	0.279932546374	0.0505902192243
gád-	0.190243902439	0.287804878049	0.448780487805	0.0731707317073
fue-	0.330117195531	0.264433493131	0.293383641269	0.112065670069
pól-	0.0781758957655	0.882736156352	0.0	0.0390879478827
oné-	0.122385747483	0.752904725019	0.0216886134779	0.10302091402
pun-	0.378100478037	0.305041941012	0.064399747452	0.252457833499
bëq-	0.637226482745	0.180515341664	0.0634021466	0.118856028991
guʼ-	0.517696532629	0.200168603038	0.15680610349	0.125328760843
riu-	0.393547202187	0.433964694874	0.0781645433802	0.0943235595597
tur-	0.178313253012	0.643373493976	0.10843373494	0.0698795180723
sem-	0.0	1.0	0.0	0.0
hec-	0.192857142857	0.635714285714	0.171428571429	0.0
sud-	0.5	0.317073170732	0.182926829268	0.0
cai-	0.0095785440613	0.80417198808	0.186249467859	0.0
sod-	0.0091550887064	0.988556139117	0.0	0.0022887721766
cúd-	0.958695652174	0.0139130434782	0.0	0.0273913043478
amé-	0.0453052998117	0.140183378594	0.0113547117323	0.803156609862
har-	0.0541237113402	0.938144329897	0.0077319587629	0.0
rsá-	0.629485645933	0.289772727273	0.0672846889952	0.013456937799
zab-	0.0	1.0	0.0	0.0
beʼ-	0.426146819841	0.332964459743	0.0370809667341	0.203807753682
sus-	0.0208333333333	0.979166666667	0.0	0.0
óni-	0.0	0.857142857143	0.142857142857	0.0
rtë-	0.739461439105	0.209565976258	0.0337424151825	0.0172301694549
bia-	0.711890716136	0.130605806721	0.0356782070088	0.121825270134
epí-	0.654545454545	0.309090909091	0.0	0.0363636363637
mum-	0.0423553719008	0.719008264463	0.0774793388429	0.161157024793
jes-	0.0177159373955	0.69975006288	0.00279562075665	0.279738378968
tod-	0.278693591593	0.0654970415943	0.0635836448736	0.592225721939
met-	0.10963975509	0.733732023352	0.0391570553894	0.117471166168
rte-	0.61570720549	0.338543652306	0.0228745711018	0.0228745711018
ien-	0.538132137031	0.424755301794	0.0	0.0371125611746
daa-	0.189736346516	0.749529190207	0.0579096045197	0.00282485875706
gay-	0.00938599921786	0.988267500978	0.00234649980446	0.0
llb-	0.0982839313572	0.88767550702	0.00936037441497	0.00468018720749
nef-	0.0185758513932	0.981424148607	0.0	0.0
tëd-	0.554626865672	0.170149253731	0.0829850746269	0.19223880597
ces-	0.0148378191856	0.85817805383	0.00586611456177	0.121118012422
rëë-	0.0457142857143	0.885714285714	0.0	0.0685714285714
diʼ-	0.210274179831	0.333030187336	0.00890739348747	0.447788239345
iub-	0.273611674098	0.334414268342	0.0972841507904	0.294689906769
inv-	0.619448639517	0.339340108019	0.0153582307318	0.0258530217319
azu-	0.009900990099	0.346534653465	0.643564356436	0.0
hil-	0.130952380952	0.690476190476	0.178571428571	0.0
núd-	0.212382643999	0.294341537681	0.0548084242578	0.438467394062
juz-	0.481614378255	0.443179220119	0.03353232567	0.0416740759558
lai-	0.0934276296794	0.864499000664	0.0383610135107	0.00371235614621
sëi-	0.0540961276513	0.893364467795	0.0396964389959	0.0128429655575
stu-	0.0587976818132	0.0932320197837	0.216103935712	0.631866362691
cun-	0.259401376116	0.193394623449	0.0456639120798	0.501540088356
díz-	0.57264957265	0.273504273504	0.0512820512821	0.102564102564
sol-	0.0155666251557	0.97198007472	0.0	0.0124533001245
cha-	0.540434219834	0.282559608243	0.0192619698035	0.15774420212
cul-	0.34994377867	0.344113550327	0.115874082612	0.190068588392
par-	0.0363177405777	0.0361874122762	0.00488592218285	0.922608924963
ala-	0.336540237889	0.57108954227	0.0387954923333	0.0535747275079
jul-	0.062893081761	0.937106918239	0.0	0.0
cop-	0.21682567216	0.748482220295	0.0138768430182	0.0208152645273
guh-	0.492424242424	0.444444444444	0.0	0.0631313131313
nah-	0.523318878923	0.087429112155	0.0294303109363	0.359821697986
mba-	0.211678832117	0.043795620438	0.0	0.744525547445
baj-	0.123788860489	0.516079177317	0.0481483683053	0.311983593889
ráq-	0.306325293991	0.374655713362	0.200464637272	0.118554355376
rag-	0.0	1.0	0.0	0.0
feb-	0.0701754385965	0.929824561404	0.0	0.0
pec-	0.0528056569343	0.770871350365	0.109945255475	0.0663777372263
rbá-	0.483253588517	0.0861244019139	0.430622009569	0.0
anu-	0.61935483871	0.148387096774	0.0	0.232258064516
rnë-	0.654069767442	0.345930232558	0.0	0.0
tre-	0.164095371669	0.241234221599	0.168302945301	0.426367461431
val-	0.335653174956	0.300489259831	0.194840532691	0.169017032521
níp-	0.366666666667	0.0666666666667	0.0	0.566666666667
beb-	0.0884303610906	0.595746920729	0.233708811454	0.082113906727
via-	0.385088919289	0.382352941177	0.0225718194255	0.209986320109
tsá-	0.66333430631	0.155863765783	0.0252098548716	0.155592073036
déb-	0.0407421951698	0.271549185156	0.672982525034	0.0147260946397
rëu-	0.295963430697	0.383280390486	0.270008522507	0.0507476563105
int-	0.668152963	0.0456672393615	0.0152124284042	0.270967369234
dan-	0.0599676420934	0.886527504221	0.0212788407428	0.0322260129432
sëb-	0.0559029096335	0.489109520294	0.0686363501612	0.386351219912
exp-	0.333333333333	0.0350877192982	0.561403508772	0.0701754385965
gre-	0.0	1.0	0.0	0.0
ser-	0.0619669722426	0.805155396557	0.107004823202	0.0258728079982
lug-	0.0871911836786	0.436941419191	0.0240074599108	0.45185993722
ndi-	0.163478829492	0.611901258787	0.103972535557	0.120647376165
cri-	0.00789920861244	0.950589088197	0.0121735814425	0.0293381217484
mis-	0.175755342668	0.625276344878	0.198968312454	0.0
cup-	0.337662337662	0.311688311688	0.311688311688	0.038961038961
nál-	0.559174041298	0.0798820058997	0.132979351032	0.22796460177
ran-	0.0871386111862	0.789246149689	0.0182383139692	0.105376925155
rzi-	0.322425409047	0.578922040424	0.0625601539942	0.0360923965351
gua-	0.56561824667	0.202774708026	0.0428069832631	0.188800062041
lë́-	0.0520180567925	0.0517128623504	0.0109035094291	0.885365571428
zel-	0.770026979622	0.0920016052636	0.0209827403187	0.116988674796
nac-	0.226121495872	0.561706518898	0.133746275054	0.0784257101767
rin-	0.796275070251	0.102985581784	0.0364745915046	0.0642647564604
vës-	0.0482785094195	0.452252997106	0.0153546329652	0.484113860509
sid-	0.00366972477064	0.996330275229	0.0	0.0
agr-	0.00116009280742	0.998839907193	0.0	0.0
ruʼ-	0.14983488672	0.115262731717	0.496172904094	0.238729477469
naq-	0.304542539122	0.261026408294	0.114183834421	0.320247218163
sos-	0.0	1.0	0.0	0.0
don-	0.0403258111897	0.84150086794	0.102149819736	0.016023501135
cad-	0.0793165732621	0.175860695323	0.0510496417521	0.693773089663
fél-	0.080372250423	0.851099830795	0.010152284264	0.0583756345178
zán-	0.0468272819817	0.857482185273	0.0190023752969	0.0766881574483
jan-	0.0260869565217	0.889130434783	0.045652173913	0.0391304347826
gap-	0.358957910005	0.20953037059	0.0862404050043	0.3452713144
leg-	0.317987152034	0.320128479657	0.301927194861	0.0599571734476
rré-	0.594202898551	0.275362318841	0.072463768116	0.0579710144928
tën-	0.330798479087	0.669201520913	0.0	0.0
gúl-	0.41757335971	0.411803494889	0.0894329047148	0.0811902406858
së́-	0.867595818815	0.0627177700348	0.0418118466899	0.0278745644599
nom-	0.335179211014	0.567531180938	0.0076205959306	0.0896690121167
nia-	0.465240455851	0.171966152938	0.041784308926	0.321009082285
mam-	0.283609576427	0.530386740332	0.156537753223	0.0294659300184
sei-	0.0	0.0787746170677	0.0	0.921225382932
esa-	0.109830752611	0.759812747569	0.0	0.13035649982
sia-	0.371681415929	0.469026548672	0.159292035398	0.0
rga-	0.168913756724	0.548241329403	0.194151671282	0.0886932425913
líʼ-	0.598566308244	0.293906810036	0.0215053763441	0.0860215053763
nuá-	0.35430029813	0.394638178697	0.146399855452	0.104661667721
rep-	0.839608576739	0.0545205229544	0.00544308018525	0.100427820121
dza-	0.223209223209	0.541674541675	0.183519183519	0.0515970515971
dël-	0.038961038961	0.922077922078	0.038961038961	0.0
rrú-	0.28862260018	0.567366748271	0.134991195293	0.00901945625564
lli-	0.0650553296364	0.738406815458	0.0725644908819	0.123973364024
pes-	0.193965517241	0.711206896552	0.0	0.0948275862069
aug-	0.238044633369	0.710945802338	0.0318809776833	0.01912858661
ama-	0.0	1.0	0.0	0.0
síʼ-	0.888128004214	0.0786857180483	0.00948179363929	0.0237044840982
zën-	0.120805369128	0.838926174497	0.0	0.0402684563758
sur-	0.0416498692576	0.378028619087	0.324868980209	0.255452531447
duʼ-	0.144662728781	0.118054020477	0.448300562702	0.288982688041
riq-	0.222222222222	0.305555555556	0.444444444444	0.0277777777778
bët-	0.611766491278	0.225434058572	0.0737755379415	0.0890239122079
ofi-	0.396825396825	0.380952380952	0.047619047619	0.174603174603
fri-	0.0	0.965986394558	0.0340136054422	0.0
reg-	0.187544961088	0.518196978615	0.00743901641489	0.286819043882
pla-	0.224149936399	0.69160746001	0.0352046278528	0.0490379757384
uvë-	0.00761007428883	0.979706468563	0.00289907591955	0.00978438122851
zaʼ-	0.0770177354763	0.183511371741	0.606428659382	0.1330422334
ged-	0.0588235294118	0.941176470588	0.0	0.0
ico-	0.0	0.996666666667	0.00333333333333	0.0
bet-	0.0230864367184	0.967569053181	0.00494709358252	0.00439741651779
elm-	0.0	1.0	0.0	0.0
til-	0.340432751101	0.559119794722	0.0613570656054	0.0390903885712
pér-	0.038961038961	0.961038961039	0.0	0.0
anc-	0.135381114903	0.38566552901	0.070534698521	0.408418657565
asu-	0.212841083782	0.67556206764	0.0545253651038	0.0570714834743
gat-	0.494040659415	0.337310308098	0.0233231511353	0.145325881352
guë-	0.394088679635	0.331792609555	0.0533197586628	0.220798952147
nih-	0.485988679595	0.17602301197	0.0702885775262	0.267699730908
ria-	0.473793084119	0.347346867638	0.0759116091641	0.102948439079
aun-	0.118227566826	0.0903699104634	0.0279556891706	0.76344683354
cim-	0.145705196182	0.821208907741	0.0203605514315	0.0127253446448
iar-	0.0697095435684	0.895435684647	0.0248962655602	0.00995850622407
sac-	0.410028728128	0.463175763907	0.0440062679551	0.0827892400104
zúb-	0.716926037344	0.15681132782	0.0724114903717	0.0538511444641
fie-	0.194312796208	0.262180094787	0.451943127962	0.0915639810427
cam-	0.437973457708	0.33197742717	0.0739627264292	0.156086388692
mbe-	0.0552101893653	0.890398143133	0.0438354045609	0.0105562629413
rai-	0.111712088501	0.0284881957607	0.000464998167392	0.859334717571
rác-	0.263138659455	0.267597397851	0.442950076749	0.0263138659455
sim-	0.0354173365795	0.954660296752	0.000551242592676	0.00937112407552
ruu-	0.613535796679	0.26799288983	0.0138988691804	0.10457244431
shp-	0.0834105653383	0.660797034291	0.255792400371	0.0
zil-	0.349918166939	0.384615384616	0.162029459902	0.103436988543
rug-	0.0	1.0	0.0	0.0
min-	0.372093023256	0.593023255814	0.0	0.0348837209302
guz-	0.642723591596	0.168139320008	0.0316345070402	0.157502581355
ich-	0.0886981402003	0.440629470672	0.367668097282	0.103004291845
dám-	0.0	1.0	0.0	0.0
tsú-	0.252858822272	0.511488725019	0.106230629475	0.129421823234
rgu-	0.505317083726	0.338547089663	0.0822181932099	0.0739176334006
cre-	0.0956483644859	0.760075934579	0.0992990654206	0.044976635514
laʼ-	0.0388035073453	0.0153333701155	0.00840674769722	0.937456374842
sul-	0.178840000655	0.351868705894	0.0742144152485	0.395076878203
lul-	0.0658174543467	0.0548295059747	0.0141621340562	0.865190905622
cep-	0.0192307692308	0.942307692308	0.0384615384615	0.0
tab-	0.181663837012	0.768251273345	0.0322580645161	0.0178268251274
rcu-	0.592490776243	0.26667808285	0.106665006131	0.0341661347763
naz-	0.359352286104	0.329122004345	0.0886565824158	0.222869127135
gal-	0.210692502181	0.614746578213	0.0862711387792	0.0882897808269
biʼ-	0.583294555607	0.33465177602	0.0335039553281	0.0485497130448
lie-	0.134251290878	0.865748709122	0.0	0.0
cui-	0.374702949837	0.319449467032	0.208247231837	0.0976003512941
lúh-	0.333236493539	0.132509119081	0.0252321465078	0.509022240873
mbl-	0.141493155412	0.764178074313	0.0276084205683	0.0667203497066
nue-	0.0502665651181	0.0875856816451	0.042650418888	0.819497334349
bii-	0.638908412302	0.300356268631	0.0220547248007	0.0386805942658
cem-	0.0	1.0	0.0	0.0
zëg-	0.297605893186	0.453406998158	0.0530386740332	0.195948434622
cát-	0.175182481752	0.321167883212	0.416058394161	0.0875912408759
ray-	0.103311258278	0.880794701987	0.0158940397351	0.0
lág-	0.146666666667	0.72	0.0533333333333	0.08
zun-	0.430341492898	0.288002417649	0.0562103354488	0.225445754004
dad-	0.0137655602637	0.941611418283	0.00250282913885	0.0421201923141
ete-	0.231468023256	0.196220930232	0.469113372093	0.103197674419
ari-	0.0102774922919	0.988352175403	0.00137033230558	0.0
amp-	0.0	1.0	0.0	0.0
rta-	0.763636363636	0.0727272727273	0.0363636363636	0.127272727273
záq-	0.455247444274	0.456591740395	0.0168818582549	0.0712789570763
zeʼ-	0.486548704646	0.107298144817	0.0321962646876	0.373956885849
sáʼ-	0.191489361702	0.585106382979	0.223404255319	0.0
sën-	0.619152046784	0.200292397661	0.115497076023	0.0650584795322
cer-	0.320866141732	0.438976377953	0.0236220472441	0.216535433071
rts-	0.529714897604	0.2902556552	0.0696024628563	0.110426984339
clo-	0.0666666666667	0.866666666667	0.0	0.0666666666667
esl-	0.0	1.0	0.0	0.0
nel-	0.639830508475	0.0847457627119	0.0423728813559	0.233050847458
cub-	0.129838263652	0.298155075743	0.507635323633	0.0643713369723
one-	0.0670731707317	0.884146341463	0.0365853658537	0.0121951219512
iag-	0.103887610208	0.806311235206	0.0581066294382	0.0316945251481
naí-	0.0344827586207	0.862068965517	0.0	0.103448275862
sto-	0.382352941176	0.444636678201	0.141868512111	0.0311418685121
gog-	0.0	1.0	0.0	0.0
ani-	0.627388535032	0.133757961783	0.200636942675	0.0382165605096
bit-	0.0	1.0	0.0	0.0
dë́-	0.196347031963	0.803652968037	0.0	0.0
tes-	0.212647701174	0.692484318965	0.0341549037038	0.0607130761568
rún-	0.500086593422	0.137357894127	0.0598625722941	0.302692940157
gás-	0.478773584906	0.27358490566	0.14858490566	0.0990566037736
sëñ-	0.205838632422	0.677140969527	0.0172736532056	0.0997467448454
sil-	0.0409629694258	0.942547145118	0.00706709376675	0.009422791689
evo-	0.0	1.0	0.0	0.0
lal-	0.544715447154	0.243902439024	0.0243902439024	0.186991869919
jas-	0.0316742081448	0.950226244344	0.0180995475113	0.0
lib-	0.263152256012	0.46399970002	0.238082483836	0.0347655601326
nis-	0.150448130901	0.773276848939	0.0123060855408	0.0639689346196
gáʼ-	0.321038251366	0.24635701275	0.0584395871281	0.374165148755
más-	0.10265893644	0.0417572507815	0.227166090084	0.628417722695
gáu-	0.569817506541	0.249101658951	0.122677630204	0.0584032043038
nic-	0.246424525865	0.643777449506	0.0352744785008	0.0745235461284
gus-	0.0728236353775	0.781831457062	0.0694436468143	0.0759012607466
olë-	0.429577464789	0.475352112676	0.0739436619718	0.0211267605634
gau-	0.646804473662	0.183902248151	0.0311302831223	0.138162995064
him-	0.0175438596491	0.877192982456	0.0	0.105263157895
leʼ-	0.531712567366	0.414819129771	0.0356455352424	0.0178227676212
gra-	0.304008696834	0.64101100693	0.0400462019296	0.0149340943063
acu-	0.408830909743	0.343666713424	0.062382132448	0.185120244385
rei-	0.051391862955	0.916488222698	0.0	0.0321199143469
egi-	0.0652344615137	0.903557694244	0.0275837074919	0.00362413675075
mbé-	0.01872074883	0.971918876755	0.0	0.00936037441498
run-	0.518296960707	0.0752638701103	0.0431398823677	0.363299286815
sau-	0.0505219985086	0.803038777032	0.00205070842655	0.144388516033
sín-	0.140350877193	0.859649122807	0.0	0.0
esm-	0.00990099009901	0.841584158416	0.148514851485	0.0
aut-	0.0506422560165	0.920124021851	0.0124021851469	0.0168315369851
sag-	0.285936465307	0.475627434842	0.077766886459	0.160669213392
ziq-	0.0932550027456	0.0242997825979	0.0137622588387	0.868682955818
reʼ-	0.430897669036	0.552983964292	0.0161183666722	0.0
ldë-	0.485140110943	0.328793025505	0.121690276038	0.0643765875141
beh-	0.0576923076923	0.903846153846	0.0384615384615	0.0
nie-	0.0	1.0	0.0	0.0
gol-	0.448051948052	0.480519480519	0.0	0.0714285714286
llë-	0.17341625805	0.455902006473	0.185502303149	0.185179432328
ela-	0.0	1.0	0.0	0.0
zéʼ-	0.418236226016	0.397641260342	0.045766590389	0.138355923253
fin-	0.149941785674	0.339954504474	0.279437961363	0.230665748488
niʼ-	0.314108251996	0.204968944099	0.0212954747116	0.459627329193
dup-	0.225	0.106818181818	0.372727272727	0.295454545455
rát-	0.43405830634	0.313280888478	0.177695511337	0.0749652938454
nag-	0.488567204129	0.272205295369	0.095123074703	0.144104425799
lëʼ-	0.0331153239239	0.0162424271293	0.00122727069244	0.949414978254
fla-	0.0	0.92	0.08	0.0
arp-	0.0246478873239	0.975352112676	0.0	0.0
itu-	0.0	0.990099009901	0.00990099009901	0.0
raʼ-	0.184426229508	0.426229508197	0.389344262295	0.0
gad-	0.0450222419509	0.0869277774105	0.108357495679	0.75969248496
rsë-	0.584854241053	0.254251163653	0.104080183306	0.0568144119881
des-	0.208691485212	0.231643525633	0.0376160576505	0.522048931505
fen-	0.0276497695852	0.94470046083	0.00921658986175	0.0184331797235
rui-	0.131168019988	0.815740162398	0.00999375390381	0.0430980637102
