jer-	0.0398849494914	0.934514765975	0.00231956670494	0.0232807178286
toz-	0.116564264953	0.114669911806	0.105581147513	0.663184675728
nxo-	0.108338060125	0.6488939308	0.0760068065797	0.166761202496
ni'-	0.550224887556	0.359820089955	0.0899550224888	0.0
atá-	0.226923076923	0.75	0.0	0.0230769230769
fig-	0.0	1.0	0.0	0.0
waḻ-	0.00860607641153	0.929586647542	0.00860607641153	0.0532011996349
iṉo-	0.599206349206	0.24716553288	0.00510204081632	0.148526077097
ye'-	0.555149100973	0.232733594805	0.0482277500606	0.163889554162
ziy-	0.656577738049	0.110341053087	0.0206849204486	0.212396288416
maa-	0.0	1.0	0.0	0.0
xto-	0.18938409749	0.550645111956	0.149149682444	0.11082110811
jac-	0.0908181969671	0.869771704716	0.0128728545242	0.0265372437927
nzo-	0.382551298608	0.377098579423	0.0974314822787	0.14291863969
ta'-	0.241561181435	0.491561181434	0.199367088608	0.0675105485232
ton-	0.251390433815	0.319614386355	0.192806822395	0.236188357434
wde-	0.282323373504	0.201307554952	0.100851632551	0.415517438993
tít-	0.00997229916897	0.980055401662	0.0	0.00997229916897
júp-	0.0	0.979591836735	0.0204081632653	0.0
kob-	0.0641309939861	0.622177083149	0.271115329348	0.0425765935177
nao-	0.450069348128	0.389736477115	0.114424410541	0.0457697642164
abí-	0.0	1.0	0.0	0.0
péd-	0.0186816363166	0.930925106111	0.00600915826145	0.0443840993108
lc̱-	0.0826448251606	0.244941998402	0.64189229467	0.0305208817674
xag-	0.374501992032	0.302788844621	0.304780876494	0.0179282868526
mah-	0.0	1.0	0.0	0.0
wte-	0.578958976621	0.191662990737	0.0738861932069	0.155491839435
eno-	0.019955654102	0.946784922395	0.0133037694013	0.019955654102
mar-	0.0187128793426	0.756122365959	0.00496298104304	0.220201773656
ite-	0.18332377223	0.608734691841	0.160801137356	0.0471403985733
eun-	0.00900900900901	0.81981981982	0.171171171171	0.0
ḻeb-	0.113946924936	0.192057014071	0.0231467381373	0.670849322856
lis-	0.0	0.952702702703	0.0405405405405	0.00675675675674
wye-	0.362598278903	0.374335714244	0.0653285597164	0.197737447137
san-	0.0367883916736	0.0459388513021	0.0178201166085	0.899452640416
yal-	0.0200803212851	0.977051061388	0.0	0.00286861732644
sak-	0.386150767223	0.329444344767	0.165221044859	0.11918384315
ssh-	0.108038651316	0.525904605263	0.272409539474	0.0936472039474
naḻ-	0.585365853659	0.365853658537	0.0487804878049	0.0
del-	0.124014999185	0.777077332754	0.0456496929514	0.05325797511
nc̱-	0.312028644875	0.420289202104	0.184368218306	0.0833139347155
xṉo-	0.194154488518	0.526096033403	0.08872651357	0.191022964509
zaa-	0.396199270919	0.12663014187	0.0379393903386	0.439231196873
bte-	0.564826700899	0.281129653402	0.0693196405648	0.0847240051348
shḻ-	0.066106063006	0.38990982783	0.397185805081	0.146798304083
ḻob-	0.184454927397	0.305391759416	0.335372595268	0.174780717919
kat-	0.0992060630702	0.0661063430297	0.0151459899796	0.819541603921
pró-	0.0	1.0	0.0	0.0
abi-	0.356164055675	0.314479935852	0.02896226528	0.300393743193
chx-	0.268588200993	0.457513450081	0.166935788284	0.106962560641
gál-	0.0	0.0155642023346	0.984435797665	0.0
cré-	0.0	1.0	0.0	0.0
zoe-	0.242895770624	0.119024539564	0.0311208611805	0.606958828631
tib-	0.0514285714286	0.888571428571	0.0514285714286	0.00857142857143
gan-	0.0838865899801	0.0702162019676	0.00750335767186	0.83839385038
bla-	0.406135363607	0.446263072327	0.0334622934755	0.11413927059
sod-	0.0108056851135	0.983405555004	0.00578875988224	0.0
pír-	0.0	1.0	0.0	0.0
sog-	0.561971830986	0.378873239437	0.0591549295774	0.0
sen-	0.257078863868	0.675769370121	0.0126810201908	0.0544707458197
twa-	0.039273063299	0.0720006160481	0.04273833359	0.845987987063
ini-	0.140350877193	0.473684210526	0.350877192982	0.0350877192982
ḻek-	0.0803137751692	0.0361248862096	0.054913837555	0.828647501066
bay-	0.0851139323761	0.82374016668	0.0188661283762	0.072279772568
wṉi-	0.45383037213	0.340228841117	0.0378050066089	0.168135780144
nka-	0.139175257732	0.716494845361	0.144329896907	0.0
wba-	0.144330360835	0.626913381036	0.0397031222194	0.18905313591
za'-	0.399135660365	0.136959699458	0.0236563543793	0.440248285797
zsh-	0.474576271186	0.403013182674	0.0546139359699	0.0677966101695
abr-	0.0255118173806	0.949137832437	0.0110605031049	0.0142898470771
bik-	0.413019855379	0.286492748991	0.10715379596	0.19333359967
zaq-	0.0644171779141	0.812883435583	0.021472392638	0.101226993865
nor-	0.134212479306	0.0948792601473	0.00890563452645	0.76200262602
nen-	0.222809667674	0.689792835563	0.0129477772982	0.0744497194648
ya'-	0.153467222433	0.65706707086	0.166729821902	0.0227358848048
zac-	0.0301094890511	0.850821167883	0.0164233576643	0.102645985401
her-	0.0174918714244	0.909556735399	0.0445528254517	0.0283985677244
jse-	0.892592592593	0.0407407407407	0.0666666666666	0.0
gaw-	0.494292032589	0.197715156552	0.0844917217217	0.223501089138
mae-	0.0156081290557	0.963438492212	0.00320714980596	0.0177462289264
wxa-	0.465181383413	0.422605855593	0.0242622185933	0.0879505424005
bna-	0.210296096904	0.789703903096	0.0	0.0
kam-	0.0	0.98450264562	0.0154973543802	0.0
ibi-	0.509137305525	0.257005600485	0.156079510413	0.0777775835766
bṉe-	0.727658071353	0.245849523137	0.0105969622041	0.0158954433062
jat-	0.749775989599	0.148760475781	0.0532354129698	0.0482281216508
sin-	0.0268557395231	0.688386279014	0.276915154876	0.00784282658639
wgo-	0.419459459459	0.348108108108	0.125405405405	0.107027027027
urí-	0.0	1.0	0.0	0.0
bzo-	0.531706271387	0.198232674093	0.0367994410613	0.233261613459
tag-	0.617647058824	0.303921568627	0.0	0.078431372549
mic-	0.338512763596	0.517203107658	0.0998890122086	0.0443951165372
pat-	0.0135440180587	0.986455981941	0.0	0.0
yiz-	0.329941765129	0.501630120739	0.0862877742018	0.0821403399298
llj-	0.532149764772	0.301496828616	0.0634084534263	0.102944953186
kay-	0.445977011494	0.15960591133	0.0505747126437	0.343842364532
lla-	0.121615584363	0.613722002243	0.023264059438	0.241398353956
dié-	0.255555555556	0.633333333333	0.111111111111	0.0
dol-	0.713359920239	0.0772681954137	0.11964107677	0.0897308075773
yo'-	0.318348031835	0.304151430415	0.183552018355	0.193948519395
cir-	0.402732318201	0.54831364736	0.0344385939946	0.014515440444
jor-	0.0146464646465	0.982323232323	0.0	0.0030303030303
noy-	0.592972181552	0.0922401171303	0.0292825768667	0.285505124451
naí-	0.0	0.954545454545	0.0	0.0454545454545
yib-	0.392617872687	0.355004846812	0.144942507195	0.107434773306
sil-	0.177705647518	0.725200138002	0.00690009646053	0.0901941180198
ḻiḻ-	0.462809917355	0.338842975207	0.099173553719	0.099173553719
noo-	0.0287760665931	0.576398202219	0.0223207349283	0.37250499626
gen-	0.3104	0.672	0.0048	0.0128
chw-	0.477912389326	0.27400592239	0.0480028361338	0.20007885215
bxo-	0.685714215402	0.230410334791	0.053706218456	0.0301692313518
bi'-	0.349450677507	0.36516162544	0.0819235282301	0.203464168823
ḻe'-	0.0708112643421	0.0442817176537	0.00688370691514	0.878023311089
ngw-	0.455261676984	0.407428249859	0.0630275745638	0.0742824985932
bex-	0.750744056743	0.168693889174	0.0148788639742	0.0656831901083
wib-	0.543129336233	0.144972558766	0.0465983224605	0.265299782541
ḻal-	0.567849686848	0.153792623521	0.199025748086	0.0793319415449
x̱o-	0.110689082086	0.590036428314	0.0514619003	0.2478125893
bll-	0.567452686686	0.166669457109	0.0980780656924	0.167799790513
bej-	0.0213333333333	0.953523809524	0.00152380952381	0.0236190476191
gáb-	0.0	1.0	0.0	0.0
bac-	0.284778131436	0.546714098483	0.0337015540161	0.134806216064
yiṉ-	0.56405163853	0.275074478649	0.0595829195631	0.101290963257
alf-	0.0	1.0	0.0	0.0
pas-	0.0217183563548	0.94613847624	0.00637071786408	0.025772449541
cos-	0.0	1.0	0.0	0.0
mor-	0.0184501845018	0.107011070111	0.874538745387	0.0
ezr-	0.0	1.0	0.0	0.0
gap-	0.325650330141	0.364984323647	0.145429841328	0.163935504884
xka-	0.274380441015	0.624292342178	0.0705874993483	0.0307397174582
bak-	0.214366110713	0.485981786555	0.127391793717	0.172260309015
nkw-	0.506633499171	0.294361525705	0.169154228856	0.0298507462687
wej-	0.144026077701	0.229610164981	0.0490620010644	0.577301756253
ped-	0.0251130085384	0.949271722752	0.0	0.0256152687092
sau-	0.0	1.0	0.0	0.0
che-	0.489635482331	0.170975082434	0.0367765602984	0.302612874936
wse-	0.484588597309	0.306585657962	0.0602859504833	0.148539794246
gní-	0.048	0.952	0.0	0.0
áfr-	0.0550964187328	0.889807162534	0.0550964187328	0.0
bwa-	0.489834592497	0.389490481602	0.0534472724106	0.06722765349
baa-	0.0368098159509	0.696319018405	0.0276073619632	0.239263803681
asi-	0.0171037628278	0.843215507412	0.114025085519	0.0256556442417
dia-	0.0552546769902	0.866784343617	0.0249394899774	0.0530214894157
nan-	0.289158375428	0.0358346661908	0.00635243636577	0.668654522016
gax-	0.226433795812	0.325795576097	0.411567896458	0.0362027316329
uva-	0.0899088750761	0.885358159884	0.00320975753941	0.0215232075004
yag-	0.0873960964831	0.516051130331	0.0261155550814	0.370437218105
goṉ-	0.502052826126	0.180786540528	0.0825192560233	0.234641377322
ámp-	0.0	1.0	0.0	0.0
zix-	0.0825293940307	0.750904431715	0.125113053964	0.0414531202894
nog-	0.553425697476	0.183146707155	0.0607325868286	0.20269500854
yis-	0.470149262434	0.402889110747	0.0547580140927	0.072203612726
lei-	0.461741424802	0.296042216359	0.0633245382586	0.17889182058
biy-	0.528649919932	0.201282374128	0.0681765230268	0.201891182913
bni-	0.642677256877	0.308891902363	0.0280898876404	0.0203409531189
awz-	0.396551724138	0.0172413793103	0.0	0.586206896552
gaḻ-	0.241548679139	0.334663706229	0.234981510293	0.18880610434
zxi-	0.11543018155	0.578175530723	0.28622202299	0.020172264737
mir-	0.0	1.0	0.0	0.0
isa-	0.00822715689844	0.986676374226	0.00218420094649	0.00291226792865
joe-	0.0	1.0	0.0	0.0
wsa-	0.513916468472	0.318504092903	0.0860000738986	0.0815793647256
x̱s-	0.674157303371	0.258426966292	0.0674157303371	0.0
pud-	0.0188679245283	0.981132075472	0.0	0.0
dio-	0.0	1.0	0.0	0.0
ḻii-	0.202902320742	0.309243327945	0.242138773791	0.245715577522
ḻol-	0.13477635606	0.772115490984	0.0278402595966	0.0652678933589
bab-	0.0462637487243	0.690214310013	0.0462637487244	0.217258192539
lsi-	0.11961722488	0.88038277512	0.0	0.0
bga-	0.464421180398	0.345926263086	0.057654377181	0.131998179335
siy-	0.587963195341	0.280824984966	0.0597598386721	0.071451981021
láz-	0.0417578047325	0.87273811891	0.0477232054086	0.0377808709485
wdi-	0.347245923517	0.532965086291	0.0493671784235	0.0704218117688
yii-	0.0782292298362	0.885385081868	0.0363856882959	0.0
moi-	0.118200251713	0.852433226122	0.00755139141378	0.0218151307509
chs-	0.388883795332	0.422152568788	0.0802820472023	0.108681588677
bxi-	0.750513046028	0.177953679273	0.0433890354734	0.0281442392261
cor-	0.0697509107603	0.878535675147	0.0266563990167	0.0250570150757
be'-	0.459218365362	0.298513795587	0.0329938519004	0.20927398715
ali-	0.889884763124	0.0588988476313	0.0	0.0512163892446
so'-	0.464158415842	0.26495049505	0.134653465347	0.136237623762
wti-	0.508649256681	0.35887574864	0.0861125467425	0.0463624479373
ṉez-	0.586859828993	0.0827168153218	0.0248829170715	0.305540438613
non-	0.214729231608	0.520167416011	0.0363120695978	0.228791282783
aḻe-	0.492993630573	0.103184713376	0.0305732484076	0.373248407643
uzí-	0.0	1.0	0.0	0.0
cis-	0.0	1.0	0.0	0.0
lia-	0.0755619442572	0.519691900624	0.334081744285	0.0706644108331
mal-	0.135117023396	0.414618477616	0.33624474749	0.114019751498
adá-	0.0917274939172	0.871776155718	0.00875912408758	0.0277372262774
wya-	0.672298609454	0.155326121131	0.0349829317657	0.13739233765
sab-	0.020325203252	0.949494949495	0.0126262626263	0.0175535846268
rey-	0.0698878343399	0.733390854185	0.0569456427955	0.13977566868
nyi-	0.238217111861	0.660861998287	0.0490384826546	0.0518824071972
nin-	0.21038961039	0.477922077922	0.0467532467532	0.264935064935
chb-	0.468015558554	0.338955588178	0.110872508686	0.0821563445827
wc̱-	0.43500085731	0.427473979441	0.064258168144	0.073266995105
xsi-	0.0651639071746	0.912494181794	0.0111709555157	0.0111709555157
wka-	0.570511560883	0.293901879872	0.0465055348137	0.0890810244318
xic-	0.0	0.760638297872	0.031914893617	0.207446808511
jṉi-	0.0333333333333	0.0333333333333	0.0	0.933333333333
sir-	0.0595482546201	0.800821355236	0.11498973306	0.0246406570842
inl-	0.0942305317401	0.227923373139	0.229888068499	0.447958026623
shz-	0.153203342618	0.347260909935	0.160631383473	0.338904363974
sós-	0.0194805194805	0.961038961039	0.0	0.0194805194805
tch-	0.438515081207	0.380510440835	0.0487238979118	0.132250580046
bkw-	0.568465509558	0.312457846786	0.0628586794946	0.0562179641609
esr-	0.0	1.0	0.0	0.0
seṉ-	0.385879403983	0.507589472218	0.0648934688762	0.0416376549227
wne-	0.693339530842	0.0452030778714	0.0105088188189	0.250948572468
and-	0.00284225485552	0.994315490289	0.00284225485552	0.0
ALL	0.207949871611	0.273600073322	0.0501059117854	0.468344143282
ana-	0.300588385776	0.494755691993	0.0237912509593	0.180864671271
ast-	0.243902439024	0.439024390244	0.170731707317	0.146341463415
zed-	0.130843299211	0.752446301493	0.0708164662395	0.0458939330565
dga-	0.105179636964	0.0924932553182	0.0104717647344	0.791855342983
rég-	0.0352733686067	0.964726631393	0.0	0.0
lax-	0.301606818778	0.533823205943	0.117723227404	0.0468467478757
top-	0.0	0.867549668874	0.132450331126	0.0
per-	0.0349310454243	0.0349225988802	0.00455855114361	0.925587804552
wet-	0.130657833021	0.303852016886	0.526040270705	0.0394498793889
ḻik-	0.213175043551	0.221949803213	0.170333569908	0.394541583328
arm-	0.0	1.0	0.0	0.0
bar-	0.104240804339	0.861882488229	0.016420361248	0.0174563461847
cal-	0.0153846153846	0.984615384615	0.0	0.0
fel-	0.00927127758205	0.976821806045	0.00333765992954	0.0105692564435
big-	0.385487438867	0.150485785516	0.0852790139552	0.378747761662
ḻeg-	0.0544488416383	0.0474293521528	0.00817638427088	0.889945421938
shc-	0.133179723502	0.707373271889	0.14470046083	0.0147465437788
zor-	0.0	1.0	0.0	0.0
beḻ-	0.11841864065	0.826465975518	0.0248080330774	0.0303073507546
tel-	0.103481098722	0.840223007887	0.0179494152842	0.0383464781072
gaa-	0.428358208955	0.540298507463	0.0	0.0313432835821
wli-	0.476037338445	0.349154288114	0.0694197272823	0.105388646159
lid-	0.0	1.0	0.0	0.0
lwa-	0.229711541446	0.507729944329	0.071560181828	0.190998332397
olí-	0.00317965023847	0.996820349762	0.0	0.0
gas-	0.0404197434901	0.302370773416	0.372716673144	0.284492809949
lev-	0.0548688324326	0.906578048326	0.0296084642939	0.00894465494751
tsh-	0.448065173116	0.382892057027	0.0570264765784	0.112016293279
tie-	0.57159155733	0.32230462065	0.0752994865944	0.030804335425
far-	0.0297300915666	0.948074070681	0.00332937566279	0.0188664620892
zye-	0.378787878788	0.454545454545	0.166666666667	0.0
gox-	0.748991601282	0.14191485247	0.0177505801746	0.0913429660736
si'-	0.455735366396	0.405079742122	0.0452257609858	0.0939591304969
xpa-	0.211111111111	0.788888888889	0.0	0.0
bc̱-	0.514056195682	0.35542163296	0.0366901909378	0.0938319804204
iṉi-	0.485541563488	0.13208807775	0.0384351640449	0.343935194718
xpe-	0.212448024948	0.70829002079	0.0480769230769	0.0311850311851
mes-	0.212998838869	0.705971708361	0.0237220277756	0.0573074249947
sed-	0.0	0.615384615385	0.384615384615	0.0
ápi-	0.0326086956522	0.902173913043	0.0652173913044	0.0
noe-	0.435336976321	0.278081360048	0.104432301154	0.182149362477
kla-	0.0	1.0	0.0	0.0
bda-	0.582466962346	0.25997698111	0.0294268121173	0.128129244427
adi-	0.615164520744	0.270386266094	0.0	0.114449213162
yiḻ-	0.514634577862	0.326725129313	0.0812304194923	0.0774098733328
saú-	0.292682926829	0.585365853659	0.0487804878049	0.0731707317073
bin-	0.336668923295	0.0725801620929	0.0169303606122	0.573820554
nec-	0.104356656988	0.219420929947	0.547880968934	0.128341444131
ḻi'-	0.170110380951	0.587236298784	0.0570783592282	0.185574961037
gue-	0.439475302616	0.368449605834	0.0687854253669	0.123289666183
zba-	0.113999337095	0.379678065057	0.239321762736	0.267000835112
log-	0.0878048780488	0.278048780488	0.185365853658	0.448780487805
cás-	0.155172413793	0.715517241379	0.103448275862	0.0258620689655
nej-	0.212527964206	0.535794183445	0.0866890380313	0.164988814318
sec-	0.316008094579	0.586856960273	0.0385557567366	0.058579188412
eub-	0.0	1.0	0.0	0.0
bḻa-	0.399444412292	0.468487759708	0.0664390300364	0.0656287979629
nsi-	0.721794290893	0.17852288174	0.039873130947	0.0598096964205
tgo-	0.157579973527	0.608417147329	0.175164004908	0.0588388742355
wwi-	0.529989928755	0.284811070909	0.0561844902831	0.129014510053
wzi-	0.387112191968	0.450440698933	0.0864247859763	0.076022323123
gaṉ-	0.057200538358	0.552489905788	0.107671601615	0.282637954239
win-	0.707317073171	0.292682926829	0.0	0.0
tal-	0.27286844569	0.43027020505	0.139077508831	0.157783840429
líd-	0.0	1.0	0.0	0.0
yi'-	0.0385491874854	0.907226375311	0.0329691393521	0.021255297851
lle-	0.127931272028	0.34784558636	0.0232807194583	0.500942422154
doḻ-	0.214592274678	0.307119414289	0.325927796011	0.152360515021
zle-	0.258181818182	0.24	0.174545454545	0.327272727273
ami-	0.0	1.0	0.0	0.0
zoa-	0.313206437479	0.149846240696	0.0397566965421	0.497190625283
lem-	0.34756097561	0.530487804878	0.0853658536585	0.0365853658537
sca-	0.00479904019196	0.995200959808	0.0	0.0
xan-	0.109163214057	0.462349102736	0.0778266040916	0.350661079116
she-	0.241482645661	0.0748086522734	0.0227280605136	0.660980641552
prí-	0.0	1.0	0.0	0.0
ax̱-	0.105088618409	0.0304789905794	0.0226255298247	0.841806861187
jti-	0.530640668524	0.344359331476	0.0477019498608	0.0772980501392
noc-	0.303217702193	0.289399942023	0.142235964827	0.265146390956
taz-	0.546637744035	0.251626898048	0.0976138828633	0.104121475054
wan-	0.0407540694488	0.460902309397	0.498343621154	0.0
pon-	0.0	0.991440798859	0.0	0.00855920114122
gól-	0.0	1.0	0.0	0.0
ged-	0.0677966101695	0.932203389831	0.0	0.0
chi-	0.236254626324	0.449299666096	0.030862736841	0.283582970739
sik-	0.279569892473	0.677419354839	0.0430107526882	0.0
nga-	0.505921333903	0.169666524156	0.196921761437	0.127490380505
ben-	0.50216951533	0.128821720263	0.0253672713764	0.343641493031
dió-	0.125	0.8125	0.03125	0.03125
xti-	0.216739853322	0.434548500571	0.0714625226202	0.277249123486
wig-	0.580010357328	0.354738477473	0.0435007767996	0.0217503883998
seg-	0.246564268391	0.223120452708	0.367016976556	0.163298302344
mat-	0.0244454504301	0.971480307832	0.00407424173835	0.0
lef-	0.0666666666667	0.683333333333	0.25	0.0
nni-	0.18075687172	0.541392144624	0.243868044478	0.0339829391775
rso-	0.28	0.49935483871	0.0445161290323	0.176129032258
gol-	0.483886390671	0.138337230895	0.0479850543789	0.329791324055
biḻ-	0.555105505339	0.318504013223	0.0317930695576	0.0945974118803
xṉa-	0.04799823048	0.774828577748	0.1400132714	0.0371599203716
nar-	0.0301810865191	0.82092555332	0.148893360161	0.0
gat-	0.345689961736	0.209754696767	0.0517983072787	0.392757034219
wle-	0.597954958429	0.156888767077	0.0634577600489	0.181698514445
idi-	0.275229357798	0.552837240911	0.0727149167517	0.0992184845396
cua-	0.0	1.0	0.0	0.0
kaj-	0.268890401634	0.594962559564	0.136147038802	0.0
nér-	0.0	1.0	0.0	0.0
zid-	0.454091028677	0.355432780847	0.0922564237481	0.098219766728
ḻez-	0.115969911393	0.100303823807	0.122457228875	0.661269035925
sat-	0.0916245741807	0.876306824856	0.00458122870903	0.0274873722542
sió-	0.0289103039288	0.971089696071	0.0	0.0
heb-	0.0029484029484	0.955773955774	0.029484029484	0.0117936117936
ic̱-	0.449525071792	0.21802518224	0.132538104705	0.199911641264
ani-	0.627215551744	0.220697541452	0.0274442538594	0.124642652945
biṉ-	0.295439689286	0.176038296668	0.0298263485599	0.498695665486
nad-	0.0501402490339	0.0205313978216	0.00228426627475	0.92704408687
nya-	0.41496201052	0.317859230191	0.254654754947	0.0125240043416
bta-	0.575126903553	0.348730964467	0.0213197969543	0.0548223350254
goo-	0.344666177308	0.446639861519	0.0831133047023	0.12558065647
nta-	0.292540792541	0.60372960373	0.0442890442891	0.0594405594405
aka-	0.337831084458	0.187406296852	0.0	0.474762618691
mís-	0.241379310345	0.758620689655	0.0	0.0
dém-	0.032751091703	0.967248908297	0.0	0.0
zin-	0.424316066725	0.408414398595	0.103143107989	0.0641264266901
fle-	0.0	1.0	0.0	0.0
bix-	0.512624029865	0.257736516357	0.174992631889	0.0546468218882
ḻel-	0.323029796714	0.168755221387	0.350877192982	0.157337788917
ban-	0.266367885092	0.489234269424	0.0483121582172	0.196085687266
adr-	0.0239043824701	0.964143426295	0.0119521912351	0.0
kac-	0.221789883268	0.38326848249	0.262645914397	0.132295719844
ter-	0.0	1.0	0.0	0.0
mil-	0.0494332638907	0.229419348629	0.00856169533596	0.712585692144
iyi-	0.0595238095238	0.940476190476	0.0	0.0
wsi-	0.437344026318	0.395625147811	0.0527530788808	0.11427774699
yej-	0.229413270322	0.528912118526	0.19599449512	0.0456801160328
bwe-	0.615646258503	0.333333333333	0.0204081632653	0.030612244898
tom-	0.0576	0.9392	0.0	0.0032
arq-	0.103658536585	0.884146341463	0.0	0.0121951219512
ale-	0.113977672202	0.356803506553	0.145998499713	0.383220321532
ker-	0.182741116751	0.786802030457	0.0	0.0304568527919
sid-	0.0296081277213	0.903628447025	0.0386066763425	0.0281567489115
oli-	0.102253361106	0.795493277788	0.0681689074039	0.0340844537019
soy-	0.0775193798449	0.736434108527	0.116279069767	0.0697674418605
bze-	0.512114746291	0.285774250539	0.0434318439017	0.158679159269
wkw-	0.526405372368	0.387255736311	0.042051264314	0.0442876270071
tok-	0.24552285787	0.224453165812	0.0506315549781	0.47939242134
dec-	0.12962273517	0.551935964259	0.0819061801936	0.236535120377
net-	0.0599734909922	0.03840178587	0.0374910619299	0.864133661208
bic-	0.179527724575	0.105247280665	0.0586790880561	0.656545906704
wke-	0.861111111111	0.138888888889	0.0	0.0
kon-	0.160814479397	0.10783011723	0.0316463460164	0.699709057356
zey-	0.263321543783	0.352598235454	0.251544949279	0.132535271484
eli-	0.00611816804568	0.981645495863	0.0	0.0122363360914
jua-	0.0402938470907	0.893806494522	0.0110991625963	0.0548004957914
nal-	0.518214256277	0.101969347597	0.0708267146301	0.308989681496
soo-	0.640625	0.015625	0.0	0.34375
nag-	0.436779016562	0.188792936779	0.0329235676999	0.341504478959
col-	0.0	1.0	0.0	0.0
jab-	0.71121827994	0.109312205764	0.0212423929269	0.158227121369
nsa-	0.241628812835	0.300403388929	0.0956112671499	0.362356531086
waw-	0.0806661828282	0.873111380551	0.00553241519396	0.0406900214266
ene-	0.0	1.0	0.0	0.0
trí-	0.0117584179583	0.950472118297	0.0377694637449	0.0
wbi-	0.323592120995	0.503730796896	0.0833160350514	0.0893610470583
pan-	0.0102319236016	0.989768076398	0.0	0.0
wḻo-	0.359303391384	0.409715857012	0.076993583868	0.153987167736
rom-	0.103671706263	0.665226781857	0.231101511879	0.0
tár-	0.0422535211268	0.915492957746	0.0	0.0422535211268
jez-	0.25454947959	0.718055060723	0.0273954596868	0.0
lec-	0.240735641788	0.632910190557	0.0634239434881	0.0629302241676
lly-	0.0	0.0	1.0	0.0
ari-	0.0122699386503	0.967280163599	0.0204498977505	0.0
até-	0.0483870967742	0.90668202765	0.0207373271889	0.0241935483871
wto-	0.404962433642	0.43751994353	0.0835452585165	0.0739723643115
beo-	0.0383297575971	0.950462710942	0.00352236703064	0.0076851644305
lyi-	0.0295324036095	0.867104183757	0.0639868744873	0.0393765381461
ḻec-	0.321637426901	0.224561403509	0.266666666667	0.187134502924
shg-	0.156611570248	0.636983471074	0.163016528926	0.0433884297521
iya-	0.432865921451	0.385239896922	0.0790319661464	0.102862215481
lat-	0.249929685886	0.197227091262	0.0694176924974	0.483425530355
pen-	0.188235294118	0.738235294118	0.0735294117647	0.0
ka'-	0.137637826679	0.0903600267536	0.0529248862916	0.719077260276
wix-	0.143305186972	0.823884197829	0.010615199035	0.0221954161641
wal-	0.224950917921	0.153997175628	0.301587848311	0.319464058141
éfe-	0.037007749486	0.937687806421	0.00822394433022	0.0170804997628
wze-	0.519280832678	0.239725568438	0.0764634966462	0.164530102238
nzi-	0.170552147239	0.665030674847	0.0993865030675	0.0650306748466
lṉi-	0.0844909609896	0.826641294006	0.0149698699651	0.0738978750396
zya-	0.273482428115	0.488817891374	0.0153354632588	0.222364217252
yie-	0.018	0.67	0.312	0.0
got-	0.592082712057	0.186451235341	0.0841464653642	0.137319587237
wpa-	0.406504065041	0.532520325203	0.0609756097561	0.0
tír-	0.0252977759039	0.96047222515	0.00632444397597	0.00790555496996
ato-	0.140654990403	0.26943378119	0.239323416507	0.3505878119
itá-	0.0172661870504	0.905035971223	0.00863309352518	0.0690647482014
azi-	0.969230769231	0.0153846153846	0.0	0.0153846153846
gao-	0.392875267996	0.268457605082	0.0597259719885	0.278941154934
ber-	0.0726448138325	0.28221740803	0.0100828086089	0.635054969529
tia-	0.21471411916	0.590932583324	0.0	0.194353297516
mig-	0.0204081632653	0.979591836735	0.0	0.0
awi-	0.548235294118	0.127058823529	0.0635294117647	0.261176470588
iba-	0.67778225085	0.18073447844	0.0614376453749	0.0800456253355
rod-	0.0	1.0	0.0	0.0
bas-	0.0759458713063	0.597486882077	0.318282242474	0.00828500414249
zii-	0.3911975435	0.285158648925	0.155475946776	0.168167860798
fár-	0.0	1.0	0.0	0.0
wi'-	0.339441322452	0.125206435278	0.0379862858784	0.497365956391
wḻi-	0.576598981801	0.344402832231	0.031599274387	0.0473989115805
yes-	0.0761556435281	0.414335416298	0.471101535417	0.0384074047568
lii-	0.140560764931	0.0462377015105	0.00831447180009	0.804887061758
yez-	0.100135317997	0.859269282815	0.00811907983762	0.0324763193505
le'-	0.0134162180868	0.0325852444188	0.00516296579482	0.9488355717
pól-	0.0402684563758	0.939597315436	0.0	0.0201342281879
oné-	0.0133333333333	0.986666666667	0.0	0.0
awl-	0.502762430939	0.132596685083	0.165745856354	0.198895027624
zec-	0.414127076897	0.25440427486	0.261334223929	0.0701344243133
nxe-	0.204414587332	0.37587971849	0.225847728727	0.193857965451
zaf-	0.0	0.775261324042	0.224738675958	0.0
zár-	0.0	1.0	0.0	0.0
dér-	0.0232919254658	0.976708074534	0.0	0.0
kop-	0.192816635161	0.793320730939	0.00630119722748	0.00756143667297
jec-	0.0	1.0	0.0	0.0
cai-	0.0507042253521	0.937464788732	0.00676056338028	0.00507042253522
mbi-	0.365003417635	0.559125085441	0.0225563909775	0.0533151059467
zṉi-	0.176998444149	0.485006371913	0.282805632165	0.0551895517734
ésl-	0.0	1.0	0.0	0.0
dex-	0.245098039216	0.656862745098	0.0980392156863	0.0
ide-	0.294294294294	0.493493493494	0.148148148148	0.0640640640641
har-	0.0	1.0	0.0	0.0
kan-	0.32139386224	0.164165193819	0.0365905685774	0.477850375363
zab-	0.0	1.0	0.0	0.0
dám-	0.0	1.0	0.0	0.0
xel-	0.148336511973	0.831885286431	0.01554001554	0.00423818605636
nez-	0.178192970544	0.582291324946	0.0141901325175	0.225325571992
óni-	0.0	0.815384615385	0.184615384615	0.0
sey-	0.257606307743	0.600650034608	0.071624183695	0.0701194739535
dak-	0.643442622951	0.0	0.0245901639344	0.331967213115
júd-	0.0977995110024	0.883863080685	0.0	0.018337408313
ill-	0.338404336297	0.320545644453	0.164036683795	0.177013335455
sír-	0.00498753117207	0.995012468828	0.0	0.0
sio-	0.473763118441	0.340329835082	0.0	0.185907046477
xme-	0.218899075793	0.630409531451	0.0444143052334	0.106277087523
jte-	0.467726847521	0.494855004677	0.0	0.0374181478017
ixo-	0.600935307872	0.340607950117	0.00935307872175	0.0491036632892
we'-	0.398093652558	0.321268392006	0.0689760941786	0.211661861257
jel-	0.621989883589	0.245383479755	0.0242019409957	0.108424695661
met-	0.0	0.902729368867	0.0	0.097270631133
wiw-	0.336	0.664	0.0	0.0
lez-	0.234159474474	0.569800217102	0.00766240586512	0.18837790256
ze'-	0.629470672389	0.291845493562	0.0500715307583	0.0286123032905
mna-	0.0431654676259	0.956834532374	0.0	0.0
nef-	0.0	1.0	0.0	0.0
xe'-	0.0736835614749	0.737390553706	0.0221975582686	0.166728326551
ces-	0.128901373283	0.786360799001	0.0140449438202	0.0706928838951
giy-	0.031919744642	0.4382124943	0.0957592339261	0.434108527132
xyo-	0.0788327526133	0.740418118467	0.176393728223	0.00435540069687
ján-	0.0	1.0	0.0	0.0
azu-	0.0293255131965	0.878787878788	0.0918866080156	0.0
tbe-	0.426356589147	0.294573643411	0.209302325581	0.0697674418605
así-	0.0	1.0	0.0	0.0
cob-	0.0320855614973	0.967914438503	0.0	0.0
jal-	0.245511335355	0.646531087628	0.0378815006858	0.0700760763306
xṉe-	0.242741438924	0.482688391039	0.121773315019	0.152796855018
wic-	0.0488342001429	0.925926010447	0.0175720052853	0.00766778412449
nit-	0.441624365482	0.375634517766	0.0837563451777	0.0989847715736
bḻe-	0.394386775994	0.393427250523	0.121249127704	0.0909368457781
bde-	0.417831161354	0.49460930549	0.0399330088449	0.0476265243105
tró-	0.00259515570934	0.997404844291	0.0	0.0
wna-	0.529736753091	0.190036563562	0.0287112552416	0.251515428105
mba-	0.162521292946	0.617326579046	0.053535222492	0.166616905516
bem-	0.543179441207	0.278275810548	0.106454504706	0.072090243538
gok-	0.564792224739	0.140843024004	0.0439855060487	0.250379245208
lkw-	0.193522157474	0.350815376971	0.13976600262	0.315896462935
par-	0.101220002681	0.780801716048	0.0348572194664	0.0831210618045
yip-	0.208904109589	0.45205479452	0.318493150685	0.0205479452055
jul-	0.03125	0.96875	0.0	0.0
nah-	0.0	1.0	0.0	0.0
nse-	0.361167267294	0.435791509185	0.144713017491	0.0583282060297
shl-	0.146752729301	0.126589308373	0.0351728914961	0.69148507083
jaṉ-	0.490455400108	0.359444214283	0.0133847477612	0.136715637847
zie-	0.494165487977	0.338401697313	0.0148514851485	0.152581329562
toṉ-	0.176039119804	0.622656886716	0.176854115729	0.0244498777506
rag-	0.0	1.0	0.0	0.0
ayi-	0.822510822511	0.047619047619	0.038961038961	0.0909090909091
wyi-	0.251623376623	0.705357142857	0.0344967532468	0.00852272727274
líc-	0.0	1.0	0.0	0.0
x̱e-	0.302100157251	0.546633169811	0.0739215427105	0.0773451302273
yen-	0.384545923492	0.351743750463	0.0601114815044	0.203598844541
gay-	0.0624502372687	0.0944994267333	0.0953752508042	0.747675085194
bwi-	0.633909547582	0.15829173082	0.0617816762314	0.146017045366
beb-	0.0788321167883	0.824817518248	0.0963503649635	0.0
wid-	0.30115647864	0.381519943356	0.186806702856	0.130516875148
kin-	0.140056626668	0.181178374006	0.0188755561548	0.659889443171
gob-	0.0521557719055	0.579276773296	0.32892906815	0.0396383866481
bew-	0.0	0.978494623656	0.0215053763441	0.0
crí-	0.0740598686592	0.74837707444	0.00943177996014	0.168131276941
dan-	0.0726744186047	0.84011627907	0.0872093023256	0.0
bsa-	0.540977750049	0.244153233736	0.105098975322	0.109770040892
bza-	0.592905301337	0.213217565099	0.0536868581926	0.140190275371
ate-	0.0377358490566	0.962264150943	0.0	0.0
zez-	0.354166666667	0.230902777778	0.336805555556	0.078125
tio-	0.558441558442	0.311688311688	0.0779220779221	0.051948051948
ser-	0.0	1.0	0.0	0.0
ndi-	0.0849796713051	0.826633453588	0.0406860218748	0.0477008532326
cri-	0.00233270155999	0.991057977353	0.00456820722166	0.002041113865
mis-	0.0	1.0	0.0	0.0
elm-	0.0	1.0	0.0	0.0
jef-	0.0	1.0	0.0	0.0
jwa-	0.758697698812	0.114012612899	0.0284370580219	0.0988526302666
ran-	0.0939597315436	0.859060402685	0.0268456375839	0.0201342281879
chc-	0.405453521743	0.412307322273	0.0914180446606	0.0908211113237
din-	0.943444730077	0.00514138817482	0.0	0.0514138817481
éfa-	0.0526315789473	0.915789473684	0.0	0.0315789473684
xal-	0.228639157524	0.536947066851	0.167856837097	0.0665569385282
zel-	0.25197280262	0.436746240508	0.123926745744	0.187354211127
nac-	0.0598290598291	0.845496383958	0.00788954635111	0.0867850098619
yin-	0.441447247284	0.292395507273	0.208801325723	0.0573559197202
agr-	0.0399334442596	0.938673639173	0.0156881388162	0.00570477775137
gch-	0.228919985648	0.672766415501	0.0121994976678	0.086114101184
sos-	0.182393640512	0.656852642426	0.0247313410864	0.136022375975
kle-	0.469879518072	0.269076305221	0.0863453815262	0.174698795181
don-	0.225806451613	0.591397849462	0.118279569892	0.0645161290323
deg-	0.0803571428572	0.866071428571	0.0535714285714	0.0
fél-	0.0788043478261	0.815217391304	0.0448369565217	0.0611413043478
guu-	0.0	0.0943396226415	0.905660377359	0.0
aní-	0.0	1.0	0.0	0.0
bit-	0.319042972251	0.324601603543	0.0725457941841	0.283809630022
xil-	0.0325001067327	0.890031966443	0.0679420334713	0.00952589335269
leg-	0.0	0.96062992126	0.0	0.0393700787401
x̱i-	0.0693691758757	0.75543391977	0.0954214533994	0.0797754509546
coz-	0.0	1.0	0.0	0.0
nom-	0.633994064204	0.155657033166	0.0263489923481	0.183999910282
xoz-	0.0784021597576	0.756842358299	0.110206809471	0.0545486724729
nia-	0.534448404018	0.0194689537255	0.0110384285753	0.435044213681
nol-	0.236531223215	0.255971975503	0.0422230779742	0.465273723308
lap-	0.173913043478	0.739130434783	0.0	0.0869565217392
ssa-	0.87439278279	0.0964607911173	0.029146426093	0.0
esa-	0.0	1.0	0.0	0.0
már-	0.0248238846025	0.925863804093	0.0	0.0493123113049
sad-	0.0100755667507	0.979848866499	0.0100755667506	0.0
tlo-	0.864269141531	0.0174013921114	0.0	0.118329466357
sia-	0.188262329857	0.438306522892	0.307141594485	0.0662895527665
xo'-	0.185365853659	0.726829268293	0.0878048780488	0.0
loy-	0.648148148148	0.314814814815	0.0185185185185	0.0185185185185
xsh-	0.218113421818	0.495523356621	0.117072082577	0.169291138984
nwa-	0.188144329897	0.688144329897	0.0618556701031	0.0618556701031
mag-	0.00741106719368	0.979249011858	0.0	0.0133399209486
aug-	0.12987012987	0.87012987013	0.0	0.0
shk-	0.115460433681	0.285220552469	0.111364276388	0.487954737462
mos-	0.0954392751705	0.837371475109	0.05039193729	0.01679731243
li'-	0.0175972988138	0.0275435270176	0.00488313999807	0.949976034171
kok-	0.433333333333	0.213333333333	0.313333333333	0.04
xoc-	0.201885880077	0.33752417795	0.246131528046	0.214458413926
zbi-	0.0900032144005	0.713114754098	0.0723240115718	0.124558019929
ji'-	0.441259134345	0.311410905003	0.129286115795	0.118043844857
apó-	0.0188115855479	0.872499253509	0.00537473872798	0.103314422216
ḻos-	0.0	0.816666666667	0.183333333333	0.0
gop-	0.0841813135986	0.876965772433	0.0388529139685	0.0
lit-	0.0365853658537	0.871951219512	0.0914634146342	0.0
pla-	0.0675119945168	0.816312542838	0.0863605209048	0.0298149417409
apé-	0.0	1.0	0.0	0.0
mac-	0.0534199363732	0.905752916225	0.0161717921527	0.0246553552492
róm-	0.0923529223788	0.758124820247	0.124436774998	0.0250854823763
wza-	0.4943899438	0.253053487698	0.0880601623776	0.164496406125
bet-	0.345614013214	0.405817982121	0.166955506154	0.0816124985103
pát-	0.266903914591	0.669039145907	0.0	0.0640569395018
law-	0.166839054646	0.150039864265	0.0309756051693	0.65214547592
pér-	0.0	0.992874109264	0.0	0.00712589073634
sal-	0.0398601596291	0.937241450797	0.00593661951923	0.0169617700549
bḻo-	0.0	1.0	0.0	0.0
hér-	0.0	1.0	0.0	0.0
wla-	0.328954579028	0.459610359699	0.123436395549	0.0879986657242
neá-	0.0	0.987368421053	0.0	0.0126315789474
zjo-	0.74	0.2	0.0	0.06
jem-	0.0947687097109	0.839011414741	0.0403390074208	0.0258808681274
tec-	0.495093228656	0.287536800785	0.102551521099	0.11481844946
chn-	0.258660797834	0.415843758005	0.281583748491	0.043911695671
gab-	0.156674301163	0.799861215289	0.0262808505176	0.0171836330308
bti-	0.571092385941	0.320731799894	0.0715478630532	0.0366279511121
byi-	0.121965629645	0.842851977188	0.0316641538501	0.00351823931667
egí-	0.0619824934942	0.889046605157	0.0390347764372	0.00993612491128
mbe-	0.29313750184	0.483552158959	0.141703043988	0.0816072952123
xjl-	0.4125	0.55	0.0375	0.0
yan-	0.331848552338	0.628062360802	0.0	0.0400890868597
bad-	0.261429278759	0.691038125103	0.0356494471035	0.0118831490345
sán-	0.0286428883918	0.882952116024	0.0795727504602	0.00883224512369
wlo-	0.576699712714	0.225813485782	0.0515394851437	0.145947316361
wap-	0.323124177271	0.536814392277	0.0442299254059	0.0958315050461
chz-	0.44831748822	0.347136673336	0.086855029967	0.117690808477
yee-	0.541311400511	0.346943420553	0.0318182957555	0.0799268831802
nox-	0.423995320179	0.462027443214	0.0488923042549	0.0650849323522
zji-	0.0	1.0	0.0	0.0
lép-	0.37037037037	0.555555555556	0.0370370370371	0.037037037037
tye-	0.258064516129	0.274193548387	0.467741935484	0.0
bli-	0.556966670653	0.274572301552	0.033172658637	0.135288369159
xay-	0.570621468926	0.372881355932	0.0564971751412	0.0
nee-	0.123253908772	0.466628663372	0.0362847503447	0.373832677512
jta-	0.488618690796	0.41976530468	0.0559875583204	0.0356284462039
das-	0.865671641791	0.044776119403	0.0	0.089552238806
tab-	0.0	1.0	0.0	0.0
lok-	0.103448275862	0.183908045977	0.712643678161	0.0
ḻis-	0.483050847458	0.338983050847	0.101694915254	0.0762711864407
gal-	0.0914992696538	0.436563456426	0.0316779281935	0.440259345726
see-	0.512911843277	0.424755120214	0.0213713268032	0.0409617097061
yon-	0.0900294684085	0.745759565631	0.00278441654872	0.161426549412
aza-	0.870535714286	0.0758928571428	0.0535714285714	0.0
ida-	0.425956593742	0.436328771899	0.116795955722	0.0209186786368
kar-	0.0762749445677	0.905986696231	0.0177383592018	0.0
soa-	0.352024311546	0.265483678365	0.0623400285757	0.320151981513
sel-	0.328128510447	0.352954392271	0.185463940687	0.133453156594
lúc-	0.00737100737101	0.985257985258	0.0	0.00737100737102
gáz-	0.0	1.0	0.0	0.0
bdi-	0.443797423681	0.36544909123	0.0573495676725	0.133403917417
wko-	0.377880184332	0.281105990784	0.258064516129	0.0829493087557
xik-	0.0333333333333	0.933333333333	0.0	0.0333333333333
lil-	0.129306255965	0.703141792425	0.0143289723809	0.15322297923
ḻee-	0.313296407818	0.149641426275	0.0049409060476	0.53212125986
me'-	0.432013549727	0.41207178571	0.155914664563	0.0
gde-	0.092385218365	0.877939529675	0.00783874580067	0.021836506159
gak-	0.402678367842	0.166308881137	0.0673305515064	0.363682199515
too-	0.228571428571	0.728571428571	0.0428571428571	0.0
wiḻ-	0.352941176471	0.307189542484	0.130718954248	0.209150326797
xṉi-	0.154268775317	0.364673381652	0.0252044759673	0.455853367064
not-	0.137044007197	0.335326076268	0.0582099889743	0.469419927561
wḻe-	0.413369146663	0.282959114569	0.181149581723	0.122522157044
páb-	0.046344746617	0.815157434491	0.00502683791652	0.133470980976
nḻa-	0.196058615462	0.301851256374	0.352887133079	0.149202995085
wao-	0.154926787989	0.772963994905	0.0393854962348	0.0327237208716
dop-	0.165853658537	0.10243902439	0.429268292683	0.30243902439
lel-	0.114285714286	0.352380952381	0.261904761905	0.271428571429
til-	0.336697909156	0.663302090844	0.0	0.0
toc-	0.130202495704	0.192781887469	0.0759358888141	0.601079728013
kak-	0.251140327341	0.247383954923	0.216528038637	0.284947679098
c̱h-	0.0800227665467	0.0785188625935	0.0196385598174	0.821819811042
nel-	0.154150197628	0.260869565217	0.395256916996	0.189723320158
one-	0.0	1.0	0.0	0.0
nob-	0.662983425414	0.149171270718	0.121546961326	0.0662983425414
niz-	0.135168961201	0.282853566959	0.00750938673341	0.574468085107
sto-	0.0805077881394	0.0923368721007	0.193665782106	0.633489557654
gog-	0.244444444444	0.52	0.226666666667	0.00888888888891
saf-	0.04	0.266666666667	0.0311111111111	0.662222222222
lín-	0.04	0.96	0.0	0.0
bso-	0.556834706738	0.272903538536	0.0399903053805	0.130271449346
jc̱-	0.70431646306	0.25048283886	0.00610820244328	0.039092495637
jaz-	0.46440301391	0.379588485317	0.0516808346214	0.104327666151
ádi-	0.0	1.0	0.0	0.0
jet-	0.415384615385	0.566153846154	0.0	0.0184615384615
cru-	0.46419908364	0.427110472255	0.00808552690683	0.100604917198
lal-	0.232569011785	0.328250339306	0.13545543424	0.303725214669
xma-	0.0765900765901	0.68697968698	0.021978021978	0.214452214452
wṉa-	0.334668264265	0.505825779427	0.0147951084869	0.144710847821
nis-	0.186709490893	0.745097582862	0.00824935285249	0.0599435733921
xol-	0.338461538461	0.38224852071	0.0662721893492	0.213017751479
chy-	0.330827403787	0.445540392222	0.0992384899082	0.124393714083
llo-	0.123406720742	0.724507531866	0.0	0.152085747393
xa'-	0.0	0.757009345794	0.0	0.242990654206
gus-	0.0	0.477207977208	0.257834757835	0.264957264957
lad-	0.145709812631	0.0917160476707	0.012120717502	0.750453422196
him-	0.0940919037199	0.827133479212	0.0	0.0787746170678
yox-	0.129310344828	0.694827586207	0.0655172413793	0.110344827586
yil-	0.473061301107	0.335460323253	0.0908276953255	0.100650680315
diṉ-	0.115384615385	0.855769230769	0.0288461538462	0.0
ga'-	0.430247718383	0.432855280313	0.0586701434159	0.0782268578879
jx̱-	0.55870411098	0.350363728641	0.0549822365083	0.0359499238708
egi-	0.530831099196	0.292225201072	0.0804289544236	0.0965147453083
pim-	0.0	0.924242424242	0.0757575757576	0.0
wsh-	0.541305320622	0.258235622946	0.128040569269	0.072418487163
twe-	0.16710549412	0.27084430402	0.0942601369142	0.467790064947
zig-	0.0760097148512	0.106173727924	0.177056160235	0.640760396989
chḻ-	0.252669332327	0.578756080598	0.106077820162	0.0624967669131
esm-	0.0106194690265	0.840707964602	0.148672566372	0.0
pri-	0.0271002710027	0.887533875339	0.0	0.0853658536585
chg-	0.450937988216	0.375814244359	0.0853106046996	0.087937162726
tro-	0.177442528736	0.81716954023	0.0010775862069	0.00431034482758
xmo-	0.216873054765	0.622475332759	0.067280312562	0.0933712999139
