jer-	0.00457784495789	0.986525588426	0.00259123299504	0.00630533362125
neu-	0.212637693868	0.127606103547	0.0239569714004	0.635799231185
agu-	0.03276003276	0.8361998362	0.0982800982801	0.03276003276
ris-	0.181904963937	0.275170194919	0.443441887457	0.0994829536866
tut-	0.220298035955	0.330712371135	0.0569772955376	0.392012297372
vas-	0.0512719868508	0.859676667566	0.020238942178	0.068812403405
enó-	0.0214285714286	0.978571428571	0.0	0.0
fig-	0.140625	0.803125	0.01875	0.0375
del-	0.234042553191	0.606382978723	0.0212765957447	0.13829787234
son-	0.308917197452	0.605095541401	0.0764331210191	0.00955414012739
ye'-	0.401869158878	0.321374736207	0.0452215857703	0.231534519144
ure-	0.700819672131	0.262295081967	0.0	0.0368852459016
maa-	0.0	1.0	0.0	0.0
uti-	0.440723796076	0.313840304358	0.141764547097	0.103671352469
ica-	0.584222378927	0.213515009516	0.038367340749	0.163895270808
jac-	0.0	0.991836734694	0.00659340659341	0.00156985871272
viu-	0.00171624713959	0.962242562929	0.0	0.0360411899313
fal-	0.0604534005038	0.376574307305	0.476070528967	0.0869017632242
pro-	0.0134625732631	0.972686147415	0.00308934292722	0.0107619363943
gyu-	0.33055666906	0.36201329451	0.127042301915	0.180387734515
gu'-	0.612724176632	0.225187120245	0.0293258253028	0.13276287782
júp-	0.0	1.0	0.0	0.0
añu-	0.0	0.930214723926	0.0682515337423	0.00153374233129
udi-	0.559153822599	0.171294117027	0.0439907873397	0.225561273034
abí-	0.0	0.984732824427	0.0	0.0152671755725
rih-	0.411820493801	0.181051534739	0.196504892091	0.210623079369
nas-	0.199994264575	0.243554816323	0.454245648246	0.102205270855
lau-	0.502052596969	0.318995044317	0.09532211382	0.0836302448946
alm-	0.112016293279	0.849287169043	0.0122199592668	0.0264765784114
xpr-	0.0	0.910447761194	0.089552238806	0.0
eno-	0.0171428571428	0.982857142857	0.0	0.0
guí-	0.300911854103	0.617021276596	0.0364741641337	0.0455927051672
ola-	0.134628730049	0.674531575295	0.190839694656	0.0
yeu-	0.600322407308	0.262573885008	0.0614991939817	0.0756045137023
lis-	0.0852310858575	0.673795355913	0.218603194488	0.0223703637421
xub-	0.185676601172	0.723548171589	0.0587369117432	0.0320383154964
aba-	0.312030075188	0.62030075188	0.0169172932331	0.0507518796992
san-	0.00740037488742	0.903079432313	0.0838968816184	0.00562331118089
sue-	0.142394822006	0.843042071197	0.00485436893204	0.00970873786407
xai-	0.17949929145	0.651865847898	0.111950873878	0.0566839867737
pre-	0.112520948049	0.811587263586	0.0622456308355	0.0136461575293
lac-	0.150143874784	0.103183762575	0.052673277137	0.693999085504
one-	0.0188679245283	0.971698113208	0.00943396226414	0.0
nun-	0.490864300358	0.37400828675	0.0729885295912	0.0621388833006
byu-	0.724421647779	0.170061476928	0.0392254894699	0.0662913858233
xhi-	0.224238289911	0.566830257918	0.0710648177028	0.137866634469
pró-	0.0	1.0	0.0	0.0
neg-	0.312138728324	0.312138728324	0.173410404624	0.202312138728
zin-	0.584225134211	0.199062040067	0.0282953799389	0.188417445782
ruy-	0.544441930862	0.246679378212	0.116881577955	0.0919971129712
mil-	0.0890935284314	0.516087116183	0.063670517782	0.331148837603
dis-	0.0473585037337	0.908451392281	0.0076209086468	0.0365691953381
tib-	0.0547862733293	0.923540036123	0.00361228175798	0.0180614087899
gan-	0.48772440071	0.191051276668	0.0628792587911	0.258345063831
nug-	0.315273668639	0.494267751479	0.115569526627	0.0748890532544
ñec-	0.520352906705	0.179209758109	0.117364268739	0.183073066447
ini-	0.54161595231	0.197255580808	0.0768085091059	0.184319957775
bay-	0.196388261851	0.769751693002	0.0135440180587	0.020316027088
mig-	0.248366013072	0.751633986928	0.0	0.0
uga-	0.380459548305	0.535176787658	0.0576142095865	0.0267494544509
idé-	0.695652173913	0.265700483092	0.00966183574878	0.0289855072464
paf-	0.0	1.0	0.0	0.0
za'-	0.274861878453	0.306629834254	0.256906077348	0.161602209945
idx-	0.420462297271	0.287901910947	0.187654576963	0.103981214818
uli-	0.556580427447	0.343532058493	0.0620922384702	0.0377952755906
abr-	0.00433358695293	0.956052135367	0.0374640246121	0.00215025306824
ñut-	0.461538461538	0.254437869823	0.213017751479	0.0710059171598
riz-	0.176647261671	0.715710630724	0.0842819533539	0.0233601542512
zaq-	0.238382173759	0.139280067219	0.151487469961	0.470850289061
así-	0.0	1.0	0.0	0.0
cul-	0.340485553086	0.480167550008	0.0545392374765	0.124807659429
ya'-	0.0206400138757	0.0124447142486	0.00247159830023	0.964443673576
zac-	0.219825034068	0.139236755443	0.058098721611	0.582839488878
her-	0.0400025007145	0.812562517862	0.0403418833953	0.107093098028
pe'-	0.377337733773	0.338833883388	0.128712871287	0.155115511551
ate-	0.00795755968171	0.980106100796	0.00397877984085	0.00795755968171
nta-	0.4	0.505882352941	0.0470588235294	0.0470588235294
tii-	0.161961842888	0.270851443473	0.186988150249	0.380198563389
cum-	0.302050963331	0.410814170292	0.189247980112	0.0978868862647
caz-	0.497910048487	0.353954188263	0.0939642200301	0.0541715432202
jur-	0.484149855908	0.47528264243	0.0239414763911	0.0166260252716
biy-	0.595241351019	0.199029126214	0.0727471625871	0.132982360181
usú-	0.016	0.984	0.0	0.0
urí-	0.245689655172	0.683189655173	0.0452586206896	0.0258620689655
dor-	0.0	1.0	0.0	0.0
ná'-	0.315601382413	0.332939909489	0.197215291264	0.154243416833
pat-	0.0462456489309	0.840377921432	0.0	0.113376429637
ni'-	0.754034861201	0.232408005165	0.0	0.0135571336346
lla-	0.0208333333333	0.979166666667	0.0	0.0
der-	0.100031857279	0.42863969417	0.388658808538	0.0826696400128
uxu-	0.529613733906	0.374821173104	0.0749642346209	0.0206008583691
jor-	0.0	1.0	0.0	0.0
cab-	0.0899262701647	0.0481856702872	0.00589334757967	0.855994711968
ixe-	0.620776716481	0.130422348779	0.0696152369124	0.179185697827
sed-	0.0	0.59649122807	0.40350877193	0.0
gen-	0.0259698621353	0.963449823661	0.00288554023726	0.00769477396602
raz-	0.483204134367	0.322136089578	0.077519379845	0.11714039621
zia-	0.386567461269	0.146539151744	0.0677691904339	0.399124196554
guu-	0.663353451721	0.252895305823	0.0211745176198	0.0625767248358
bi'-	0.560608422771	0.25659140915	0.0195567700716	0.163243398008
lat-	0.700183752831	0.248536387334	0.0326909106449	0.0185889491902
jam-	0.0	1.0	0.0	0.0
bex-	0.264167285325	0.497649096758	0.0259836674091	0.212199950507
uzi-	0.626447016919	0.336153161175	0.0	0.0373998219056
niu-	0.706293706294	0.251748251748	0.0	0.041958041958
mar-	0.0170240275832	0.89505441224	0.0154437381029	0.0724778220738
set-	0.0	0.212155963303	0.00688073394495	0.780963302752
vel-	0.324909747292	0.599277978339	0.0324909747292	0.043321299639
nig-	0.508443935582	0.217011404209	0.152186685548	0.122357974661
por-	0.14557727622	0.72649117801	0.035291460902	0.0926400848675
blz-	0.0	0.958	0.0	0.042
rúa-	0.380281690141	0.225352112676	0.366197183099	0.0281690140845
alf-	0.00971266693647	0.983002832861	0.00728450020236	0.0
pas-	0.0338243011686	0.958473921335	0.00460518654408	0.00309659095205
cos-	0.128762805359	0.754846335697	0.0204885736801	0.095902285264
mor-	0.0	0.0143540669856	0.985645933014	0.0
ent-	0.338129496403	0.386091127098	0.0671462829736	0.208633093525
buu-	0.968553459119	0.0	0.0314465408805	0.0
och-	0.030344290994	0.281851779809	0.0581598910718	0.629644038125
ixá-	0.53564727955	0.250469043152	0.0928705440901	0.121013133208
zux-	0.529252768332	0.183886999738	0.228877844625	0.057982387305
uní-	0.605573532265	0.163827137395	0.0131010607342	0.217498269606
red-	0.568150208623	0.30528511822	0.0403337969402	0.086230876217
ped-	0.0108939094131	0.963795690274	0.00208745569593	0.0232229446172
rat-	0.248103807924	0.295958376417	0.19235366896	0.263584146699
che-	0.577715953403	0.169704120496	0.0366842859821	0.215895640119
gug-	0.0192307692308	0.980769230769	0.0	0.0
epa-	0.0246305418719	0.967980295566	0.00738916256159	0.0
yac-	0.449324324324	0.388513513514	0.0506756756757	0.111486486486
oro-	0.00862068965517	0.717038539554	0.274340770791	0.0
yei-	0.462365591398	0.430107526882	0.0215053763441	0.0860215053763
ord-	0.613138686131	0.336809176225	0.0125130344108	0.0375391032325
gun-	0.423306504165	0.225327307935	0.0206420251675	0.330724162733
nan-	0.437241988573	0.296519817145	0.104173751313	0.162064442969
gax-	0.267179588347	0.174314460446	0.0477411718288	0.510764779378
nux-	0.271955736859	0.442490739438	0.154733436489	0.130820087213
uva-	0.152085403196	0.839359792874	0.00570320261985	0.00285160130993
ses-	0.0170454545455	0.0482954545454	0.00568181818182	0.928977272727
izi-	0.421958572401	0.387532821161	0.135077312068	0.0554312943693
mah-	0.0	1.0	0.0	0.0
usi-	0.38055491092	0.49438659631	0.0754718416758	0.049586651094
jño-	0.0544488711819	0.82802124834	0.0677290836654	0.0498007968127
cel-	0.134453781513	0.319327731092	0.529411764706	0.0168067226891
dxu-	0.0378521126761	0.830105633803	0.102992957747	0.0290492957746
iná-	0.440909090909	0.386363636364	0.0727272727273	0.1
bir-	0.542524889535	0.0825109267343	0.0180256741664	0.356938509564
tol-	0.128205128205	0.871794871795	0.0	0.0
mel-	0.0554621084693	0.903532299859	0.0109105787153	0.0300950129563
zue-	0.0	0.573796369376	0.198895027624	0.227308602999
zua-	0.179104477612	0.716417910448	0.044776119403	0.0597014925373
cue-	0.189348636535	0.579126209525	0.0659271980899	0.16559795585
zuc-	0.458891787823	0.240586482445	0.117404650941	0.183117078791
mir-	0.0287081339713	0.913875598086	0.0478468899521	0.00956937799043
isa-	0.102314276217	0.796337460529	0.0300191125145	0.0713291507396
joe-	0.04	0.96	0.0	0.0
tiñ-	0.90625	0.09375	0.0	0.0
eut-	0.211538461538	0.692307692308	0.076923076923	0.0192307692307
pud-	0.166666666667	0.833333333333	0.0	0.0
dio-	0.0240250756495	0.71289747591	0.0121164408367	0.250961007604
igu-	0.575147928994	0.226035502958	0.123076923077	0.0757396449704
bab-	0.0193548387097	0.964516129032	0.0129032258064	0.00322580645161
ita-	0.0	0.968871595331	0.0311284046692	0.0
zus-	0.522711091732	0.287049533095	0.0755686275667	0.114670747606
láz-	0.0236314687406	0.848040682022	0.00897397547114	0.119353873766
sí'-	0.0645161290323	0.741935483871	0.193548387097	0.0
moi-	0.0420878448865	0.930788877298	0.00510809741358	0.0220151804022
doo-	0.280551905388	0.653745072273	0.0262812089356	0.0394218134034
xid-	0.276255707763	0.109067188519	0.0652315720809	0.549445531637
rio-	0.635294117647	0.270588235294	0.0941176470588	0.0
biu-	0.798224091636	0.0805635203929	0.00911779943394	0.112094588538
rid-	0.329059749933	0.396313802872	0.184124700113	0.0905017470818
xim-	0.185080720982	0.141359765761	0.0366132108416	0.636946302415
jud-	0.0236819475868	0.855874568998	0.105469239182	0.0149742442331
uzí-	0.759608665269	0.240391334731	0.0	0.0
cis-	0.0	1.0	0.0	0.0
mal-	0.288113050554	0.283406594363	0.154957678264	0.273522676818
adá-	0.0231729055258	0.942959001783	0.030303030303	0.00356506238859
sab-	0.370065789474	0.457236842105	0.162828947368	0.00986842105262
nin-	0.271762679921	0.106543265229	0.0421910124753	0.579503042375
lás-	0.0167464114833	0.563397129187	0.261961722488	0.157894736842
hui-	0.124930212129	0.319042364876	0.226754354631	0.329273068364
zud-	0.472777993158	0.177808873441	0.0306391790682	0.318773954333
uni-	0.554755486262	0.192054921151	0.0474128317783	0.205776760809
chá-	0.559701492537	0.440298507463	0.0	0.0
ga'-	0.518210182045	0.275849350591	0.0956330940938	0.11030737327
xqu-	0.228430724233	0.596114854633	0.0588566615025	0.116597759632
ca'-	0.0880796998499	0.0951775596741	0.0131778326244	0.803564907852
sós-	0.0	1.0	0.0	0.0
ñu'-	0.343390055884	0.406048408834	0.203015219852	0.0475463154301
bed-	0.681602369238	0.133802375505	0.0211539064214	0.163441348836
dxí-	0.259876911692	0.332136658079	0.0274520815982	0.380534348631
esr-	0.0	1.0	0.0	0.0
ba'-	0.0248742730883	0.805479117811	0.109595911673	0.0600506974285
yu'-	0.0284046676233	0.948577031355	0.0146021032078	0.00841619781432
jue-	0.275962944905	0.681618722574	0.0204778156997	0.0219405168211
and-	0.0108601216334	0.985230234579	0.00390964378801	0.0
ALL	0.239126798856	0.30620403995	0.0576530489302	0.397016112264
ana-	0.00322061191626	0.996779388084	0.0	0.0
dud-	0.638297872341	0.13829787234	0.223404255319	0.0
zed-	0.534811098708	0.144241920229	0.0392285288477	0.281718452216
ñaa-	0.428871962278	0.298875589409	0.111643090316	0.160609357998
nii-	0.134108180599	0.50827000447	0.301743406348	0.0558784085829
ucu-	0.670337571597	0.131259698582	0.0451842222854	0.153218507535
cil-	0.0	1.0	0.0	0.0
per-	0.094929783961	0.0584152361564	0.00913744167471	0.837517538208
heb-	0.0117762512267	0.943572129539	0.0358194308146	0.00883218842001
zix-	0.431897555297	0.302677532014	0.108265424913	0.157159487776
nuc-	0.47724303717	0.278283488063	0.0942531562742	0.150220318493
eva-	0.0611859838275	0.777628032345	0.155795148248	0.00539083557952
cal-	0.166582827071	0.785473822699	0.03656696204	0.0113763881902
nex-	0.442775484281	0.18102254684	0.0780946332169	0.298107335662
big-	0.387778611578	0.172613973043	0.0426730341595	0.39693438122
nis-	0.24399035849	0.626667402058	0.0425476512016	0.0867945882507
zor-	0.0	1.0	0.0	0.0
sín-	0.0380893618685	0.034140946592	0.020142991111	0.907626700428
tel-	0.426395939086	0.573604060914	0.0	0.0
gaa-	0.028559618203	0.0770733907031	0.00676412010071	0.887602870993
últ-	0.0815677966102	0.0699152542373	0.810381355932	0.0381355932203
lid-	0.0620315814282	0.864529813811	0.0120669337733	0.0613716709875
ñan-	0.316243462736	0.113716852799	0.15701561181	0.413024072655
div-	0.473908693592	0.519772523827	0.00631878258122	0.0
yed-	0.453237410072	0.294964028777	0.0575539568345	0.194244604317
gas-	0.129403130021	0.471852637515	0.0756548474149	0.32308938505
ata-	0.244626407369	0.592630501535	0.0614124872057	0.101330603889
jña-	0.00638821586257	0.982095000611	0.00647819073387	0.00503859279301
tie-	0.11171411639	0.781471509167	0.0950549937703	0.0117593806726
far-	0.00649660838827	0.989108627114	0.00363045762874	0.000764306869208
biz-	0.567774578599	0.256450063933	0.0650866149488	0.110688742519
fra-	0.02416918429	0.891238670695	0.0845921450151	0.0
cob-	0.1	0.9	0.0	0.0
cuí-	0.260869565217	0.326086956522	0.413043478261	0.0
rud-	0.517922087432	0.24932876077	0.109473016183	0.123276135615
xpa-	0.248131258521	0.700531239716	0.0197451929858	0.0315923087772
ire-	0.512816362913	0.144319801946	0.0706796978759	0.272184137265
xcu-	0.155557588324	0.718309143391	0.0758222547465	0.0503110135383
lev-	0.0300705101618	0.912484446288	0.054956449606	0.00248859394442
arc-	0.0745341614907	0.903105590062	0.0223602484472	0.0
num-	0.441860465116	0.46511627907	0.093023255814	0.0
adi-	0.0	1.0	0.0	0.0
saú-	0.549356223176	0.399141630901	0.0257510729614	0.0257510729613
ami-	0.0292275574113	0.951287404315	0.0111343075853	0.00835073068893
zat-	0.499397477567	0.284426595484	0.137115861943	0.0790600650053
nec-	0.137857346707	0.09774611417	0.0485685249508	0.715828014172
iza-	0.187899995396	0.627791334776	0.12601869331	0.0582899765183
dij-	0.274509803922	0.607843137255	0.078431372549	0.0392156862745
nou-	0.343935590522	0.109012428825	0.0247964244168	0.522255556236
cás-	0.0615745103123	0.0907500041004	0.048779594108	0.798895891479
sec-	0.329113924051	0.620253164557	0.0506329113924	0.0
eub-	0.0	1.0	0.0	0.0
ult-	0.0216535433071	0.0590551181102	0.236220472441	0.683070866142
jai-	0.0927246790299	0.881597717546	0.00855920114123	0.0171184022824
uze-	0.436562626672	0.25658694771	0.0299959464937	0.276854479124
tal-	0.481271282633	0.409761634506	0.10896708286	0.0
lle-	0.117647058824	0.607843137255	0.274509803922	0.0
güi-	0.493162393162	0.350427350427	0.0230769230769	0.133333333333
bin-	0.178852945914	0.506474169989	0.0470002336019	0.267672650495
xiz-	0.402848575712	0.186956521739	0.278860569715	0.131334332834
rod-	0.196078431372	0.803921568628	0.0	0.0
nuz-	0.51285998203	0.360314886912	0.0712305530598	0.0555945779978
zaf-	0.0	1.0	0.0	0.0
pue-	0.049189959498	0.48086779339	0.0141257062853	0.455816540827
lud-	0.0800847457627	0.804237288136	0.0711864406779	0.0444915254238
iru-	0.0923232839356	0.297009364351	0.0261997618332	0.584467589881
pon-	0.0668953687821	0.915951972556	0.0	0.0171526586621
cañ-	0.637010676157	0.245551601423	0.0747330960853	0.0427046263345
azu-	0.0246305418719	0.85960591133	0.115763546798	0.0
ged-	0.0243902439024	0.975609756098	0.0	0.0
rap-	0.273729194782	0.524066576698	0.10571300045	0.0964912280701
chi-	0.221246725888	0.120226690847	0.047721537077	0.610805046188
nga-	0.452039856059	0.0359468386112	0.00617794171258	0.505835363618
ben-	0.252123046617	0.704515152607	0.00612590537278	0.0372358954032
dió-	0.169014084507	0.760563380282	0.0422535211267	0.0281690140845
seg-	0.46978021978	0.350274725275	0.054945054945	0.125
lai-	0.4158000436	0.398220894515	0.0953610364835	0.090618025401
euf-	0.0178571428571	0.982142857143	0.0	0.0
pax-	0.541904789533	0.249223985379	0.118360360883	0.0905108642047
már-	0.0	0.918918918919	0.081081081081	0.0
amp-	0.0	1.0	0.0	0.0
caq-	0.450712985939	0.378170388751	0.0966087675765	0.0745078577337
lam-	0.0	1.0	0.0	0.0
nar-	0.36839404823	0.302719343253	0.249016589704	0.079870018813
gat-	0.523412256111	0.357696941039	0.0458450141295	0.0730457887211
ugá-	0.64751552795	0.114906832298	0.0652173913043	0.172360248447
act-	0.0	1.0	0.0	0.0
cua-	0.232223210158	0.451176860455	0.0687438093688	0.247856120018
dám-	0.0	1.0	0.0	0.0
zut-	0.589147978539	0.280870287292	0.0676827964902	0.0622989376784
raa-	0.848484848485	0.151515151515	0.0	0.0
zid-	0.465372214818	0.311898677411	0.0540156546859	0.168713453086
lám-	0.123695256491	0.862932283348	0.0	0.0133724601612
ray-	0.0734431194397	0.892485330305	0.00567859170926	0.0283929585463
pur-	0.094841551914	0.0496488625701	0.00804431623812	0.847465269278
gur-	0.725063734354	0.108236587033	0.0175708745184	0.149128804094
esl-	0.0	1.0	0.0	0.0
saf-	0.0	1.0	0.0	0.0
gud-	0.664156728811	0.116835440845	0.0272411688712	0.191766661473
nad-	0.329271013692	0.333901893696	0.239562566802	0.0972645258099
nib-	0.524036217679	0.280220293102	0.0588070568468	0.136936432372
abi-	0.0	0.99577167019	0.00422832980971	0.0
cux-	0.540754138209	0.242114313274	0.0754773587103	0.141654189807
ayu-	0.137988710015	0.800682974423	0.0153320788905	0.0459962366715
ded-	0.134509996294	0.049561749875	0.0362222474487	0.779706006382
bix-	0.223709603235	0.707275116855	0.0253490697886	0.0436662101214
doc-	0.0100342795221	0.116386123513	0.00836189960174	0.865217697363
ban-	0.111450519351	0.786370066448	0.0471445559732	0.0550348582282
yub-	0.512411222839	0.161273234419	0.0882732109791	0.238042331763
cus-	0.537999539364	0.352587535655	0.0435655609428	0.0658473640385
azo-	0.0287769784173	0.971223021583	0.0	0.0
jma-	0.0862736685076	0.0442326931575	0.262566484894	0.606927153441
ter-	0.0327868852459	0.967213114754	0.0	0.0
cuz-	0.538758897598	0.245268089876	0.0629124625866	0.15306054994
ñe'-	0.894568690096	0.0670926517572	0.00638977635783	0.0319488817891
did-	0.182055895459	0.59947702999	0.167063057009	0.0514040175414
puy-	0.504950495049	0.43204320432	0.0630063006301	0.0
nam-	0.0825688073394	0.587155963303	0.330275229358	0.0
arq-	0.135135135135	0.854054054054	0.0108108108108	0.0
ale-	0.0144447788143	0.850737285585	0.123984351489	0.0108335841107
bup-	0.739361702128	0.260638297872	0.0	0.0
tid-	0.489937204685	0.233696653409	0.0530284391705	0.223337702735
ziá-	0.331986531986	0.272727272727	0.276094276094	0.119191919192
oli-	0.0252285191956	0.947349177331	0.0230347349177	0.00438756855577
luc-	0.0593862975046	0.607574287982	0.177409399524	0.15563001499
zún-	0.274509803922	0.490196078431	0.0	0.235294117647
biq-	0.497064466615	0.331830391404	0.100997697621	0.0701074443592
uxh-	0.647421155308	0.238012799568	0.0685287693229	0.0460372758016
jec-	0.0	1.0	0.0	0.0
dec-	0.286794599035	0.298127356603	0.0410759800308	0.374002064331
bic-	0.515869480724	0.269977394688	0.0668622237255	0.147290900863
rir-	0.451340958326	0.321230721013	0.0818305524765	0.145597768184
xig-	0.180904522613	0.547738693467	0.120603015075	0.150753768844
eli-	0.0813392435094	0.887355850272	0.00722420912748	0.0240806970916
xua-	0.0	1.0	0.0	0.0
pi'-	0.514285714286	0.485714285714	0.0	0.0
soo-	0.0833333333333	0.151960784314	0.558823529412	0.205882352941
ñeñ-	0.884020618557	0.100515463918	0.0	0.0154639175258
di'-	0.484058892067	0.190234085372	0.135049253257	0.190657769304
col-	0.112788721128	0.800819918008	0.064793520648	0.021597840216
var-	0.256818181818	0.695454545455	0.0477272727273	0.0
ene-	0.117561683599	0.812772133527	0.0609579100145	0.00870827285922
pan-	0.0167931073067	0.856600648987	0.0626295177352	0.0639767259707
jlu-	0.210917537747	0.605923344948	0.0234610917538	0.159698025552
ziy-	0.511541072641	0.259334691107	0.0819755600815	0.147148676171
diá-	0.166844919786	0.71871657754	0.0994652406417	0.0149732620321
lad-	0.139621473383	0.26769866888	0.0380435939728	0.554636263764
tor-	0.106343283582	0.888059701493	0.0	0.00559701492537
lec-	0.00772200772201	0.984555984556	0.00772200772201	0.0
sen-	0.630681818182	0.164772727273	0.09375	0.110795454545
lin-	0.024531024531	0.974025974026	0.001443001443	0.0
dux-	0.0581717451524	0.335180055402	0.598337950139	0.00831024930748
üdx-	0.425	0.125	0.175	0.275
ina-	0.686459109794	0.141411094141	0.0144126882712	0.157717107794
ema-	0.0915855752718	0.882655981683	0.0257584430452	0.0
baa-	0.0	1.0	0.0	0.0
lir-	0.207942238267	0.766064981949	0.0259927797834	0.0
mai-	0.00500078959836	0.944622835185	0.0405853555824	0.00979101963468
pen-	0.0	1.0	0.0	0.0
rab-	0.854597869408	0.0198873822185	0.00487193840033	0.120642809973
ape-	0.0384615384615	0.961538461538	0.0	0.0
ze'-	0.535317200785	0.225310660562	0.038914323087	0.200457815566
uza-	0.35385988398	0.405473746839	0.0767514502454	0.163914918935
fav-	0.429752066116	0.297520661157	0.173553719008	0.099173553719
dun-	0.116129032258	0.193548387097	0.574193548387	0.116129032258
rec-	0.373670851341	0.246964395966	0.264800713453	0.11456403924
xtu-	0.226277372263	0.598540145985	0.175182481752	0.0
xaí-	0.0639285086808	0.836784647575	0.0634493443435	0.035837499401
und-	0.608955929874	0.12447589121	0.0551251477102	0.211443031206
gul-	0.62659461112	0.264853127518	0.0282792730091	0.0802729883529
ngu-	0.154336087311	0.130101640477	0.0503723186712	0.66518995354
tia-	0.121951219512	0.768292682927	0.0182926829268	0.0914634146341
zun-	0.303722888278	0.188660881455	0.0698295333806	0.437786696887
tir-	0.0442441434847	0.387788250366	0.0290995607613	0.538868045388
iba-	0.398032084453	0.436474684036	0.0794768350942	0.0860163964167
alb-	0.191780821918	0.561643835616	0.246575342466	0.0
rux-	0.447041325826	0.399978752789	0.0812705832359	0.0717093381494
bas-	0.0834437086092	0.916556291391	0.0	0.0
mañ-	0.120967741935	0.83064516129	0.0483870967742	0.0
ruq-	0.197654213727	0.76196749797	0.0329008275057	0.00747746079675
yes-	0.604395604396	0.325274725275	0.00791208791207	0.0624175824176
lii-	0.0305901597319	0.0360602305951	0.00839248765542	0.924957122018
yuu-	0.259134615385	0.520993589744	0.13125	0.0886217948718
le'-	0.203380588877	0.461286804798	0.00327153762267	0.332061068702
pól-	0.0616438356164	0.938356164384	0.0	0.0
zir-	0.453131567886	0.293400588483	0.147540983607	0.105926860025
pun-	0.180145152929	0.6144375324	0.17042509072	0.0349922239502
riu-	0.427077278521	0.327312168491	0.137458178803	0.108152374185
puñ-	0.272727272727	0.492163009404	0.235109717868	0.0
ña'-	0.342857142857	0.386335403727	0.149068322981	0.121739130435
sod-	0.0110080585978	0.977983882804	0.0110080585978	0.0
ñuu-	0.627866995248	0.129681086623	0.0480797585087	0.19437215962
udí-	0.400823045268	0.310562414266	0.106447187929	0.182167352538
zap-	0.250816369068	0.237708145163	0.035433891475	0.476041594294
jot-	0.0	1.0	0.0	0.0
zui-	0.497583910148	0.318270863262	0.141047407601	0.0430978189892
har-	0.0514511873351	0.940633245383	0.00791556728231	0.0
can-	0.170811006215	0.196562064517	0.0299697866853	0.602657142582
zab-	0.470563184357	0.186645087761	0.0372478157132	0.305543912169
xix-	0.111939293251	0.340622333977	0.0338556867676	0.513582686004
nez-	0.0884839334717	0.437978873032	0.0221129919053	0.451424201591
ida-	0.184198995132	0.216105852592	0.0851638086072	0.514531343669
tih-	0.449484536083	0.358762886598	0.0989690721649	0.0927835051546
óni-	0.0	0.771428571429	0.228571428571	0.0
fre-	0.154981549815	0.667896678967	0.0996309963099	0.0774907749078
fis-	0.383285302594	0.596541786743	0.0	0.0201729106628
isl-	0.166472913276	0.782841199721	0.0186003255057	0.0320855614974
sio-	0.213746523639	0.519666269368	0.102502979738	0.164084227255
fue-	0.103389830508	0.104237288136	0.218644067797	0.573728813559
xia-	0.0312891113892	0.814768460576	0.146433041302	0.00750938673343
bot-	0.0	0.914893617021	0.0851063829787	0.0
zit-	0.0955036099792	0.347058403031	0.0706269211523	0.486811065838
met-	0.199351701783	0.729335494328	0.00972447325769	0.061588330632
apá-	0.131158857537	0.801535939253	0.0103546466477	0.0569505565622
idó-	0.454349951124	0.339784946237	0.179276637341	0.0265884652981
udu-	0.21986970684	0.592833876222	0.0610749185668	0.126221498371
mna-	0.0	0.914893617021	0.0425531914894	0.0425531914894
nef-	0.0	1.0	0.0	0.0
ces-	0.0169875424689	0.970554926387	0.00566251415629	0.00679501698754
na--	0.64	0.32	0.04	0.0
xpe-	0.112761227212	0.781236104935	0.0448199199644	0.0611827478879
inv-	0.702508960573	0.241039426523	0.0349462365591	0.0215053763441
gól-	0.00560747663551	0.971962616822	0.011214953271	0.011214953271
ulí-	0.704627970577	0.117054884949	0.0310024519049	0.147314692569
ñac-	0.456728799476	0.101788824253	0.0344441025246	0.407038273746
ruc-	0.297805463209	0.483527857405	0.107413537349	0.111253142037
juz-	0.15	0.85	0.0	0.0
ilu-	0.142061564402	0.516915714507	0.253386853657	0.0876358674334
mat-	0.0	1.0	0.0	0.0
so'-	0.069970845481	0.895043731779	0.0349854227405	0.0
nit-	0.0761072988147	0.410480349345	0.490954460387	0.0224578914535
stu-	0.228616667314	0.123559222077	0.12213977806	0.525684332549
tró-	0.0252707581227	0.936823104693	0.0216606498195	0.0162454873646
ru'-	0.365324150322	0.251291360982	0.134563557419	0.248820931277
xi'-	0.573109609937	0.370233166267	0.00435824798432	0.0522989758117
cha-	0.421178293177	0.156630713505	0.171610427463	0.250580565855
has-	0.290102389079	0.474402730375	0.194539249147	0.0409556313993
xfa-	0.0676268002505	0.909830932999	0.0	0.0225422667502
zuñ-	0.471861471862	0.528138528138	0.0	0.0
par-	0.0547004660422	0.0834013741358	0.00543713361842	0.856461026204
yuí-	0.515151515152	0.287878787879	0.166666666667	0.030303030303
caa-	0.192711563648	0.102942738112	0.102005481948	0.602340216292
jul-	0.0409356725146	0.865497076023	0.0	0.093567251462
cop-	0.163909774436	0.817293233083	0.00451127819548	0.0142857142857
nah-	0.101815219921	0.393908540842	0.452205026763	0.0520712124738
zeu-	0.325301204819	0.289156626506	0.174698795181	0.210843373494
zie-	0.506915178648	0.288903151411	0.109156553401	0.0950251165398
bib-	0.529939075123	0.225466777602	0.155846014833	0.0887481324423
rag-	0.014553014553	0.12396049896	0.807692307692	0.0537941787942
feb-	0.329268292683	0.670731707317	0.0	0.0
pec-	0.0335497835498	0.868686868687	0.0746753246754	0.023088023088
amé-	0.0143903054784	0.0705629891442	0.00378692249432	0.911259782883
ñax-	0.662387676508	0.191270860077	0.0539152759948	0.0924261874198
tre-	0.0122666462223	0.162341396098	0.219266301223	0.606125656457
yen-	0.769238608425	0.0852727990726	0.0169934140966	0.128495178405
gay-	0.00973561133912	0.159587668226	0.0518278133053	0.77884890713
zee-	0.556449143832	0.179746101865	0.0594014477223	0.20440330658
via-	0.305555555556	0.621527777778	0.0	0.0729166666666
ira-	0.576470588235	0.186764705882	0.123529411765	0.113235294118
rañ-	0.0645928344542	0.872988128405	0.0409916064806	0.0214274306603
gob-	0.0516045799065	0.900983712304	0.0227382680213	0.0246734397678
cag-	0.604295534554	0.224571612602	0.0716292602752	0.0995035925683
con-	0.276315789474	0.33971291866	0.211722488038	0.172248803828
ilá-	0.470460334224	0.441200223644	0.0443560911971	0.0439833509349
dan-	0.194918685138	0.772162866707	0.0176626544094	0.0152557937456
ubi-	0.472222222222	0.361111111111	0.166666666667	0.0
lug-	0.262580104575	0.220611506576	0.0530377390831	0.463770649766
yuz-	0.201424211597	0.742624618515	0.0361139369277	0.0198372329603
naq-	0.219149021921	0.115127155749	0.0951698768563	0.570553945474
ser-	0.144444444444	0.822222222222	0.0222222222222	0.0111111111111
uyu-	0.603459359274	0.146843877204	0.0664844510657	0.183212312457
jme-	0.0758293838863	0.924170616114	0.0	0.0
iro-	0.0743993800052	0.172651339017	0.124429518643	0.628519762335
ndi-	0.137657440339	0.121374830617	0.0156214238746	0.72534630517
cri-	0.0200007949968	0.877006041976	0.0194111723553	0.0835819906721
mis-	0.0301886792453	0.954716981132	0.0	0.0150943396226
elm-	0.0	1.0	0.0	0.0
eun-	0.081081081081	0.864864864865	0.027027027027	0.027027027027
sac-	0.0556783601984	0.832859577375	0.0621687885157	0.0492932739114
ziu-	0.154553608982	0.14734373316	0.0902199980847	0.607882659773
din-	0.292211483798	0.589539511086	0.0505969300739	0.0676520750426
apó-	0.0168883747831	0.907769423559	0.0313861577019	0.043956043956
bla-	0.0988319856244	0.829290206649	0.0646900269542	0.00718778077269
ech-	0.32	0.506666666667	0.173333333333	0.0
nac-	0.256889113927	0.282495405507	0.303005954211	0.157609526356
ni:-	0.358778625954	0.610687022901	0.030534351145	0.0
sti-	0.0669005195067	0.17516205028	0.055513211448	0.702424218765
gre-	0.0	1.0	0.0	0.0
sos-	0.0	1.0	0.0	0.0
ibi-	0.461251413725	0.11268157958	0.0343141213445	0.39175288535
don-	0.320325215448	0.473662498969	0.150907168091	0.0551051174931
ule-	0.505719876571	0.112290208474	0.0361255362385	0.345864378716
fél-	0.0298507462686	0.958540630182	0.00663349917082	0.0049751243781
zán-	0.330743949806	0.279175380938	0.0405138930385	0.349566776218
gap-	0.54242894851	0.130251500675	0.0582858392526	0.269033711562
uri-	0.0839804186361	0.41880486158	0.0332545577313	0.463960162053
xil-	0.125193199382	0.360123647604	0.482225656878	0.032457496136
leg-	0.0102389078498	0.897610921502	0.0	0.0921501706484
uxo-	0.681493915233	0.0667226185481	0.0314729332774	0.220310532942
ñap-	0.491124260355	0.191113879373	0.080971659919	0.236790200353
zal-	0.311544919049	0.118261435862	0.461669704093	0.108523940996
du'-	0.0847873500545	0.855916030534	0.0350327153762	0.0242639040349
cef-	0.155555555556	0.844444444444	0.0	0.0
nia-	0.0177573517168	0.0204982182702	0.00216471842009	0.959579711593
sin-	0.160381210466	0.143453476675	0.0417661778359	0.654399135023
lap-	0.0176991150443	0.769911504425	0.176991150442	0.0353982300885
utu-	0.782608695652	0.173913043478	0.0	0.0434782608696
esa-	0.0200803212851	0.931726907631	0.0321285140562	0.0160642570281
néc-	0.311964066966	0.364638628011	0.102899142507	0.220498162515
sad-	0.00733496332518	0.98533007335	0.00733496332518	0.0
sia-	0.0550227068926	0.214612619289	0.0406494283574	0.689715245461
zur-	0.485714285714	0.367346938776	0.0244897959184	0.122448979592
aug-	0.148717948718	0.830769230769	0.0205128205128	0.0
mos-	0.0	0.972350230415	0.0276497695853	0.0
li'-	0.160479505027	0.679040989946	0.0966744006187	0.0638051044084
xib-	0.414893617021	0.553191489362	0.0	0.031914893617
diu-	0.366282851939	0.578194119178	0.0340554254489	0.0214676034348
riq-	0.272816728167	0.319065190652	0.146125461255	0.261992619926
guy-	0.296486734834	0.412305225909	0.0976558681499	0.193552171108
ili-	0.77094972067	0.139664804469	0.0893854748603	0.0
fri-	0.0	0.981132075472	0.0188679245283	0.0
reg-	0.09375	0.875	0.03125	0.0
pla-	0.0556328233658	0.896801112656	0.0475660639778	0.0
mac-	0.291271588684	0.295962736355	0.0352942478121	0.377471427149
lo'-	0.245536535984	0.230995766611	0.138413399595	0.38505429781
zax-	0.514798736155	0.279705472046	0.059403113423	0.146092678376
bet-	0.0322580645161	0.944881889764	0.00304800609601	0.0198120396241
til-	0.32504145937	0.417910447761	0.109452736318	0.147595356551
pér-	0.0	1.0	0.0	0.0
anc-	0.0692395005675	0.896708286039	0.0340522133939	0.0
cá:-	0.298568507157	0.580777096115	0.0245398773006	0.0961145194274
ria-	0.309107488764	0.396639071816	0.095835008713	0.198418430707
nut-	0.654236723822	0.300815714999	0.0199766938572	0.0249708673215
cim-	0.17071229606	0.798249104656	0.0	0.0310385992838
yui-	0.962264150943	0.0377358490566	0.0	0.0
ran-	0.234969314666	0.524214917004	0.120775424381	0.120040343949
gab-	0.520535203332	0.150893202011	0.0202785411513	0.308293053505
do'-	0.237595419847	0.343511450382	0.358778625954	0.0601145038168
xhu-	0.167530224525	0.14187021959	0.19022945966	0.500370096225
ind-	0.462766572828	0.265743704446	0.0886969264588	0.182792796267
yan-	0.157751467511	0.154689122303	0.0352412015422	0.652318208644
bad-	0.0865909853825	0.672144404773	0.011901492264	0.229363117581
ñed-	0.600877192983	0.230994152047	0.0847953216375	0.0833333333333
ruu-	0.600555729144	0.246618756416	0.0704146766058	0.0824108378342
idi-	0.0592900302115	0.892182779456	0.0485271903324	0.0
ado-	0.37037037037	0.592592592593	0.037037037037	0.0
ulá-	0.47771150605	0.368131036362	0.024826667474	0.129330790114
zil-	0.465909090909	0.517045454545	0.0	0.0170454545454
rug-	0.520579860212	0.361377168004	0.0869790318405	0.031063939943
lic-	0.274158892485	0.267359316779	0.077787146082	0.380694644654
guz-	0.480491842043	0.41451879877	0.0468195790967	0.0581697800899
ich-	0.534483894342	0.278044924577	0.14715763125	0.040313549832
ren-	0.605564648118	0.244680851064	0.0908346972177	0.0589198036007
alt-	0.0170017541493	0.974362434219	0.00215895290784	0.00647685872352
biá-	0.245009399338	0.634500044759	0.0623041804673	0.0581863754364
nee-	0.246710526316	0.728618421053	0.0	0.0246710526316
cep-	0.178770949721	0.821229050279	0.0	0.0
tab-	0.104689203926	0.852780806979	0.0294438386041	0.0130861504907
vac-	0.373015873016	0.626984126984	0.0	0.0
naz-	0.0591817613991	0.746876951905	0.170674578389	0.0232667083073
gal-	0.122920644802	0.57232175459	0.191354551386	0.113403049222
nul-	0.487291849255	0.325737657026	0.131171487	0.0557990067193
ejé-	0.0393873085339	0.960612691466	0.0	0.0
usu-	0.447560291643	0.375771172182	0.120134604599	0.056533931576
cui-	0.483983054323	0.343161669489	0.0701968206348	0.102658455553
rin-	0.357627702931	0.429617655791	0.0970727966744	0.115681844603
noé-	0.0	1.0	0.0	0.0
bii-	0.793108220547	0.122861928687	0.0125354470438	0.0714944037217
rix-	0.256298016795	0.491423977131	0.194389851706	0.0578881543684
ixa-	0.647058823529	0.203619909502	0.149321266968	0.0
mia-	0.125	0.775	0.05	0.05
tej-	0.112600536193	0.855227882038	0.0160857908847	0.0160857908847
beg-	0.509161041466	0.363548698168	0.104146576663	0.0231436837029
lág-	0.300989466965	0.142355569741	0.0587296520906	0.497925311203
rou-	0.192943278249	0.213934792318	0.084859312193	0.50826261724
lu'-	0.0393102858693	0.0491913811752	0.0063931251603	0.905105207795
ari-	0.0262199563001	0.971595047342	0.0	0.00218499635834
cah-	0.0681818181818	0.401988636364	0.414772727273	0.115056818182
qué-	0.165263312959	0.0439902750349	0.0113116455419	0.779434766464
dop-	0.413043478261	0.326086956522	0.0	0.260869565217
xco-	0.330827067669	0.639982308713	0.00265369305617	0.0265369305617
ihu-	0.455150084843	0.216821725082	0.0895893064956	0.238438883579
cax-	0.343068261787	0.519117992024	0.099695050434	0.0381186957541
nel-	0.266666666667	0.166666666667	0.0666666666667	0.5
cub-	0.0594442490327	0.13937741822	0.754660569821	0.0465177629265
zaa-	0.524571663076	0.196778495947	0.044116138299	0.234533702678
lom-	0.044776119403	0.753731343284	0.15671641791	0.044776119403
niz-	0.43749484834	0.440387024428	0.0637220757364	0.0583960514958
sto-	0.0876976178351	0.420132405364	0.16506535393	0.327104622871
gog-	0.0	1.0	0.0	0.0
tes-	0.136215581865	0.822710181142	0.0360447385858	0.00502949840732
ibá-	0.015583341125	0.856672928336	0.088218710776	0.0395250197625
iri-	0.0677966101695	0.93220338983	0.0	0.0
sil-	0.023653508071	0.958126897874	0.00575355601727	0.0124660380374
evo-	0.0	1.0	0.0	0.0
mes-	0.0590909090909	0.877272727273	0.0181818181818	0.0454545454545
luu-	0.0465890183028	0.860232945092	0.0782029950083	0.0149750415973
vie-	0.0251748251748	0.815384615385	0.0503496503496	0.109090909091
ri'-	0.09293121099	0.0633313355264	0.0270849513321	0.816652502151
ñal-	0.648683484387	0.192023496905	0.0796465093539	0.079646509354
cad-	0.166098023651	0.0855245283691	0.0411791483867	0.707198299593
gus-	0.478159515068	0.304468217821	0.0767196236863	0.140652643425
yeb-	0.0963855421687	0.578313253012	0.0	0.325301204819
him-	0.0392156862745	0.901960784314	0.0	0.0588235294118
gra-	0.141695471063	0.758663476026	0.0730523796863	0.0265886732252
acu-	0.344537815126	0.529411764706	0.100840336134	0.0252100840336
uco-	0.0	0.90625	0.09375	0.0
rei-	0.0106951871658	0.989304812834	0.0	0.0
egi-	0.0113902847571	0.905750977108	0.0801786711335	0.00268006700167
run-	0.372523168916	0.112887893525	0.0177199565231	0.496868981036
néu-	0.406779661017	0.0847457627118	0.118644067797	0.389830508474
rax-	0.653489476837	0.201933205279	0.115661854307	0.0289154635768
zig-	0.43623912113	0.390840348124	0.105121986018	0.0677985447282
uzá-	0.568731392734	0.148391492221	0.0407843283652	0.24209278668
tat-	0.203821778468	0.566121956728	0.217948040341	0.0121082244634
esm-	0.019801980198	0.836633663366	0.143564356436	0.0
pri-	0.0746105236814	0.251673653257	0.516329850466	0.157385972596
tro-	0.0726672436742	0.92339661396	0.00272502163778	0.0012111207279
cat-	0.205	0.139285714286	0.167142857143	0.488571428571
nie-	0.0	1.0	0.0	0.0
gol-	0.0122307956781	0.530235992357	0.395133608761	0.0623996032038
osé-	0.269230769231	0.692307692308	0.0192307692308	0.0192307692307
ela-	0.0392156862745	0.960784313725	0.0	0.0
re'-	0.255	0.565	0.15	0.03
jna-	0.0682319366974	0.625372940719	0.236606563757	0.0697885588273
nag-	0.191291347967	0.310750292587	0.247351864823	0.250606494623
mud-	0.266050808314	0.288683602771	0.434180138568	0.0110854503464
fla-	0.012987012987	0.850649350649	0.123376623377	0.012987012987
arp-	0.0258899676375	0.974110032362	0.0	0.0
itu-	0.0538599640933	0.417713943746	0.514063435069	0.0143626570916
zah-	0.280048755211	0.176829946273	0.140391510216	0.402729788301
cap-	0.0468526930565	0.923296560675	0.0245295262816	0.00532121998702
fen-	0.0361010830325	0.916967509025	0.0180505415162	0.028880866426
rui-	0.372784810127	0.520886075949	0.0358047016275	0.0705244122966
rig-	0.353592871835	0.367138870322	0.16340601661	0.115862241232
que-	0.237337278901	0.00618715536503	0.00912024508425	0.74735532065
dic-	0.563111344302	0.210489824982	0.187441442117	0.0389573885995
nal-	0.122198396146	0.731163528479	0.123725876098	0.0229121992774
las-	0.254545768358	0.595916359588	0.0559213648955	0.0936165071584
be:-	0.193808882907	0.267256296866	0.0288406075755	0.510094212651
men-	0.315721649484	0.637886597938	0.0309278350516	0.0154639175258
rob-	0.0	1.0	0.0	0.0
ric-	0.336514078554	0.246482709394	0.341210060672	0.0757931513797
dxá-	0.376543209877	0.112184648417	0.44847020934	0.0628019323671
env-	0.0782751991211	0.50563032134	0.407854984894	0.00823949464435
fle-	0.117647058824	0.843989769821	0.0230179028133	0.0153452685422
lub-	0.0	1.0	0.0	0.0
ceb-	0.031746031746	0.968253968254	0.0	0.0
tap-	0.0113955408753	0.00858794384807	0.00297274979356	0.977043765483
tún-	0.129411764706	0.694117647059	0.176470588235	0.0
bip-	0.64367816092	0.333333333333	0.0229885057471	0.0
zay-	0.394939493949	0.425742574257	0.102310231023	0.07700770077
lar-	0.204995852152	0.739653424279	0.0337819153839	0.0215688081851
xhy-	0.329545454546	0.602272727272	0.0	0.0681818181819
sol-	0.0775687017734	0.896845810207	0.017056992013	0.00852849600651
ame-	0.34328358209	0.25636523266	0.0421422300263	0.358208955224
dom-	0.111960868046	0.610854458636	0.061958926977	0.215225746341
zuq-	0.347222222222	0.403549382716	0.182098765432	0.0671296296296
stí-	0.295091181614	0.369774752269	0.0551929802648	0.279941085852
atr-	0.275729537367	0.164555160142	0.22975088968	0.329964412811
cin-	0.0525488090216	0.461662383491	0.0920563077749	0.393732499712
uyá-	0.436497928301	0.441361916772	0.072779679337	0.04936047559
güe-	0.715773809524	0.168154761905	0.0535714285714	0.0625
com-	0.0758620689655	0.834482758621	0.0551724137931	0.0344827586207
mag-	0.075138121547	0.900552486188	0.0220994475138	0.00220994475138
na:-	0.566115702479	0.0756850804698	0.0137016093954	0.344497607655
job-	0.109756097561	0.817073170732	0.0365853658537	0.0365853658537
moz-	0.0347601704291	0.943721628829	0.0204147032678	0.00110349747394
end-	0.0969184068324	0.162515256869	0.034033954302	0.706532381997
ixu-	0.340659340659	0.571428571429	0.065934065934	0.021978021978
esp-	0.00777324908134	0.976983432266	0.0102967056013	0.00494661305176
