vas-	0.0469557051181	0.953044294882	0.0	0.0
fig-	0.0	1.0	0.0	0.0
del-	0.163356250558	0.238528535597	0.0952742355739	0.502840978271
ye'-	0.210826897672	0.317891668084	0.300606719504	0.17067471474
xìn-	0.039139391165	0.934767681392	0.0	0.0260929274433
ngy-	0.356764262686	0.467659272498	0.0641470423325	0.111429422484
viu-	0.0882685848946	0.795196595682	0.0468774160827	0.0696574033412
júp-	0.0	1.0	0.0	0.0
xex-	0.312654706325	0.229833575494	0.136168673654	0.321343044528
beq-	0.623823675087	0.29990094106	0.0326894502229	0.0435859336304
inp-	0.223744292237	0.260273972603	0.260273972603	0.255707762557
txa-	0.52427184466	0.300970873786	0.116504854369	0.0582524271845
son-	0.0187396308201	0.0237550091931	0.170468434219	0.787036925767
bte-	0.104341267181	0.840177673483	0.0328528327188	0.0226282266175
der-	0.228547948311	0.379062673894	0.125674965479	0.266714412316
neg-	0.406434844954	0.29324251658	0.07725398817	0.223068650296
ayu-	0.328060522696	0.552441540578	0.0490027510317	0.0704951856946
tib-	0.0183626625861	0.905891354246	0.0573833205815	0.0183626625861
xèn-	0.177309615974	0.521420429378	0.237197183147	0.0640727715015
ilé-	0.356580829757	0.349785407725	0.155579399142	0.138054363376
lij-	0.301890249135	0.162247712032	0.389800835744	0.146061203089
bée-	0.117258634587	0.754854794658	0.127886570755	0.0
spe-	0.298990971853	0.701009028147	0.0	0.0
paf-	0.02	0.98	0.0	0.0
abr-	0.082110637793	0.858476718444	0.0264370509857	0.0329755927769
zaq-	0.117028065747	0.765334051877	0.0428857090183	0.0747521733581
cul-	0.366403607666	0.268320180383	0.146561443066	0.218714768884
zac-	0.120370985871	0.754562773317	0.0192358577752	0.105830383036
her-	0.074174309667	0.817814214106	0.0474616041165	0.0605498721102
ate-	0.0127795527157	0.968051118211	0.0127795527157	0.00638977635782
bec-	0.396628481937	0.37327772792	0.176881521758	0.0532122683842
dor-	0.105300164532	0.338667716668	0.0227812855958	0.533250833204
pat-	0.122644959557	0.732693231134	0.0293811769353	0.115280632374
laj-	0.533807829182	0.380782918149	0.0213523131673	0.0640569395018
yo'-	0.159588881911	0.688264294438	0.0812915061638	0.0708553174866
gu'-	0.0481992560341	0.0384630641731	0.00823971409339	0.905097965699
diz-	0.180207350934	0.144523922239	0.581329186809	0.0939395400176
jam-	0.0	0.854914762423	0.0761697497279	0.0689154878491
axà-	0.364028333847	0.392670157068	0.172466892516	0.0708346165691
vig-	0.126184061875	0.873815938125	0.0	0.0
yé'-	0.270693285469	0.471883650516	0.119720476167	0.137702587848
ent-	0.0	0.764705882353	0.0	0.235294117647
nge-	0.375	0.625	0.0	0.0
fxa-	0.449099836334	0.296563011457	0.150081833061	0.104255319149
che-	0.0386607277045	0.0319718527425	0.0107450400339	0.918622379519
yac-	0.561131518815	0.100945824777	0.104705984439	0.23321667197
nth-	0.428651385067	0.354328071593	0.136264549077	0.0807559942626
asi-	0.0726168116831	0.904695465522	0.00739392080953	0.0152938019855
blu-	0.406193938249	0.385327164574	0.181443363862	0.0270355333145
hid-	0.987432675045	0.0125673249551	0.0	0.0
mue-	0.155790912197	0.736248718825	0.087461564742	0.0204988042364
tol-	0.397451910153	0.111453907188	0.0638316663789	0.42726251628
bni-	0.455096438063	0.263242143302	0.0917893887432	0.189872029892
fcu-	0.467787767271	0.227558578283	0.135091070014	0.169562584432
mus-	0.0	0.957932692308	0.0420673076923	0.0
pud-	0.00867052023121	0.991329479769	0.0	0.0
bga-	0.285988483685	0.432821497121	0.164107485605	0.117082533589
tuh-	0.972036950188	0.0279630498123	0.0	0.0
moi-	0.0675228936166	0.876532393002	0.0199228860463	0.0360218273353
roo-	0.121468516015	0.307689655931	0.536073075312	0.0347687527415
oni-	0.0	1.0	0.0	0.0
met-	0.0746215872118	0.786037629085	0.0381949356344	0.101145848069
zit-	0.390653756902	0.566135872609	0.0168040329679	0.026406337521
rsa-	0.0977998427704	0.767266475659	0.0650019575903	0.0699317239804
cón-	0.195458655483	0.0403856836162	0.00189679169722	0.762258869204
fsu-	0.608	0.216	0.032	0.144
ryo-	0.181548248384	0.0984127782839	0.0129333384368	0.707105634895
xyà-	0.517908787071	0.210753648767	0.13907716694	0.132260397222
ta'-	0.433985490606	0.0820222543088	0.0133034621749	0.47068879291
fto-	0.370820279674	0.393377529712	0.0958988236483	0.139903366965
san-	0.430049764209	0.382908584999	0.0960883556362	0.0909532951563
ith-	0.108552631579	0.286184210526	0.0986842105263	0.506578947368
nii-	0.48183177274	0.18676058459	0.0240384628582	0.307369179812
yèe-	0.195484246901	0.491536160294	0.0329436572007	0.280035935604
arm-	0.0417246175244	0.949930458971	0.0	0.00834492350486
cal-	0.24426573198	0.682099682956	0.0239534192378	0.0496811658264
fxo-	0.346071842521	0.329169309923	0.108512637549	0.216246210007
tel-	0.729401395812	0.152937040297	0.0300114269224	0.0876501369687
yuh-	0.682971267019	0.26716861852	0.0252873788886	0.0245727355722
xlè-	0.234829699856	0.711079755993	0.0323048165955	0.0217857275553
xòo-	0.307819750504	0.648374483141	0.024008929637	0.0197968367182
gox-	0.187736141504	0.129263920945	0.624076120286	0.0589238172655
nté-	0.720602069614	0.183443085607	0.0169332079021	0.0790216368768
mes-	0.217380141085	0.674164784522	0.00359457071861	0.104860503675
sed-	0.0	0.696	0.304	0.0
bda-	0.400625978091	0.510172143975	0.0516431924883	0.037558685446
adi-	0.0	1.0	0.0	0.0
ami-	0.0802083399533	0.875750475047	0.0188747935711	0.0251663914282
juà-	0.0560879810901	0.782304844319	0.00818813205592	0.153419042535
str-	0.107142857143	0.857142857143	0.0357142857143	0.0
yéq-	0.133010655861	0.493333833609	0.0334871679424	0.340168342588
dèn-	0.0	1.0	0.0	0.0
gól-	0.0	0.966005665722	0.0339943342776	0.0
ged-	0.0	1.0	0.0	0.0
izl-	0.0817262660821	0.702461983175	0.0267895834061	0.189022167337
rso-	0.222304648863	0.562333202695	0.187158240487	0.0282039079559
bun-	0.144329896907	0.427835051546	0.288659793814	0.139175257732
gat-	0.474792971814	0.360967582787	0.0421629203233	0.122076525076
yem-	0.428571428571	0.428571428571	0.107142857143	0.0357142857143
sat-	0.454045431565	0.0918764491553	0.120844301878	0.333233817402
the-	0.453109278481	0.435609136124	0.064196478871	0.0470851065244
ani-	0.0212765957447	0.957446808511	0.0212765957447	0.0
xaa-	0.0284191829485	0.412078152753	0.0532859680284	0.50621669627
gòn-	0.583148421099	0.17563389447	0.0685367137972	0.172680970634
bix-	0.139290361422	0.644816375677	0.148996912082	0.0668963508186
tó'-	0.238921001927	0.468978805395	0.0393063583815	0.252793834297
ban-	0.366806872409	0.378753299415	0.035858886236	0.21858094194
ndl-	0.481859729106	0.236861547793	0.0652236013309	0.21605512177
arq-	0.0708661417323	0.905511811024	0.0	0.0236220472441
ale-	0.281959090526	0.0780383769872	0.0389470267469	0.60105550574
sid-	0.0112612612613	0.757789039039	0.0	0.2309496997
luc-	0.0396121312152	0.94800907778	0.0	0.0123787910047
fxì-	0.583333333333	0.291666666667	0.0416666666667	0.0833333333333
dec-	0.0184615384615	0.732307692308	0.0	0.249230769231
gàt-	0.338907469342	0.453734671126	0.100334448161	0.107023411371
ngx-	0.398561286782	0.468199122025	0.0324096302901	0.100829960903
var-	0.167486237264	0.779623372022	0.0352602604765	0.0176301302383
vez-	0.0981923644292	0.290960435441	0.0192148163317	0.591632383798
ina-	0.0932886327979	0.257405103572	0.110285180708	0.539021082923
cre-	0.0699523728525	0.849676815785	0.0491154958326	0.0312553155298
fav-	0.460485963671	0.249216459408	0.0214673271998	0.268830249722
fre-	0.176470588235	0.625	0.110294117647	0.0882352941176
mde-	0.324922459288	0.576134528091	0.0313501498336	0.0675928627877
bay-	0.0790513833992	0.920948616601	0.0	0.0
tia-	0.0	1.0	0.0	0.0
ino-	0.677715152114	0.193427601437	0.0764659349353	0.0523913115132
lii-	0.105774671862	0.753203167052	0.0150876644139	0.125934496671
ang-	0.125278604878	0.710569813836	0.0694835285981	0.0946680526879
quì-	0.175228312554	0.769247080726	0.020378310577	0.0351462961432
mbi-	0.121570123369	0.301230290897	0.0248255848746	0.55237400086
zap-	0.375975039002	0.561622464899	0.0624024960999	0.0
cum-	0.0836431226766	0.827137546468	0.0	0.0892193308551
zab-	0.191627912617	0.449817800387	0.286232257517	0.0723220294793
ndí-	0.795221843003	0.184300341297	0.0	0.0204778156997
leq-	0.0528902288884	0.0431288178588	0.133452008487	0.770528944765
apá-	0.723793677205	0.176372712146	0.0	0.0998336106489
nef-	0.0	1.0	0.0	0.0
nit-	0.297969875573	0.386378519974	0.315651604453	0.0
ngd-	0.452312138728	0.492774566474	0.0404624277457	0.014450867052
too-	0.413954189643	0.0914222857102	0.0231767863509	0.471446738296
nti-	0.19793814433	0.354639175258	0.150515463918	0.296907216495
nah-	0.162442396313	0.595622119816	0.214285714286	0.0276497695852
yàt-	0.588867654085	0.150023889154	0.011944577162	0.249163879599
feb-	0.0579710144927	0.942028985507	0.0	0.0
nàl-	0.285347043702	0.13881748072	0.483290488432	0.0925449871466
lod-	0.277777777778	0.722222222222	0.0	0.0
yèn-	0.425218161061	0.30828504806	0.130106059972	0.136390730906
huà-	0.551220214924	0.351132484408	0.00448688169815	0.0931604189699
ngó-	0.520031914269	0.348329407502	0.0535203991712	0.0781182790582
elm-	0.0	1.0	0.0	0.0
ran-	0.109496906107	0.852838310465	0.00914716168952	0.028517621738
agr-	0.0361216730038	0.893536121673	0.0218631178707	0.0484790874524
leg-	0.0241017629993	0.815219817005	0.0241017629993	0.136576656996
ron-	0.322015725518	0.541458184417	0.0185847033595	0.117941386705
aa'-	0.18287037037	0.0949074074074	0.0104166666667	0.711805555556
nxa-	0.571813065819	0.249571813066	0.0	0.178615121116
ofi-	0.152570480929	0.807628524046	0.0398009950249	0.0
ftl-	0.455166867712	0.4041013269	0.108564535585	0.032167269803
yáp-	0.729373502225	0.124272509415	0.0556316330024	0.0907223553578
tec-	0.669111552363	0.202059141802	0.0316375349064	0.0971917709286
cam-	0.096456289783	0.806465567563	0.0846410852323	0.0124370574219
yan-	0.407492526542	0.402911236194	0.0304780783624	0.159118158901
min-	0.137802607076	0.763500931099	0.0540037243948	0.0446927374301
xlé-	0.00297412511153	0.997025874888	0.0	0.0
est-	0.153175591532	0.581569115816	0.183063511831	0.0821917808219
ro'-	0.4563840706	0.368043498507	0.109771421217	0.0658010096757
lul-	0.10012438434	0.178366285403	0.566032483064	0.155476847193
mxi-	0.461103161181	0.14201465678	0.275465070899	0.12141711114
see-	0.338331963845	0.537900575185	0.0338948233361	0.0898726376336
xì'-	0.34	0.64	0.0	0.02
gáa-	0.470093253679	0.357351012677	0.0471732478508	0.125382485793
max-	0.0326028861571	0.939604489578	0.0	0.0277926242651
ñib-	0.208380346914	0.570728978875	0.0383482656007	0.182542408611
sto-	0.0	0.684210526316	0.315789473684	0.0
gog-	0.0	1.0	0.0	0.0
lín-	0.0194395493005	0.874523329375	0.0308994099782	0.0751377113461
ngá-	0.198736234235	0.193014178726	0.234612316222	0.373637270816
yox-	0.075	0.625	0.25	0.05
mbé-	0.0615946523554	0.914940718176	0.0	0.0234646294687
anz-	0.263714113286	0.0780583661881	0.304954785837	0.353272734689
mta-	0.639631109501	0.191867370526	0.0409139729042	0.127587547069
pri-	0.138063878349	0.80393097533	0.0	0.0580051463212
guu-	0.549161104095	0.23598037447	0.0727998217148	0.14205869972
yóo-	0.139887312998	0.860112687002	0.0	0.0
liz-	0.129904522635	0.6546956203	0.00984415534707	0.205555701717
arp-	0.00876232201533	0.896312522819	0.0949251551662	0.0
men-	0.368061096546	0.43401704992	0.110047574196	0.0878742793378
ric-	0.0590183271168	0.116892345485	0.7495691928	0.0745201345984
sie-	0.131361225451	0.101656734451	0.709283037415	0.0576990026827
ze'-	0.652996845426	0.296529968454	0.0504731861199	0.0
nse-	0.520510483136	0.427399400964	0.0312540695404	0.0208360463602
squ-	0.0589342719162	0.734877629533	0.155439142179	0.0507489563723
laz-	0.534759358289	0.411764705882	0.0374331550802	0.0160427807487
nca-	0.48482741771	0.376186709353	0.0997285921512	0.0392572807863
mye-	0.0634234857645	0.142426216059	0.0289383055429	0.765211992634
bra-	0.24	0.76	0.0	0.0
eti-	0.0	0.847133757962	0.152866242038	0.0
elí-	0.0733944954128	0.926605504587	0.0	0.0
bes-	0.437220982143	0.479073660714	0.0711495535714	0.0125558035714
hor-	0.181978413129	0.417933945272	0.0169076427839	0.383179998815
pad-	0.281964436918	0.697713801863	0.0101608806097	0.0101608806096
cle-	0.0989247311828	0.763440860215	0.0494623655914	0.0881720430107
ble-	0.380291796221	0.293231284382	0.187754125807	0.13872279359
msa-	0.379487179487	0.500854700855	0.0923076923077	0.0273504273504
sai-	0.0813953488372	0.558139534884	0.209302325581	0.151162790698
bie-	0.516148206856	0.303348523875	0.062908658609	0.11759461066
heb-	0.0191795418221	0.949387320192	0.0122535961641	0.019179541822
pch-	0.207778369739	0.381992541289	0.362280234417	0.0479488545551
tu'-	0.46166031758	0.408214838004	0.108625957078	0.0214988873383
nay-	0.222125651211	0.381106575163	0.321118339412	0.0756494342142
xop-	0.0325338579103	0.176817734735	0.406673223878	0.383975183476
bau-	0.587292120659	0.369777362941	0.0232285969461	0.0197019194536
fes-	0.09927963071	0.844262555199	0.0140119272259	0.0424458868646
tìi-	0.26554214243	0.380319531815	0.144721567562	0.209416758193
lep-	0.114754098361	0.819672131148	0.0327868852459	0.0327868852459
cóp-	0.504288757124	0.398998330551	0.0276322606643	0.0690806516608
dav-	0.0245236223209	0.937422953664	0.00312542531536	0.0349279986997
tan-	0.31257313047	0.208687433479	0.0623591818791	0.416380254172
dep-	0.676752767528	0.252398523985	0.0442804428044	0.0265682656826
rni-	0.0770791075051	0.141987829615	0.738336713996	0.0425963488844
nea-	0.0	1.0	0.0	0.0
mcò-	0.72262901412	0.110058727977	0.0411095839061	0.126202673997
rem-	0.349040527525	0.529080536415	0.0674223901608	0.0544565458991
caí-	0.0253456221198	0.905529953917	0.0138248847926	0.0552995391705
ngu-	0.458989436947	0.237753135208	0.0917103457699	0.211547082075
ñàa-	0.666666666667	0.151515151515	0.0909090909091	0.0909090909091
ngc-	0.40350877193	0.263157894737	0.263157894737	0.0701754385965
xit-	0.0715390564578	0.63901778809	0.192768754834	0.0966744006187
gui-	0.570836061995	0.190133158699	0.173542894564	0.0654878847413
dia-	0.0	1.0	0.0	0.0
yaa-	0.187293945914	0.704723045694	0.0525173660795	0.0554656423125
bèn-	0.157894736842	0.842105263158	0.0	0.0
xto-	0.0967720597384	0.793904729785	0.0690248418794	0.0402983685972
yác-	0.547822850763	0.189802754001	0.240044659472	0.0223297357648
bee-	0.0954820680019	0.904517931998	0.0	0.0
co'-	0.0261738243334	0.0143036245968	0.000763409235114	0.958759141835
noe-	0.872626064178	0.127373935822	0.0	0.0
put-	0.0	1.0	0.0	0.0
tin-	0.625508047224	0.268897524547	0.0544644945606	0.0511299336691
ayo-	0.014696301876	0.0749956738159	0.0539500605666	0.856357963741
pub-	0.0531914893617	0.925531914894	0.0212765957447	0.0
top-	0.0	1.0	0.0	0.0
xba-	0.567122202262	0.250246062731	0.0590960512277	0.123535683779
myè-	0.888888888889	0.111111111111	0.0	0.0
dad-	0.233863320617	0.766136679383	0.0	0.0
rom-	0.0691689485815	0.745806441317	0.175342819183	0.00968179091854
ti'-	0.809548111719	0.0992855154496	0.0385079335623	0.0526584392688
can-	0.0424688481189	0.935199850287	0.0181125418467	0.00421875974691
jes-	0.0103920453656	0.490974037255	0.00320221309351	0.495431704286
to'-	0.319444444444	0.652777777778	0.0277777777778	0.0
yíi-	0.281822151033	0.255303219994	0.398525076345	0.0643495526283
tá'-	0.207909387598	0.792090612402	0.0	0.0
con-	0.177961634883	0.218309209753	0.0143789150562	0.589350240309
anc-	0.0766182298547	0.883751651255	0.00792602377807	0.0317040951123
yó'-	0.0964139998724	0.817441880376	0.0483813471331	0.0377627726186
yun-	0.409643036515	0.223274242452	0.223441656281	0.143641064752
may-	0.338305024376	0.258565036397	0.0830569221522	0.320073017075
cap-	0.118890751084	0.739198545934	0.0725680868573	0.0693426161254
fsi-	0.789878987899	0.18701870187	0.023102310231	0.0
ara-	0.0178784266984	0.982121573302	0.0	0.0
gad-	0.104104699584	0.835217132659	0.0214158239144	0.0392623438429
zea-	0.452822456716	0.373015059932	0.139329986682	0.0348324966704
sim-	0.146207158454	0.804424190639	0.0170891483908	0.0322795025159
càb-	0.501158852003	0.263610535957	0.0799952037954	0.155235408245
msá-	0.484472049689	0.366459627329	0.0745341614907	0.0745341614907
jus-	0.128552482001	0.781261841607	0.0189465706707	0.0712391057219
alu-	0.134285593765	0.342056344825	0.155633858104	0.368024203305
eze-	0.0	1.0	0.0	0.0
jos-	0.0084388185654	0.973628691983	0.0	0.0179324894515
yec-	0.2219728874	0.304017706188	0.339214902708	0.134794503704
tí'-	0.413353975951	0.424338224318	0.0252815887432	0.137026210988
mbè-	0.118357291985	0.823011962078	0.0360259676779	0.0226047782592
tèe-	0.0993377483443	0.791390728477	0.109271523179	0.0
pos-	0.209963853528	0.593902247368	0.124469589816	0.071664309288
mgo-	0.0688468158348	0.931153184165	0.0	0.0
xáa-	0.546052631579	0.256578947368	0.118421052632	0.0789473684211
bur-	0.171808338115	0.692120331329	0.0341651904893	0.101906140066
cor-	0.131447856919	0.75106458635	0.060264009095	0.0572235476368
bol-	0.252131546894	0.704019488429	0.00974421437272	0.0341047503045
fla-	0.516170144974	0.474271148638	0.00955870638839	0.0
efe-	0.0584062035968	0.90529615575	0.00791948523346	0.0283781554199
iñe-	0.348949259811	0.205047929238	0.261548884456	0.184453926494
mco-	0.621856566284	0.266138084207	0.0642418742388	0.0477634752704
lua-	0.199301737736	0.736389495707	0.0177403493951	0.0465684171622
axt-	0.201539395136	0.0586230094607	0.0340774819823	0.705760113421
aca-	0.0266762797404	0.966594568613	0.0057678442682	0.00096130737803
xnì-	0.106481333393	0.725808301112	0.137082152646	0.0306282128492
jue-	0.161736768431	0.732356897868	0.0675250875641	0.0383812461369
ced-	0.0506329113924	0.949367088608	0.0	0.0
mby-	0.344323015331	0.308324032096	0.117920657215	0.229432295357
biz-	0.163217362684	0.772636322439	0.0346574780324	0.0294888368448
mdu-	0.530156700702	0.104522560456	0.02735451812	0.337966220722
cir-	0.476358551783	0.476874414564	0.0416084058482	0.00515862780501
tli-	0.473605246977	0.226423447428	0.0803443328551	0.21962697274
for-	0.0	1.0	0.0	0.0
trè-	0.16843949389	0.0932230272881	0.0113406149742	0.726996863848
bxe-	0.532188841202	0.210300429185	0.188841201717	0.068669527897
ber-	0.280151468593	0.207238886101	0.0342598118354	0.47834983347
sál-	0.578979297793	0.139531356639	0.063699097596	0.217790247971
fsè-	0.933333333333	0.0666666666667	0.0	0.0
pes-	0.175021428948	0.64582436132	0.0499395405546	0.129214669177
álo-	0.112852664577	0.811912225705	0.0752351097178	0.0
zar-	0.065377738042	0.891037103263	0.0435851586947	0.0
sup-	0.719298245614	0.105263157895	0.0701754385965	0.105263157895
ftà-	0.315934065934	0.197802197802	0.431318681319	0.054945054945
gux-	0.209370520005	0.502497936487	0.242517051132	0.0456144923759
nax-	0.377543694544	0.238248792918	0.278032755122	0.106174757416
bat-	0.0129589632829	0.987041036717	0.0	0.0
zib-	0.412190249959	0.226799114614	0.161960805485	0.199049829941
loi-	0.0397350993378	0.841059602649	0.119205298013	0.0
pay-	0.0573699760728	0.894287810587	0.00524192674778	0.0431002865928
abe-	0.0	1.0	0.0	0.0
bch-	0.268020304569	0.731979695431	0.0	0.0
señ-	0.130674096146	0.835666176538	0.0292964293307	0.00436329798543
tam-	0.414321098852	0.416798018464	0.168880882684	0.0
xtù-	0.309976596505	0.463346926873	0.0412744194403	0.185402057181
ngt-	0.753657004397	0.115094678273	0.0174997756439	0.113748541685
lag-	0.0710104974401	0.879489930334	0.0105925010524	0.0389070711734
byè-	0.251101321586	0.330396475771	0.0088105726872	0.409691629956
nod-	0.38910051037	0.0791885605003	0.0244219451883	0.507288983941
fel-	0.144177316236	0.817059927652	0.0125853104257	0.0261774456854
nto-	0.364595545135	0.379835873388	0.177803829621	0.0777647518562
die-	0.0997464074387	0.900253592561	0.0	0.0
nix-	0.14342033714	0.564029363785	0.259651984774	0.0328983143013
yèt-	0.287156500333	0.670745495514	0.0132308013054	0.0288672028482
mdi-	0.50725794645	0.379915860305	0.0653560468155	0.0474701464296
bed-	0.767240465701	0.119301751677	0.0340645864559	0.0793931961666
làs-	0.605769230769	0.278846153846	0.115384615385	0.0
bìn-	0.832674783017	0.105357513796	0.0216079766625	0.0403597265247
tim-	0.112987404475	0.706063787465	0.0421835266903	0.13876528137
tri-	0.088649264191	0.902191402239	0.00704564120733	0.00211369236221
zen-	0.0767628552832	0.87073117813	0.0368843566934	0.0156216098937
rah-	0.075	0.9125	0.0	0.0125
mol-	0.112970711297	0.887029288703	0.0	0.0
xii-	0.240665368961	0.47070567094	0.251342776176	0.0372861839236
elo-	0.0	0.980392156863	0.0196078431373	0.0
zan-	0.183969964087	0.40553923169	0.322886059419	0.0876047448036
tes-	0.143175837054	0.738364103983	0.0793873215399	0.0390727374233
buà-	0.304465493911	0.695534506089	0.0	0.0
lee-	0.492424242424	0.393939393939	0.0227272727273	0.0909090909091
rol-	0.220535221522	0.456194737027	0.147485351276	0.175784690175
jon-	0.00507356671741	0.984424150178	0.00608828006089	0.00441400304415
jer-	0.0453261933621	0.921648087347	0.00323781561679	0.0297879036744
páp-	0.0460829493087	0.331797235023	0.566820276498	0.0552995391705
mtà-	0.589832869081	0.333217270195	0.0379526462396	0.0389972144847
nzo-	0.328859284766	0.110926043564	0.0340935551588	0.526121116511
zyo-	0.9	0.1	0.0	0.0
yín-	0.366541353383	0.633458646617	0.0	0.0
coo-	0.715025906736	0.129533678756	0.0621761658031	0.0932642487047
tgu-	0.596800370971	0.127753303965	0.244841177835	0.0306051472293
mah-	0.0	1.0	0.0	0.0
eno-	0.0614617940199	0.908637873754	0.00996677740864	0.0199335548173
gos-	0.493391579091	0.416004941501	0.0381488334348	0.052454645973
tea-	0.92927864215	0.0707213578501	0.0	0.0
yal-	0.274271475333	0.587497207109	0.0846536770045	0.0535776405538
xàn-	0.158555866446	0.130064997806	0.00912047019377	0.702258665555
seg-	0.356069933514	0.508495444472	0.0443240581137	0.0911105639005
euf-	0.0	1.0	0.0	0.0
mil-	0.0195599056206	0.191413393073	0.0141736926054	0.774853008701
mdè-	0.512870933143	0.356930044095	0.105291383625	0.0249076391372
za'-	0.1000092687	0.189081471869	0.64139401242	0.0695152470109
ncà-	0.422146432603	0.330403956447	0.11864262508	0.12880698587
pso-	0.0	0.0	0.0189155107188	0.981084489281
ya'-	0.195781496437	0.548405928576	0.0129954756104	0.242817099377
càa-	0.62726954912	0.241303934022	0.0305156988889	0.10091081797
rdi-	0.663917525773	0.268041237113	0.0556701030928	0.0123711340206
ná'-	0.276828734122	0.521243977223	0.0968024529128	0.105124835742
yiz-	0.383769060681	0.284978691823	0.249309492659	0.0819427548374
alt-	0.159678536757	0.375722583009	0.410054401438	0.054544478797
xìi-	0.472913447214	0.390196953413	0.0902061125534	0.0466834868201
jor-	0.0	1.0	0.0	0.0
naí-	0.0805785123967	0.826446280992	0.00619834710744	0.0867768595041
anx-	0.183703426195	0.25152423699	0.478749509637	0.0860228271783
nza-	0.383269906087	0.518019422306	0.0400270077308	0.0586836638765
mzy-	0.464895842961	0.244907627819	0.240637625973	0.0495589032468
por-	0.0282198589428	0.126467189825	0.00464642489899	0.840666526333
nxì-	0.493955094991	0.341968911917	0.13816925734	0.0259067357513
alf-	0.00665485996885	0.988169137833	0.005176002198	0.0
cos-	0.236737174033	0.677251172993	0.0497807778582	0.0362308751156
buu-	0.382955771305	0.617044228695	0.0	0.0
ped-	0.0444889886424	0.798093918688	0.00590132617411	0.151515766496
say-	0.0318228479249	0.957618419123	0.0	0.010558732952
epa-	0.235007191545	0.530861109374	0.144081045588	0.0900506534926
ord-	0.210363495746	0.754060324826	0.0123743232792	0.0232018561485
mch-	0.636226816127	0.214333361988	0.044642174454	0.104797647432
mxu-	0.444810543657	0.530477759473	0.0	0.0247116968698
lyé-	0.614351861811	0.319231720696	0.0332082087465	0.0332082087465
mel-	0.0512037218688	0.924469605672	0.00470838821781	0.0196182842409
gàc-	0.473976543348	0.0549841485732	0.0179991429575	0.453040165121
jud-	0.0741704584082	0.859816232749	0.00645770572066	0.0595556031224
nèd-	0.524390243902	0.060975609756	0.414634146342	0.0
cis-	0.0	1.0	0.0	0.0
ncu-	0.34929606861	0.427390710383	0.121575212508	0.1017380085
ian-	0.0834240938971	0.1048406363	0.0366097386924	0.775125531111
bòo-	0.765957446809	0.191489361702	0.0425531914894	0.0
xqu-	0.144336671154	0.647916743594	0.107257828996	0.100488756256
ca'-	0.48744359177	0.429747852026	0.0603217499936	0.0224868062106
beu-	0.16815666241	0.762735915993	0.0315737193132	0.0375337022846
yu'-	0.601802333444	0.28189429425	0.0716753340956	0.0446280382104
pre-	0.429936056852	0.507397010945	0.0354693512789	0.0271975809247
lax-	0.236842105263	0.731578947369	0.0315789473684	0.0
mtu-	0.396896448821	0.457624589675	0.0335720680394	0.111906893465
per-	0.0194896330081	0.0353828014794	0.00814611258402	0.936981452928
mbo-	0.545205329239	0.0614068753769	0.278249904052	0.115137891332
lid-	0.260693216079	0.58609234991	0.0577412605789	0.0954731734324
div-	0.189125295508	0.806146572104	0.0047281323877	0.0
xye-	0.486910994764	0.17277486911	0.151832460733	0.188481675393
ata-	0.170327900875	0.17363805783	0.136365796101	0.519668245194
gro-	0.571114182579	0.211819487124	0.0241095351198	0.192956795176
spo-	0.111178799878	0.780688394761	0.108132805361	0.0
lev-	0.0349677348188	0.923969996139	0.0351607743643	0.00590149467763
arc-	0.157321102727	0.775546185333	0.0162745968338	0.0508581151058
suc-	0.501542168953	0.278115037156	0.0860386147575	0.134304179134
nec-	0.0378915798731	0.231931578318	0.0163086407055	0.713868201103
nsi-	0.149688149688	0.837837837838	0.012474012474	0.0
jai-	0.189415926954	0.763426053429	0.0311420884266	0.0160159311908
tal-	0.272506754491	0.601179324354	0.0683337606248	0.0579801605301
vay-	0.212871287129	0.757425742574	0.0	0.029702970297
tyè-	0.42555126165	0.228224774793	0.0417207119265	0.30450325163
güi-	0.31914893617	0.531914893617	0.0212765957447	0.127659574468
noc-	0.674692337925	0.223047985585	0.0778917172419	0.0243679592473
taz-	0.0910040239586	0.836924231299	0.0387251165781	0.0333466281645
yáa-	0.139293055733	0.810080509964	0.0032647689455	0.0473616653576
ñèe-	0.527711700232	0.224154885323	0.0530788126797	0.195054601765
chi-	0.219822878071	0.730627958279	0.0112441369857	0.0383050266647
nga-	0.564560318589	0.206549203358	0.112128826851	0.116761651201
tín-	0.160668980282	0.232710477344	0.293848481957	0.312772060417
inz-	0.367919939293	0.316267033331	0.172917896266	0.14289513111
til-	0.0	0.939698492462	0.0603015075377	0.0
huí-	0.515088449532	0.360041623309	0.0624349635796	0.0624349635796
ray-	0.470582997422	0.495934778064	0.0206592449128	0.012822979601
pur-	0.410386965377	0.280040733198	0.156822810591	0.152749490835
evo-	0.0900692840647	0.882217090069	0.0	0.0277136258661
blà-	0.329308577287	0.594889319209	0.0489045829062	0.0268975205984
ter-	0.464480817203	0.483154953524	0.0257814568614	0.0265827724125
ntl-	0.21048503115	0.155787320659	0.105349997491	0.5283776507
nam-	0.136914302694	0.272366695008	0.430330022828	0.16038897947
oli-	0.0327887668822	0.946550866588	0.0114779814057	0.00918238512452
led-	0.355083459788	0.116337885685	0.212443095599	0.316135558928
jec-	0.0172413793103	0.98275862069	0.0	0.0
té'-	0.474889821367	0.385716305998	0.0631444009892	0.0762494716459
col-	0.279922748073	0.374479197997	0.258030979454	0.0875670744754
nim-	0.103448275862	0.896551724138	0.0	0.0
tor-	0.203124191796	0.675399575855	0.121476232349	0.0
avi-	0.723800126859	0.180350976108	0.0211431390513	0.0747057579815
lin-	0.227206277666	0.11468062194	0.0297205730159	0.628392527377
yam-	0.193286327407	0.220416922134	0.0433016554262	0.542995095034
aye-	0.237298664419	0.593424146958	0.113369126326	0.0559080622975
mai-	0.0231897910302	0.929343961039	0.0173525178219	0.0301137301086
ape-	0.0377358490566	0.962264150943	0.0	0.0
car-	0.328572011625	0.354683715675	0.0213834421806	0.29536083052
sca-	0.230522682446	0.728796844181	0.0	0.0406804733728
pól-	0.18185989956	0.389827102298	0.122787267533	0.305525730609
pun-	0.282510535822	0.597080072246	0.0526791089705	0.0677302829621
puñ-	0.31784107946	0.47976011994	0.0449775112444	0.157421289355
ndr-	0.417966003877	0.332801174836	0.101419770331	0.147813050956
càl-	0.488235294118	0.394117647059	0.0470588235294	0.0705882352941
gir-	0.0	0.961290322581	0.0387096774194	0.0
ias-	0.663043478261	0.20652173913	0.0326086956522	0.0978260869565
mna-	0.796877117208	0.111559386762	0.0347036120144	0.0568598840158
ntí-	0.424174174174	0.575825825826	0.0	0.0
fta-	0.495426103348	0.388871224782	0.0376731652624	0.0780295066079
poc-	0.312101910828	0.601910828025	0.0	0.0859872611465
tbe-	0.0235294117647	0.482352941176	0.0470588235294	0.447058823529
cob-	0.111657872387	0.870038825658	0.002931133765	0.0153721681898
xi'-	0.30929362444	0.489947248948	0.121750066576	0.0790090600357
ala-	0.247880167405	0.481465055935	0.0811964329981	0.189458343662
cop-	0.369912840574	0.564271498181	0.0587405868444	0.00707507440059
léy-	0.0609670637702	0.252277505256	0.644709180098	0.042046250876
tàa-	0.172661870504	0.402877697842	0.280575539568	0.143884892086
nxí-	0.576409245376	0.400762665698	0.0171210666943	0.00570702223143
pec-	0.158657513349	0.841342486651	0.0	0.0
tha-	0.0271901517868	0.0213636906896	0.0497191346958	0.901727022828
gob-	0.1165344977	0.795179600029	0.0257058323585	0.062580069912
lyu-	0.528373527621	0.316048051366	0.0598417470152	0.0957366739987
lug-	0.310765963694	0.206449771145	0.0201986413649	0.462585623795
ser-	0.315692590888	0.607915324436	0.0418775885872	0.0345144960884
gàb-	0.463251670379	0.318485523385	0.138084632517	0.0801781737193
ney-	0.278560769358	0.54236445034	0.139280384679	0.0397943956226
cri-	0.0442026035518	0.708285561286	0.00905383330932	0.238458001853
gàp-	0.341809219088	0.358486005912	0.128510594726	0.171194180273
xle-	0.0703707427935	0.819828593689	0.0503129838733	0.059487679644
ché-	0.504722473607	0.0935079452781	0.00959226079359	0.392177320322
luu-	0.438502673797	0.417112299465	0.0160427807487	0.128342245989
nèe-	0.407740833012	0.288585748579	0.182608720336	0.121064698073
máa-	0.549007263409	0.0928531184342	0.0249725244977	0.333167093659
bit-	0.012012012012	0.954954954955	0.033033033033	0.0
uri-	0.0	1.0	0.0	0.0
yii-	0.0760609562717	0.841768126069	0.0292238915616	0.0529470260972
cef-	0.109947643979	0.795811518325	0.0	0.0942408376963
ndó-	0.33451536643	0.66548463357	0.0	0.0
né'-	0.141674333027	0.753449862006	0.0680772769089	0.0367985280589
yig-	0.576000778248	0.32379979571	0.0396420059342	0.060557420108
sur-	0.0583147090473	0.394683111222	0.295381177055	0.251621002676
fri-	0.0127388535032	0.917197452229	0.0573248407643	0.0127388535032
mdy-	0.517107674965	0.234729893347	0.159109759763	0.0890526719263
ico-	0.0596056854654	0.902796882164	0.0183402109124	0.019257221458
bet-	0.170699516058	0.739331280246	0.0281566212055	0.0618125824901
sal-	0.0653458536128	0.906514783587	0.0210524121687	0.00708695063105
xud-	0.0320588958893	0.886529559664	0.00529593253141	0.0761156119152
xhu-	0.153118351808	0.51881088344	0.128485052066	0.199585712686
mbe-	0.503044541684	0.216656617189	0.0324028950253	0.247895946102
lic-	0.121661911326	0.714358990799	0.137530856282	0.0264482415926
xèe-	0.419379692705	0.217713924695	0.117227074266	0.245679308335
guz-	0.0666666666667	0.933333333333	0.0	0.0
ren-	0.0579010158707	0.859002008078	0.0663027367051	0.0167942393458
xà'-	0.291348551868	0.235814963726	0.0998408793591	0.372995605047
naz-	0.169651188338	0.580535559662	0.194583661812	0.0552295901883
cui-	0.7302582592	0.121286789199	0.0745581377121	0.0738968138888
xeq-	0.375665710774	0.0573535436297	0.517820565342	0.049160180254
ngr-	0.417081858683	0.0923035824167	0.0655293939896	0.425085164911
not-	0.421113354485	0.242572829536	0.189212575714	0.147101240265
xco-	0.562811363942	0.366096674296	0.0533189713208	0.0177729904403
toc-	0.319634703196	0.24200913242	0.41095890411	0.0273972602739
ihu-	0.289483896003	0.437588927694	0.182382615444	0.090544560859
rep-	0.661764705882	0.102941176471	0.0	0.235294117647
saf-	0.197690060171	0.448999074288	0.111070932654	0.242239932886
ri'-	0.429563244234	0.244014905488	0.12022233325	0.206199517029
tro-	0.187332200424	0.799153334875	0.00422327021891	0.00929119448159
ela-	0.0	1.0	0.0	0.0
re'-	0.526666666667	0.28	0.0933333333333	0.1
blá-	0.486604523825	0.293070855876	0.0821328466202	0.138191773678
itu-	0.0	1.0	0.0	0.0
teq-	0.214285714286	0.235714285714	0.228571428571	0.321428571429
fen-	0.0104347826087	0.942608695652	0.0104347826087	0.0365217391304
gul-	0.136939638642	0.643694048096	0.0887520173258	0.130614295936
nal-	0.216090542685	0.171407037167	0.158241479804	0.454260940344
rob-	0.0	1.0	0.0	0.0
thì-	0.0303840557375	0.045223664815	0.00453348237065	0.919858797077
daa-	0.0944873211266	0.0201799771668	0.00133693988156	0.883995761825
bye-	0.654658869907	0.326273396018	0.0	0.019067734075
dom-	0.0413793103448	0.5	0.0362068965517	0.422413793103
ngs-	0.16049382716	0.728395061728	0.111111111111	0.0
yum-	0.704805491991	0.185354691075	0.0411899313501	0.0686498855835
teg-	0.427489826013	0.477309794644	0.0671144436744	0.0280859356681
com-	0.231188043922	0.399548735689	0.0562439167801	0.313019303609
job-	0.0956937799043	0.775119617225	0.114832535885	0.0143540669856
jan-	0.0	0.968576262993	0.0	0.0314237370075
yón-	0.855769230769	0.0741758241758	0.0123626373626	0.0576923076923
xca-	0.191727083126	0.794070910716	0.0	0.0142020061575
mon-	0.0412734252085	0.940308519189	0.00188425720483	0.0165337983981
txe-	0.613496932515	0.134969325153	0.196319018405	0.0552147239264
man-	0.429071814613	0.394882139546	0.0380125471335	0.138033498708
yál-	0.0622158651359	0.827943378756	0.0156805796601	0.0941601764481
esp-	0.204633204633	0.72972972973	0.019305019305	0.0463320463321
arf-	0.0	1.0	0.0	0.0
yax-	0.424906270676	0.318532676615	0.181577593178	0.074983459531
zeb-	0.0284793121977	0.965878559914	0.003224073079	0.00241805480924
his-	0.0	0.911764705882	0.0882352941176	0.0
zi'-	0.68746279319	0.191689486844	0.0375044648172	0.0833432551494
yot-	0.426714249299	0.377007392302	0.160591384145	0.0356869742544
rhu-	0.267439453529	0.672531566963	0.0248395777272	0.0351894017802
rub-	0.0	1.0	0.0	0.0
yix-	0.218318507962	0.710210427864	0.050996594861	0.0204744693122
na'-	0.05437252509	0.0232448805156	0.0139183431423	0.908464251252
jop-	0.0127162406403	0.977601342628	0.00193648334624	0.00774593338498
mxe-	0.779570437161	0.0991029992246	0.0160657436885	0.105260819926
cas-	0.351994842683	0.344943538357	0.108034393365	0.195027225594
mzi-	0.810260281924	0.0493075211833	0.0168505146866	0.123581682206
scu-	0.415459287163	0.428788756882	0.112286293828	0.0434656621269
coc-	0.0	0.14406779661	0.85593220339	0.0
bue-	0.119170984456	0.782383419689	0.0673575129533	0.0310880829015
boa-	0.0377358490566	0.924528301887	0.0377358490566	0.0
ant-	0.244299470049	0.147076093888	0.0556448690261	0.552979567037
pol-	0.197716513506	0.777220829853	0.0250626566416	0.0
mte-	0.677520980278	0.218923736804	0.049588253893	0.0539670290246
cué-	0.0	0.130797261484	0.869202738516	0.0
nsè-	0.209326424871	0.359585492228	0.39792746114	0.0331606217617
mar-	0.0470035457181	0.633597871409	0.00547096548719	0.313927617386
xcà-	0.378378378378	0.562653562653	0.0442260442261	0.014742014742
goc-	0.326352212712	0.42525531289	0.102115816558	0.146276657841
gàa-	0.637812059684	0.200729795152	0.0733046714115	0.0881534737527
ngò-	0.656079110915	0.0563645853321	0.0222961084545	0.265260195298
art-	0.0566037735849	0.943396226415	0.0	0.0
mxè-	0.36796043902	0.461755220946	0.0303477041644	0.139936635869
nes-	0.256952169077	0.58064516129	0.124582869855	0.0378197997775
rii-	0.395170468277	0.188211566093	0.0169172023781	0.399700763252
lut-	0.0699758562835	0.766747145722	0.0233252854278	0.139951712567
nsy-	0.175471698113	0.769811320755	0.022641509434	0.0320754716981
asó-	0.111111111111	0.770370370371	0.0	0.118518518518
nda-	0.308852966558	0.24194103106	0.265017837732	0.184188164651
zyè-	0.213219616205	0.726812366738	0.0599680170576	0.0
cés-	0.0	0.775862068966	0.0344827586207	0.189655172414
ciu-	0.159116082981	0.541519410969	0.0131856548523	0.286178851197
lox-	0.0563917525773	0.907113402062	0.00618556701031	0.0303092783505
era-	0.0	1.0	0.0	0.0
xob-	0.369825417397	0.446016619654	0.111702370969	0.0724555919799
yid-	0.129983615511	0.697364827963	0.158315128345	0.0143364281813
bro-	0.162886359506	0.833644458395	0.00346918209902	0.0
bla-	0.574250165	0.251705003789	0.0574445720991	0.116600259112
fam-	0.512222222222	0.274444444444	0.137777777778	0.0755555555555
xít-	0.346290887942	0.562208145365	0.0308964303117	0.0606045363806
ves-	0.22305210846	0.729344066959	0.0476038245808	0.0
sam-	0.0787865268794	0.901472228418	0.00936872629936	0.0103725184028
chè-	0.164382044614	0.785560214584	0.0149283028633	0.0351294379394
lit-	0.339768439315	0.573483938138	0.0219982009329	0.0647494216138
xax-	0.670886075949	0.173417721519	0.0607594936708	0.0949367088608
lib-	0.34321165203	0.560292422712	0.0252950236121	0.0712009016452
gòo-	0.449275866699	0.318522296439	0.061742928467	0.170458908395
lad-	0.116235885273	0.392669348635	0.112191594	0.378903172091
gri-	0.0394288557976	0.464609730889	0.471079125675	0.0248822876393
bto-	0.365482233503	0.634517766497	0.0	0.0
cla-	0.18919598893	0.435934298961	0.118750673903	0.256119038206
nso-	0.504878555117	0.298941249741	0.142204691717	0.0539755034253
nos-	0.597840960925	0.196898281891	0.202980082104	0.00228067507982
tax-	0.568376068376	0.235042735043	0.051282051282	0.145299145299
clo-	0.380859375	0.599609375	0.0	0.01953125
ngo-	0.347024243316	0.166101634154	0.0457753561377	0.441098766392
kil-	0.0675952478492	0.778779188857	0.0430151577223	0.110610405571
res-	0.0367784777797	0.80793461604	0.11442193087	0.0408649753107
páx-	0.244897959184	0.15306122449	0.0	0.602040816327
let-	0.0307323925863	0.903344728255	0.0659228791587	0.0
mso-	0.296703296703	0.627943485086	0.0565149136577	0.0188383045526
xen-	0.519845152508	0.413791636534	0.0663632109585	0.0
blo-	0.588764389671	0.278497302172	0.0637672391114	0.0689710690454
pil-	0.114776241687	0.79570936146	0.0389316583137	0.0505827385389
guc-	0.0631941784758	0.0731520490233	0.863653772501	0.0
msy-	0.274050008346	0.185127859798	0.380206742349	0.160615389507
idu-	0.0	1.0	0.0	0.0
asa-	0.693361433088	0.2708113804	0.0252897787144	0.0105374077977
cho-	0.119836698619	0.201209974676	0.0309712788346	0.647982047871
dib-	0.0806311559777	0.208925913213	0.169203743392	0.541239187417
aná-	0.0197044334975	0.960591133005	0.0197044334975	0.0
yub-	0.20186635996	0.12132913473	0.0336250093775	0.643179495932
dol-	0.463929772379	0.264642842807	0.193385876341	0.0780415084727
cab-	0.484673574636	0.231279850698	0.224013925635	0.0600326490315
naa-	0.25894756346	0.409342785112	0.170948528046	0.160761123382
obl-	0.152866242038	0.611464968153	0.171974522293	0.0636942675159
fxi-	0.507067534216	0.427866277765	0.0269239398698	0.038142248149
rye-	0.0968387109489	0.156745652832	0.0384097166202	0.708005919599
fze-	0.027027027027	0.972972972973	0.0	0.0
joa-	0.0	1.0	0.0	0.0
tub-	0.307889380395	0.351198074419	0.0253810384272	0.31553150676
noo-	0.539458028721	0.178071732616	0.0877856038482	0.194684634815
xin-	0.067500911316	0.429842992949	0.0406656989522	0.461990396783
xàa-	0.22872480654	0.157698787598	0.0291686549921	0.58440775087
api-	0.185185185185	0.814814814815	0.0	0.0
gor-	0.260631001372	0.525377229081	0.0576131687243	0.156378600823
lye-	0.388491962235	0.310283235519	0.199668282725	0.10155651952
ham-	0.0504201680672	0.899159663866	0.0504201680672	0.0
mdí-	0.647893312277	0.229338364531	0.113201960345	0.00956636284606
rag-	0.0	1.0	0.0	0.0
gar-	0.0308191403082	0.969180859692	0.0	0.0
ñaa-	0.286537817495	0.177929539718	0.0880233319063	0.447509310882
gáp-	0.326042293063	0.346531085496	0.183588310995	0.143838310446
xga-	0.0236511283846	0.938545097233	0.0118661460872	0.0259376282951
are-	0.0205128205128	0.979487179487	0.0	0.0
rsi-	0.350711283541	0.428134856171	0.145815304646	0.0753385556415
xlu-	0.75	0.25	0.0	0.0
alc-	0.475060337892	0.414320193081	0.0543041029767	0.0563153660499
ila-	0.0	0.603448275862	0.103448275862	0.293103448276
xpi-	0.0450894406789	0.873591994155	0.0565970986612	0.024721466505
lue-	0.184063616292	0.372919994974	0.0433502665638	0.399666122171
iña-	0.418983888713	0.328118641769	0.157947883227	0.0949495862911
ftu-	0.458858545848	0.371996236518	0.107919223979	0.0612259936542
dye-	0.608186121695	0.306950698534	0.0848631797714	0.0
mas-	0.107462965889	0.100419952393	0.0963376273458	0.695779454372
lùu-	0.0198020994412	0.0293754840758	0.00604840897698	0.944774007506
xna-	0.0828722414646	0.753574664035	0.0637612247583	0.0997918697418
u'a-	0.431135388217	0.264533749512	0.152165431135	0.152165431135
ada-	0.0	1.0	0.0	0.0
enó-	0.0	1.0	0.0	0.0
ora-	0.233541566554	0.541566554541	0.164344065353	0.0605478135512
sóp-	0.0625	0.828125	0.109375	0.0
