jer-	0.0215349504052	0.961507112135	0.00334393639833	0.0136140010617
xom-	0.197193706581	0.210469413761	0.0303853079236	0.561951571734
agu-	0.7102014295	0.187134502924	0.0610786224821	0.0415854450942
tut-	0.165781487102	0.162367223065	0.220789074355	0.451062215478
kaj-	0.0958466453674	0.878594249201	0.00638977635784	0.0191693290735
mla-	0.561362492387	0.161910495485	0.0951958527987	0.181531159329
fig-	0.0	1.0	0.0	0.0
del-	0.187669172932	0.384661654135	0.0117293233083	0.415939849624
nxo-	0.494057724958	0.422750424448	0.0611205432937	0.0220713073005
maa-	0.126827062076	0.533624705176	0.0150391830317	0.324509049716
xto-	0.0104474461798	0.185099197974	0.0	0.804453355846
ngy-	0.229311187103	0.619540791402	0.0551050317538	0.0960429897411
nzo-	0.296405098133	0.0861269113121	0.0324484274353	0.585019563119
fal-	0.137012761753	0.689045286351	0.088919666134	0.0850222857623
ton-	0.340727808092	0.355847742585	0.159208593409	0.144215855913
abí-	0.0	1.0	0.0	0.0
mah-	0.150271107668	0.752130131681	0.0883036405886	0.00929512006197
alm-	0.651594926171	0.348405073829	0.0	0.0
kez-	0.491195551437	0.250231696015	0.159406858202	0.0991658943466
nle-	0.74670833221	0.125209396871	0.0652272877	0.0628549832187
nyu-	0.427816517893	0.304562576641	0.260082288411	0.0075386170554
mar-	0.0310433801	0.639846395743	0.00413239800032	0.324977826157
lis-	0.262979588445	0.2794349018	0.410806226615	0.0467792831406
mol-	0.0657662947739	0.884908984146	0.0493247210804	0.0
san-	0.0136342978337	0.978639600061	0.00636267232238	0.00136342978337
yal-	0.174315839334	0.743058961158	0.0479522573823	0.0346729421256
nzh-	0.735708209945	0.121800571587	0.0329737546799	0.109517463788
myu-	0.50616674889	0.364084854465	0.0296003946719	0.100148001973
yaz-	0.441860465116	0.22480620155	0.0697674418605	0.263565891473
yiʼ-	0.558139534884	0.325581395349	0.0697674418605	0.046511627907
wii-	0.741788888654	0.132431370473	0.0261412429296	0.0996384979426
bte-	0.608951123798	0.27975232616	0.0545390070801	0.0567575429613
tse-	0.348310078082	0.444997603754	0.164698039216	0.041994278947
der-	0.03	0.97	0.0	0.0
ski-	0.0283018867924	0.948542024014	0.0154373927959	0.00771869639793
kat-	0.134328358209	0.701492537313	0.0597014925373	0.10447761194
pró-	0.0	1.0	0.0	0.0
neg-	0.395793499044	0.535372848948	0.0114722753346	0.057361376673
ayu-	0.377490638945	0.299303077732	0.0486522915295	0.274553991793
gál-	0.30303030303	0.575757575758	0.0909090909091	0.0303030303031
mil-	0.0662057651746	0.376569352841	0.0919013023536	0.465323579631
tib-	0.0	1.0	0.0	0.0
gan-	0.422588283129	0.236868128324	0.0662374645407	0.274306124006
yer-	0.0177514792899	0.96449704142	0.0177514792899	0.0
mbi-	0.453867114882	0.456621770018	0.0262711783923	0.0632399367081
sen-	0.354947937248	0.605387556311	0.0293779143286	0.0102865921125
xap-	0.665529010239	0.296928327645	0.0170648464164	0.0204778156997
lya-	0.0954301075268	0.84811827957	0.0564516129033	0.0
lij-	0.417499103529	0.157266533477	0.0904666769121	0.334767686082
nka-	0.394211867521	0.449977642522	0.0538848901986	0.101925599759
lor-	0.427471344531	0.392305334475	0.0858810661076	0.0943422548866
ked-	0.518385472027	0.361276895883	0.0555746453616	0.0647629867281
spe-	0.268933539413	0.693972179289	0.0185471406492	0.0185471406492
paf-	0.0	1.0	0.0	0.0
kix-	0.687675146986	0.27001483598	0.0173086433321	0.0250013737019
abr-	0.0550475131343	0.90282118702	0.028439716133	0.0136915837122
mud-	0.327383987761	0.0560938296787	0.489546149924	0.126976032636
zaq-	0.00857755539671	0.909935668335	0.0686204431737	0.0128663330951
así-	0.0	1.0	0.0	0.0
nen-	0.215726750635	0.0367565502453	0.0313031475685	0.716213551552
adm-	0.0	1.0	0.0	0.0
zac-	0.114902839511	0.799213900011	0.0340888219521	0.0517944385262
mka-	0.749403686409	0.115257076395	0.0259482202714	0.109391016924
gaw-	0.649300874097	0.239354047053	0.027995334111	0.0833497447396
ate-	0.0064935064935	0.987012987013	0.0	0.0064935064935
nta-	0.412616908124	0.439299468183	0.101320374106	0.0467632495874
tii-	0.745110410095	0.230283911672	0.0132492113565	0.011356466877
xne-	0.19657072872	0.607847755429	0.0932686419521	0.102312873899
bna-	0.47108335596	0.463028328356	0.0334871934112	0.0324011222735
kam-	0.0235838971224	0.943398646906	0.0188671176979	0.0141503382734
cil-	0.00511508951406	0.994884910486	0.0	0.0
kan-	0.07529490591	0.889379027957	0.0132428581582	0.0220832079745
urí-	0.0	1.0	0.0	0.0
dor-	0.039357166284	0.837979665464	0.0734667103968	0.049196457855
tag-	0.493978541712	0.300197065908	0.119115393037	0.0867089993432
pat-	0.112415897572	0.861065187187	0.0115082085008	0.0150107067401
yiz-	0.215742414548	0.653543892613	0.0538674942313	0.0768461986069
mni-	0.562526008979	0.22610216265	0.0361834426775	0.175188385693
yin-	0.0	1.0	0.0	0.0
alt-	0.116587808019	0.133712433621	0.145418240222	0.604281518137
gwi-	0.295533390803	0.466332631947	0.210758872326	0.027375104925
jor-	0.00977653631288	0.990223463687	0.0	0.0
naí-	0.037037037037	0.925925925926	0.0	0.037037037037
mke-	0.537453702196	0.203468782367	0.0634717698895	0.195605745547
nye-	0.257061759975	0.604317877381	0.0547609093426	0.0838594533013
noo-	0.925480769231	0.0745192307692	0.0	0.0
gen-	0.0533333333333	0.92	0.0	0.0266666666667
raz-	0.0429973091242	0.926463211382	0.00441363106905	0.0261258484248
diz-	0.431258158612	0.405811348729	0.0657523649901	0.0971781276692
gru-	0.0858164481525	0.816448152563	0.0858164481525	0.0119189511323
ngw-	0.543493848066	0.285469107928	0.0549341676763	0.11610287633
nza-	0.129311169236	0.489212587784	0.049940129955	0.331536113025
rek-	0.692038712424	0.154668603283	0.103305939415	0.0499867448781
mwi-	0.874485329574	0.0632163655922	0.00901368745132	0.053284617382
nig-	0.0	0.964285714286	0.0357142857143	0.0
por-	0.0506540722476	0.0728829111273	0.0238875497657	0.852575466859
toʼ-	0.437678896695	0.355971896956	0.100442362737	0.105906843612
alf-	0.0	1.0	0.0	0.0
pas-	0.0194931773879	0.957981373186	0.00584795321637	0.0166774962097
cos-	0.096018735363	0.852459016393	0.0374707259954	0.0140515222482
mor-	0.0502793296089	0.108938547486	0.840782122905	0.0
nge-	0.419912002576	0.466489579186	0.0346374981128	0.0789609201257
zer-	0.316205533597	0.573122529644	0.0632411067194	0.0474308300395
xka-	0.347734457323	0.649104320337	0.00316122233931	0.0
jas-	0.0335664335664	0.94965034965	0.0167832167832	0.0
nkw-	0.781487317106	0.115629122292	0.0513292162303	0.0515543443717
sau-	0.0679541041942	0.706222686866	0.0121211334125	0.213702075528
rat-	0.575777630708	0.225678358703	0.0397088021178	0.158835208471
che-	0.0867366364296	0.303269161413	0.0374116057284	0.572582596429
epa-	0.0696902654868	0.893805309735	0.0265486725664	0.00995575221238
yac-	0.797153024911	0.128113879004	0.0320284697509	0.0427046263345
nth-	0.435482134991	0.389118902566	0.154356219326	0.0210427431168
asi-	0.0252653927813	0.95881104034	0.0146496815287	0.00127388535032
dia-	0.003663003663	0.996336996337	0.0	0.0
nan-	0.0516878450908	0.697697741825	0.220747875729	0.0298665373552
gax-	0.195197670266	0.233732794857	0.0513860270887	0.519683507789
bts-	0.512261010093	0.297952056454	0.0418922790572	0.147894654396
blu-	0.0995138314199	0.182651252989	0.281604199688	0.436230715903
lau-	0.318181818182	0.477272727273	0.159090909091	0.0454545454545
mgw-	0.583529066354	0.195757486788	0.0414709336465	0.179242513212
tér-	0.0254777070064	0.910828025478	0.0382165605095	0.0254777070063
nog-	0.0792496801229	0.0630203627312	0.0239403750545	0.833789582091
kya-	0.934782608696	0.0434782608696	0.0	0.0217391304348
tol-	0.342592592593	0.518518518519	0.12037037037	0.0185185185185
mel-	0.0718323628172	0.919241722277	0.00510052280359	0.00382539210269
kri-	0.0	0.846846846847	0.153153153153	0.0
bni-	0.363018514178	0.597140848371	0.0224982423248	0.0173423951254
tew-	0.541176470588	0.176470588235	0.0211764705883	0.261176470588
mir-	0.0105757931845	0.982373678026	0.00705052878965	0.0
isa-	0.00558999684775	0.99264474099	0.00132394662183	0.000441315540612
tee-	0.293964075838	0.144341993331	0.0504052957339	0.511288635097
mle-	0.671900056135	0.158542322079	0.0688303217153	0.100727300071
mus-	0.0471698113207	0.858490566038	0.0943396226415	0.0
eut-	0.0677966101695	0.932203389831	0.0	0.0
pud-	0.0238095238095	0.97619047619	0.0	0.0
dio-	0.13175970345	0.637018759208	0.0094119790951	0.221809558247
bab-	0.0182386659719	0.917665450756	0.0422094841063	0.0218863991662
ita-	0.00651465798045	0.846905537459	0.14657980456	0.0
eno-	0.0786516853932	0.921348314607	0.0	0.0
fwe-	0.481690140845	0.414084507042	0.0704225352112	0.0338028169014
fla-	0.34188034188	0.635327635328	0.022792022792	0.0
moi-	0.135311690232	0.834759130073	0.0084515763724	0.0214776033226
doo-	0.271047227926	0.722792607803	0.0	0.00616016427104
xid-	0.106782049814	0.126189000438	0.0188747774387	0.748154172309
bxi-	0.0	0.929336188437	0.0578158458244	0.0128479657388
rid-	0.347149065606	0.180063031592	0.0597783848648	0.413009517937
tow-	0.640115298088	0.169431946007	0.144169478815	0.0462832770904
roo-	0.105147833213	0.189783259537	0.0219067449869	0.683162162262
jud-	0.0577535544261	0.892738032739	0.00688660269579	0.0426218101391
btu-	0.832438238453	0.0789473684211	0.0886143931257	0.0
non-	0.145161290323	0.193548387097	0.451612903226	0.209677419355
uba-	0.290322580645	0.596774193548	0.112903225806	0.0
uzí-	0.0	1.0	0.0	0.0
zha-	0.0436854633792	0.154858547077	0.00420619626716	0.797249793277
mal-	0.282891566265	0.538795180723	0.0621686746988	0.116144578313
adá-	0.0399515738499	0.921307506053	0.0163438256659	0.022397094431
thi-	0.0656931114687	0.100284556554	0.0476408169076	0.78638151507
sab-	0.00516894802336	0.990236431511	0.00459462046521	0.0
nli-	0.659259259259	0.214814814815	0.0592592592593	0.0666666666666
esr-	0.0	1.0	0.0	0.0
nin-	0.556880573411	0.049429245342	0.0102456212039	0.383444560043
paj-	0.087697285927	0.896062475938	0.0162402381346	0.0
koj-	0.363636363636	0.4	0.236363636364	0.0
sir-	0.0381558028617	0.907790143084	0.0508744038156	0.00317965023847
yez-	0.0615091772492	0.572664768028	0.0125603982008	0.353265656522
pub-	0.0342857142857	0.862857142857	0.0514285714285	0.0514285714286
mro-	0.422755728712	0.0812096115665	0.0580576636025	0.437976996119
bkw-	0.609409190372	0.0853391684901	0.167396061269	0.137855579869
pey-	0.0237766006674	0.781696236574	0.00586589289506	0.188661269864
ral-	0.754208754209	0.188552188552	0.037037037037	0.020202020202
sma-	0.0854214123006	0.706150341686	0.0273348519362	0.181093394077
pre-	0.740403383214	0.210800260247	0.0156148340924	0.0331815224463
ALL	0.232845869959	0.284544752503	0.0537066131563	0.428902764382
ana-	0.0931836183199	0.853934678284	0.0228299864884	0.0300517169082
swe-	0.260344827586	0.739655172414	0.0	0.0
ast-	0.077582882265	0.0574910983123	0.0824667393823	0.78245928004
nii-	0.103559699957	0.8254928583	0.0174212579367	0.0535261838056
mae-	0.0115472858836	0.951541739152	0.024960290447	0.0119506845171
mtu-	0.492578181294	0.318777921891	0.139357256089	0.0492866407263
per-	0.0373335110453	0.0400646104936	0.00656489241715	0.916036986044
bth-	0.700198231648	0.270727793336	0.0249205500142	0.00415342500237
cal-	0.0625	0.9375	0.0	0.0
nex-	0.398107900793	0.184607517259	0.30299156226	0.114293019688
big-	0.490880072959	0.25056999544	0.0875512995896	0.170998632011
plo-	0.346358236949	0.27492966552	0.155829946858	0.222882150672
zor-	0.0	1.0	0.0	0.0
nke-	0.410059781549	0.35515705147	0.0865303328318	0.14825283415
tel-	0.481636166346	0.266691293603	0.138973620046	0.112698920006
gaa-	0.129359653747	0.239328175222	0.1109175203	0.520394650731
wli-	0.152350018292	0.334277950251	0.199216869805	0.314155161652
lid-	0.00727272727272	0.992727272727	0.0	0.0
div-	0.31914893617	0.585106382979	0.095744680851	0.0
yed-	0.518518518519	0.407407407407	0.0	0.0740740740741
gas-	0.564371257485	0.273952095808	0.116766467066	0.0449101796407
ata-	0.0	1.0	0.0	0.0
far-	0.0152546954854	0.981333916917	0.000901121252301	0.0025102663457
gox-	0.077038145101	0.22687609075	0.641485913737	0.0545998504114
yot-	0.228212144146	0.28052046341	0.0941375094603	0.397129882983
rud-	0.0281690140845	0.971830985916	0.0	0.0
nag-	0.131613060984	0.239862790631	0.164740962249	0.463783186136
yik-	0.0361990950226	0.877828054299	0.0814479638009	0.00452488687783
mes-	0.185925629748	0.75381276061	0.00771120123379	0.0525504084081
xni-	0.0754834826995	0.763541044519	0.149872616927	0.0111028558549
num-	0.0217076700434	0.898697539797	0.0	0.0795947901592
kla-	0.164912022381	0.729073106089	0.0	0.106014871531
bda-	0.645454545455	0.327272727273	0.0	0.0272727272727
saú-	0.523255813953	0.414728682171	0.015503875969	0.0465116279069
bin-	0.446876255764	0.433252550985	0.0508794374109	0.0689917558408
reʼ-	0.0654156259788	0.0782846828416	0.0212189556752	0.835080735504
cás-	0.311688311688	0.584415584416	0.103896103896	0.0
tek-	0.539077766821	0.262425199575	0.048087005991	0.150410027613
bta-	0.193230401842	0.729769186813	0.0376266058009	0.0393738055446
tsa-	0.0660627048053	0.0703742511121	0.00545216989935	0.858110874183
mda-	0.453273040813	0.288334908844	0.196477022305	0.0619150280373
laf-	0.335511982571	0.447167755991	0.0686274509804	0.148692810458
jai-	0.100708103855	0.875688434304	0.0141620771046	0.00944138473645
str-	0.0344129554656	0.952091767881	0.0134952766532	0.0
win-	0.0712331743069	0.72427158934	0.1688786492	0.0356165871534
tal-	0.381571888412	0.294024946352	0.268910944206	0.05549222103
ard-	0.719298245614	0.0350877192982	0.0	0.245614035088
ami-	0.0619214810086	0.875837855091	0.0213852537504	0.04085541015
kos-	0.266009852217	0.611285266458	0.0626959247649	0.0600089565606
rod-	0.12037037037	0.861111111111	0.0185185185185	0.0
xan-	0.0609058554359	0.188098466232	0.0438522159139	0.707143462418
pue-	0.0	1.0	0.0	0.0
wan-	0.114537950102	0.708578650501	0.135297103702	0.0415862956941
pon-	0.0	0.993243243243	0.0	0.00675675675677
yow-	0.38986784141	0.25550660793	0.209251101322	0.145374449339
gól-	0.0	1.0	0.0	0.0
ged-	0.0689655172414	0.931034482759	0.0	0.0
chi-	0.171866739769	0.78832232051	0.0155359764764	0.0242749632443
pwe-	0.0570086646692	0.920236456393	0.00688314843307	0.0158717305045
nga-	0.250836120401	0.605351170569	0.137123745819	0.00668896321072
ben-	0.0657963174867	0.882710912306	0.0390096743993	0.0124830958078
dió-	0.0	0.891891891892	0.0540540540541	0.0540540540541
xti-	0.104025038448	0.808098416401	0.0395197163335	0.048356828817
mze-	0.546582483186	0.175054218181	0.219376973702	0.0589863249312
tex-	0.401601497185	0.469874774374	0.0859551969401	0.0425685315007
mat-	0.0254641909814	0.972944297082	0.0	0.00159151193634
jár-	0.0	1.0	0.0	0.0
byu-	0.0523321541884	0.846796251048	0.0374165785347	0.0634550162285
már-	0.0	1.0	0.0	0.0
bke-	0.495646537657	0.360238242768	0.0786753544454	0.0654398651299
nar-	0.131244421979	0.206631450359	0.498328039909	0.163796087754
gat-	0.53231317228	0.257957844579	0.0687400559341	0.140988927207
wun-	0.514024210216	0.280484204311	0.108060230292	0.0974313551816
cua-	0.216666666667	0.7	0.0	0.0833333333333
tye-	0.164527243004	0.346260481321	0.329486481395	0.159725794279
tba-	0.168280294219	0.249859836155	0.0365681196288	0.545291749998
nap-	0.622991112476	0.149408035296	0.0723394415873	0.15526141064
pur-	0.304688399954	0.343969588757	0.186902430596	0.164439580693
sió-	0.023178807947	0.960264900662	0.0	0.0165562913907
esl-	0.0	1.0	0.0	0.0
the-	0.298765432099	0.349382716049	0.0555555555556	0.296296296296
ani-	0.0809012275088	0.812528132946	0.0375916981958	0.0689789413496
ntu-	0.752941176471	0.186554621849	0.0403361344538	0.0201680672269
evo-	0.0	1.0	0.0	0.0
nad-	0.205722384855	0.296473797386	0.441361700756	0.0564421170031
xaa-	0.664875828432	0.220212051527	0.113962433098	0.000949686942481
sec-	0.112676056338	0.830985915493	0.056338028169	0.0
goo-	0.06842623059	0.0351796482317	0.0071019521363	0.889292169042
abi-	0.032	0.965333333333	0.00266666666667	0.0
zhe-	0.32522848034	0.294495217853	0.259766206164	0.120510095643
aka-	0.10109560123	0.568188455642	0.0812907011173	0.249425242011
eub-	0.0895522388059	0.910447761194	0.0	0.0
mli-	0.763433250771	0.111683993552	0.0623992541295	0.0624835015474
luz-	0.414996463098	0.312662107993	0.0636642301343	0.208677198774
fle-	0.0	1.0	0.0	0.0
bix-	0.523489932886	0.476510067114	0.0	0.0
doc-	0.0684326710817	0.883002207506	0.0309050772627	0.0176600441501
ban-	0.27992435124	0.275699032845	0.39045293498	0.0539236809346
adr-	0.176706827309	0.670682730924	0.152610441767	0.0
yug-	0.0434985241572	0.913002951686	0.0289990161048	0.0144995080524
tey-	0.225360531829	0.49438807667	0.0385594528424	0.241691938659
kac-	0.00129617627997	0.99287103046	0.00583279325989	0.0
ter-	0.270799843796	0.06986388742	0.0262524611478	0.633083807636
wen-	0.195299953352	0.259729227549	0.371143216829	0.173827602271
tra-	0.0795113988543	0.868180772197	0.0367379400647	0.0155698888846
xeg-	0.548679482065	0.200903181496	0.218139010328	0.0322783261106
xke-	0.484212438466	0.435066171198	0.00796102474212	0.0727603655934
arq-	0.16	0.79	0.01	0.04
ale-	0.0554932735426	0.806614349776	0.134529147982	0.00336322869955
ker-	0.309523809524	0.666666666667	0.0	0.0238095238095
sid-	0.0200668896321	0.953177257525	0.0100334448161	0.0167224080267
oli-	0.0590752015797	0.905710054303	0.0276452196808	0.00756952443641
mod-	0.218656465201	0.241003381911	0.0745625475129	0.465777605375
yit-	0.110569741861	0.83275282119	0.0533352785049	0.00334215844417
dec-	0.0234741784037	0.774647887324	0.0	0.201877934272
net-	0.293836715032	0.385809692962	0.0604259225178	0.259927669489
bic-	0.178660049628	0.821339950372	0.0	0.0
kon-	0.0744780195779	0.0446891136396	0.0144847626951	0.866348104087
eli-	0.0544719732911	0.833948339483	0.0333860481462	0.0781936390792
nal-	0.189622851661	0.276889490157	0.223174080161	0.310313578021
col-	0.0	1.0	0.0	0.0
bri-	0.45608927705	0.393498301795	0.072295002426	0.0781174187288
loz-	0.117557131184	0.83763409684	0.0260945201508	0.0187142518253
ene-	0.0363636363636	0.854545454546	0.109090909091	0.0
pan-	0.025991416309	0.947845493562	0.00267811158799	0.0234849785408
orn-	0.0401337792642	0.819397993311	0.130434782609	0.010033444816
rom-	0.0296745125456	0.786529946399	0.162666045211	0.021129495844
jez-	0.463881722564	0.474722167097	0.0613961103393	0.0
all-	0.130434782609	0.804347826087	0.0434782608696	0.0217391304348
ari-	0.0316091954023	0.959770114942	0.00862068965518	0.0
efr-	0.0	1.0	0.0	0.0
wuy-	0.686336383717	0.114862732723	0.0	0.198800883559
ema-	0.0675675675675	0.881756756757	0.0506756756756	0.0
baa-	0.0863463441575	0.493234801315	0.0269832325492	0.393435621979
nki-	0.634423623489	0.197360181126	0.113300255311	0.0549159400742
lat-	0.341308279116	0.456130869484	0.0735829054855	0.128977945914
mti-	0.187261146497	0.736305732484	0.0687898089172	0.00764331210193
pen-	0.150745444506	0.503865267808	0.0728879072335	0.272501380453
rab-	0.137931034483	0.689655172414	0.0	0.172413793103
ape-	0.0	1.0	0.0	0.0
éfe-	0.0153614457831	0.97921686747	0.00361445783133	0.00180722891566
nzi-	0.381439587648	0.306058487311	0.0462859293469	0.266215995694
fre-	0.0631578947368	0.8	0.136842105263	0.0
got-	0.311697574893	0.619828815977	0.021398002853	0.0470756062768
xtu-	0.105263157895	0.701754385965	0.19298245614	0.0
xga-	0.180079591619	0.649498654094	0.0354777697924	0.134943984494
lab-	0.546810101346	0.403970759262	0.01370659578	0.0355125436119
ber-	0.0681558141819	0.875558583775	0.0192840306423	0.0370015714005
xkw-	0.616113744076	0.289099526066	0.0	0.0947867298578
ndu-	0.440913604767	0.190665342602	0.311817279047	0.0566037735849
mig-	0.294117647059	0.705882352941	0.0	0.0
car-	0.0	1.0	0.0	0.0
bas-	0.00932801291115	0.973570630085	0.0155466881853	0.00155466881852
yex-	0.0514967552857	0.836717605192	0.0816411974043	0.0301444421185
mkw-	0.759824466249	0.141561067009	0.0465953355357	0.0520191312066
lii-	0.0771196542692	0.88899298731	0.0128373287193	0.0210500297013
yuu-	0.116590541179	0.799252039016	0.0310726716514	0.0530847481539
pól-	0.0338983050847	0.932203389831	0.0	0.0338983050847
oné-	0.137634408602	0.592831541219	0.0215053763441	0.248028673835
ree-	0.121722163568	0.0736176387343	0.0254070549419	0.779253142756
nxe-	0.358434813754	0.428993553009	0.147922636103	0.0646489971347
kee-	0.597870826247	0.22441391225	0.0459399995721	0.13177526193
loʼ-	0.0275142749273	0.0930545983191	0.00916916933754	0.870261957416
jec-	0.0	1.0	0.0	0.0
cai-	0.12808988764	0.865168539326	0.00674157303371	0.0
sod-	0.0114315472599	0.945128573152	0.00914523780793	0.0342946417798
jot-	0.0	1.0	0.0	0.0
ndr-	0.267338436875	0.530540215444	0.0909436216004	0.11117772608
har-	0.0204081632653	0.979591836735	0.0	0.0
tya-	0.252465960821	0.119608190149	0.0249553913513	0.602970457679
zab-	0.0	1.0	0.0	0.0
sus-	0.054054054054	0.945945945946	0.0	0.0
óni-	0.0	0.862745098039	0.137254901961	0.0
sey-	0.195796141664	0.788655341204	0.0112294845955	0.00431903253671
tso-	0.388224907358	0.0858472088096	0.0493352127113	0.476592671121
rox-	0.28812016386	0.645880746473	0.0304961310878	0.0355029585799
yan-	0.425754250879	0.449233681972	0.0546803970416	0.0703316701079
gwo-	0.0382203554556	0.937938931943	0.0123893954888	0.0114513171128
hoz-	0.0164383561644	0.983561643836	0.0	0.0
jes-	0.0180790829286	0.541845190831	0.0033698200413	0.436705906199
bzh-	0.392957239472	0.476159474727	0.0894481826396	0.0414351031608
kow-	0.570729718712	0.103139013453	0.293518141052	0.0326131267835
met-	0.213703099511	0.725938009788	0.00978792822186	0.0505709624796
mna-	0.772627062102	0.128838311874	0.043068114686	0.055466511338
nef-	0.0	1.0	0.0	0.0
ces-	0.0225872689938	0.927104722793	0.0143737166324	0.0359342915811
mki-	0.560323383085	0.268345771144	0.0587686567164	0.112562189055
ken-	0.542363572902	0.279862661789	0.0878336097806	0.0899401555292
azu-	0.0490753911806	0.861308677098	0.0896159317212	0.0
nor-	0.571748878924	0.199551569507	0.0213004484305	0.207399103139
bla-	0.257086390146	0.607407434001	0.0458634078217	0.0896427680317
bka-	0.624787946389	0.223415739847	0.103292076278	0.0485042374857
pél-	0.0	1.0	0.0	0.0
nit-	0.111687509043	0.821330494412	0.0184928827498	0.0484891137956
nya-	0.491911461003	0.340258767168	0.0595733239747	0.108256447854
tró-	0.0221402214022	0.933579335793	0.0332103321033	0.0110701107011
kin-	0.717593008725	0.24215331985	0.0183835664779	0.0218701049479
gok-	0.546654999195	0.270718691293	0.0843106737609	0.0983156357516
bye-	0.341872380065	0.369818351188	0.207265952492	0.0810433162553
par-	0.0618504053909	0.0728508838041	0.0332101423594	0.832088568446
too-	0.338420894454	0.390522873796	0.0431346852097	0.22792154654
ala-	0.105448154657	0.757469244288	0.137082601055	0.0
jul-	0.0715350223547	0.847988077496	0.0	0.080476900149
lay-	0.613307419097	0.217653786947	0.164704465906	0.00433432805017
nti-	0.757575757576	0.212121212121	0.0	0.030303030303
nah-	0.0	1.0	0.0	0.0
mba-	0.134223848963	0.711480698804	0.0504588910906	0.103836561143
zeu-	0.0	0.981132075472	0.0188679245283	0.0
zhi-	0.123550862468	0.799158702177	0.038761970601	0.038528464754
rag-	0.0	1.0	0.0	0.0
feb-	0.0322580645161	0.967741935484	0.0	0.0
pec-	0.102000784621	0.85484503727	0.043154178109	0.0
tha-	0.0378105577463	0.0749720072051	0.0946886714376	0.792528763611
tre-	0.0906574394464	0.439792387543	0.234948096886	0.234602076125
yen-	0.278598403092	0.176150153945	0.0523111712088	0.492940271755
gay-	0.178324898819	0.367380664126	0.0305813075341	0.42371312952
mza-	0.8004701426	0.0853948070938	0.0394651647425	0.0746698855638
lot-	0.0535611808965	0.771982401326	0.166804820506	0.00765159727094
gob-	0.0477028692132	0.881886991727	0.0355571202253	0.0348530188347
dan-	0.0486142370265	0.85415728892	0.0972284740531	0.0
lug-	0.353535353535	0.646464646465	0.0	0.0
apó-	0.0388932806324	0.908260869565	0.0303557312253	0.0224901185771
gre-	0.0322580645161	0.935483870968	0.0322580645161	0.0
ser-	0.16072177927	0.596726814939	0.0511959714645	0.191355434326
wer-	0.101419878296	0.868154158215	0.0182555780933	0.0121703853955
ndi-	0.517892675657	0.315626957135	0.0424524936381	0.12402787357
cri-	0.0512154698277	0.844112064649	0.00720005278745	0.0974724127357
mis-	0.0	1.0	0.0	0.0
naw-	0.34804471782	0.503524446639	0.127957616846	0.0204732186953
ted-	0.103931392209	0.117139980344	0.284288552793	0.494640074654
elm-	0.0	1.0	0.0	0.0
ran-	0.0324324324324	0.947747747748	0.0162162162162	0.00360360360361
twa-	0.1	0.9	0.0	0.0
yon-	0.398526349511	0.222809546692	0.0567035079289	0.321960595867
kob-	0.14115008801	0.754120304794	0.0584717279226	0.0462578792734
xle-	0.086276034459	0.834671911408	0.0701936326633	0.00885842147011
beg-	0.238195488722	0.635187969925	0.116390977444	0.0102255639098
miy-	0.116279069767	0.434593023256	0.0130813953488	0.436046511628
rts-	0.243165513235	0.625855101081	0.0497829369069	0.0811964487773
sos-	0.00877192982456	0.991228070175	0.0	0.0
luu-	0.608323004792	0.32676410675	0.0363072087985	0.0286056796594
tat-	0.187633913383	0.177034503013	0.0748341536133	0.560497429991
gap-	0.700024543268	0.136365698823	0.0474262567597	0.116183501149
yii-	0.14322005475	0.728826267694	0.0357181083146	0.0922355692406
leg-	0.243183709433	0.275441773949	0.375642469039	0.105732047579
nil-	0.46484375	0.37109375	0.0	0.1640625
tyo-	0.111111111111	0.679012345679	0.20987654321	0.0
cef-	0.238095238095	0.698412698413	0.0	0.0634920634921
sin-	0.050858962746	0.0597345772844	0.00906924003108	0.880337219939
lap-	0.0	0.93220338983	0.0677966101695	0.0
arn-	0.0	1.0	0.0	0.0
esa-	0.0670859538784	0.775681341719	0.0440251572327	0.11320754717
loy-	0.237309329101	0.578610021625	0.0872196986209	0.0968609506535
laz-	0.270013980913	0.457783721354	0.18819524649	0.0840070512431
aug-	0.10447761194	0.89552238806	0.0	0.0
mos-	0.0449669782608	0.825760408258	0.0655978835062	0.0636747299754
yig-	0.0	0.975799132802	0.0242008671978	0.0
bec-	0.386846577478	0.449470361994	0.0512068590997	0.112476201429
xbi-	0.139066577964	0.733125223888	0.0492554116985	0.078552786449
sak-	0.0	0.606537432071	0.0	0.393462567929
fri-	0.0134228187919	0.953020134228	0.0268456375839	0.00671140939597
reg-	0.0363636363636	0.927272727273	0.0363636363636	0.0
pla-	0.0746476030189	0.523146655342	0.215698148425	0.186507593215
mdy-	0.0909090909091	0.121212121212	0.757575757576	0.030303030303
mac-	0.00886181113265	0.96879903997	0.0162466537432	0.0060924951537
lam-	0.00950118764847	0.976247030879	0.0142517814727	0.0
ico-	0.0	0.980392156863	0.0130718954248	0.00653594771242
bet-	0.246111775765	0.698854896599	0.00871645872501	0.0463168689113
til-	0.046511627907	0.5730080061	0.0308806709874	0.349599695006
bre-	0.580677770855	0.196633965666	0.0319358050547	0.190752458425
sal-	0.0410697622734	0.939263027624	0.00694136827156	0.0127258418312
cel-	0.35546875	0.265625	0.32421875	0.0546875
neá-	0.0	1.0	0.0	0.0
tec-	0.0902981940362	0.359512809744	0.182696346073	0.367492650147
gab-	0.553062853086	0.240096807928	0.0228308231145	0.184009515872
bti-	0.0466977985324	0.943295530354	0.0	0.0100066711141
tsy-	0.314207088643	0.278203172108	0.034080020789	0.37350971846
den-	0.586245772266	0.315670800451	0.0693348365276	0.0287485907553
mbe-	0.451227849593	0.429256869318	0.0318826620143	0.0876326190751
mya-	0.696690836242	0.14232907285	0.0263285195409	0.134651571366
xak-	0.554061107319	0.192997952383	0.180672100213	0.072268840085
yew-	0.386209104779	0.283803891285	0.227713634566	0.102273369371
yee-	0.219274132876	0.632349687498	0.0741374369059	0.0742387427203
min-	0.00262961561903	0.972389036	0.00262961561902	0.0223517327617
tun-	0.620630910512	0.114317038646	0.21282504575	0.0522270050921
guz-	0.830717488789	0.140775144138	0.0150544522742	0.0134529147982
yaʼ-	0.791008922443	0.104095172729	0.022306108442	0.0825897963852
est-	0.0144057623049	0.949579831933	0.0360144057623	0.0
dám-	0.0	1.0	0.0	0.0
ren-	0.0335999356939	0.911137012178	0.043929102528	0.0113339496001
kut-	0.704274356726	0.228087974825	0.0224121426811	0.0452255257682
lul-	0.0921052631579	0.710526315789	0.118421052632	0.0789473684211
tab-	0.387892775927	0.291093109369	0.0696252394612	0.251388875243
lok-	0.139627442882	0.242240914058	0.0179460939948	0.600185549065
naz-	0.0648571755885	0.90277769765	0.021758068411	0.0106070583504
gal-	0.120751457882	0.53950265594	0.0302705361028	0.309475350075
biʼ-	0.3134765625	0.5986328125	0.076171875	0.01171875
nac-	0.0854964977339	0.821796456531	0.0339925834363	0.0587144622991
bne-	0.583610188261	0.281284606866	0.0764119601329	0.0586932447397
kar-	0.236432025793	0.721962078759	0.0149689107239	0.0266369847241
nue-	0.0408163265306	0.0408163265306	0.387755102041	0.530612244898
kay-	0.509225865013	0.290298764907	0.0549695079502	0.14550586213
bdi-	0.682383759005	0.234446627374	0.0392927308448	0.0438768827767
fye-	0.14893378148	0.490755229348	0.31259604387	0.0477149453033
nze-	0.383232762653	0.253017120404	0.322586303677	0.041163813266
gak-	0.59528628543	0.0936074861731	0.0323440548913	0.278762173506
mne-	0.591209337951	0.20933795081	0.0431742748096	0.15627843643
max-	0.0982679568451	0.792240389621	0.0775818424261	0.0319098111082
not-	0.409132420091	0.428310502283	0.0858447488584	0.0767123287671
kej-	0.34328358209	0.44776119403	0.179104477612	0.0298507462687
nlu-	0.432354417671	0.280998995984	0.238453815261	0.0481927710843
tak-	0.14548663736	0.0236445489111	0.0213592224093	0.809509591319
lob-	0.0296137864014	0.913122419735	0.0257647796808	0.031499014183
mun-	0.177033492823	0.77990430622	0.0287081339713	0.0143540669856
dop-	0.280784581239	0.620260500262	0.091533299611	0.00742161888738
tay-	0.390977443609	0.340852130326	0.0350877192982	0.233082706767
kop-	0.302850995159	0.635825712749	0.0258203335126	0.0355029585799
one-	0.0239520958084	0.952095808383	0.0239520958084	0.0
lom-	0.21686746988	0.638554216867	0.144578313253	0.0
gog-	0.0821917808219	0.876712328767	0.041095890411	0.0
saf-	0.0956848030019	0.75234521576	0.06191369606	0.0900562851782
sil-	0.0546967242374	0.91221615091	0.00741371262253	0.0256734122299
lal-	0.220301223721	0.488233448384	0.206903043615	0.0845622842799
ngi-	0.350312372698	0.58875667194	0.0430578751229	0.0178730802397
kib-	0.614084984119	0.142103909014	0.0495597343398	0.194251372527
gus-	0.191740412979	0.76401179941	0.0353982300885	0.00884955752212
yeb-	0.0841121495327	0.915887850467	0.0	0.0
nra-	0.333333333333	0.458333333333	0.1875	0.0208333333333
him-	0.0561797752809	0.808988764045	0.0	0.134831460674
leʼ-	0.374586852736	0.530664708043	0.0352552331987	0.0594932060228
kiz-	0.313950459871	0.632987490573	0.00795930743334	0.0451027421224
wel-	0.0790358275471	0.298062224791	0.0123772729693	0.610524674692
egi-	0.044184134813	0.868680641184	0.0692560624743	0.017879161529
rax-	0.177586033912	0.364703521621	0.373432326678	0.0842781177887
sín-	0.0	1.0	0.0	0.0
mta-	0.714178866654	0.164263048873	0.00920342369792	0.112354660775
esm-	0.00995024875622	0.840796019901	0.149253731343	0.0
pri-	0.0882485366951	0.89689329131	0.0027014858172	0.0121566861774
bxo-	0.879120879121	0.0549450549451	0.065934065934	0.0
tro-	0.163311811622	0.834409418914	0.000759589821497	0.00151917964299
bit-	0.180111341556	0.783866390132	0.00982425499399	0.0261980133173
gol-	0.114230719994	0.74250653792	0.1020235548	0.0412391872862
noʼ-	0.441082072444	0.212287941311	0.0770288858322	0.269601100413
ela-	0.0	1.0	0.0	0.0
jwe-	0.0956728182893	0.712875242001	0.0574036909736	0.134048248736
fin-	0.0386873281756	0.877468986827	0.0126843698936	0.0711593151033
niʼ-	0.461429720972	0.22409255997	0.101085230856	0.213392488202
jam-	0.149253731343	0.776119402985	0.0746268656716	0.0
xko-	0.0262390670554	0.948250728863	0.0160349854227	0.00947521865889
bex-	0.150130548303	0.823759791123	0.0261096605744	0.0
liz-	0.0743844859199	0.765867377068	0.0315603411412	0.128187795871
arp-	0.173014398514	0.826985601486	0.0	0.0
itu-	0.0	0.991150442478	0.00884955752212	0.0
had-	0.0296610169491	0.813559322034	0.139830508475	0.0169491525424
kad-	0.0674518109638	0.19460874648	0.0612031025876	0.676736339969
des-	0.120134759861	0.158543061347	0.0148862637219	0.70643591507
fen-	0.0539568345324	0.895683453237	0.0287769784173	0.0215827338129
yek-	0.119024468262	0.364575540407	0.027361345392	0.489038645938
tam-	0.0	1.0	0.0	0.0
kuu-	0.0688362661839	0.0465384919125	0.000282165822553	0.884343076081
tir-	0.00309119010819	0.993817619784	0.00309119010819	0.0
man-	0.0212654075438	0.947907698232	0.0121394008087	0.0186874934156
men-	0.107137462372	0.616501599391	0.0459849632058	0.230375975031
rob-	0.529595959596	0.332828282828	0.0784848484849	0.0590909090909
yoʼ-	0.370679380215	0.489868891538	0.0500595947557	0.0893921334923
ceb-	0.0	1.0	0.0	0.0
tsu-	0.897743638982	0.0916946711473	0.0105616898704	0.0
deb-	0.156370656371	0.611969111969	0.167953667954	0.0637065637066
sol-	0.106517683974	0.836909659168	0.0233233270331	0.0332493298249
dom-	0.0418904403867	0.862513426423	0.0418904403867	0.0537056928034
yic-	0.418300653595	0.0261437908497	0.0261437908497	0.529411764706
xoo-	0.333839674101	0.115859973762	0.238210315542	0.312090036595
skw-	0.346534653465	0.613861386139	0.019801980198	0.019801980198
teg-	0.199382084033	0.115707497443	0.0536980200389	0.631212398486
nch-	0.553278098052	0.374612197226	0.0563766782375	0.0157330264849
bos-	0.0582005660604	0.932630851615	0.00478360816934	0.00438497415523
laa-	0.527856374205	0.222747121709	0.0708614306904	0.178535073396
com-	0.360962566845	0.566844919786	0.072192513369	0.0
mag-	0.0219579139982	0.978042086002	0.0	0.0
mts-	0.599582027509	0.15016019008	0.0333171919028	0.216940590508
job-	0.138888888889	0.833333333333	0.0277777777778	0.0
nam-	0.214666196136	0.203940586941	0.503883774675	0.0775094422475
esp-	0.137935445359	0.846714706008	0.00383746215836	0.0115123864751
aqu-	0.00588451636631	0.964325119529	0.00441338727473	0.0253769768297
ket-	0.401306025527	0.349955476403	0.172751558326	0.0759869397447
dru-	0.0147058823529	0.941176470588	0.0441176470588	0.0
sye-	0.0743135874485	0.114904958262	0.737614402092	0.0731670521975
teb-	0.483653673433	0.346596012215	0.0525417639662	0.117208550386
taw-	0.18440143981	0.527451016773	0.153211741131	0.134935802286
leb-	0.338854522703	0.56204705539	0.0462152733254	0.0528831485813
xla-	0.397465160516	0.254279651222	0.148711454615	0.199543733647
alo-	0.0	1.0	0.0	0.0
tho-	0.157450696192	0.515101231795	0.276321734319	0.051126337694
ram-	0.018839487566	0.973624717408	0.00753579502638	0.0
nts-	0.508477578203	0.209358677653	0.0376965670587	0.244467177085
mye-	0.758211692326	0.108345534407	0.0310917865823	0.102350986685
kox-	0.704018294675	0.166612218229	0.0509637373408	0.078405749755
mth-	0.409303191985	0.34334792501	0.233910347672	0.0134385353327
las-	0.0674354964816	0.753616106333	0.0160281469898	0.162920250195
eti-	0.0225140712946	0.881801125704	0.0675422138836	0.0281425891182
bki-	0.37	0.54	0.07	0.02
elí-	0.0132743362832	0.96017699115	0.0132743362832	0.0132743362832
bes-	0.254437869822	0.639053254438	0.094674556213	0.0118343195266
pad-	0.665938864629	0.301310043668	0.0131004366812	0.0196506550218
bto-	0.444673153067	0.327868518193	0.122790725965	0.104667602775
tíq-	0.015503875969	0.968992248062	0.015503875969	0.0
yey-	0.258992805755	0.561151079137	0.179856115108	0.0
cuz-	0.0263157894737	0.973684210526	0.0	0.0
arf-	0.0	1.0	0.0	0.0
cle-	0.009900990099	0.970297029703	0.019801980198	0.0
ble-	0.481966870148	0.36635608987	0.101466709505	0.0502103304766
yax-	0.49972380957	0.359296863161	0.0656991039698	0.0752802232987
bar-	0.146607146487	0.808616226487	0.0120453886276	0.0327312383983
tuy-	0.543318897118	0.365865045006	0.0338025029315	0.0570135549444
zeb-	0.00666975451598	0.993330245484	0.0	0.0
pis-	0.0864	0.7776	0.1024	0.0336
amó-	0.0	1.0	0.0	0.0
ten-	0.462727651674	0.214680457164	0.03530879216	0.287283099002
yod-	0.418999151824	0.432569974555	0.122985581001	0.0254452926209
his-	0.0	0.91	0.07	0.02
anf-	0.0384615384615	0.961538461538	0.0	0.0
apo-	0.0845858147483	0.770309392677	0.0335890723551	0.111515720219
fan-	0.127401019208	0.870246961976	0.00235201881615	0.0
quí-	0.0	0.954198473282	0.0458015267176	0.0
heb-	0.00293542074365	0.969178082192	0.0234833659491	0.00440313111547
gag-	0.311035279411	0.136576970518	0.11723541232	0.435152337751
fir-	0.417159763314	0.334319526627	0.177514792899	0.0710059171597
tig-	0.0	0.868421052632	0.131578947368	0.0
sel-	0.155172413793	0.597701149425	0.247126436782	0.0
arm-	0.0	1.0	0.0	0.0
rub-	0.365277483957	0.345744305761	0.237359847684	0.0516183625978
chu-	0.343092429196	0.351966314662	0.0389139751005	0.266027281041
xek-	0.37697630401	0.307713693575	0.187633040714	0.127676961701
gry-	0.0443349753694	0.362068965517	0.587684729064	0.00591133004926
reb-	0.0909952606635	0.624644549763	0.0227488151659	0.261611374408
kot-	0.43713416962	0.444064204711	0.0661780867824	0.0526235388872
her-	0.067031981972	0.857194001021	0.0508106502964	0.0249633667103
dav-	0.0232282845045	0.949090896086	0.0076175898375	0.020063229572
pát-	0.0	1.0	0.0	0.0
bxa-	0.377833753149	0.536523929471	0.0	0.0856423173803
jop-	0.0106518960375	0.972305070303	0.00852151682998	0.00852151683
now-	0.44545935928	0.367884564469	0.0692789691995	0.117377107051
tan-	0.402958548975	0.119770789696	0.0207244934854	0.456546167844
loo-	0.617697693495	0.191147933704	0.0514068263858	0.139747546416
ley-	0.0868163966885	0.856164532588	0.024885499505	0.0321335712188
sob-	0.0	0.901639344262	0.0983606557377	0.0
bil-	0.231348637016	0.66893830703	0.0134505021521	0.086262553802
aga-	0.0607003549985	0.876188806592	0.0249813735373	0.0381294648727
bez-	0.560975609756	0.243902439024	0.170731707317	0.0243902439024
ama-	0.0	0.681818181818	0.318181818182	0.0
mzi-	0.734743567079	0.159424187298	0.0178888202444	0.0879434253791
rem-	0.559471365639	0.418502202643	0.00881057268723	0.0132158590308
caí-	0.0130010834236	0.980498374865	0.00650054171182	0.0
rop-	0.0896236445353	0.0921089801289	0.0340529573708	0.784214417965
mnd-	0.686092563443	0.119100914686	0.0473977328239	0.147408789047
mdo-	0.638544138555	0.220584722761	0.0751402352333	0.065730903451
bue-	0.0740740740741	0.925925925926	0.0	0.0
ngu-	0.291669414864	0.38099660425	0.270618118554	0.0567158623321
jac-	0.0	0.666666666667	0.333333333333	0.0
sur-	0.138494492556	0.552836943795	0.239006663201	0.0696619004474
bel-	0.061135163858	0.907913789924	0.0222409287871	0.00871011743137
boa-	0.031746031746	0.936507936508	0.031746031746	0.0
nxa-	0.820365138837	0.125706475543	0.0	0.0539283856207
mri-	0.454983853606	0.15301245579	0.0449331077964	0.347070582808
xit-	0.105331073283	0.757791998999	0.0967762653005	0.0401006624174
wuʼ-	0.771746632061	0.146119690229	0.0263447645483	0.055788913161
kii-	0.495281504783	0.384027733196	0.0571355203184	0.0635552417026
ant-	0.170319894614	0.531534060622	0.0558765146365	0.242269530127
gui-	0.116666666667	0.691666666667	0.175	0.0166666666666
gun-	0.659986639947	0.259853039412	0.0	0.0801603206413
yaa-	0.392010504148	0.495042237552	0.0336602216955	0.0792870366055
nak-	0.650447670482	0.041594996057	0.0214452588776	0.286512074583
ven-	0.245454545455	0.709090909091	0.0272727272727	0.0181818181818
pol-	0.228877806398	0.35488938821	0.0423813960286	0.373851409364
mte-	0.592801963738	0.254282638702	0.0983772177681	0.0545381797921
mch-	0.685776706343	0.224875696851	0.0244086183517	0.0649389784541
sar-	0.0411340427051	0.933157180604	0.0205670213526	0.00514175533815
lao-	0.0	0.993788819876	0.00621118012422	0.0
bee-	0.103467930783	0.161789954391	0.0661255394904	0.668616575336
ret-	0.0674972671092	0.184057911471	0.0357652053184	0.712679616102
teu-	0.445255474453	0.452554744526	0.0	0.102189781022
mlu-	0.608880012609	0.270430524357	0.0491450168035	0.071544446231
dam-	0.0484457004441	0.932176019378	0.00242228502221	0.0169559951554
put-	0.0357142857143	0.964285714286	0.0	0.0
tin-	0.0983606557377	0.901639344262	0.0	0.0
tok-	0.578947368421	0.210526315789	0.0789473684211	0.131578947368
art-	0.0384615384615	0.961538461538	0.0	0.0
wul-	0.813664596273	0.186335403727	0.0	0.0
raq-	0.331753554502	0.668246445498	0.0	0.0
yoo-	0.0495645593136	0.87838325724	0.0481877659994	0.0238644174473
bal-	0.0953029271614	0.802586793737	0.0884955752212	0.0136147038802
nto-	0.462194889397	0.333762395118	0.0946319603356	0.109410755149
efa-	0.0181818181818	0.981818181818	0.0	0.0
xki-	0.163772167465	0.616657194125	0.0180793051782	0.201491333231
way-	0.0	0.890243902439	0.109756097561	0.0
sad-	0.0431541781091	0.941545704198	0.00941545704199	0.00588466065124
sós-	0.0	1.0	0.0	0.0
top-	0.0	0.666666666667	0.333333333333	0.0
kub-	0.0968652046707	0.0748468267845	0.786018540266	0.042269428279
rii-	0.304390952278	0.480576192894	0.0516078851586	0.163424969669
