jer-	0.00721315749452	0.973493818845	0.000521433071893	0.0187715905881
zxa-	0.113541390224	0.29740199554	0.0124770758487	0.576579538388
ni'-	0.321184177271	0.0797651171559	0.0117775292053	0.587273176368
tut-	0.469557159955	0.413845025288	0.0389946334119	0.0776031813444
dég-	0.0918367346939	0.908163265306	0.0	0.0
usá-	0.563183209445	0.279696837196	0.10610698149	0.05101297187
hem-	0.0	0.95652173913	0.0434782608696	0.0
fig-	0.0	1.0	0.0	0.0
ye'-	0.663175771299	0.204641947353	0.0382111519955	0.0939711293519
yöj-	0.614180441225	0.22882703478	0.0537263108982	0.103266213097
uti-	0.506435366536	0.35422495803	0.0475657526581	0.0917739227756
zxá-	0.174984596426	0.313000616143	0.175600739372	0.336414048059
jac-	0.0021334958854	0.991466016458	0.00182871075892	0.00457177689728
tö́-	0.387253297068	0.395908362086	0.148084720578	0.0687536202685
dën-	0.243309002433	0.670181130035	0.0162206001622	0.0702892673695
upë-	0.688741721854	0.0364238410596	0.182119205298	0.0927152317881
gu'-	0.396505996424	0.176507036247	0.0298982092006	0.397088758129
júp-	0.0	1.0	0.0	0.0
unn-	0.119906915525	0.755595822099	0.0485493788996	0.0759478834768
abí-	0.0	1.0	0.0	0.0
idú-	0.0769164793801	0.184207405251	0.260134611081	0.478741504288
yör-	0.0626631853786	0.874673629243	0.0469973890339	0.0156657963446
mah-	0.0	1.0	0.0	0.0
bë'-	0.192563106717	0.156075364832	0.020038731037	0.631322797415
bux-	0.566872126015	0.316211720967	0.0719107719401	0.0450053810781
joe-	0.037037037037	0.888888888889	0.0	0.0740740740741
eno-	0.0125	0.9875	0.0	0.0
guí-	0.330989502449	0.532437691216	0.046061325419	0.090511480915
bör-	0.00643259179845	0.987134816403	0.0	0.00643259179844
no'-	0.0651233782752	0.417281438141	0.013736962605	0.503858220978
zxö-	0.210620936584	0.197908507155	0.337093811412	0.254376744849
tea-	0.880341880342	0.119658119658	0.0	0.0
bö́-	0.109394297175	0.746678497006	0.0362139300804	0.107713275739
bí'-	0.0791293191779	0.721359749955	0.144008472606	0.0555024582612
yua-	0.234752084247	0.565598946907	0.136902150066	0.0627468187801
yal-	0.100648508431	0.859143968872	0.0220492866407	0.018158236057
zxe-	0.562977099237	0.391221374046	0.0458015267176	0.0
pre-	0.0513219284603	0.846034214619	0.0466562986003	0.0559875583204
unö-	0.498253039056	0.346520494916	0.0557088594726	0.0995176065551
rë́-	0.481522555823	0.144192483828	0.0495787825739	0.324706177775
lac-	0.0889542196427	0.515601085029	0.328084983861	0.0673597114671
icj-	0.0989254499987	0.50361071909	0.038715161719	0.358748669192
nun-	0.509224619333	0.275819532871	0.0767277875163	0.138228060279
tse-	0.662597997336	0.18301189082	0.0235174129482	0.130872698897
der-	0.0108695652174	0.989130434783	0.0	0.0
ríd-	0.74672489083	0.174672489083	0.0786026200873	0.0
abi-	0.0	0.989361702128	0.0	0.0106382978723
zin-	0.0234375	0.97265625	0.00390625	0.0
gál-	0.315062183326	0.226623675725	0.0936588361738	0.364655304775
böá-	0.629905769874	0.191617649952	0.0840497314737	0.0944268487007
mil-	0.0520881778439	0.399125662729	0.00697609524695	0.54181006418
bár-	0.0311544206558	0.954619816488	0.00597482039974	0.00825094245679
tib-	0.0	0.995008319468	0.0	0.00499168053246
níg-	0.333333333333	0.509803921569	0.117647058824	0.0392156862745
yer-	0.151388988587	0.675256621922	0.0092599239107	0.16409446558
níl-	0.0769230769231	0.858974358974	0.0641025641026	0.0
sod-	0.00469483568075	0.995305164319	0.0	0.0
nug-	0.42323767066	0.383672332126	0.134577876846	0.0585121203678
rád-	0.367140210006	0.283755404571	0.240148239654	0.108956145769
ini-	0.505934718101	0.294015825915	0.0994065281899	0.100642927794
bö'-	0.038088183829	0.88222562747	0.031948545276	0.0477376434253
bay-	0.215802675168	0.196811081047	0.139578313487	0.447807930299
mig-	0.0	1.0	0.0	0.0
lor-	0.1565015203	0.59399034162	0.00804864961545	0.241459488464
uga-	0.58661409443	0.278886375918	0.0966715369373	0.0378279927146
luí-	0.108888888889	0.84	0.0111111111111	0.04
dzö-	0.0825171373117	0.797078523106	0.0415895347402	0.0788148048422
paf-	0.0	1.0	0.0	0.0
gú'-	0.632481654006	0.135973575926	0.0505067823179	0.181037987751
bíz-	0.215983465381	0.100585601102	0.0592490527041	0.624181880813
uli-	0.670773969965	0.246053138236	0.0184828648441	0.0646900269542
abr-	0.0261507523309	0.947825672249	0.015897113879	0.0101264615409
rnn-	0.614089880998	0.0775576719304	0.0231806904186	0.285171756653
riz-	0.366441091024	0.429632102879	0.0878058351347	0.116120970962
gúq-	0.521692734535	0.163572060124	0.0440257324919	0.27070947285
así-	0.0	1.0	0.0	0.0
xöh-	0.0584795321637	0.32865497076	0.6	0.012865497076
ya'-	0.079121398205	0.51464336325	0.373956857188	0.0322783813572
gúc-	0.472929984549	0.274883720318	0.0916077090367	0.160578586097
sá'-	0.554297504026	0.15836352657	0.224436392915	0.0629025764895
her-	0.0187775250448	0.90243430286	0.0455887334849	0.0331994386101
lui-	0.0224119530416	0.850586979723	0.0896478121665	0.0373532550694
ate-	0.0213129789506	0.00311229041406	0.000212927508373	0.975361803127
lë'-	0.0595384744451	0.0740752790336	0.00227086042877	0.864115386093
cum-	0.0	0.843137254902	0.0	0.156862745098
caz-	0.301138653332	0.0736174759486	0.0410884812022	0.584155389517
biy-	0.707942733559	0.146143292623	0.0203816971964	0.125532276622
lës-	0.0499621885866	0.0399167324195	0.114991221838	0.795129857156
yú'-	0.318503721813	0.544720391958	0.0701509595222	0.0666249267066
urí-	0.0	1.0	0.0	0.0
dor-	0.0438683948156	0.722831505484	0.0	0.233300099701
tag-	0.278846153846	0.594230769231	0.0807692307692	0.0461538461539
ler-	0.199279202883	0.767860928556	0.0296798812805	0.00317998728005
ná'-	0.267512871887	0.291310607148	0.0473277711684	0.393848749797
xíh-	0.459893048128	0.454545454545	0.0855614973262	0.0
u'ë-	0.123558484349	0.86902800659	0.00741350906097	0.0
lla-	0.0467289719626	0.682242990654	0.214953271028	0.0560747663551
unu-	0.547263681592	0.0	0.422885572139	0.0298507462687
buc-	0.405883831811	0.481871082834	0.0324708838603	0.0797742014949
xts-	0.49504950495	0.469306930693	0.0079207920792	0.0277227722772
jor-	0.00449775112442	0.995502248876	0.0	0.0
naí-	0.0	0.862068965517	0.0	0.137931034483
gen-	0.030303030303	0.969696969697	0.0	0.0
raz-	0.534465195246	0.177686150861	0.136405529954	0.151443123939
zia-	0.0979245834551	0.499590762935	0.314674071909	0.0878105817013
bi'-	0.206269019676	0.465957718378	0.0507762379164	0.276997024029
gá'-	0.470037264579	0.39903313526	0.0798670560983	0.0510625440629
jam-	0.0210526315789	0.915789473684	0.0526315789474	0.0105263157895
urö-	0.652880354505	0.228951255539	0.118168389956	0.0
uzi-	0.325466582958	0.441184863878	0.0540779635866	0.179270589578
niu-	0.138790035587	0.519572953737	0.0320284697509	0.309608540925
bá'-	0.048	0.432	0.232	0.288
gaz-	0.0946360550772	0.0666083682876	0.0127465947324	0.826008981903
nig-	0.0249801792278	0.722425101506	0.0121527360674	0.240441983198
uxú-	0.320916905444	0.25787965616	0.39111747851	0.0300859598854
tsé-	0.694069734221	0.141445471074	0.0696200251969	0.0948647695077
rúa-	0.591489361702	0.285106382979	0.0723404255318	0.0510638297873
alf-	0.0	1.0	0.0	0.0
pas-	0.00850615683732	0.972861309138	0.00324044069994	0.0153920933247
yé'-	0.568108739631	0.234673164209	0.097342509848	0.0998755863124
dxi-	0.147316315153	0.356186692342	0.316056532243	0.180440460261
usó-	0.470914127424	0.232686980609	0.229916897507	0.0664819944598
gap-	0.144307163673	0.340424487501	0.0119096695174	0.503358679309
rur-	0.501788102576	0.387291388033	0.0437576321451	0.0671628772461
uní-	0.58911275961	0.344938781294	0.032438063214	0.0335103958823
ped-	0.0181349734042	0.915990691489	0.00129654255319	0.0645777925532
tuë-	0.0266471911887	0.0437211322095	0.0218729027674	0.907758773834
rat-	0.281652667944	0.467066162385	0.062462137957	0.188819031714
tso-	0.0151015838204	0.0470900609312	0.157355273124	0.780453082125
yë'-	0.199146919431	0.432872037915	0.297952606635	0.070028436019
zxó-	0.371517027864	0.524458204334	0.0222910216718	0.08173374613
oro-	0.0211411411411	0.779339339339	0.191591591592	0.00792792792794
asi-	0.0073823438942	0.990772070132	0.0	0.00184558597355
gun-	0.451925033763	0.103526279386	0.0184809881886	0.426067698662
nan-	0.554987372888	0.176546316606	0.126540260975	0.141926049531
seq-	0.280667951188	0.158638407193	0.256904303147	0.303789338471
uva-	0.0110470094457	0.974893160351	0.00803418868779	0.00602564151584
lin-	0.276567944251	0.496297909408	0.197081881533	0.0300522648084
nuz-	0.185022047856	0.142687524881	0.0232949299311	0.648995497333
usi-	0.479071716695	0.374770810414	0.0560532243701	0.0901042485201
iná-	0.598118035933	0.281170496348	0.0198277976222	0.100883670096
bir-	0.347003492251	0.104186201043	0.0268738694909	0.521936437215
tol-	0.0728597449909	0.927140255009	0.0	0.0
mel-	0.0255629679261	0.939042153407	0.00262184286422	0.0327730358028
cue-	0.458773144143	0.319789323412	0.0726769337255	0.148760598719
huá-	0.10358490151	0.521764280052	0.138365730691	0.236285087747
táp-	0.116134641659	0.169068024676	0.0557901709932	0.659007162671
yë́-	0.155350372139	0.733359078781	0.0754809717736	0.0358095773066
esa-	0.168699186992	0.747967479675	0.0182926829268	0.0650406504065
mir-	0.0273651290071	0.964816262705	0.00781860828772	0.0
isa-	0.0654978312532	0.926374206234	0.00284478687966	0.00528317563366
yéc-	0.338569477213	0.299905173679	0.244572886445	0.116952462662
eut-	0.115384615385	0.884615384615	0.0	0.0
pud-	0.04	0.96	0.0	0.0
dio-	0.0539690953285	0.717463470217	0.00735418477545	0.221213249679
igu-	0.647361647362	0.185328185328	0.140283140283	0.027027027027
güí-	0.484758509276	0.223915337796	0.123271259851	0.168054893076
bab-	0.02	0.98	0.0	0.0
ita-	0.0	0.970731707317	0.0292682926829	0.0
tuh-	0.203497615262	0.214626391097	0.0572337042925	0.524642289348
hór-	0.417214191853	0.187253613666	0.0295663600526	0.365965834428
olí-	0.0	0.958620689655	0.0413793103448	0.0
láz-	0.0370265419854	0.885614432795	0.0289978275243	0.0483611976953
sí'-	0.432663215222	0.322934176024	0.0682444698447	0.176158138909
moi-	0.0464208175187	0.924105399622	0.00518563641192	0.0242881464474
xid-	0.313404050145	0.290983606557	0.197444551591	0.198167791707
neq-	0.408097017911	0.277234852381	0.155619563602	0.159048566105
udz-	0.343334343546	0.418742956619	0.195555219306	0.0423674805295
rid-	0.350310424519	0.311449865616	0.105254262588	0.232985447278
be'-	0.174999654124	0.278665746965	0.0643330217151	0.482001577197
jud-	0.0387752233635	0.813673798092	0.105138500577	0.0424124779675
nu'-	0.474536561305	0.275966953019	0.159480455424	0.0900160302519
dër-	0.473640154392	0.414053417247	0.0781262110338	0.0341802173273
uba-	0.620881624126	0.162101496783	0.00500038891913	0.212016490172
uzí-	0.29007206983	0.465957313355	0.0897736725589	0.154196944256
cis-	0.0	1.0	0.0	0.0
far-	0.0226632719978	0.975697257262	0.00048219727655	0.00115727346372
mal-	0.0578512396694	0.942148760331	0.0	0.0
adá-	0.0221105527638	0.947738693467	0.0201005025125	0.0100502512563
sab-	0.0	1.0	0.0	0.0
chó-	0.0853698811096	0.125	0.0710039630119	0.718626155878
lög-	0.0	0.959731543624	0.0	0.0402684563759
nin-	0.161290322581	0.838709677419	0.0	0.0
lás-	0.245126146789	0.587155963303	0.148365825688	0.0193520642202
lis-	0.0216346153846	0.960851648352	0.00927197802199	0.00824175824176
su'-	0.536713286713	0.205816910362	0.100127145582	0.157342657343
xsi-	0.00393700787402	0.429133858268	0.220472440945	0.346456692913
hui-	0.369464001104	0.477680308221	0.0791887855628	0.0736669051115
da'-	0.220234186912	0.597286058219	0.0341978551105	0.148281899759
uni-	0.761937211213	0.220018304101	0.0068993617918	0.0111451228944
si'-	0.51663288999	0.112454120559	0.0221345030386	0.348778486413
yöt-	0.031051890447	0.918715585608	0.0250385026476	0.0251940212976
nöx-	0.136152433094	0.389259085834	0.406512264525	0.0680762165472
sir-	0.00139082058415	0.954798331015	0.0438108484006	0.0
duc-	0.662942271881	0.102420856611	0.0	0.234636871508
nún-	0.607592561048	0.226074147246	0.0579620226679	0.108371269037
ca'-	0.0634083661071	0.0345511004219	0.0338526481912	0.86818788528
yúg-	0.0244723000636	0.161894073406	0.0362981294418	0.777335497088
ta'-	0.373553154211	0.352243214654	0.0852898378679	0.188913793267
dxí-	0.202813795697	0.424882295565	0.130049111621	0.242254797117
esr-	0.0	1.0	0.0	0.0
yu'-	0.197312011844	0.516115963686	0.0133579922691	0.273214032201
and-	0.0	0.993084370678	0.0	0.00691562932226
ALL	0.22842659115	0.281063154215	0.052000925378	0.438509329257
ana-	0.0269192422732	0.947657028913	0.00299102691924	0.0224327018943
run-	0.33532592823	0.114452834616	0.0335722057805	0.516649031374
ucu-	0.557582612516	0.290903468871	0.103667417998	0.0478465006144
töd-	0.287641135702	0.117148358966	0.0298923508903	0.565318154441
túc-	0.0652173913043	0.836956521739	0.0326086956522	0.0652173913043
cil-	0.0	1.0	0.0	0.0
per-	0.036375965279	0.0088982184918	0.00337622262953	0.9513495936
inö-	0.659523883917	0.122551177792	0.0594008924691	0.158524045822
nuc-	0.447868924445	0.290309300985	0.210500315613	0.0513214589566
bar-	0.172925482143	0.708097678925	0.0199150402027	0.0990617987298
cal-	0.0455542110635	0.0296839789564	0.0162897467996	0.908472063181
xtá-	0.343915343915	0.417989417989	0.0529100529101	0.185185185185
big-	0.158159073769	0.716843280793	0.104652299798	0.0203453456398
gág-	0.514086381132	0.353472923632	0.0580400040653	0.0744006911706
zor-	0.0	1.0	0.0	0.0
duy-	0.649411764706	0.258823529412	0.0494117647059	0.0423529411765
bág-	0.518475750577	0.0346420323326	0.207852193995	0.239030023095
lid-	0.105909828165	0.708700070761	0.00656356377635	0.178826537298
guy-	0.605117125034	0.205592471288	0.0451317157209	0.144158687958
rön-	0.0740660371415	0.898774315934	0.0029399617805	0.0242196851441
gas-	0.0	0.3	0.689655172414	0.0103448275862
ata-	0.0	1.0	0.0	0.0
ixó-	0.628769682413	0.151854817187	0.044835868695	0.174539631705
bël-	0.0461193777477	0.855385525871	0.069327020629	0.0291680757524
duj-	0.718949797601	0.168312336852	0.10025347104	0.0124843945069
reo-	0.480392156863	0.254901960784	0.0	0.264705882353
núg-	0.165094339623	0.740566037736	0.0	0.0943396226415
cuí-	0.187507428655	0.25664162642	0.216314798317	0.339536146608
gáq-	0.616268278206	0.143835320779	0.0642637457508	0.175632655264
bán-	0.424096385542	0.0760757314974	0.0	0.49982788296
rea-	0.733617770823	0.070467622929	0.0425527975001	0.153361808748
tac-	0.176630897632	0.710611480157	0.0630216317493	0.0497359904616
mes-	0.0592105263158	0.898026315789	0.00986842105263	0.0328947368421
arc-	0.376033057851	0.52479338843	0.0619834710745	0.0371900826446
huö-	0.564628358382	0.190320943635	0.0607254231822	0.1843252748
lea-	0.353989404399	0.583400224755	0.0	0.062610370846
xtó-	0.0773653194413	0.552353986631	0.0367183059067	0.333562388021
adi-	0.0	1.0	0.0	0.0
saú-	0.327014218009	0.616113744076	0.0284360189573	0.0284360189573
bin-	0.483737824005	0.220736338121	0.259204226515	0.0363216113587
udé-	0.732250166926	0.213220565324	0.0389494769642	0.0155797907857
gút-	0.563863544975	0.279000900847	0.0556405836495	0.101494970528
riy-	0.462932747962	0.416014279471	0.0489645474453	0.0720884251213
cás-	0.184290030211	0.725075528701	0.0906344410876	0.0
úti-	0.428571428571	0.571428571429	0.0	0.0
nëb-	0.308943089431	0.49593495935	0.0731707317073	0.121951219512
tsa-	0.149478570044	0.226191283371	0.264695141608	0.359635004978
cau-	0.122807017544	0.80701754386	0.0350877192982	0.0350877192982
bug-	0.507403321787	0.336385523425	0.0582077323375	0.0980034224507
jai-	0.0176991150442	0.893805309735	0.0884955752212	0.0
dec-	0.0117878192534	0.764243614931	0.0	0.223968565815
uze-	0.44688167735	0.414563301282	0.0777911324786	0.0607638888889
tal-	0.15652173913	0.782608695652	0.0521739130434	0.00869565217391
dëd-	0.154394299287	0.396674584323	0.241488519398	0.207442596991
ösa-	0.0590551181102	0.755905511811	0.0590551181102	0.125984251968
láh-	0.150606596002	0.503940010874	0.0818801751907	0.263573217933
dzá-	0.182784286795	0.346090081091	0.0571937929647	0.41393183915
ami-	0.0	1.0	0.0	0.0
xiz-	0.078431372549	0.0980392156863	0.823529411765	0.0
rod-	0.0463917525773	0.953608247423	0.0	0.0
bún-	0.372972972973	0.432432432432	0.194594594595	0.0
zaf-	0.0	1.0	0.0	0.0
sud-	0.633663366337	0.138613861386	0.0	0.227722772277
xóp-	0.03125	0.203125	0.0	0.765625
iru-	0.689035350509	0.207309766327	0.0281605751948	0.0754943079689
taz-	0.592592592593	0.296296296296	0.0555555555556	0.0555555555556
pon-	0.0126249342451	0.97475013151	0.0	0.0126249342451
lát-	0.105030403538	0.18861249309	0.512548369265	0.193808734107
iá'-	0.107728337237	0.496487119438	0.107728337237	0.288056206089
gól-	0.0	1.0	0.0	0.0
cuë-	0.569758948137	0.298758217677	0.131482834186	0.0
hig-	0.00153727901614	0.958493466564	0.0399692544196	0.0
rap-	0.335169880624	0.371237628813	0.168605244363	0.124987246199
chi-	0.371995956675	0.273054981186	0.130373263858	0.224575798281
yöl-	0.13562845168	0.180656039204	0.0458641706325	0.637851338483
bui-	0.129770992366	0.870229007634	0.0	0.0
böa-	0.148463312651	0.687565885824	0.0596775220562	0.104293279469
ben-	0.469586894618	0.182486217376	0.0378899766299	0.310036911377
löj-	0.132743362832	0.761061946903	0.106194690266	0.0
xti-	0.118993047597	0.793465250719	0.0203096747905	0.0672320268928
uzë-	0.460718835412	0.431826591028	0.0080653941062	0.0993891794544
seg-	0.0	1.0	0.0	0.0
bëc-	0.0517063081696	0.898655635988	0.0	0.0496380558428
nni-	0.0	0.0841683366734	0.915831663327	0.0
izë-	0.808897876643	0.0697674418605	0.0505561172902	0.0707785642062
amp-	0.0	1.0	0.0	0.0
bun-	0.523773624409	0.163216203599	0.244045935635	0.0689642363576
ili-	0.260416666667	0.227430555556	0.0	0.512152777778
irö-	0.773333333333	0.0666666666667	0.0	0.16
lam-	0.0	1.0	0.0	0.0
nar-	0.427367622105	0.149002711283	0.0588397414864	0.364789925126
gat-	0.36670687395	0.223153011747	0.0942886776036	0.315851436699
ugá-	0.591468258761	0.184849338952	0.0594521257491	0.164230276538
yud-	0.0825711908598	0.788086762072	0.0408726930821	0.0884693539857
idi-	0.489811249815	0.390775880502	0.0362382273297	0.0831746423533
nát-	0.167166826433	0.203799586033	0.575181187073	0.0538524004616
dám-	0.0	1.0	0.0	0.0
rút-	0.282110605269	0.573102470334	0.0932905440705	0.0514963803269
zid-	0.396364995709	0.205927415746	0.283639848155	0.11406774039
gáz-	0.0701754385965	0.245614035088	0.0	0.684210526316
rög-	0.0622222222222	0.657777777778	0.28	0.0
sat-	0.0932219848515	0.892212080015	0.00728296756652	0.00728296756652
gur-	0.632596739641	0.206115148868	0.0414817534191	0.119806358073
sió-	0.0267326732673	0.952475247525	0.0	0.0207920792079
esl-	0.0	1.0	0.0	0.0
saf-	0.0	1.0	0.0	0.0
gud-	0.594876907703	0.15046848368	0.0345810021738	0.220073606443
nad-	0.360289849447	0.429780032535	0.108106650907	0.101823467111
duq-	0.279069767442	0.553488372093	0.0	0.167441860465
sun-	0.404085257549	0.528419182948	0.0532859680284	0.0142095914742
sö́-	0.7651434644	0.13921360255	0.0318809776833	0.0637619553666
néd-	0.262418636519	0.198013018157	0.0417951353203	0.497773210004
cux-	0.0537276134944	0.788421491045	0.0624739691796	0.0953769262807
nud-	0.423453971088	0.317498197301	0.0903753047419	0.168672526869
luz-	0.0748154752282	0.460027987656	0.0751170535069	0.390039483609
fle-	0.0	1.0	0.0	0.0
bix-	0.0160179524878	0.926004023834	0.0503946452062	0.00758337847249
ruy-	0.553793876558	0.276346932038	0.0328253989732	0.13703379243
ban-	0.171067738232	0.656142365098	0.137198622273	0.0355912743972
yub-	0.024074904322	0.86353756914	0.0782371102073	0.0341504163306
cus-	0.274223034735	0.629540202132	0.0672622538029	0.0289745093305
yug-	0.0672139943144	0.0162704883756	0.00821789575527	0.908297621555
azo-	0.0	0.983146067416	0.0	0.0168539325843
usu-	0.661685131834	0.201006772477	0.0709439038976	0.0663641917916
ter-	0.0	1.0	0.0	0.0
tás-	0.574468085106	0.202127659574	0.127659574468	0.0957446808511
did-	0.289529433924	0.221255998861	0.00917591030084	0.480038656915
ídi-	0.552106430155	0.230598669623	0.0931263858093	0.124168514412
nít-	0.283003006063	0.208386406481	0.382508788913	0.126101798543
yö́-	0.250977243692	0.672522242692	0.0400666097848	0.036433903831
zíd-	0.346398305085	0.125	0.166313559322	0.362288135593
arq-	0.153846153846	0.835164835165	0.0	0.010989010989
isë-	0.236953455571	0.474259520451	0.186177715092	0.102609308886
ale-	0.00781540751769	0.885001860811	0.107182731671	0.0
bup-	0.53898960464	0.253887752529	0.103561321416	0.103561321416
ubé-	0.57596238613	0.286954881777	0.0369954517743	0.100087280319
ziá-	0.0364430379764	0.279366698797	0.570300302074	0.113889961152
böz-	0.0	0.98	0.02	0.0
luc-	0.134275618374	0.819199057715	0.0412249705536	0.0053003533569
uzé-	0.557142857143	0.285903500473	0.0903500473037	0.0666035950804
biq-	0.527322404372	0.249316939891	0.223360655738	0.0
jec-	0.0	1.0	0.0	0.0
ula-	0.452735878268	0.342017959039	0.0964303091962	0.108815853497
xtí-	0.167260086253	0.543971938734	0.0369605302374	0.251807444776
bic-	0.403293795537	0.226716838922	0.141020323205	0.228969042335
rir-	0.395401272988	0.192709678935	0.0329990370388	0.378890011039
xig-	0.135725736456	0.683306614935	0.173336482703	0.00763116590518
röx-	0.283950617284	0.543209876543	0.172839506173	0.0
eli-	0.0674394099051	0.886547242712	0.0101861608711	0.0358271865121
rö́-	0.556867973883	0.321833698899	0.0613616354282	0.0599366917898
yul-	0.541526119063	0.245145409791	0.114869176771	0.098459294375
nay-	0.303830602857	0.230980545639	0.384853485877	0.0803353656269
në́-	0.314837116878	0.349641717348	0.0885168904679	0.247004275306
di'-	0.0972780941434	0.817658429549	0.0391306619299	0.0459328143775
col-	0.0	1.0	0.0	0.0
but-	0.491937368999	0.290449512619	0.118685668425	0.0989274499568
bag-	0.117787031529	0.357723577236	0.191552647234	0.332936744002
zxu-	0.155877783532	0.755049197307	0.017607457276	0.071465561885
ene-	0.0	1.0	0.0	0.0
díd-	0.295454545455	0.509396853147	0.0817307692308	0.113417832168
zuí-	0.610667071033	0.307690538542	0.0402208835185	0.0414215069071
pan-	0.0201005025126	0.979899497487	0.0	0.0
bös-	0.155555555555	0.452777777778	0.391666666667	0.0
rom-	0.0474739781671	0.643056613354	0.2792586951	0.030210713379
zxi-	0.1771253743	0.710035895624	0.0554243309093	0.0574143991668
ari-	0.00777705767985	0.99222294232	0.0	0.0
tul-	0.0548805367911	0.0960012694383	0.0127170512762	0.836401142494
efr-	0.0	1.0	0.0	0.0
yöz-	0.0759493670886	0.607594936709	0.316455696202	0.0
lóg-	0.08917887353	0.124615741696	0.0164534763771	0.769751908397
dux-	0.485915492958	0.281690140845	0.0845070422535	0.147887323944
rál-	0.516912057302	0.237166732988	0.121766812575	0.124154397135
ina-	0.567081270378	0.249969810409	0.0350199251298	0.147928994083
gác-	0.333058335649	0.221217527089	0.0969551072599	0.348769030002
cre-	0.00255536626917	0.982112436116	0.0	0.015332197615
lir-	0.063829787234	0.574468085106	0.117021276596	0.244680851064
rul-	0.430201368937	0.404970550636	0.0466376782532	0.118190402174
mai-	0.0	1.0	0.0	0.0
pen-	0.0	0.993055555556	0.00694444444444	0.0
sib-	0.0828625235405	0.166980539862	0.704959196485	0.045197740113
rab-	0.162162162162	0.751351351351	0.0108108108108	0.0756756756757
ape-	0.0384615384615	0.961538461538	0.0	0.0
éfe-	0.00195630909684	0.98141506358	0.00391261819368	0.0127160091294
sön-	0.468833652008	0.417973231358	0.0374760994264	0.0757170172084
uza-	0.623214155329	0.214934164091	0.151629469175	0.0102222114051
rec-	0.0642187251629	0.922428866635	0.00572246065808	0.00762994754411
lád-	0.159980510535	0.220062876113	0.0510797921361	0.568876821216
yúd-	0.500406546714	0.335728898914	0.0408513875046	0.123013166868
séq-	0.382005899705	0.143270287466	0.19009196599	0.284631846839
isr-	0.0035911830265	0.978948237431	0.0075538677454	0.00990671179723
lab-	0.559804150152	0.426206574959	0.0	0.0139892748893
ilé-	0.688263774514	0.133829288015	0.0812176286757	0.0966893087959
tia-	0.0	1.0	0.0	0.0
nal-	0.306308812089	0.570435778035	0.0489326619443	0.0743227479322
bít-	0.120058885499	0.0763870517121	0.0652573978984	0.738296664891
iba-	0.695467078309	0.183394497194	0.0477417914215	0.073396633075
ley-	0.0579400626357	0.0382824630199	0.025925240073	0.877852234271
yúb-	0.0735803470357	0.390702350178	0.130729721054	0.404987581733
yex-	0.492307692308	0.489940828402	0.0177514792899	0.0
gád-	0.195407692191	0.281865379085	0.477318479725	0.0454084489987
do'-	0.321898141152	0.305274293487	0.164273840109	0.208553725253
le'-	1.0	0.0	0.0	0.0
pól-	0.113300492611	0.812807881773	0.0738916256158	0.0
dá'-	0.205893768335	0.615443459379	0.0289744657504	0.149688306536
boí-	0.0762388818298	0.885641677255	0.0381194409149	0.0
rág-	0.362677466565	0.496621912465	0.0939314201442	0.046769200825
tur-	0.0419323840308	0.035380449026	0.0401852013628	0.88250196558
tah-	0.589999781845	0.336045725256	0.00785357446715	0.0661009184319
cai-	0.00388349514563	0.992233009709	0.0	0.00388349514563
tút-	0.485448993581	0.37433788247	0.0953449242849	0.0448681996635
rö'-	0.433262974919	0.296172709213	0.0570756766824	0.213488639186
udí-	0.620672601385	0.238377843719	0.0519287833828	0.0890207715133
cúd-	0.292622562624	0.343317937149	0.0395683636419	0.324491136585
idé-	0.552430172114	0.309462284858	0.0679028753224	0.0702046677061
ide-	0.48755186722	0.400414937759	0.0373443983402	0.0746887966805
har-	0.040404040404	0.959595959596	0.0	0.0
hué-	0.14798622388	0.559146308821	0.0710219668445	0.221845500455
zab-	0.0	0.972972972973	0.027027027027	0.0
dí'-	0.579365079365	0.373015873016	0.0	0.047619047619
bát-	0.306295754026	0.0614934114202	0.0193265007321	0.612884333821
za'-	0.480853649162	0.122985964656	0.0693136405984	0.326846745584
óni-	0.0	0.846153846154	0.153846153846	0.0
nup-	0.0701661986637	0.110216960806	0.00718598737576	0.812430853154
izá-	0.0480410373687	0.740808677561	0.0879428907206	0.123207394349
xíg-	0.231324381809	0.381240765696	0.147099413875	0.240335438619
yöh-	0.294642857143	0.598214285714	0.0	0.107142857143
xcl-	0.335506626764	0.624198375374	0.0272552372809	0.0130397605814
uhu-	0.248484848485	0.618181818182	0.121212121212	0.0121212121212
söj-	0.670798646052	0.169019673777	0.034355552149	0.125826128022
lö'-	0.0898397259289	0.68759732637	0.0129369205338	0.209626027167
lez-	0.360864561492	0.298134981318	0.193123236272	0.147877220917
idó-	0.722222222222	0.203703703704	0.0555555555556	0.0185185185185
udu-	0.650873049885	0.186561870287	0.0316896592598	0.130875420568
mna-	0.0	0.727272727273	0.218181818182	0.0545454545455
nef-	0.0	1.0	0.0	0.0
tëb-	0.0768821140917	0.818777873927	0.0878652732477	0.0164747387339
ces-	0.0563798219585	0.941394658754	0.0	0.00222551928784
utí-	0.505293551492	0.445861405197	0.0134744947064	0.0353705486044
lol-	0.0621814296474	0.0306528174318	0.00683119931337	0.900334553607
zaq-	0.0314685314685	0.947552447552	0.0	0.020979020979
rej-	0.211282086432	0.725418965695	0.00959594228726	0.0537030055862
soë-	0.597612473607	0.237534513562	0.050349196037	0.114503816794
azu-	0.0632635253054	0.936736474695	0.0	0.0
líd-	0.161510581785	0.602123729974	0.0932404315075	0.143125256733
ulí-	0.474831692779	0.383906386756	0.061121550376	0.0801403700893
ruc-	0.30533684777	0.578645984173	0.0510002778875	0.0650168901688
bub-	0.664530443595	0.165638723741	0.0264981005777	0.143332732086
ilu-	0.287549789967	0.15342798468	0.0500274888092	0.508994736544
mat-	0.00237482683554	0.995250346329	0.0	0.00237482683554
böl-	0.0237433529553	0.951856795851	0.0057990677725	0.0186007834212
nit-	0.19851945782	0.313621330774	0.0555203317511	0.432338879654
stu-	0.230061349693	0.484662576687	0.211656441718	0.0736196319018
tró-	0.0119284294235	0.958250497018	0.0298210735586	0.0
ru'-	0.331924287258	0.329869428397	0.0277758207693	0.310430463576
xi'-	0.0990657851597	0.526532365502	0.0277442301547	0.346657619184
cha-	0.0576194966636	0.0167463442272	0.00322702101262	0.922407138097
ra'-	0.249479343992	0.184924372756	0.0933239709973	0.472272312254
par-	0.036971288244	0.0359450842412	0.00196322457556	0.925120402939
yuí-	0.357142857143	0.0555555555556	0.238095238095	0.349206349206
jul-	0.0574712643678	0.862068965517	0.0	0.080459770115
dig-	0.135746606335	0.665158371041	0.0769230769231	0.122171945701
nah-	0.293150684932	0.462328767123	0.0472602739726	0.197260273973
zac-	0.0717632629957	0.46837950879	0.026746124092	0.433111104123
ilú-	0.456539109719	0.175751536825	0.0523870914259	0.31532226203
tuá-	0.0918201964506	0.401529076706	0.406222386975	0.100428339868
ibí-	0.596618357488	0.350241545894	0.0193236714976	0.0338164251208
feb-	0.113924050633	0.886075949367	0.0	0.0
xic-	0.304640848015	0.545565491044	0.0422658549189	0.107527806023
dom-	0.0	0.973509933775	0.0	0.0264900662252
ucú-	0.521985815603	0.421276595745	0.0269503546099	0.0297872340425
néq-	0.328887147311	0.43599133892	0.137631708968	0.0974898048004
téq-	0.570758812294	0.197951033166	0.104184754298	0.127105400243
yen-	0.177454033361	0.279250743638	0.283687544395	0.259607678607
gay-	0.0453904636146	0.145460738472	0.0198887364753	0.789260061439
xcá-	0.168905950096	0.785028790787	0.0230326295585	0.0230326295585
lot-	0.168378915545	0.302760126529	0.04870811522	0.480152842706
tsá-	0.419237825654	0.297132672852	0.0949205849976	0.188708916496
zön-	0.0927349367717	0.830399206546	0.0679394991322	0.00892635755022
dió-	0.145454545455	0.818181818182	0.0	0.0363636363636
ilá-	0.477968382464	0.328764264115	0.0832730475147	0.109994305906
lá'-	0.0431954160215	0.719805865155	0.141965180955	0.095033537869
dan-	0.0314136125654	0.890052356021	0.0785340314136	0.0
ubi-	0.51865156664	0.282011658851	0.0917815489027	0.107555225606
iro-	0.162895927602	0.0797809002144	0.133960466778	0.623362705406
yuz-	0.0307117105087	0.843503805581	0.0667645880625	0.0590198958473
naq-	0.29570281415	0.369131158215	0.193373363235	0.1417926644
cöl-	0.646496815287	0.18152866242	0.171974522293	0.0
ser-	0.0	0.984615384615	0.0153846153846	0.0
udö-	0.660769803349	0.138328323438	0.0427612299409	0.158140643273
nás-	0.39934264585	0.393590797042	0.0788824979457	0.128184059162
dza-	0.0578876474272	0.681975050276	0.0139035704908	0.246233731806
unë-	0.22688598979	0.639818491208	0.133295519002	0.0
mis-	0.0227272727273	0.977272727273	0.0	0.0
elm-	0.0	1.0	0.0	0.0
ulu-	0.521679046891	0.308241845039	0.0643348266601	0.10574428141
sac-	0.184851252356	0.440114256845	0.0688261469405	0.306208343859
lay-	0.0	1.0	0.0	0.0
gua-	0.319407008086	0.599730458221	0.0	0.0808625336928
bla-	0.367972481486	0.399073222032	0.0975526926954	0.135401603786
lë́-	0.261950527088	0.398702200034	0.219611136022	0.119736136855
ráh-	0.080688542227	0.778375470683	0.0322754168908	0.108660570199
nac-	0.388417672633	0.0743074784582	0.0397214209783	0.497553427931
rin-	0.208156549731	0.56369006512	0.0340875415868	0.194065843562
zoë-	0.326214792743	0.0197611554535	0.0304645335837	0.62355951822
agr-	0.0150905432596	0.976861167002	0.00804828973844	0.0
siz-	0.136450992953	0.219090326714	0.433055733504	0.211402946829
rë'-	0.545450515978	0.0228670880284	0.00316601735671	0.428516378637
sos-	0.0	1.0	0.0	0.0
ibi-	0.924418604651	0.0755813953488	0.0	0.0
don-	0.0655737704918	0.934426229508	0.0	0.0
ule-	0.335570469799	0.604026845638	0.0604026845638	0.0
fél-	0.0501872659176	0.925842696629	0.00224719101123	0.0217228464419
tat-	0.411892675852	0.242929659173	0.310369833212	0.0348078317621
táq-	0.183006535948	0.675381263617	0.141612200436	0.0
bit-	0.178205841268	0.0471994525885	0.0160521761088	0.758542530035
uri-	0.506181378058	0.439353332757	0.0363101927898	0.0181550963949
xil-	0.303690596666	0.545962082039	0.0411782033307	0.109169117964
leg-	0.0	0.963474025974	0.036525974026	0.0
rig-	0.536765338541	0.34913108875	0.0638723173399	0.0502312553685
lúz-	0.0824454939865	0.882269756714	0.0159261903454	0.0193585589544
gúl-	0.562879034058	0.192632497974	0.19323934398	0.0512491239884
së́-	0.666666666667	0.21568627451	0.0	0.117647058824
rá'-	0.0796107916851	0.827509951349	0.0265369305617	0.0663423264043
sin-	0.0968716499367	0.258909138161	0.526199525712	0.118019686191
lëb-	0.205277371308	0.196140714039	0.0322400276003	0.566341887053
xán-	0.17624347474	0.620631148687	0.0785778668967	0.124547509676
jua-	0.022415783398	0.895875747718	0.011207891699	0.0705005771854
sad-	0.00248138957817	0.990074441687	0.00744416873448	0.0
búd-	0.0238095238095	0.079365079365	0.449735449735	0.44708994709
rën-	0.167602996255	0.23595505618	0.00983146067415	0.586610486891
dë'-	0.458396259644	0.321052047497	0.0486362079198	0.171915484939
réa-	0.294278068579	0.588839332372	0.0500592791137	0.0668233199352
lár-	0.161497669934	0.825245058653	0.00723123895227	0.00602603246023
böd-	0.119266055046	0.733944954128	0.0733944954128	0.0733944954128
rú'-	0.283359914939	0.631578947368	0.0372142477406	0.0478468899522
dël-	0.438596491228	0.40350877193	0.105263157895	0.0526315789474
mag-	0.0	0.998389694042	0.00161030595813	0.0
aug-	0.103448275862	0.877742946708	0.00940438871473	0.00940438871474
cri-	0.0728060033818	0.792162920353	0.0041748323898	0.130856243875
mos-	0.00398936170213	0.905585106383	0.0824468085107	0.00797872340426
li'-	0.0109069462932	0.0158424528506	0.00285317622892	0.970397424627
xib-	0.113250568756	0.706170215762	0.0327178267321	0.14786138875
utö-	0.48345323741	0.26273381295	0.0725179856115	0.181294964029
riq-	0.482946854984	0.30495985377	0.0983973793813	0.113695911864
löz-	0.241730372088	0.572587949712	0.0534763233216	0.132205354879
bët-	0.535964353915	0.317632081477	0.0216422660726	0.124761298536
fri-	0.0	0.96	0.04	0.0
reg-	0.041095890411	0.958904109589	0.0	0.0
pla-	0.00767656090071	0.926560900717	0.0657625383828	0.0
uyi-	0.39574719433	0.313349084466	0.0708800945068	0.220023626698
mac-	0.00350007291819	0.977832871518	0.0169170191046	0.00175003645909
lo'-	0.129760087977	0.213830509643	0.00753717983136	0.648872222549
ico-	0.0	1.0	0.0	0.0
urú-	0.573554341684	0.25164814466	0.0938029760784	0.0809945375777
til-	0.424095551324	0.534360394669	0.0207720270036	0.0207720270036
bre-	0.0133779264214	0.90635451505	0.0735785953177	0.0066889632107
dës-	0.322147651007	0.31711409396	0.268456375839	0.0922818791946
sal-	0.11424041625	0.168754095973	0.0321223595454	0.684883128231
guë-	0.578633498041	0.205486454251	0.0741182484239	0.141761799284
pat-	0.0372670807453	0.925465838509	0.0	0.0372670807453
láy-	0.0627551664633	0.855044404226	0.0768971758072	0.00530325350395
nut-	0.194967110295	0.659170873489	0.107618173474	0.0382438427413
jar-	0.0	0.964895173086	0.0175524134568	0.0175524134568
gab-	0.096157553563	0.850229421968	0.0370102814074	0.0166027430613
nub-	0.536618518075	0.175412526146	0.154861927869	0.13310702791
den-	0.0210786655799	0.966274135072	0.012647199348	0.0
rël-	0.0599760095962	0.880447820872	0.0095961615354	0.0499800079968
yan-	0.424164524422	0.133676092545	0.118251928021	0.323907455013
bad-	0.529780564263	0.210031347962	0.184952978056	0.0752351097178
rác-	0.203046449304	0.414201470704	0.222391319773	0.160360760219
ibë-	0.0	0.242315129693	0.753617390145	0.0040674801627
buz-	0.536555069088	0.282855541802	0.0533531334788	0.127236255631
zil-	0.10897875257	0.370116518163	0.239890335846	0.28101439342
rug-	0.402867493623	0.282824734056	0.115457069374	0.198850702947
efa-	0.02	0.94	0.0	0.04
cua-	0.56785500614	0.386683530486	0.0330628824536	0.0123985809201
guz-	0.470887941654	0.350213305445	0.0509714846807	0.12792726822
ich-	0.468571396268	0.396337899182	0.0716647917103	0.06342591284
huí-	0.363263632636	0.29684296843	0.286182861829	0.0537105371054
ren-	0.141543968112	0.515279698473	0.284064101521	0.0591122318935
dui-	0.0387725711754	0.138570399911	0.505012739559	0.317644289354
tád-	0.284026707756	0.316384180791	0.349426468071	0.050162643383
tsc-	0.271625758815	0.125038456632	0.0594661469081	0.543869637645
chí-	0.108303297335	0.398078586866	0.266589391475	0.227028724325
lul-	0.773195876289	0.177835051546	0.0180412371134	0.0309278350516
uzú-	0.679327573357	0.230132221824	0.0311922047092	0.0593480001104
ulé-	0.722434859414	0.15335639629	0.030914176358	0.0932945679376
naz-	0.383466801685	0.389520704281	0.10936073298	0.117651761054
gal-	0.140498570487	0.659642151058	0.0218762542303	0.177983024225
nul-	0.472615764311	0.345182303081	0.0731639884826	0.109037944126
yon-	0.334124717758	0.180203214238	0.0761223270023	0.409549741001
ida-	0.0454748105216	0.0236290682122	0.00401248328132	0.926883637985
cui-	0.16544225152	0.224737047369	0.0851672355213	0.52465346559
soa-	0.520119163658	0.131656621957	0.044274515726	0.303949698659
sel-	0.037037037037	0.962962962963	0.0	0.0
ruí-	0.362149885389	0.217831595358	0.0778698183013	0.342148700952
rix-	0.431887366819	0.445395738204	0.0570776255708	0.0656392694064
zxé-	0.715025906736	0.142487046632	0.103626943005	0.0388601036269
ubí-	0.527298138046	0.277489743474	0.0281772688337	0.167034849646
cát-	0.518833535845	0.246658566221	0.176184690158	0.0583232077764
lág-	0.290433067197	0.590970517879	0.0377458137873	0.080850601137
úni-	0.190442971747	0.60446459714	0.175793512382	0.0292989187304
dad-	0.0384468685636	0.927912121443	0.0	0.0336410099931
rër-	0.303797468354	0.696202531646	0.0	0.0
lu'-	0.0	0.974683544304	0.0	0.0253164556962
yöx-	0.0642886768975	0.860362228674	0.0701645237108	0.00518457071755
zá'-	0.406106735109	0.204283564917	0.0475263297637	0.34208337021
qué-	0.135351644358	0.0900364536799	0.0236836123423	0.75092828962
nör-	0.123067213632	0.768065635847	0.108867150521	0.0
uzó-	0.5744312026	0.254821235103	0.0409534127844	0.129794149513
lob-	0.446623093682	0.228031953522	0.0791575889615	0.246187363834
uzá-	0.266064832141	0.658998622705	0.0417898212572	0.033146723897
lel-	0.319131161236	0.442773600668	0.218045112782	0.0200501253133
clo-	0.0754716981132	0.88679245283	0.0	0.0377358490566
xiy-	0.143238303885	0.812865013303	0.00752134216497	0.0363753406474
udú-	0.57562206169	0.156633413599	0.0275197798418	0.240224744869
abb-	0.2	0.76	0.0	0.04
cub-	0.0566903832912	0.0290337388111	0.899242598118	0.0150332797797
one-	0.0	1.0	0.0	0.0
bea-	0.0641711229947	0.935828877005	0.0	0.0
gog-	0.136363636364	0.829545454545	0.0340909090909	0.0
gúb-	0.46835443038	0.33417721519	0.0	0.19746835443
dë́-	0.205761316873	0.643347050754	0.150891632373	0.0
rún-	0.332400198427	0.427503103333	0.129424724659	0.11067197358
yuá-	0.0869565217391	0.768115942029	0.144927536232	0.0
gás-	0.226270515349	0.205549430927	0.0337717187088	0.534408335016
údx-	0.220361927028	0.404412485454	0.235654524954	0.139571062564
sil-	0.0414858823616	0.820776598158	0.114689807058	0.0230477124231
evo-	0.0769230769231	0.923076923077	0.0	0.0
lal-	0.279365079365	0.473015873016	0.142857142857	0.104761904762
jas-	0.0181818181818	0.963636363636	0.0181818181818	0.0
bëb-	0.0200044454323	0.890346002815	0.0748314440246	0.0148181077277
nis-	0.341967823852	0.582825054485	0.0239551696112	0.0512519520519
lán-	0.788043478261	0.103260869565	0.108695652174	0.0
leu-	0.0	1.0	0.0	0.0
cad-	0.0282021151586	0.339600470035	0.216216216216	0.41598119859
gus-	0.740563616621	0.116884990478	0.0324421728452	0.110109220056
zö́-	0.723860589812	0.235924932976	0.0	0.0402144772118
him-	0.0	0.841584158416	0.0	0.158415841584
ráz-	0.495068157949	0.334780584458	0.0587381846923	0.1114130729
zéa-	0.433504193849	0.282059645853	0.0404473438956	0.243988816403
rud-	0.330763163024	0.449196830282	0.135755402511	0.0842846041833
bé'-	0.350056317445	0.323036055276	0.02406107314	0.302846554139
ga'-	0.169901804065	0.673898150263	0.132907056406	0.023292989267
egi-	0.0173901105187	0.898405143812	0.0437040935405	0.0405006521292
yút-	0.610921501707	0.368600682594	0.0204778156997	0.0
sau-	0.0375742563866	0.864942589055	0.000629736140558	0.0968534184176
sín-	0.101807934271	0.78993431106	0.0715433924071	0.0367143622616
ulú-	0.304552326558	0.624895010919	0.0282210650092	0.0423315975138
zán-	0.0282176549865	0.857900943396	0.0113712938005	0.102510107817
yág-	0.0771704180065	0.903536977492	0.0192926045016	0.0
pri-	0.0359408033827	0.954545454545	0.0	0.0095137420719
dij-	0.6586695747	0.157033805889	0.138495092694	0.0458015267176
cúa-	0.219631855176	0.698401832273	0.0559358704563	0.0260304420949
röj-	0.328478311091	0.50144888825	0.124861935369	0.0452108652893
ela-	0.037037037037	0.962962962963	0.0	0.0
re'-	0.394558905417	0.414525495187	0.176596929441	0.0143186699546
blá-	0.178571428571	0.785714285714	0.0357142857143	0.0
buí-	0.352952794786	0.233853446573	0.314043057476	0.0991507011653
túg-	0.20979020979	0.601398601399	0.188811188811	0.0
luy-	0.061259104293	0.339539692068	0.00959848240918	0.589602721229
rát-	0.722699067365	0.140861293799	0.0260097350723	0.110429903764
nag-	0.333400679606	0.497980325852	0.0974559437917	0.0711630507506
cöz-	0.613562970937	0.259687836383	0.032292787944	0.0944564047362
liz-	0.0893854748603	0.776536312849	0.0	0.134078212291
