jer-	0.0304493677886	0.921185534707	0.00176945478674	0.0465956427176
zël-	0.25	0.419642857143	0.151785714286	0.178571428571
ni'-	0.145905379136	0.0898933674012	0.0375407944537	0.726660459009
xpr-	0.234567901235	0.701940035273	0.026455026455	0.037037037037
fig-	0.00956937799043	0.980861244019	0.00956937799043	0.0
del-	0.184121336558	0.30083816167	0.0729524104179	0.442088091354
dug-	0.0799574694312	0.18490164806	0.0559276980329	0.679213184476
maa-	0.0	1.0	0.0	0.0
xto-	0.183615748405	0.589947386589	0.0889261191618	0.137510745844
jac-	0.00134265734266	0.987244755245	0.0107412587413	0.000671328671328
fal-	0.140083931588	0.81273754223	0.0471785261824	0.0
gu'-	0.62628064051	0.272027016772	0.0584351521591	0.0432571905593
júp-	0.0	1.0	0.0	0.0
coo-	0.832116788321	0.0583941605839	0.043795620438	0.0656934306569
nij-	0.0650495569816	0.84527096989	0.0345069201851	0.0551725529435
abí-	0.0	0.983050847458	0.0	0.0169491525424
xda-	0.105812052736	0.681009709714	0.0165898918287	0.196588345721
mah-	0.0	1.0	0.0	0.0
bë'-	0.0475184794087	0.920802534319	0.025343189018	0.00633579725448
tum-	0.0	0.99649122807	0.0	0.00350877192982
rya-	0.411491665272	0.305758736867	0.135360277198	0.147389320662
no'-	0.156681692599	0.301536522709	0.12069216228	0.421089622413
lis-	0.0167014613779	0.97773138483	0.00556715379262	0.0
san-	0.0635313531353	0.924917491749	0.0115511551155	0.0
rli-	0.254350975959	0.577564083344	0.0658527257114	0.102232214986
za̱-	0.00165061898212	0.984594222834	0.00962861072903	0.0041265474553
rëj-	0.531112162802	0.274358731661	0.14894462849	0.0455844770469
yal-	0.205363090493	0.221379976319	0.267427548045	0.305829385143
pre-	0.221523959152	0.718381775334	0.0247446975648	0.0353495679497
yaz-	0.504993983756	0.3007081953	0.0803161784598	0.113981642485
lac-	0.0591678484145	0.806016353378	0.0538333886491	0.0809824095586
rüm-	0.587995930824	0.306883689386	0.0135639199729	0.0915564598169
euf-	0.00946372239748	0.990536277603	0.0	0.0
xhi-	0.166468985694	0.188206782742	0.0418480360757	0.603476195488
azo-	0.0298507462686	0.940298507463	0.0149253731343	0.0149253731343
zax-	0.585127813151	0.290466633783	0.0706370513173	0.053768501749
neg-	0.176878612717	0.812716763006	0.0104046242774	0.0
zin-	0.470934326704	0.284560671025	0.0545312115871	0.189973790684
dud-	0.109090909091	0.781818181818	0.0727272727273	0.0363636363636
mil-	0.0953806195195	0.681531495511	0.0612845150748	0.161803369895
ner-	0.0	1.0	0.0	0.0
tib-	0.114588113546	0.276942029735	0.231625771398	0.376844085322
gan-	0.373872638688	0.206144742833	0.0856774146789	0.3343052038
xze-	0.0916030534351	0.81679389313	0.0458015267176	0.0458015267176
sod-	0.00911992704058	0.990880072959	0.0	0.0
nëg-	0.131983055335	0.105308445856	0.0322345777072	0.730473921101
nug-	0.772434017595	0.158553274682	0.0160312805474	0.0529814271749
bay-	0.524234531874	0.252090930753	0.0999502414372	0.123724295936
lij-	0.0618556701031	0.756013745705	0.0584192439863	0.123711340206
mas-	0.0717089965107	0.480109775298	0.0537817473829	0.394399480808
xse-	0.232889342252	0.7292112129	0.0131824155992	0.0247170292485
gün-	0.35521293751	0.0821704014851	0.0254620121456	0.537154648859
za'-	0.350178330544	0.152249165645	0.0628606111967	0.434711892615
rën-	0.404699410964	0.202006480997	0.0489677451035	0.344326362935
abr-	0.0226518561219	0.924764797611	0.0254232903946	0.0271600558721
lua-	0.128042587765	0.33739293815	0.0383560716341	0.496208402451
riz-	0.552475247525	0.4	0.0	0.0475247524752
zaq-	0.019943019943	0.947293447293	0.00712250712251	0.025641025641
así-	0.0	1.0	0.0	0.0
nen-	0.391003460208	0.134948096886	0.342560553633	0.131487889273
cul-	0.538711583924	0.284352836879	0.0808953900709	0.0960401891253
ya'-	0.206507478352	0.362634479139	0.264497507216	0.166360535293
zac-	0.197776707655	0.600173631129	0.0413052177511	0.160744443465
lod-	0.12859622309	0.128191944554	0.00473029391872	0.738481538437
mul-	0.169197396963	0.694143167028	0.058568329718	0.0780911062907
gaw-	0.630106961894	0.279551200365	0.0314469114948	0.0588949262463
ate-	0.0133037694013	0.986696230599	0.0	0.0
naw-	0.189452556932	0.245764348817	0.436098338599	0.128684755652
xne-	0.232648221707	0.329556122277	0.206424087308	0.231371568708
har-	0.0868544600939	0.803990610329	0.080985915493	0.0281690140845
caz-	0.558028694969	0.283692202423	0.0833751892616	0.0749039133473
jur-	0.307189542484	0.588235294118	0.0915032679738	0.0130718954248
biy-	0.505362538583	0.344377968755	0.043953457037	0.106306035624
sin-	0.160787321063	0.260296523517	0.113803680982	0.465112474438
rdi-	0.437550562624	0.284860631022	0.201055379863	0.0765334264912
urí-	0.0	1.0	0.0	0.0
dor-	0.123441396509	0.471321695761	0.0336658354115	0.371571072319
tag-	0.590697674419	0.300775193798	0.0434108527132	0.0651162790697
pat-	0.0889617810077	0.885955010062	0.0	0.0250832089308
roy-	0.339285714286	0.64880952381	0.0119047619048	0.0
zün-	0.309381237525	0.530938123753	0.119760479042	0.0399201596806
alt-	0.00308166409861	0.996918335901	0.0	0.0
dol-	0.176268412565	0.617273483538	0.107509971882	0.0989481320152
laj-	0.264416265162	0.622712618831	0.0379878591047	0.0748832569019
yo'-	0.603099818189	0.206224143292	0.0203713716366	0.170304666882
tëe-	0.117021276596	0.436170212766	0.414893617021	0.031914893617
jor-	0.0	0.99721448468	0.0	0.00278551532034
dxe-	0.0594389335491	0.195200200098	0.00372859720517	0.741632269147
lom-	0.109634551495	0.631229235881	0.259136212625	0.0
rüü-	0.178571428571	0.821428571429	0.0	0.0
gen-	0.0175798417814	0.945795487841	0.0175798417814	0.0190448285965
raz-	0.184132806689	0.75275657643	0.0269339360373	0.0361766808437
zia-	0.15215531386	0.081661253958	0.0444694689658	0.721713963216
bi'-	0.64907566638	0.168852106621	0.0616938950989	0.1203783319
jam-	0.0218181818182	0.818181818182	0.0981818181818	0.0618181818181
rzu-	0.423323036187	0.485841423948	0.0457855251545	0.0450500147102
niu-	0.461591025568	0.148226183019	0.130174819202	0.260007972211
mar-	0.0124146492862	0.948479205462	0.00620732464308	0.0328988206083
bej-	0.147642865312	0.499326590766	0.0220384808251	0.330992063097
lal-	0.36023054755	0.514409221902	0.0324207492796	0.092939481268
gaz-	0.278594181987	0.403497957447	0.0712898336497	0.246618026916
nig-	0.481575672312	0.330122828851	0.125534332558	0.0627671662789
por-	0.056179414233	0.113788784423	0.0204516592385	0.809580142106
goj-	0.436065209109	0.174273528342	0.0794802076456	0.310181054903
alf-	0.0185065847089	0.968191807532	0.0109882846709	0.00231332308862
pas-	0.0337179679305	0.83260902143	0.095459313652	0.0382136969879
cos-	0.0908921630239	0.288701906291	0.123059376673	0.497346554012
dam-	0.0400785854617	0.930844793713	0.00235756385069	0.0267190569745
hor-	0.124130985641	0.47800662725	0.0201416412189	0.37772074589
nün-	0.75606520587	0.14068574462	0.0335306349512	0.0697184145589
gap-	0.37463114174	0.23377145674	0.0804923641582	0.311105037362
plo-	0.132879045997	0.168654173765	0.657580919932	0.0408858603066
zux-	0.363034117257	0.384564425306	0.158993044054	0.0934084133819
xma-	0.225817371435	0.536094107027	0.112273971057	0.125814550481
wej-	0.753590770126	0.113807192971	0.0145844516434	0.11801758526
rat-	0.346246280775	0.284775872132	0.335935054816	0.033042792277
zis-	0.772241992883	0.085409252669	0.0640569395018	0.0782918149466
yë'-	0.0	0.975339087546	0.00616522811343	0.0184956843403
epa-	0.0	0.984116479153	0.0158835208471	0.0
yac-	0.463401506997	0.290019990774	0.168922035983	0.0776564662464
asi-	0.0113527724666	0.985062141491	0.0	0.00358508604207
gun-	0.619238479262	0.172251193879	0.0278620939204	0.180648232939
nan-	0.0915073644626	0.847696646819	0.0131620181761	0.0476339705421
gax-	0.584457895224	0.263151691683	0.0565718470876	0.0958185660047
nux-	0.329081632653	0.617346938776	0.0229591836735	0.0306122448979
chë-	0.592801068214	0.317356171006	0.0330363514976	0.0568064092825
nuz-	0.299851385611	0.361395226855	0.0878573301862	0.250896057348
pij-	0.214964861513	0.379909053328	0.289375775114	0.115750310046
rië-	0.696808510638	0.239361702128	0.0638297872341	0.0
zix-	0.532194480946	0.369250985545	0.0197109067017	0.0788436268068
xch-	0.14714744677	0.436912577575	0.231796140722	0.184143834933
bir-	0.532304433349	0.323044333485	0.0287486760478	0.115902557119
tol-	0.0944296224432	0.84962406015	0.0265179076724	0.029428409734
alm-	0.0	1.0	0.0	0.0
pal-	0.224057450628	0.748294434471	0.0147217235189	0.0129263913824
cue-	0.118167178081	0.818247698636	0.0303758351287	0.0332092881548
zaj-	0.318900417858	0.14362568042	0.137888817817	0.399585083905
mir-	0.0342465753425	0.958904109589	0.00342465753425	0.00342465753425
isa-	0.00352112676056	0.992957746479	0.00176056338028	0.00176056338028
joe-	0.0408163265306	0.938775510204	0.0	0.0204081632653
eut-	0.352941176471	0.514705882353	0.132352941176	0.0
pud-	0.0	1.0	0.0	0.0
dio-	0.0642796702951	0.612441457829	0.00708019529857	0.316198676578
bab-	0.444224694291	0.285643703256	0.108906156346	0.161225446106
ita-	0.0	0.850340136054	0.149659863946	0.0
zus-	0.55432483198	0.330354635598	0.0340719754882	0.0812485569333
war-	0.566037735849	0.285921625544	0.0348330914368	0.11320754717
dëj-	0.127118644068	0.56779661017	0.305084745763	0.0
cac-	0.470479704797	0.40221402214	0.0830258302583	0.0442804428044
moi-	0.0633861170376	0.903795337548	0.00469768443305	0.0281208609812
doo-	0.334259711703	0.108080869778	0.114219398974	0.443440019546
xid-	0.350524238058	0.517883606126	0.00174679852853	0.129845357287
xfi-	0.00509770603229	0.966015293118	0.00169923534409	0.0271877655055
rid-	0.645728032775	0.203744372722	0.0983731510372	0.0521544434652
waj-	0.0607805502239	0.873320537428	0.0185540626999	0.0473448496481
roo-	0.696655911729	0.240700293846	0.0122407414392	0.050403052985
jud-	0.00951927653499	0.977922600959	0.00296562076667	0.0095925017391
tua-	0.17667844523	0.745583038869	0.0424028268551	0.0353356890459
rxh-	0.64193728472	0.259538742357	0.066363297824	0.0321606750993
zam-	0.332359813084	0.255257009346	0.0344626168225	0.377920560748
teu-	0.263157894737	0.715789473684	0.0	0.0210526315789
uzí-	0.0	1.0	0.0	0.0
cis-	0.0	0.95	0.05	0.0
bël-	0.15668221791	0.271293505636	0.100119730812	0.471904545642
mal-	0.179847043038	0.296816240838	0.367804657926	0.155532058198
adá-	0.0876095118899	0.854818523154	0.0425531914894	0.0150187734668
anm-	0.236717300158	0.67667880954	0.051962334181	0.0346415561207
rey-	0.0987685174354	0.807700488127	0.018185105229	0.0753458892091
loo-	0.213280671439	0.553443594174	0.0439397679585	0.189335966428
nin-	0.398644669373	0.294717665628	0.0393407093892	0.26729695561
vol-	0.0585380962214	0.586310138344	0.0216807763783	0.333470989056
xic-	0.254674403611	0.20502901354	0.0386847195358	0.501611863314
sir-	0.306543398675	0.438861856434	0.116200936095	0.138393808796
xqu-	0.120344193663	0.70338786671	0.102810090992	0.0734578486351
zij-	0.0627513351828	0.355280636912	0.0641429978582	0.517825030047
sós-	0.0224719101124	0.977528089888	0.0	0.0
rei-	0.0332214765101	0.96677852349	0.0	0.0
ta'-	0.194132533272	0.280974276389	0.273403317691	0.251489872648
esr-	0.0	1.0	0.0	0.0
yu'-	0.264855925793	0.116215415348	0.0448278551949	0.574100803664
and-	0.0	0.994347621291	0.0	0.00565237870937
ALL	0.212073312856	0.263928795918	0.0492569695823	0.474740921643
ana-	0.0159108989658	0.971360381862	0.00318217979316	0.00954653937948
yaq-	0.0298207781143	0.83494546067	0.135233761216	0.0
lax-	0.564575645757	0.413284132841	0.0	0.0221402214022
cil-	0.0	0.994117647059	0.00588235294119	0.0
per-	0.116747276168	0.0711940279152	0.00914746726898	0.802911228648
heb-	0.00717978173464	0.952613440551	0.0315910396324	0.00861573808157
nuc-	0.530604909723	0.393994473792	0.0226201849455	0.0527804315396
cal-	0.300588501584	0.485061113626	0.152105024898	0.0622453598914
big-	0.640936394003	0.198897814742	0.0641379094125	0.096027881843
rur-	0.382633759683	0.521527652675	0.064492884165	0.0313457034769
zor-	0.0	1.0	0.0	0.0
zig-	0.524480524291	0.305898446181	0.028822912234	0.140798117294
sob-	0.212086659065	0.396807297605	0.102622576967	0.288483466363
gaa-	0.0432595775037	0.0750109210996	0.0457844555682	0.835945045829
lid-	0.0638998538809	0.732841907836	0.0227604816181	0.180497756665
guy-	0.572655568796	0.171236719594	0.0644554460334	0.191652265577
ata-	0.0	1.0	0.0	0.0
gro-	0.0855965566187	0.0923449638827	0.039482918722	0.782575560777
far-	0.0414232956725	0.871127524575	0.0506284724886	0.0368207072644
gox-	0.203277278808	0.739871966367	0.0329638830499	0.0238868717753
rud-	0.404052941495	0.399711788094	0.0847323136727	0.111502956738
xpa-	0.124490601177	0.809220473808	0.013522940703	0.0527659843116
lum-	0.0	0.90319792567	0.0847018150389	0.0121002592913
xcu-	0.10000495524	0.788311601914	0.0532488442108	0.0584345986351
lev-	0.040656593108	0.898032394826	0.056745298402	0.00456571366453
arc-	0.159595959596	0.80404040404	0.0121212121212	0.0242424242424
xni-	0.050011285775	0.797732133088	0.0962064493422	0.0560501317949
rün-	0.275219596641	0.0664171203739	0.0330777590696	0.625285523916
züt-	0.715746421268	0.120654396728	0.040899795501	0.122699386503
nej-	0.157487440096	0.637920050964	0.0799562756084	0.124636233332
adi-	0.159525979945	0.749316317229	0.0	0.0911577028259
rba-	0.287915669825	0.34277416187	0.0808094526687	0.288500715636
saú-	0.507462686567	0.432835820895	0.0	0.0597014925373
bin-	0.623536721861	0.231958371702	0.0307298881239	0.113775018313
rej-	0.232673194536	0.470385436064	0.218990097486	0.077951271914
zat-	0.146012774851	0.144336354404	0.0874900924971	0.622160778248
riy-	0.617391304348	0.226086956522	0.00869565217391	0.147826086956
yuq-	0.531147540984	0.350819672131	0.0196721311475	0.0983606557377
suc-	0.46174863388	0.284153005465	0.213114754098	0.0409836065574
gaj-	0.152779834275	0.103858344823	0.0771389894551	0.666222831447
eub-	0.142857142857	0.857142857143	0.0	0.0
bya-	0.829969727548	0.101917255298	0.0378405650858	0.0302724520686
bug-	0.670909090909	0.232727272727	0.0690909090909	0.0272727272727
jai-	0.0642857142857	0.928571428571	0.00714285714286	0.0
tal-	0.297941849069	0.457693564195	0.144397255799	0.0999673309376
sal-	0.0295769803967	0.963544652069	0.00412702052046	0.00275134701364
ojs-	0.0	0.896907216495	0.103092783505	0.0
züj-	0.42197236984	0.350148146521	0.126112623889	0.101766859749
ami-	0.0	1.0	0.0	0.0
xiz-	0.456140350877	0.515789473684	0.0	0.0280701754386
rod-	0.22818720881	0.546908089792	0.20584498094	0.0190597204574
xan-	0.0366126795923	0.779788681958	0.0897085360662	0.0938901023839
zaf-	0.0	1.0	0.0	0.0
sud-	0.508649929465	0.259806904492	0.168215120629	0.0633280454133
wan-	0.280674313521	0.13549270073	0.0238964198818	0.559936565867
pon-	0.00675675675675	0.972972972973	0.0	0.0202702702702
gól-	0.0	1.0	0.0	0.0
hig-	0.0	0.955691642651	0.0432276657061	0.00108069164265
chi-	0.200914042358	0.0809499434004	0.015873513521	0.70226250072
xmi-	0.178123473087	0.673962594301	0.116039017352	0.0318749152603
ben-	0.10444898098	0.347519200508	0.3667076824	0.181324136112
dió-	0.0769230769231	0.884615384615	0.0384615384615	0.0
xti-	0.174593590909	0.496194570847	0.0681264681786	0.261085370065
nun-	0.177304964539	0.127659574468	0.41134751773	0.283687943262
sti-	0.11235567137	0.146377872432	0.106838970214	0.634427485985
dxu-	0.0615376465603	0.567029241418	0.310248622687	0.0611844893347
bun-	0.24907063197	0.436183395291	0.266418835192	0.0483271375465
der-	0.122824974411	0.778573865575	0.0511770726715	0.0474240873422
lam-	0.512552301255	0.352460649532	0.0513050408448	0.0836820083682
til-	0.395546129374	0.464121597738	0.0714033227289	0.068928950159
gat-	0.544980385164	0.183086661912	0.17519614836	0.0967368045648
nut-	0.357664233577	0.503649635037	0.102189781022	0.0364963503649
re'-	0.324024050192	0.373605785988	0.265772046009	0.0365981178111
cua-	0.261167404024	0.567575281861	0.0913372341943	0.07992007992
dám-	0.0377358490566	0.962264150943	0.0	0.0
zut-	0.442584844259	0.370060437006	0.0576476057648	0.129707112971
zid-	0.375730968153	0.282758159433	0.0563028146962	0.285208057718
ray-	0.367316657619	0.140698497661	0.106316272632	0.385668572088
pur-	0.352941176471	0.164086687306	0.482972136223	0.0
gur-	0.668813283973	0.210160028232	0.0252355059172	0.0957911818777
sió-	0.0166666666667	0.983333333333	0.0	0.0
esl-	0.0	1.0	0.0	0.0
saf-	0.125984251969	0.696850393701	0.0590551181103	0.11811023622
gud-	0.546787915631	0.245366895428	0.0543395107981	0.153505678143
nad-	0.216862609543	0.381433519732	0.226245725987	0.175458144738
yad-	0.242539299214	0.656540603189	0.0398860991084	0.0610339984887
nib-	0.376613218616	0.300351974971	0.129057489245	0.193977317169
goo-	0.678512448661	0.231098652705	0.0671562511376	0.0232326474959
sun-	0.499844521035	0.348811766257	0.0567538922653	0.0945898204421
xbé-	0.0835760223273	0.728491687902	0.071593253246	0.116339036525
rdo-	0.43966246197	0.360403790329	0.130412420563	0.0695213271381
xdi-	0.100218549377	0.82824642087	0.0242408177749	0.0472942119789
ele-	0.0	1.0	0.0	0.0
cag-	0.561132962545	0.315628787514	0.0660919239473	0.0571463259936
bix-	0.178195615514	0.689086565486	0.0682068577853	0.0645109612141
doc-	0.0347705146036	0.910523875753	0.0296708391284	0.0250347705146
ban-	0.467628053909	0.198645100412	0.0525210773554	0.281205768323
cus-	0.472377574683	0.368844632383	0.0841631428182	0.074614650116
yug-	0.520275439939	0.280030604438	0.121652639633	0.0780413159908
xi'-	0.0448657526421	0.829573100421	0.0263295586482	0.099231588289
dád-	0.329712212786	0.0379330989074	0.15706259733	0.475292090977
ter-	0.0	1.0	0.0	0.0
lia-	0.74366879542	0.12376128606	0.0409601409381	0.091609777582
tra-	0.212633673215	0.735140512311	0.026112907237	0.026112907237
nam-	0.336546308754	0.0452831021021	0.0248803405607	0.593290248583
arq-	0.111111111111	0.877192982456	0.0116959064327	0.0
ale-	0.0267430754537	0.658070678128	0.315186246418	0.0
sid-	0.0104566050889	0.977344022307	0.0	0.0121993726037
elm-	0.0	1.0	0.0	0.0
oli-	0.0722350485468	0.889813087068	0.0161295423638	0.0218223220216
luc-	0.0881107031913	0.879695001412	0.00677774639932	0.0254165489975
dox-	0.271561771562	0.155011655012	0.5	0.0734265734266
taq-	0.4	0.133333333333	0.0333333333333	0.433333333333
biq-	0.627501082968	0.187487953773	0.034864881885	0.150146081374
jec-	0.0	1.0	0.0	0.0
doj-	0.518181818182	0.481818181818	0.0	0.0
dec-	0.0	0.757709251101	0.0	0.242290748899
bic-	0.510716594654	0.391932551336	0.0639412421581	0.0334096118517
rir-	0.435736204326	0.420825333109	0.0290328381412	0.114405624424
ciu-	0.0278272868395	0.470051170011	0.0193871097568	0.482734433393
xli-	0.20061055386	0.57611675285	0.175222727556	0.0480499657342
eli-	0.0390679994369	0.859038434464	0.00844713501337	0.0934464310855
xua-	0.0	1.0	0.0	0.0
di'-	0.362746874434	0.576372531256	0.0	0.0608805943106
nag-	0.424608474658	0.182980289715	0.126127157288	0.266284078338
col-	0.0	1.0	0.0	0.0
bri-	0.519137121624	0.069409022606	0.0228557568521	0.388598098918
var-	0.0434782608695	0.941176470588	0.00511508951407	0.0102301790281
ene-	0.0178571428571	0.982142857143	0.0	0.0
pan-	0.0	0.991803278689	0.0	0.00819672131148
xtü-	0.239554317549	0.692200557103	0.0598885793872	0.00835654596104
rdx-	0.271670348819	0.39571926667	0.253857833546	0.0787525509646
tor-	0.0594059405941	0.920792079208	0.0	0.019801980198
sen-	0.37346164523	0.52220782826	0.0378458406588	0.0664846858518
efr-	0.0	1.0	0.0	0.0
dux-	0.0394187556332	0.101681308436	0.0102851770896	0.848614758841
ruv-	0.28021978022	0.648351648352	0.0384615384615	0.032967032967
baa-	0.0255623721881	0.952113156101	0.0148261758691	0.00749829584186
mai-	0.0	1.0	0.0	0.0
rut-	0.501863414555	0.392421302198	0.049788488239	0.0559267950082
pen-	0.127873563218	0.705459770115	0.0287356321839	0.137931034483
rab-	0.344860534223	0.398178380941	0.131738198968	0.125222885867
ape-	0.0	1.0	0.0	0.0
bëz-	0.0	1.0	0.0	0.0
éfe-	0.0207715133531	0.973293768546	0.00593471810089	0.0
cüb-	0.0691096693126	0.0555454871306	0.838353450047	0.0369913935103
fav-	0.589459084605	0.264909847434	0.0291262135922	0.116504854369
dun-	0.0370180978046	0.0572256863044	0.0106315997026	0.895124616188
got-	0.534959349594	0.175609756098	0.191869918699	0.0975609756098
xtu-	0.517482517483	0.246503496503	0.215034965035	0.020979020979
güm-	0.333333333333	0.145833333333	0.458333333333	0.0625
xga-	0.307555385288	0.288032510048	0.0659649985384	0.338447106126
ber-	0.0559742524921	0.924381280551	0.011087893328	0.00855657362936
tia-	0.34556824529	0.410345409837	0.0561930948843	0.187893249988
zun-	0.420245779671	0.228257595975	0.0586355955866	0.292861028768
mig-	0.0756013745704	0.903780068729	0.0	0.020618556701
car-	0.344831348304	0.422692972088	0.0387307937085	0.193744885899
alb-	0.125	0.65625	0.21875	0.0
rux-	0.654822215415	0.238389217465	0.0898230401282	0.0169655269917
bas-	0.61332041215	0.182217405761	0.0754996024049	0.128962579684
zii-	0.262413881436	0.0889835650052	0.0372113090022	0.611391244556
rdë-	0.316386554622	0.466386554622	0.136554621849	0.0806722689076
ruq-	0.107777928601	0.877019139405	0.015202931994	0.0
mid-	0.232492997199	0.683473389356	0.0448179271709	0.0392156862745
yuu-	0.150357995227	0.849642004773	0.0	0.0
pól-	0.043795620438	0.941605839416	0.0	0.014598540146
oné-	0.0363349131122	0.70458135861	0.154818325434	0.104265402844
pun-	0.152542372881	0.561440677966	0.286016949153	0.0
yar-	0.49698349584	0.288291310765	0.0439009463824	0.170824247012
bax-	0.545301327886	0.204034729316	0.159295199183	0.0913687436159
naj-	0.145746550171	0.0936692274859	0.0246773283031	0.73590689404
tië-	0.493476706779	0.267633742404	0.132550935303	0.106338615513
cai-	0.00418118466898	0.991637630662	0.004181184669	0.0
xyu-	0.279971077368	0.347794649313	0.166883586406	0.205350686912
bij-	0.0338921939787	0.883089958536	0.0111772129079	0.0718406345772
rnë-	0.574285714286	0.162857142857	0.194285714286	0.0685714285714
adl-	0.0256405038562	0.1795038766	0.709387273356	0.0854683461875
can-	0.449428139183	0.304551891074	0.0487745839637	0.197245385779
zab-	0.528879312802	0.313115249349	0.0639545819867	0.0940508558628
paf-	0.0	1.0	0.0	0.0
rxo-	0.757575757576	0.0909090909091	0.0	0.151515151515
xix-	0.210785647115	0.549509990596	0.097869760863	0.141834601425
sus-	0.225497159091	0.541903409091	0.211292613636	0.0213068181818
ref-	0.0	1.0	0.0	0.0
óni-	0.0	0.862068965517	0.137931034483	0.0
bia-	0.533773173062	0.322554894834	0.092477543526	0.0511943885773
hoz-	0.0106571936057	0.953818827709	0.0355239786856	0.0
xme-	0.141129962115	0.81182671718	0.024905287432	0.0221380332729
xva-	0.355927827223	0.421873576137	0.100391847149	0.121806749491
log-	0.756476683938	0.243523316062	0.0	0.0
we'-	0.486316595	0.186921507179	0.326761897821	0.0
zee-	0.240077327762	0.0559529582277	0.00641889240237	0.697550821608
ze'-	0.110562971561	0.819791062101	0.0208937899013	0.0487521764364
güt-	0.625121713729	0.178080709726	0.0604781997187	0.136319376826
mna-	0.346153846154	0.346153846154	0.269230769231	0.0384615384615
nef-	0.0	1.0	0.0	0.0
mox-	0.133720930232	0.815891472868	0.0348837209302	0.015503875969
tëd-	0.478209658422	0.266475159095	0.0696545237308	0.185660658752
rus-	0.365544701091	0.415884480647	0.139034262767	0.0795365554954
ces-	0.0191082802548	0.93949044586	0.0	0.0414012738854
xpe-	0.30115146147	0.631532329495	0.014171833481	0.0531443755536
cwi-	0.654268292683	0.229268292683	0.0164634146342	0.1
azu-	0.0229007633588	0.972010178117	0.00508905852417	0.0
nor-	0.0	0.721649484536	0.216494845361	0.0618556701031
ruc-	0.521680025304	0.354047633469	0.0561533854219	0.0681189558054
cob-	0.0650804758572	0.895031490553	0.035689293212	0.00419874037788
mat-	0.0	1.0	0.0	0.0
nit-	0.410738054488	0.294698003075	0.204669769268	0.0898941731687
ged-	0.0555555555556	0.944444444444	0.0	0.0
tró-	0.0	1.0	0.0	0.0
lay-	0.163238978888	0.759855119204	0.0709518965988	0.00595400530898
bem-	0.880712625871	0.0542215336948	0.00697134004646	0.0580945003873
cha-	0.13739468802	0.765916646861	0.0757188957457	0.0209697693732
xfa-	0.150930052793	0.720128941006	0.0828906468431	0.0460503593573
wab-	0.813698630137	0.0164383561643	0.153424657534	0.0164383561644
par-	0.0678765611021	0.0459889060082	0.0105026932963	0.875631839593
na̱-	0.611015613789	0.0107857594654	0.00517341484293	0.373025211902
rbe-	0.464038969722	0.428199985142	0.0556528383584	0.0521082067773
jul-	0.00439560439559	0.995604395604	0.0	0.0
nah-	0.0	1.0	0.0	0.0
duu-	0.177733065057	0.745137491616	0.0	0.0771294433266
baj-	0.0394344522458	0.907729793851	0.0298162931615	0.0230194607419
zie-	0.0481138809343	0.141355930479	0.718836097788	0.0916940907988
feb-	0.210526315789	0.789473684211	0.0	0.0
raw-	0.560515171295	0.370629312777	0.0427958168806	0.0260596990477
amé-	0.0221303501946	0.0992217898833	0.000486381322957	0.878161478599
saq-	0.544362587442	0.154586703861	0.0791943095639	0.221856399133
tre-	0.0	0.431034482759	0.0	0.568965517241
her-	0.0179524820241	0.894996680661	0.0446006975287	0.0424501397862
gay-	0.0343313513026	0.254264405406	0.0691514051149	0.642252838177
rzo-	0.634296849627	0.286131860994	0.0250081195193	0.0545631698603
wid-	0.00650759219089	0.879609544469	0.113882863341	0.0
gob-	0.0717529518619	0.855585831063	0.0346957311535	0.0379654859219
dan-	0.043795620438	0.839416058394	0.116788321168	0.0
nüü-	0.354377968372	0.274803848228	0.27765696491	0.0931612184896
lug-	0.0900475660358	0.416071247849	0.0137637890902	0.480117397025
apó-	0.0270366417645	0.913198150125	0.0131230483418	0.0466421597692
zez-	0.129484758565	0.163744267602	0.54221742649	0.164553547343
gre-	0.0	0.953488372093	0.0	0.046511627907
ser-	0.0319581638582	0.968041836142	0.0	0.0
cur-	0.693815987934	0.216440422323	0.026395173454	0.0633484162896
rga-	0.530898876405	0.227528089888	0.0421348314607	0.199438202247
cri-	0.0167337127681	0.923654432676	0.0147631609781	0.0448486935774
mis-	0.0	1.0	0.0	0.0
tii-	0.368970013038	0.224250325945	0.340286831812	0.0664928292047
wed-	0.288150226635	0.22620332398	0.0336714871573	0.451974962227
xum-	0.0722891566265	0.819277108434	0.0	0.10843373494
sac-	0.465311081457	0.278936082186	0.0305924445403	0.225160391816
rüd-	0.472972972973	0.155405405405	0.277027027027	0.0945945945946
bla-	0.352305475504	0.418587896254	0.0972622478386	0.131844380404
nac-	0.0905748627588	0.6441412027	0.151837143953	0.113446790589
rin-	0.409029196064	0.459785787226	0.064170998886	0.067014017824
zëg-	0.254545454545	0.163636363636	0.0	0.581818181818
xle-	0.0961027808224	0.849602820371	0.0264974745477	0.027796924259
beg-	0.25	0.658045977012	0.0229885057471	0.0689655172414
was-	0.738372093023	0.156976744186	0.104651162791	0.0
teë-	0.370967741935	0.467741935484	0.0806451612903	0.0806451612903
naq-	0.067323160672	0.362654307119	0.543330530181	0.0266920020285
rë'-	0.299264705882	0.55306372549	0.0808823529413	0.0667892156863
sos-	0.0	1.0	0.0	0.0
don-	0.481081081081	0.210810810811	0.0162162162162	0.291891891892
cad-	0.49243605452	0.355855336013	0.0503485479827	0.101360061484
fél-	0.013230429989	0.966923925028	0.013230429989	0.0066152149945
moj-	0.0459785906453	0.817192714113	0.0481727967065	0.0886558985349
raj-	0.299019192687	0.262009490353	0.11105849233	0.327912824629
bit-	0.47365146615	0.380941852753	0.0633454848346	0.082061196263
leg-	0.0	0.94	0.0	0.06
ron-	0.098271155596	0.851683348499	0.00545950864422	0.0445859872611
rig-	0.444752015889	0.24256812602	0.070930646693	0.241749211398
zal-	0.622565922355	0.209099126243	0.079806129319	0.0885288220831
nët-	0.154552389972	0.18805408676	0.0643858679926	0.593007655276
cef-	0.164772727273	0.75	0.0	0.0852272727273
nia-	0.443393804503	0.209375373903	0.0553510421664	0.291879779428
la̱-	0.0956298200514	0.784061696658	0.0277634961439	0.0925449871465
xzi-	0.431034482759	0.534482758621	0.0344827586207	0.0
esa-	0.0	0.897755610973	0.0299251870324	0.0723192019949
la'-	0.10988427333	0.11763872742	0.0263911101144	0.746085889136
lic-	0.048615800135	0.777177582714	0.162052667117	0.0121539500337
lën-	0.0758629677784	0.222817864991	0.0134554434471	0.687863723784
wat-	0.156453715776	0.217731421121	0.0	0.625814863103
mag-	0.020979020979	0.895687645688	0.027972027972	0.0553613053613
aug-	0.131736526946	0.844311377246	0.0	0.0239520958084
ama-	0.0	0.674418604651	0.325581395349	0.0
xih-	0.27445915402	0.270261543429	0.261543429125	0.193735873426
zën-	0.604739176735	0.226378812371	0.0864635444997	0.0824184663945
sur-	0.145476772616	0.293398533007	0.355745721271	0.205378973105
xbi-	0.202934748673	0.679987511708	0.0683733999376	0.0487043396816
fri-	0.0	0.972222222222	0.0277777777778	0.0
reg-	0.445344129555	0.490890688259	0.0303643724697	0.0334008097166
pla-	0.157108254874	0.677989608157	0.0869633160136	0.0779388209555
mac-	0.0	0.994877923852	0.0051220761482	0.0
ico-	0.0	1.0	0.0	0.0
bet-	0.0490168928274	0.940182774855	0.0	0.0108003323179
vis-	0.22433460076	0.228136882129	0.38783269962	0.159695817491
maj-	0.136319525866	0.0553176248014	0.0469755922843	0.761387257048
pér-	0.0	1.0	0.0	0.0
raa-	0.623076923077	0.2	0.107692307692	0.0692307692308
ijs-	0.196261682243	0.747663551402	0.0	0.0560747663551
neá-	0.0	1.0	0.0	0.0
cim-	0.0219178082192	0.945205479452	0.0	0.0328767123288
xud-	0.0571630204658	0.883556810162	0.0592801693719	0.0
ran-	0.315711486067	0.279830473368	0.186017239456	0.218440801109
nëj-	0.392207792208	0.183116883117	0.385714285714	0.038961038961
gab-	0.334585743787	0.530116884996	0.050542546102	0.0847548251156
xhu-	0.0411663807891	0.117495711835	0.31217838765	0.529159519725
cüd-	0.0	0.894736842105	0.0	0.105263157895
yan-	0.156857419391	0.121366455897	0.0262958408663	0.695480283846
bad-	0.565768471214	0.208537460624	0.0498085041676	0.175885563995
din-	0.0752942985395	0.0184742493986	0.00154332068381	0.904688131378
liu-	0.130928523714	0.562458249833	0.0400801603207	0.266533066132
tio-	0.160268992908	0.0485370069186	0.0357909441774	0.755403055996
rug-	0.47275650937	0.369155027958	0.0545488280042	0.103539634668
zëë-	0.494861400824	0.129629553945	0.0490610130301	0.326448032201
guz-	0.528635523613	0.219474307769	0.083399442143	0.168490726475
vij-	0.036036036036	0.705705705706	0.258258258258	0.0
ich-	0.268401789345	0.436356242375	0.0402602684018	0.254981699878
ren-	0.078335071064	0.310920265598	0.230999286616	0.379745376722
ro'-	0.101965353694	0.215825770637	0.103894709586	0.578314166082
sul-	0.10807169266	0.799768265973	0.0473401991733	0.0448198421935
lul-	0.0149460282314	0.374204262386	0.189039579297	0.421810130086
tab-	0.0339331619537	0.898200514139	0.0678663239075	0.0
naz-	0.058981233244	0.898626005362	0.0256367292225	0.0167560321716
gal-	0.124995624934	0.72599401491	0.0207815617234	0.128228798432
nul-	0.352169157856	0.460444768502	0.0430185927817	0.14436748086
ida-	0.311995021972	0.118490255381	0.282281210355	0.287233512291
sel-	0.0	0.962962962963	0.037037037037	0.0
noé-	0.0	1.0	0.0	0.0
xoz-	0.143753003143	0.247849723991	0.0518453453959	0.55655192747
bii-	0.323769102645	0.461388329027	0.0863860511056	0.128456517223
rix-	0.608601892896	0.186534084102	0.00718821133344	0.197675811669
zaw-	0.454545454545	0.484848484849	0.030303030303	0.030303030303
xre-	0.034634433918	0.940763187177	0.00573009954452	0.0188722793605
güü-	0.416564969701	0.171821798997	0.0546894661405	0.356923765161
sat-	0.204610951009	0.766570605187	0.0201729106628	0.00864553314122
rxa-	0.752293577982	0.192660550459	0.0550458715596	0.0
agr-	0.0156326331216	0.979970688813	0.00439667806546	0.0
nar-	0.0731203538616	0.2001188632	0.573700055534	0.153060727404
ari-	0.017177211566	0.982822788434	0.0	0.0
max-	0.525773195876	0.412371134021	0.0618556701031	0.0
rta-	0.372549019608	0.411764705882	0.156862745098	0.0588235294117
vaj-	0.115068493151	0.879452054795	0.0	0.0054794520548
xco-	0.183688816473	0.45452199621	0.0902187456224	0.271570441694
xsu-	0.0987124463519	0.853540772532	0.0241416309013	0.0236051502146
clo-	0.0701754385965	0.894736842105	0.0	0.0350877192982
cax-	0.47004946858	0.320125385708	0.116912376941	0.0929127687711
sue-	0.168377823409	0.831622176591	0.0	0.0
one-	0.0	1.0	0.0	0.0
daj-	0.0772584543791	0.682901484176	0.141640499695	0.0981995617502
naí-	0.0	0.892857142857	0.0	0.107142857143
niz-	0.123950218364	0.175740408807	0.00617127721169	0.694138095618
zë'-	0.712396694215	0.178512396694	0.109090909091	0.0
gog-	0.643120243696	0.136556951777	0.0546171620554	0.165705642471
alo-	0.0	0.895652173913	0.0521739130435	0.0521739130435
eno-	0.0	0.987341772152	0.0	0.0126582278481
sil-	0.0283574103799	0.941144997325	0.0016051364366	0.0288924558588
evo-	0.126984126984	0.873015873016	0.0	0.0
pri-	0.0544747081712	0.889494163424	0.0186770428016	0.0373540856031
jas-	0.0377777777779	0.94962962963	0.0111111111111	0.00148148148148
ri'-	0.457004002287	0.406060606061	0.0491709548314	0.087764436821
wëj-	0.498066748067	0.345238095238	0.0	0.156695156695
zio-	0.360636216722	0.40673641235	0.102917410904	0.129709960024
crü-	0.385781260035	0.490105232254	0.0104590034588	0.113654504252
xgo-	0.185503817615	0.791913108936	0.00322615334982	0.0193569200989
gus-	0.569938474434	0.235683117747	0.0881356708013	0.106242737018
him-	0.0552486187845	0.922651933702	0.0	0.0220994475138
gra-	0.0507206409553	0.177653383465	0.0484068974107	0.723219078169
zud-	0.501751686473	0.287798290248	0.093263684122	0.117186339157
rüt-	0.311688311688	0.688311688312	0.0	0.0
ga'-	0.625984251969	0.240157480315	0.0629921259842	0.0708661417323
xu'-	0.614282613414	0.131756023443	0.253961363143	0.0
egi-	0.0335032774945	0.896576839039	0.0630527520549	0.00686713141193
run-	0.413073013853	0.428168505413	0.0647072480717	0.0940512326623
xdx-	0.103587185881	0.893535392288	0.0	0.00287742183004
sau-	0.0392696348174	0.905452726363	0.00225112556278	0.0530265132566
sín-	0.0	1.0	0.0	0.0
esm-	0.0102214650767	0.851788756388	0.137989778535	0.0
sag-	0.641539809518	0.21933879941	0.0455189804888	0.0936024105826
ziq-	0.341124447252	0.456231387059	0.0929970219294	0.10964714376
tro-	0.118720217835	0.871477195371	0.00980258679376	0.0
xmo-	0.117944063647	0.775807166412	0.0107041671209	0.0955446028202
xtc-	0.203389830508	0.796610169492	0.0	0.0
nie-	0.421294363257	0.53611691023	0.0200417536534	0.0225469728601
gol-	0.355080760171	0.111104264756	0.0148967245798	0.518918250494
tex-	0.0909090909091	0.909090909091	0.0	0.0
ela-	0.0	1.0	0.0	0.0
yud-	0.349330940584	0.28111028752	0.0799828346273	0.289575937268
bac-	0.575713873483	0.26534666967	0.0592172309041	0.0997222259426
wë'-	0.483431455004	0.147014297729	0.0191757779647	0.350378469302
luy-	0.133034694246	0.647134868619	0.0487042270459	0.17112621009
lon-	0.0436324390996	0.0146469318532	0.000925069380204	0.940795559667
yoj-	0.0370624571036	0.164722031572	0.691146190803	0.107069320522
xnu-	0.237659963437	0.502742230348	0.201096892139	0.0585009140768
bex-	0.30563002681	0.404825737265	0.128686327078	0.160857908847
miw-	0.089552238806	0.734722613348	0.114897212053	0.0608279357928
arp-	0.00687285223368	0.993127147766	0.0	0.0
itu-	0.0	1.0	0.0	0.0
adz-	0.387096774194	0.370967741936	0.0	0.241935483871
cap-	0.00712065555242	0.986775925403	0.00203447301498	0.00406894602996
fen-	0.0231481481481	0.930555555556	0.00925925925926	0.0370370370371
ras-	0.529232775484	0.350684633775	0.0440121712671	0.076070419474
que-	0.350597609562	0.490039840637	0.0956175298805	0.0637450199203
gul-	0.552507617307	0.225868886356	0.0643726476822	0.157250848655
nal-	0.447567331479	0.219677206159	0.101553118542	0.23120234382
man-	0.146531568475	0.708880733211	0.0415131593656	0.103074538949
dxü-	0.00869076223097	0.860436582997	0.123715556464	0.00715709830785
men-	0.0	1.0	0.0	0.0
rob-	0.0	1.0	0.0	0.0
ric-	0.593250972804	0.237066490889	0.0306194050479	0.139063131259
nez-	0.392857142857	0.214285714286	0.0	0.392857142857
sie-	0.176470588235	0.635294117647	0.188235294118	0.0
rqu-	0.605707733926	0.30650853652	0.05768645085	0.0300972787044
zag-	0.187358759936	0.202099321886	0.315905926374	0.294635991803
fle-	0.167346938775	0.832653061225	0.0	0.0
ceb-	0.025	0.775	0.2	0.0
tüg-	0.885057471264	0.0459770114943	0.0	0.0689655172414
rëë-	0.214277845103	0.598435606478	0.161947780103	0.0253387683155
lup-	0.333996023857	0.606361829026	0.0298210735587	0.0298210735587
bib-	0.633450175263	0.140610916375	0.0376564847271	0.188282423636
zëj-	0.669655819683	0.164046575061	0.0384948160314	0.127802789224
xoo-	0.634615384615	0.336538461538	0.0	0.0288461538461
squ-	0.341463414634	0.658536585366	0.0	0.0
com-	0.0439491946328	0.75076316022	0.0439737335466	0.161313911601
laz-	0.0342445178732	0.832382096726	0.0630820066086	0.0702913787925
xbe-	0.0970013276482	0.688724102614	0.0260105591725	0.188264010566
job-	0.155844155844	0.766233766234	0.038961038961	0.038961038961
lüj-	0.0303334680598	0.0375486716102	0.00454868628338	0.927569174047
lëj-	0.0211902609516	0.024243453907	0.00396193331769	0.950604351824
elí-	0.00479137552406	0.980834497904	0.00598921940507	0.0083849071671
aqu-	0.0146908097028	0.979159549026	0.0	0.00614964127094
dru-	0.0294117647059	0.941176470588	0.0294117647059	0.0
nil-	0.360002938799	0.320054599801	0.171610423458	0.148332037941
maz-	0.165100402051	0.0366585003014	0.297080847016	0.501160250632
dob-	0.145462080398	0.655615416494	0.179030252797	0.0198922503108
xca-	0.202637033131	0.700302303763	0.0491473562217	0.0479133068843
leb-	0.0	0.851485148515	0.029702970297	0.118811881188
mon-	0.0218747329745	0.938904554388	0.0186277022986	0.0205930103392
rij-	0.0619419642857	0.219866071428	0.708147321429	0.0100446428571
xla-	0.0569721825963	0.549542320494	0.352472658107	0.0410128388017
scl-	0.0761904761904	0.92380952381	0.0	0.0
xju-	0.0	0.595238095238	0.047619047619	0.357142857143
ram-	0.061224489796	0.938775510204	0.0	0.0
yaj-	0.0729927007299	0.0875912408759	0.0364963503649	0.802919708029
ara-	0.153247385064	0.832157625882	0.00729749452687	0.0072974945269
las-	0.122318295324	0.190647321274	0.173117821422	0.51391656198
coj-	0.404564315353	0.582098399526	0.0	0.0133372851215
laa-	0.0950990975393	0.0536677472224	0.0126163480102	0.838616807228
vin-	0.0666849783312	0.855032655802	0.0572239516572	0.0210584142099
esp-	0.0633999071064	0.917324663261	0.0137018114259	0.00557361820715
ent-	0.155844155844	0.508348794063	0.0834879406308	0.252319109462
dëc-	0.294117647059	0.382352941176	0.176470588235	0.147058823529
gül-	0.361050328228	0.520787746171	0.0984682713348	0.0196936542669
nud-	0.559949302915	0.253130544994	0.0857794676806	0.101140684411
a'n-	0.432498882432	0.195350916406	0.0402324541797	0.331917746983
xië-	0.0127501613944	0.985635894125	0.000968366688188	0.000645577792123
yus-	0.863636363636	0.0545454545454	0.0	0.0818181818181
cuz-	0.558727073971	0.330620672902	0.0387465079558	0.0719057451718
arf-	0.0	1.0	0.0	0.0
cle-	0.0542168674699	0.927710843374	0.0120481927711	0.00602409638554
cum-	0.527573904179	0.187257900102	0.172579001019	0.112589194699
bëw-	0.265454545455	0.218181818182	0.407272727273	0.109090909091
dum-	0.0258620689655	0.721982758621	0.0452586206896	0.206896551724
bar-	0.218299888975	0.493739101082	0.152974160574	0.134986849369
güj-	0.578655222795	0.134609495005	0.174197237999	0.112538044202
adr-	0.0384615384615	0.893162393162	0.042735042735	0.025641025641
zeb-	0.0	1.0	0.0	0.0
pis-	0.037037037037	0.944444444444	0.0	0.0185185185185
rup-	0.25215810995	0.277601090414	0.0477055883689	0.422535211268
xna-	0.10033807551	0.860675760181	0.024622840616	0.0143633236927
jop-	0.0238611713666	0.967462039046	0.00433839479393	0.00433839479393
his-	0.0727272727273	0.927272727273	0.0	0.0
rad-	0.426175088953	0.321606327725	0.104869349122	0.1473492342
apo-	0.0181242660948	0.965027824578	0.00306325624139	0.0137846530862
fan-	0.0	1.0	0.0	0.0
go'-	0.199064686157	0.697746680611	0.0666257316933	0.036562901539
yas-	0.52051406876	0.269907316274	0.099178541413	0.110400073553
rit-	0.276630141908	0.622777079217	0.0	0.100592778875
zas-	0.510699750558	0.237232506236	0.200866482867	0.0512012603387
quí-	0.0	1.0	0.0	0.0
lot-	0.0884543761638	0.87895716946	0.0046554934823	0.0279329608939
gag-	0.429260339894	0.202282696891	0.0790012667199	0.289455696495
yuj-	0.0571197356442	0.898086642464	0.0218198439192	0.0229737779726
cwë-	0.497897488795	0.305572118232	0.0445386917686	0.151991701204
aal-	0.350064977258	0.34616634178	0.0333008447044	0.270467836257
awa-	0.188616868147	0.171109758809	0.0540660729541	0.58620730009
zi'-	0.139411212799	0.0631191351217	0.0245029950946	0.772966656985
fir-	0.464864864865	0.308108108108	0.0648648648649	0.162162162162
sed-	0.0	0.682926829268	0.317073170732	0.0
nus-	0.66880693667	0.212655032379	0.077927779607	0.0406102513445
sa'-	0.287318156349	0.131664141781	0.0426463569012	0.538371344969
arm-	0.0	1.0	0.0	0.0
rub-	0.0	1.0	0.0	0.0
