jer-	0.0119634664037	0.957548990181	0.000643197118476	0.0298443462973
neu-	0.448328267477	0.248480243161	0.100303951368	0.202887537994
ni'-	0.0800704796829	0.639811209295	0.138958625891	0.141159685131
vas-	0.0255915863278	0.967046450482	0.00315512708151	0.00420683610868
lé'-	0.288556614012	0.460629446521	0.142891595321	0.107922344146
xun-	0.140081068193	0.205412494039	0.0147532188841	0.639753218884
fig-	0.0	1.0	0.0	0.0
maa-	0.0	1.0	0.0	0.0
jac-	0.00376136244906	0.983073868979	0.00971685299341	0.00344791557831
gad-	0.0244798041616	0.96817625459	0.00734394124846	0.0
fal-	0.374399588289	0.337088289113	0.0433154162854	0.245196706313
xúg-	0.0238486472003	0.155485082917	0.0377029047343	0.782963365148
gu'-	0.569583425037	0.193354009605	0.0140420334881	0.22302053187
júp-	0.0	1.0	0.0	0.0
xún-	0.668373089033	0.158211190569	0.0476893231094	0.125726397288
abí-	0.0	0.992424242424	0.00757575757575	0.0
nél-	0.287212787213	0.303196803197	0.314685314685	0.0949050949051
lau-	0.0789004011131	0.123581931982	0.00961888243622	0.787898784468
alm-	0.0695323124224	0.850765683202	0.0196298705138	0.0600721338615
joe-	0.0408163265306	0.959183673469	0.0	0.0
eno-	0.0132450331126	0.986754966887	0.0	0.0
dín-	0.738715829625	0.127781309599	0.0457724094088	0.0877304513668
xex-	0.523813944181	0.285081329045	0.0711694517643	0.119935275009
lis-	0.0244731475187	0.972127804215	0.00135961930659	0.00203942895989
xub-	0.0512334359038	0.28045773371	0.273573078876	0.39473575151
tea-	0.577743109724	0.237129485179	0.01248049922	0.172646905876
xcú-	0.0	0.68	0.32	0.0
ana-	0.018320610687	0.934860050891	0.00458015267176	0.0422391857506
séñ-	0.340983606557	0.659016393443	0.0	0.0
güé-	0.151343705799	0.594059405941	0.229137199434	0.025459688826
xje-	0.0650887573964	0.931952662722	0.0	0.00295857988166
beq-	0.733829688227	0.0846905537459	0.0348999534667	0.14657980456
xrl-	0.156693030891	0.790843820989	0.0246066092955	0.0278565388251
cub-	0.0790405002222	0.0494588332381	0.83284136355	0.0386593029899
lac-	0.0748069498069	0.863416988417	0.0386100386101	0.023166023166
sni-	0.0579364919151	0.664695076408	0.191372105699	0.0859963259786
bnú-	0.794892258579	0.0710295291301	0.0	0.134078212291
nun-	0.484874472111	0.322284273582	0.0533584465223	0.139482807785
euf-	0.0	1.0	0.0	0.0
der-	0.0430622009569	0.947368421053	0.00956937799043	0.0
gúx-	0.345196353436	0.442671809257	0.148492286115	0.0636395511921
abi-	0.0	0.988764044944	0.0	0.0112359550562
zin-	0.0648967551622	0.929203539823	0.0	0.00589970501474
gál-	0.53664921466	0.355366492147	0.0471204188482	0.0608638743456
mil-	0.0166686871136	0.163580433992	0.00409140501879	0.815659473876
bár-	0.301255230125	0.640167364017	0.0585774058578	0.0
dis-	0.131811557728	0.609609045814	0.0023442637591	0.256235132699
tib-	0.0	0.989690721649	0.0	0.0103092783505
gan-	0.535977367675	0.280778105441	0.0766522669664	0.106592259918
xál-	0.147428108546	0.499527474011	0.336033481842	0.0170109356015
ari-	0.055614973262	0.922638146168	0.0	0.0217468805704
xap-	0.75294117647	0.0842957366433	0.0220183486239	0.140744738262
biú-	0.669876203576	0.330123796424	0.0	0.0
mig-	0.08	0.92	0.0	0.0
xíz-	0.210690968444	0.587459194777	0.143634385201	0.0582154515778
za'-	0.521575308008	0.161274429868	0.0450692692811	0.272080992842
bíz-	0.212484763591	0.361838605187	0.100408773478	0.325267857744
abr-	0.00954086079766	0.941773265173	0.0291329988143	0.019552875215
mud-	0.411877394636	0.0545977011494	0.481800766284	0.051724137931
gúq-	0.563290163429	0.233348751156	0.0649090348443	0.13845205057
así-	0.0	1.0	0.0	0.0
xé̱-	0.204044499261	0.609178277913	0.0456471565167	0.141130066309
nen-	0.0361943715473	0.0154718717484	0.00327472132099	0.945059035383
wex-	0.606389347179	0.21023233728	0.0741785968127	0.109199718728
zac-	0.160083762462	0.409487810981	0.323525925536	0.106902501021
sá'-	0.633109195947	0.0387347286675	0.25854721091	0.0696088644758
her-	0.0168058173983	0.916778884999	0.0426609210881	0.0237543765149
gaw-	0.744753860367	0.154414675993	0.0723241388413	0.0285073247987
ate-	0.0	1.0	0.0	0.0
naw-	0.641056422569	0.19087635054	0.00360144057623	0.164465786315
har-	0.0454545454546	0.954545454545	0.0	0.0
bíl-	0.074074074074	0.37962962963	0.472222222222	0.0740740740741
caz-	0.179104477612	0.298507462687	0.402985074627	0.119402985075
sin-	0.0274941601245	0.683316785922	0.272966446064	0.0162226078896
zíd-	0.117100371747	0.258364312268	0.42936802974	0.195167286245
urí-	0.0	1.0	0.0	0.0
dor-	0.0	0.90861618799	0.0469973890339	0.0443864229765
ná'-	0.199342195155	0.200581679061	0.214372157483	0.3857039683
pat-	0.0232558139535	0.976744186047	0.0	0.0
cug-	0.00321371183717	0.994643813605	0.00214247455812	0.0
edx-	0.0467423447486	0.600963135717	0.212758258856	0.139536260678
xía-	0.888888888889	0.0326797385621	0.0	0.078431372549
urb-	0.0	1.0	0.0	0.0
buc-	0.5	0.388888888889	0.111111111111	0.0
bdá-	0.225433526012	0.410404624277	0.294797687861	0.0693641618497
jor-	0.0	1.0	0.0	0.0
cer-	0.631578947368	0.342105263158	0.0263157894737	0.0
naí-	0.0	0.878048780488	0.0	0.121951219512
wél-	0.776470588235	0.176470588235	0.0470588235294	0.0
gen-	0.0896130346232	0.885947046843	0.0	0.0244399185336
zia-	0.73786407767	0.203883495146	0.0	0.0582524271845
diz-	0.191374803114	0.583997886445	0.0521171049512	0.172510205489
bi'-	0.684135302525	0.165316817532	0.0676512625059	0.0828966174369
gá'-	0.364285714286	0.635714285714	0.0	0.0
jam-	0.109090909091	0.890909090909	0.0	0.0
bex-	0.561132300524	0.250517294227	0.0391083273043	0.149242077944
dxú-	0.293470838268	0.346970990135	0.0650904202407	0.294467751356
mar-	0.00500144969556	0.819077993621	0.000434908669178	0.175485648014
zrí-	0.144079036154	0.646203388726	0.0875614852319	0.122156089888
nig-	0.124845973866	0.0209337160799	0.00437702912316	0.849843280931
por-	0.098871569655	0.0694608487349	0.0181269719805	0.81354060963
láw-	0.141611656305	0.445656935148	0.0548694736681	0.357861934879
alf-	0.0	1.0	0.0	0.0
pas-	0.00722472168401	0.97491051197	0.00801287314045	0.00985189320548
cos-	0.104882459313	0.851717902351	0.0433996383363	0.0
mor-	0.0	0.0168674698795	0.98313253012	0.0
hor-	0.0621623270538	0.774927635459	0.0137611258364	0.149148911651
gap-	0.510100791418	0.261101283634	0.0601304192715	0.168667505677
qui-	0.523624475093	0.239572831119	0.096475171543	0.140327522244
zrú-	0.0915141430948	0.717470881864	0.131114808652	0.0599001663894
dru-	0.0	1.0	0.0	0.0
ped-	0.028298073036	0.927654628756	0.00414364640884	0.0399036517989
lin-	0.0722274740565	0.90121830754	0.0106216873613	0.0159325310419
che-	0.0503266497398	0.033029914306	0.0124753367289	0.904168099225
gug-	0.548209333202	0.404630698316	0.0188235067335	0.0283364617494
fué-	0.556824671616	0.366076527699	0.0	0.0770988006854
léz-	0.384615384615	0.246153846154	0.369230769231	0.0
oro-	0.0	0.718723619787	0.280263380044	0.00101300016883
xed-	0.437291189961	0.284593108192	0.154104193922	0.124011507925
asi-	0.0101180438449	0.987352445194	0.0	0.00252951096122
gun-	0.559081041502	0.13148617544	0.0466504567314	0.262782326326
nan-	0.500745260187	0.155192992529	0.141035223522	0.203026523762
gax-	0.0261860437519	0.111738245252	0.0433967966713	0.818678914325
seq-	0.22259353874	0.15668911297	0.10614662394	0.514570724349
uva-	0.042325332932	0.94614466258	0.00875696543422	0.00277303905417
blu-	0.176195992324	0.822247964176	0.00155604350006	0.0
nuz-	0.417344871463	0.183757704638	0.0675712674825	0.331326156416
mah-	0.0	1.0	0.0	0.0
zix-	0.053422210656	0.801464572899	0.138949115216	0.00616410122953
wul-	0.726698258379	0.112817833861	0.0796768696979	0.0808070380623
cel-	0.139130434783	0.373913043478	0.460869565217	0.0260869565217
dxu-	0.382346287363	0.349996186759	0.0522413055858	0.215416220293
tol-	0.177215189873	0.822784810127	0.0	0.0
mel-	0.0419367468569	0.940227084874	0.00957062687607	0.00826554139294
zua-	0.450149153971	0.0531438163289	0.0234255284	0.4732815013
náp-	0.334914256565	0.285351902386	0.212568118449	0.167165722601
bág-	0.114649681529	0.673422119282	0.128546612623	0.0833815865663
zaj-	0.425755761171	0.0503174891484	0.00496378741769	0.518962962263
náb-	0.627157121055	0.222556379891	0.0542930621585	0.0959934368962
mir-	0.0205831903945	0.969125214408	0.0102915951972	0.0
isa-	0.00179051029544	0.996418979409	0.00179051029544	0.0
tee-	0.593137254902	0.204901960784	0.0725490196078	0.129411764706
pud-	0.0434782608696	0.95652173913	0.0	0.0
dio-	0.0569488031229	0.79394238694	0.0113662953787	0.137742514559
xpé-	0.759493670886	0.189873417722	0.0253164556962	0.0253164556962
bab-	0.0511041009464	0.923028391167	0.0220820189275	0.003785488959
ita-	0.0	0.934959349594	0.0650406504065	0.0
bga-	0.397708633003	0.418325888914	0.0817624347036	0.102203043379
láz-	0.120214827531	0.17909357641	0.0537546668268	0.646936929232
ne'-	0.0	0.878787878788	0.121212121212	0.0
sí'-	0.24809542903	0.586507618284	0.154370489174	0.0110264635124
sor-	0.117794486216	0.882205513784	0.0	0.0
moi-	0.0608299987092	0.884955466632	0.00438879566284	0.0498257389957
bzr-	0.52454264592	0.232043003679	0.069901652815	0.173512697586
xid-	0.716068411911	0.168138695551	0.0261296764207	0.0896632161177
sux-	0.063829787234	0.340425531915	0.0425531914894	0.553191489362
ata-	0.0	1.0	0.0	0.0
biu-	0.0515181229561	0.845521448826	0.0355584984053	0.067401929813
be'-	0.159044009335	0.595794570518	0.1213250687	0.123836351447
jud-	0.0239422495669	0.818156984316	0.108229189982	0.0496715761349
nu'-	0.0398831128951	0.48329655601	0.00963066881047	0.467189662284
btu-	0.354054054054	0.498198198198	0.0378378378379	0.10990990991
teu-	0.326548672566	0.555752212389	0.0513274336283	0.0663716814159
tau-	0.00668896321072	0.993311036789	0.0	0.0
cis-	0.0	1.0	0.0	0.0
mal-	0.0723293025697	0.233420578303	0.577439693929	0.116810425198
adá-	0.0241206030151	0.965829145729	0.0100502512563	0.0
sab-	0.0532994923858	0.946700507614	0.0	0.0
szr-	0.224188051294	0.414210588908	0.264588101184	0.0970132586141
lwé-	0.127393942093	0.476017675117	0.0638712069307	0.332717175859
nin-	0.0588235294117	0.921568627451	0.0196078431373	0.0
lás-	0.143921216325	0.203657163651	0.0468062362828	0.605615383741
zéa-	0.412706859958	0.470859865479	0.0474617564987	0.0689715180645
su'-	0.345002966856	0.348987030601	0.0864626599983	0.219547342545
hui-	0.268041237113	0.621993127148	0.109965635739	0.0
ism-	0.0701357466063	0.425339366516	0.253393665158	0.25113122172
xic-	0.122537058599	0.636125749807	0.0268366285361	0.214500563058
béa-	0.313385632727	0.48289316959	0.147040703167	0.0566804945168
chá-	0.426684487199	0.331598221418	0.134569722886	0.107147568497
gaz-	0.0360617947477	0.0380103925215	0.0760908326753	0.849836980056
duc-	0.462	0.412	0.126	0.0
nún-	0.640715971251	0.215667705715	0.0377085472672	0.105907775767
ca'-	0.0961007829123	0.029175299847	0.00646642455688	0.868257492684
sós-	0.0	1.0	0.0	0.0
xrd-	0.123107272741	0.41220230252	0.37248420688	0.0922062178585
ta'-	0.352161026954	0.569410098048	0.0276807794112	0.0507480955873
dxí-	0.51358844221	0.360052898554	0.064572060331	0.061786598905
esr-	0.0	1.0	0.0	0.0
xja-	0.775244902608	0.103371682424	0.00897026996242	0.112413145005
beu-	0.0195537575089	0.96187323771	0.0031261493196	0.0154468554616
jue-	0.15315718764	0.754142409315	0.0586654724586	0.0340349305867
and-	0.0	0.995894160584	0.0	0.00410583941606
ALL	0.224056939776	0.280086900665	0.0519928302898	0.443863329269
san-	0.168685509197	0.742485419471	0.0269179004038	0.0619111709287
ee̱-	0.683870967742	0.141935483871	0.0967741935484	0.0774193548387
zed-	0.262255658645	0.652925596737	0.0643452545374	0.0204734900801
mae-	0.00797382948272	0.963299938663	0.00920057248006	0.0195256593744
cil-	0.0	1.0	0.0	0.0
per-	0.0320134326332	0.0206624443109	0.00583356079954	0.941490562256
nuc-	0.4691942477	0.324475658946	0.155482402926	0.0508476904271
eva-	0.130536130536	0.81351981352	0.0	0.055944055944
cal-	0.147050627032	0.363771481654	0.39507663725	0.0941012540641
zra-	0.0875630310571	0.549373680031	0.0359850035199	0.327078285392
big-	0.407108239095	0.331987075929	0.125201938611	0.135702746365
gág-	0.426745393941	0.273201525079	0.0341773018881	0.265875779092
zor-	0.0	1.0	0.0	0.0
tel-	0.69499122978	0.206587409862	0.057493665952	0.0409276944066
zúa-	0.389013147373	0.247653694444	0.0797075742361	0.283625583947
xue-	0.448596490368	0.171728814323	0.0569791729664	0.322695522343
xrm-	0.0388404165494	0.693216999719	0.100759921193	0.167182662539
gas-	0.288086051678	0.296971822752	0.380568221677	0.0343739038933
xus-	0.766849047801	0.164439920261	0.0407176485558	0.0279933833821
far-	0.00776780594487	0.988531651309	0.00190027870754	0.00180026403873
ces-	0.0140218878249	0.941860465116	0.00718194254446	0.0369357045144
xaz-	0.0533333333333	0.553333333333	0.0666666666667	0.326666666667
arm-	0.0	1.0	0.0	0.0
si'-	0.603226928144	0.203508638319	0.0550312285325	0.138233205004
cuí-	0.354645837229	0.276429887673	0.0882056721235	0.280718602975
rud-	0.0	1.0	0.0	0.0
sir-	0.0236539060069	0.943977591036	0.0286336756925	0.00373482726424
bán-	0.793182111135	0.109243899003	0.0157377403003	0.0818362495616
xcu-	0.0232358003442	0.706970740103	0.160068846816	0.109724612737
mes-	0.160863782177	0.772396526093	0.00469446835146	0.0620452233785
sed-	0.0294117647059	0.588235294118	0.382352941176	0.0
arc-	0.20725388601	0.79274611399	0.0	0.0
lea-	0.0	0.954716981132	0.0	0.0452830188679
bda-	0.56940509915	0.0934844192634	0.0339943342776	0.303116147309
adi-	0.0	1.0	0.0	0.0
saú-	0.445544554455	0.480198019802	0.029702970297	0.0445544554455
ami-	0.209611495934	0.775932538829	0.0144559652368	0.0
zíz-	0.447961509243	0.0227905798936	0.0430488731324	0.486199037731
gút-	0.577869065234	0.208776250552	0.103955753706	0.109398930509
xtú-	0.183624145249	0.725939243889	0.0326672168514	0.0577693940108
tro-	0.165107868812	0.830402793366	0.00299289188178	0.00149644594089
cás-	0.0234375	0.953125	0.0	0.0234375
xe̱-	0.186018450469	0.62750942039	0.0406590393937	0.145813089747
bta-	0.951367781155	0.0243161094225	0.0	0.0243161094225
eub-	0.0	1.0	0.0	0.0
súa-	0.429843974697	0.264380688077	0.139345628646	0.16642970858
bug-	0.0291262135922	0.970873786408	0.0	0.0
ang-	0.0246734397678	0.843251088534	0.0159651669086	0.116110304789
jai-	0.0623946037099	0.907251264756	0.0202360876897	0.0101180438449
bzá-	0.459347726229	0.283876894809	0.135507579237	0.121267799724
dxg-	0.370921579851	0.272467086434	0.120206067544	0.236405266171
bin-	0.201541499459	0.729791706478	0.0468182686795	0.0218485253838
xiz-	0.051689860835	0.86083499006	0.0874751491053	0.0
rod-	0.0807174887893	0.892376681614	0.0269058295964	0.0
naa-	0.011320754717	0.952830188679	0.0358490566038	0.0
zaf-	0.0357142857143	0.964285714286	0.0	0.0
sud-	0.463448275862	0.434482758621	0.0937931034482	0.00827586206896
pue-	0.100934340475	0.869277564109	0.0190490395576	0.010739055858
xét-	0.412315930388	0.194109772423	0.0481927710843	0.345381526104
zat-	0.5	0.0344827586207	0.0344827586207	0.431034482759
wan-	0.49313792037	0.353916225194	0.0224920374171	0.130453817019
pon-	0.0	0.96855345912	0.0	0.0314465408805
gól-	0.0	0.987878787879	0.0	0.0121212121212
hig-	0.00230414746543	0.946620583717	0.0441628264209	0.00691244239635
chi-	0.0400780481783	0.181088078846	0.0468478198436	0.731986053132
ben-	0.0313712331732	0.201361123789	0.008798043504	0.758469599534
dió-	0.216487898018	0.608861683608	0.0320098837536	0.142640534621
xti-	0.0402273162633	0.923057276036	0.00127705765915	0.0354383500415
bte-	0.960328317373	0.0273597811218	0.00410396716826	0.00820793433651
bzú-	0.753574432296	0.158957106812	0.0470984020185	0.040370058873
xíd-	0.403689325715	0.116609167416	0.203293575402	0.276407931467
már-	0.0	0.852713178295	0.147286821705	0.0
bun-	0.629032258065	0.209677419355	0.0645161290322	0.0967741935483
lam-	0.0189125295508	0.966903073286	0.0141843971631	0.0
nar-	0.0294695481336	0.858546168959	0.111984282908	0.0
gat-	0.143719864554	0.056111887962	0.0862899855268	0.713878261957
esl-	0.0	1.0	0.0	0.0
zue-	0.540665765192	0.0757636016545	0.0118649909853	0.371705642168
cua-	0.390531283548	0.449054011844	0.0427390093637	0.117675695245
dám-	0.0	1.0	0.0	0.0
zid-	0.327754454287	0.314236834108	0.320190889957	0.0378178216485
gáz-	0.222100621238	0.113721955773	0.149290243667	0.514887179322
sat-	0.159841479524	0.829260237781	0.00594451783356	0.00495376486129
pur-	0.454545454545	0.020979020979	0.125874125874	0.398601398601
sió-	0.0239589275527	0.958357102111	0.0	0.0176839703366
xác-	0.463225216994	0.243490178164	0.257651895843	0.0356327089996
saf-	0.16393442623	0.729508196721	0.0491803278688	0.0573770491803
gud-	0.483131393593	0.139203006245	0.0921610376267	0.285504562535
nad-	0.0879087605081	0.109469010689	0.0307407027039	0.771881526099
neg-	0.0354330708662	0.831692913386	0.132874015748	0.0
díz-	0.0902160101652	0.7166454892	0.0686149936468	0.124523506989
néd-	0.191954294597	0.181632617692	0.0963060998196	0.530106987891
cux-	0.284848484848	0.569696969697	0.0727272727273	0.0727272727271
téd-	0.0851063829787	0.702127659574	0.0425531914894	0.170212765957
luz-	0.149049932446	0.792307471182	0.0422571650329	0.0163854313393
fle-	0.156626506024	0.835341365462	0.0	0.00803212851404
bix-	0.297872340426	0.36170212766	0.255319148936	0.0851063829787
ban-	0.356058179343	0.389872670124	0.185524234719	0.0685449158141
dac-	0.0869565217391	0.739130434783	0.115942028985	0.0579710144928
weg-	0.371273207723	0.131864866677	0.300613948956	0.196247976644
azo-	0.014598540146	0.970802919708	0.014598540146	0.0
ter-	0.0	1.0	0.0	0.0
wen-	0.0852766043815	0.248239324838	0.505308741779	0.161175329002
zíl-	0.0602316602317	0.715057915058	0.046332046332	0.178378378378
tra-	0.0	0.986577181208	0.0134228187919	0.0
xeg-	0.631794343795	0.152129902939	0.0720923989624	0.143983354304
nít-	0.184110970996	0.234552332913	0.467843631778	0.113493064313
arq-	0.223684210526	0.763157894737	0.0131578947368	0.0
ale-	0.0	0.884531590414	0.115468409586	0.0
tue-	0.152749228637	0.136223388505	0.103747816795	0.607279566063
sid-	0.259063217817	0.524717866773	0.0841905522821	0.132028363128
oli-	0.074156235145	0.894469973063	0.00887339565837	0.0225003961337
luc-	0.129262490087	0.815226011102	0.0142743854084	0.041237113402
bze-	0.376372038445	0.278272802798	0.276202771256	0.0691523875014
mod-	0.435483870968	0.274193548387	0.290322580645	0.0
jec-	0.0204081632653	0.979591836735	0.0	0.0
ero-	0.329411764706	0.458823529412	0.211764705882	0.0
net-	0.0367577425981	0.0850700143112	0.00885706643796	0.869315176653
bic-	0.0161674476403	0.83771714086	0.0177466538949	0.128368757605
xli-	0.277108433735	0.566265060241	0.156626506024	0.0
bcu-	0.698283359659	0.202415821277	0.049650409532	0.0496504095321
eli-	0.00841009211053	0.967961553865	0.00120144173008	0.0224269122948
jua-	0.0257633791967	0.9131020906	0.00945798472171	0.0516765454818
xua-	0.268555536242	0.607813314792	0.104076134191	0.0195550147749
blé-	0.460082944531	0.263608087092	0.118195956454	0.158113011923
nal-	0.503991128481	0.264848950377	0.128125802776	0.103034118366
súz-	0.154218990967	0.221194095616	0.593743115224	0.0308437981935
tal-	0.78125	0.21875	0.0	0.0
col-	0.0	1.0	0.0	0.0
tia-	0.0	1.0	0.0	0.0
dxé-	0.557007734582	0.264677634905	0.0529107789216	0.125403851592
var-	0.0455927051672	0.917933130699	0.0364741641337	0.0
ene-	0.0336134453781	0.966386554622	0.0	0.0
pan-	0.0	1.0	0.0	0.0
bsí-	0.666003976143	0.0894632206759	0.0238568588469	0.220675944334
sch-	0.277212234599	0.389409887354	0.165706335044	0.167671543003
bdé-	0.1	0.716666666667	0.15	0.0333333333333
jez-	0.180561953017	0.793643482266	0.0	0.0257945647167
lec-	0.300787622762	0.310911114232	0.368853787396	0.0194474756096
sen-	0.465587044534	0.392712550607	0.0242914979757	0.117408906883
béz-	0.0430107526881	0.741935483871	0.215053763441	0.0
xpá-	0.0	1.0	0.0	0.0
lét-	0.214285714286	0.696428571429	0.0	0.0892857142857
xrú-	0.308537329626	0.608394927782	0.047467281481	0.0356004611107
gác-	0.437849740508	0.247297084141	0.106434221165	0.208418954185
baa-	0.0	1.0	0.0	0.0
lat-	0.256177624771	0.286853739639	0.0279032604751	0.429065375115
bné-	0.835405196522	0.10450714503	0.0255949258106	0.0344927326375
rab-	0.0793650793651	0.730158730159	0.0	0.190476190476
ape-	0.0384615384615	0.961538461538	0.0	0.0
tub-	0.287023267054	0.315662117903	0.070427005342	0.326887609701
fav-	0.0575677620533	0.179659390741	0.0	0.762772847206
fre-	0.189655172414	0.614942528736	0.195402298851	0.0
aja-	0.137510489511	0.075972027972	0.0184615384615	0.768055944056
lád-	0.126043123982	0.0728409340362	0.0114346374499	0.789681304532
bxú-	0.441176470588	0.0735294117647	0.132352941176	0.352941176471
séq-	0.29173881382	0.195242333522	0.178088842139	0.334930010519
lab-	0.317141710157	0.578147999465	0.00702529104778	0.0976849993309
ze'-	0.0784627702162	0.835068054444	0.0480384307446	0.0384307445957
xrc-	0.223231201411	0.7280982557	0.0104527340433	0.0382178088456
bít-	0.149826321883	0.384253184099	0.0314936318024	0.434426862215
car-	0.105578727841	0.84228362878	0.0351929092805	0.016944734098
bas-	0.0	1.0	0.0	0.0
xri-	0.047849531522	0.759377813799	0.156058796812	0.0367138578663
lwe-	0.103919632191	0.133489587062	0.144497051077	0.61809372967
sit-	0.169064748201	0.202637889688	0.563549160671	0.0647482014388
le'-	0.0518522888973	0.0289346447528	0.00655534769719	0.912657718653
pól-	0.0612244897959	0.918367346939	0.0	0.0204081632653
dá'-	0.0785111951148	0.319569642338	0.575748764176	0.0261703983716
bax-	0.138377769433	0.370845850544	0.36806077106	0.122715608962
xág-	0.460786810535	0.445972119831	0.0700187654983	0.0232223041352
béd-	0.558139534884	0.418604651163	0.0232558139535	0.0
sem-	0.0	1.0	0.0	0.0
wax-	0.348363156916	0.344828711576	0.193040112528	0.113768018981
cai-	0.0416164053076	0.951145958987	0.00361881785284	0.00361881785283
sod-	0.02378194734	0.943788124469	0.0324299281909	0.0
bna-	0.303482587065	0.567164179104	0.0	0.129353233831
can-	0.0967443477048	0.0688980707821	0.0551149395795	0.779242641934
zab-	0.179794520548	0.77397260274	0.0205479452055	0.0256849315069
dí'-	0.692055692056	0.307944307944	0.0	0.0
xel-	0.405472589319	0.187006865961	0.0509742951243	0.356546249596
xrn-	0.0476355193018	0.805816475961	0.0924118284982	0.0541361762394
bát-	0.226294632301	0.236935445732	0.191534641759	0.345235280208
dút-	0.176470588235	0.627450980392	0.117647058824	0.078431372549
óni-	0.0	0.846153846154	0.153846153846	0.0
nup-	0.176288260364	0.476785483663	0.262172284644	0.084753971329
méd-	0.103448275862	0.862068965517	0.0215517241379	0.0129310344828
sbá-	0.349315068493	0.267123287671	0.109589041096	0.27397260274
xil-	0.555427988264	0.263298890164	0.0446485521112	0.13662456946
xia-	0.121129102332	0.764133863402	0.0177426889313	0.0969943453349
nez-	0.434556522537	0.333347127765	0.0415402334706	0.190556116227
ne̱-	0.202610234803	0.250515089272	0.0192391834858	0.527635492439
tiz-	0.572700296736	0.310223900728	0.0507148637713	0.0663609387645
pué-	0.0	0.846590909091	0.0170454545454	0.136363636364
wác-	0.22165820643	0.357868020305	0.162436548223	0.258037225042
mna-	0.0	0.837837837838	0.108108108108	0.0540540540541
nef-	0.0	1.0	0.0	0.0
xe'-	0.352465642684	0.618027485853	0.0189975747777	0.0105092966855
dap-	0.0695341213867	0.568391775107	0.110757921923	0.251316181583
xpe-	0.494602551521	0.358194308145	0.0883218842001	0.0588812561335
zaq-	0.0266666666667	0.968333333333	0.0	0.005
nne-	0.244094488189	0.607424071991	0.0674915635546	0.0809898762655
azu-	0.0337078651685	0.853271645737	0.113020489094	0.0
cá'-	0.0340613351752	0.0335003249488	0.0821916410933	0.850246698783
mat-	0.0027972027972	0.997202797203	0.0	0.0
líz-	0.26780056695	0.445139236285	0.181285086988	0.105775109777
nit-	0.33470144998	0.39794116602	0.0798899626406	0.187467421359
stu-	0.194868995633	0.543122270742	0.245633187773	0.0163755458515
bde-	0.627744582823	0.260816355914	0.0384421567922	0.0729969044705
tró-	0.0335820895522	0.932835820896	0.0223880597015	0.0111940298507
xi'-	0.231602984702	0.638659239452	0.0269095659635	0.102828209883
cul-	0.202052597819	0.415731237973	0.262187299551	0.120028864657
par-	0.122082585278	0.57091561939	0.253141831239	0.0538599640933
xiu-	0.214905780224	0.760533559178	0.00254075799279	0.0220199026043
ala-	0.340206185567	0.484536082474	0.175257731959	0.0
jul-	0.0298507462686	0.970149253731	0.0	0.0
tér-	0.0	0.957040572792	0.0286396181384	0.0143198090692
lba-	0.591639871383	0.324908397517	0.0257982502056	0.0576534808943
bxr-	0.0405105866423	0.882685152184	0.0641358808558	0.0126683803176
nah-	0.0	1.0	0.0	0.0
gúc-	0.518732660066	0.24643245372	0.088534145935	0.14630074028
zeu-	0.0983606557377	0.270491803279	0.0	0.631147540984
feb-	0.0408163265306	0.959183673469	0.0	0.0
wíd-	0.635738831615	0.165439371625	0.0294550810015	0.169366715758
le̱-	0.0661349696893	0.0601852485247	0.00513432057678	0.868545461209
líc-	0.296296296296	0.407407407407	0.037037037037	0.259259259259
saq-	0.543179317932	0.239548954895	0.152640264026	0.0646314631463
téq-	0.850965961362	0.149034038638	0.0	0.0
tre-	0.0178571428571	0.446428571428	0.0	0.535714285714
xec-	0.350303976718	0.254896952142	0.110980609751	0.283818461389
gay-	0.0161290322581	0.983870967742	0.0	0.0
beb-	0.618193416969	0.158608180623	0.0560663655277	0.16713203688
wid-	0.541281342359	0.298550862809	0.0772237582229	0.0829440366098
gob-	0.0782694848084	0.846928665786	0.0260898282695	0.0487120211361
con-	0.184553727316	0.262300936458	0.0247605946775	0.528384741548
lá'-	0.260105902105	0.493994575746	0.0643161565285	0.181583365621
dan-	0.0660119799519	0.816633389022	0.117354631026	0.0
zré-	0.273722500719	0.358733579705	0.301874340191	0.0656695793853
bza-	0.489188706219	0.39376340243	0.086669049321	0.03037884203
zez-	0.623540401681	0.301728164409	0.0476412891173	0.0270901447922
gre-	0.0	1.0	0.0	0.0
ser-	0.0	1.0	0.0	0.0
cri-	0.0582800307975	0.864557134676	0.00741726055843	0.069745573968
mis-	0.0	1.0	0.0	0.0
ted-	0.72885032538	0.182212581345	0.0390455531453	0.0498915401301
wed-	0.145613327199	0.7416955582	0.0870009946055	0.0256901199952
sac-	0.334015244976	0.447939603103	0.0927608051763	0.125284346744
bse-	0.68350979624	0.229582445652	0.0337810643584	0.0531266937488
gua-	0.286402354212	0.582725046843	0.0644879473061	0.0663846516387
xal-	0.0873452544705	0.475584594223	0.392709766162	0.0443603851444
nac-	0.558730814025	0.106438319248	0.027062505077	0.307768361651
beg-	0.677115597989	0.141160656202	0.0444680656478	0.137255680161
was-	0.598205383848	0.248255234297	0.0817547357926	0.0717846460618
naq-	0.601710047828	0.0460968253341	0.00644208059072	0.345751046248
sos-	0.0	1.0	0.0	0.0
tan-	0.045918367347	0.946428571429	0.0	0.00765306122449
cad-	0.110950200878	0.27969961693	0.0283214986452	0.581028683547
zri-	0.163432918218	0.612325035886	0.0568308963229	0.167411149574
zán-	0.0867511273352	0.117457590724	0.710221172429	0.0855701095126
né̱-	0.292205347057	0.37341533827	0.0994100665244	0.234969248149
bit-	0.118686868687	0.868686868687	0.0126262626263	0.0
sté-	0.0857835775234	0.262579403486	0.444826397001	0.206810621989
xrá-	0.020639968615	0.938947802264	0.00662265453549	0.0337895745857
leg-	0.271593090211	0.629558541267	0.0854126679462	0.0134357005758
bía-	0.161971830986	0.838028169014	0.0	0.0
gúl-	0.622280726063	0.248025495358	0.0760703893585	0.0536233892199
xén-	0.570450656018	0.19338277239	0.111237877924	0.124928693668
cef-	0.215909090909	0.715909090909	0.0	0.0681818181818
wág-	0.0348837209302	0.441860465116	0.348837209302	0.174418604651
güe-	0.594496604345	0.256283990368	0.0365269623096	0.112692442977
lap-	0.0401337792642	0.959866220736	0.0	0.0
cuá-	0.608734009704	0.24305249228	0.0794000882224	0.0688134097927
líq-	0.375796178344	0.184713375796	0.0976645435244	0.341825902335
dúa-	0.126138752628	0.558514365802	0.283812193413	0.031534688157
lic-	0.0122857191207	0.184675003808	0.444519655458	0.358519621613
xtí-	0.298097251586	0.473572938689	0.0317124735729	0.196617336152
íza-	0.3	0.618181818182	0.0545454545455	0.0272727272727
wat-	0.229788590248	0.4789475548	0.142533375828	0.148730479125
bgú-	0.633333333333	0.266666666667	0.1	0.0
laz-	0.159337153437	0.175081393065	0.0387325574237	0.626848896074
aug-	0.0898876404494	0.906367041199	0.00374531835206	0.0
gux-	0.550209822192	0.210360209795	0.0999943477885	0.139435620225
mos-	0.00790513833992	0.924901185771	0.0632411067194	0.00395256916996
xib-	0.61265483763	0.330431871443	0.0569132909273	0.0
bec-	0.610752982593	0.282285856938	0.0117369099704	0.0952242504984
hór-	0.0725806451613	0.88064516129	0.041935483871	0.00483870967741
xí'-	0.520508194983	0.393945146772	0.048473955739	0.0370727025059
fri-	0.0	0.96017699115	0.0398230088495	0.0
reg-	0.0666666666667	0.9	0.0333333333333	0.0
pla-	0.0110460251046	0.930041841004	0.0528870292887	0.00602510460251
mac-	0.00357591781891	0.98580468987	0.0067183910537	0.00390100125699
ged-	0.0612244897959	0.938775510204	0.0	0.0
ico-	0.0	1.0	0.0	0.0
bzé-	0.4490947537	0.225697557974	0.224702000985	0.100505687341
elm-	0.0	1.0	0.0	0.0
bíx-	0.653465346535	0.346534653465	0.0	0.0
til-	0.544117647059	0.261029411765	0.154411764706	0.0404411764706
pér-	0.0	1.0	0.0	0.0
sal-	0.099094807051	0.862029537875	0.0114340161982	0.0274416388757
bsé-	0.501983202993	0.37462463668	0.0570712828995	0.0663208774268
neá-	0.0294117647059	0.926470588235	0.0441176470588	0.0
xud-	0.0453343407631	0.915687981472	0.0106108638163	0.0283668139485
gab-	0.187928300391	0.625063714108	0.117800305828	0.0692076796738
bti-	0.645011600928	0.278422273782	0.0139211136891	0.0626450116009
xán-	0.339543519987	0.277100892932	0.167841942752	0.215513644329
cam-	0.0730371272064	0.894826536823	0.023371880706	0.00876445526476
din-	0.224852071006	0.579881656805	0.10650887574	0.0887573964497
xez-	0.333331294704	0.36551306135	0.167748849355	0.133406794591
aqu-	0.0194734944104	0.967544175983	0.0	0.0129823296069
zil-	0.0906344410876	0.755891238671	0.043504531722	0.10996978852
nát-	0.322151224707	0.261980830671	0.176251331203	0.239616613419
tun-	0.132575757576	0.14898989899	0.438762626263	0.279671717172
diu-	0.297261573917	0.58993086152	0.0422286992476	0.0705788653155
est-	0.0544780376497	0.799201369082	0.0524814603537	0.093839132915
ren-	0.0	1.0	0.0	0.0
alt-	0.5390625	0.4609375	0.0	0.0
sla-	0.0849420849421	0.175951461666	0.667402095974	0.0717043574186
tab-	0.0203045685279	0.979695431472	0.0	0.0
naz-	0.373290072148	0.347849016781	0.138986175732	0.139874735339
gal-	0.103495267209	0.749254171117	0.058377223675	0.0888733379986
nul-	0.195736914445	0.173362474933	0.051733850071	0.579166760551
ejé-	0.261538461538	0.630769230769	0.0	0.107692307692
níc-	0.0487804878049	0.926829268293	0.0243902439024	0.0
xá'-	0.60346124906	0.204665161776	0.0474040632054	0.144469525959
cui-	0.152946421955	0.171651510356	0.166038264242	0.509363803447
sel-	0.65847352074	0.188169076261	0.0181626121368	0.135194790862
awe-	0.0846707249585	0.101549529607	0.0179856115108	0.795794133924
báq-	0.26455906822	0.259567387687	0.0299500831947	0.445923460899
bdi-	0.383597883598	0.60582010582	0.010582010582	0.0
wad-	0.460478726135	0.391867769289	0.0500520354494	0.0976014691265
xre-	0.0488479304371	0.878902572451	0.0365791479088	0.0356703492029
tej-	0.0321199143469	0.967880085653	0.0	0.0
láu-	0.311132580836	0.515351172159	0.106844979683	0.0666712673221
cát-	0.198174006445	0.383727175081	0.0902255639097	0.327873254565
lág-	0.160574412533	0.792428198434	0.0156657963446	0.0313315926893
paf-	0.0	1.0	0.0	0.0
agr-	0.0	1.0	0.0	0.0
lu'-	0.26296482218	0.457466115766	0.157933351353	0.1216357107
zá'-	0.329873599836	0.457404172233	0.0416195663344	0.171102661597
qué-	0.13698094778	0.0487304218731	0.0646444641205	0.749644166226
tuz-	0.127626510951	0.100708518388	0.0884744505416	0.683190520119
dec-	0.0106666666667	0.754666666667	0.0	0.234666666667
xco-	0.163378213851	0.593837284251	0.0717073694764	0.171077132421
dse-	0.582352941177	0.3	0.0117647058823	0.105882352941
dud-	0.272727272727	0.652892561983	0.0247933884298	0.0495867768595
sue-	0.371320156784	0.356392294221	0.0700525394045	0.202235009591
ché-	0.691259050361	0.140191455305	0.0581740372003	0.110375457134
gúa-	0.0238379022646	0.856972586412	0.0953516090585	0.0238379022646
daj-	0.608365019011	0.334600760456	0.0	0.0570342205323
niz-	0.0	1.0	0.0	0.0
bea-	0.125630453973	0.699768828364	0.0287782042754	0.145822513387
gog-	0.0377358490566	0.962264150943	0.0	0.0
ani-	0.194482758621	0.744827586207	0.0386206896552	0.0220689655172
zjá-	0.540037807183	0.199924385633	0.0713043478261	0.188733459357
núz-	0.218818380744	0.137230384495	0.0537668021257	0.590184432635
sil-	0.251815936313	0.663462458868	0.0267286133751	0.0579929914441
evo-	0.0727272727273	0.927272727273	0.0	0.0
lal-	0.516055045872	0.369648318043	0.0214067278287	0.0928899082569
lbe-	0.80547112462	0.121580547113	0.0729483282675	0.0
wxr-	0.0234093637455	0.897358943577	0.0396158463385	0.0396158463385
nis-	0.331342576998	0.629250462031	0.00600868528145	0.0333982756894
lán-	0.122028416269	0.798237107192	0.0277337309702	0.0520007455691
leu-	0.0343347639485	0.965665236051	0.0	0.0
xíc-	0.122162523116	0.747262680787	0.056651704422	0.0739230916755
gus-	0.670414120474	0.193019419963	0.0484141460369	0.088152313526
gau-	0.817164179104	0.171641791045	0.0	0.0111940298507
him-	0.0	0.944785276074	0.0	0.0552147239263
nau-	0.488638920135	0.256467941507	0.112035995501	0.142857142857
bé'-	0.277110137141	0.69913756539	0.0	0.0237522974692
ga'-	0.357978474497	0.580252690688	0.0336920917174	0.0280767430978
xu'-	0.198565159992	0.482850486298	0.0506456566907	0.267938697019
núa-	0.609756097561	0.289069557362	0.0271002710027	0.0740740740741
lú'-	0.263586956522	0.510869565217	0.0652173913043	0.160326086957
sín-	0.0	1.0	0.0	0.0
esm-	0.019512195122	0.834146341463	0.146341463415	0.0
pri-	0.027012987013	0.966753246753	0.0	0.00623376623377
gue-	0.284578696343	0.235294117647	0.133545310016	0.346581875994
cat-	0.213736467501	0.13832956965	0.041386936328	0.606547026521
dag-	0.0933014354067	0.642344497608	0.264354066986	0.0
tri-	0.00293836773672	0.985308161316	0.000734591934179	0.0110188790127
iza-	0.00865620708311	0.916767239586	0.0459444837488	0.0286320695826
ela-	0.0	1.0	0.0	0.0
blá-	0.270829343038	0.505267190194	0.119325799655	0.104577667114
luy-	0.181818181818	0.636363636364	0.0909090909091	0.0909090909091
sba-	0.0708514761773	0.427952983816	0.435113639224	0.0660819007828
nag-	0.107516541908	0.131203055239	0.0211209655035	0.740159437349
dze-	0.251748251748	0.664335664336	0.041958041958	0.041958041958
liz-	0.0774471399092	0.628225408917	0.0276182731211	0.266709178052
arp-	0.0428571428571	0.930357142857	0.0267857142857	0.0
itu-	0.0	1.0	0.0	0.0
abb-	0.229508196721	0.672131147541	0.0	0.0983606557377
zí'-	0.366467718969	0.417214530251	0.180688944769	0.0356288060108
dác-	0.179378790663	0.249035103841	0.459474361331	0.112111744165
fen-	0.0232858990944	0.891332470893	0.0232858990944	0.0620957309186
tam-	0.0	1.0	0.0	0.0
que-	0.164942984832	0.05104347701	0.016503721804	0.767509816354
gul-	0.581578023572	0.202054218944	0.0641867562323	0.152181001251
tir-	0.0194902548726	0.953523238381	0.0179910044977	0.00899550224888
las-	0.060973695775	0.47539079666	0.0497520246092	0.413883482956
rob-	0.0	1.0	0.0	0.0
egi-	0.0106694238511	0.923774116198	0.0576368876081	0.0079195723431
tud-	0.025381458859	0.0804777963824	0.0136193193878	0.880521425371
sie-	0.280966767372	0.589123867069	0.129909365559	0.0
bél-	0.1928001205	0.527413767134	0.227820454888	0.0519656574785
zag-	0.0149352075555	0.554799033604	0.406105864265	0.024159894575
fue-	0.294117647059	0.588235294118	0.078431372549	0.0392156862745
ceb-	0.0141176470588	0.964705882353	0.0	0.0211764705882
tap-	0.0314465408805	0.15045960329	0.0324141267537	0.785679729076
zal-	0.434210526316	0.315789473684	0.197368421053	0.0526315789473
sol-	0.066367743412	0.859551276075	0.0450080099001	0.0290729706134
xrt-	0.125986227924	0.646879413944	0.0329811533726	0.19415320476
dom-	0.0065934065934	0.848351648352	0.0263736263736	0.118681318681
wea-	0.139999364938	0.366811672435	0.0447718540628	0.448417108564
báb-	0.134357005758	0.126679462572	0.703193160007	0.0357703716629
teg-	0.508196721311	0.426229508197	0.0327868852459	0.0327868852459
squ-	0.131386861314	0.858880778589	0.00973236009733	0.0
cin-	0.3391959799	0.537688442211	0.108040201005	0.0150753768844
xúe-	0.557488934689	0.242659729027	0.0277055106936	0.17214582559
pre-	0.22188449848	0.621580547113	0.151975683891	0.00455927051671
tíz-	0.734328358209	0.223880597015	0.0	0.0417910447761
xíq-	0.393939393939	0.575757575758	0.030303030303	0.0
com-	0.0885311871227	0.887323943662	0.0241448692153	0.0
táp-	0.0	0.153171697856	0.0207365363243	0.82609176582
mag-	0.00559440559441	0.991608391608	0.0027972027972	0.0
vin-	0.0171117448794	0.982888255121	0.0	0.0
job-	0.0456273764259	0.954372623574	0.0	0.0
búr-	0.190564292322	0.791859389454	0.00277520814061	0.0148011100833
wap-	0.43023255814	0.104651162791	0.116279069767	0.348837209302
elí-	0.00367947669665	0.993867538839	0.00122649223221	0.00122649223222
buz-	0.512643678161	0.381609195402	0.0310344827586	0.0747126436782
tuc-	0.49504950495	0.29702970297	0.148514851485	0.0594059405941
chí-	0.111596533162	0.446634023866	0.327307378289	0.114462064684
díl-	0.131687242798	0.572016460905	0.263374485597	0.0329218106996
nil-	0.704703367183	0.160342063068	0.0868519508284	0.0481026189203
nia-	0.438124362895	0.202242609582	0.20122324159	0.158409785933
xca-	0.288851153073	0.514989553092	0.054112638803	0.142046655033
leb-	0.0	0.941747572816	0.0	0.0582524271845
xla-	0.438596491228	0.464912280702	0.0438596491228	0.0526315789474
xju-	0.0466019417476	0.953398058252	0.0	0.0
ram-	0.0	1.0	0.0	0.0
wál-	0.102723735409	0.35953307393	0.477042801556	0.060700389105
man-	0.419795602013	0.460391039393	0.00673270397942	0.113080654615
dxá-	0.255105911063	0.202770957506	0.0660948660046	0.476028265426
aar-	0.00892857142857	0.991071428571	0.0	0.0
eti-	0.0922619047619	0.840773809524	0.0535714285714	0.0133928571429
sgu-	0.151781786186	0.488561372635	0.313462384514	0.0461944566652
bní-	0.340136054422	0.37925170068	0.25	0.0306122448979
bes-	0.714838102283	0.068877979893	0.00706095961803	0.209222958206
nú'-	0.136999068034	0.42404473439	0.0475302889096	0.391425908667
lé̱-	0.43299107539	0.230779070539	0.048688410959	0.287541443112
xíx-	0.266122448979	0.695510204082	0.0236734693878	0.0146938775511
xúz-	0.445742238195	0.480383348308	0.0379355096336	0.0359389038634
a'n-	0.508982035928	0.395209580838	0.0	0.0958083832335
xet-	0.0614091483651	0.203478718332	0.197673934895	0.537438198408
cáq-	0.296296296296	0.320987654321	0.185185185185	0.197530864198
cuz-	0.446183125396	0.0974836117572	0.0249524212307	0.431380841616
arf-	0.0	1.0	0.0	0.0
cle-	0.0272108843537	0.959183673469	0.0136054421769	0.0
ble-	0.711296057625	0.0762555103814	0.0124826944644	0.19996573753
iuz-	0.075	0.741666666667	0.0	0.183333333333
dum-	0.139511080784	0.806531284303	0.0264040110363	0.0275536238764
bar-	0.105540955612	0.865379284344	0.0113657784727	0.0177139815708
núl-	0.161854383776	0.28193592605	0.0326872045411	0.523522485633
e̱'-	0.382352941176	0.529411764706	0.0	0.0882352941177
zeb-	0.0	1.0	0.0	0.0
pis-	0.0392156862745	0.960784313726	0.0	0.0
amó-	0.0	1.0	0.0	0.0
xra-	0.0376414949049	0.854386809316	0.0119820716336	0.0959896241452
xáp-	0.520393811533	0.0576652601969	0.0210970464135	0.400843881857
his-	0.0	0.918918918919	0.0810810810811	0.0
anf-	0.0740740740741	0.925925925926	0.0	0.0
apo-	0.0219670494258	0.941587618572	0.0119820269596	0.0244633050424
fan-	0.0	1.0	0.0	0.0
bdu-	0.196109778844	0.666400213163	0.103916866507	0.0335731414868
gús-	0.0	0.767741935484	0.193548387097	0.0387096774194
quí-	0.591144954757	0.275934877901	0.0568991593534	0.0760210079886
heb-	0.0152107779227	0.943068231204	0.0312907431551	0.0104302477184
zea-	0.461570994603	0.173988436731	0.140906274743	0.223534293924
nín-	0.0996070098613	0.900392990139	0.0	0.0
xug-	0.0874209491417	0.431630971994	0.0372004038901	0.443747674975
nua-	0.416801236505	0.231798468211	0.0743978960967	0.277002399188
zi'-	0.403915867132	0.372162978895	0.0932346456315	0.130686508342
lot-	0.0	0.988847583643	0.0111524163569	0.0
nus-	0.428364715032	0.416843019155	0.0545155280627	0.10027673775
sa'-	0.174363635066	0.595423254094	0.0654693515143	0.164743759326
sua-	0.393926607682	0.220974696396	0.0670499347302	0.318048761191
wez-	0.0872890220802	0.853029317803	0.0421531763309	0.0175284837862
rub-	0.0	1.0	0.0	0.0
fes-	0.00615384615385	0.993846153846	0.0	0.0
dix-	0.0	0.951219512195	0.0	0.0487804878049
ésa-	0.0	0.820512820513	0.0	0.179487179487
gaq-	0.680153967609	0.105975689737	0.0357001499328	0.17817019272
