žla-	0.225210624637	0.122329304351	0.0426816444186	0.609778426594
jer-	0.0322047228216	0.932444695396	0.00358950573716	0.0317610760451
nxo-	0.204635387224	0.56302996043	0.0440927077445	0.188241944602
ni'-	0.410138248848	0.235023041475	0.0645161290323	0.290322580645
ɉəc-	0.500486381323	0.297430023848	0.130695368395	0.071388226434
šiž-	0.0144072309619	0.0624721138761	0.0140546064278	0.909066048734
fig-	0.0	1.0	0.0	0.0
del-	0.483466683335	0.153362920365	0.0279722465308	0.335198149769
son-	0.200196254393	0.449045146897	0.0415153522934	0.309243246417
rne-	0.227878787879	0.772121212121	0.0	0.0
cho-	0.301095611775	0.275409108399	0.0481366820986	0.375358597727
maa-	0.00991407799075	0.990085922009	0.0	0.0
xto-	0.171972585175	0.563839512997	0.0787568142676	0.185431087561
tom-	0.0	0.96755279786	0.0	0.0324472021404
jac-	0.0227144830409	0.971760372436	0.00061390494705	0.00491123957641
nzo-	0.601787487587	0.212512413108	0.0397219463754	0.145978152929
dib-	0.0	0.426977195536	0.291606016497	0.281416787967
rod-	0.0	1.0	0.0	0.0
zec-	0.517797017797	0.331168831169	0.0512265512265	0.0998075998077
šyi-	0.0259683578833	0.0907255864703	0.882760501909	0.000545553737044
ret-	0.246514221974	0.512548800892	0.240936977133	0.0
əbc-	0.961538461538	0.0384615384615	0.0	0.0
lc̱-	0.0384898080559	0.112181519281	0.812802630324	0.0365260423388
əgo-	0.697674418605	0.302325581395	0.0	0.0
bžo-	0.684888469997	0.187140014661	0.0944601528956	0.0335113624463
joe-	0.113513513513	0.854054054054	0.0324324324324	0.0
nle-	0.363057324841	0.52229299363	0.0382165605096	0.0764331210192
eno-	0.0243309002433	0.959448499595	0.0162206001622	0.0
no'-	0.0523493074827	0.517755444395	0.023797815631	0.406097432492
sol-	0.302477580202	0.166103796435	0.0537235127347	0.477695110628
ḻeb-	0.193117807812	0.348859474633	0.0113866631964	0.446636054358
ant-	0.220078555974	0.246817800823	0.100850860607	0.432252782597
gos-	0.627007595131	0.177731635287	0.0463268546155	0.148933914967
peo-	0.474738675958	0.261033681765	0.246806039489	0.0174216027875
miḻ-	0.180637017063	0.68411064071	0.113783716477	0.0214686257503
san-	0.196301176898	0.636388421866	0.0705230154042	0.0967873858318
orz-	0.207100591716	0.349112426036	0.0887573964497	0.355029585799
baɉ-	0.516953316953	0.295331695332	0.0412776412776	0.146437346437
beḻ-	0.0843885799729	0.815457221625	0.0243353114341	0.0758188869679
beq-	0.550830640132	0.190054998016	0.0612349038952	0.197879457958
liž-	0.131619382724	0.701940495237	0.0225110529992	0.14392906904
ɉəṉ-	0.422222222222	0.311111111111	0.0	0.266666666667
yaz-	0.236736557211	0.349920109564	0.20445429941	0.208889033815
boš-	0.710271410761	0.245132828234	0.0273328857773	0.0172628752277
gwp-	0.378378378378	0.378378378378	0.243243243243	0.0
lac-	0.242086922854	0.67530456186	0.0233555042383	0.0592530110486
šla-	0.217248189598	0.159315339039	0.511520737327	0.111915734036
seg-	0.444457522494	0.185669073028	0.0777751621678	0.29209824231
der-	0.0588235294118	0.941176470588	0.0	0.0
gws-	0.500988668235	0.16038335148	0.0399249272536	0.298703053032
lož-	0.259870064968	0.57896051974	0.0299850074963	0.131184407796
ye'-	0.546235318123	0.267728641268	0.0570758054504	0.128960235159
abi-	0.0755109423042	0.801139446555	0.0083197684934	0.115029842648
chx-	0.319895054607	0.423004066604	0.182745464093	0.0743554146957
əle-	0.449275362319	0.550724637681	0.0	0.0
zoe-	0.37032674315	0.117537029707	0.0153560749491	0.496780152194
dis-	0.0880700468293	0.824789925161	0.00213357258523	0.0850064554247
tib-	0.0110192837466	0.988980716253	0.0	0.0
gan-	0.161689321286	0.0552553875889	0.00804084424695	0.775014446878
šo'-	0.41907468755	0.215336540215	0.13883289552	0.226755876715
niz-	0.275720164609	0.662551440329	0.0617283950617	0.0
mbi-	0.272835999402	0.292868889221	0.301240843175	0.133054268202
ɉla-	0.136745387984	0.694296891824	0.0219833464934	0.146974373699
chd-	0.351457502277	0.476602265925	0.0927057646915	0.0792344671069
sen-	0.373971816692	0.490771879047	0.0455600182772	0.0896962859833
bte-	0.622913068509	0.169833045481	0.13816925734	0.0690846286701
ṉao-	0.289994793805	0.408388270364	0.159878953759	0.141737982072
gog-	0.0	0.961038961039	0.038961038961	0.0
mig-	0.0312629399586	0.932091097308	0.00372670807453	0.0329192546584
spe-	0.0925507900677	0.860045146727	0.020316027088	0.0270880361174
ṉeg-	0.288164665523	0.626453211359	0.00533638269487	0.080045740423
paf-	0.0452331245651	0.944328462074	0.0104384133612	0.0
za'-	0.343898693543	0.142914363806	0.0605643099468	0.452622632704
abr-	0.0420826574171	0.913018916863	0.0232339351736	0.021664490546
riz-	0.128956802911	0.679373791269	0.146721806466	0.0449475993548
zaq-	0.217866538576	0.270977490458	0.276527458751	0.234628512215
nor-	0.0263157894737	0.894736842105	0.0526315789474	0.0263157894737
bde-	0.516393442623	0.465163934426	0.00614754098361	0.0122950819672
əṉe-	0.505025835333	0.174319308167	0.0523839549886	0.268270901512
ya'-	0.0981647215142	0.741377768409	0.0290207802329	0.131436729844
zac-	0.319101123595	0.180417335474	0.320064205458	0.180417335473
chi-	0.223274436717	0.102842416325	0.0116025158969	0.662280631061
əsc-	0.152542372881	0.822033898305	0.0	0.0254237288136
lax-	0.382507212169	0.498492001049	0.0921190663519	0.0268817204301
ša'-	0.400777467745	0.273592330257	0.0391118742696	0.286518327729
yoz-	0.503986772001	0.384677567518	0.0694469961418	0.0418886643395
xne-	0.0422058959147	0.866168680131	0.0460073980716	0.045618025883
yog-	0.0724283976569	0.156298228388	0.0394814003569	0.731791973598
dey-	0.577648766328	0.259796806967	0.0435413642961	0.119013062409
biž-	0.324148172593	0.374309050408	0.0899265737151	0.211616203283
gwn-	0.396007260839	0.263289499456	0.0745485307916	0.266154708913
ɉəx-	0.737974643542	0.180045524072	0.0585570231333	0.0234228092533
per-	0.0508739715617	0.0300843989073	0.00665435537288	0.912387274158
lgü-	0.154791154791	0.0831870831871	0.043173043173	0.718848718849
bec-	0.400447194073	0.322220584588	0.0743585964433	0.202973624896
bzo-	0.503589063074	0.347622011463	0.0208611212864	0.127927804177
laž-	0.184605605598	0.452833727225	0.211825980101	0.150734687075
pat-	0.010111223458	0.989888776542	0.0	0.0
toe-	0.0900097307817	0.19502108336	0.0468969618337	0.668072224024
əbx-	0.266630016493	0.599596848085	0.043980208906	0.0897929265164
zgu-	0.0664085435373	0.0935176853004	0.22326028359	0.616813487572
neɉ-	0.426923076923	0.257692307692	0.223076923077	0.0923076923077
yo'-	0.147861765143	0.644729885669	0.0216170640517	0.185791285136
əšə-	0.359918200409	0.235173824131	0.220858895706	0.184049079755
jor-	0.226101651914	0.732068441694	0.011007870103	0.0308220362882
daq-	0.119503945885	0.693348365276	0.160090191657	0.0270574971815
ɉəz-	0.560581583199	0.294022617124	0.0145395799677	0.130856219709
lqu-	0.0733201336468	0.843150600173	0.066823412944	0.016705853236
gen-	0.394366197183	0.535211267606	0.0	0.0704225352112
xes-	0.117440841367	0.598597721297	0.231375985977	0.0525854513584
bxo-	0.348107285524	0.58151036713	0.0665778961385	0.00380445120791
bi'-	0.175569314091	0.555154562548	0.0950738461043	0.174202277256
ḻe'-	0.100781977121	0.0677282753057	0.0234069231481	0.808082824426
jam-	0.108108108108	0.861261261261	0.00720720720719	0.0234234234234
bex-	0.511906736385	0.412170360606	0.0135958518467	0.0623270511623
ḻal-	0.720229555237	0.215208034433	0.0	0.06456241033
boc-	0.430366180725	0.370815591452	0.0660535312789	0.132764696544
ṉio-	0.725118483412	0.24644549763	0.0	0.0284360189573
bac-	0.45058605998	0.225904812846	0.0780483418791	0.245460785295
por-	0.0993452319148	0.107764506963	0.0636721510894	0.729218110032
izg-	0.462365591398	0.456989247312	0.0161290322581	0.0645161290323
bož-	0.46161728438	0.332071277224	0.041092083782	0.165219354615
bšo-	0.699259836385	0.277366575769	0.0233735878457	0.0
alf-	0.00303720577068	0.996962794229	0.0	0.0
pas-	0.0218761223757	0.926208900643	0.0127338622784	0.0391811147027
cos-	0.144509461725	0.477979673545	0.0798914097344	0.297619454995
dam-	0.0703942075623	0.895816572808	0.0144810941271	0.0193081255028
ent-	0.0967798288011	0.0725266406568	0.0450998660688	0.785593664473
biš-	0.0404920078155	0.845173406179	0.0251672871421	0.0891672988636
yod-	0.484802116292	0.150293064993	0.315887753514	0.0490170652005
šḻa-	0.0514438243145	0.554234409124	0.260616355254	0.133705411308
xma-	0.104770340377	0.541439959509	0.159433126661	0.194356573453
chṉ-	0.477363724861	0.303260256633	0.0540195680515	0.165356450455
ped-	0.140664961637	0.723620163353	0.070126227209	0.0655886478014
say-	0.571428571429	0.155844155844	0.253246753247	0.0194805194805
che-	0.34885892745	0.249324798082	0.0643968071025	0.337419467366
epa-	0.209160305344	0.648854961832	0.0157760814249	0.126208651399
əzn-	0.265136525524	0.568658488326	0.137185067933	0.0290199182166
tgu-	0.0461260884345	0.17082864838	0.0483225688361	0.734722694349
soš-	0.132051552926	0.634129164026	0.0964856680048	0.137333615043
asi-	0.0	0.965125709651	0.00324412003244	0.0316301703163
dia-	0.0977243193811	0.794040020436	0.0200302255811	0.0882054346023
nan-	0.344238618409	0.110269972728	0.0149595145357	0.530531894326
gax-	0.133365808201	0.372310233819	0.332620298204	0.161703659776
lin-	0.00792099125549	0.948513556839	0.0435654519051	0.0
art-	0.0196078431373	0.980392156863	0.0	0.0
zix-	0.157913309416	0.498911956713	0.30612244898	0.0370522848909
mue-	0.447337278106	0.460355029586	0.0781065088758	0.014201183432
dao-	0.136277596371	0.0798508536532	0.187301167339	0.596570382637
rya-	0.455958549223	0.481865284974	0.0	0.0621761658031
tol-	0.106270118821	0.163914244809	0.0690594194838	0.660756216887
šon-	0.22330643648	0.575905423156	0.0656783636705	0.135109776694
šeɉ-	0.529619773567	0.200913194311	0.0728977028347	0.196569329287
ɉəy-	0.631129252999	0.197098104661	0.0471173707654	0.124655271574
cue-	0.261455215404	0.513804299047	0.064971690342	0.159768795207
ido-	0.593392630241	0.254129606099	0.152477763659	0.0
gaḻ-	0.196124355908	0.16452996721	0.0299548827691	0.609390794113
ḻeš-	0.64467253903	0.270064318712	0.0	0.0852631422587
əbṉ-	0.659574468085	0.0425531914894	0.234042553191	0.063829787234
mir-	0.0321100917431	0.940366972477	0.0229357798165	0.0045871559633
isa-	0.0199056625065	0.972511227967	0.00331761041775	0.00426549910853
lɟu-	0.307253463733	0.594947025265	0.0	0.0977995110025
eut-	0.0796963946869	0.920303605313	0.0	0.0
eco-	0.588541666667	0.208333333333	0.03125	0.171875
dio-	0.105380802017	0.608299846402	0.00503902175922	0.281280329822
əze-	0.0566037735849	0.0566037735849	0.0	0.88679245283
bab-	0.502651603537	0.257207730768	0.0644316100918	0.175709055604
ita-	0.0	0.882352941176	0.117647058824	0.0
šeɟ-	0.519713261649	0.26164874552	0.197132616487	0.0215053763441
bga-	0.361974480615	0.316906592508	0.143628333061	0.177490593816
se'-	0.467542289057	0.284727561131	0.120942369583	0.12678778023
šan-	0.23658872077	0.395588160375	0.125324774568	0.242498344286
siy-	0.446232626189	0.454279444038	0.0512070226774	0.0482809070959
rca-	0.036	0.952	0.012	0.0
bgü-	0.503966705698	0.342410564917	0.0400586938281	0.113564035558
əbn-	0.179282868526	0.624833997344	0.0398406374502	0.15604249668
ne'-	0.174053587726	0.284209806918	0.0412092563695	0.500527348986
cac-	0.126431447314	0.265556210569	0.0614597313332	0.546552610784
sor-	0.0	1.0	0.0	0.0
moi-	0.130009274954	0.821226664459	0.00846598274068	0.0402980778456
žle-	0.719858156028	0.237588652482	0.0425531914894	0.0
ggu-	0.387675353518	0.596862612803	0.0	0.0154620336791
bxi-	0.630060017878	0.303090282212	0.0208785595709	0.0459711403397
be'-	0.276764497555	0.336150888297	0.0435671374059	0.343517476742
ede-	0.487657707076	0.330224904004	0.023038946791	0.159078442128
so'-	0.348372635564	0.217551252535	0.0483444007658	0.385731711135
yeb-	0.362031979731	0.380356422249	0.10156590674	0.15604569128
baž-	0.440329218107	0.185185185185	0.300411522634	0.074074074074
ṉez-	0.520623609721	0.114577847712	0.0310731019255	0.333725440642
non-	0.256968747638	0.220613944337	0.0469804765271	0.475436831497
teu-	0.330434782609	0.652173913044	0.0	0.0173913043478
dod-	0.0	1.0	0.0	0.0
lɉo-	0.465118894087	0.297916548508	0.027342064316	0.209622493089
lia-	0.0828434433036	0.776515362251	0.132934827627	0.00770636681895
mal-	0.161084951189	0.386601374601	0.269658432585	0.182655241625
pru-	0.548060842558	0.338854822012	0.0374293222904	0.07565501314
yen-	0.496630227402	0.302137369154	0.0730031454648	0.12822925798
šcu-	0.0852713178295	0.883720930233	0.031007751938	0.0
sab-	0.0614184742871	0.897635876188	0.0409456495247	0.0
nyi-	0.362637362637	0.527472527473	0.0	0.10989010989
ezy-	0.989247311828	0.010752688172	0.0	0.0
nin-	0.13301942319	0.566804002354	0.00706297822247	0.293113596233
əbg-	0.292682926829	0.634146341463	0.0243902439024	0.0487804878049
lis-	0.0722449221295	0.904660389649	0.0124356013502	0.0106590868716
box-	0.864406779661	0.118644067797	0.0	0.0169491525424
xsi-	0.0961862030287	0.856702187325	0.0471116096466	0.0
ncu-	0.0808741128127	0.537791059644	0.381334827543	0.0
da'-	0.310168618996	0.359681249641	0.15826283579	0.171887295573
xic-	0.118355481728	0.806893687708	0.0436046511628	0.031146179402
nog-	0.578512396694	0.355371900826	0.0	0.0661157024793
lez-	0.390350877193	0.531286549708	0.0130116959064	0.065350877193
žit-	0.00359712230217	0.996402877698	0.0	0.0
sir-	0.275631911532	0.611203264876	0.0739073196419	0.0392575039494
ca'-	0.129969442062	0.0109890932826	0.0073199407863	0.851721523869
əla-	0.637103948539	0.0754807363306	0.028741531513	0.258673783617
tch-	0.442823803967	0.307467911319	0.109101516919	0.140606767795
ta'-	0.236943375481	0.535459043431	0.11214953271	0.115448048378
esr-	0.0	1.0	0.0	0.0
gwš-	0.566645027538	0.228132263941	0.120201872134	0.0850208363872
šen-	0.166666666667	0.761904761905	0.0714285714285	0.0
gwḻ-	0.370169022437	0.533211426312	0.0355836710487	0.0610358802017
pre-	0.138513863334	0.797506113248	0.0232781348817	0.0407018885357
ALL	0.211164620588	0.255828165906	0.048279711863	0.484727501643
ana-	0.0395348837209	0.905581395349	0.00558139534883	0.0493023255813
fro-	0.0454718646307	0.880907021205	0.0326464669144	0.0409746472498
zed-	0.399699507371	0.409187895743	0.0847810621116	0.106331534774
ziž-	0.187415185235	0.307368706744	0.332830099064	0.172386008956
əhi-	0.316045380875	0.589141004862	0.0316045380875	0.0632090761751
bie-	0.158708627238	0.735078676072	0.017091698318	0.0891209983722
mae-	0.0154191043797	0.956421892941	0.00410082563289	0.0240581770463
yoš-	0.541333333333	0.298133333333	0.0688	0.0917333333333
gaž-	0.0129424933539	0.0170526094865	0.0972435987127	0.872761298447
yet-	0.0875321848436	0.299341354653	0.128068706063	0.48505775444
ɉes-	0.463770619224	0.391139131186	0.0533724846705	0.0917177649193
arm-	0.0	1.0	0.0	0.0
bar-	0.0900518140609	0.86546544497	0.00838921403019	0.0360935269393
cal-	0.0294117647059	0.970588235294	0.0	0.0
lcu-	0.21018215787	0.476879962634	0.141989724428	0.170948155068
ḻeg-	0.111803326674	0.0766222376236	0.0176596516462	0.793914784056
šin-	0.338316852073	0.482319829178	0.0708652029236	0.108498115825
yal-	0.0110578695171	0.949870991522	0.0346479911537	0.00442314780686
tel-	0.207423580786	0.125545851528	0.0327510917031	0.634279475983
sož-	0.207028753994	0.24089456869	0.460063897764	0.0920127795527
xcu-	0.069495210337	0.300291462153	0.612269892054	0.0179434354558
lid-	0.0214899713467	0.978510028653	0.0	0.0
yed-	0.403716698849	0.426328577771	0.0640312468516	0.105923476528
gas-	0.22086480683	0.380181134951	0.342951148977	0.056002909242
ata-	0.292576419214	0.602620087336	0.0	0.10480349345
že'-	0.193241872631	0.693268563498	0.0262104307906	0.0872791330807
far-	0.0118859457696	0.973577606115	0.00172886483921	0.0128075832758
zye-	0.0	0.128712871287	0.0	0.871287128713
xba-	0.39572456109	0.2453195971	0.0304336661759	0.328522175635
gox-	0.507915225533	0.330867754379	0.0824855121393	0.0787315079494
si'-	0.356518547925	0.317739550074	0.0712297918765	0.254512110125
bc̱-	0.352869622913	0.480273262315	0.0845958199712	0.0822612948014
tac-	0.387072920233	0.20188976378	0.330516946251	0.0805203697364
mes-	0.150591642403	0.819942804447	0.0103356094124	0.019129943737
xni-	0.343079697713	0.480915607294	0.0663230506574	0.109681644335
sed-	0.0338983050847	0.822033898305	0.14406779661	0.0
med-	0.471476510067	0.513422818792	0.0	0.0151006711409
bda-	0.137246248897	0.616504854369	0.159164460135	0.087084436599
adi-	0.0	1.0	0.0	0.0
tši-	0.28637536034	0.332802306175	0.0819299044151	0.29889242907
chg-	0.463866299946	0.323051848747	0.120687360442	0.0923944908646
bin-	0.126636854183	0.4696572453	0.0496246781607	0.354081222356
ṉec-	0.409451130026	0.16436747872	0.0193718814206	0.406809509833
nec-	0.126158828836	0.182412972362	0.564758561476	0.126669637326
ḻi'-	0.0778914240755	0.799370574351	0.0944138473642	0.0283241542093
gue-	0.12303615616	0.141442275936	0.0231090690455	0.712412498859
zba-	0.0879610625696	0.340292030728	0.531284817921	0.0404620887821
cai-	0.0219123505976	0.921314741036	0.0493027888446	0.00747011952193
žɉə-	0.496533827154	0.341273224562	0.0684526481437	0.0937403001403
naḻ-	0.427634436626	0.472026757015	0.0716705759708	0.0286682303883
sec-	0.4751238181	0.319225574066	0.099279603782	0.106371004052
imn-	0.263086498564	0.736913501436	0.0	0.0
šlo-	0.145654082528	0.339255926251	0.235766022827	0.279323968393
coa-	0.099031498124	0.866067533374	0.0349009685018	0.0
gwt-	0.34230622888	0.518977171947	0.0582193863767	0.0804972127964
ḻo'-	0.0217974045695	0.049388763225	0.00702181923629	0.921792012969
gaṉ-	0.36329588015	0.243445692884	0.0	0.393258426966
xmo-	0.137730695538	0.749516086318	0.0299414555518	0.0828117625919
tal-	0.447051363348	0.36968928345	0.0583386176284	0.124920735574
ḻja-	0.0	1.0	0.0	0.0
doḻ-	0.29310399153	0.414387532611	0.187807998185	0.104700477673
zle-	0.416164053076	0.533172496984	0.0361881785283	0.0144752714113
ami-	0.0	1.0	0.0	0.0
zoa-	0.273000988149	0.069236737915	0.0235763029969	0.634185970939
laš-	0.0474392394388	0.781779498582	0.126504638503	0.0442766234762
sca-	0.3010491907	0.639373648969	0.00949016713239	0.0500869931988
blo-	0.501214217872	0.244378474862	0.0520325663052	0.202374740962
gwc-	0.531724595977	0.309023693885	0.0526512697906	0.106600440347
pue-	0.108772864377	0.851991835107	0.0106262272231	0.028609073293
noc-	0.194020770869	0.302459479425	0.0856037891627	0.417915960544
loc-	0.063351661487	0.756155868994	0.148816638776	0.0316758307435
pon-	0.126335183032	0.774965455223	0.0783014936503	0.0203978680938
zni-	0.265807392996	0.212548638132	0.442607003891	0.0790369649805
naž-	0.605451936872	0.110473457676	0.133428981349	0.150645624103
ged-	0.0	1.0	0.0	0.0
x̱a-	0.0516256140807	0.855231545577	0.0109810033546	0.0821618369874
sib-	0.348037249161	0.0514181824389	0.544978106302	0.0555664620978
əfa-	0.194630872483	0.785234899329	0.0201342281879	0.0
ben-	0.240374544862	0.114516980491	0.013489189185	0.631619285461
oni-	0.0	0.857142857143	0.142857142857	0.0
xti-	0.208793292903	0.444309059288	0.0220357909111	0.324861856898
leḻ-	0.149665924276	0.24855233853	0.601781737194	0.0
ɉsa-	0.909090909091	0.0379746835443	0.0	0.0529344073648
mat-	0.0438782731776	0.950460014154	0.00283085633404	0.00283085633404
ggü-	0.592604197674	0.198008219879	0.0873166324607	0.122070949986
rso-	0.47032967033	0.304761904762	0.014442700157	0.210465724751
ili-	0.0	1.0	0.0	0.0
lam-	0.0771616066921	0.890387250307	0.0237975048677	0.0086536381337
nar-	0.0349344978166	0.917030567686	0.0480349344978	0.0
gat-	0.39429482325	0.285994446345	0.0584686936382	0.261242036766
ɉse-	0.591561950481	0.24814848092	0.0495963239163	0.110693244683
cua-	0.189377225749	0.432536743502	0.0683636180148	0.309722412735
tye-	0.0886942522495	0.599503736688	0.0525262631316	0.259275747931
tba-	0.293216827313	0.445095036483	0.085127465994	0.17656067021
raa-	0.0934579439252	0.906542056075	0.0	0.0
ḻez-	0.274410895727	0.519780932478	0.0847445413273	0.121063630468
sat-	0.0399370688612	0.947295171245	0.0118600992376	0.000907660655936
izr-	0.0529252185351	0.768275422684	0.0919676376292	0.086831721152
bto-	0.431408308004	0.423370482945	0.0506585612969	0.0945626477541
esl-	0.0	1.0	0.0	0.0
ic̱-	0.164948453608	0.106529209622	0.707903780069	0.020618556701
saf-	0.00425531914893	0.337588652482	0.0	0.658156028369
gwṉ-	0.529608732853	0.311879657279	0.0538170854587	0.104694524409
biṉ-	0.128317293672	0.836687080782	0.0262467191601	0.0087489063867
nad-	0.0546730517414	0.0313729082525	0.0023124732405	0.911641566766
nya-	0.431378656171	0.336296967466	0.196930656624	0.0353937197384
ṉal-	0.473642800944	0.313926042486	0.0637293469709	0.148701809599
pḻa-	0.0	0.921715817694	0.0707774798928	0.00750670241286
nxi-	0.313534566699	0.359298928919	0.222005842259	0.105160662123
žaḻ-	0.0714285714286	0.0595238095238	0.214285714286	0.654761904762
əzɉ-	0.536437757418	0.166008237371	0.0378246616794	0.259729343532
eub-	0.131147540984	0.868852459016	0.0	0.0
zin-	0.0600600600601	0.92992992993	0.0	0.01001001001
xše-	0.220779220779	0.756957328386	0.00445269016699	0.0178107606679
cag-	0.0812389187286	0.0249648553924	0.0195037932753	0.874292432604
yež-	0.142299948516	0.695798364535	0.0275984374469	0.134303249502
bix-	0.0956311836929	0.0464596495411	0.0137084277029	0.844200739063
ḻel-	0.441860465116	0.292749658003	0.15731874145	0.108071135431
ban-	0.359147691312	0.391642056895	0.114243549281	0.134966702512
zeq-	0.0691198408752	0.876678269518	0.000994530084532	0.0532073595226
nsi-	0.471047377019	0.455436558359	0.0326738064985	0.0408422581231
adr-	0.183333333333	0.804166666667	0.0125	0.0
žom-	0.038100348806	0.800375637242	0.0525892138449	0.108934800107
ɉx̱-	0.436046511628	0.40503875969	0.151162790698	0.00775193798447
ter-	0.215477629988	0.731096332124	0.040124949617	0.0133010882708
mil-	0.0432488830177	0.168679057948	0.0339932854847	0.754078773549
ɉel-	0.169921004966	0.72677021502	0.0494605742154	0.053848205799
dab-	0.0389124224214	0.954027517814	0.00180606180015	0.00525399796407
did-	0.0936524453694	0.906347554631	0.0	0.0
əsi-	0.881030866047	0.0290680251723	0.0	0.0899011087803
cḻa-	0.178955308316	0.463888365076	0.173298133132	0.183858193475
šoṉ-	0.0355102078133	0.0644925349936	0.0559532625689	0.844043994624
arq-	0.139836289222	0.839699863574	0.0	0.0204638472033
əgw-	0.447293980057	0.282691426113	0.166607071274	0.103407522556
edi-	0.29263117284	0.346643518518	0.0	0.360725308642
maz-	0.0734242777295	0.040033624847	0.255132950875	0.631409146548
lat-	0.235493084944	0.266937772359	0.0353381736453	0.462230969051
ḻeṉ-	0.407150698495	0.457885786857	0.0555352261231	0.0794282885249
oli-	0.0308942190782	0.961368409417	0.00309494860175	0.00464242290265
yoḻ-	0.29191321499	0.43617920541	0.19864750634	0.0732600732601
dox-	0.11306825884	0.1571509673	0.175039979289	0.554740794571
taq-	0.0689655172414	0.922413793103	0.00862068965517	0.0
mod-	0.45979020979	0.027972027972	0.480769230769	0.0314685314685
jai-	0.127470355731	0.813241106719	0.0355731225296	0.0237154150197
ero-	0.0228238351066	0.894132518698	0.047052213912	0.0359914322835
net-	0.0561612801529	0.0967896856009	0.00220846559784	0.844840568648
bic-	0.219079505691	0.39313407503	0.137155744661	0.250630674618
xig-	0.0454545454545	0.954545454545	0.0	0.0
əga-	0.316384180791	0.683615819209	0.0	0.0
bcu-	0.597682502897	0.256765804043	0.0509205613493	0.0946311317111
eli-	0.0367924528302	0.931761006289	0.00377358490567	0.0276729559749
xiṉ-	0.459829452029	0.396160758671	0.102787656304	0.0412221329968
nal-	0.612510392074	0.124353272801	0.0731090781211	0.190027257005
eḻe-	0.472163495419	0.174066243834	0.112755461593	0.241014799154
zeɉ-	0.226134450039	0.238097119551	0.166215606821	0.369552823588
eto-	0.0730434782609	0.0504347826087	0.0	0.87652173913
yaš-	0.0904244603202	0.067473539029	0.777169954594	0.0649320460568
goc-	0.46806844228	0.277542606739	0.0521516416313	0.20223730935
loz-	0.00151515151515	0.960606060606	0.0378787878788	0.0
cab-	0.300034702601	0.295588887533	0.0139451238248	0.390431286041
ene-	0.0	1.0	0.0	0.0
bdi-	0.609883987678	0.260339516288	0.028839221341	0.100937274694
pan-	0.0650887573964	0.934911242604	0.0	0.0
əbi-	0.468543730632	0.281513381732	0.159487366396	0.0904555212396
žia-	0.305393451094	0.277972192068	0.108285152941	0.308349203897
daž-	0.203703703704	0.740740740741	0.0	0.0555555555555
ḻat-	0.670886075949	0.329113924051	0.0	0.0
ɉua-	0.194552529183	0.727626459144	0.0778210116731	0.0
lec-	0.418964357767	0.270342972428	0.225958305313	0.0847343644923
eži-	0.0522496371553	0.586357039187	0.0914368650218	0.269956458636
jod-	0.0343423731039	0.920021012542	0.00242957515267	0.0432070392015
ḻia-	0.00599820053983	0.990252924123	0.0	0.00374887533739
bso-	0.121365360303	0.81205225453	0.023598820059	0.0429835651075
ḻoi-	0.344978165939	0.497816593886	0.0524017467249	0.10480349345
ḻec-	0.128394040392	0.061017615319	0.100558935589	0.7100294087
cre-	0.0686364777769	0.918808068971	0.00753327195111	0.00502218130077
mai-	0.0	1.0	0.0	0.0
mti-	0.0	0.890577507599	0.0	0.109422492401
ese-	0.353269723063	0.55736560391	0.0111705841285	0.0781940888992
güi-	0.370886149436	0.322403769929	0.234102119584	0.0726079610516
rab-	0.0634920634921	0.746031746032	0.0	0.190476190476
ape-	0.0	1.0	0.0	0.0
cws-	0.224103089938	0.675156086321	0.0117631500775	0.0889776736633
epo-	0.589473684211	0.144360902256	0.0406015037594	0.225563909774
nzi-	0.558730770157	0.167762075579	0.00637985410598	0.267127300158
lṉi-	0.115625393891	0.766588438661	0.0467207260199	0.071065441428
əto-	0.39417989418	0.439153439153	0.119047619048	0.047619047619
ɉti-	0.691832002061	0.169028600876	0.0631280597784	0.0760113372842
fre-	0.0988553590011	0.640998959417	0.0832466181062	0.176899063475
got-	0.490160589121	0.306846844018	0.0685337570538	0.134458809807
gyo-	0.0255018635977	0.0460995226574	0.0431569999346	0.88524161381
xga-	0.140298753817	0.834942642568	0.0	0.0247586036148
lab-	0.20861976209	0.65210114173	0.00896646541934	0.130312630761
bay-	0.37695013076	0.309766435206	0.2203985932	0.0928848408333
gao-	0.589058527704	0.239515506481	0.0832327575583	0.0881932082574
jws-	0.0331860122509	0.958595022098	0.00403194541366	0.00418702023726
tia-	0.297404187051	0.519246777227	0.00258238078481	0.180766654937
žan-	0.0881508612156	0.758488418135	0.00668184517917	0.14667887547
zon-	0.360403972957	0.303125782489	0.0429847258159	0.293485518738
car-	0.233642653735	0.684625378625	0.0174488431644	0.064283124476
əxṉ-	0.0247589262444	0.128225175919	0.841803492312	0.00521240552514
bas-	0.0315410033043	0.968458996696	0.0	0.0
de'-	0.083747576798	0.0759116210775	0.00509821309847	0.835242589026
yex-	0.532227296975	0.334884347792	0.0357154301591	0.0971729250744
žti-	0.119402985075	0.671641791045	0.10447761194	0.10447761194
ḻed-	0.245953702832	0.404723816693	0.1338571563	0.215465324174
yes-	0.474172049469	0.324180398	0.0805881847815	0.12105936775
do'-	0.223744292237	0.666666666667	0.0913242009132	0.0182648401826
tie-	0.719836400818	0.263803680982	0.0163599182004	0.0
le'-	0.0579019333895	0.0324175337868	0.00561082205099	0.904069710773
ang-	0.0269628895309	0.908583514682	0.0117466126639	0.0527069831236
žiž-	0.360983102919	0.196620583717	0.0675883256529	0.374807987711
nc̱-	0.216573167971	0.413570631024	0.316079131052	0.0537770699528
ito-	0.0	1.0	0.0	0.0
əye-	0.365551912931	0.320247514288	0.0953046058712	0.21889596691
yeš-	0.123515957355	0.559350551642	0.116592818842	0.200540672162
noq-	0.38125476251	0.40030480061	0.0749301498603	0.143510287021
gaq-	0.376007961063	0.177661106659	0.0548780738567	0.391452858421
chɉ-	0.353523067518	0.471275400333	0.0767352143213	0.0984663178276
zɟə-	0.417087602829	0.366430942416	0.0447395006494	0.171741954106
anc-	0.0	1.0	0.0	0.0
diž-	0.284605406944	0.23476829346	0.0468683320296	0.433757967567
sod-	0.0360372166164	0.938081509632	0.00687983226313	0.0190014414887
yiš-	0.0821102468719	0.843219479202	0.00730470071018	0.0673655732161
eḻa-	0.376811594203	0.340579710145	0.0797101449276	0.202898550725
xse-	0.096	0.312	0.504	0.088
dex-	0.833333333333	0.0185185185185	0.0	0.148148148148
ndr-	0.0070126227209	0.973352033661	0.0	0.0196353436185
tya-	0.0764331210191	0.828025477707	0.0955414012739	0.0
ɉəs-	0.57390451824	0.27370672912	0.0570119051642	0.0953768474766
com-	0.443564909971	0.290524591976	0.177986962701	0.0879235353522
sle-	0.191919191919	0.664141414141	0.0151515151515	0.128787878788
xel-	0.142106287717	0.746934008176	0.0408798909869	0.0700798131205
zoc-	0.338993211036	0.134934277048	0.0700111945689	0.456061317348
gap-	0.331652668719	0.316687618041	0.176973832037	0.174685881203
sey-	0.146875	0.820089285714	0.0321428571429	0.000892857142854
xiš-	0.314374005057	0.372956269314	0.289072010488	0.0235977151419
osi-	0.0	1.0	0.0	0.0
gwo-	0.197674418605	0.56976744186	0.0232558139535	0.209302325581
žcu-	0.0542973425904	0.368542015801	0.480632032559	0.0965286090496
əḻo-	0.852713178295	0.0956072351421	0.0516795865633	0.0
xme-	0.209798837821	0.665142875204	0.0863532602911	0.038705026684
ngü-	0.482808022923	0.305157593123	0.0744985673353	0.137535816619
eny-	0.0829268292682	0.0536585365854	0.863414634146	0.0
yid-	0.663251046329	0.152755047237	0.0469370662421	0.137056840192
zla-	0.104444444444	0.56	0.257777777778	0.0777777777778
met-	0.190825688073	0.647706422018	0.0110091743119	0.150458715596
žiz-	0.142190502333	0.130936041724	0.686522097173	0.0403513587702
tao-	0.0747663551402	0.889408099688	0.00778816199376	0.0280373831776
ggo-	0.174406814034	0.497363617927	0.304907726628	0.0233218414115
ze'-	0.380799009453	0.129801772076	0.010552507618	0.478846710853
mna-	0.0497925311203	0.775933609958	0.124481327801	0.0497925311203
nef-	0.0	1.0	0.0	0.0
xe'-	0.108998630468	0.83138644969	0.0281962458713	0.0314186739708
ṉel-	0.414634146341	0.414634146341	0.170731707317	0.0
nox-	0.327106874505	0.398222307924	0.0408848716365	0.233785945934
xpe-	0.261242062676	0.711497896001	0.0272600413227	0.0
beb-	0.496780658129	0.243764375644	0.0973480249296	0.162106941297
tgo-	0.247933884298	0.373966942149	0.359504132231	0.0185950413223
xiḻ-	0.566993464052	0.408496732026	0.0	0.0245098039216
cob-	0.06373604874	0.649557283473	0.21611464972	0.0705920180662
xṉe-	0.365369429444	0.218427202897	0.0510493024592	0.3651540652
nit-	0.286076280869	0.14964871984	0.0261148295016	0.53816016979
zse-	0.076923076923	0.753036437247	0.145748987854	0.0242914979757
yeɉ-	0.109678323849	0.736747298922	0.0445928161313	0.108981561097
nen-	0.284304047384	0.624876604146	0.0878578479763	0.00296150049358
syo-	0.0487555666943	0.743517572439	0.0190279732413	0.188698887625
bem-	0.263698403233	0.523951500696	0.063605645001	0.14874445107
yiž-	0.213914974048	0.66532657286	0.0907563529447	0.030002100147
par-	0.0363274180866	0.0171441176386	0.00354295200846	0.942985512266
əži-	0.242945370347	0.229387924873	0.0232810372895	0.504385667491
bež-	0.394564609925	0.460237283494	0.0259166904205	0.11928141616
ber-	0.0556076492484	0.88547438411	0.0144915181996	0.0444264484414
gwd-	0.373619928081	0.256536839873	0.0697975106595	0.300045721386
orn-	0.03	0.9	0.07	0.0
col-	0.117573613568	0.429819997919	0.360004161898	0.0926022266154
ṉet-	0.0966608084358	0.718804920914	0.18453427065	0.0
añy-	0.0901408450704	0.639436619718	0.0676056338028	0.202816901408
ame-	0.104940970704	0.186707477044	0.052470485352	0.6558810669
seb-	0.0356564019449	0.943273905997	0.0162074554295	0.00486223662886
feb-	0.453125	0.515625	0.03125	0.0
sc̱-	0.162590026594	0.354131870334	0.265612535938	0.217665567134
niḻ-	0.910344827586	0.0344827586207	0.0	0.0551724137931
sag-	0.161691542289	0.751243781094	0.0621890547264	0.0248756218905
tne-	0.189957181783	0.611521992993	0.0140132347217	0.184507590502
saq-	0.416649026993	0.35762269138	0.122420592164	0.103307689464
nga-	0.193566261504	0.0502496949537	0.00907404065435	0.747110002888
ɉež-	0.450781968721	0.404323827047	0.0804967801288	0.0643974241031
gay-	0.0207972270364	0.866551126517	0.0667244367417	0.0459272097054
lma-	0.0	0.560853199498	0.439146800502	0.0
šey-	0.575901042029	0.214532711365	0.038989069136	0.17057717747
əžɟ-	0.224299065421	0.514018691589	0.0	0.261682242991
ṉa'-	0.17761014238	0.0866303639488	0.0357802286775	0.699979264993
egu-	0.186316432498	0.23701893708	0.0390959071472	0.537568723274
con-	0.195251812963	0.126010862106	0.0640337534432	0.614703571489
bḻe-	0.0947368421053	0.126315789474	0.715789473684	0.0631578947369
dan-	0.0874035989717	0.73264781491	0.149100257069	0.0308483290489
bsa-	0.575044238738	0.227811135997	0.0762710519681	0.120873573297
cap-	0.0926835503132	0.857468913762	0.0136943780013	0.0361531579236
chž-	0.330430312664	0.417120263326	0.123850550532	0.128598873478
bza-	0.577428115463	0.29322171515	0.090713105804	0.0386370635832
ate-	0.05433601391	0.932623342752	0.0	0.0130406433384
zez-	0.33764185441	0.380296753215	0.0967931855869	0.185268206787
gre-	0.217336683417	0.646984924623	0.0753768844221	0.0603015075376
min-	0.0609526794108	0.764493889063	0.174553431526	0.0
ser-	0.0898770104068	0.832071901608	0.0780510879849	0.0
zen-	0.367636826697	0.420568968007	0.106573195227	0.105221010069
byo-	0.104214410565	0.72806370169	0.0807535443775	0.0869683433676
xoa-	0.364794610822	0.450684630592	0.102511532547	0.0820092260379
ndi-	0.502847843775	0.254678600488	0.0748576078112	0.167615947925
cri-	0.067692940035	0.721449181585	0.00928868102572	0.201569197355
zoz-	0.514705882353	0.463235294118	0.0220588235294	0.0
elm-	0.0	1.0	0.0	0.0
eun-	0.0	0.974116680362	0.0258833196384	0.0
tab-	0.0	1.0	0.0	0.0
sac-	0.390944969841	0.515972894482	0.0290416263311	0.0640405093454
chc-	0.410410843576	0.393502022499	0.0967747823731	0.0993123515524
gua-	0.171445736976	0.366541207018	0.279532065797	0.182480990209
xal-	0.328627909188	0.519747836365	0.0654864611497	0.0861377932964
ech-	0.616183564928	0.107911861272	0.0274611115647	0.248443462236
zel-	0.209474421106	0.184425823161	0.15150240511	0.454597350623
yon-	0.230733166637	0.616784247187	0.0261207358457	0.12636185033
yin-	0.0	0.557522123894	0.398230088495	0.0442477876106
šao-	0.183473408942	0.231369477968	0.159490413794	0.425666699297
beg-	0.624574331491	0.190308714342	0.0593982024228	0.125718751745
lsi-	0.208913649025	0.58495821727	0.0724233983287	0.133704735376
tio-	0.401008827238	0.47288776797	0.031525851198	0.094577553594
zɉe-	0.362369337979	0.331010452962	0.18118466899	0.12543554007
sos-	0.0813620071685	0.870250896057	0.0322580645161	0.0161290322581
lao-	0.0742354371844	0.0748075816527	0.0118236232304	0.839133357932
don-	0.336283185841	0.663716814159	0.0	0.0
deg-	0.11811023622	0.173228346457	0.11811023622	0.590551181102
ɉoa-	0.569230769231	0.353846153846	0.0769230769231	0.0
bno-	0.633061331929	0.330086864964	0.0210581732035	0.0157936299026
bit-	0.160713414454	0.0719845919363	0.0327244825687	0.734577511041
eba-	0.08	0.84	0.04	0.04
xil-	0.0231587190005	0.920110516902	0.0109315631646	0.0457992009326
leg-	0.372628726287	0.491869918699	0.0135501355014	0.121951219512
ron-	0.0	0.993520518359	0.00647948164145	0.0
bos-	0.565370344216	0.283596655119	0.0520964449407	0.0989365557241
ɉšo-	0.409448818898	0.236220472441	0.307086614173	0.0472440944882
nom-	0.622771977167	0.223310994256	0.0254666781681	0.128450350409
nia-	0.339925382946	0.0988938912765	0.0652504813297	0.495930244448
pot-	0.584607794771	0.287123828318	0.0	0.128268376912
sin-	0.0846986896932	0.212528522234	0.0887332361248	0.614039551948
lap-	0.235756385069	0.764243614931	0.0	0.0
bša-	0.503679280115	0.346058404815	0.0949657831242	0.0552965319458
esa-	0.0	1.0	0.0	0.0
x̱e-	0.186262675902	0.621042651199	0.0297065428282	0.162988130071
əḻa-	0.368647100931	0.105225483178	0.139584824624	0.386542591267
imp-	0.407904411765	0.584742647059	0.0	0.00735294117647
mor-	0.0	0.0261348005502	0.97386519945	0.0
žie-	0.530527946302	0.354976119788	0.11449593391	0.0
ṉe'-	0.333646967584	0.0672270265287	0.021388905521	0.577737100366
xo'-	0.189318124996	0.725134976248	0.0527066200866	0.0328402786694
sis-	0.0	0.973451327434	0.0265486725664	0.0
šgo-	0.0557851239669	0.818181818182	0.0619834710744	0.0640495867769
əca-	0.480473558528	0.315405226633	0.0084756213774	0.195645593462
əbt-	0.52229299363	0.388535031847	0.0891719745223	0.0
orə-	0.430323277179	0.346112322014	0.00855553971196	0.215008861095
aug-	0.0277777777778	0.944444444444	0.0	0.0277777777778
bam-	0.4943273906	0.097244732577	0.350081037277	0.0583468395462
mos-	0.0468970230065	0.842899827693	0.0367020180051	0.0735011312959
xib-	0.451879485421	0.288321595262	0.00535322950299	0.254445689814
xoc-	0.23678255503	0.40372351368	0.281320715902	0.0781732153878
əya-	0.310690423163	0.422048997773	0.0668151447662	0.200445434298
ɉzo-	0.726790450928	0.193633952255	0.0636604774536	0.0159151193634
zbi-	0.262068965517	0.365517241379	0.0	0.372413793104
dor-	0.0555032925682	0.396989651928	0.0620884289746	0.485418626529
fri-	0.0457516339869	0.895424836601	0.0522875816993	0.00653594771242
reg-	0.244221590604	0.662337105164	0.0533276130208	0.0401136912104
ḻei-	0.0681302530243	0.809056757741	0.0250792638186	0.0977337254163
xṉa-	0.0461861441567	0.172848145556	0.772568229531	0.00839748075577
ico-	0.0236305048335	0.949516648765	0.0193340494092	0.00751879699248
toz-	0.0693334571973	0.130753106803	0.129178655429	0.670734780571
bet-	0.237714116952	0.378558771412	0.231925575901	0.151801535735
sob-	0.170898104381	0.590322109059	0.220018517616	0.018761268944
mie-	0.294973331178	0.253272991757	0.0242443833845	0.42750929368
eca-	0.423904560152	0.295462147397	0.0180622142937	0.262571078158
erə-	0.0	1.0	0.0	0.0
dro-	0.0530973451327	0.920353982301	0.0265486725664	0.0
teb-	0.0	0.941792782305	0.058207217695	0.0
jem-	0.0416601653924	0.910750507099	0.0371352785146	0.0104540489936
ran-	0.0283806343906	0.881469115192	0.050083472454	0.0400667779632
gab-	0.388280063706	0.471176771701	0.0768135262342	0.0637296383589
bti-	0.492774224118	0.353233830846	0.059227671168	0.0947642738688
byi-	0.131526542988	0.813164859448	0.0472146564572	0.00809394110693
cam-	0.22804016363	0.679583488286	0.0843436221643	0.0080327259204
nsa-	0.29929509427	0.413914086923	0.1207604685	0.166030350308
yan-	0.359801488834	0.382133995037	0.228287841191	0.029776674938
bad-	0.408468224442	0.375286957158	0.120628133637	0.0956166847623
bgu-	0.268719536377	0.615310808909	0.0445840316246	0.0713856230891
act-	0.0114722753346	0.965583173996	0.0229445506692	0.0
chz-	0.412170185857	0.317544957674	0.0899206611249	0.180364195343
lic-	0.17532874139	0.460864120225	0.319974953037	0.0438321853475
sot-	0.386812784055	0.255207214767	0.0470160559417	0.310963945236
spo-	0.0647482014388	0.865107913669	0.0701438848921	0.0
naš-	0.0	0.247374562427	0.0350058343057	0.717619603267
bži-	0.570164907023	0.149426968612	0.0398898148932	0.240518309471
ɟəz-	0.649484536083	0.350515463917	0.0	0.0
ren-	0.0326086956522	0.902173913043	0.0652173913044	0.0
ḻep-	0.0154100165107	0.873417721519	0.11117226197	0.0
eṉa-	0.546875	0.0	0.0625	0.390625
əde-	0.5	0.345419847328	0.154580152672	0.0
ṉac-	0.393160304486	0.173815342266	0.0344877952867	0.398536557962
ec̱-	0.304	0.072	0.528	0.096
naz-	0.535535033126	0.379809944456	0.0441678377836	0.0404871846349
gal-	0.126884644227	0.756601208367	0.0421709150546	0.0743432323516
nac-	0.17834643929	0.0701868440585	0.0152329323771	0.736233784274
əṉa-	0.434246352283	0.171281441058	0.0674282726245	0.327043934035
əzb-	0.135323131403	0.491589730618	0.341469583913	0.031617554066
cui-	0.221368549653	0.114147782687	0.0398514306996	0.62463223696
soa-	0.361304507145	0.0698973983145	0.0412238915354	0.527574203005
sel-	0.391046741277	0.468609731282	0.0930636184093	0.047279909031
xoz-	0.114683279523	0.826989829173	0.0161581252937	0.0421687660103
sye-	0.151515899055	0.1488763352	0.158620519525	0.540987246219
chə-	0.379328857257	0.417845133753	0.0969363900882	0.105889618902
beɉ-	0.0111662531017	0.934656741108	0.0413564929694	0.0128205128205
me'-	0.121212121212	0.878787878788	0.0	0.0
əba-	0.436552521573	0.341841882382	0.114478720232	0.107126875813
xle-	0.167264714994	0.771299691574	0.0252475041501	0.0361880892818
ḻež-	0.345129672998	0.37557463787	0.0290571602047	0.250238528927
əbs-	0.771936709976	0.135066624892	0.0250198742985	0.0679767908332
mba-	0.242187589914	0.508622347696	0.098274230598	0.150915831793
agr-	0.0110361741263	0.981606376456	0.0	0.00735744941753
xi'-	0.0943169671868	0.649488768962	0.0720816318775	0.184112631973
gwr-	0.0761421319797	0.92385786802	0.0	0.0
ari-	0.0303605313093	0.965844402277	0.0	0.00379506641367
max-	0.414473684211	0.447368421053	0.138157894737	0.0
not-	0.118527172646	0.241103677583	0.0291445607717	0.611224588999
