jer-	0.00808845673967	0.968635718281	0.010411736867	0.0128640881126
liä-	0.157683486238	0.50496941896	0.337347094801	0.0
agu-	0.49328876154	0.192563991376	0.136138570092	0.178008676993
ni'-	0.155115914627	0.11644971715	0.0155794510018	0.712854917221
siu-	0.536196889783	0.245887514045	0.0925765567188	0.125339039454
xpr-	0.250596658711	0.474870138987	0.151340727222	0.123192475081
näj-	0.00843441363834	0.0110812410882	0.00381561920609	0.976668726067
fig-	0.0811826609872	0.8386369331	0.0676522174894	0.0125281884239
del-	0.0745762711865	0.884745762712	0.0406779661017	0.0
son-	0.534636315317	0.239217887043	0.0271964212963	0.198949376344
dug-	0.119800332779	0.663893510815	0.0	0.216306156406
maa-	0.086170978372	0.17114882012	0.237112230597	0.50556797091
jac-	0.0114345114345	0.975513975514	0.00646800646801	0.00658350658351
faḻ-	0.655790605952	0.218716385801	0.043026174256	0.0824668339907
gu'-	0.694014549762	0.261333778837	0.0337165682001	0.0109351032
júp-	0.0	1.0	0.0	0.0
coo-	0.0743801652892	0.925619834711	0.0	0.0
oṟd-	0.0344827586207	0.931034482759	0.0344827586207	0.0
nij-	0.434535965509	0.275470841843	0.0231449965963	0.266848196052
abí-	0.0	1.0	0.0	0.0
mah-	0.0	1.0	0.0	0.0
alm-	0.023178807947	0.927152317881	0.0	0.0496688741722
joe-	0.0	1.0	0.0	0.0
arä-	0.537033794432	0.227105585712	0.0336193311154	0.202241288741
eno-	0.013986013986	0.986013986014	0.0	0.0
sol-	0.113940320283	0.801472887067	0.052627922326	0.0319588703234
red-	0.154355044898	0.406777070415	0.0686643370889	0.370203547599
sga-	0.131968770246	0.436612603907	0.162078469698	0.269340156149
cuä-	0.413119584874	0.221261442373	0.0517188795388	0.313900093214
miḻ-	0.0358414709468	0.214139586572	0.0301357659306	0.719883176551
san-	0.443429314181	0.22650589239	0.0934455314427	0.236619261986
rli-	0.392446784039	0.381189433456	0.11831097998	0.108052802525
sue-	0.00920245398773	0.990797546012	0.0	0.0
yal-	0.0780445969125	0.891938250429	0.0300171526587	0.0
kiḻ-	0.0700934579439	0.866822429907	0.035046728972	0.0280373831776
dil-	0.166567392784	0.0470558202859	0.0142209836624	0.772155803268
ars-	0.371048252912	0.359955629506	0.268996117582	0.0
ele-	0.0	0.977876106195	0.0221238938053	0.0
naḻ-	0.044776119403	0.81592039801	0.0	0.139303482587
bä'-	0.0656455142232	0.91466083151	0.019693654267	0.0
alg-	0.131793220981	0.0415830335164	0.0279492520356	0.798674493467
lac-	0.169783489567	0.120048250949	0.183360996349	0.526807263135
xch-	0.281359592091	0.376969209794	0.124319297665	0.21735190045
nun-	0.301813021859	0.135129937142	0.189094896332	0.373962144666
euf-	0.0	1.0	0.0	0.0
xhi-	0.178234524301	0.186915020878	0.159992952186	0.474857502636
pró-	0.0	1.0	0.0	0.0
abi-	0.546917588708	0.208701116962	0.0595866702725	0.184794624057
ayu-	0.169334456613	0.433866891323	0.0909856781803	0.305812973884
ruy-	0.992248062016	0.0077519379845	0.0	0.0
mil-	0.0872108481786	0.557564477533	0.0592927412922	0.295931932997
dej-	0.166797212348	0.288827298106	0.0397662228113	0.504609266735
tib-	0.0100806451613	0.989919354839	0.0	0.0
gan-	0.340873576697	0.13712106336	0.176452204408	0.345553155535
ju'-	0.624121350421	0.240846763513	0.028473339989	0.106558546077
ari-	0.261408949934	0.666780273338	0.0459084557445	0.0259023209843
bay-	0.441244239631	0.403225806452	0.146889400922	0.00864055299541
mig-	0.0	1.0	0.0	0.0
mas-	0.118314552649	0.321311438415	0.0423881809565	0.51798582798
spe-	0.239543726236	0.425855513308	0.28897338403	0.0456273764259
xse-	0.0824785579248	0.851993605651	0.0271831041076	0.0383447323167
paf-	0.0	1.0	0.0	0.0
mar-	0.0223930363974	0.84921554175	0.00168474255028	0.126706679302
cah-	0.569977934885	0.181294186518	0.071599045346	0.177128833251
abr-	0.01632031335	0.976607550865	0.00217604178	0.00489609400501
tzu-	0.0613683007957	0.145625865677	0.0188755547917	0.774130278735
zaq-	0.026455026455	0.941798941799	0.0	0.031746031746
así-	0.273127753304	0.687224669604	0.0264317180617	0.0132158590308
rää-	0.216783216783	0.671328671329	0.111888111888	0.0
sug-	0.436898151866	0.199369145636	0.0486914885947	0.315041213904
has-	0.0376706953383	0.177523151781	0.0979438078794	0.686862345001
rbe-	0.492875825257	0.363480416259	0.0575084925574	0.0861352659267
zac-	0.0976986539297	0.866261398176	0.0182370820669	0.0178028658272
her-	0.0178653935007	0.878689871143	0.0467169772576	0.0567277580985
ate-	0.0	0.992865636147	0.00713436385257	0.0
xne-	0.244148117832	0.463384131007	0.100185899269	0.192281851892
har-	0.0	0.975609756098	0.0243902439024	0.0
caz-	0.24	0.497142857143	0.0685714285714	0.194285714286
jur-	0.549019607843	0.43137254902	0.0	0.0196078431373
sin-	0.438702422416	0.309530748185	0.06153611525	0.190230714149
rdi-	0.271926651935	0.421417808683	0.22148835533	0.0851671840513
säb-	0.198508643091	0.351824652582	0.392046096486	0.0576206078409
urí-	0.0	1.0	0.0	0.0
dor-	0.0	1.0	0.0	0.0
pat-	0.183581416328	0.802886783942	0.0135317997294	0.0
toe-	0.0	1.0	0.0	0.0
gni-	0.0888888888889	0.562962962963	0.0888888888889	0.259259259259
roy-	0.251700680272	0.519274376417	0.0680272108843	0.160997732426
rsl-	0.664772727273	0.0340909090909	0.0681818181818	0.232954545455
der-	0.0104347826087	0.989565217391	0.0	0.0
laj-	0.161344752567	0.311429548982	0.0393987111701	0.487826987281
siḻ-	0.58020945483	0.251247920133	0.0886757365176	0.0798668885192
saa-	0.228395061728	0.746913580247	0.0	0.0246913580247
jor-	0.0	1.0	0.0	0.0
bäj-	0.118414807784	0.843799058085	0.00766675185279	0.0301193822789
biä-	0.639599665484	0.15279173337	0.0461875314841	0.161421069662
nuc-	0.629932842981	0.232917599403	0.0611875066624	0.0759620509541
siä-	0.473584441154	0.150755847498	0.0343334761665	0.341326235182
guu-	0.395369867969	0.471694700669	0.119370591427	0.0135648399349
bi'-	0.115533933663	0.467242295858	0.284002126391	0.133221644087
ḻe'-	0.262901655307	0.552093476144	0.185004868549	0.0
jam-	0.129032258065	0.870967741935	0.0	0.0
niu-	0.521827772283	0.199755348498	0.0713133100828	0.207103569136
ṟob-	0.480582524272	0.470873786408	0.0485436893204	0.0
gaṟ-	0.234601449275	0.692028985507	0.0	0.0733695652174
boc-	0.164556962025	0.759493670886	0.0759493670886	0.0
nig-	0.084934294889	0.653826235644	0.0208350857964	0.240404383671
por-	0.134916121695	0.257037247654	0.0352573215809	0.57278930907
goj-	0.385007257854	0.343738268555	0.0699663385735	0.201288135018
alf-	0.0	1.0	0.0	0.0
pas-	0.0890522875817	0.860021786492	0.0247821350762	0.0261437908497
cos-	0.271718480265	0.388687693863	0.21070225283	0.128891573041
rmo-	0.413793103448	0.51724137931	0.0689655172414	0.0
sig-	0.107323035564	0.0875038957527	0.101720156785	0.703452911898
plo-	0.0	0.0	1.0	0.0
xtz-	0.239329434614	0.436491535811	0.0665392741335	0.257639755442
oor-	0.0077965263891	0.690453187139	0.279506594468	0.0222436920035
ped-	0.0161868025899	0.832602787762	0.00355671329635	0.147653696352
say-	0.385592266721	0.471873626904	0.0270064622606	0.115527644115
che-	0.143342391687	0.0238440623107	0.00322446161439	0.829589084388
gug-	0.474231792887	0.399709654004	0.036535204452	0.0895233486571
epa-	0.0286862852236	0.846323472016	0.0737647334322	0.051225509328
sap-	0.358585858586	0.5	0.0707070707071	0.070707070707
asi-	0.226252031727	0.51333714982	0.0461291801118	0.214281638341
dia-	0.489778360933	0.101627628104	0.00901167191746	0.399582339046
nan-	0.121757128004	0.0515940741577	0.0159625420832	0.810686255755
gax-	0.292624498279	0.504148620564	0.0533054114512	0.149921469706
nux-	0.456401355484	0.282833292008	0.199603272998	0.0611620795107
ṉat-	0.597285067873	0.185520361991	0.162895927602	0.0542986425339
rer-	0.0928355196771	0.866801210898	0.0302724520686	0.0100908173562
nuz-	0.536107799574	0.308117481305	0.0788988837108	0.0768758354106
nis-	0.102324533659	0.791593816301	0.0371464023257	0.0689352477137
tér-	0.133474576271	0.822033898305	0.0317796610169	0.0127118644068
spr-	0.0175865939322	0.954285090458	0.0206569983045	0.00747131730582
bir-	0.4301475993	0.114427556819	0.0283716291493	0.427053214732
tol-	0.00594858721053	0.976205651158	0.0	0.0178457616316
lei-	0.040231148735	0.855126637074	0.0337653057018	0.0708769084887
cue-	0.361808983313	0.395678137311	0.108622646856	0.13389023252
gaḻ-	0.200181535991	0.249911994158	0.055210812803	0.494695657048
arc-	0.155478775913	0.763079960513	0.0592300098716	0.0222112537019
mir-	0.149174214172	0.806872669153	0.0439531166756	0.0
isa-	0.00652706010335	0.986945879793	0.00108784335056	0.00543921675279
tee-	0.179310344828	0.737931034483	0.0413793103448	0.0413793103448
eut-	0.0	1.0	0.0	0.0
pud-	0.0	1.0	0.0	0.0
dio-	0.10232930692	0.558945002623	0.00735376104495	0.331371929412
xam-	0.0940341691926	0.846031964729	0.0237668779278	0.036166988151
bab-	0.0260532150776	0.911862527716	0.0288248337029	0.0332594235034
ita-	0.0	0.884057971014	0.115942028986	0.0
se'-	0.0805915356376	0.817171157443	0.0752233843596	0.0270139225601
rca-	0.321313871497	0.315420016196	0.123178415533	0.240087696775
láz-	0.00446518748472	0.930045396073	0.0	0.0654894164426
cac-	0.486274437804	0.296527835152	0.0499083534527	0.16728937359
moi-	0.119815084445	0.787185333736	0.0127133259465	0.0802862558721
oṟt-	0.286885245902	0.229508196721	0.434426229508	0.0491803278689
sux-	0.591742872688	0.275038815658	0.0472130238034	0.0860052878503
rio-	0.0911044367934	0.113080848778	0.713745024784	0.0820696896443
mee-	0.201303127263	0.60576810281	0.0599230218476	0.13300574808
biu-	0.441105332206	0.26524431022	0.0548060296659	0.238844327908
rid-	0.443438914027	0.162895927602	0.0814479638009	0.31221719457
be'-	0.0757363253857	0.806451612903	0.0673211781206	0.0504908835904
roo-	0.595828093794	0.340705673496	0.0213033508396	0.04216288187
jud-	0.0211947562603	0.947234334078	0.00214088447074	0.0294300251911
nu'-	0.551020408163	0.257787325456	0.19119226638	0.0
xṟe-	0.17578125	0.683994391026	0.0801282051282	0.0600961538461
yäl-	0.326194995175	0.515959283215	0.0840040454516	0.0738416761584
uzí-	0.0	1.0	0.0	0.0
cis-	0.0	1.0	0.0	0.0
mal-	0.456849634583	0.325066086145	0.0625874669569	0.155496812315
teṟ-	0.732026143791	0.18954248366	0.078431372549	0.0
ṟii-	0.504688901574	0.175715567153	0.12134061812	0.198254913153
sab-	0.102796808732	0.764184239404	0.0671174778302	0.0659014740339
pát-	0.0	1.0	0.0	0.0
ens-	0.314685314685	0.370629370629	0.034965034965	0.27972027972
gäj-	0.100601421542	0.79114270093	0.0328048113723	0.0754510661564
nin-	0.445629656333	0.375946887767	0.0967483777938	0.0816750781062
däj-	0.531392874926	0.466230591644	0.00237653342991	0.0
su'-	0.143312101911	0.221161466436	0.0956514720126	0.539874959641
xsi-	0.110544217687	0.889455782313	0.0	0.0
hui-	0.605438191605	0.192122945559	0.0337849826914	0.168653880144
guc-	0.497232759157	0.215986449552	0.101801297598	0.184979493694
rch-	0.4309944725	0.261777201834	0.175586563374	0.131641762292
sir-	0.300256333279	0.571082175105	0.064429716186	0.0642317754296
xqu-	0.233711710192	0.621182170309	0.0383852002835	0.106720919215
zij-	0.123382373947	0.411684045136	0.10478503071	0.360148550207
pub-	0.030303030303	0.914141414141	0.040404040404	0.0151515151515
xer-	0.176991150442	0.52802359882	0.0	0.294985250737
esr-	0.0	1.0	0.0	0.0
egi-	0.0280341880342	0.829173789174	0.0697435897436	0.0730484330484
yu'-	0.279503235718	0.122601650529	0.0183176620111	0.579577451742
and-	0.104214123007	0.628701594533	0.107346241458	0.159738041002
apa-	0.463087248322	0.0402684563758	0.201342281879	0.295302013423
ALL	0.232429223833	0.286927890346	0.0520257858315	0.428617099989
ana-	0.487806769947	0.243999913814	0.0771265432763	0.191066772963
ast-	0.295664913099	0.295465139508	0.0572684291137	0.351601518279
rah-	0.0	1.0	0.0	0.0
nii-	0.0	1.0	0.0	0.0
sta-	0.359618837177	0.311697279381	0.0348018229526	0.293882060489
cil-	0.0	1.0	0.0	0.0
per-	0.0784403016935	0.139063611783	0.047986338409	0.734509748114
sej-	0.468401913032	0.396760187777	0.0438146033985	0.0910232957927
cal-	0.398845915576	0.278107895525	0.256942720382	0.0661034685179
suq-	0.477272727273	0.431818181818	0.0426136363636	0.0482954545454
big-	0.564477642467	0.258945995927	0.0662161356024	0.110360226004
rur-	0.493087557604	0.479262672811	0.0	0.0276497695852
lon-	0.13807856865	0.780241151303	0.0291715285881	0.0525087514585
zor-	0.0	1.0	0.0	0.0
xai-	0.129390018484	0.668786923272	0.0201696205285	0.181653437715
tel-	0.488054607509	0.133105802048	0.0204778156996	0.358361774744
sob-	0.744497798611	0.118798743226	0.0169044302317	0.119799027932
gaa-	0.522463166862	0.195320935955	0.0572141457931	0.22500175139
spo-	0.0	1.0	0.0	0.0
lid-	0.0	1.0	0.0	0.0
guy-	0.456803918632	0.113739052803	0.119231107106	0.310225921459
gas-	0.366220735786	0.173076923077	0.137123745819	0.323578595318
mes-	0.0160427807487	0.887700534759	0.0213903743315	0.0748663101605
tie-	0.0666929133022	0.719963070559	0.0443503889414	0.168993627197
far-	0.018579625465	0.96187393598	0.0145021963471	0.0050442422077
moo-	0.16499330656	0.241800535475	0.0396586345382	0.553547523427
reo-	0.269662921348	0.426966292135	0.23595505618	0.0674157303371
si'-	0.158542616142	0.0475223617669	0.024524891142	0.769410130949
cru-	0.281826562013	0.365508967424	0.00589694578877	0.346767524774
rud-	0.433969343097	0.338088361752	0.0770799871925	0.150862307958
zuj-	0.411847672779	0.277856135402	0.267983074753	0.0423131170663
xpa-	0.293617530795	0.485788183299	0.0646140686088	0.155980217297
gos-	0.616852146264	0.116057233704	0.0	0.267090620032
xcu-	0.107515117592	0.0919011443779	0.014529779311	0.786053958719
lev-	0.0225527831094	0.973608445298	0.00287907869482	0.000959692898273
reṉ-	0.112035255416	0.837688535783	0.0391037179568	0.0111724908448
xni-	0.189254371273	0.256916996047	0.519662356803	0.0341662758759
num-	0.607028453226	0.224218954739	0.0437242863794	0.125028305655
buṟ-	0.0914978924643	0.749665878483	0.0215893903568	0.137246838696
nej-	0.155076880454	0.467793323175	0.0707161656739	0.306413630697
adi-	0.0	1.0	0.0	0.0
rba-	0.420090573756	0.294264270845	0.15722581352	0.128419341879
saú-	0.541850220264	0.418502202643	0.0132158590308	0.0264317180616
bin-	0.196262842538	0.645023502655	0.110747458134	0.0479661966728
suj-	0.339691662297	0.222007341374	0.0814682747772	0.356832721552
rxe-	0.111587982833	0.453505007153	0.377682403434	0.0572246065808
riy-	0.361493123772	0.459724950884	0.0117878192534	0.16699410609
arm-	0.0	1.0	0.0	0.0
suc-	0.409271690606	0.361440796003	0.113930544558	0.115356968833
gaj-	0.205673826261	0.0953280215903	0.0377785706326	0.661219581517
sec-	0.386206896552	0.595402298851	0.0	0.0183908045977
jii-	0.52302723172	0.133374171632	0.0718382803364	0.271760316311
rgo-	0.442196531792	0.491329479769	0.0	0.0664739884393
jai-	0.0895008605851	0.826161790017	0.0172117039587	0.067125645439
gaṉ-	0.236184373197	0.669161584109	0.0593165334212	0.0353375092722
tal-	0.0	1.0	0.0	0.0
lis-	0.0201117318436	0.977281191806	0.00111731843575	0.00148975791434
güi-	0.438410860451	0.322020363346	0.081453383909	0.158115392294
ami-	0.00985221674877	0.92118226601	0.0	0.0689655172414
alb-	0.0718562874252	0.712574850299	0.215568862275	0.0
sóp-	0.0208333333333	0.916666666667	0.0625	0.0
zaf-	0.0	1.0	0.0	0.0
sud-	0.466588281428	0.220260337111	0.101004055182	0.212147326279
lud-	0.646370023419	0.353629976581	0.0	0.0
taz-	0.497041420118	0.502958579882	0.0	0.0
loc-	0.297872340425	0.567375886525	0.13475177305	0.0
pon-	0.0514112903225	0.930443548387	0.0	0.0181451612903
req-	0.462128296241	0.299607256405	0.00654572657564	0.231718720778
gól-	0.0	0.988826815642	0.0	0.0111731843575
rap-	0.448916054062	0.151339834232	0.142404569025	0.257339542681
chi-	0.462766472638	0.329995916856	0.153511029237	0.0537265812688
bui-	0.048	0.424	0.0	0.528
nuṟ-	0.554794520548	0.342465753425	0.041095890411	0.0616438356164
ben-	0.431855056331	0.180529581954	0.071220787085	0.31639457463
dió-	0.371794871795	0.594017094017	0.00854700854699	0.025641025641
xti-	0.0974961215864	0.290188950427	0.0307936932468	0.58152123474
seg-	0.176706827309	0.4859437751	0.204819277108	0.132530120482
sti-	0.059942863585	0.197571582429	0.125930385683	0.616555168303
guṟ-	0.419664938173	0.421579577184	0.0295173514161	0.129238133227
már-	0.0	1.0	0.0	0.0
biḻ-	0.734586949129	0.240021663287	0.00846379586132	0.0169275917226
caq-	0.391206508568	0.476371819283	0.0882811147654	0.0441405573827
lam-	0.127667574213	0.758020843953	0.0302473945059	0.084064187328
nar-	0.0535924907394	0.0196474743854	0.001899058322	0.924860976553
gat-	0.8125	0.09375	0.09375	0.0
nut-	0.505822777349	0.232807949037	0.168332539281	0.093036734333
yud-	0.174080980288	0.439930740543	0.208577517315	0.177410761854
nit-	0.486707398038	0.231624240489	0.080123706835	0.201544654638
cua-	0.506629767431	0.264374001281	0.030165718781	0.198830512507
dám-	0.0	1.0	0.0	0.0
ṟo'-	0.0	0.407279029463	0.474870017331	0.117850953206
ṟen-	0.14375	0.85625	0.0	0.0
sat-	0.2944853762	0.617548559946	0.03527573119	0.0526903326635
gur-	0.650153237147	0.174707330636	0.0668077325075	0.108331699709
sió-	0.0299550673989	0.953569645532	0.0	0.0164752870694
esl-	0.0	1.0	0.0	0.0
ani-	0.396492512104	0.263174192096	0.0160454903727	0.324287805427
rla-	0.368718989215	0.114773214648	0.0362839889322	0.480223807205
gud-	0.555308407293	0.212988385349	0.0402684259668	0.191434781391
loä-	0.0184996188334	0.00698267492073	0.000670455984565	0.973847250261
nib-	0.587501814612	0.234834406398	0.0880243268629	0.0896394521264
rex-	0.117778396404	0.55821128095	0.0354520989494	0.288558223696
sun-	0.471315269804	0.236033454729	0.0531738078384	0.239477467628
rdo-	0.285714285714	0.633532013074	0.0346087290906	0.0461449721207
eub-	0.0	1.0	0.0	0.0
rea-	0.0585999181238	0.813955981831	0.0107218745736	0.116722225471
cag-	0.616369276135	0.251726017652	0.0489910270888	0.0829136791247
ahu-	0.375640358097	0.349698506811	0.0768849622923	0.1977761728
bix-	0.175030933084	0.62768407405	0.143032211849	0.0542527810175
doc-	0.0200242718447	0.951152912621	0.0242718446602	0.00455097087379
ban-	0.554448567912	0.233125064333	0.0312804136534	0.181145954102
o'n-	0.0662093171665	0.0784939374601	0.00957243139757	0.845724313976
iig-	0.061804697157	0.86732591677	0.00494437577255	0.0659250103008
adr-	0.19957537155	0.63906581741	0.16135881104	0.0
rom-	0.040389114641	0.71321265854	0.234577022534	0.0118212042852
yug-	0.21511627907	0.735049833887	0.014950166113	0.0348837209302
azo-	0.0	1.0	0.0	0.0
huä-	0.206898748473	0.401838199098	0.030086466013	0.361176586417
rde-	0.350677815976	0.319872093198	0.0690576631487	0.260392427677
ter-	0.208919156415	0.609841827768	0.082381370826	0.0988576449912
lia-	0.153846153846	0.820512820513	0.025641025641	0.0
xiṉ-	0.32	0.608888888889	0.0711111111111	0.0
did-	0.174673826242	0.502630893106	0.180630852075	0.142064428578
yej-	0.0996364355354	0.211122132704	0.0167564007007	0.67248503106
xpä-	0.328133285768	0.619223463849	0.0269965386581	0.0256467117252
bal-	0.338552540218	0.431356018842	0.0998802202296	0.13021122071
arq-	0.16091954023	0.83908045977	0.0	0.0
ale-	0.0403496973772	0.866173503699	0.0894418291863	0.00403496973773
sid-	0.381926714055	0.256878783444	0.0513194857896	0.309875016711
xoṟ-	0.56289640592	0.199260042283	0.0977801268499	0.140063424947
luc-	0.0191326530612	0.950255102041	0.0	0.0306122448979
biq-	0.264874592284	0.626026318749	0.0376785513441	0.0714205376223
jec-	0.0	1.0	0.0	0.0
doj-	0.204775348146	0.567855685594	0.106998152556	0.120370813703
dec-	0.194244604317	0.598150051387	0.0308324768757	0.17677286742
bic-	0.330473352898	0.482358475772	0.0947601872802	0.0924079840499
jeu-	0.28125	0.6875	0.03125	0.0
xli-	0.150609580373	0.465348519591	0.245085140774	0.138956759263
eli-	0.0251449028299	0.949284009547	0.0	0.0255710876236
xua-	0.0	1.0	0.0	0.0
soo-	0.542049503843	0.257232848451	0.143298729291	0.057418918415
ala-	0.413892007812	0.212679796297	0.0771068693759	0.296321326515
di'-	0.333853880893	0.288763207136	0.0720888025999	0.305294109371
nag-	0.463069898054	0.17743954708	0.158240067131	0.201250487736
col-	0.306542772296	0.472171663952	0.181051824887	0.0402337388639
caḻ-	0.170212765957	0.595744680851	0.191489361702	0.0425531914894
ene-	0.0	1.0	0.0	0.0
pan-	0.0	0.990115321252	0.0	0.00988467874794
rdx-	0.317181977198	0.420837791007	0.155712464033	0.106267767762
säs-	0.550992155053	0.271804337794	0.0802953391786	0.0969081679741
nie-	0.583778889573	0.191535398795	0.0392120445285	0.185473667104
dig-	0.247805540895	0.181604760778	0.115379715736	0.45520998259
tor-	0.153237206672	0.631891433418	0.166808029403	0.0480633305061
roj-	0.0	0.0420775805391	0.954635108481	0.00328731097962
nug-	0.656584286241	0.247510143858	0.0206565842862	0.0752489856141
lin-	0.044373284538	0.790942360476	0.130375114364	0.0343092406221
dux-	0.4	0.438461538461	0.0692307692308	0.0923076923077
baa-	0.113925747219	0.741247077395	0.0432619994341	0.101565175952
lir-	0.586134453782	0.365546218487	0.0189075630252	0.0294117647059
rul-	0.285587279276	0.466885706756	0.0898884301151	0.157638583853
mai-	0.0	1.0	0.0	0.0
pen-	0.0291262135922	0.95145631068	0.0194174757281	0.0
doḻ-	0.346683354193	0.300375469337	0.266583229036	0.0863579474343
rab-	0.0	0.875	0.0	0.125
ape-	0.0	1.0	0.0	0.0
éfe-	0.0	0.988608045568	0.00427198291207	0.00711997152011
ba--	0.221153846154	0.673076923077	0.0192307692308	0.0865384615385
bac-	0.465441269511	0.348752451007	0.0441417626062	0.141664516876
rec-	0.131868578098	0.499621754458	0.0574745229444	0.3110351445
xtu-	0.105812220566	0.612518628912	0.249478390462	0.0321907600596
lab-	0.0835913312693	0.219814241486	0.547987616099	0.148606811145
rät-	0.0	0.893254262417	0.0533728687917	0.0533728687917
sää-	0.664354867101	0.0420700580884	0.016405562401	0.27716951241
xlä-	0.487993803253	0.425251742835	0.0650658404336	0.0216886134779
fix-	0.453798767967	0.220739219713	0.0266940451746	0.298767967146
tia-	0.0	1.0	0.0	0.0
nui-	0.731867410568	0.167377748605	0.0318345914014	0.0689202494257
car-	0.192323605232	0.237091966095	0.0233919989816	0.547192429691
rod-	0.17559432994	0.496685067547	0.0805570196122	0.247163582901
rux-	0.525357407083	0.329293482212	0.0662598305657	0.0790892801396
bas-	0.543206754061	0.245521346419	0.0773100418957	0.133961857624
dir-	0.0959679566532	0.0377888119723	0.027647630376	0.838595600999
sit-	0.281571851655	0.399725942625	0.309419617204	0.0092825885161
ruq-	0.149964463397	0.824449182658	0.0213219616205	0.0042643923241
do'-	0.575265459088	0.107432854466	0.00374765771393	0.313554028732
le'-	0.128045176965	0.716002363911	0.0850351303434	0.0709173287807
pól-	0.0906630581867	0.882273342355	0.0270635994587	0.0
oné-	0.0116054158607	0.941972920696	0.0	0.0464216634429
rlo-	0.908683974933	0.0913160250672	0.0	0.0
yar-	0.495535714286	0.133928571429	0.178571428571	0.191964285714
bax-	0.694685382673	0.182918254132	0.0265964558578	0.0957999073373
ree-	0.175421660537	0.0899134584662	0.00507828167808	0.729586599319
riu-	0.54089061204	0.238560982931	0.0765827607091	0.14396564432
yäs-	0.232220609579	0.525399129173	0.242380261248	0.0
jiu-	0.530319365729	0.153416311929	0.0725502290308	0.243714093312
cai-	0.0164971130052	0.937036018697	0.043167445697	0.00329942260105
xyu-	0.17886587404	0.751616000717	0.0221928898768	0.0473252353664
bij-	0.674507693282	0.202653074147	0.0305515101627	0.0922877224086
ruj-	0.359280817968	0.134726128743	0.0556145415737	0.450378511715
cum-	0.0	0.855421686747	0.0	0.144578313253
can-	0.496163916651	0.257637215575	0.0440184870877	0.202180380686
zab-	0.0	1.0	0.0	0.0
rxo-	0.701863354037	0.0745341614907	0.0372670807453	0.186335403727
lig-	0.280672268908	0.295798319328	0.0302521008403	0.393277310924
ref-	0.0142530835998	0.979534033805	0.00127912288717	0.00493375970763
gap-	0.487263341397	0.2574223976	0.0945012770442	0.160812983959
fis-	0.22338652845	0.388899525726	0.119436881639	0.268277064185
rox-	0.11072586959	0.865115758864	0.020131976289	0.0040263952578
yuä-	0.415730337079	0.466292134832	0.0337078651685	0.0842696629214
sio-	0.390233123569	0.314160137724	0.104623180487	0.19098355822
xme-	0.104603195907	0.65789463296	0.069219655461	0.168282515672
vas-	0.0802469135803	0.845679012346	0.074074074074	0.0
log-	0.111761575306	0.850984566259	0.0372538584353	0.0
nez-	0.0715169288455	0.181795093809	0.0158666734091	0.730821303936
suu-	0.490753210919	0.311319515159	0.115149623887	0.0827776500345
tod-	0.0239985564778	0.917719234933	0.00270660411404	0.0555756044749
met-	0.0463709677419	0.711693548387	0.0665322580645	0.175403225806
rte-	0.197686645636	0.584998247459	0.0630914826498	0.154223624255
mna-	0.0428571428572	0.871428571429	0.0428571428572	0.0428571428572
nef-	0.0	1.0	0.0	0.0
riz-	0.378787878788	0.621212121212	0.0	0.0
ces-	0.0755254720342	0.922337014606	0.0	0.00213751335946
xpe-	0.148961783013	0.427147557953	0.0669692619643	0.35692139707
rej-	0.209215616461	0.701298571411	0.0512607664212	0.038225045706
beb-	0.340659340659	0.0989010989011	0.247252747253	0.313186813187
läi-	0.089111486926	0.593794718356	0.286522700663	0.0305710940549
azu-	0.0377358490566	0.867924528302	0.0566037735849	0.0377358490566
tuä-	0.220338983051	0.762711864407	0.0169491525424	0.0
ruc-	0.478783353601	0.34792019906	0.0543985677278	0.118897879612
cob-	0.0655002243159	0.757738896366	0.155226558995	0.021534320323
mat-	0.0	1.0	0.0	0.0
säj-	0.414438372917	0.381739476468	0.0394056157855	0.164416534829
xii-	0.0379002233805	0.958674609084	0.0	0.00342516753537
tró-	0.0961098398169	0.862700228833	0.0411899313501	0.0
ru'-	0.318239526026	0.461701227253	0.0753279729158	0.144731273805
mba-	0.119182985892	0.151189724152	0.0821225521163	0.64750473784
xi'-	0.0350460320729	0.80654857854	0.00855913298394	0.149846256403
fii-	0.69878143533	0.0863469614563	0.070935413122	0.143936190092
xfa-	0.302541678054	0.582126264007	0.0743372506149	0.0409948073244
par-	0.100860463527	0.037779367215	0.169675538061	0.691684631198
rog-	0.118279569892	0.784946236559	0.0967741935484	0.0
jul-	0.0117073170732	0.988292682927	0.0	0.0
reu-	0.0267335004177	0.923141186299	0.0	0.0501253132832
asc-	0.192114695341	0.13476702509	0.0544802867383	0.618637992832
guh-	0.57077885162	0.40193291643	0.02728823195	0.0
nah-	0.0	1.0	0.0	0.0
duu-	0.513661202186	0.294585196225	0.0571286636861	0.134624937904
baj-	0.078431372549	0.81339502093	0.0907688918264	0.0174047146949
zeu-	0.121789560895	0.82850041425	0.0	0.049710024855
ber-	0.0620269403464	0.882552918538	0.0144964720975	0.0409236690186
bib-	0.376366080299	0.284816784525	0.213897492841	0.124919642335
rag-	0.0	1.0	0.0	0.0
feb-	0.075	0.925	0.0	0.0
anu-	0.551430781129	0.239752513534	0.0959010054137	0.112915699923
amé-	0.0	0.772727272727	0.0524475524476	0.174825174825
tre-	0.286999062095	0.285297760465	0.0305802922213	0.397122885219
lod-	0.121951219512	0.471544715447	0.0	0.406504065041
gay-	0.0261736723076	0.259460539655	0.0388218435624	0.675543944475
org-	0.0363636363636	0.781818181818	0.181818181818	0.0
stl-	0.286956521739	0.0695652173913	0.15652173913	0.486956521739
suz-	0.478145402235	0.364335509572	0.10844306739	0.0490760208034
gob-	0.0324412003244	0.951338199513	0.0162206001622	0.0
aim-	0.433333333333	0.366666666667	0.0333333333333	0.166666666667
dan-	0.0769373722357	0.82876788701	0.0764541906708	0.0178405500836
gre-	0.353817504656	0.567970204842	0.0335195530726	0.0446927374302
reṟ-	0.019787100814	0.953913587977	0.00676268002504	0.0195366311835
rga-	0.23462577514	0.395848974067	0.337662491207	0.0318627595869
cri-	0.0268230591259	0.931717691356	0.00477916420952	0.0366800853081
mis-	0.0	1.0	0.0	0.0
cás-	0.438763376932	0.525564803805	0.0356718192628	0.0
ted-	0.387275672981	0.174705051512	0.0550708984159	0.382948377091
elm-	0.0	1.0	0.0	0.0
sac-	0.351602193763	0.298465739449	0.185737248772	0.164194818017
dzu-	0.239388831463	0.321660055036	0.186267082293	0.252684031208
din-	0.12707032423	0.0185968724849	0.00515646349042	0.849176339795
ṟij-	0.202247191011	0.76404494382	0.0337078651686	0.0
mol-	0.0957786449095	0.880276693863	0.0239446612274	0.0
zel-	0.0	1.0	0.0	0.0
nac-	0.533702152994	0.237401561105	0.097412463321	0.13148382258
rin-	0.372487646942	0.387585963248	0.0976423928877	0.142283996922
xle-	0.0749946115898	0.777875413928	0.0419391644724	0.10519081001
agr-	0.0	0.991362763916	0.00719769673703	0.00143953934741
tio-	0.162203268913	0.101715397922	0.0394857131742	0.696595619991
yur-	0.228472092879	0.692059353076	0.0440802135718	0.0353883404731
sos-	0.328552803129	0.634941329857	0.0	0.0365058670143
luu-	0.298020491396	0.374962697702	0.0726151397592	0.254401671143
don-	0.485510956914	0.0714576823801	0.0411733355627	0.401858025143
ṟoj-	0.0147819660015	0.104397634885	0.842572062084	0.0382483370288
suy-	0.0314960629921	0.228346456693	0.661417322835	0.0787401574803
raj-	0.370202808484	0.209092891771	0.129458847502	0.291245452243
soz-	0.590163934426	0.185792349727	0.125683060109	0.0983606557377
bit-	0.526433265821	0.397201669905	0.0192204356632	0.0571446286116
ser-	0.0143884892086	0.985611510791	0.0	0.0
xil-	0.258553304071	0.571883831399	0.046900366785	0.122662497745
leg-	0.0368098159509	0.855828220859	0.0552147239263	0.0521472392637
ron-	0.361231741019	0.362416107383	0.0355309909199	0.240821160679
rig-	0.622681505035	0.345521992581	0.0	0.0317965023847
rau-	0.511402564951	0.38436774478	0.0748894428113	0.0293402474576
cef-	0.0487804878049	0.90243902439	0.0	0.0487804878049
nia-	0.462977877547	0.204061060444	0.112936043588	0.220025018421
nol-	0.0678077682686	0.0757077024358	0.818959842001	0.0375246872943
lap-	0.0925925925926	0.0	0.814814814815	0.0925925925926
räb-	0.576650943396	0.17177672956	0.110062893082	0.141509433962
esa-	0.559440559441	0.398601398601	0.041958041958	0.0
rso-	0.417789757412	0.477088948787	0.0161725067385	0.088948787062
oni-	0.0324909747292	0.705776173285	0.261732851986	0.0
la'-	0.0310773252983	0.0532711118607	0.00794208156497	0.907709481276
sia-	0.536592505247	0.210449722543	0.0896185776536	0.163339194556
imp-	0.128813559322	0.861941448382	0.00924499229584	0.0
rtz-	0.0	0.6	0.4	0.0
rep-	0.135171777977	0.694758534667	0.102226199192	0.067843488164
sis-	0.463799620403	0.315247085589	0.106655481187	0.114297812821
loy-	0.444915254237	0.313559322034	0.220338983051	0.021186440678
laz-	0.0703839122487	0.132348696238	0.0402193784278	0.757048013086
aug-	0.0360902255639	0.963909774436	0.0	0.0
saj-	0.230129627766	0.114604227977	0.235666852911	0.419599291346
mos-	0.0656718728172	0.700220572176	0.098838372344	0.135269182663
tox-	0.113197932591	0.685520856082	0.0338501856301	0.167431025697
sur-	0.49346895075	0.264668094218	0.157066381156	0.0847965738758
riq-	0.176470588235	0.752941176471	0.0705882352941	0.0
fri-	0.0272727272727	0.913636363636	0.0590909090908	0.0
reg-	0.171176954856	0.643318899879	0.0487963723526	0.136707772912
laḻ-	0.221538217305	0.0624820852939	0.0205142678232	0.695465429578
pla-	0.091555528428	0.841151158177	0.0497451704459	0.0175481429487
mac-	0.0171633640193	0.952670723462	0.00910178394966	0.0210641285692
lo'-	0.0526315789473	0.771929824561	0.175438596491	0.0
tro-	0.0590514082295	0.900743377657	0.0320385299969	0.00816668411685
jaa-	0.0416666666666	0.552083333333	0.0625	0.34375
bet-	0.0256427635443	0.860320365099	0.0100537707288	0.103983100628
cup-	0.498656816656	0.445936870383	0.0554063129617	0.0
lit-	0.134441087613	0.729607250755	0.0634441087613	0.0725075528701
aje-	0.0	0.884615384615	0.115384615385	0.0
pér-	0.0	1.0	0.0	0.0
sal-	0.180195050441	0.763623036766	0.02026040297	0.0359215098225
asu-	0.310916788119	0.315983066139	0.229301131237	0.143799014505
ria-	0.384249663639	0.328765977832	0.161063343803	0.125921014727
neá-	0.0	1.0	0.0	0.0
cim-	0.163328373584	0.795467551791	0.0137346915417	0.0274693830834
xud-	0.0784574468085	0.921542553192	0.0	0.0
ran-	0.290258449304	0.24254473161	0.288270377734	0.178926441352
sod-	0.00467718166398	0.995322818336	0.0	0.0
gab-	0.131095538288	0.515239013594	0.0651488983377	0.288516549781
arl-	0.0468384074941	0.812646370023	0.0	0.140515222482
xhu-	0.190671205191	0.232794383576	0.229496862036	0.347037549197
bad-	0.573459351218	0.145554526714	0.0310748457044	0.249911276363
sán-	0.690647482014	0.26618705036	0.0431654676259	0.0
ruu-	0.212389380531	0.684365781711	0.0176991150442	0.0855457227139
rug-	0.330845771144	0.554007625805	0.0873144523285	0.0278321507218
lic-	0.0794148380355	0.747126436782	0.144200626959	0.0292580982236
xur-	0.31234256927	0.316540722082	0.305625524769	0.0654911838791
guz-	0.529990376806	0.295061627902	0.0968244138053	0.0781235814868
est-	0.0611994029326	0.575467556414	0.0286241109843	0.334708929669
ren-	0.0913459154416	0.13986409882	0.0141160913524	0.754673894386
ro'-	0.150098982511	0.114642149313	0.0237063984458	0.711552469731
cre-	0.0258131130614	0.922560660816	0.0129065565307	0.0387196695921
sul-	0.561262138472	0.243962985624	0.0991748319363	0.0956000439675
lul-	0.0767524252863	0.124224566671	0.689121237785	0.109901770258
asä-	0.710560625815	0.117340286832	0.0	0.172099087353
tab-	0.0	1.0	0.0	0.0
rcu-	0.31040221914	0.316782246879	0.163106796117	0.209708737864
naz-	0.298495744851	0.640807007684	0.0365101980342	0.0241870494315
gal-	0.184613960949	0.454497582987	0.0957110689058	0.265177387158
see-	0.229029052435	0.567849418367	0.0207517390542	0.182369790144
bää-	0.116227373769	0.845665290568	0.0285805017466	0.00952683391554
cui-	0.452367036821	0.336060783168	0.155464640561	0.0561075394506
sel-	0.0	0.981132075472	0.0188679245283	0.0
noé-	0.0473372781065	0.889053254438	0.0547337278106	0.00887573964498
bii-	0.361646234676	0.538528896673	0.0866900175131	0.0131348511383
rix-	0.446495529276	0.328526103259	0.204211133545	0.0207672339198
bän-	0.047619047619	0.639455782313	0.312925170068	0.0
tej-	0.0681682591257	0.183837403654	0.0623805893127	0.685613747908
ati-	0.0434332988625	0.0617028610824	0.0392967942088	0.855567045846
dad-	0.0432172639888	0.80697052645	0.0129607231523	0.136851486409
ung-	0.274576271186	0.725423728814	0.0	0.0
max-	0.0540540540541	0.198198198198	0.747747747748	0.0
rä'-	0.296148657224	0.553144581655	0.0924641918667	0.0582425692541
biṟ-	0.362549800797	0.258964143426	0.0358565737052	0.342629482072
rta-	0.328767123288	0.58904109589	0.027397260274	0.0547945205479
lob-	0.793650793651	0.206349206349	0.0	0.0
axh-	0.363636363636	0.477272727273	0.0	0.159090909091
xco-	0.326431400792	0.547722362262	0.0771966150522	0.048649621894
toc-	0.102790014684	0.809104258444	0.0440528634361	0.0440528634361
cax-	0.276902059689	0.500840689365	0.061475409836	0.16078184111
abb-	0.148148148148	0.740740740741	0.0	0.111111111111
cub-	0.591590526036	0.324846979509	0.0374345781957	0.0461279162601
aii-	0.0590677868975	0.608609791147	0.229509208403	0.102813213552
one-	0.0	1.0	0.0	0.0
daj-	0.0575713177627	0.862018443506	0.0420580884254	0.038352150306
rxh-	0.164869764335	0.329071653468	0.475145501384	0.0309130808129
säd-	0.673590504451	0.281899109792	0.0296735905045	0.0148367952522
gog-	0.0	1.0	0.0	0.0
xtj-	0.0	0.78640776699	0.21359223301	0.0
luḻ-	0.245283018868	0.377358490566	0.377358490566	0.0
xte-	0.0265965945905	0.0352313733228	0.0137877809145	0.924384251172
fue-	0.348837209302	0.344186046512	0.167441860465	0.139534883721
caṉ-	0.504736129905	0.397834912043	0.0162381596752	0.0811907983762
sil-	0.322639410325	0.533336215575	0.0490043778748	0.0950199962245
evo-	0.0	1.0	0.0	0.0
lal-	0.355083459788	0.261760242792	0.18588770865	0.197268588771
xma-	0.0591416302832	0.706980104506	0.17776092284	0.056117342371
nad-	0.258611457194	0.335884334715	0.23519286023	0.17031134786
ri'-	0.114167663368	0.110579536805	0.775252799826	0.0
raṉ-	0.185070943862	0.336829117829	0.359654534238	0.118445404072
cad-	0.208722114638	0.165983076774	0.034927639168	0.590367169419
gus-	0.557858053371	0.216464382204	0.0746023379002	0.151075226526
rgu-	0.566234470402	0.28046158561	0.0673283198566	0.0859756241307
gau-	0.606451546184	0.269903547802	0.0237745694023	0.0998703366118
him-	0.0	0.858585858586	0.0	0.141414141414
acu-	0.431291808352	0.33619312606	0.111959657275	0.120555408313
ga'-	0.524115637081	0.215856884969	0.075184265725	0.184843212225
rei-	0.0953166226913	0.809432717678	0.0675461741425	0.0277044854881
neg-	0.0	0.962732919255	0.0	0.0372670807453
run-	0.346849958124	0.232007745032	0.107272598137	0.313869698707
goo-	0.573051624477	0.391070360773	0.0179390073749	0.0179390073749
sau-	0.109573325881	0.635231133532	0.00397111382389	0.251224426762
sín-	0.0	1.0	0.0	0.0
rän-	0.560747663551	0.345794392523	0.0747663551403	0.018691588785
esm-	0.010768126346	0.86360373295	0.125628140704	0.0
dän-	0.0	0.85	0.1	0.05
pri-	0.0254237288136	0.76779661017	0.11186440678	0.0949152542372
diz-	0.172618172064	0.0885697858676	0.034179024632	0.704633017436
dij-	0.489604989605	0.468468468468	0.0252945252945	0.016632016632
xmo-	0.134466257931	0.704460490056	0.0433658755421	0.117707376471
ruṟ-	0.415224913495	0.240484429066	0.323529411765	0.0207612456748
ṉia-	0.254491017964	0.610778443114	0.0	0.134730538922
naq-	0.339285714286	0.273214285714	0.0178571428572	0.369642857143
gol-	0.663124754034	0.151515151515	0.114521841795	0.0708382526564
ela-	0.04	0.96	0.0	0.0
re'-	0.20873734109	0.424692954105	0.124865330748	0.241704374057
sba-	0.0739910313901	0.184977578475	0.567264573991	0.173766816143
yoj-	0.119205298013	0.668874172185	0.211920529801	0.0
xnu-	0.566371681416	0.238938053097	0.0530973451327	0.141592920354
bai-	0.0813283632667	0.898339545917	0.0203320908167	0.0
arp-	0.076379066478	0.923620933522	0.0	0.0
itu-	0.0	0.990476190476	0.00952380952381	0.0
soḻ-	0.789844851904	0.188998589563	0.0	0.0211565585331
cap-	0.0452557200538	0.935060565276	0.0085800807537	0.0111036339166
fen-	0.0047619047619	0.966666666667	0.0190476190476	0.0095238095238
rui-	0.879310344828	0.103448275862	0.0172413793103	0.0
spa-	0.0291686922703	0.92950899368	0.0251174850106	0.016204829039
que-	0.0545862754508	0.183155378076	0.0229442311647	0.739314115308
gul-	0.446632227606	0.223751955755	0.0952414130519	0.234374403587
nal-	0.335324680761	0.233699031404	0.0698345093053	0.36114177853
las-	0.113056736588	0.304919725826	0.0323237264839	0.549699811102
toj-	0.0232825524576	0.969818913481	0.00344926703076	0.00344926703076
rob-	0.232989690722	0.655670103093	0.019793814433	0.0915463917526
ric-	0.4710910034	0.296530459339	0.117197856031	0.115180681229
tud-	0.287529614473	0.117488692656	0.46037045014	0.134611242731
sie-	0.386966917816	0.309642569767	0.162736366629	0.140654145788
rqu-	0.456110727808	0.322446437383	0.0971887997218	0.124254035087
fle-	0.176842105263	0.814736842105	0.0	0.00842105263156
ṉaa-	0.118562505891	0.75217911129	0.0111125994057	0.118145783413
daa-	0.416922698783	0.472778665356	0.0660562861005	0.0442423497603
tap-	0.0932400932401	0.204869204869	0.01554001554	0.686350686351
bej-	0.208116250348	0.377137285625	0.0272348435184	0.387511620509
ṟoo-	0.689441352061	0.245955065901	0.0403772387737	0.0242263432642
mor-	0.0	0.0141509433962	0.985849056604	0.0
ame-	0.245694603904	0.152123995408	0.0577879831611	0.544393417528
coj-	0.303649635036	0.588807785888	0.047201946472	0.0603406326035
laä-	0.0105120538217	0.964959820594	0.0	0.024528125584
teg-	0.0113528855251	0.161778618732	0.0	0.826868495743
squ-	0.0131444428217	0.868555571783	0.0350518475245	0.0832481378706
pre-	0.173096169593	0.75539077427	0.0633245382586	0.00818851787829
com-	0.0844872095752	0.766956113588	0.0830790894157	0.0654775874208
vis-	0.0510204081633	0.826530612245	0.0	0.122448979592
mag-	0.0211466165414	0.96757518797	0.00281954887218	0.00845864661655
sä'-	0.620570327215	0.129309211967	0.0245302028122	0.225590258005
job-	0.105386416862	0.754098360656	0.0351288056206	0.105386416862
chä-	0.304521780523	0.483052947345	0.073686686809	0.138738585324
bäz-	0.174830040846	0.572120436153	0.178733708624	0.0743158143774
elí-	0.0266256827764	0.96797441276	0.00290764086481	0.00249226359841
aqu-	0.00680272108843	0.981859410431	0.00453514739229	0.00680272108844
tuc-	0.316455696203	0.189873417722	0.26582278481	0.227848101266
elo-	0.0	0.989864864865	0.0101351351351	0.0
dru-	0.0	1.0	0.0	0.0
neṉ-	0.036806292716	0.0141729000042	0.00320461754229	0.945816189737
nil-	0.128976554555	0.0278990057798	0.00918622127048	0.833938218395
rsu-	0.323404255319	0.434042553191	0.0	0.242553191489
dob-	0.0	1.0	0.0	0.0
xca-	0.412955331219	0.318571145261	0.0547557715436	0.213717751977
leb-	0.0625	0.875	0.03125	0.03125
rij-	0.459738434999	0.300556993437	0.0442848402889	0.195419731275
xla-	0.0868652294428	0.62910513513	0.185766075849	0.0982635595778
scl-	0.631461585242	0.240827082911	0.0425704439489	0.0851408878978
ram-	0.0458015267176	0.908396946565	0.0	0.0458015267176
yää-	0.0323088779546	0.917018832025	0.00948517517932	0.0411871148412
yaj-	0.131248054777	0.696763149704	0.0301120448179	0.1418767507
