-hem	0.00461627236006	0.99538372764	0.0	0.0
-lem	0.0104695574028	0.973444169849	0.000539204673106	0.0155470680746
-aus	0.130389789583	0.630562262849	0.239047947568	0.0
-oya	0.250287026406	0.636050516648	0.0861079219289	0.0275545350172
-zip	0.00631578947368	0.921403508772	0.0715789473684	0.000701754385966
-aua	0.00546448087434	0.978142076503	0.0	0.016393442623
-zia	0.0958083832335	0.880239520958	0.0239520958084	0.0
-nti	0.0533610533611	0.932778932779	0.005544005544	0.00831600831599
-nto	0.0277442702051	0.899879372738	0.00723763570566	0.065138721351
-nta	0.137404580153	0.679389312977	0.0458015267176	0.137404580153
-nte	0.0666666666666	0.933333333333	0.0	0.0
-pra	0.117824773414	0.845921450151	0.0181268882175	0.0181268882175
-neu	0.40652857892	0.296276874672	0.150498164657	0.146696381751
-opu	0.431323831681	0.384855155686	0.0850874556293	0.0987335570039
-pao	0.104029566911	0.805649936269	0.0610377740943	0.0292827227251
-opo	0.0371819960861	0.89530332681	0.00293542074364	0.0645792563601
-opi	0.882625625811	0.0706471351752	0.0155757463378	0.0311514926757
-ope	0.235838463224	0.156836773436	0.0518849909058	0.555439772434
-opa	0.0734411085451	0.875288683603	0.0443418013857	0.00692840646652
-ims	0.0170454545455	0.477272727273	0.0227272727273	0.482954545454
-imu	0.0	1.0	0.0	0.0
-gko	0.218281036835	0.465211459755	0.242837653479	0.0736698499318
-dek	0.0395785718267	0.911923741569	0.0150510061876	0.033446680417
-gki	0.0447058823529	0.953725490196	0.0	0.00156862745098
-den	0.0952380952381	0.904761904762	0.0	0.0
-400	0.217983651226	0.316076294278	0.0299727520436	0.435967302452
-ima	0.25456466325	0.516712500402	0.145756971032	0.0829658653156
-oko	0.0881131960617	0.0641060887656	0.01978682622	0.827993888953
-atu	0.0306286907853	0.014065248426	0.0144842075336	0.940821853255
-ime	0.078125	0.100446428571	0.821428571429	0.0
-kim	0.0	1.0	0.0	0.0
-oka	0.0965485909066	0.105931448895	0.50702392063	0.290496039569
-imo	0.0557906887264	0.934974990381	0.0	0.00923432089265
-obo	0.100624107903	0.808362345365	0.0280523304907	0.062961216241
-idi	0.0387130224386	0.840135956448	0.0575510556788	0.0635999654348
-oba	0.11737424755	0.20252219628	0.0922793475326	0.587824208637
-obe	0.0683910309158	0.0844408974424	0.0289360360472	0.818232035595
-bia	0.0385852090032	0.93729903537	0.0144694533762	0.00964630225079
-bim	0.25	0.694444444444	0.0138888888889	0.0416666666667
-obu	0.113912279795	0.875238931653	0.0108487885519	0.0
-100	0.00258799171842	0.134575569358	0.0910973084887	0.771739130435
-uta	0.428140557731	0.27627657216	0.108216808576	0.187366061532
-tet	0.0692840646651	0.849884526559	0.0277136258661	0.0531177829099
-ute	0.753640776699	0.152912621359	0.0509708737864	0.0424757281553
-rio	0.0493670886076	0.910126582278	0.032911392405	0.00759493670886
-ril	0.0	0.818210710313	0.181789289687	0.0
-uti	0.500683060109	0.303278688525	0.0430327868853	0.153005464481
-uto	0.586759075315	0.243998851261	0.040599850498	0.128642222926
-eru	0.449739389427	0.204020848846	0.261355174981	0.0848845867461
-rit	0.0136054421769	0.959183673469	0.0	0.0272108843537
-ris	0.0104529616725	0.909407665505	0.0592334494773	0.0209059233449
-utu	0.408311875502	0.358479659477	0.0749397554183	0.158268709602
-tei	0.524029630594	0.235471214047	0.0639516848761	0.176547470482
-ten	0.267748478702	0.630831643002	0.0365111561866	0.0649087221095
-are	0.143163943861	0.149140557534	0.0428597506007	0.664835748005
-ara	0.0860708692093	0.190378927943	0.0273491922339	0.696201010614
-mes	0.190476190476	0.809523809524	0.0	0.0
-rao	0.337856152211	0.423148113969	0.132631268094	0.106364465725
-gye	0.4078125	0.5921875	0.0	0.0
-aro	0.123941020413	0.718813785899	0.0182955529449	0.138949640742
-lut	0.704225352113	0.295774647887	0.0	0.0
-ari	0.50868090641	0.251917011182	0.0403164592422	0.199085623166
-gya	0.151442307692	0.408653846154	0.237980769231	0.201923076923
-aru	0.260038240918	0.645315487572	0.0248565965584	0.0697896749522
-mea	0.030303030303	0.954545454545	0.0151515151515	0.0
-mel	0.0390725011966	0.95224472076	0.00868277804369	0.0
-meo	0.0	0.210606833248	0.752677205507	0.0367159612443
-aye	0.228584950308	0.671083767156	0.072882158069	0.0274491244676
-aya	0.318435806366	0.36780038764	0.0637077182013	0.250056087793
-ayo	0.00935110042415	0.990147947767	0.000500951808436	0.0
-ero	0.234940992295	0.0568615060566	0.0170023933265	0.691195108322
-wui	0.16	0.717647058824	0.112941176471	0.00941176470588
-sre	0.12462006079	0.87537993921	0.0	0.0
-ubu	0.050986391842	0.663508415536	0.0284802232143	0.257024969407
-sra	0.0531686964366	0.895391670426	0.0127612389114	0.0386783942264
-ubi	0.0410958904109	0.89497716895	0.0547945205479	0.00913242009132
-ubo	0.192128109787	0.340748846868	0.0505814987629	0.416541544582
-dai	0.612788810292	0.192433320642	0.0144279903012	0.180349878765
-ube	0.407456551992	0.430111006829	0.0344671348587	0.127965306321
-ota	0.223554461972	0.37569736102	0.142001787619	0.25874638939
-ote	0.295396780571	0.477831121152	0.0666478395934	0.160124258684
-oti	0.157699629296	0.801923654944	0.0180342651037	0.0223424506562
-iga	0.182966130896	0.574822141598	0.121004519934	0.121207207572
-oto	0.0858351937623	0.834360734397	0.0555796208057	0.0242244510346
-ume	0.148556231003	0.639690982776	0.120060790274	0.0916919959473
-uma	0.251466850194	0.343444735694	0.337583601331	0.0675048127814
-otu	0.237402398574	0.275518938773	0.0826622480435	0.404416414609
-umo	0.359608852989	0.508199356739	0.0257316914932	0.106460098779
-umi	0.232297287431	0.599054881893	0.112896481692	0.0557513489835
-ako	0.00995024875621	0.990049751244	0.0	0.0
ALL	0.21811010313	0.247434544662	0.0472321465863	0.487223205622
-nai	0.359281913002	0.328275817203	0.098569100675	0.21387316912
-nan	0.0346153846154	0.636538461539	0.219230769231	0.109615384615
-nao	0.244798560118	0.51718793155	0.0705788785411	0.16743462979
-aki	0.128	0.872	0.0	0.0
-gdo	0.74744519172	0.151672635165	0.00687832998516	0.0940038431304
-sis	0.0	1.0	0.0	0.0
-ake	0.0844630465609	0.245442900103	0.158650783321	0.511443270015
-sip	0.0744718940208	0.915861081275	0.00322234156821	0.00644468313641
-kio	0.0	1.0	0.0	0.0
-aka	0.223388048432	0.367588099392	0.211054118163	0.197969734013
-nae	0.0525131175901	0.0372787530961	0.0100883789456	0.900119750368
-kis	0.0560112022405	0.917619887614	0.0143665096656	0.0120024004801
-zus	0.0095238095238	0.990476190476	0.0	0.0
-sio	0.211267605634	0.788732394366	0.0	0.0
-sin	0.0	0.918835251169	0.0811647488315	0.0
-nas	0.017094017094	0.965811965812	0.0	0.017094017094
-sia	0.0246990776927	0.953259340316	0.0101610129748	0.0118805690167
-goi	0.158819681007	0.776208631308	0.0433144584565	0.0216572292283
-mou	0.318359308101	0.229833875664	0.222452474739	0.229354341497
-mos	0.0225140712946	0.932457786116	0.0450281425891	0.0
-gol	0.0204951189256	0.54932312173	0.428563723639	0.00161803570466
-gon	0.0	1.0	0.0	0.0
-igo	0.0448719828724	0.0556353931431	0.216441329149	0.683051294835
-goe	0.256880733945	0.502573282614	0.233833072276	0.00671291116581
-moo	0.100357437448	0.66318394281	0.0797360461919	0.15672257355
-mon	0.00610376398779	0.992786460742	0.0	0.00110977527051
-moi	0.306426141885	0.25267249757	0.163386783285	0.27751457726
-yau	0.164649281917	0.745353996367	0.00362688187308	0.0863698398426
-yas	0.0132743362832	0.980088495575	0.00663716814161	0.0
-mfa	0.0	1.0	0.0	0.0
-bet	0.0269138755981	0.86961722488	0.0	0.103468899522
-beu	0.630392156863	0.18431372549	0.143137254902	0.0421568627451
-yae	0.603107768673	0.185851352522	0.0442759838727	0.166764894933
-dae	0.219089157115	0.703823917233	0.0344862562126	0.0426006694391
-bel	0.219503790489	0.780496209511	0.0	0.0
-yao	0.216654825246	0.348863123527	0.0990823011537	0.335399750073
-bea	0.0277777777778	0.736111111111	0.236111111111	0.0
-yai	0.304236750991	0.0702441308369	0.0354546936529	0.590064424519
-ofa	0.353773584906	0.561320754717	0.0849056603774	0.0
-iso	0.0893088153761	0.825355756792	0.0431066346332	0.042228793199
-upu	0.403169297374	0.199417784508	0.0816909510343	0.315721967084
-reo	0.0	1.0	0.0	0.0
-isi	0.132703073891	0.76613216053	0.0490962844922	0.052068481087
-ise	0.458718384131	0.2104061365	0.0426294923968	0.288245986972
-rea	0.0135900339751	0.958097395243	0.00679501698754	0.0215175537939
-isa	0.35040294933	0.573143984708	0.0368531398681	0.0395999260938
-res	0.14166638804	0.8211461851	0.0265624477574	0.010624979103
-ret	0.103163686382	0.705639614856	0.174690508941	0.0165061898212
-ame	0.078359309166	0.073957832321	0.0109108851429	0.83677197337
-mas	0.00248447204969	0.99751552795	0.0	0.0
-ham	0.0220745014424	0.969722814499	0.0015050796438	0.0066976044149
-hap	0.0204081632653	0.979591836735	0.0	0.0
-mak	0.0490797546012	0.942740286299	0.0	0.0081799591002
-mam	0.0	1.0	0.0	0.0
-mao	0.232961980589	0.516874528045	0.107779480496	0.142384010871
-man	0.250977352869	0.607381962838	0.0969120471475	0.044728637145
-mae	0.653264891754	0.221641831101	0.0752593699893	0.0498339071551
-uno	0.103785258058	0.529434165013	0.0255017926019	0.341278784328
-uni	0.471976095788	0.366392020506	0.0791666369173	0.0824652467889
-une	0.0272109873798	0.0201546055903	0.00855891119952	0.94407549583
-ung	0.147948677283	0.147048815982	0.0290103323964	0.675992174339
-una	0.113684930244	0.0758520222699	0.0132624351789	0.797200612307
-pto	0.0	0.9375	0.0	0.0625
-unu	0.469279099975	0.235382648816	0.0859574830349	0.209380768174
-666	0.0267857142857	0.0	0.0	0.973214285714
-tre	0.127011007621	0.669771380186	0.203217612193	0.0
-gae	0.597040599341	0.288620616511	0.0380733918168	0.076265392331
-ade	0.33043467314	0.580991062152	0.0240347464235	0.0645395182846
-tra	0.292116790597	0.656596361596	0.0152769333895	0.036009914418
-ika	0.220447867397	0.32158244638	0.102813880228	0.355155805996
-gao	0.342759421063	0.421501854418	0.100384259694	0.135354464825
-tri	0.063829787234	0.606382978723	0.234042553191	0.0957446808511
-gai	0.494068642949	0.180386301557	0.0898441044096	0.235700951084
-gau	0.27950310559	0.566770186335	0.10248447205	0.0512422360248
-ini	0.290166805625	0.483791894922	0.139090486875	0.0869508125782
-ink	0.166666666667	0.805555555556	0.0277777777778	0.0
-sei	0.912280701754	0.0526315789474	0.0	0.0350877192982
-ino	0.0697518467301	0.892410165181	0.0164346816953	0.0214033063939
-ina	0.300495598277	0.142941712244	0.116640382086	0.439922307393
-uit	0.103397758207	0.882241442042	0.000957386650067	0.0134034131009
-sea	0.0	0.868852459016	0.131147540984	0.0
-ing	0.171195046974	0.224305744804	0.137657660689	0.466841547533
-uik	0.446866485014	0.346049046322	0.0762942779291	0.130790190736
-ins	0.12962962963	0.624579124579	0.166666666667	0.0791245791246
-inu	0.534850359012	0.167320335535	0.0893724386134	0.208456866839
--di	0.0870646766169	0.713930348259	0.199004975124	0.0
-kus	0.457831325301	0.518072289157	0.0120481927711	0.0120481927711
-ede	0.228571428571	0.771428571429	0.0	0.0
-iam	0.0452380952381	0.935714285714	0.0190476190476	0.0
-ian	0.120515435246	0.658539600136	0.220944964618	0.0
--de	0.566874027994	0.233281493002	0.0342146189736	0.165629860031
-nen	0.037037037037	0.925925925926	0.0	0.037037037037
-kao	0.101818181818	0.883636363636	0.0121212121212	0.00242424242423
-fos	0.0172413793103	0.98275862069	0.0	0.0
-mto	0.090367428004	0.866931479643	0.0427010923535	0.0
-ias	0.0561918396564	0.929849677881	0.00858983536149	0.00536864710093
-nei	0.466886271889	0.236477437035	0.0646032568762	0.2320330342
-mta	0.364285714286	0.592857142857	0.0428571428572	0.0
-ban	0.0985401459854	0.715328467153	0.153284671533	0.0328467153284
-bao	0.579186191708	0.128319828751	0.0428057226952	0.249688256845
-gka	0.0888901279772	0.0802772253509	0.196089850421	0.634742796251
-eke	0.52	0.04	0.04	0.4
-bai	0.504927095017	0.173409709982	0.0336484537735	0.288014741227
-eki	0.153143471252	0.5754970446	0.0779150994089	0.193444384739
-bae	0.650194552529	0.0778210116732	0.0291828793775	0.24280155642
-eko	0.163317313982	0.205828938567	0.353639759804	0.277213987646
-gso	0.244104511159	0.630417249895	0.0152862580682	0.110191980877
-gsi	0.359619424194	0.44371679229	0.0185345360188	0.178129247498
-eku	0.0	0.928571428571	0.0714285714286	0.0
-gse	0.185185185185	0.359147025814	0.41189674523	0.0437710437711
-bat	0.0009519276535	0.995874980168	0.00285578296049	0.000317309217833
-gsa	0.0399631109745	0.902312395396	0.0208354681149	0.0368890255149
-bas	0.0110905730129	0.973065751254	0.00950620543965	0.00633747029311
-ase	0.520748034148	0.280515591529	0.081231674486	0.117504699837
-gzi	0.420126671358	0.398311048557	0.0126671358198	0.168895144265
-asa	0.522810373897	0.107257761829	0.0537045115481	0.316227352726
-aso	0.137786332059	0.552467019668	0.281247676714	0.0284989715588
-gza	0.0326594090202	0.96734059098	0.0	0.0
-iyo	0.136892729715	0.720421646701	0.0655855299752	0.0771000936088
-asi	0.158271647284	0.448556004977	0.0180222849324	0.375150062806
-gze	0.407407407407	0.574074074074	0.0	0.0185185185185
-yei	0.17452336057	0.662685941756	0.0938613031636	0.0689293945108
-mba	0.0649225738193	0.293684476291	0.481701452342	0.159691497547
-asu	0.7711781889	0.2288218111	0.0	0.0
-yen	0.0294117647059	0.882352941176	0.0588235294118	0.0294117647059
-iwa	0.63721025353	0.154189584898	0.0307730031887	0.177827158384
-lta	0.0395778364116	0.891820580475	0.0606860158312	0.00791556728232
-430	0.397058823529	0.0147058823529	0.0	0.588235294118
-ras	0.00975213327917	0.986184477855	0.00406338886631	0.0
-ran	0.14201183432	0.85798816568	0.0	0.0
-iye	0.07704745014	0.0611082905393	0.0158220226847	0.846022236636
-ral	0.0	0.649941656943	0.350058343057	0.0
-ram	0.0	0.937172774869	0.0314136125654	0.0314136125654
-rak	0.0	1.0	0.0	0.0
-iwe	0.123048592516	0.684208625711	0.155394699492	0.0373480822813
-rai	0.506277110045	0.182064853916	0.193950279938	0.1177077561
-era	0.270321040411	0.322963107936	0.0819494471275	0.324766404525
-iwi	0.15380988862	0.790009232522	0.0288761859862	0.0273046928713
-rae	0.283081155433	0.534938101788	0.0693259972489	0.11265474553
-iwo	0.314168343242	0.363016079496	0.0232491277367	0.299566449524
-ere	0.205646877711	0.615887613435	0.096064946698	0.0824005621569
-ugu	0.236592155147	0.0773876719531	0.0435191892598	0.64250098364
-oza	0.323422084065	0.538045681849	0.0702797675361	0.0682524665495
-ozi	0.0	1.0	0.0	0.0
-ozo	0.115930352267	0.770153529385	0.108544827895	0.00537129045253
-azo	0.43376648898	0.350593374787	0.0158827659831	0.19975737025
-azi	0.100513674858	0.816326530612	0.0199916701375	0.0631681243926
-uga	0.0576407506702	0.837801608579	0.0965147453083	0.00804289544235
-uzi	0.0469464929084	0.926850813375	0.00327533671454	0.0229273570018
-ugo	0.153142857143	0.771428571429	0.0719999999999	0.00342857142857
-aze	0.305054820289	0.140399056928	0.053521902998	0.501024219786
-aza	0.146825396825	0.0714285714286	0.0	0.781746031746
-320	0.0815450643777	0.188841201717	0.0600858369098	0.669527896996
-ike	0.139534883721	0.860465116279	0.0	0.0
-500	0.0291262135922	0.135922330097	0.114077669903	0.720873786408
-iko	0.100828056503	0.876765708719	0.0116902094496	0.0107160253288
-lam	0.110552763819	0.869346733668	0.0201005025125	0.0
-lak	0.0	0.967857142857	0.0321428571429	0.0
-noi	0.447697451676	0.271412413683	0.0951435106032	0.185746624037
-nok	0.032967032967	0.843406593407	0.0906593406593	0.032967032967
-ide	0.0571428571427	0.4	0.257142857143	0.285714285714
-non	0.0	0.958333333333	0.0416666666667	0.0
-las	0.0431338028169	0.858274647887	0.0985915492958	0.0
-noa	0.00834100131737	0.991658998683	0.0	0.0
-gei	0.341463414634	0.439024390244	0.109756097561	0.109756097561
-bou	0.232902033272	0.634011090573	0.0998151571164	0.0332717190388
-doe	0.63687150838	0.160487557136	0.164550533265	0.0380904012189
-don	0.0	1.0	0.0	0.0
-doo	0.0	0.770161290323	0.229838709677	0.0
-dom	0.011421319797	0.988578680203	0.0	0.0
-dok	0.0	1.0	0.0	0.0
-get	0.0	1.0	0.0	0.0
-vot	0.31746031746	0.68253968254	0.0	0.0
-sau	0.0391167192429	0.804416403786	0.129968454259	0.0264984227129
-ait	0.0	0.702718006795	0.297281993205	0.0
-ibu	0.0755343853516	0.86323101985	0.0152009546398	0.0460336401582
-toi	0.394332447778	0.374381413763	0.131791425744	0.0994947127155
-oli	0.0121457489878	0.987854251012	0.0	0.0
-ibo	0.196264013568	0.43562305603	0.0423288554505	0.325784074951
-ibi	0.15	0.85	0.0	0.0
-sae	0.441443507739	0.267801900883	0.0579830945575	0.23277149682
-olo	0.036943034405	0.882191201354	0.0236886632825	0.0571771009589
-ola	0.0753768844221	0.899497487437	0.0251256281407	0.0
-sai	0.359742993467	0.326187442414	0.040120767563	0.273948796556
-sao	0.210185271937	0.316317228151	0.0921913717242	0.381306128187
-iba	0.239361702128	0.703399629972	0.0260175763182	0.0312210915818
-sam	0.0703450575096	0.924654109018	0.0	0.00500083347225
-lon	0.0175008750437	0.964298214911	0.0147007350368	0.00350017500876
-lok	0.00555555555557	0.745138888889	0.0824074074074	0.166898148148
-loi	0.0	0.980392156863	0.0196078431373	0.0
-apo	0.0912791767025	0.703207845373	0.00728005541242	0.198232922512
-ron	0.0219298245614	0.97149122807	0.00657894736841	0.0
-.00	0.0184299442713	0.801878099083	0.152047040239	0.027644916407
-ipi	0.4	0.564705882353	0.0235294117647	0.0117647058824
-ipo	0.129032258064	0.838709677419	0.0322580645161	0.0
-ipa	0.0588036824601	0.93252036439	0.00722996095821	0.00144599219164
-ipe	0.399527983817	0.479770734997	0.0330411328388	0.087660148348
-ewe	0.220911345602	0.263370814726	0.189549842898	0.326167996774
-ewa	0.461925828297	0.129202390892	0.039617212852	0.369254567959
-ewo	0.138461538462	0.861538461538	0.0	0.0
-ewi	0.1935828877	0.658609625669	0.00770053475936	0.140106951872
-ipu	0.545460944155	0.204417958825	0.053491369881	0.196629727139
-mai	0.348776567434	0.470377405158	0.0702357199705	0.110610307438
-awi	0.294775608966	0.528448759477	0.142676778769	0.0340988527876
-awa	0.399480426244	0.347386866573	0.191393054447	0.0617396527362
-awe	0.214327693082	0.162079368369	0.0415880322804	0.582004906268
-too	0.246575342466	0.753424657534	0.0	0.0
-nge	0.374272856986	0.574507006183	0.0504884205904	0.000731716240443
-276	0.0	0.222222222222	0.0	0.777777777778
-sto	0.00799781452978	0.979885047142	0.00311285725069	0.00900428107735
-sta	0.15322217215	0.749887336638	0.0698512843623	0.0270392068499
-ain	0.0410441911448	0.911395515684	0.00957214351786	0.0379881496537
-eya	0.408042970055	0.19427473194	0.0564983856946	0.34118391231
-200	0.0348652931854	0.548864236661	0.0232435287903	0.393026941363
--we	0.0625407627419	0.888184696916	0.0151613970283	0.0341131433137
-iok	0.0342948717949	0.935576923077	0.00384615384615	0.026282051282
-lek	0.19801980198	0.80198019802	0.0	0.0
-ion	0.0590101522843	0.786802030457	0.0361675126904	0.118020304568
-tiu	0.00754716981134	0.992452830189	0.0	0.0
-ibe	0.293265410376	0.514885344534	0.0221364513566	0.169712793734
-ida	0.0227027027027	0.96	0.00108108108108	0.0162162162162
-oik	0.125	0.2625	0.6125	0.0
-iot	0.00368776889982	0.9963122311	0.0	0.0
-eza	0.639751552795	0.198757763975	0.0	0.16149068323
-alo	0.0	0.944444444444	0.0416666666667	0.0138888888889
-ndo	0.0	0.932432432432	0.0675675675675	0.0
-ali	0.0131578947368	0.851973684211	0.134868421053	0.0
-nda	0.0563913423275	0.914587984082	0.00407648257789	0.0249441910123
-nde	0.0198511166253	0.950372208437	0.0198511166253	0.00992555831265
-ala	0.00332778702163	0.996672212978	0.0	0.0
-gpu	0.583792497229	0.259886644671	0.0691810475576	0.0871398105426
-120	0.0547945205479	0.287671232877	0.0	0.657534246575
-yon	0.0230729789779	0.97179969236	0.0	0.00512732866175
-iel	0.0576383257439	0.921402283077	0.0174661593163	0.00349323186326
-gwa	0.377812931827	0.269803852912	0.0507718953799	0.301611319882
-gwe	0.429881619071	0.140820357037	0.0206770477041	0.408620976188
-pen	0.0937499999999	0.8828125	0.0	0.0234375
-153	0.104166666667	0.0416666666667	0.145833333333	0.708333333333
-eli	0.0277372670244	0.936745075327	0.0198173178237	0.0157003398251
-elo	0.0111972856881	0.975283583431	0.00651614618637	0.00700298469455
-ogo	0.012474012474	0.975051975052	0.012474012474	0.0
-oga	0.189590919903	0.672842287662	0.0516450810019	0.0859217114335
-iya	0.340775399658	0.112098934874	0.0231752678582	0.52395039761
-itu	0.26369168357	0.724137931035	0.0	0.0121703853955
-esu	0.00521560700368	0.790140145422	0.00185092621693	0.202793321357
-ito	0.196482972946	0.47837538429	0.0292749254384	0.295866717325
-esi	0.610353788639	0.200974134525	0.0398924044862	0.14877967235
-eso	0.0809679348576	0.847265031973	0.0370336292957	0.0347334038736
-iti	0.296185590216	0.367032219147	0.0806904687611	0.256091721876
-esa	0.456739590615	0.249330859803	0.0722767995756	0.221652750006
-eri	0.0973440262918	0.490917534428	0.404022362334	0.00771607694643
-ese	0.426977446229	0.235283544242	0.0690280139584	0.268710995571
-ita	0.27286127294	0.244163314638	0.0483682055797	0.434607206843
-spa	0.0215053763441	0.978494623656	0.0	0.0
-udu	0.0	1.0	0.0	0.0
-ria	0.00720280787426	0.926293300778	0.00970547840683	0.0567984129406
-fan	0.0368852459017	0.963114754098	0.0	0.0
-spo	0.0437956204379	0.78102189781	0.175182481752	0.0
-fas	0.0820969337289	0.894164193868	0.0237388724035	0.0
-uda	0.0237054014985	0.810610758741	0.112366331402	0.0533175083586
-eze	0.0949859716626	0.883598093082	0.0146132264096	0.00680270884586
-fat	0.0	1.0	0.0	0.0
-ezi	0.882352941176	0.078431372549	0.0392156862745	0.0
-ezo	0.126342773437	0.598571777344	0.189331054687	0.0857543945312
-abu	0.372549019608	0.470588235294	0.0686274509804	0.0882352941176
--se	0.314280631306	0.0703357308054	0.069573283859	0.54581035403
-rik	0.0710628394104	0.518541505043	0.398913886734	0.011481768813
-abe	0.307472801855	0.281612270376	0.254146602461	0.156768325308
-aba	0.0925640689519	0.793401836415	0.050651116924	0.0633829777092
-abo	0.013698630137	0.979452054795	0.00684931506849	0.0
-abi	0.145187601958	0.292006525285	0.553017944535	0.00978792822186
-gbe	0.629834254144	0.370165745856	0.0	0.0
-sou	0.404815193064	0.472632059277	0.0630509260265	0.0595018216321
-sos	0.266949152542	0.631355932203	0.0	0.101694915254
-oru	0.25661492687	0.684807997363	0.0426015096488	0.0159755661182
-kou	0.687707641196	0.102990033223	0.119601328904	0.0897009966777
-soo	0.511111111111	0.422222222222	0.0	0.0666666666667
-ori	0.187406370992	0.725308145932	0.0501859545335	0.0370995285425
-oro	0.225783893116	0.380696286759	0.014758529898	0.378761290227
-kos	0.0212765957447	0.968085106383	0.0106382978723	0.0
-ora	0.206906797589	0.415850358868	0.0737753233028	0.30346752024
-ore	0.19301415162	0.457037040935	0.154029423869	0.195919383576
-kra	0.29010989011	0.578021978022	0.0197802197802	0.112087912088
-lip	0.00349718282495	0.995337089567	0.0	0.00116572760831
-omu	0.05	0.935416666667	0.00625	0.00833333333333
-lis	0.0570049766249	0.876036796863	0.0171919770774	0.0497662494345
-lim	0.0	1.0	0.0	0.0
-omi	0.253510648191	0.371245233888	0.083232586255	0.292011531666
-lio	0.0289781392984	0.940518556177	0.0	0.0305033045246
-omo	0.699231613611	0.169045005488	0.019758507135	0.111964873765
-lik	0.00600600600601	0.978978978979	0.015015015015	0.0
-oma	0.216669224655	0.562462632376	0.089691460825	0.131176682144
-lia	0.003003003003	0.996996996997	0.0	0.0
-ome	0.0	0.990099009901	0.00990099009901	0.0
-eas	0.176	0.776	0.0	0.048
-144	0.0220588235294	0.0992647058824	0.0	0.878676470588
-oda	0.222222222222	0.746031746032	0.031746031746	0.0
-ode	0.0386974299066	0.896028037383	0.0490654205607	0.0162091121495
--ao	0.22641509434	0.504716981132	0.183962264151	0.0849056603774
-odi	0.0488463545132	0.834355210454	0.0528035275371	0.0639949074952
-eam	0.0107827476038	0.986821086262	0.0	0.00239616613419
-izi	0.641711229947	0.197860962567	0.0267379679144	0.133689839572
-uri	0.938461538462	0.0615384615385	0.0	0.0
-uro	0.360560206403	0.110733588507	0.0134011073329	0.515305097756
-ura	0.0940090668891	0.579764259739	0.0384793488432	0.287747324529
-gtu	0.0	1.0	0.0	0.0
-gti	0.352598461897	0.302493591237	0.267536704731	0.0773712421347
-gto	0.152003443745	0.0556364021858	0.00976584460099	0.782594309468
-gta	0.370222341966	0.36586311364	0.0528340799005	0.211080464493
-uru	0.516286565415	0.289935049079	0.15825072032	0.0355276651853
-pai	0.298895255446	0.53902773984	0.0691377432695	0.0929392614443
-wau	0.129185526148	0.477330264672	0.291144354942	0.102339854239
-apa	0.0837036271571	0.875994626434	0.0217009403741	0.0186008060349
-ape	0.162428313126	0.245451973954	0.0245981652597	0.56752154766
-zaz	0.188726469147	0.79998005863	0.00376449074096	0.00752898148192
-api	0.787974683544	0.183544303797	0.0189873417722	0.00949367088605
-pae	0.437310720775	0.362204724409	0.167777104785	0.0327074500303
-/10	0.15873015873	0.566137566138	0.116402116402	0.15873015873
-wae	0.216154968094	0.597186578037	0.135822321507	0.0508361323623
-apu	0.329167742491	0.395163094931	0.175144160427	0.100525002152
-wao	0.265576351143	0.485377458373	0.162849410244	0.0861967802398
-wan	0.0906735751295	0.0887305699482	0.764248704663	0.0563471502591
-pas	0.0203546002266	0.93893619932	0.0407092004533	0.0
-pat	0.0344827586207	0.931034482759	0.0344827586207	0.0
-wai	0.579319536045	0.257502453413	0.0774531570777	0.0857248534645
-sen	0.110019646365	0.795677799607	0.041257367387	0.0530451866405
-kem	0.0	1.0	0.0	0.0
-kel	0.198830409357	0.6783625731	0.00584795321637	0.116959064327
-1/3	0.0	0.189000774593	0.810999225407	0.0
-ket	0.151382264246	0.729193949515	0.0353225283241	0.0841012579145
-sua	0.126582278481	0.860759493671	0.0126582278481	0.0
-dia	0.0347322720695	0.9001447178	0.05499276411	0.0101302460203
-dio	0.0	1.0	0.0	0.0
-son	0.0	0.996794871795	0.00320512820513	0.0
-dis	0.0146140329512	0.956157901147	0.0146140329512	0.0146140329512
--ta	0.308675924653	0.510380860718	0.110408359687	0.0705348549429
-ska	0.0	1.0	0.0	0.0
-uku	0.082979058416	0.902220122815	0.00188946622579	0.0129113525429
-ine	0.232752571429	0.136926571277	0.0690997915876	0.561221065706
-uka	0.193917442246	0.150677191174	0.202203481056	0.453201885524
-afa	0.00821917808222	0.991780821918	0.0	0.0
-nna	0.0922680204682	0.831983560981	0.0525403924413	0.023208026109
-uko	0.0205479452055	0.979452054795	0.0	0.0
-nne	0.0543140028289	0.922489391796	0.0135785007072	0.00961810466761
-efe	0.0510737086477	0.935867672664	0.00290191526407	0.0101567034243
-ega	0.350627891606	0.607732980833	0.0245648821326	0.0170742454285
-ais	0.119363395225	0.755968169761	0.0450928381963	0.079575596817
-tis	0.02849002849	0.840455840456	0.131054131054	0.0
-tia	0.0859481582537	0.889495225102	0.0	0.0245566166439
-ono	0.152880772421	0.371481213201	0.0472084443295	0.428429570049
-aim	0.0	1.0	0.0	0.0
-tio	0.10102489019	0.85944363104	0.01317715959	0.0263543191801
-eme	0.109150353376	0.226069913901	0.0449058905155	0.619873842208
-uwe	0.299676485612	0.330154946365	0.331006300017	0.0391622680062
-ema	0.0556332543544	0.0305769730087	0.0364744327173	0.87731533992
-uwa	0.218977750851	0.51334608958	0.0152604426433	0.252415716926
-uwo	0.119928267205	0.397892849137	0.41492938803	0.0672494956288
-emo	0.0288716141772	0.294670051206	0.0029095108217	0.673548823795
-emi	0.305891098309	0.433934212972	0.161679985133	0.0984947035867
-uwi	0.408331616275	0.288916802	0.0412994456918	0.261452136033
-260	0.0	0.117318435754	0.0335195530726	0.849162011173
-oni	0.20234764542	0.629931484024	0.0788610983229	0.0888597722335
-450	0.264462809917	0.512396694215	0.0247933884298	0.198347107438
-zae	0.539725285471	0.38760926146	0.0600279829695	0.0126374700988
-ana	0.101153447164	0.179483042298	0.0488861180645	0.670477392474
-zao	0.348367631131	0.470240858219	0.104801691681	0.0765898189695
-zai	0.216887875017	0.149211945251	0.600373289092	0.0335268906401
-lre	0.250470809793	0.531073446328	0.21845574388	0.0
-lra	0.114463364658	0.847382180456	0.0127181516286	0.0254363032573
-ane	0.299175480954	0.28034434362	0.0750491261405	0.345431049286
-etu	0.13649827507	0.162038714324	0.0356976871859	0.66576532342
-gmo	0.215384615385	0.553846153846	0.207692307692	0.0230769230769
-000	0.0554106298346	0.119033817174	0.00808319331943	0.817472359672
-eta	0.205389450976	0.503806215616	0.0669226294091	0.223881703999
-ete	0.228533491429	0.439970009959	0.0245439853955	0.306952513216
-eti	0.521063205782	0.305364524398	0.0316190564164	0.141953213403
-eto	0.38875730161	0.32271334948	0.111696822909	0.176832526001
-bui	0.194294525829	0.640709329221	0.0539707016191	0.111025443331
-bul	0.198237885463	0.801762114537	0.0	0.0
-uya	0.151699029126	0.760922330097	0.0728155339806	0.0145631067961
-ney	0.597014925373	0.291044776119	0.0	0.111940298508
-uye	0.251248239662	0.570157470234	0.113301753937	0.065292536167
-ank	0.2192527952	0.628851922553	0.0613580583583	0.0905372238887
-300	0.00977198697069	0.374592833876	0.263843648209	0.351791530945
-ate	0.337579617834	0.380573248408	0.0668789808917	0.214968152866
-wen	0.11968503937	0.819422572179	0.00629921259842	0.054593175853
-ata	0.212078030117	0.109598650465	0.0184055433254	0.659917776092
-ato	0.305252610425	0.354994601382	0.0499467864357	0.289806001757
-ati	0.441642590227	0.307359991495	0.0760575076108	0.174939910667
-ose	0.193504719438	0.755849619447	0.016443884039	0.0342017770765
-nis	0.0213523131673	0.978647686833	0.0	0.0
-kai	0.0	0.555555555556	0.0	0.444444444444
-edi	0.243967828418	0.739946380697	0.0	0.0160857908847
-osa	0.431914291898	0.311392107352	0.0759036144579	0.180789986293
-ulo	0.0256264943479	0.907591035757	0.00261563276516	0.0641668371299
-kam	0.0	0.941176470588	0.0	0.0588235294118
-tam	0.389830508475	0.457627118644	0.152542372881	0.0
-oso	0.414039490053	0.518123531351	0.00467841231697	0.0631585662793
-osi	0.26767202848	0.372339785981	0.0430430600499	0.316945125489
-kae	0.0	1.0	0.0	0.0
-nia	0.0454259242602	0.896015111991	0.0380498335882	0.020509130161
-nad	0.0541655919526	0.729172040237	0.21666236781	0.0
-kas	0.0247486465584	0.949110595514	0.00850734725444	0.0176334106729
-nio	0.0	0.87012987013	0.103896103896	0.025974025974
-kau	0.647408779767	0.120986834752	0.0258724051387	0.205731980342
-ulu	0.0550458715596	0.94495412844	0.0	0.0
-fik	0.0	0.955684007707	0.0443159922929	0.0
-fia	0.0392541707556	0.960745829244	0.0	0.0
-upo	0.416666666667	0.163690476191	0.330357142857	0.0892857142857
-ila	0.0143198090692	0.935560859189	0.0115659996328	0.0385533321094
-ilo	0.295336787565	0.626943005181	0.0310880829015	0.0466321243523
-gna	0.218073709024	0.466123330699	0.0494589779468	0.26634398233
-ebi	0.442446043166	0.298561151079	0.205035971223	0.0539568345324
-oam	0.0129032258065	0.922580645161	0.0	0.0645161290322
-ige	0.0245183887916	0.0367775831874	0.0350262697023	0.903677758319
-eba	0.271773688048	0.166062246729	0.0625149419983	0.499649123224
-igi	0.26276481149	0.519290843806	0.0399461400359	0.177998204668
-amu	0.185816687072	0.252933321927	0.178540020515	0.382709970486
-ebe	0.0045231813042	0.993215228044	0.00226159065209	0.0
-ami	0.337273227048	0.234041903366	0.14372976605	0.284955103537
--be	0.208318264014	0.231826401447	0.559855334539	0.0
-amo	0.292804673366	0.548728120845	0.0616866839593	0.0967805218301
-ama	0.0817268142517	0.466990530143	0.184184874658	0.267097780947
-oas	0.0507544581618	0.932784636488	0.0	0.0164609053498
-ebu	0.299108349095	0.403674682518	0.126992704674	0.170224263713
-lva	0.0393383996424	0.870362092088	0.09029950827	0.0
-usi	0.292792792793	0.527027027027	0.0788288288289	0.101351351351
-iro	0.349145022087	0.103532131134	0.0864956411768	0.460827205602
-uso	0.788235294118	0.117647058824	0.0705882352941	0.0235294117647
-iri	0.0456647831451	0.917927876766	0.00666891575571	0.0297384243329
-ire	0.164977126835	0.661210051613	0.120389921865	0.0534228996882
-usa	0.341615034713	0.354241415187	0.289154956256	0.0149885938448
-eka	0.106723487744	0.109887413826	0.225446343806	0.557942754624
-use	0.663656884876	0.20316027088	0.0248306997743	0.108352144469
-iru	0.363636363636	0.545454545455	0.0909090909091	0.0
-usu	0.464516129032	0.470967741936	0.0193548387097	0.0451612903226
-epe	0.0242804390713	0.504274368962	0.404673984521	0.066771207446
-uze	0.115474913155	0.623426428564	0.200546035928	0.0605526223535
-epa	0.0	0.916666666667	0.0	0.0833333333334
-epo	0.21045392022	0.56121045392	0.211829436038	0.0165061898212
-epu	0.408360542945	0.241089666566	0.0452090958633	0.305340694626
-uzu	0.101694915254	0.898305084746	0.0	0.0
-iza	0.0038961038961	0.977922077922	0.0181818181818	0.0
-pia	0.077088819727	0.802250418961	0.0459660043093	0.0746947570026
-ira	0.091877133894	0.748989342931	0.0788169746425	0.080316548532
--50	0.03125	0.78125	0.0	0.1875
-eal	0.289156626506	0.584337349398	0.10843373494	0.0180722891566
-uel	0.0228050171038	0.945267958951	0.0273660205245	0.00456100342075
--ye	0.136670686207	0.15814561826	0.101742263014	0.603441432519
-owi	0.273119690852	0.49134920264	0.038477243225	0.197053863284
-owo	0.0727455474904	0.842092815951	0.0192608561189	0.0659007804399
-owa	0.547026901237	0.18263135361	0.0567951606649	0.213546584488
-owe	0.284328506552	0.488466184498	0.185889692503	0.0413156164467
-agu	0.279069767442	0.523255813954	0.046511627907	0.151162790698
-agi	0.235718247365	0.211037160288	0.507487520799	0.0457570715474
-ago	0.372766853334	0.0987057886964	0.0642155527632	0.464311805206
-aga	0.464459301288	0.40058920388	0.075882317932	0.0590691769
-age	0.157185286726	0.688371030386	0.056202878684	0.0982408042038
-ong	0.0632585893498	0.130359513181	0.00607896094169	0.800302936528
-ege	0.0987382317185	0.0506823120133	0.0359549782427	0.814624478026
-one	0.0928380357442	0.781045278034	0.0827193286924	0.0433973575297
-ant	0.0493827160494	0.79012345679	0.160493827161	0.0
--gi	0.571774054241	0.233028156849	0.129556054586	0.0656417343238
-ona	0.239874297779	0.368963949691	0.0302473918534	0.360914360677
-ego	0.133757961783	0.677282377919	0.111464968153	0.0774946921443
-dau	0.0752728082548	0.383119293297	0.509539009725	0.0320688887239
-zra	0.203466465712	0.706103993971	0.0452147701582	0.0452147701582
-dap	0.0	1.0	0.0	0.0
-egi	0.47138047138	0.360269360269	0.16835016835	0.0
-das	0.0523969996739	0.9080334819	0.00500054353734	0.0345689748886
-gga	0.478454680535	0.361069836553	0.160475482912	0.0
-dam	0.0208695652174	0.902608695652	0.0428985507247	0.0336231884058
-dan	0.0116166505324	0.983543078412	0.0	0.00484027105518
-dao	0.197413508825	0.506086283281	0.147533227236	0.148966980659
-gge	0.018691588785	0.80062305296	0.180685358255	0.0
-kta	0.187410244136	0.743896601245	0.0100526567736	0.0586404978459
-ang	0.308552337087	0.29649553042	0.121394553075	0.273557579418
-ani	0.162327700245	0.356078145119	0.0343440745599	0.447250080076
-kto	0.104166666667	0.895833333333	0.0	0.0
-ggo	0.39556509299	0.545422031474	0.0321888412017	0.0268240343348
-ano	0.27515758527	0.517552383088	0.0642798415427	0.143010190099
-gno	0.553007050431	0.0639773461266	0.0163094414961	0.366706161946
-tan	0.0	1.0	0.0	0.0
-tao	0.141890582365	0.427185333852	0.22711722379	0.203806859993
-tai	0.415219653307	0.292380579888	0.0418422392609	0.250557527544
-gni	0.37436762226	0.31197301855	0.161888701518	0.151770657673
-tae	0.332359659963	0.386735572782	0.13874845523	0.142156312025
-gne	0.216504516881	0.515568035561	0.0912954545024	0.176631993056
-yis	0.0474050775107	0.890361716468	0.05684115929	0.00539204673106
-ure	0.194720701085	0.597251047292	0.107288611451	0.100739640172
-nit	0.0422535211268	0.302816901408	0.0845070422535	0.570422535211
-mna	0.0377281812797	0.858872391416	0.093715188259	0.00968423904506
-tau	0.226529815735	0.17865473829	0.12951024516	0.465305200815
-gnu	0.463525400202	0.16505982287	0.0320614372577	0.33935333967
-tas	0.0570187347272	0.926690198208	0.00651642682596	0.00977464023894
-mia	0.0209059233449	0.968641114983	0.0104529616725	0.0
-enu	0.466889992745	0.0799467462909	0.0228668163009	0.430296444663
-ens	0.0460210930009	0.953978906999	0.0	0.0
-mis	0.0109756097561	0.959756097561	0.0292682926829	0.0
-eno	0.0871394015703	0.122925664067	0.00875583533531	0.781179099027
-miu	0.010101010101	0.868686868687	0.0	0.121212121212
-eni	0.328336799753	0.287365294244	0.089341415242	0.294956490761
-enk	0.0900562851782	0.87617260788	0.0337711069418	0.0
-ene	0.0644183211687	0.0262147949531	0.00352975189444	0.905837131984
-eng	0.177022988009	0.0981415877091	0.189742914021	0.53509251026
-ena	0.41470039025	0.180899837978	0.0501649807974	0.354234790975
