-nyi	0.362752782568	0.395830067409	0.194858128233	0.0465590217903
-n25	0.27619047619	0.32380952381	0.342857142857	0.0571428571429
-rbu	0.630286493861	0.336971350614	0.0163710777626	0.0163710777626
-het	0.355421686747	0.584096385542	0.0409638554217	0.0195180722891
-cah	0.480580452411	0.318395219804	0.165172855314	0.0358514724712
-ius	0.032831282368	0.95386515893	0.00389604219129	0.00940751651066
-her	0.117710876051	0.842419311093	0.0284784377543	0.0113913751017
-hel	0.0489795918367	0.951020408163	0.0	0.0
-hem	0.00911507785795	0.981769844284	0.0	0.00911507785797
-rba	0.104291146116	0.644758283542	0.159695817491	0.0912547528517
-cap	0.641491085899	0.332252836305	0.0155591572123	0.0106969205835
-hej	0.0379250572056	0.255040837064	0.0301737548489	0.676860350881
-cat	0.113764044944	0.36095505618	0.445224719101	0.0800561797752
-aan	0.129334357646	0.751410268446	0.0610740469537	0.058181326955
-mua	0.0303620997008	0.0813585956446	0.0165058505783	0.871773454076
-kho	0.0	1.0	0.0	0.0
-tz2	0.180555555556	0.819444444444	0.0	0.0
-btu	0.0135135135135	0.977364864865	0.00337837837838	0.00574324324325
-aus	0.0618166526493	0.702323380992	0.119953742641	0.115906223717
-ehu	0.0	1.0	0.0	0.0
-ziz	0.00936768149885	0.23887587822	0.733021077283	0.0187353629976
-aut	0.0443081792107	0.902779151419	0.0304618732074	0.0224507961626
-oya	0.0875420875421	0.52861952862	0.23569023569	0.148148148148
-fik	0.041804257711	0.886004356074	0.0721913862151	0.0
-hun	0.0167277931836	0.952410770194	0.0120762143304	0.0187852222918
-sop	0.0	0.919732441472	0.0802675585284	0.0
-zir	0.287425149701	0.556886227545	0.155688622754	0.0
-asu	0.0585106382979	0.877659574468	0.0106382978723	0.0531914893616
-op2	0.14216610724	0.658766326342	0.162825713957	0.0362418524614
-zin	0.368305023696	0.603181038986	0.0023761614432	0.0261377758752
-cak	0.392419175028	0.356744704571	0.230769230769	0.0200668896321
-zil	0.115606936416	0.884393063584	0.0	0.0
-zim	0.203539823009	0.451327433628	0.29203539823	0.0530973451327
-zij	0.0	0.0129032258064	0.987096774194	0.0
-ufa	0.042492917847	0.906515580737	0.0509915014164	0.0
-lea	0.00687845053852	0.975563399403	0.0159290433523	0.00162910670649
-xet	0.0276572120723	0.941186366542	0.0101611655059	0.0209952558797
-auh	0.0855918034062	0.242067812427	0.103235088265	0.569105295902
-aat	0.396599279618	0.279423694714	0.173086283545	0.150890742123
-zib	0.0970873786408	0.844660194175	0.0388349514563	0.0194174757282
-apa	0.0491173196182	0.310288288798	0.0353478653224	0.605246526261
-zia	0.0	1.0	0.0	0.0
-nti	0.362385782412	0.0605539948926	0.0280687375846	0.548991485111
-dup	0.412363883247	0.403635904977	0.0571328318877	0.126867379888
-puw	0.590248962656	0.30601659751	0.0539419087137	0.0497925311203
-wmu	0.36559139785	0.0	0.548387096774	0.0860215053764
-pus	0.0356535126813	0.950976420063	0.00194473705534	0.0114253302001
-nta	0.744216501459	0.101576081973	0.0289330117433	0.125274404824
-uah	0.121874451437	0.244119373982	0.0525956746473	0.581410499934
-uam	0.00792253521127	0.730633802817	0.261443661972	0.0
ALL	0.212052004827	0.242730859559	0.0456173319548	0.499599803659
-uan	0.160029692045	0.497588838061	0.0539329599627	0.288448509931
-a‘j	0.00434949704625	0.711402816357	0.230201158485	0.0540465281118
-uap	0.593103448276	0.2	0.151724137931	0.0551724137931
-wma	0.00564772326156	0.961171902577	0.00494175785385	0.0282386163078
-dus	0.00645120412876	0.758794085628	0.220924941392	0.013829768851
-aah	0.024645957584	0.890901973427	0.02183434269	0.0626177262993
-eus	0.0123558484349	0.962314662273	0.0	0.0253294892916
-aju	0.17429406037	0.541869522882	0.117332035053	0.166504381694
-pul	0.543731231231	0.10426051051	0.0405405405405	0.311467717718
-pal	0.11578772119	0.820986871314	0.0258847593074	0.0373406481893
-pun	0.148605383871	0.112409767902	0.0144689993829	0.724515848843
-ntu	0.156947177126	0.575138379798	0.030386049287	0.237528393789
-lta	0.0	1.0	0.0	0.0
-smu	0.15602035048	0.180893159977	0.0169587337479	0.646127755794
-sen	0.0196399345336	0.862520458265	0.0981996726678	0.0196399345336
-nal	0.830924518911	0.10647817847	0.0241249200126	0.0384723826055
-uf2	0.0943396226415	0.905660377359	0.0	0.0
-car	0.685386088066	0.264837268666	0.0268028079132	0.0229738353542
-nam	0.25720988947	0.304130335397	0.159644355639	0.279015419494
-kat	0.254305990245	0.567731138344	0.0354315822805	0.142531289131
-kik	0.634241245136	0.31906614786	0.0350194552529	0.011673151751
-nmu	0.203420536381	0.540801304293	0.0571725151635	0.198605644162
-iam	0.204919990447	0.233580128971	0.431096250299	0.130403630284
-opi	0.0824742268041	0.917525773196	0.0	0.0
-kij	0.58044839599	0.202500587745	0.0605612430272	0.156489773237
-ope	0.0632344711808	0.894795747062	0.00503637381086	0.0369334079463
-ake	0.0	0.981072555205	0.018927444795	0.0
-dea	0.00630252100841	0.983193277311	0.0063025210084	0.00420168067227
-imu	0.156009598729	0.402174059425	0.0630924185069	0.378723923339
-rbe	0.0438596491228	0.956140350877	0.0	0.0
-deh	0.0862068965517	0.298850574713	0.597701149425	0.0172413793103
-dej	0.0709011349651	0.910638588815	0.00717899630795	0.0112812799125
-dek	0.104267701261	0.817167798254	0.0741998060135	0.00436469447138
-del	0.0794701986755	0.920529801324	0.0	0.0
-ggu	0.482515239012	0.255854988771	0.0467597048444	0.214870067372
-400	0.0	0.560975609756	0.0243902439024	0.414634146341
-ima	0.543855586899	0.0912414943243	0.0468251370078	0.318077781769
-wda	0.0416666666666	0.916666666667	0.0	0.0416666666666
-ej2	0.115169242185	0.5547933977	0.221270243919	0.108767116196
-ej3	0.155844155844	0.792207792208	0.025974025974	0.025974025974
-det	0.235152277612	0.682759343712	0.0493788331498	0.032709545526
-okh	0.605715120789	0.144351457204	0.059346653862	0.190586768146
-imi	0.50489577969	0.482307135453	0.00682511192371	0.00597197293325
-kil	0.335488593388	0.427839453459	0.229352202025	0.00731975112846
-bok	0.0334207077327	0.94495412844	0.0196592398427	0.00196592398427
-rwa	0.0869565217391	0.913043478261	0.0	0.0
-uw2	0.127306049061	0.443888789321	0.051512120669	0.37729304095
-lak	0.460296777674	0.245927147859	0.046672201381	0.247103873086
-kis	0.0770528683915	0.894263217098	0.0202474690664	0.00843644544431
-bit	0.47283797926	0.31062696223	0.0367234325944	0.179811625916
-bir	0.048632218845	0.591016548463	0.344140493077	0.016210739615
-bis	0.295400887991	0.0616237549333	0.0155069535801	0.627468403496
-kir	0.499575281376	0.339297090677	0.0522934805691	0.108834147377
-lu2	0.0867736579967	0.735251798561	0.146098505811	0.0318760376314
-oba	0.0	1.0	0.0	0.0
-iru	0.343689320388	0.535922330097	0.108737864078	0.0116504854369
-bix	0.670539209496	0.246116933956	0.00757671423159	0.075767142316
-ida	0.0105386416862	0.946721311475	0.0427400468384	0.0
-pol	0.416758544653	0.573318632856	0.00661521499449	0.00330760749724
-bid	0.253815961622	0.188399476668	0.51417357174	0.0436109899695
-bib	0.048	0.843	0.073	0.036
-ar2	0.404195512987	0.331945239706	0.219821976992	0.0440372703139
-bia	0.0490196078431	0.828431372549	0.0980392156863	0.0245098039216
-bil	0.527872364254	0.0536622009834	0.016298953527	0.402166481236
-bim	0.04	0.92	0.04	0.0
-ji2	0.152628889168	0.633690665998	0.0989677849761	0.114712659859
-bik	0.372093023256	0.519379844961	0.062015503876	0.046511627907
-bih	0.0807143119437	0.0337615452861	0.304604660773	0.580919481998
-wab	0.853435291391	0.0743057969336	0.004151701232	0.068107210443
-rif	0.0260586319218	0.755700325733	0.172638436482	0.0456026058632
-eja	0.0182219768084	0.978464936499	0.00331308669244	0.0
-rid	0.0529626266703	0.916121689129	0.00824418245339	0.0226715017468
-uta	0.039415212211	0.0977651832292	0.845688156115	0.0171314484446
-ejd	0.285714285714	0.714285714286	0.0	0.0
-‘in	0.0377358490566	0.924528301887	0.0	0.0377358490566
-ria	0.0172313735585	0.766822231495	0.0146617827647	0.201284612182
-rin	0.155741744702	0.756037456875	0.0517496303598	0.0364711680631
-eji	0.165871121718	0.571599045346	0.204057279236	0.0584725536993
-uth	0.84375	0.0859375	0.0703125	0.0
-sil	0.261044621797	0.642799314058	0.0506815356148	0.045474528531
-rij	0.336466761501	0.434950332561	0.0259973689747	0.202585536963
-ejm	0.00179984770519	0.993908207767	0.0	0.00429194452777
-ejn	0.00401740877134	0.995982591229	0.0	0.0
-eru	0.607579346281	0.145965577136	0.0664456024001	0.180009474183
-uts	0.763157894737	0.0964912280702	0.0964912280702	0.0438596491228
-rit	0.102027468934	0.814257684761	0.0667102681491	0.0170045781557
-ejs	0.0158894645941	0.961312607945	0.0210708117444	0.00172711571675
-ejt	0.053450608931	0.903247631935	0.00811907983763	0.0351826792963
-ris	0.169250778656	0.685559776842	0.0390183797104	0.106171064791
-rip	0.552631578947	0.25	0.0	0.197368421053
-sib	0.258064516129	0.612903225806	0.129032258064	0.0
-teh	0.573184803835	0.13789277472	0.270282265223	0.0186401562223
-tej	0.230027396387	0.610454716282	0.109319950758	0.0501979365727
-tek	0.0289010149126	0.0211691935799	0.0039814436288	0.945948347879
-nap	0.0647344335722	0.0656207042612	0.35473442746	0.514910434707
-ten	0.15	0.659090909091	0.122727272727	0.0681818181818
-jin	0.0332066213049	0.338016169169	0.254269838425	0.374507371102
-met	0.121506539668	0.80250885666	0.0534510921446	0.0225335115272
-jil	0.0318503658648	0.590359978485	0.353635474846	0.0241541808046
-jim	0.0	1.0	0.0	0.0
-bi2	0.010101010101	0.989898989899	0.0	0.0
-jik	0.105962229411	0.0573591274662	0.583973711465	0.252704931657
-jih	0.103448275862	0.51724137931	0.0	0.379310344828
-lup	0.394514767932	0.605485232068	0.0	0.0
-pat	0.237964633818	0.155662833461	0.107468136476	0.498904396245
-lur	0.00460475825019	0.976976208749	0.00920951650038	0.00920951650038
-lus	0.0305255585484	0.821474562263	0.0324544278877	0.115545451301
-lut	0.11734079076	0.798262965237	0.0107996271287	0.0735966168747
-ari	0.156558813305	0.335108082856	0.0144844263281	0.493848677511
-luw	0.173924268503	0.409879518072	0.384165232358	0.0320309810671
-luh	0.0751151013698	0.207052856137	0.0186766057269	0.699155436766
-aru	0.264495635162	0.0825629642848	0.559945919048	0.092995481505
-luk	0.123442152136	0.828472057545	0.0245039917793	0.0235817985403
-mea	0.0	1.0	0.0	0.0
-lum	0.248006410012	0.0349186088054	0.0157197909115	0.701355190271
-lun	0.0627055921053	0.908511513158	0.00411184210528	0.0246710526316
-ars	0.0	1.0	0.0	0.0
-mel	0.0865384615384	0.0673076923077	0.769230769231	0.076923076923
-jit	0.206451612903	0.116129032258	0.638709677419	0.0387096774194
-ra2	0.197022884236	0.590312088725	0.0296665523306	0.182998474709
-lud	0.624087591241	0.310218978102	0.0383211678832	0.0273722627737
-jis	0.110535032764	0.0244833297329	0.845106934543	0.0198747029596
-mek	0.0	1.0	0.0	0.0
-mej	0.0483552631579	0.869243421053	0.0735197368421	0.00888157894737
-alu	0.0705121949466	0.032714965702	0.0180990408608	0.878673798491
-aya	0.220225818418	0.157551375494	0.0374508171305	0.584771988957
-iwe	0.0	1.0	0.0	0.0
-um2	0.104607721046	0.657534246575	0.204234122042	0.0336239103362
-lji	0.0	1.0	0.0	0.0
-mpu	0.41241214693	0.376740485347	0.0	0.210847367723
-ayi	0.0858416945374	0.882385730212	0.0133779264214	0.0183946488294
-kia	0.00207401324256	0.995851973515	0.00207401324256	0.0
-oha	0.060910450951	0.849326779226	0.0	0.0897627698225
-pau	0.110917790344	0.3906046107	0.43323183993	0.0652457590257
-ayu	0.305393586006	0.594873663751	0.0450680272109	0.0546647230321
-ot2	0.00596826870471	0.988063462591	0.00596826870472	0.0
-num	0.691917498139	0.273305496718	0.0274412306199	0.00733577452216
-ij2	0.0486265725721	0.857177449947	0.0456814477026	0.0485145297781
-ij3	0.0873786407767	0.718446601942	0.0776699029126	0.116504854369
-gol	0.116772823779	0.834394904459	0.0488322717622	0.0
-xat	0.0934934885147	0.84792221034	0.0262747341109	0.0323095670339
-cuk	0.461424719492	0.333304340263	0.142645907628	0.0626250326172
-si2	0.0353982300885	0.926253687316	0.0117994100295	0.0265486725664
-xaz	0.0300751879699	0.96992481203	0.0	0.0
-ubu	0.0	0.953684210526	0.0336842105262	0.0126315789474
-sra	0.156976744186	0.639534883721	0.139534883721	0.0639534883721
-ki3	0.272727272727	0.582644628099	0.095041322314	0.0495867768595
-ki2	0.00725196211821	0.783132820826	0.0116286083873	0.197986608669
-xad	0.0	1.0	0.0	0.0
-xaf	0.699708454811	0.169096209913	0.0	0.131195335277
-cik	0.171516603903	0.470729202328	0.321807600137	0.0359465936323
-na2	0.0787496242861	0.450556056507	0.330928764653	0.139765554554
-uba	0.7786129627	0.0540348886683	0.0212735782159	0.146078570416
-xal	0.0510272592991	0.936887337183	0.0120854035182	0.0
-xam	0.107178968655	0.789686552073	0.0697674418605	0.0333670374115
-xan	0.0	1.0	0.0	0.0
-aud	0.0088231061319	0.963833014137	0.000996335698709	0.0263475440325
-umu	0.162893371996	0.73809638604	0.032704948331	0.0663052936328
-ota	0.0345288806827	0.805722344184	0.0277975662591	0.131951208874
-gmu	0.482595708959	0.434238525662	0.0187415809305	0.0644241844484
-ija	0.0169852879218	0.172588216189	0.0143812459188	0.79604524997
-ode	0.292537313433	0.528358208955	0.0	0.179104477612
-oti	0.0157236607993	0.967187202595	0.00376540298087	0.0133237336246
-ali	0.197262585176	0.233249192378	0.0339986136361	0.53548960881
-iji	0.0838257369187	0.686932517752	0.19952886675	0.0297128785792
-kej	0.240724115236	0.651125702578	0.0650544454546	0.0430957367319
-aui	0.61646234676	0.187390542907	0.0805604203152	0.115586690018
-oas	0.0	1.0	0.0	0.0
-uma	0.158059467919	0.302034428795	0.178403755869	0.361502347418
-umi	0.0175325096052	0.9484742784	0.014610424671	0.0193827873241
-naj	0.039603960396	0.943894389439	0.006600660066	0.00990099009902
-ih2	0.177522349936	0.554278416347	0.252873563218	0.0153256704981
-nah	0.234207265968	0.472436104179	0.0233382702751	0.270018359578
-nai	0.107645875252	0.868209255533	0.0241448692153	0.0
-nan	0.206743985136	0.581615657894	0.144326580774	0.0673137761963
-aki	0.137216063135	0.743148197543	0.0461289789355	0.0735067603867
-akh	0.141959809139	0.366902612338	0.223286971351	0.267850607171
-sis	0.0	1.0	0.0	0.0
-sir	0.302927022524	0.579560946621	0.034548653593	0.082963377262
-dla	0.319879919947	0.339226150767	0.255170113409	0.0857238158772
-‘is	0.0408163265306	0.959183673469	0.0	0.0
-kin	0.179492497601	0.0963508741335	0.417864721053	0.306291907212
-aka	0.063941144835	0.0535221238242	0.0058933745742	0.876643356767
-zum	0.016393442623	0.868852459016	0.114754098361	0.0
-sik	0.0400793517366	0.916747923742	0.010288826872	0.0328838976497
-sij	0.0714212210456	0.599134614913	0.0412111471008	0.28823301694
-‘ij	0.75246898159	0.106919140565	0.0194559344518	0.121155943394
-sih	0.235247299062	0.273423557317	0.0899285235725	0.401400620048
-‘il	0.0	1.0	0.0	0.0
-sin	0.0604838709677	0.68064516129	0.210483870968	0.0483870967742
-sim	0.0884866735362	0.813046952905	0.0465719334402	0.0518944401191
-kit	0.218368262889	0.363345431839	0.320639659681	0.0976466455918
-nar	0.106695759081	0.39611093679	0.358192905486	0.139000398644
-nas	0.216478877682	0.58117693034	0.188114642613	0.0142295493656
-aku	0.0735798529803	0.0654476508561	0.006426910229	0.854545585935
-aun	0.422625340827	0.489733459462	0.0525847198264	0.0350564798843
-nat	0.441923691607	0.450337086908	0.0909308007421	0.0168084207432
-sid	0.421052631579	0.561403508772	0.0175438596491	0.0
-goh	0.269756838906	0.145896656535	0.315096251266	0.269250253293
-gok	0.8	0.0888888888889	0.0888888888889	0.0222222222222
-mot	0.0490196078431	0.866946778712	0.0560224089636	0.0280112044818
-mos	0.0133630289532	0.986636971047	0.0	0.0
-mor	0.266540642722	0.556710775047	0.1606805293	0.0160680529301
-htu	0.0347542909003	0.664348824173	0.0285882070309	0.272308677896
-gon	0.669458570147	0.115166018546	0.0188453484894	0.196530062818
-gog	0.0333333333333	0.933333333333	0.0333333333333	0.0
-lku	0.245344595892	0.558456517566	0.077942023421	0.118256863122
-ndu	0.411637931035	0.484913793103	0.051724137931	0.051724137931
-mon	0.0171638722561	0.970936804541	0.00887040456934	0.00302891863343
-wus	0.103270223752	0.571428571429	0.211703958692	0.113597246127
-hh2	0.128140703518	0.856783919598	0.0150753768844	0.0
-lip	0.0384615384615	0.884615384615	0.0	0.0769230769231
-gor	0.610892903901	0.112856768788	0.0219952867243	0.254255040587
-oci	0.115456238361	0.823091247672	0.0614525139665	0.0
-is2	0.192760762476	0.67873206254	0.0899550224887	0.0385521524951
-wut	0.0132192846034	0.968247796786	0.00881285640228	0.0097200622084
-yau	0.424657534247	0.397260273973	0.178082191781	0.0
-yat	0.223141267751	0.379952936567	0.266554209512	0.13035158617
-450	0.0	0.0769230769231	0.0512820512821	0.871794871795
-jla	0.857142857143	0.102040816327	0.0204081632653	0.0204081632653
-pur	0.46469740634	0.359014769452	0.135761887608	0.0405259365994
-bbi	0.410488245931	0.336347197107	0.0	0.253164556962
-ber	0.293044900013	0.390642686455	0.0739529618916	0.242359451641
-aji	0.336217552534	0.483312731768	0.132262051916	0.0482076637824
-ma2	0.124426981008	0.185985592665	0.0780339847654	0.611553441561
-mfa	0.0	1.0	0.0	0.0
-bet	0.0576136673431	0.893920576743	0.0162966104262	0.0321691454881
-uil	0.0334987593052	0.925558312655	0.0409429280397	0.0
-bej	0.175803981623	0.777947932619	0.0168453292496	0.0294027565085
-uai	0.491400298437	0.341946124244	0.0739809942669	0.092672583052
-ha2	0.0165289256198	0.98347107438	0.0	0.0
-rli	0.0	0.98	0.0	0.02
-iap	0.0726381608589	0.125385993253	0.0844881079279	0.717487737961
-bel	0.0401846825903	0.693950239503	0.0202415579079	0.245623519998
-yam	0.0635937885137	0.917180182401	0.0192260290855	0.0
-yal	0.324324324324	0.513513513514	0.108108108108	0.0540540540541
-yan	0.120391741002	0.852473332918	0.0109163495727	0.016218576508
-yai	0.757201134787	0.0422586876585	0.0467848194133	0.153755358141
-beg	0.0679530201342	0.927013422819	0.00503355704698	0.0
-yak	0.075360472528	0.137231719764	0.691014508207	0.0963932995013
-rej	0.570505456634	0.30384836301	0.0819931074095	0.0436530729466
-upu	0.016393442623	0.659836065574	0.00819672131148	0.315573770492
-isj	0.0226537216828	0.957928802589	0.00647249190938	0.0129449838188
-isi	0.0800627379074	0.800146508294	0.020201066904	0.0995896868947
-hha	0.127992183683	0.829506595017	0.00586223742064	0.0366389838789
-rea	0.00953011250827	0.95274652548	0.000397088021178	0.0373262739907
-ng2	0.151845090994	0.54535496853	0.0323236219912	0.270476318485
-isa	0.244823871434	0.546094476337	0.0818145595679	0.127267092661
-ual	0.925432756325	0.0633821571238	0.00798934753661	0.00319573901464
-pak	0.889665183721	0.0912123742576	0.00218664695758	0.0169357950636
-upa	0.264663108282	0.276617453344	0.0367006007629	0.422018837611
-wu2	0.0336507936508	0.825396825397	0.129523809524	0.0114285714286
-isu	0.245103525462	0.0604364857303	0.617235590375	0.0772243984331
-ret	0.308282726046	0.635543184885	0.0212550607287	0.0349190283401
-coh	0.168831168831	0.714285714286	0.103896103896	0.012987012987
-jur	0.117926420331	0.18574614533	0.637364224173	0.0589632101657
-jus	0.00940640625773	0.952967968711	0.0329719293034	0.00465369572751
-hab	0.114114114114	0.855855855856	0.018018018018	0.012012012012
-had	0.103396603397	0.6003996004	0.178321678322	0.117882117882
-juw	0.141319117801	0.703668861712	0.113619734504	0.0413922859831
-jut	0.430662385184	0.232544246135	0.291987155552	0.0448062131282
-hah	0.0372818636493	0.868930948108	0.0838841932111	0.00990299503185
-hai	0.139848372522	0.328437301959	0.036965129716	0.494749195803
-jux	0.294117647059	0.691176470588	0.0147058823529	0.0
-mar	0.389473805068	0.461037693606	0.122484126893	0.0270043744331
-hal	0.137298553597	0.187386519176	0.0273133425678	0.648001584659
-mat	0.0998910849077	0.72969087046	0.0768172775538	0.0936007670784
-han	0.0920652724075	0.798016466697	0.0376316463072	0.0722866145886
-ebu	0.0589132312304	0.764347075078	0.0	0.176739693691
-jub	0.224299065421	0.663551401869	0.0560747663551	0.0560747663551
-mah	0.0700135200999	0.778732607391	0.0937186022923	0.0575352702164
-har	0.038861661737	0.848439519226	0.0181354421439	0.0945633768933
-maj	0.0	0.99748427673	0.00251572327044	0.0
-hat	0.658701680296	0.120042675428	0.174582754546	0.0466728897303
-mal	0.254497149499	0.645283297356	0.0642054574639	0.0360140956809
-jud	0.554618030765	0.291375493102	0.0112863561296	0.142720120003
-man	0.243886817284	0.652816498629	0.0487586504347	0.0545380336519
-juk	0.323394528734	0.451178467484	0.200341893587	0.0250851101953
-haz	0.0	1.0	0.0	0.0
-jui	0.701901140684	0.257794676806	0.00912547528517	0.0311787072243
-jun	0.364347826087	0.531304347826	0.0495652173913	0.0547826086957
-jum	0.0	0.987261146497	0.0127388535032	0.0
-nku	0.185082556222	0.518268844364	0.0809698000648	0.21567879935
-uni	0.772259814335	0.112279563859	0.0676779491589	0.0477826726474
-oh2	0.134928511735	0.450201090071	0.128553023637	0.286317374557
-oh3	0.372262773723	0.474452554745	0.0875912408759	0.0656934306569
-cil	0.111613645075	0.142148971509	0.667535454197	0.0787019292194
-ung	0.250654786037	0.4487946292	0.259677828646	0.0408727561164
-una	0.178252050489	0.226708936589	0.351008104277	0.244030908645
-aum	0.100374732334	0.83244111349	0.0289079229122	0.0382762312634
-pta	0.353754940711	0.604743083004	0.0415019762846	0.0
-kaj	0.0	0.979865771812	0.0201342281879	0.0
-unu	0.863504356244	0.0987415295256	0.0232333010649	0.0145208131655
-in2	0.0738269364224	0.658303528533	0.217904233171	0.0499653018737
-in3	0.280170741172	0.673263484672	0.023282887078	0.023282887078
-sia	0.0587408653275	0.69283554601	0.149094008218	0.0993295804444
-wna	0.0	0.988700564972	0.0112994350282	0.0
-gad	0.0	0.387755102041	0.0	0.612244897959
-tra	0.00289855072463	0.927536231884	0.0695652173913	0.0
-ku2	0.464285714286	0.417857142857	0.0428571428571	0.075
-ada	0.198492915755	0.012295382027	0.00541583197457	0.783795870243
-gan	0.0830494063515	0.102610190713	0.0193552714867	0.794985131449
-gam	0.0643737355159	0.61835571087	0.29519955858	0.022070995034
-gal	0.649928872224	0.127368649138	0.0802095207589	0.142492957879
-gak	0.423699381816	0.193581996249	0.116690977287	0.266027644648
-beh	0.0231145374162	0.0226262021187	0.393090381097	0.561168879368
-gai	0.0876800710043	0.166611397751	0.0529850091194	0.692723522125
-adi	0.699745225769	0.0367344126554	0.0150259679154	0.248494393661
-hju	0.586885245902	0.261358313817	0.0281030444966	0.123653395785
-eia	0.246882793017	0.331670822943	0.324189526185	0.0972568578554
-144	0.0	0.100877192982	0.0	0.899122807018
-gat	0.390123323471	0.118528799952	0.150372591785	0.340975284792
-gas	0.254649866191	0.503936217663	0.0661239964318	0.175289919715
-gar	0.833164206705	0.0924004708881	0.0102150832555	0.0642202391514
-dku	0.387002909796	0.466343355965	0.0529582929195	0.0936954413191
-ben	0.0	0.922178988327	0.0	0.0778210116732
-ol2	0.377622377622	0.440559440559	0.041958041958	0.13986013986
-mes	0.0	0.956521739131	0.0434782608695	0.0
-ini	0.211213316141	0.0549796836069	0.0076724693653	0.726134530887
-sem	0.0	1.0	0.0	0.0
-bed	0.0	1.0	0.0	0.0
-sej	0.0213523131673	0.957295373665	0.0213523131673	0.0
-‘ej	0.0175438596491	0.947368421053	0.0	0.0350877192982
-seh	0.315500111632	0.188100022326	0.287954900647	0.208444965394
--mu	0.243663626315	0.474786210056	0.0566439016705	0.224906261958
-ina	0.389534833729	0.393126320783	0.141057021603	0.0762818238848
-rza	0.0	0.849056603774	0.150943396226	0.0
-sed	0.177322074789	0.663449939686	0.0289505428227	0.130277442702
-uit	0.36062639821	0.534675615213	0.0697986577181	0.0348993288591
-sea	0.0	1.0	0.0	0.0
-ing	0.225384142623	0.363189188021	0.181468035494	0.229958633863
-uih	0.458904109589	0.527397260274	0.013698630137	0.0
-ome	0.0	1.0	0.0	0.0
-laj	0.0147136100893	0.178139779296	0.575407251708	0.231739358907
-upi	0.504811250925	0.39970392302	0.0177646188009	0.0777202072539
-set	0.291633466135	0.576892430279	0.0741035856573	0.0573705179283
-ohh	0.00474427631815	0.982101139345	0.00884160586563	0.00431297847105
-hsa	0.20618556701	0.423018421497	0.0706439073855	0.300152104107
-kuw	0.259305993691	0.502208201893	0.0523659305994	0.186119873817
-lat	0.303407975169	0.634846229373	0.0492192696291	0.012526525829
-kut	0.293190289783	0.422036366551	0.123834505323	0.160938838343
-kus	0.07989800255	0.8608159796	0.0305992350191	0.0286867828304
-kur	0.37545038989	0.560096800215	0.0471901048669	0.0172627050282
-tku	0.191718021945	0.610551630843	0.0902385604776	0.107491786734
-edj	0.0	1.0	0.0	0.0
-ena	0.486972765706	0.20526496903	0.0623340871105	0.245428178154
-net	0.228800938671	0.677332009567	0.0825849541947	0.0112820975676
-ian	0.123398526365	0.307146024879	0.0675184624793	0.501936986277
-iai	0.761073556983	0.123856966231	0.0273450590766	0.0877244177087
-iah	0.160257787325	0.774436090226	0.0494092373792	0.0158968850698
-iak	0.718178279486	0.126119112495	0.0373686259245	0.118333982094
-yah	0.126136779062	0.70001218582	0.0314123365633	0.142438698554
-nen	0.00325273772091	0.907296974954	0.0894502873252	0.0
-fuw	0.530612244898	0.285714285714	0.142857142857	0.0408163265306
-fos	0.0	1.0	0.0	0.0
-nej	0.0	0.996908809892	0.0030911901082	0.0
-ga2	0.162956898295	0.717035013045	0.0823760930788	0.0376319955808
-neh	0.0303634120884	0.927792010627	0.0303634120884	0.0114811651959
-iar	0.0596816976127	0.189820954907	0.745523872679	0.00497347480106
-npa	0.184868051656	0.042953396968	0.0428832116789	0.729295339697
-iks	0.0394500896593	0.919306634788	0.017931858936	0.0233114166169
-kum	0.289403766606	0.615723185077	0.0305220818616	0.0643509664559
-kul	0.486086417782	0.412453102833	0.0381935247439	0.0632669546413
-kuk	0.568190127971	0.28592321755	0.142047531993	0.00383912248629
-gha	0.192148760331	0.772727272727	0.00619834710742	0.0289256198347
-kui	0.770165745856	0.116574585635	0.0273480662984	0.0859116022099
-kuh	0.280701754386	0.302631578947	0.390350877193	0.0263157894737
-ban	0.109992010266	0.808530857323	0.0559705106167	0.025506621795
-bal	0.0769230769231	0.2668997669	0.608391608392	0.0477855477856
-baj	0.0	0.829787234043	0.0425531914894	0.127659574468
-non	0.343373493976	0.512048192771	0.144578313253	0.0
-bah	0.235958054075	0.679467362313	0.0244913898375	0.0600831937741
-bai	0.748926042029	0.207186810635	0.0365726227795	0.0073145245559
-430	0.233695652174	0.0	0.0	0.766304347826
-er2	0.0	0.962962962963	0.0	0.037037037037
-ekh	0.152723624217	0.718239201392	0.0405146246364	0.0885225497542
-hon	0.265260158288	0.655885332215	0.0200364366311	0.0588180728658
-mku	0.107019434432	0.569321095463	0.0174649771469	0.306194492958
-gi2	0.00840925017517	0.44078486335	0.042046250876	0.508759635599
-hor	0.0	1.0	0.0	0.0
-joh	0.0134932533733	0.0201717323157	0.0917950115851	0.874540002726
-guh	0.239146053333	0.313167469068	0.212804105005	0.234882372594
-bax	0.0	0.98786407767	0.0	0.0121359223301
-uji	0.652753550959	0.236689093779	0.0657031314893	0.0448542237727
-uas	0.330093386697	0.317705355441	0.254621688584	0.0975795692777
-bat	0.420223947019	0.482741798497	0.0558770267313	0.0411572277522
-bau	0.0791788856305	0.780058651026	0.105571847507	0.0351906158358
-gsa	0.0533267532851	0.8708920787	0.0275369347753	0.0482442332401
-bas	0.052954599103	0.653867338107	0.275552757888	0.017625304902
-bap	0.031746031746	0.650793650794	0.285714285714	0.031746031746
-ica	0.0	1.0	0.0	0.0
-jma	0.0	1.0	0.0	0.0
-mbu	0.0375	0.9505	0.0105	0.0015
-asa	0.151414261506	0.492827777061	0.0726140453995	0.283143916034
-yer	0.0	1.0	0.0	0.0
-ias	0.0939534006226	0.82482784643	0.0495236298462	0.0316951231016
-asi	0.427710220063	0.438324012003	0.0418234592575	0.0921423086767
-mba	0.0983243225395	0.741009405497	0.0188596222112	0.141806649752
-zur	0.407986982109	0.478411852214	0.0604651365701	0.053136029107
-oel	0.0	1.0	0.0	0.0
-hap	0.347905282331	0.387978142077	0.0728597449909	0.191256830601
-mbi	0.164490861619	0.77545691906	0.0391644908616	0.0208877284596
-aul	0.51871657754	0.294117647059	0.155080213904	0.0320855614973
-jmu	0.113695090439	0.700258397933	0.0361757105943	0.149870801034
-ihi	0.546906795498	0.278810614765	0.0917233073548	0.0825592823821
-kub	0.0074487895717	0.98696461825	0.0	0.00558659217877
-uza	0.0	0.981981981982	0.018018018018	0.0
-hli	0.184590690209	0.556294427884	0.143315753268	0.11579912864
-raw	0.13968678681	0.56834815456	0.0794837491147	0.212481309514
-rat	0.308108193741	0.597101480528	0.0367189812017	0.0580713445297
-rau	0.23178807947	0.381898454746	0.0927152317881	0.293598233995
-rar	0.424468085106	0.495744680851	0.0159574468085	0.0638297872341
-ras	0.172817504428	0.282416205892	0.428968939823	0.115797349857
-rap	0.410267239803	0.353381252557	0.0775957233211	0.158755784319
-ran	0.226255971223	0.643968073694	0.0659574608883	0.0638184941943
-eri	0.0432214964158	0.0511944219138	0.00287154594364	0.902712535727
-iwa	0.178357473269	0.637218472738	0.0323045423523	0.15211951164
-ram	0.147101855444	0.548460074524	0.275781864426	0.0286562056059
-rak	0.218051213381	0.676100611088	0.0639458021028	0.0419023734276
-rah	0.0741017979944	0.673551309319	0.139594258463	0.112752634224
-rai	0.298717215459	0.660511479696	0.0270446931939	0.0137266116513
-raf	0.125541125541	0.809523809524	0.0476190476191	0.017316017316
-era	0.0906573938387	0.354253966585	0.0301154635908	0.524973175986
-ba2	0.0943311879365	0.878822921826	0.00864668243853	0.0181992077992
-juh	0.00693659051496	0.0171906808414	0.0993741988992	0.876498529744
-kun	0.1569607039	0.564089180523	0.106256058459	0.172694057117
-ro2	0.207547169811	0.792452830189	0.0	0.0
-por	0.569844789357	0.225609756098	0.184589800443	0.019955654102
-pot	0.0	0.982456140351	0.00584795321637	0.0116959064327
-pok	0.169744942832	0.720316622691	0.0184696569921	0.0914687774846
-poh	0.412185265776	0.211066210755	0.207336027355	0.169412496114
-dum	0.0	0.992502677615	0.0	0.00749732238486
-pon	0.577712920575	0.0568768903064	0.00600190648795	0.359408282631
-as2	0.234219164907	0.276517448303	0.157233361909	0.332030024881
-uga	0.114616264433	0.0349053807405	0.10297654206	0.747501812766
-aza	0.0	0.899159663866	0.0504201680672	0.0504201680673
-ugi	0.360613810742	0.501278772378	0.107416879795	0.0306905370844
-sa2	0.0489943872779	0.889382600561	0.0482927970065	0.0133302151544
-laf	0.290076335878	0.593723494487	0.0958439355385	0.0203562340967
-oni	0.0	0.941860465116	0.0581395348837	0.0
-aal	0.0	1.0	0.0	0.0
-uju	0.596688090104	0.181087361568	0.0558963301024	0.166328218226
-ika	0.0362094399636	0.0644211759164	0.0135957051325	0.885773678988
-sja	0.115360101976	0.620777565328	0.224665391969	0.0391969407266
-lal	0.268649779224	0.132000929584	0.482918893795	0.116430397397
-lam	0.0621692551339	0.14890261011	0.00798728296469	0.780940851792
-lan	0.348865857671	0.496351990233	0.0484302906512	0.106351861446
-nos	0.0344827586207	0.965517241379	0.0	0.0
-lah	0.489889549099	0.281806797777	0.0298549765955	0.198448676529
-lai	0.31307792731	0.37925002967	0.0537499352264	0.253922107793
-ib2	0.0301810865191	0.894322456478	0.0670982416236	0.00839821537923
-ikh	0.18070811223	0.618663112045	0.119620216066	0.0810085596599
-noh	0.578686223733	0.210824915492	0.172890268251	0.0375985925238
-lau	0.219578430105	0.627828785723	0.0356911935859	0.116901590586
-iku	0.117203032117	0.257185853706	0.0898647377038	0.535746376473
-law	0.0291994805164	0.0321656968406	0.00236435261565	0.936270470027
-lap	0.212208319242	0.516824484275	0.241165032127	0.0298021643558
-nom	0.721292607348	0.257813191678	0.0174413457282	0.00345285524568
-lar	0.220975543632	0.741160106644	0.0138234927566	0.0240408569681
-las	0.159380888763	0.173886934797	0.0888811848026	0.577850991637
-i26	0.479166666667	0.354166666667	0.125	0.0416666666666
-gka	0.844037945903	0.076994436107	0.0340885059023	0.0448791120873
-aaf	0.57875046764	0.312308267864	0.0817059483726	0.0272353161242
-uki	0.393173899271	0.504474184352	0.0199952486538	0.0823566677226
-gej	0.0527442955654	0.428917418848	0.209721365701	0.308616919886
-ahh	0.0209098263738	0.941377808202	0.0272574522372	0.0104549131869
-ahi	0.489907735883	0.391476708841	0.0641813623992	0.0544341928759
-dor	0.651845548346	0.0988192745453	0.00765875970641	0.241676417402
-dop	0.56241299304	0.309280742459	0.117447795824	0.0108584686775
-ato	0.171875	0.25	0.546875	0.03125
-bol	0.981481481481	0.0185185185185	0.0	0.0
-bon	0.250936939873	0.680625712889	0.0627342349682	0.00570311226986
-aha	0.140485447095	0.493389373402	0.0475051661938	0.31862001331
-boh	0.30646713462	0.595897686209	0.0241279948527	0.0735071843184
-kja	0.0392156862745	0.960784313725	0.0	0.0
-bot	0.792310802949	0.112736773482	0.0631730014216	0.0317794221477
-dod	0.0357142857143	0.928571428571	0.0357142857143	0.0
-bow	0.684782608696	0.228260869565	0.0869565217391	0.0
-bor	0.458639252034	0.500035617436	0.0148573278828	0.026467802647
-doa	0.62933346218	0.339356896093	0.00661947672312	0.0246901650038
-don	0.0	1.0	0.0	0.0
-ger	0.56862745098	0.313725490196	0.117647058824	0.0
-dom	0.00396966045225	0.996030339548	0.0	0.0
-dok	0.0	1.0	0.0	0.0
-doh	0.234721073431	0.360536715375	0.350519253745	0.0542229574487
-ahu	0.677880222583	0.144159907416	0.0167880132042	0.161171856797
-sas	0.110723805618	0.812179618618	0.0319868771786	0.0451096985852
-sar	0.0344399936682	0.162636444206	0.429776209353	0.373147352773
-wra	0.0395314787701	0.96046852123	0.0	0.0
-saw	0.0	1.0	0.0	0.0
-mia	0.00800000000002	0.992	0.0	0.0
-sau	0.43723961223	0.487345028296	0.0457576338381	0.0296577256358
-sat	0.511247486228	0.21683870291	0.12048134107	0.151432469793
-ton	0.629397327516	0.29970002727	0.058903736024	0.0119989091901
-ibu	0.00909983768861	0.535833993492	0.0219696081339	0.433096560686
-tol	0.107296137339	0.751072961373	0.141630901288	0.0
-usa	0.0553648821304	0.869854949019	0.00713981511637	0.067640353734
-toh	0.739287799183	0.209106830123	0.020198482195	0.0314068884997
-mpa	0.608219788125	0.254883657198	0.0724091566967	0.0644873979806
-sab	0.0954653937947	0.892601431981	0.0	0.0119331742243
-tor	0.401148482363	0.355701394586	0.181788351107	0.0613617719442
-ik2	0.154049761779	0.0926416093171	0.164107993647	0.589200635257
-la2	0.0795573598743	0.836792823468	0.0767744892614	0.00687532739654
-sad	0.0833333333333	0.891414141414	0.0252525252525	0.0
-sak	0.471620510008	0.285165889772	0.202906498492	0.0403071017275
-saj	0.00675666522163	0.966433429067	0.0024791373144	0.0243307683971
-sai	0.441714114474	0.250966042616	0.111824361623	0.195495481286
-sah	0.385425721514	0.44551373509	0.109636873304	0.059423670092
-san	0.245831708462	0.579302990028	0.0806678816723	0.0941974198375
-‘an	0.124196631901	0.766035802669	0.0659231745006	0.0438443909294
-sal	0.38730848818	0.293470309136	0.0884141880735	0.23080701461
-rot	0.191910854313	0.644380244876	0.163708900812	0.0
-gku	0.156155759045	0.44738306958	0.0526790512439	0.343782120131
-lom	0.0958250010203	0.0253846467779	0.00220381177815	0.876586540424
-rop	0.12917753022	0.636169708462	0.135103105001	0.0995496563167
-iel	0.0340998513596	0.881962052986	0.0681997027192	0.0157383929352
-loh	0.0926118539845	0.206816498723	0.0330756621373	0.667495985155
-ros	0.148961661342	0.0305511182109	0.107727635783	0.712759584664
-nak	0.0273280734795	0.783904949072	0.019211455791	0.169555521657
-loe	0.121212121212	0.818181818182	0.0	0.0606060606061
-der	0.00816802800467	0.991831971995	0.0	0.0
-gki	0.274336283186	0.424778761062	0.256637168142	0.0442477876106
-des	0.0576541360245	0.791400171875	0.037797263691	0.11314842841
-ah2	0.173659610561	0.607059715229	0.060563405699	0.158717268511
-rom	0.0	0.884959522795	0.115040477205	0.0
-ron	0.248337416871	0.165645782289	0.00945047252362	0.576566328316
-lor	0.209110066461	0.742259685524	0.0291781488085	0.0194520992057
-mas	0.0925403225806	0.760114247312	0.135920698925	0.0114247311828
-lop	0.293779216109	0.386911183028	0.31715210356	0.00215749730313
-hku	0.0995736167323	0.406995233291	0.0416483443693	0.451782805607
-pia	0.0	0.89247311828	0.10752688172	0.0
-mau	0.117647058823	0.882352941177	0.0	0.0
-omo	0.0	1.0	0.0	0.0
-ipa	0.00372439478585	0.993482309125	0.000931098696462	0.00186219739292
-ham	0.222830123153	0.706350012021	0.0294926936126	0.0413271712126
-usi	0.123473541384	0.544097693351	0.142469470828	0.189959294437
-sap	0.0959033862183	0.873549609283	0.00994553634857	0.0206014681506
-maw	0.127659574468	0.872340425532	0.0	0.0
-ewa	0.138918576381	0.725889355738	0.114200975694	0.0209910921866
-‘at	0.206896551724	0.537931034483	0.051724137931	0.203448275862
-esa	0.702015660299	0.105410918343	0.114491259623	0.0780821617354
-ewi	0.0473350726798	0.934401789042	0.00819977636973	0.0100633619083
-ipu	0.609466048282	0.271138066357	0.0588655012486	0.0605303841122
-awk	0.0	1.0	0.0	0.0
-mai	0.0652723258991	0.847904346783	0.0252912866183	0.0615320406996
-awi	0.101509630401	0.628698994915	0.181996556281	0.0877948184039
-awn	0.155711338515	0.261136061092	0.015406281015	0.567746319378
-awm	0.016520575626	0.960869446492	0.00606209551897	0.0165478823626
-awl	0.0	0.903225806452	0.0967741935484	0.0
-awa	0.284363248859	0.0646733099565	0.015521404861	0.635442036324
-toa	0.106870229008	0.419847328244	0.473282442748	0.0
-mak	0.149287043775	0.475239052563	0.295839989842	0.0796339138201
-awd	0.0408163265306	0.959183673469	0.0	0.0
-has	0.155159339032	0.375408340328	0.384132344206	0.0852999764339
-iup	0.640670666051	0.314105522227	0.0359944623904	0.00922934933087
-aws	0.00325715216329	0.996742847837	0.0	0.0
-mam	0.0146664415325	0.892316512411	0.0879318943074	0.00508515174957
-jta	0.0260502889271	0.0213337498048	0.00431047946275	0.948305481805
-ath	0.00256629597947	0.926432848589	0.0153977758768	0.0556030795551
-awu	0.204208708709	0.0383983983984	0.0258558558559	0.731537037037
-awt	0.089474527395	0.894184556232	0.0127363024672	0.0036046139058
-put	0.474746418241	0.265246248364	0.042937900595	0.2170694328
-stu	0.0477707006369	0.799363057325	0.152866242038	0.0
-276	0.0	0.166666666667	0.0	0.833333333333
-haw	0.0535643954313	0.85387948011	0.0275699094132	0.0649862150453
-ter	0.117207580794	0.781863669077	0.0450666575277	0.0558620926009
-aim	0.0	1.0	0.0	0.0
-sti	0.297392469296	0.0388903025903	0.0342172917306	0.629499936383
-ngi	0.45290765035	0.343449932193	0.092109871644	0.111532545813
-ur2	0.195121951219	0.658536585366	0.146341463415	0.0
-pku	0.411855273287	0.380292532717	0.0877598152425	0.120092378753
-sta	0.180595082709	0.528051924877	0.261552261419	0.0298007309943
-cun	0.0206896551724	0.441379310345	0.537931034483	0.0
-cul	0.669250401739	0.157765384252	0.0510445221665	0.121939691842
-rab	0.00719424460432	0.992805755396	0.0	0.0
-oli	0.0	0.962962962963	0.037037037037	0.0
-kku	0.078497359741	0.618856275268	0.095676363077	0.206970001914
-lui	0.0749397822526	0.0411600346854	0.00936506407168	0.87453511899
-iki	0.568361516708	0.180354360247	0.0434004732498	0.207883649795
-pir	0.31805594574	0.05855440061	0.0502468194406	0.57314283421
-ucu	0.0384615384615	0.961538461538	0.0	0.0
-or2	0.198192697521	0.678349004762	0.0685065331542	0.0549517645622
-uci	0.0455232425006	0.289672544081	0.639523700481	0.0252805129379
-uch	0.00705190989226	0.945347698335	0.0464250734574	0.00117531831538
-aik	0.116926915255	0.274685822535	0.40831102044	0.20007624177
-red	0.0	1.0	0.0	0.0
-pit	0.0996490089439	0.594332099074	0.306018891983	0.0
-cut	0.469655972169	0.286818708929	0.231928875145	0.0115964437572
-ux2	0.316666666667	0.466666666667	0.166666666667	0.05
-cur	0.226009406878	0.635636185939	0.0329851566794	0.105369250504
-saf	0.230183609494	0.543215405284	0.122704881326	0.103896103896
-leh	0.145595582312	0.0356283349614	0.014010044575	0.804766038152
-fsu	0.135781087634	0.623657776238	0.187911326637	0.0526498094908
-lej	0.140312905242	0.784026345987	0.0577484629953	0.0179122857756
-ois	0.0	1.0	0.0	0.0
-top	0.636717368235	0.241245136187	0.0742836929607	0.0477538026176
-len	0.143790849673	0.0980392156863	0.758169934641	0.0
-mum	0.265418766499	0.306695464363	0.207343412527	0.220542356611
-mul	0.0592334494774	0.829268292683	0.0836236933798	0.0278745644599
-mun	0.305803500816	0.106162297195	0.0677182244274	0.520315977562
-kem	0.0	1.0	0.0	0.0
-muh	0.644230769231	0.298076923077	0.0576923076923	0.0
-muk	0.368133735928	0.488392089424	0.143474174649	0.0
-leg	0.0	1.0	0.0	0.0
-muw	0.687751109615	0.251877405919	0.0414396600686	0.0189318243968
-iuk	0.214848143982	0.73340832396	0.0247469066367	0.0269966254218
-yik	0.0464104241083	0.928686421492	0.0135835387634	0.0113196156362
-mus	0.0251777596456	0.957337685045	0.00279752884951	0.01468702646
-mur	0.113564515345	0.572552405039	0.275096055639	0.0387870239774
-ios	0.0	0.950819672131	0.0491803278689	0.0
-les	0.0	1.0	0.0	0.0
-let	0.0817382189409	0.748632759092	0.0939978124146	0.0756312095525
-jas	0.715094339623	0.14858490566	0.0745283018868	0.0617924528302
-fta	0.0	1.0	0.0	0.0
