-cab	0.0	1.0	0.0	0.0
-euz	0.0	1.0	0.0	0.0
-cai	0.0	1.0	0.0	0.0
-cah	0.00450112528132	0.989497374344	0.00375093773445	0.00225056264066
-can	0.0	1.0	0.0	0.0
-eus	0.00973418195433	0.974541370273	0.00561587420442	0.010108573568
-eur	0.0	1.0	0.0	0.0
-cas	0.0452830188679	0.954716981132	0.0	0.0
-iva	0.0	0.951219512195	0.0487804878048	0.0
-rba	0.0	0.952380952381	0.0476190476189	0.0
-700	0.12	0.12	0.0	0.76
-euh	0.0273845887627	0.165486313503	0.0217831572357	0.785345940499
-rbe	0.01	0.99	0.0	0.0
-gta	0.512079595823	0.36030558154	0.0959031336742	0.0317116889626
-ivk	0.0	0.25	0.0	0.75
-aus	0.211009174312	0.733944954128	0.0	0.0550458715596
-auh	0.204523622391	0.227229062964	0.451925596018	0.116321718627
-aum	0.00719424460434	0.990407673861	0.0	0.00239808153477
-aul	0.0278348333769	0.94339669617	0.00492960376442	0.0238388666891
-au’	0.0490677134446	0.932286555447	0.0	0.0186457311089
-vam	0.166666666667	0.5	0.333333333333	0.0
-i-a	0.43587060473	0.171348992762	0.0357971171124	0.356983285395
-cam	0.0	1.0	0.0	0.0
-cal	0.0	1.0	0.0	0.0
-eu’	0.0	1.0	0.0	0.0
-car	0.0	1.0	0.0	0.0
-ca’	0.0	1.0	0.0	0.0
-ive	0.0453023878598	0.841330060255	0.071412631109	0.0419549207766
-gka	0.185135135135	0.654054054054	0.152702702703	0.0081081081081
-gko	0.682891003476	0.210457170488	0.030271236851	0.0763805891852
-ido	0.232914923291	0.57880055788	0.0355648535565	0.152719665272
-eci	0.216958734449	0.698148412172	0.0140403295293	0.0708525238499
-ech	0.0342056459922	0.931176591799	0.034617762209	0.0
-eco	0.0444444444444	0.911111111111	0.0444444444444	0.0
-eca	0.210526315789	0.789473684211	0.0	0.0
-ide	0.24776880578	0.181045473863	0.471738206545	0.0994475138121
-ece	0.0181818181818	0.981818181818	0.0	0.0
-ida	0.0	0.990188062142	0.0	0.00981193785773
-kpi	0.141730853963	0.361762430973	0.111045036556	0.385461678508
-kpa	0.26234783247	0.624382687295	0.0445570278494	0.0687124523862
-ecu	0.0	1.0	0.0	0.0
-uta	0.315504755257	0.612424744787	0.0134368728732	0.0586336270832
-ute	0.0296558437554	0.136356007742	0.012975573859	0.821012574644
-uth	0.0160642570281	0.725568942436	0.0053547523427	0.253012048193
-uto	0.501923350905	0.244336800114	0.131500213706	0.122239635276
-utu	0.624203821656	0.337579617834	0.0	0.0382165605095
-iab	0.0	0.986301369863	0.013698630137	0.0
-i–a	0.8	0.2	0.0	0.0
-pha	0.419620001765	0.236025906964	0.206540368376	0.137813722894
-phe	0.00673325103805	0.993266748962	0.0	0.0
-phi	0.447368421053	0.214285714286	0.315789473684	0.0225563909774
-pho	0.324172392255	0.542161149282	0.0886945658963	0.0449718925671
-ked	0.428571428572	0.571428571428	0.0	0.0
-phu	0.458164094232	0.517465475223	0.0	0.0243704305443
-ng’	0.123640969705	0.817599662222	0.0334259878259	0.025333380247
-ija	0.0	1.0	0.0	0.0
-nub	0.0	1.0	0.0	0.0
-keh	0.0409734478113	0.0245653340396	0.00477088090954	0.929690337239
-ian	0.0213006331019	0.917169587722	0.0481599478327	0.0133698313432
--ha	0.571428571429	0.428571428571	0.0	0.0
--ho	0.0	1.0	0.0	0.0
-845	0.0	1.0	0.0	0.0
-840	0.0	0.571428571428	0.0	0.428571428572
-ph’	0.0355555555555	0.964444444444	0.0	0.0
-xes	0.014598540146	0.985401459854	0.0	0.0
-280	0.0	0.538461538461	0.0	0.461538461539
-284	0.0	0.0	0.0	1.0
-288	0.333333333333	0.0	0.0	0.666666666667
-’ve	0.333333333333	0.666666666667	0.0	0.0
-lpa	0.586934710897	0.274509932302	0.065765126594	0.0727902302071
-yal	0.0	0.83606557377	0.16393442623	0.0
-yah	0.0	1.0	0.0	0.0
-lpi	0.0442580096054	0.816280624962	0.131193385616	0.0082679798164
-hhi	0.322033898305	0.338983050847	0.0677966101695	0.271186440678
-pol	0.0	0.285714285714	0.714285714286	0.0
-067	0.0	0.25	0.0	0.75
-psa	0.447622253772	0.28821299454	0.125759283383	0.138405468304
-uar	0.0	1.0	0.0	0.0
-wmg	0.666666666667	0.333333333333	0.0	0.0
-ui-	0.666666666667	0.333333333333	0.0	0.0
-667	0.0	0.2	0.0	0.8
-666	0.0	0.0123456790123	0.0246913580247	0.962962962963
-ade	0.0	0.625	0.375	0.0
-052	0.0	0.25	0.0	0.75
-ada	0.00665557404326	0.993344425957	0.0	0.0
-oh’	0.0405576679342	0.929024081115	0.0152091254753	0.0152091254753
-adi	0.0368550368551	0.904176904177	0.044226044226	0.014742014742
-’ci	0.733333333333	0.266666666667	0.0	0.0
-se’	0.0	0.985074626866	0.0	0.0149253731343
-lam	0.169727432975	0.184903656824	0.152063636845	0.493305273356
-aaw	0.0	0.777777777778	0.0	0.222222222222
-ady	0.0	1.0	0.0	0.0
-sen	0.269436102769	0.203370036703	0.203536870204	0.323656990324
-sem	0.424126343341	0.345348076347	0.0611199219227	0.16940565839
-sel	0.562242247885	0.207017826419	0.166517738921	0.0642221867755
-lbi	0.0183908045977	0.96091954023	0.016091954023	0.00459770114941
-seh	0.370044988658	0.430009635008	0.131013344865	0.0689320314693
-see	0.0157232704403	0.977987421384	0.00314465408805	0.00314465408805
-sed	0.0	1.0	0.0	0.0
-sea	0.0736842105263	0.884210526316	0.0315789473684	0.0105263157895
-aap	0.020979020979	0.963286713287	0.00524475524475	0.0104895104895
-ohe	0.390314419949	0.609685580051	0.0	0.0
-oha	0.454545454545	0.545454545455	0.0	0.0
-uin	0.465882352941	0.463529411765	0.0141176470588	0.0564705882353
-seu	0.0973282442748	0.862595419847	0.0057251908397	0.0343511450381
-oho	0.757575757576	0.121212121212	0.0	0.121212121212
-ses	0.0329901731399	0.965060053034	0.00101388238964	0.000935891436593
-ser	0.0444444444445	0.844444444444	0.111111111111	0.0
-ad’	0.0	0.76	0.24	0.0
-aam	0.532150497043	0.319994966654	0.106077765194	0.0417767711086
-ih’	0.5	0.5	0.0	0.0
-aal	0.0487106017192	0.926934097421	0.0143266475645	0.0100286532951
-mtu	0.333333333333	0.333333333333	0.333333333333	0.0
-law	0.517857142857	0.267857142857	0.0535714285715	0.160714285714
-mto	0.654920046118	0.0992029675673	0.0518822998647	0.19399468645
-aai	0.152467000777	0.606126914661	0.228700501165	0.012705583398
-mta	0.592870059416	0.232601394988	0.06396280031	0.110565745285
-mte	0.10902479524	0.736689146666	0.0576987721768	0.096587285917
-uum	0.568181818182	0.376033057851	0.0371900826446	0.0185950413223
-uui	0.2	0.8	0.0	0.0
-az’	0.0	1.0	0.0	0.0
-uuk	0.22641509434	0.509433962264	0.264150943396	0.0
-los	0.0198555956679	0.9440433213	0.0216606498195	0.014440433213
-ug’	0.0	1.0	0.0	0.0
-iap	0.546012269939	0.360429447853	0.0168711656442	0.0766871165644
-uut	0.608695652174	0.391304347826	0.0	0.0
-oz’	0.0	1.0	0.0	0.0
-zol	0.732323232323	0.172438672439	0.0281385281385	0.0670995670996
-zom	0.408795821741	0.253429003759	0.104700541807	0.233074632694
-zon	0.710196078431	0.182745098039	0.0152941176471	0.0917647058824
-gzo	0.75	0.25	0.0	0.0
-ra’	0.0	0.88679245283	0.0	0.11320754717
-zop	0.352250489237	0.248532289628	0.240704500978	0.158512720157
-zor	0.0	1.0	0.0	0.0
-gzu	0.0	0.959459459459	0.0405405405405	0.0
-rat	0.0	1.0	0.0	0.0
-rar	0.0	1.0	0.0	0.0
-ras	0.0	1.0	0.0	0.0
-ran	0.0	0.993127147766	0.00687285223368	0.0
-eri	0.0	1.0	0.0	0.0
-ral	0.142857142857	0.591836734694	0.244897959184	0.0204081632653
-ram	0.011456758692	0.964197629087	0.0192537194685	0.00509189275202
-rak	0.0	1.0	0.0	0.0
-rah	0.0348558843244	0.951354974624	0.00919276070094	0.00459638035048
-rai	0.01171875	0.98828125	0.0	0.0
-era	0.0	1.0	0.0	0.0
-rad	0.0	1.0	0.0	0.0
-rab	0.0	1.0	0.0	0.0
-oza	0.0	1.0	0.0	0.0
-a’m	0.689655172414	0.310344827586	0.0	0.0
-a’n	0.356051617338	0.270827366681	0.0400959028534	0.333025113128
-ozo	1.0	0.0	0.0	0.0
-azo	0.404077849861	0.145505097312	0.0834105653382	0.367006487489
-azi	0.076595744681	0.923404255319	0.0	0.0
-aza	0.137241838774	0.640239840107	0.191205862758	0.0313124583611
-ike	0.0	1.0	0.0	0.0
-ika	0.440490585593	0.10226291242	0.0445672827777	0.412679219209
-iko	0.709289129505	0.0772078659002	0.0683708210079	0.145132183587
-nor	0.0	1.0	0.0	0.0
-nos	0.0	1.0	0.0	0.0
-ro’	0.181818181818	0.818181818182	0.0	0.0
-ikh	0.0	1.0	0.0	0.0
-noh	0.854368932039	0.0873786407767	0.0	0.0582524271843
-iku	0.403225806452	0.411290322581	0.161290322581	0.0241935483871
-nok	0.12152891212	0.813786344332	0.0411630186213	0.0235217249265
-nom	0.0267857142857	0.933035714286	0.0401785714286	0.0
-non	0.0	0.996024734982	0.00397526501767	0.0
-noo	0.727272727273	0.0	0.272727272727	0.0
-nob	0.130434782609	0.869565217391	0.0	0.0
-nod	0.0	1.0	0.0	0.0
-nof	0.165467625899	0.834532374101	0.0	0.0
--ol	1.0	0.0	0.0	0.0
--im	0.829754601227	0.115030674847	0.0138036809816	0.0414110429448
-dod	0.0	0.99173553719	0.0	0.00826446280991
--in	0.316487656808	0.214129417573	0.0440095948087	0.42537333081
--ip	0.233195020747	0.704564315353	0.0174273858922	0.0448132780083
--ir	0.0	1.0	0.0	0.0
--it	0.507193472193	0.266265836375	0.0289886192828	0.197552072149
-gla	0.175350701403	0.775551102205	0.0070140280561	0.0420841683366
-tob	0.0	1.0	0.0	0.0
-ton	0.518441196938	0.298306657388	0.103224309905	0.080027835769
-gli	0.289655172414	0.710344827586	0.0	0.0
-tol	0.432964329643	0.175891758918	0.391143911439	0.0
-tom	0.23161316538	0.295814709468	0.399431125559	0.0731409995936
-tok	0.555555555556	0.444444444444	0.0	0.0
-toh	0.457782139352	0.177860647694	0.0420961727184	0.322261040236
-glo	0.281890890984	0.126443220365	0.480565151091	0.111100737559
-182	0.0	0.0	0.0	1.0
-tot	0.481575603558	0.194409148666	0.28208386277	0.0419313850063
-tou	0.0	1.0	0.0	0.0
-tor	0.0184388444991	0.926244622004	0.0553165334972	0.0
-top	0.178899082569	0.621559633028	0.199541284404	0.0
-vok	0.194124423963	0.802419354839	0.0	0.00345622119815
-vom	0.150176202054	0.437208528039	0.392920030293	0.0196952396137
-no’	0.115942028985	0.710144927536	0.0144927536232	0.159420289855
-iel	0.0115736275607	0.96971567455	0.00752285791443	0.0111878399753
-ror	0.0	1.0	0.0	0.0
-ros	0.0	1.0	0.0	0.0
-roz	0.0	1.0	0.0	0.0
-187	0.0	0.0	0.0	1.0
-rod	0.0140807295159	0.925573286845	0.0434491082205	0.0168968754191
-rom	0.0	1.0	0.0	0.0
-ron	0.0079844303608	0.983432307001	0.00738559808372	0.00119766455412
-ier	0.0	1.0	0.0	0.0
-roi	0.35	0.45	0.0	0.2
-ar–	0.0	1.0	0.0	0.0
-hko	0.618513323983	0.368863955119	0.0126227208976	0.0
-sat	0.660053619303	0.215159639288	0.0421155252254	0.0826712161832
-eia	0.3	0.5	0.0333333333333	0.166666666667
-ar’	0.0283018867925	0.943396226415	0.0283018867924	0.0
-276	0.0	0.169811320755	0.0	0.830188679245
-tic	0.127659574468	0.851063829787	0.0212765957447	0.0
-273	0.387096774194	0.129032258064	0.193548387097	0.290322580645
-til	0.0	1.0	0.0	0.0
-’ah	0.0	0.882352941177	0.117647058823	0.0
-hys	0.0	1.0	0.0	0.0
-leh	0.112301135971	0.0355741201122	0.0076028052347	0.844521938682
-lei	0.24925865014	0.689972885962	0.0297174933167	0.031050970581
-lek	0.183333333334	0.75	0.0611111111111	0.00555555555557
-lel	0.258438733586	0.22750342383	0.0578425843873	0.456215258197
-lem	0.016413164905	0.974105582768	0.0038956202916	0.00558563203575
-len	0.241388086019	0.602861245933	0.0740579156896	0.0816927523586
-mum	0.0	1.0	0.0	0.0
-mul	0.097646714188	0.833024118738	0.0546821599453	0.0146470071282
-leb	0.0102564102564	0.984615384615	0.00512820512819	0.0
-mun	0.0905494706514	0.519593327693	0.0163206274438	0.373536574212
-led	0.0	1.0	0.0	0.0
-lee	0.00854133054949	0.973047356933	0.010819018696	0.00759229382177
-muk	0.0411710887466	0.950594693504	0.00686184812442	0.00137236962489
-leg	0.0	1.0	0.0	0.0
-mut	0.571725812045	0.246214310484	0.0574500057796	0.124609871691
-lez	0.0	1.0	0.0	0.0
-oic	0.0839160839161	0.265734265734	0.65034965035	0.0
-mus	0.0138666666667	0.979733333333	0.0048	0.0016
-ola	0.25	0.704545454545	0.0454545454545	0.0
-lep	0.221911682504	0.711011738402	0.0167691447736	0.0503074343208
-oin	0.0628645417949	0.0358928104809	0.0253566985138	0.87588594921
-oim	0.0	1.0	0.0	0.0
-les	0.0	1.0	0.0	0.0
-let	0.426892950392	0.415252393386	0.0690818102698	0.088772845953
-leu	0.13538869063	0.173687502299	0.0198668187337	0.671056988337
-lev	0.0	1.0	0.0	0.0
-oih	0.264589015154	0.089282100465	0.564516261639	0.0816126227425
-sah	0.05625	0.67625	0.16375	0.10375
-655	0.0	0.2	0.0	0.8
-120	0.0357142857143	0.125	0.0	0.839285714286
-le-	0.236842105263	0.171052631579	0.434210526316	0.157894736842
-650	0.333333333333	0.0	0.0	0.666666666667
-123	0.0	0.0	0.0	1.0
-128	0.0	0.0	0.0	1.0
-cip	0.60577722088	0.238864187162	0.113183530621	0.0421750613372
-mgi	0.0480673934589	0.914767096135	0.00297324083251	0.0341922695738
-pel	0.241661838947	0.0780435322353	0.0585947198543	0.621699908963
-pem	0.0	1.0	0.0	0.0
-pen	0.221375641523	0.236225349945	0.114215904174	0.428183104358
-peh	0.69298245614	0.231968810916	0.0165692007797	0.0584795321638
-pei	0.113029827315	0.679748822606	0.169544740973	0.0376766091052
-pek	0.163981770411	0.733402833053	0.0449400212726	0.0576753752633
-pet	0.608695652174	0.260869565217	0.0	0.130434782609
-peu	0.139784946236	0.860215053764	0.0	0.0
-lsa	0.669738262548	0.149824204762	0.0953463266588	0.0850912060309
-per	0.0	1.0	0.0	0.0
-cco	0.0	1.0	0.0	0.0
-u’n	0.386158475426	0.220661985958	0.0561685055164	0.3370110331
-cca	0.0980392156863	0.78431372549	0.078431372549	0.0392156862745
-itt	0.0	1.0	0.0	0.0
-itu	0.3	0.7	0.0	0.0
-wha	0.580679727462	0.291441741978	0.0500394250016	0.0778391055579
-esu	0.0041285435823	0.834302053653	0.00303383484309	0.158535567921
-est	0.0	1.0	0.0	0.0
-esk	0.25	0.75	0.0	0.0
-ito	0.313197886595	0.0604063402146	0.00980445558036	0.61659131761
-720	0.0	0.733333333333	0.0	0.266666666667
-esh	0.00986842105261	0.953289473684	0.0368421052631	0.0
-ith	0.0160256410256	0.983974358974	0.0	0.0
-725	0.0	0.333333333333	0.0	0.666666666667
-rib	0.0175438596491	0.982456140351	0.0	0.0
-esa	0.108303249097	0.729241877256	0.162454873646	0.0
-ite	0.0568547538038	0.660441035533	0.0585621784388	0.224142032224
-ese	0.503649635037	0.321167883212	0.153284671533	0.021897810219
-ita	0.268922229574	0.391577403838	0.140877309061	0.198623057528
-uda	0.300675675676	0.547297297297	0.0	0.152027027027
-ude	0.0277777777778	0.916666666667	0.0555555555556	0.0
-udi	0.0	1.0	0.0	0.0
-set	0.398601398601	0.377622377623	0.223776223776	0.0
-ud’	0.0	0.848101265823	0.151898734177	0.0
-b’s	1.0	0.0	0.0	0.0
-oco	0.0	1.0	0.0	0.0
-es’	0.0	1.0	0.0	0.0
-aem	1.0	0.0	0.0	0.0
-ael	0.0033892347861	0.990058244627	0.00625125527214	0.00030126531432
-la’	0.0999999999999	0.8	0.0999999999999	0.0
-ock	0.0	1.0	0.0	0.0
-ris	0.0	1.0	0.0	0.0
-tna	0.186042671557	0.68930648448	0.0790311712921	0.0456196726704
-gma	0.100687413477	0.198150118644	0.0372819105965	0.663880557283
-750	0.2	0.2	0.0	0.6
-id’	0.0625000000001	0.916666666667	0.0	0.0208333333333
-tnu	1.0	0.0	0.0	0.0
-gmu	0.261538461538	0.646153846154	0.0923076923077	0.0
-izu	0.0030456852792	0.972588832487	0.0243654822335	0.0
-eas	0.0	1.0	0.0	0.0
-gri	0.0	1.0	0.0	0.0
-riz	0.0	1.0	0.0	0.0
-ize	0.958139534884	0.0179401993356	0.0059800664452	0.0179401993355
-eab	0.0	1.0	0.0	0.0
-ead	0.00496963003865	0.995030369961	0.0	0.0
-rna	0.0	1.0	0.0	0.0
-nne	0.303614457831	0.566265060241	0.0	0.130120481928
-eah	0.00668151447661	0.964922048998	0.0283964365256	0.0
-izo	0.362603305785	0.242768595041	0.0433884297521	0.351239669421
-eam	0.0151515151515	0.89393939394	0.090909090909	0.0
-eal	0.58761682243	0.384345794393	0.0140186915888	0.0140186915888
-ean	0.0	1.0	0.0	0.0
-uri	0.0	1.0	0.0	0.0
-ura	0.0	1.0	0.0	0.0
-zni	0.0	1.0	0.0	0.0
--to	0.529411764706	0.117647058823	0.352941176471	0.0
--ta	0.0	0.4	0.6	0.0
--te	0.0243945721881	0.910400868273	0.0430918361062	0.022112723433
-nny	0.0	0.876470588235	0.123529411765	0.0
-iha	0.337492383904	0.352088797054	0.224747675435	0.0856711436064
-klu	0.747126436782	0.252873563218	0.0	0.0
-ihi	0.0425488805592	0.145881876203	0.0341910647351	0.777378178503
-iho	0.791446673706	0.0522703273495	0.00950369588174	0.146779303062
-nnu	0.0347826086958	0.547826086957	0.104347826087	0.313043478261
-nni	0.0192307692308	0.980769230769	0.0	0.0
-nno	0.296650717703	0.674641148325	0.0287081339714	0.0
-kli	0.0	0.714285714286	0.285714285714	0.0
-tpi	0.144719687093	0.248370273794	0.404172099087	0.202737940026
-ihu	0.310344827586	0.64224137931	0.0344827586208	0.0129310344827
-nna	0.172611302455	0.66030914595	0.0943245615967	0.0727549899989
-tpa	0.338934872844	0.503049341937	0.104971445391	0.0530443398274
-awn	0.320703906659	0.142895346923	0.0787601643166	0.457640582101
-260	0.0153846153846	0.0871794871795	0.0307692307692	0.866666666667
-’te	0.0110993657505	0.988900634249	0.0	0.0
-000	0.0863381298962	0.183287960442	0.0241124506917	0.70626145897
-00.	0.0	0.294117647059	0.0	0.705882352941
-392	0.0	0.2	0.0	0.8
-390	0.0	0.0	0.0	1.0
-d-a	0.461538461539	0.192307692308	0.115384615385	0.230769230769
-468	0.0	0.2	0.0	0.8
-137	0.0	0.142857142857	0.0	0.857142857143
-642	0.0	0.166666666667	0.0	0.833333333333
-133	0.0	0.0	0.0	1.0
-130	0.0	0.294117647059	0.0	0.705882352941
-648	0.0	0.2	0.0	0.8
-139	0.0	0.333333333333	0.0	0.666666666667
-138	0.0	0.6	0.0	0.4
-buz	0.0	1.0	0.0	0.0
-cri	0.0	1.0	0.0	0.0
-cre	0.0	0.909090909091	0.090909090909	0.0
-p-a	0.41697645601	0.244733581165	0.234200743494	0.104089219331
-ldo	0.0770270270271	0.701351351351	0.174324324324	0.0472972972973
-mre	0.0	1.0	0.0	0.0
-mri	0.018018018018	0.977477477477	0.00450450450451	0.0
-736	0.0	0.466666666666	0.0	0.533333333334
-730	0.4	0.2	0.057142857143	0.342857142857
-ldu	0.0	1.0	0.0	0.0
-usi	0.0	1.0	0.0	0.0
-ush	0.0	0.947663551402	0.0523364485981	0.0
-usa	0.278808804488	0.552438498058	0.0517911091929	0.116961588261
-use	0.21875	0.78125	0.0	0.0
-usu	0.549668874172	0.331125827815	0.0993377483444	0.0198675496689
-l-a	0.425240871846	0.434357018665	0.0580167337489	0.0823853757409
-eru	0.0	1.0	0.0	0.0
-epa	0.59998616559	0.246179261405	0.0394768965349	0.11435767647
-eph	0.00320225438709	0.992314589471	0.00320225438709	0.00128090175483
-epi	0.0	0.96511627907	0.0348837209303	0.0
-a-a	0.44320488303	0.306778270166	0.115202695351	0.134814151453
-win	0.492512479201	0.0881863560732	0.1846921797	0.234608985025
-h-a	0.37135470879	0.442695981701	0.0937111998562	0.092238109653
-wih	0.0	0.0	0.375	0.625
-ius	0.0229766803841	0.962105624143	0.00411522633745	0.0108024691358
-iuh	0.86573816156	0.13426183844	0.0	0.0
-ium	0.0436113236419	0.915072685539	0.0367253251722	0.00459066564651
-m-a	0.304025586913	0.420505492261	0.160148870618	0.115320050208
-iud	0.0	1.0	0.0	0.0
-uel	0.00635677393721	0.993643226063	0.0	0.0
-iim	0.135776513166	0.809153292682	0.049373277515	0.00569691663633
-iil	0.333333333333	0.333333333333	0.333333333333	0.0
-iin	0.159832451499	0.611992945326	0.0892857142857	0.138888888889
-aca	0.188679245283	0.584905660377	0.22641509434	0.0
-iik	0.431042330451	0.44151115157	0.00546199362767	0.121984524351
-lab	0.0	1.0	0.0	0.0
-tsi	0.257510729614	0.137339055794	0.283261802575	0.321888412017
-kmi	0.23645320197	0.261083743842	0.472906403941	0.0295566502463
-iit	0.358255451713	0.352024922118	0.0560747663551	0.233644859813
-tsa	0.567349164642	0.25407763621	0.0437261414903	0.134847057657
-iip	0.475409836066	0.360655737705	0.131147540984	0.0327868852459
-en-	0.666666666667	0.0	0.0	0.333333333333
-ta’	0.0	0.666666666667	0.333333333333	0.0
-mci	0.0148170099274	0.565861609127	0.414876277967	0.00444510297822
-ksa	0.666751145786	0.131971342436	0.111317082684	0.0899604290932
-tam	0.241218025747	0.196625156941	0.347606679635	0.214550137677
-tan	0.316579749844	0.447436424423	0.0730368640557	0.162946961677
-tah	0.19808296288	0.24197351376	0.0314302755799	0.52851324778
-tai	0.682845900245	0.244581516537	0.0214399659683	0.0511326172498
-tak	0.168956719163	0.510239598895	0.131981052905	0.188822629037
-tad	0.0	0.818181818182	0.181818181818	0.0
-gna	0.0899783872298	0.0786674904174	0.74836621567	0.0829879066824
-tat	0.321184623822	0.354489704343	0.23881936481	0.085506307025
-tau	0.0961656203826	0.856812819906	0.0337967460428	0.0132248136689
-gnu	0.0440232344848	0.831397126261	0.0366860287374	0.0878936105167
-tap	0.512195121951	0.176829268293	0.0914634146341	0.219512195122
-tar	0.076923076923	0.923076923077	0.0	0.0
-tas	0.0	1.0	0.0	0.0
-ent	0.027062715891	0.851732229526	0.0211627873082	0.100042267275
-ens	0.040404040404	0.959595959596	0.0	0.0
-eno	0.0	0.454545454545	0.545454545455	0.0
-eni	0.0	1.0	0.0	0.0
-ene	0.0269817958264	0.955087263909	0.0039277297722	0.0140032104922
-rmi	0.0	1.0	0.0	0.0
-ena	0.499747229464	0.378070877994	0.0399320643685	0.0822498281729
-het	0.341053212021	0.241797628894	0.127929418252	0.289219740833
-heu	0.613636363637	0.25	0.0	0.136363636363
-hew	0.0268156424581	0.959776536313	0.00670391061454	0.00670391061454
-hep	0.39603960396	0.251485148515	0.316831683168	0.0356435643565
-her	0.0109335576114	0.976450798991	0.0100925147183	0.00252312867956
-hes	0.12676056338	0.859154929577	0.0140845070422	0.0
-hel	0.398558285607	0.439493596531	0.0736701627468	0.0882779551151
-hem	0.405801834798	0.512898992786	0.0308638015199	0.0504353708963
-hen	0.508112646284	0.25117018255	0.00940118733989	0.231315983825
-el’	0.00913937547599	0.990860624524	0.0	0.0
-u-a	0.410497233564	0.20902041164	0.0788746867031	0.301607668093
-hei	0.595574225343	0.0600574818243	0.0901477159777	0.254220576855
-hek	0.54961564659	0.329006519412	0.0222438454802	0.099133988518
-818	0.0	0.142857142857	0.0	0.857142857143
-heg	0.0	1.0	0.0	0.0
-hea	0.00377358490566	0.992452830189	0.00377358490566	0.0
-heb	0.0	1.0	0.0	0.0
-pu’	0.0373831775701	0.943925233645	0.0	0.0186915887851
-nsi	0.0625	0.895833333333	0.0	0.0416666666666
-nsa	0.609710290499	0.186244847537	0.0549874272473	0.149057434716
-put	0.5	0.5	0.0	0.0
--ua	0.347878976687	0.410855703163	0.0668066094533	0.174458710697
-pur	0.0	1.0	0.0	0.0
-pus	0.015503875969	0.984496124031	0.0	0.0
--um	0.313463613789	0.566803885014	0.0663435826304	0.0533889185665
--ul	0.0	0.889705882353	0.0661764705882	0.0441176470588
-250	0.0	0.217391304348	0.0	0.782608695652
--un	0.339566543225	0.194273590459	0.0473813781244	0.418778488192
--ui	0.2	0.8	0.0	0.0
-nah	0.344504250329	0.398551684042	0.0306721309862	0.226271934643
--uk	0.139410187668	0.333780160858	0.488893144389	0.0379165070854
-nai	0.21419289838	0.308818893172	0.0183320350227	0.458656173425
-pua	0.591385615603	0.150589191386	0.053311661926	0.204713531085
-sha	0.0254424531881	0.911620952083	0.00267815296717	0.0602584417613
-pul	0.0	0.770491803279	0.229508196721	0.0
-pum	0.433160533696	0.294892495963	0.136823319453	0.135123650888
-pun	0.434108527132	0.21834625323	0.180878552972	0.166666666667
-puh	0.0	1.0	0.0	0.0
-puk	0.777614138439	0.13280776228	0.0211383522481	0.0684397470328
-928	0.0	1.0	0.0	0.0
-nma	0.531561461794	0.321705426357	0.0249169435216	0.121816168328
-nam	0.0807043848107	0.822855787767	0.0274624399498	0.0689773874728
-nmi	0.75	0.25	0.0	0.0
-nab	0.0	1.0	0.0	0.0
-dea	0.00875405629764	0.977209267225	0.00860312429251	0.00543355218474
-msa	0.340277433675	0.561076776319	0.0450714338905	0.0535743561153
-kih	0.328798185941	0.514739229025	0.108843537415	0.047619047619
-ded	0.666666666667	0.333333333333	0.0	0.0
-dee	0.00347021399653	0.996529786003	0.0	0.0
-deh	0.424137931034	0.555172413793	0.0206896551724	0.0
-dei	0.0550486932768	0.878892874791	0.042977774992	0.0230806569401
-msi	0.119493908154	0.724461105904	0.127928772259	0.0281162136832
-dek	0.283558379666	0.51429706116	0.100873709293	0.101270849881
-del	0.25	0.75	0.0	0.0
-dem	0.270096463022	0.438906752412	0.271704180064	0.0192926045016
-den	0.26080774505	0.15749195857	0.0556422716961	0.526058024683
-dep	0.333333333333	0.412698412698	0.063492063492	0.190476190476
-oko	0.607843137255	0.235294117647	0.078431372549	0.078431372549
-des	0.056338028169	0.915492957747	0.0281690140845	0.0
-det	0.134744947064	0.820340070581	0.0256657042027	0.019249278152
-zul	0.466666666667	0.533333333333	0.0	0.0
-kil	0.166580976864	0.756298200514	0.0205655526992	0.0565552699229
-oka	0.152542372881	0.338983050848	0.101694915254	0.406779661017
-naz	0.0	1.0	0.0	0.0
-bit	0.232887633539	0.225894626546	0.485455912166	0.0557618277488
-bir	0.0	1.0	0.0	0.0
-bib	0.0	0.9	0.0333333333333	0.0666666666668
-lu-	0.0	0.297872340426	0.127659574468	0.574468085106
-bia	0.401821962571	0.5533221111	0.00980295078721	0.0350529755421
-bin	0.0377358490566	0.962264150943	0.0	0.0
-bil	0.0513810376919	0.924013958343	0.00434205952326	0.0202629444419
-bim	0.0352941176472	0.858823529412	0.105882352941	0.0
-100	0.0	0.0878378378376	0.0405405405405	0.871621621622
-zut	0.564977973568	0.203744493392	0.175110132159	0.056167400881
-105	0.0	1.0	0.0	0.0
-108	0.0	0.333333333333	0.0	0.666666666667
-bi’	0.0475946401113	0.9143296478	0.0	0.038075712089
-lux	0.11583011583	0.84555984556	0.0	0.03861003861
-met	0.462488808958	0.455125222824	0.0362064649803	0.0461795032384
-luz	0.0243902439024	0.975609756098	0.0	0.0
-ok’	0.172661870503	0.654676258993	0.0863309352518	0.0863309352518
-mes	0.00463105896882	0.987959246681	0.00185242358753	0.00555727076258
-mer	0.00931677018633	0.990683229814	0.0	0.0
-lup	0.700907998239	0.176137377872	0.0259904083017	0.0969642155871
-lus	0.0341356673961	0.939606126915	0.0157549234136	0.0105032822757
-lut	0.762432574219	0.0225985660672	0.0242575877824	0.190711271932
-luh	0.614405313776	0.300906386217	0.0199266588251	0.0647616411817
-med	0.0	1.0	0.0	0.0
-034	0.0	0.25	0.0	0.75
-luk	0.25	0.75	0.0	0.0
-mea	0.0	1.0	0.0	0.0
-lum	0.211765062959	0.720827050346	0.0295899376553	0.0378179490399
-lun	0.115463986233	0.692345958761	0.0367385410741	0.155451513933
-mel	0.192814331028	0.616468397741	0.106570947324	0.084146323907
-lub	0.0	1.0	0.0	0.0
-men	0.338363139593	0.0932066567313	0.00881768504719	0.559612518629
-mei	0.024568960886	0.831302811532	0.0165860278376	0.127542199744
-meh	0.227272727273	0.590909090909	0.0	0.181818181818
-mek	0.450740502254	0.477141017386	0.0450740502253	0.0270444301352
-rrh	0.0	1.0	0.0	0.0
-ak’	0.455072989392	0.240275636957	0.304651373651	0.0
-743	0.0	0.6	0.0	0.4
-ak–	0.0	0.959183673469	0.0408163265306	0.0
-745	0.0	0.5	0.0	0.5
-uby	0.0444444444443	0.955555555556	0.0	0.0
-ubu	0.111788617886	0.867886178862	0.020325203252	0.0
-ubi	0.0	1.0	0.0	0.0
-kva	0.0	1.0	0.0	0.0
-ub’	0.0	1.0	0.0	0.0
-lma	0.5	0.5	0.0	0.0
-365	0.0	0.157894736842	0.0	0.842105263158
-aki	0.0357142857143	0.964285714286	0.0	0.0
-aka	0.320292382073	0.248936380535	0.103379710364	0.327391527028
-lar	0.0	1.0	0.0	0.0
-ub-	0.0	0.8	0.0	0.2
-’-a	0.0	0.8	0.2	0.0
-zza	0.0	1.0	0.0	0.0
-gol	0.0949008498582	0.199716713881	0.620396600567	0.0849858356941
-gon	0.015503875969	0.968992248062	0.015503875969	0.0
-zzi	0.0	1.0	0.0	0.0
-gob	0.0	1.0	0.0	0.0
-gog	0.03	0.9	0.02	0.0500000000001
-ha’	0.538461538462	0.41958041958	0.041958041958	0.0
-gor	0.0	0.75	0.25	0.0
-gou	0.0422612513721	0.891877058178	0.0477497255764	0.0181119648738
-col	0.0	1.0	0.0	0.0
-con	0.166666666667	0.833333333333	0.0	0.0
-coh	0.0588235294119	0.941176470588	0.0	0.0
-eor	0.0137931034483	0.986206896552	0.0	0.0
-cob	0.00360706985692	0.992545388962	0.00144282794277	0.00240471323795
-eon	0.0151946818614	0.972143083254	0.0	0.0126622348844
-w’h	0.25	0.5	0.0	0.25
-cos	0.16	0.76	0.04	0.04
-cor	0.0	1.0	0.0	0.0
-upa	0.308221292623	0.400791874412	0.217834925829	0.0731519071361
-uph	0.0	1.0	0.0	0.0
-upi	0.12036199095	0.283438914027	0.465882352941	0.130316742081
-hza	0.37339055794	0.360515021459	0.00858369098712	0.257510729614
-in-	0.0	0.6	0.0	0.4
-pte	0.160425543493	0.767312258106	0.0274734875707	0.0447887108296
-hzu	0.0463365674139	0.930244228839	0.0168952827032	0.00652392104382
-pta	0.692307692308	0.153846153846	0.153846153846	0.0
-pth	0.0	1.0	0.0	0.0
-nla	0.295065505556	0.0792229338295	0.00955464281756	0.616156917797
-gad	0.0	1.0	0.0	0.0
-tra	0.0	1.0	0.0	0.0
-gab	0.0	1.0	0.0	0.0
-nli	0.0	0.666666666667	0.0	0.333333333333
-gan	0.134723601456	0.799900695134	0.0295156129317	0.0358600904778
-gam	0.0531092411562	0.789340612777	0.025302836222	0.132247309845
-gal	0.0582966191836	0.3680753202	0.0390867492467	0.53454131137
-gak	0.482121683344	0.322713115242	0.0897311270871	0.105434074327
-gai	0.778692659184	0.179724792905	0.0217874555516	0.0197950923596
-gah	0.118286545889	0.0754112773098	0.0169206072509	0.78938156955
-gaw	0.624843161857	0.171894604768	0.165621079046	0.0376411543287
-in’	0.474210545181	0.20588551561	0.293558908921	0.0263450302879
-gau	0.455598455598	0.266409266409	0.277992277992	0.0
-gat	0.381015452539	0.370860927152	0.082119205298	0.166004415011
-gar	0.0414746543779	0.940092165899	0.00921658986175	0.00921658986175
-gap	0.504373177842	0.34693877551	0.113702623907	0.0349854227406
-in–	0.914285714286	0.0857142857142	0.0	0.0
-gaz	0.0	1.0	0.0	0.0
-218	0.0	0.0	0.0	1.0
-inn	0.0490468752087	0.897336664936	0.0103842155451	0.0432322443103
-ino	0.0769304926251	0.685192326232	0.0566856261448	0.181191554998
-ina	0.197435375343	0.497913551033	0.186539153149	0.118111920475
-rza	0.0	1.0	0.0	0.0
-ine	0.866666666667	0.075	0.0166666666667	0.0416666666667
-ing	0.186447077499	0.0885257805099	0.0195849997544	0.705442142236
-800	0.0487804878049	0.487804878049	0.0975609756096	0.365853658536
-807	0.0	0.2	0.0	0.8
-kno	0.14451261077	0.734151329243	0.0967961826858	0.0245398773006
-kna	0.19664103515	0.675864744438	0.0769401845968	0.0505540358146
-int	0.0998668442077	0.84620505992	0.0539280958721	0.0
-inu	0.0494530196314	0.930106398921	0.0164843398771	0.0039562415705
-ga’	0.0	0.615384615385	0.34188034188	0.0427350427351
-rek	0.0	1.0	0.0	0.0
-iru	0.0	1.0	0.0	0.0
-eir	0.0	1.0	0.0	0.0
-mbu	0.15228426396	0.786802030457	0.0304568527918	0.0304568527919
-ltu	0.0	1.0	0.0	0.0
-930	0.0	0.2	0.0	0.8
-lti	0.0	0.809523809524	0.190476190476	0.0
-lto	0.495024875622	0.363184079602	0.10447761194	0.0373134328358
-lta	0.140127388535	0.649681528662	0.191082802548	0.0191082802548
-lte	0.151493349912	0.669652620476	0.106318910442	0.0725351191699
-hdo	0.417104433704	0.207186383694	0.223156125236	0.152553057365
-245	0.0	0.0	0.0	1.0
-247	0.0	0.25	0.0	0.75
-242	0.0	1.0	0.0	0.0
-119	0.0	0.0	0.0	1.0
-110	0.0	1.0	0.0	0.0
-112	0.0	0.888888888889	0.111111111111	0.0
-sa–	0.2	0.8	0.0	0.0
-ahi	0.489795458757	0.0195045242277	0.00164402567433	0.489055991341
-rem	0.0	1.0	0.0	0.0
-aha	0.425847058135	0.250118662913	0.131566285428	0.192467993524
-hat	0.0916012916269	0.0908417662586	0.0507013962013	0.766855545913
-023	0.0	0.0	0.0	1.0
-ahu	0.117647058824	0.882352941176	0.0	0.0
-sar	0.0756369426751	0.910031847134	0.0143312101911	0.0
-dda	0.0660869565217	0.892173913044	0.0	0.0417391304348
-sap	0.728728981644	0.144838738204	0.0222848263577	0.104147453794
-saw	0.038961038961	0.857142857143	0.025974025974	0.077922077922
-sau	0.0311016785645	0.907428130426	0.0191009068107	0.0423692841983
-mpi	0.0436045872743	0.630371062575	0.272233711556	0.053790638594
-ddi	0.0	1.0	0.0	0.0
-ddo	0.0	1.0	0.0	0.0
-mpa	0.122767641038	0.805340338931	0.0429471224314	0.0289448975997
-olh	0.575791962175	0.286524822695	0.0347990543735	0.102884160757
-oli	0.0	1.0	0.0	0.0
-ah’	0.0384294068504	0.949874686717	0.0116959064327	0.0
-olo	0.636363636364	0.272727272727	0.0909090909091	0.0
-sak	0.605259529568	0.222526243554	0.0868023768606	0.0854118500165
-ah–	0.0	1.0	0.0	0.0
-sai	0.305700295881	0.160011521039	0.0424183708203	0.491869812259
-mpu	0.571428571429	0.428571428571	0.0	0.0
-san	0.287061295344	0.505058163242	0.121292058801	0.0865884826136
-sam	0.631864096424	0.223162363925	0.0428094251162	0.102164114534
-sal	0.0610556311355	0.770349116792	0.0948064577148	0.0737887943574
-map	0.4	0.6	0.0	0.0
-mar	0.0104166666666	0.982638888889	0.00694444444445	0.0
-hal	0.415102509396	0.318842806234	0.234195241361	0.0318594430088
-mat	0.658669389144	0.225285009359	0.0253530712949	0.0906925302025
-maw	0.302580766876	0.104301021449	0.0075463271333	0.585571884541
-h’n	0.274051360675	0.246071291683	0.0183978535837	0.461479494059
-hap	0.467420212766	0.459441489362	0.0292553191489	0.0438829787234
-har	0.0275898311765	0.961374236353	0.00689745779413	0.00413847467648
-’in	0.133333333333	0.533333333333	0.0	0.333333333333
-zki	0.0	1.0	0.0	0.0
-mal	0.105036547512	0.81125463102	0.0190247321518	0.0646840893161
-man	0.393040315205	0.402736295197	0.049168170153	0.155055219444
-wka	0.635114503817	0.158778625954	0.0274809160305	0.178625954198
-wki	0.307692307692	0.346153846154	0.115384615385	0.230769230769
-ssa	0.0	1.0	0.0	0.0
-sse	0.00669642857143	0.993303571429	0.0	0.0
-uch	0.00975609756098	0.970731707317	0.0195121951219	0.0
-pci	0.25	0.0	0.75	0.0
-el‘	0.4	0.6	0.0	0.0
-ioh	0.0	1.0	0.0	0.0
-ion	0.0169456212237	0.974257471584	0.00416695603861	0.00462995115401
-ch’	0.115384615385	0.884615384615	0.0	0.0
-ios	0.0645161290323	0.935483870968	0.0	0.0
-ior	0.0	1.0	0.0	0.0
-ryl	0.0	1.0	0.0	0.0
-iot	0.0221729490022	0.977827050998	0.0	0.0
--et	0.651166902405	0.228076379067	0.0785007072136	0.0422560113154
-el-	0.0	1.0	0.0	0.0
--em	0.146341463415	0.439024390244	0.317073170732	0.0975609756098
--el	0.166666666667	0.833333333333	0.0	0.0
--en	0.368294635709	0.358153189218	0.128102481986	0.145449693088
--ek	0.119318181818	0.846590909091	0.0	0.0340909090908
-wnu	0.0	0.333333333333	0.666666666667	0.0
-gpa	0.0986271961083	0.853145075516	0.0232288605127	0.0249988678634
-gpi	0.0604158648949	0.854011500238	0.0531999185022	0.0323727163652
-chi	0.0	1.0	0.0	0.0
-cho	0.0	1.0	0.0	0.0
-cha	0.0	1.0	0.0	0.0
-rki	0.0	1.0	0.0	0.0
-elh	0.808302784149	0.119211972081	0.0150099160448	0.0574753277253
-eli	0.0470180648353	0.926998267756	0.022271714922	0.00371195248701
-ell	0.0220584472541	0.927697311778	0.0134801622108	0.0367640787568
-iye	0.0	1.0	0.0	0.0
-rka	0.0	1.0	0.0	0.0
-ela	0.566373224091	0.334589906738	0.0274557657108	0.0715811034603
--sa	0.119004930524	0.725011205737	0.104885701479	0.0510981622591
-unu	0.0421348314606	0.452247191011	0.471910112359	0.0337078651685
-832	0.0	0.2	0.0	0.8
-830	0.0	1.0	0.0	0.0
-hu’	0.238410596026	0.701986754967	0.0198675496689	0.0397350993378
-hul	0.43859142943	0.478850183854	0.0732705682106	0.00928781850557
-hum	0.264127799173	0.137193933343	0.0889712990696	0.509706968415
-hun	0.0674826506959	0.763513498148	0.0151486981392	0.153855153017
-huh	0.649397761562	0.260287369292	0.0247415097336	0.0655733594122
-hui	0.0547445255475	0.624087591241	0.321167883212	0.0
-huk	0.204443195782	0.505839546546	0.103155825929	0.186561431742
-hud	0.0281690140845	0.971830985916	0.0	0.0
-hua	0.18025264767	0.656667477291	0.0328276282279	0.130252246811
-hub	0.0	1.0	0.0	0.0
-hut	0.0926335879931	0.867899090229	0.00756756204833	0.0318997597293
-huu	0.288944723618	0.701005025126	0.00502512562814	0.00502512562814
-hup	0.319479785129	0.443596268024	0.0757704269155	0.161153519932
-hur	0.0217166494312	0.972078593588	0.0	0.00620475698035
-hus	0.0263578274761	0.973642172524	0.0	0.0
-tua	0.0111765730098	0.0147449437429	0.00435735722687	0.969721126021
-tub	0.0	1.0	0.0	0.0
-koa	0.0	1.0	0.0	0.0
-nci	0.0	0.925925925926	0.0740740740741	0.0
-vat	0.58648111332	0.174950298211	0.0622929092114	0.176275679258
-gbe	0.0	1.0	0.0	0.0
-tuh	0.651203758074	0.254257193189	0.0645918966529	0.0299471520846
-tui	0.077756572767	0.84428060361	0.0423290218613	0.0356338017618
-tuk	0.694256756757	0.193693693694	0.044481981982	0.0675675675676
-tul	0.037568764256	0.240513277143	0.0300550114048	0.691862947196
-koh	0.496287835523	0.415762421473	0.0188463735009	0.0691033695032
-tun	0.640816992248	0.113587926542	0.0320360836678	0.213558997542
-905	0.0	0.333333333333	0.0	0.666666666667
-tup	0.248899755501	0.488019559902	0.186797066015	0.0762836185818
-kot	0.105911036221	0.197596218368	0.0180059945423	0.678486750869
-tur	0.0	1.0	0.0	0.0
-tus	0.0159108989658	0.973349244232	0.00517104216388	0.00556881463803
-tut	0.675238370413	0.158335741115	0.0407396706155	0.125686217856
-kop	0.155154091392	0.666312433581	0.066950053135	0.111583421892
-vad	0.0	1.0	0.0	0.0
-gbu	0.480167014614	0.300626304802	0.0104384133612	0.208768267223
-vak	0.171472324405	0.664453327932	0.117873055593	0.04620129207
-vah	0.396193771626	0.5	0.0934256055364	0.0103806228374
-vai	0.253788610705	0.526927429818	0.128743754658	0.0905402048196
-van	0.110701329085	0.7683904067	0.0530033723388	0.0679048918763
-val	0.293239175735	0.269448946515	0.262502894189	0.174808983561
-koz	0.0	1.0	0.0	0.0
-lix	0.00456621004566	0.979452054795	0.00913242009132	0.0068493150685
-345	0.0	0.0	0.0	1.0
-liv	0.0	1.0	0.0	0.0
-lip	0.0147983721791	0.977987421384	0.00499445061043	0.00221975582686
-lis	0.00443458980044	0.862527716186	0.00443458980044	0.128603104213
-pa’	0.172086980802	0.734786390637	0.0354473826938	0.0576792458674
-lin	0.437415045793	0.332930085931	0.09482722873	0.134827639546
-lio	0.0129310344828	0.987068965517	0.0	0.0
-jew	0.0190163934426	0.733770491803	0.227049180328	0.0201639344262
-lik	0.666666666667	0.0	0.333333333333	0.0
-lid	0.0	1.0	0.0	0.0
-oma	0.414147006218	0.28711353377	0.153095988417	0.145643471595
-lia	0.0454069158226	0.942368145302	0.0	0.0122249388753
-ome	0.0118098612341	0.674047829938	0.310599350458	0.00354295837024
-en’	0.232948583421	0.636935991606	0.0797481636936	0.0503672612802
-kod	0.0	1.0	0.0	0.0
-160	0.0	1.0	0.0	0.0
-162	0.0	0.142857142857	0.0	0.857142857143
-vaw	0.0	1.0	0.0	0.0
-pah	0.25305881673	0.187518091481	0.0558301572395	0.50359293455
-pai	0.8766959692	0.0479440387806	0.00453607354839	0.0708239184711
-om’	0.111111111111	0.888888888889	0.0	0.0
-dus	0.0958904109588	0.806697108067	0.0365296803653	0.0608828006088
-pal	0.0	0.869224062772	0.130775937228	0.0
-pam	0.198918611269	0.506545247581	0.0327262379056	0.261809903244
-pan	0.0747948998759	0.0419499297125	0.00699700425465	0.876258166157
-bya	0.10843373494	0.819277108434	0.0722891566265	0.0
-paa	0.590909090909	0.409090909091	0.0	0.0
-pad	0.0	1.0	0.0	0.0
-pae	0.0	1.0	0.0	0.0
-dua	0.0	1.0	0.0	0.0
-paz	0.0	0.811764705882	0.188235294118	0.0
-kol	0.0798844291738	0.876698422614	0.0142120880837	0.0292050601281
-duh	0.593126385809	0.228381374723	0.0886917960089	0.0898004434589
-par	0.0676923076923	0.895384615385	0.0369230769231	0.0
-pas	0.0259714707329	0.969699950812	0.00432857845548	0.0
-pat	0.559794126552	0.290644868302	0.084165909779	0.0653950953678
-pau	0.499471272471	0.325320684741	0.102795359458	0.0724126833305
-580	0.2	0.0	0.0	0.8
-kon	0.0	0.939393939394	0.0606060606061	0.0
-760	0.157894736842	0.552631578948	0.0526315789472	0.236842105263
-ohu	0.0	1.0	0.0	0.0
-koi	0.109033801974	0.0927310798684	0.00448698773557	0.793748130422
-ai’	0.0	1.0	0.0	0.0
-tum	0.507392670157	0.384418848168	0.0467015706806	0.0614869109948
-wla	0.708892318651	0.144247892675	0.0734892556096	0.0733705330642
-kok	0.0	1.0	0.0	0.0
-sek	0.498565622759	0.363973224958	0.112957207746	0.0245039445374
-did	0.125	0.875	0.0	0.0
-dia	0.0292139244857	0.941719448127	0.0241567241125	0.0049099032749
-dim	0.377452188341	0.185165888678	0.388097601731	0.0492843212493
-din	0.663201129508	0.252855859325	0.0420998588115	0.0418431523552
-dih	0.529088387767	0.147589008912	0.0331626665486	0.290159936773
-dik	0.464432162596	0.109466928151	0.225708682475	0.200392226779
-dit	0.636363636364	0.181818181818	0.181818181818	0.0
-dip	0.58407079646	0.345132743363	0.0	0.070796460177
-dis	0.0	1.0	0.0	0.0
-ai-	0.47572815534	0.436893203883	0.0291262135922	0.0582524271845
-sli	0.0	1.0	0.0	0.0
-tuu	0.0504271600684	0.928015229002	0.00832048141129	0.013237129518
-kos	0.0	1.0	0.0	0.0
-kor	0.0	1.0	0.0	0.0
-zri	0.0	1.0	0.0	0.0
-ais	0.0363636363636	0.963636363636	0.0	0.0
-uih	0.371175223286	0.528233631048	0.0207543532738	0.0798367923922
-aia	0.0	0.98753117207	0.00748129675812	0.00498753117208
-aim	0.0133285731286	0.970962751398	0.00928239914316	0.00642627632988
-ail	0.0	1.0	0.0	0.0
-ain	0.102577873255	0.801288936627	0.0209452201933	0.0751879699248
-aii	0.514438502674	0.261497326203	0.158288770053	0.0657754010696
-aih	0.505557136871	0.215160147635	0.131953814249	0.147328901245
-eme	0.0	1.0	0.0	0.0
-ema	0.331323722149	0.445871559633	0.0980340760157	0.124770642202
-ohn	0.0134857812958	0.965357177758	0.0137789504544	0.00737809049155
-cik	0.267240870745	0.151377499852	0.485812046487	0.0955695829155
-cii	0.337837837838	0.5	0.135135135135	0.027027027027
-cih	0.231104366949	0.0321849209942	0.00545098532922	0.731259726728
-cin	0.268578164431	0.183125249037	0.167311395936	0.380985190596
-cim	0.515031028204	0.383003232879	0.0801159377206	0.0218498011966
-cil	0.356712394807	0.436025786255	0.116954883543	0.0903069353942
-cia	0.0726070173306	0.80772788343	0.0445468617607	0.0751182374788
-egu	0.272727272727	0.20202020202	0.0	0.525252525253
-sep	0.471972693976	0.390494726084	0.0333012220228	0.104231357917
-cit	0.268518518519	0.111111111111	0.398148148148	0.222222222222
-ggi	0.0	1.0	0.0	0.0
-kto	0.686895700473	0.218062127134	0.0345607899609	0.0604813824317
-lim	0.070929966631	0.792921470178	0.0639876156914	0.0721609475001
-omi	0.0125733445096	0.87384744342	0.00251466890193	0.111064543169
-em’	0.0	0.96449704142	0.0	0.0355029585799
-hto	0.309706257982	0.0763090676884	0.0124521072797	0.60153256705
-tal	0.0431563359425	0.927226570764	0.0211550666385	0.00846202665539
-hti	0.0	1.0	0.0	0.0
--pi	0.0882352941177	0.808823529412	0.0294117647059	0.0735294117647
