-'tø	0.498773462424	0.300648499123	0.0508980473261	0.149679991127
-cac	0.00716417910449	0.969671641791	0.0231641791045	0.0
-ivu	0.0	1.0	0.0	0.0
-eba	0.527027027027	0.25	0.0405405405406	0.182432432433
-øra	0.756317689531	0.135379061372	0.0	0.108303249098
-caj	0.222222222222	0.4	0.0888888888889	0.288888888889
-cam	0.296311745561	0.204111953326	0.0777628623506	0.421813438763
-zaṉ	0.15123830218	0.164300353095	0.352601298798	0.331860045927
-cas	0.0841121495327	0.863661352392	0.0395821880154	0.0126443100605
-iva	0.0671140939597	0.93288590604	0.0	0.0
-rba	0.251346499102	0.748653500898	0.0	0.0
-ics	0.584496870486	0.354838709677	0.0317766008666	0.0288878189696
-ive	0.22738756948	0.77261243052	0.0	0.0
-rbe	0.0108108108108	0.989189189189	0.0	0.0
-aan	0.0888888888889	0.422222222222	0.444444444444	0.0444444444444
-ivi	0.442636679029	0.453283885632	0.0466562986003	0.0574231367389
-cay	0.228249071173	0.122771196342	0.0929949263168	0.555984806168
-yøm	0.105663746239	0.848901480559	0.0153043446575	0.0301304285444
-pøṉ	0.253310305124	0.51065054692	0.0115141047783	0.224525043178
-hec	0.151612903226	0.824193548387	0.00483870967741	0.0193548387097
-oye	0.475272175838	0.32109012668	0.0595864067337	0.144051290748
-'ba	0.859504132231	0.0661157024793	0.0247933884298	0.0495867768595
-itø	0.335022980182	0.193535992434	0.0491376889769	0.422303338407
-oya	0.187008374662	0.354975781391	0.069378961432	0.388636882515
-mba	0.511194412192	0.275092592334	0.0582410426374	0.155471952836
-lao	0.597402597403	0.350649350649	0.0	0.0519480519481
-zis	0.144056847545	0.528036175711	0.03669250646	0.291214470284
-ñdø	0.805194805195	0.0779220779221	0.0779220779221	0.038961038961
-plo	0.263385948623	0.258433921387	0.176415970288	0.301764159703
-rpø	0.604395604396	0.230769230769	0.164835164835	0.0
-oyu	0.459165177125	0.264295308315	0.0557991368481	0.220740377712
-ecø	0.756756756757	0.162162162162	0.0810810810811	0.0
-imø	0.256676437062	0.653083102643	0.0332464853715	0.0569939749226
-nse	0.238882593913	0.328397154524	0.0939039918544	0.338816259709
-ufo	0.0	0.971223021583	0.0287769784172	0.0
-aum	0.00402116402116	0.990899470899	0.00126984126984	0.00380952380952
-aul	0.381188118812	0.569306930693	0.0495049504951	0.0
-jaṉ	0.325253780816	0.333954837373	0.230992334784	0.109799047027
-put	0.40075436529	0.14544392284	0.0190962251879	0.434705486682
-csy	0.295384615385	0.313846153846	0.113846153846	0.276923076923
-a'ø	0.409978771244	0.359871371327	0.0308005376277	0.199349319801
-tzi	0.393813700563	0.183749865086	0.0558743374922	0.366562096859
-øti	0.114260105278	0.182667489498	0.245839717231	0.457232687993
-nto	0.177995200989	0.501952644974	0.0584193934749	0.261632760562
-ate	0.243304622838	0.488089630577	0.0923053630307	0.176300383554
-nta	0.262132623727	0.0598938151294	0.0107636485837	0.667209912559
-tza	0.092131507242	0.555561622052	0.0335729409978	0.318733929708
-ual	0.144014583755	0.163257038687	0.259671865505	0.433056512052
-'aṉ	0.110402370084	0.548293479247	0.192569303788	0.148734846882
-uan	0.0500432877719	0.833774956056	0.00393525198731	0.112246504184
-tzu	0.484462971387	0.303961998225	0.137048001849	0.0745270285386
-utø	0.446031479201	0.38679693467	0.0871031753283	0.080068410801
-he'	0.120930232558	0.825581395349	0.0162790697674	0.0372093023256
-lta	0.379117811279	0.314721756933	0.123394751535	0.182765680253
-puj	0.418647166362	0.223034734918	0.281535648994	0.0767824497257
-eña	0.209752801396	0.557651519417	0.0540570978096	0.178538581377
-pre	0.198070545674	0.434428700633	0.0536629484474	0.313837805246
-hem	0.248394004283	0.275160599572	0.12312633833	0.353319057816
-das	0.114623739333	0.822342901474	0.00116369278511	0.0618696664081
-más	0.0894373940632	0.0405858447618	0.18615052111	0.683826240065
-'it	0.32485449627	0.206238216247	0.0758012951881	0.393105992294
-'is	0.170198220785	0.528157554452	0.0537024846744	0.247941740088
-aré	0.0	1.0	0.0	0.0
-ota	0.29580479452	0.590753424658	0.0278253424658	0.0856164383562
-po'	0.362694300518	0.581791265729	0.0555144337528	0.0
-opo	0.0839802399435	0.0886379675371	0.790119971771	0.0372618207481
-itu	0.0435048913589	0.892732689919	0.0243996968638	0.0393627218587
-sma	0.152587244284	0.137184115523	0.0921780986763	0.618050541516
-piṉ	0.684926739289	0.251035394842	0.0264504228588	0.0375874430098
-smo	0.0943858157124	0.0755473088769	0.192293650487	0.637773224924
-zi'	0.533375395899	0.235804067862	0.0215166202287	0.20930391601
-opa	0.539439081084	0.315190281477	0.0776735268668	0.067697110572
-e'ø	0.510166358595	0.277264325324	0.101663585952	0.110905730129
-dea	0.00875950771567	0.985984787655	0.0052557046294	0.0
-'tz	0.493122354962	0.284590630601	0.0757825173692	0.146504497068
-dec	0.0705944798302	0.910297239915	0.0	0.0191082802548
-mus	0.265886134418	0.0789059195433	0.125239328254	0.529968617784
-mse	0.102130018212	0.763544223612	0.103206904743	0.0311188534326
-ivø	0.266341778379	0.293306481368	0.188214856721	0.252136883532
-oes	0.206050695012	0.793949304988	0.0	0.0
-eṉe	0.0753129890454	0.47965571205	0.403951486698	0.0410798122066
-'tu	0.398831956901	0.296870615398	0.0877204511145	0.216576976586
-den	0.475285171103	0.467680608365	0.0570342205323	0.0
-deo	0.0102865540044	0.866274797943	0.0	0.123438648053
-ima	0.0829850022063	0.66049567462	0.170642082285	0.0858772408891
-'ti	0.20640287196	0.214059391795	0.108741706886	0.470796029359
-der	0.32637075718	0.208877284595	0.138381201044	0.32637075718
-des	0.0528634361234	0.90068081698	0.0248297957549	0.0216259511414
-det	0.675049636003	0.166115155526	0.0	0.158835208471
-caz	0.0	1.0	0.0	0.0
-'ma	0.0886174636175	0.60317047817	0.264553014553	0.0436590436591
-'ta	0.3628275477	0.339521874195	0.123481980934	0.174168597172
-øyø	0.445101364445	0.422959213592	0.0840045578108	0.047934864152
-'te	0.487629480422	0.257711147	0.0909394762217	0.163719896356
-imo	0.0816701234232	0.268232974057	0.380469892217	0.269627010302
-psa	0.407547169811	0.545283018868	0.0245283018868	0.022641509434
-ido	0.145518044237	0.495925494761	0.305005820722	0.0535506402794
-bit	0.298762270593	0.513017498933	0.143405889885	0.044814340589
-bis	0.0182690111898	0.966659054579	0.00137017583923	0.0137017583923
-lle	0.00798453787904	0.834225784988	0.153987516238	0.00380216089478
-rpa	0.0241199104117	0.927640268765	0.0	0.0482398208235
-ji'	0.141196013289	0.548172757475	0.257475083057	0.0531561461794
-eca	0.18720675588	0.39599691551	0.215909447835	0.200886880776
-oju	0.041958041958	0.958041958042	0.0	0.0
-llo	0.0904888625199	0.884163227557	0.0150872937625	0.0102606161605
-ece	0.452413793104	0.302988505747	0.0542528735632	0.190344827586
-ida	0.0269978401728	0.947084233261	0.0	0.0259179265659
-mbu	0.187137790139	0.763858386257	0.0179917419995	0.0310120816044
-ṉña	0.0484442832235	0.906153828152	0.0168501854691	0.0285517031559
-bia	0.0	1.0	0.0	0.0
-bin	0.0253402158611	0.957766306898	0.00563115908023	0.0112623181605
-bio	0.500194931774	0.0904483430799	0.0998050682261	0.30955165692
-'bø	0.398854961832	0.307251908397	0.0229007633588	0.270992366412
-ivo	0.0	0.996227601383	0.00377239861678	0.0
-yom	0.228877229401	0.467171981679	0.064560975842	0.239389813078
-ṉgi	0.84	0.16	0.0	0.0
-sin	0.325472856792	0.221075902727	0.00736919675756	0.446082043724
-tzí	0.384937238494	0.564853556485	0.0	0.0502092050209
-eja	0.320462646758	0.303574544457	0.206957150335	0.169005658449
-bba	0.12	0.82	0.0	0.06
-tes	0.0826326954474	0.0905405555494	0.0294323444806	0.797394404523
-eje	0.577224252368	0.290899147339	0.0395256916996	0.0923509085938
-ute	0.197101449275	0.60193236715	0.0154589371981	0.185507246377
-dzu	0.335575202039	0.517980148614	0.053696371427	0.0927482779194
-rio	0.0802380236441	0.834301359457	0.0569737445993	0.0284868722997
-uti	0.34404483888	0.270278435311	0.0761005065443	0.309576219265
-a'u	0.51785186257	0.179896443469	0.142877814617	0.159373879343
-ejo	0.159969640146	0.128709408578	0.0744486114832	0.636872339792
-ños	0.0767386091127	0.870503597122	0.0239808153477	0.0287769784173
-ñor	0.0308457711443	0.892679459844	0.0085287846482	0.0679459843639
-a'i	0.334515067707	0.305696647837	0.103526338083	0.256261946373
-tec	1.0	0.0	0.0	0.0
-dzi	0.47541942435	0.41569955364	0.0571648453132	0.0517161766969
-ris	0.0422839620202	0.911682122141	0.0234048841763	0.0226290316622
-a'm	0.153973902268	0.43379804325	0.0459590388414	0.366269015641
-gre	0.352112676056	0.29014084507	0.346478873239	0.0112676056338
-a'c	0.464218210613	0.280683707207	0.0413810889128	0.213716993267
-a'a	0.460770328103	0.453637660485	0.0342368045649	0.0513552068473
-dza	0.414634146341	0.512195121951	0.0243902439024	0.0487804878049
-gro	0.256554307116	0.488764044944	0.162921348315	0.0917602996254
-a'e	0.315442681304	0.385021513014	0.173787940309	0.125747865373
-teo	0.045866164883	0.92096906974	0.00423379983535	0.0289309655416
-lux	0.0206896551724	0.937931034483	0.0	0.0413793103448
-met	0.134831460674	0.168539325843	0.0224719101123	0.674157303371
-e'e	0.570320077595	0.299709020369	0.122211445199	0.00775945683804
-opø	0.0977649385161	0.427360656887	0.421974495617	0.0528999089794
-ara	0.0575598513406	0.170857169242	0.0160576168316	0.755525362586
-ṉom	0.328976196207	0.438191602945	0.119818185184	0.113014015664
-eri	0.0	1.0	0.0	0.0
-e'n	0.584125734105	0.257031073281	0.0252590836356	0.133584108978
-aro	0.0435544228008	0.755664785484	0.110726783583	0.0900540081316
-jic	0.0382635436216	0.0344158454978	0.00510309937753	0.922217511503
-rón	0.0524017467249	0.923580786026	0.0163755458515	0.00764192139738
-smø	0.193963507507	0.326722824904	0.0155419477169	0.463771719872
-ṉoy	0.441004672897	0.418808411215	0.035046728972	0.105140186916
-e't	0.312709027965	0.283097666794	0.0850929957212	0.319100309519
-mea	0.0	1.0	0.0	0.0
-mec	0.417872219324	0.554427737988	0.00777877911113	0.0199212635773
-mem	0.685714285714	0.177142857143	0.0685714285714	0.0685714285715
-meo	0.0	1.0	0.0	0.0
-eni	0.156827781041	0.118318368717	0.00755223630108	0.717301613941
-mei	0.0	1.0	0.0	0.0
-jis	0.206751054852	0.472573839662	0.320675105485	0.0
-mio	0.463262764633	0.447073474471	0.0149439601494	0.0747198007472
-aye	0.341116151006	0.458537361408	0.0681062311395	0.132240256446
-ién	0.104341356476	0.0763110672927	0.0312331671507	0.78811440908
-aya	0.068120434137	0.82703289913	0.0394171641568	0.0654295025763
-tya	0.286956521739	0.404347826087	0.234782608696	0.0739130434782
-ayo	0.0756501182033	0.905437352246	0.0189125295508	0.0
-oje	0.497303774715	0.442780107849	0.00359496704613	0.0563211503895
-ayi	0.229536069954	0.114160796697	0.65630313335	0.0
-tyi	0.713004484305	0.286995515695	0.0	0.0
-ṉñø	0.357142857143	0.424198250729	0.131195335277	0.0874635568513
-ayu	0.540801148585	0.0981932569962	0.0113440892092	0.34966150521
-høṉ	0.274880973384	0.36390102886	0.0142213374093	0.346996660347
-øne	0.105263157895	0.289473684211	0.333333333333	0.271929824561
-mos	0.372392047503	0.359751870675	0.0687663646915	0.199089717131
-nes	0.0405027932961	0.571229050279	0.0153631284916	0.372905027933
-bás	0.0	0.986189258312	0.00920716112532	0.00460358056266
-ndi	0.275644910885	0.140669578724	0.0383746475108	0.54531086288
-cto	0.395973154362	0.422818791946	0.181208053691	0.0
-cti	0.187574241632	0.120341019393	0.0276942500492	0.664390488926
-aón	0.0545454545454	0.872727272727	0.0	0.0727272727273
-móṉ	0.0461538461538	0.838461538462	0.0	0.115384615385
-cta	0.277639442231	0.455926294821	0.107071713147	0.159362549801
-u'ø	0.451459854014	0.423357664234	0.0788321167883	0.0463503649635
-dán	0.0	1.0	0.0	0.0
-nso	0.0372670807453	0.534161490683	0.27950310559	0.149068322981
-xad	0.0	1.0	0.0	0.0
-het	0.692307692308	0.307692307692	0.0	0.0
-ñuc	0.555784414693	0.0981805698592	0.00823892893923	0.337796086509
-ruz	0.243689320388	0.744660194175	0.0116504854369	0.0
-umu	0.0189534497983	0.0933161414347	0.0368760040939	0.850854404673
-øja	0.174754251833	0.282883445155	0.337026057107	0.205336245904
-tán	0.0	1.0	0.0	0.0
-ote	0.127260910327	0.689125828586	0.0120760559591	0.171537205127
-'me	0.560954485393	0.327507522846	0.0481906305866	0.0633473611744
-eno	0.077033837293	0.578833693305	0.0791936645068	0.264938804896
-sus	0.251428571429	0.456	0.107428571429	0.185142857143
-'mi	0.437671232877	0.365525114155	0.0639269406393	0.132876712329
-søc	0.706293706294	0.062937062937	0.0	0.230769230769
-'mo	0.222650697367	0.672920214488	0.0325109425358	0.0719181456096
-upø	0.386310438423	0.268004560176	0.129780109927	0.215904891475
-oto	0.103878116343	0.883656509695	0.0124653739612	0.0
-ume	0.052258635961	0.878653675819	0.0558015943312	0.0132860938884
-søy	0.210587604016	0.571751125145	0.12051192008	0.0971493507588
-mil	0.0563837182359	0.130995597436	0.0378466053912	0.774774078937
-gog	0.0	0.975308641975	0.0246913580247	0.0
-'mu	0.538818868053	0.311746422106	0.0351812002596	0.114253509581
-isø	0.644530876399	0.170370134218	0.0373322281378	0.147766761246
-eví	0.0	1.0	0.0	0.0
-otz	0.21585147629	0.70686698479	0.0285192365046	0.0487623024158
-umi	0.215348472984	0.584964761159	0.0469851213782	0.152701644479
-oti	0.144199550683	0.390495667296	0.0752867943963	0.390017987625
-yø'	0.0585192847643	0.9255209103	0.0	0.0159598049357
-naj	0.518606263724	0.330232289379	0.0269270773142	0.124234369583
ALL	0.227354016569	0.295031372117	0.055591049455	0.422023561859
-nam	0.28825266603	0.108029229075	0.107517848109	0.496200256786
-sis	0.0543480434862	0.613530372777	0.00955708832058	0.322564495416
-nac	0.149836491864	0.30363920518	0.130149849625	0.416374453331
-ø'm	0.333211488728	0.441491743505	0.157810086906	0.0674866808615
-csu	0.654787710627	0.145206508859	0.0170525159687	0.182953264545
-aús	0.0273972602739	0.972602739726	0.0	0.0
-csi	0.670944389602	0.214708785785	0.0172754195459	0.0970714050675
-por	0.148175963829	0.0583554679256	0.00749122063166	0.785977347614
-nay	0.338700090973	0.21269988881	0.0587081774992	0.389891842717
-sio	0.0666666666667	0.933333333333	0.0	0.0
-iṉø	0.0758780546114	0.0667311110418	0.013824357895	0.843566476452
-cso	0.385620915033	0.281045751634	0.254901960784	0.0784313725489
-aso	0.144701871191	0.754892748799	0.015839351392	0.0845660286182
-csa	0.433637284701	0.52380952381	0.0	0.0425531914894
-nas	0.102324611836	0.62255485398	0.0236361313402	0.251484402843
-yse	0.452529791758	0.15847209405	0.0584199333949	0.330578180797
-cse	0.15663555946	0.139766944587	0.0250846745899	0.678512821363
-nat	0.38986013986	0.295454545455	0.0629370629371	0.251748251748
-mot	0.3228962818	0.536203522505	0.140900195695	0.0
-gom	0.49919818885	0.27629468918	0.0765965474955	0.147910574474
-ønø	0.3090723911	0.394390473206	0.117126292698	0.179410842996
-pøm	0.481923267853	0.20295014538	0.184072051628	0.131054535139
-igo	0.0968510131616	0.85419191597	0.0216346664966	0.0273224043716
-moy	0.308676479722	0.440252158251	0.0402148934849	0.210856468542
-høn	0.278886653674	0.502068768136	0.0270982983327	0.191946279857
-las	0.00132245977518	0.851333480273	0.0732863125413	0.0740577474102
-dye	0.39603960396	0.299504950495	0.131188118812	0.173267326733
-aán	0.0	1.0	0.0	0.0
-moc	0.698729582577	0.235934664247	0.021778584392	0.043557168784
-dam	0.460446611716	0.259594391924	0.052339673764	0.227619322595
-zøc	0.460485436513	0.287378324953	0.075282425051	0.176853813483
-mon	0.0158311345646	0.936675461741	0.0474934036939	0.0
-jme	0.536891473441	0.287287780598	0.0707959271397	0.105024818821
-yna	0.447942488845	0.0934556271691	0.189638076351	0.268963807635
-gos	0.151500123977	0.786511281924	0.0089263575502	0.0530622365485
-tyø	0.310238541946	0.349370142053	0.196998123827	0.143393192174
-jcu	0.590597916987	0.164001863229	0.0424070496767	0.202993170108
-cø'	0.10848023365	0.847710441222	0.025033900073	0.0187754250548
-yau	0.228813559322	0.093220338983	0.0	0.677966101695
-yat	0.718826405868	0.180929095355	0.044009779951	0.0562347188264
-u'u	0.657568013457	0.181819946301	0.0334810597483	0.127130980494
-u't	0.783361652807	0.137081256259	0.0165415733625	0.0630155175712
-u's	0.48506086315	0.223533751383	0.269273330874	0.0221320545925
-ha'	0.22308022308	0.573144573145	0.203775203775	0.0
-ber	0.161883738043	0.749816041207	0.0	0.0883002207506
-yay	0.116314342303	0.142650261416	0.0162654132862	0.724769982995
-eor	0.197356981395	0.0652060511215	0.583550686837	0.153886280647
-u'y	0.411016949153	0.228813559322	0.131355932203	0.228813559322
-cob	0.0	0.985380116959	0.0	0.0146198830409
-tze	0.229631209867	0.446365121883	0.119620888488	0.204382779762
-coy	0.233447116243	0.411415016252	0.0909575611765	0.264180306328
-beo	0.0	1.0	0.0	0.0
-yac	0.203432783001	0.0212535515136	0.00415536026814	0.771158305217
-yam	0.456290142717	0.307174387144	0.0820618377486	0.154473632391
-cot	0.461262492526	0.345690612454	0.0119586572136	0.181088237806
-u'm	0.322598422485	0.302827816622	0.21286122688	0.161712534013
-yan	0.869282660802	0.0724010971361	0.00766018433863	0.0506560577232
-eṉu	0.534562211982	0.465437788018	0.0	0.0
-u'j	0.510791366906	0.402877697842	0.0431654676259	0.0431654676259
-bed	0.212598425197	0.787401574803	0.0	0.0
-yaj	0.490307900786	0.151691614799	0.0332309711609	0.324769513255
-iso	0.537462701249	0.339902285471	0.0557431878546	0.0668918254255
-cøy	0.519171154943	0.107773482363	0.0250840203782	0.347971342316
-reo	0.0362796833773	0.836741424802	0.110488126649	0.0164907651715
-isi	0.544626838082	0.0954008532108	0.0570353643906	0.302936944317
-miṉ	0.734939759036	0.228915662651	0.0361445783133	0.0
-nte	0.236676113799	0.49099424986	0.0405208976325	0.231808738708
-ise	0.298484228651	0.484240311802	0.111171465136	0.106103994411
-cøs	0.239932738214	0.451262882692	0.0677409314106	0.241063447684
-cøt	0.305128205128	0.0622710622711	0.0787545787546	0.553846153846
-umø	0.199920199192	0.228123239679	0.0542096511809	0.517746909948
-isa	0.568198395332	0.126185266229	0.0539752005835	0.251641137856
-eve	0.0	0.0202224469161	0.214020896529	0.765756656555
-cøj	0.286231884058	0.565217391304	0.00724637681158	0.141304347826
-con	0.470037680807	0.118512215875	0.0942020177465	0.317248085572
-cøm	0.136054421769	0.678004535147	0.0340136054422	0.151927437642
-yuṉ	0.185588531554	0.612049459132	0.0998087619159	0.102553247398
-res	0.0119521912351	0.379624359704	0.170745589072	0.437677859988
-isu	0.79865153279	0.0627789095848	0.0110351183547	0.12753443927
-'mø	0.272430122089	0.411471581386	0.0442349951518	0.271863301372
-ijø	0.447257383966	0.400843881857	0.101265822785	0.0506329113924
-ret	0.0174188440222	0.976247030879	0.00316706254949	0.00316706254948
-møṉ	0.185134014921	0.585152436216	0.0289214331768	0.200792115686
-may	0.673726721219	0.0990406320541	0.0113454665162	0.215887180211
-csø	0.50642970669	0.30862592111	0.115590232625	0.0693541395751
-hab	0.00952380952379	0.990476190476	0.0	0.0
-hac	0.566381928713	0.141011914882	0.0128660506279	0.279740105777
-maṉ	0.403053998647	0.0633946812164	0.0057345458923	0.527816774244
-taṉ	0.135399673736	0.73409461664	0.110929853181	0.0195758564437
-jut	0.109745711157	0.117654215841	0.000730015817011	0.771870057185
-avo	0.105540897098	0.894459102902	0.0	0.0
-ava	0.0824477989383	0.827526479427	0.054561043415	0.0354646782197
-haj	0.434384982963	0.312173560536	0.0889871826777	0.164454273823
-juy	0.81279945243	0.180355920602	0.0	0.00684462696782
-ham	0.208949431443	0.578336632126	0.0129623161408	0.199751620289
-han	0.335157318741	0.58641130871	0.0547195622435	0.0237118103055
-ya'	0.423531278348	0.281237820294	0.103673658034	0.191557243325
-maj	0.504368153568	0.185353321791	0.173768739179	0.136509785462
-yiṉ	0.0894854586129	0.731543624161	0.129753914989	0.0492170022371
-mal	0.711111111111	0.155555555556	0.1	0.0333333333333
-man	0.414154498351	0.233749411211	0.0388601036269	0.313235986811
-iṉu	0.589170576136	0.226317857225	0.118994245569	0.0655173210696
-hay	0.367660185169	0.128924048048	0.060439528385	0.442976238398
-mac	0.61	0.18	0.21	0.0
-ṉse	0.240122173257	0.144932995559	0.0660025707961	0.548942260388
-ṉca	0.0819708125356	0.143405009002	0.00614781094018	0.768476367522
-ñip	0.59279642092	0.372230338907	0.0349732401722	0.0
-ca'	0.397893843326	0.211791243697	0.0371367587105	0.353178154267
-uni	0.421539556399	0.263551180168	0.0861107816393	0.228798481793
-une	0.0912304830683	0.735546153322	0.0317758994377	0.141447464172
-'ṉu	0.450424628878	0.0707268010247	0.0219107024808	0.456937867617
-una	0.309982486865	0.528896672505	0.00700525394044	0.15411558669
-i'n	0.316770701903	0.0561753804648	0.0144478622645	0.612606055368
-ejø	0.54996646546	0.27373766408	0.121682475807	0.0546133946536
-pte	0.136	0.768	0.048	0.048
-bet	0.0138592750533	0.848614072495	0.0	0.137526652452
-'ṉi	0.454641202078	0.235009127931	0.0294902401348	0.280859429855
-pto	0.00150262960181	0.953919358878	0.037816178312	0.0067618332081
-unu	0.432182945634	0.214410657735	0.0409115779351	0.312494818696
-'ṉe	0.327812296926	0.497700308918	0.0492219507163	0.12526544344
-psi	0.438077812018	0.440581664099	0.0934129429893	0.0279275808937
-dze	0.358529185128	0.294740897708	0.14243402042	0.204295896744
-sia	0.00259301942707	0.993949621337	0.0	0.00345735923609
-'ṉa	0.559848176766	0.384573674935	0.0447336315576	0.0108445167412
-tre	0.19655319755	0.191212078052	0.138156957698	0.4740777667
-i's	0.204835658548	0.621955545046	0.0224639394656	0.15074485694
-tra	0.0332922050039	0.871967691614	0.0216874935454	0.0730526098371
-ada	0.169795976097	0.752413281001	0.0190940914395	0.0586966514621
-qué	0.683229813665	0.055900621118	0.0	0.260869565217
-ado	0.104146829175	0.744770837301	0.102758204786	0.0483241287374
-así	0.167189081369	0.0946831612148	0.0636723624608	0.674455394955
-'ni	0.447154172039	0.201584085467	0.192300607847	0.158961134647
-lot	0.0519255733448	0.846386845521	0.101687581134	0.0
-gai	0.0	1.0	0.0	0.0
-oṉø	0.285397138629	0.608534780464	0.0222002960039	0.0838677849038
-cpa	0.532639133278	0.20911181783	0.0784533677434	0.179795681149
-gau	0.0	1.0	0.0	0.0
-sna	0.632398753894	0.180685358255	0.0	0.18691588785
-gas	0.045025728988	0.829009433962	0.0578902229845	0.0680746140652
-gar	0.222146191256	0.544417018989	0.0342628118967	0.199173977859
-lam	0.325174825175	0.653846153846	0.0	0.020979020979
-u'c	0.580820167923	0.192110317782	0.0260170080604	0.201052506235
-ólo	0.0712625871417	0.0975987606507	0.0201394268009	0.810999225407
-gay	0.813214739517	0.0533672172808	0.0190597204574	0.114358322745
-øca	0.118226600985	0.793103448276	0.0295566502463	0.0591133004926
-seo	0.0267117497887	0.937278106509	0.00557903634827	0.0304311073542
-ini	0.493939762982	0.315801546303	0.0455212418668	0.144737448848
-sem	0.0	1.0	0.0	0.0
-nos	0.124934370674	0.133048541836	0.0820963199847	0.659920767505
-bel	0.0325977933801	0.942326980943	0.0	0.025075225677
-ino	0.0316627952445	0.0538425483539	0.0128961086381	0.901598547764
-pyø	0.0853170085797	0.176009861957	0.149831639745	0.588841489719
-uip	0.460373034566	0.390540454517	0.0822458463301	0.0668406645872
-rza	0.171428571429	0.685714285714	0.0	0.142857142857
-dis	0.0106419000629	0.985004595366	0.0014511681904	0.00290233638078
-ømø	0.393857192358	0.36178644046	0.0522025473846	0.192153819798
-sea	0.0488982613429	0.0882067848335	0.0523007379397	0.810594215884
-aṉø	0.604651162791	0.325581395349	0.046511627907	0.0232558139535
-uim	0.06718924972	0.89921612542	0.020156774916	0.013437849944
-ane	0.033090484647	0.844755210173	0.112789911054	0.00936439412624
-u'n	0.58507223114	0.260032102729	0.0369181380418	0.11797752809
-erá	0.535598735418	0.0801456858141	0.0105381870621	0.373717391706
-uic	0.224105461394	0.514438166981	0.261456371626	0.0
-ṉgø	0.220491117105	0.453783368989	0.163763835922	0.161961677983
-ses	0.0	0.630472854641	0.0105078809107	0.359019264448
-inu	0.619561143799	0.240368399355	0.0135854289248	0.12648502792
-ga'	0.600168173218	0.168593651461	0.0126129913811	0.21862518394
-blo	0.0239107008519	0.74387491613	0.000731960230164	0.231482422788
-ø'i	0.467659419118	0.274246058802	0.0834798901782	0.174614631902
-ø'n	0.275407902497	0.0755520608086	0.0240263853395	0.625013651355
-ñaj	0.557820710825	0.205023241746	0.0546152840331	0.182540763395
-ø'c	0.14226519337	0.127825213461	0.0368533400301	0.693056253139
-ø'a	0.433919711322	0.363103292738	0.0811907983762	0.121786197564
-bla	0.0664384940608	0.595329172539	0.00603986309644	0.332192470304
-cus	0.1714353275	0.751950815796	0.0425632537244	0.0340506029794
-ñac	0.0582769330812	0.516235571946	0.00239576292215	0.423091732051
-rso	0.0	1.0	0.0	0.0
-neo	0.046511627907	0.883720930233	0.0	0.0697674418605
-ø'y	0.42848791869	0.147604071772	0.0517080723429	0.372199937196
-ñay	0.0559701492537	0.944029850746	0.0	0.0
-'cø	0.0747622378921	0.0113030620492	0.00167078607121	0.912263913987
-ias	0.0563697857948	0.929819616685	0.0011273957159	0.0126832018038
-øṉo	0.636363636364	0.155844155844	0.0	0.207792207792
-øjø	0.292597297725	0.27147949915	0.151084594881	0.284838608244
-ø'p	0.416791673398	0.510512104498	0.0	0.0726962221042
-ooz	0.0594059405941	0.940594059406	0.0	0.0
-ñas	0.047194546408	0.937073938123	0.0	0.0157315154693
-ø'u	0.518369544562	0.278456958257	0.135079495788	0.0680940013936
-ban	0.057671562526	0.664343208032	0.0	0.277985229442
-hoc	0.353125	0.25625	0.21875	0.171875
-cia	0.193177727677	0.580101547847	0.122567872232	0.104152852244
-bam	0.315015479876	0.445046439629	0.046439628483	0.193498452012
-ice	0.0345323741007	0.892086330935	0.0561151079136	0.0172661870503
-'ṉø	0.483398115187	0.228459174171	0.0421018199821	0.24604089066
-e'a	0.605415002219	0.279183311141	0.0784139665631	0.0369877200769
-vo'	0.459893048128	0.417112299465	0.0427807486631	0.0802139037433
-hon	0.62563237774	0.246205733558	0.0607082630691	0.0674536256324
-bac	0.0742964183349	0.537746281794	0.0620641404681	0.325893159403
-jor	0.355412619074	0.10328759919	0.0363593472199	0.504940434516
-o'ṉ	0.424944320713	0.478841870824	0.0721603563475	0.0240534521158
-jom	0.193529485393	0.51873742299	0.108415025151	0.179318066466
-unø	0.340429052139	0.458952454872	0.0596108506346	0.141007642354
-bay	0.386904761905	0.383503401361	0.0	0.229591836735
-'om	0.240326252735	0.562171481621	0.0887690369356	0.108733228708
-bas	0.0	1.0	0.0	0.0
-mom	0.361180904523	0.619974874372	0.0188442211055	0.0
-zøṉ	0.276073619632	0.239263803681	0.19018404908	0.294478527607
-yøc	0.381549177486	0.433155141195	0.0766868282159	0.108608853103
-ase	0.320486853712	0.406888892227	0.0986424039789	0.173981850082
-'nu	0.515022906818	0.233273276734	0.128432421072	0.123271395375
-que	0.0809989088645	0.0293796262411	0.00223288943751	0.887388575457
-øtz	0.0699818525701	0.0250749199323	0.00162936263507	0.903313864863
-asa	0.194993412385	0.68115942029	0.123847167325	0.0
-yøj	0.452469105894	0.206658142253	0.167402507927	0.173470243927
-yes	0.422510822511	0.159307359307	0.0675324675325	0.350649350649
-ovi	0.237972286772	0.391083570015	0.271537998106	0.0994061451072
-yøn	0.174647442155	0.356313504569	0.0378354761042	0.431203577172
-yet	0.139145632521	0.155568664828	0.0253774479915	0.679908254659
-asi	0.110154905336	0.144578313253	0.360585197935	0.384681583477
-zoc	0.69275958197	0.116262936137	0.0158479614048	0.175129520488
-yøs	0.0264317180617	0.867841409692	0.0792951541851	0.0264317180617
-lti	0.264916467781	0.112171837709	0.238663484487	0.384248210024
-yej	0.6816	0.0976	0.2208	0.0
-yem	0.408582893908	0.294265910523	0.0626803303153	0.234470865254
-zoy	0.0918367346938	0.461734693878	0.415816326531	0.030612244898
-yøt	0.438589379814	0.143899473044	0.0267531414674	0.390758005675
-yen	0.711441949141	0.186993579499	0.080957187316	0.0206072840441
-mbi	0.989880818529	0.0101191814706	0.0	0.0
-dro	0.04238494732	0.81235077651	0.0	0.14526427617
-yøy	0.605711711788	0.211137164435	0.0514298223089	0.131721301469
-trø	0.0	0.8	0.14	0.06
-zor	0.0	1.0	0.0	0.0
-mbo	0.378787878788	0.212121212121	0.409090909091	0.0
-jmu	0.529404497158	0.314430442303	0.0374351371386	0.1187299234
-ømu	0.575556544283	0.147582488254	0.0228405323812	0.254020435081
-ṉga	0.518946692357	0.461785484907	0.019267822736	0.0
-rea	0.0154958677686	0.956611570248	0.00034435261708	0.0275482093664
-tín	0.227889310906	0.643516006511	0.122083559414	0.00651112316876
-gej	0.539682539683	0.0793650793651	0.142857142857	0.238095238095
-tuṉ	0.126602075069	0.725396704303	0.0526396093989	0.0953616112297
-rat	0.837060702875	0.124600638978	0.0	0.038338658147
-mán	0.0172413793103	0.637931034483	0.344827586207	0.0
-ṉgo	0.0	0.957295373666	0.0	0.0427046263344
-ras	0.0823951314931	0.0762660291241	0.0232992827646	0.818039556618
-cba	0.504672897196	0.341121495327	0.0140186915888	0.140186915888
-inø	0.801257861635	0.0644412191582	0.0385099177552	0.0957910014514
-øme	0.405036407767	0.32994538835	0.142597087379	0.122421116505
-ral	0.0802431610942	0.919756838906	0.0	0.0
-ram	0.0129589632829	0.82505399568	0.0129589632829	0.149028077754
-uía	0.0136239782016	0.978201634877	0.0	0.00817438692097
-red	0.0	1.0	0.0	0.0
-ṉgu	0.523064250412	0.206754530478	0.196046128501	0.0741350906095
-ero	0.0403979562933	0.0293269136944	0.00311411808546	0.927161011927
-era	0.174853828784	0.0982088885734	0.0281069025462	0.698830380097
-zcu	0.158075601375	0.233676975945	0.085910652921	0.522336769759
-jo'	0.0666666666666	0.191666666667	0.666666666667	0.075
-ømi	0.231848018364	0.379783348047	0.198516068139	0.189852565451
-dos	0.198305084746	0.242736077482	0.0232445520581	0.535714285714
-øṉø	0.310442054576	0.0967256845987	0.0267360430656	0.56609621776
-'co	0.214274855579	0.273259349346	0.154834296139	0.357631498936
-poy	0.429784454605	0.404310907903	0.0679294578707	0.0979751796212
-øje	0.710195013577	0.154776598371	0.105406072575	0.0296223154777
-huṉ	0.424242424243	0.302801600915	0.0420240137221	0.230931961121
-øji	0.39459812191	0.292150662699	0.0691655314098	0.244085683981
-pos	0.0185414091471	0.962917181706	0.00463535228677	0.0139060568603
-'ca	0.0736236842195	0.0482842763421	0.00360034272175	0.874491696717
-ozo	0.274924471299	0.552870090634	0.108761329305	0.0634441087613
-øṉö	0.961227786753	0.0387722132472	0.0	0.0
-ø'ø	0.39634302177	0.143430682373	0.0326355490501	0.427590746807
-nás	0.0477073086299	0.935027189199	0.0	0.0172655021708
-pon	0.610429447853	0.205521472393	0.0184049079755	0.165644171779
-bse	0.0188323917137	0.952919020716	0.0282485875706	0.0
-etz	0.133736628046	0.19319411691	0.311812889481	0.361256365563
-pom	0.0173673105015	0.854082129524	0.0977114104853	0.0308391494887
-'cu	0.711431479772	0.132388798144	0.0244419193713	0.131737802713
-ver	0.260676930867	0.0788803265978	0.0379764862256	0.62246625631
-aza	0.138671543029	0.792608091713	0.050873583833	0.0178467814253
-'cs	0.571792494421	0.208700908541	0.0278220913268	0.191684505711
-eva	0.0398538691465	0.920292261707	0.0398538691465	0.0
-jmo	0.160329985653	0.284791965567	0.0771162123385	0.477761836442
-to'	0.508578176009	0.216850732792	0.176981315552	0.0975897756477
-uju	0.51226993865	0.211656441718	0.257668711657	0.0184049079754
-lac	0.0	1.0	0.0	0.0
-aat	0.0	1.0	0.0	0.0
-nor	0.0	1.0	0.0	0.0
-'ne	0.052134292566	0.332038369304	0.546282973621	0.0695443645084
-jiṉ	0.126616304398	0.092459563424	0.0191870973722	0.761737034806
-'na	0.219520650501	0.126221453327	0.141996631526	0.512261264646
-aam	0.0	0.911764705882	0.0	0.0882352941177
-uja	0.377777777778	0.355555555556	0.222222222222	0.0444444444444
-ipø	0.129995040093	0.228982690808	0.275007725966	0.366014543134
-fos	0.0	1.0	0.0	0.0
-sa'	0.614138234341	0.192583676682	0.0680524049812	0.125225683996
-eón	0.0880829015544	0.880829015544	0.0	0.0310880829015
-lar	0.128728414443	0.63579277865	0.204081632653	0.0313971742543
-upo	0.557461406518	0.182246998285	0.00643224699828	0.253859348199
-syo	0.487718469532	0.193434104865	0.0	0.318847425602
-øpø	0.322815566923	0.308177385111	0.212960371755	0.15604667621
-eju	0.609390738185	0.225286318381	0.0427420292781	0.122580914156
-aac	0.00655021834061	0.968340611354	0.00982532751091	0.0152838427948
-ujo	0.0236966824645	0.952606635071	0.0	0.0236966824644
-uṉø	0.625407166124	0.218241042345	0.0	0.156351791531
-dor	0.0707070707071	0.838383838384	0.050505050505	0.040404040404
-jtø	0.575920934412	0.292902066487	0.062893081761	0.0682839173405
-gel	0.436241610738	0.442953020134	0.0402684563758	0.0805369127517
-vøm	0.828947368421	0.0131578947368	0.118421052632	0.0394736842104
-jøm	0.758389261745	0.120805369128	0.0	0.120805369128
-jeṉ	0.44793484584	0.220477021524	0.0	0.331588132635
-vøj	0.264318631448	0.158515066076	0.198739998793	0.378426303683
-jøṉ	0.180522565321	0.570071258907	0.142517814727	0.106888361045
-pya	0.489201244998	0.300158679824	0.0848813839187	0.125758691259
-uda	0.369620253165	0.569620253165	0.0	0.0607594936708
-ṉum	0.927272727273	0.0363636363636	0.0363636363636	0.0
-doc	0.308151093439	0.632206759443	0.0238568588469	0.0357852882704
-ñe'	0.0385453493765	0.0384954847589	0.201353325721	0.721605840144
-ges	0.0179640718563	0.946107784431	0.0359281437126	0.0
-nña	0.480260636259	0.287210936502	0.178868020953	0.0536604062859
-vøy	0.369387755102	0.425170068027	0.0809523809524	0.124489795918
-boy	0.644886363636	0.299715909091	0.0340909090909	0.0213068181818
-'aj	0.425703366194	0.313386594133	0.0987639955054	0.162146044167
-sas	0.124792013311	0.825291181365	0.0499168053244	0.0
-mpo	0.144494414623	0.583055273466	0.0382997243581	0.234150587553
-vor	0.401809954751	0.443438914027	0.0	0.154751131222
-vos	0.031525851198	0.960907944515	0.0	0.00756620428752
-stø	0.221590909091	0.25	0.460227272727	0.0681818181818
-ton	0.070796460177	0.849557522124	0.0796460176991	0.0
-say	0.368916852733	0.117601446462	0.0254829628192	0.487998737987
-tom	0.180959874115	0.33822886616	0.246525045896	0.23428621383
-a'y	0.212195121951	0.368292682927	0.126829268293	0.292682926829
-mpa	0.0247831474597	0.97521685254	0.0	0.0
-oli	0.0454545454545	0.909090909091	0.0454545454545	0.0
-pcu	0.137157107232	0.862842892768	0.0	0.0
-tor	0.075	0.79375	0.1125	0.01875
-tos	0.0571653853735	0.232702542874	0.00665286812537	0.703479203627
-olo	0.0938566552901	0.0591581342434	0.0255972696246	0.821387940842
-saj	0.336056249395	0.486724271469	0.12385032433	0.0533691548068
-usy	0.12125510985	0.0834982173856	0.399828271704	0.39541840106
-san	0.19437685861	0.0464990537983	0.722627737226	0.0364963503649
-sam	0.229074483776	0.305678466077	0.208517699115	0.256729351032
-lde	0.0440852314474	0.34974283615	0.606171932403	0.0
-eyø	0.271317829457	0.244186046512	0.364693446089	0.119802677942
-vø'	0.341741253051	0.53213995118	0.0325467860049	0.093572009764
-ypa	0.259125406577	0.603541741959	0.0831225153596	0.0542103361041
-iel	0.0	1.0	0.0	0.0
-ocs	0.513255106475	0.304215558453	0.0391134289439	0.143415906128
-øte	0.225102722503	0.410246087851	0.24053101096	0.124120178685
-uío	0.0	1.0	0.0	0.0
-cpø	0.263247427065	0.37934847325	0.193756910776	0.163647188909
-naí	0.0848765432098	0.910493827161	0.00462962962963	0.0
-loc	0.0	0.968503937008	0.0314960629921	0.0
-tøṉ	0.37756497948	0.287277701778	0.273597811217	0.061559507524
-ṉba	0.195712579139	0.0350445529448	0.00837606161067	0.760866806306
-oce	0.00893839383937	0.0535616061607	0.0	0.9375
-do'	0.561210746438	0.114127738002	0.1757992486	0.14886226696
-ñec	0.520499108735	0.0579322638146	0.0855614973261	0.336007130125
-iez	0.0	0.136363636364	0.0925925925926	0.771043771044
-oca	0.425321241023	0.179004540959	0.206019535127	0.189654682891
-onø	0.327953296703	0.461881868132	0.148351648352	0.0618131868132
-eso	0.101212046117	0.173364393725	0.00525736530259	0.720166194856
-ron	0.17243293247	0.730434782609	0.0505087881591	0.0466234967622
-ier	0.342105263158	0.462406015038	0.135338345865	0.0601503759398
-lor	0.81067961165	0.150485436893	0.0388349514563	0.0
-mas	0.156673185214	0.142825760245	0.169152279449	0.531348775093
-øpa	0.422071818011	0.366986275616	0.158300432412	0.0526414739613
-mar	0.077484047402	0.86387116378	0.0164083865087	0.0422364023093
-ipo	0.01108033241	0.97783933518	0.0	0.01108033241
-ión	0.0575681587793	0.87376620605	0.0333457824254	0.0353198527451
-ujø	0.405633802817	0.50985915493	0.0845070422535	0.0
-i'ṉ	0.140375613637	0.512899335483	0.0452684419158	0.301456608964
-ipa	0.0772532188842	0.912017167382	0.00214592274678	0.00858369098713
-diṉ	0.1360598345	0.520210057288	0.20050922979	0.143220878421
-oṉa	0.254945054945	0.2	0.18021978022	0.364835164835
-ave	0.665544491993	0.228859429477	0.00117242130122	0.104423657229
-rde	0.0518918918918	0.427027027027	0.441081081081	0.0800000000001
-noé	0.0	1.0	0.0	0.0
-'nø	0.310148320075	0.149006613891	0.0106027565944	0.53024230944
-lgo	0.291450777202	0.13298791019	0.134715025907	0.440846286701
-ips	0.0	0.00796812749005	0.0	0.99203187251
-rdo	0.306488425171	0.541897619824	0.102706227584	0.0489077274209
-cve	0.0	1.0	0.0	0.0
-ypø	0.36944045911	0.411406025825	0.197632711621	0.0215208034433
-jtz	0.20802919708	0.647201946472	0.0	0.144768856448
-jtu	0.432847742698	0.0914489921937	0.0144378748294	0.461265390279
-myø	0.885714285714	0.114285714286	0.0	0.0
-nø'	0.129181973483	0.734833023418	0.00736994875051	0.128615054349
-uṉu	0.199652777778	0.722222222222	0.0520833333333	0.0260416666667
-ø's	0.590332908197	0.24447105165	0.106891555394	0.0583044847601
-jti	0.299395684319	0.20873496417	0.215352943585	0.276516407927
-ese	0.298036665089	0.450813593194	0.131844920905	0.119304820812
-ayø	0.532469405897	0.275871468694	0.072878804686	0.118780320723
-mam	0.141706924316	0.402576489533	0.371980676329	0.0837359098229
-ñøc	0.449954914337	0.279531109107	0.0108205590622	0.259693417493
-uṉe	0.741935483871	0.161290322581	0.0	0.0967741935484
-ura	0.350337584396	0.640660165041	0.00900225056263	0.0
-rma	0.280050879796	0.568369726521	0.0773796904812	0.0741997032012
-mpe	0.316428261812	0.39748591244	0.0325097529259	0.253576072822
-ndø	0.0683586118589	0.0192642566334	0.00173262518073	0.910644506327
-saú	0.0	0.88679245283	0.0	0.11320754717
-ués	0.164014121188	0.0571792349094	0.0402801088026	0.7385265351
-øis	0.585191082802	0.292595541401	0.0696656050955	0.0525477707007
-juj	0.466666666667	0.311111111111	0.0	0.222222222222
-sto	0.0522303890248	0.815273190376	0.0365464884909	0.0959499321079
-sti	0.214354181886	0.289685586691	0.1342918461	0.361668385323
-mpø	0.170497489258	0.290365998861	0.430423978879	0.108712533002
-ste	0.184184675835	0.739685658153	0.0196463654224	0.0564833005894
-hi'	0.603051901437	0.0777229156268	0.0256292020925	0.293595980844
-sta	0.0875981853833	0.0898519532655	0.0278022717516	0.7947475896
-saí	0.166666666667	0.833333333333	0.0	0.0
-obo	0.000716161375032	0.999283838625	0.0	0.0
-nøm	0.331681072385	0.180215857797	0.0316231021254	0.456479967693
-tio	0.11320754717	0.688679245283	0.169811320755	0.0283018867925
-loé	0.0	0.937254901961	0.0	0.0627450980392
-ucs	0.531609775803	0.291658250858	0.0969501110886	0.0797818622501
-ián	0.146341463415	0.743902439024	0.0121951219512	0.0975609756098
-sse	0.268115942029	0.572463768116	0.126811594203	0.0326086956521
-øtø	0.400696864111	0.400199104032	0.0572424091588	0.141861622698
-cua	0.0295624753646	0.940743660491	0.00394166338194	0.025752200762
-'øc	0.428224901184	0.308817291147	0.0817803132945	0.181177494375
-uch	0.0283018867925	0.0754716981132	0.896226415094	0.0
-nøy	0.606890792738	0.202877720948	0.0276209823113	0.162610504003
-'øy	0.319383259912	0.621145374449	0.0330396475771	0.0264317180617
-cuy	0.152900208712	0.522521777084	0.0747017042652	0.249876309939
-eya	0.185351704695	0.344068032901	0.216618647087	0.253961615317
-eye	0.0	0.924882629108	0.018779342723	0.056338028169
-eñe	0.354412591344	0.329117481731	0.0508712759978	0.265598650927
-hoṉ	0.536304201344	0.204382242781	0.0633145757074	0.195998980168
-car	0.0	1.0	0.0	0.0
-tés	0.0	1.0	0.0	0.0
-len	0.269093787099	0.707162643451	0.02374356945	0.0
-yti	0.142788729366	0.320654032975	0.323107145301	0.213450092358
-lea	0.00306341264168	0.990248136424	0.00403349331155	0.00265495762279
-ṉøy	0.411779070284	0.43271322648	0.0840252186654	0.0714824845713
-muj	0.663774403471	0.236442516269	0.0997830802602	0.0
-ley	0.078335373317	0.69400244798	0.183598531212	0.0440636474908
-ṉdø	0.223776223776	0.692307692308	0.0	0.0839160839161
-duṉ	0.207356208344	0.547803961035	0.0228623511763	0.221977479445
-ios	0.0592890450508	0.771209915411	0.00246165850325	0.167039381035
-jpø	0.10440363967	0.148675910166	0.457137367245	0.28978308292
-agé	0.0917159763314	0.872781065089	0.0	0.0355029585798
-les	0.0333867972311	0.835893972649	0.00899037649839	0.121728853621
-dzø	0.401220084467	0.325668700141	0.197090567809	0.0760206475833
-éis	0.345945945946	0.497297297297	0.0	0.156756756757
-ṉøm	0.416438356164	0.0739726027397	0.0821917808219	0.427397260274
