jer-	0.0186204125836	0.958191409457	0.000917046585968	0.0222711313735
cóm-	0.202339688042	0.0456383593299	0.0600808781052	0.691941074523
agu-	0.420198631255	0.202847344903	0.267291162542	0.1096628613
ni'-	0.129506628314	0.533710394595	0.0744023717422	0.262380605349
siu-	0.865019011407	0.0589353612167	0.0	0.0760456273764
vas-	0.147329650092	0.600105235464	0.228887134964	0.0236779794791
fig-	0.0388349514563	0.889967637541	0.0194174757282	0.051779935275
cao-	0.190549436784	0.0124396489444	0.00447827361999	0.792532640652
ye'-	0.0500782472613	0.913406364111	0.0177360459051	0.018779342723
ure-	0.583141660342	0.179892585876	0.0720207644131	0.164944989369
maa-	0.0	1.0	0.0	0.0
uti-	0.5714802115	0.243934544748	0.0879062606036	0.0966789831486
ica-	0.585808580858	0.141914191419	0.272277227723	0.0
jac-	0.00869313242541	0.957693422196	0.022602144306	0.0110113010721
bzë-	0.547218415032	0.253131603807	0.0681471935697	0.131502787592
fal-	0.330882352941	0.187745098039	0.29068627451	0.19068627451
ta'-	0.419155844156	0.198376623377	0.175	0.207467532468
gu'-	0.653145086597	0.172097992365	0.0388801070685	0.13587681397
júp-	0.0	0.989813242784	0.0101867572156	0.0
udi-	0.468591065728	0.35154029415	0.0520511280476	0.127817512074
abí-	0.0	0.96992481203	0.0300751879699	0.0
lëh-	0.115205075008	0.481786626237	0.0611634216406	0.341844877115
mah-	0.0	1.0	0.0	0.0
yuñ-	0.668565683646	0.331434316354	0.0	0.0
bë'-	0.366684769647	0.13110159572	0.0210550283855	0.481158606248
eje-	0.208305514755	0.522321627276	0.0916900342725	0.177682823697
joe-	0.0	1.0	0.0	0.0
eno-	0.0526315789474	0.900584795322	0.046783625731	0.0
guí-	0.0535794687078	0.911301215669	0.0243133723548	0.0108059432688
igü-	0.406091370558	0.543147208122	0.0507614213198	0.0
ite-	0.0	0.950331125828	0.0198675496688	0.0298013245033
lis-	0.132620355733	0.439933907382	0.280443246879	0.147002490006
xub-	0.466981132075	0.47641509434	0.0283018867925	0.0283018867925
rac-	0.290601767095	0.19775122389	0.103174355354	0.408472653661
rli-	0.425813276911	0.416159746099	0.0112404125893	0.146786564401
sue-	0.34338162746	0.439710235239	0.148050059719	0.0688580775822
yal-	0.188852178304	0.426557486215	0.332341781646	0.0522485538346
pre-	0.388516509781	0.490704134736	0.0284107136952	0.0923686417875
cub-	0.225795900978	0.118632038125	0.602590542691	0.0529815182066
yaz-	0.0	0.808510638298	0.191489361702	0.0
bap-	0.543697447442	0.30426427462	0.0776738449388	0.074364432999
uxi-	0.38005325587	0.410352618414	0.117606713467	0.0919874122489
del-	0.3135309759	0.499945856846	0.075078507574	0.11144465968
rxë-	0.854814814815	0.0651851851852	0.0711111111111	0.00888888888891
une-	0.726051782085	0.184717775682	0.0244430569762	0.0647873852572
lac-	0.0724812174918	0.876950491235	0.030340974764	0.0202273165093
pxu-	0.0200134562545	0.945394830231	0.0207035754357	0.0138881380783
anë-	0.175438596491	0.359649122807	0.464912280702	0.0
nun-	0.0899008156911	0.193650283359	0.0185370306719	0.697911870278
byu-	0.233485612578	0.698819341442	0.0452684663305	0.0224265796499
z̃n-	0.0589218338791	0.782837107643	0.0857583201183	0.0724827383598
pró-	0.0	1.0	0.0	0.0
neg-	0.291891774073	0.428382833546	0.195574585685	0.0841508066969
zin-	0.0	1.0	0.0	0.0
ruy-	0.447204968944	0.198757763975	0.354037267081	0.0
mil-	0.0724416436048	0.472934965708	0.0504752737336	0.404148116953
dis-	0.267849857201	0.216952264382	0.253875968992	0.261321909425
tib-	0.0	0.994402985075	0.00559701492537	0.0
gan-	0.347344022979	0.111997603859	0.0298417729705	0.510816600192
yer-	0.469549342348	0.27489378458	0.0607491794733	0.194807693598
rdy-	0.298306408317	0.378593391576	0.233783981649	0.0893162184587
ari-	0.0262172284644	0.956928838951	0.00749063670412	0.00936329588015
ntz-	0.118644067797	0.728813559322	0.0	0.152542372881
ini-	0.303747843623	0.0865969053153	0.0323547784767	0.577300472585
bay-	0.208864840116	0.453781296671	0.219897028753	0.11745683446
mig-	0.0917431192661	0.908256880734	0.0	0.0
arn-	0.259913533942	0.413734360237	0.129226672775	0.197125433046
uga-	0.394255462021	0.501515088278	0.0373380739591	0.0668913757415
paf-	0.0	1.0	0.0	0.0
za'-	0.340128123808	0.127055255872	0.0333296303647	0.499486989956
uli-	0.667679573801	0.176973002348	0.0374367191464	0.117910704704
abr-	0.0455914822034	0.917787127872	0.0137285983485	0.022892791576
tzu-	0.369418307751	0.250567720673	0.146244140916	0.23376983066
zaq-	0.0954893695578	0.407310544291	0.10818128673	0.389018799422
nor-	0.145454545455	0.763636363636	0.0606060606061	0.030303030303
iz̃-	0.302907983298	0.465147713701	0.0913778896985	0.140566413302
nen-	0.371288367182	0.30687282476	0.125925219008	0.195913589051
has-	0.108831388448	0.0884484647523	0.0253545875283	0.777365559271
rbe-	0.446163290185	0.361836456504	0.0770027881497	0.114997465162
zac-	0.230548525464	0.33610747881	0.246970394606	0.186373601121
bër-	0.373848446382	0.374487922439	0.102589914822	0.149073716357
her-	0.0209458000432	0.913733534874	0.0423234722522	0.0229971928309
sël-	0.283936651584	0.588989441931	0.0886123680241	0.0384615384616
ate-	0.0	1.0	0.0	0.0
yoz-	0.15337805131	0.673604868266	0.073577207662	0.0994398727612
xne-	0.188604451496	0.326802089144	0.0463035142016	0.438289945158
nuq-	0.855666156202	0.0538859111791	0.0631699846861	0.0272779479326
z̃e-	0.278244175674	0.361662892248	0.186308365265	0.173784566813
tíq-	0.0622754491018	0.937724550898	0.0	0.0
biy-	0.409518857872	0.281140870136	0.161558407502	0.14778186449
sin-	0.0707849315013	0.825570777491	0.0203121977352	0.0833320932724
rdi-	0.543312184237	0.284216867538	0.0945098706856	0.0779610775392
urí-	0.0	1.0	0.0	0.0
dor-	0.0233463035019	0.773022049287	0.203631647211	0.0
tag-	0.19791907309	0.191024114584	0.602260409077	0.00879640324845
pat-	0.0267857142857	0.973214285714	0.0	0.0
ora-	0.593123209169	0.232091690544	0.0171919770774	0.157593123209
ptu-	0.284762545077	0.59715176334	0.0410732840291	0.0770124075545
yo'-	0.54745186347	0.338428493368	0.065100754288	0.049018888874
uxu-	0.373469645336	0.552063612268	0.0239808153477	0.0504859270478
jor-	0.00126662444585	0.998733375554	0.0	0.0
cer-	0.0588235294117	0.852941176471	0.0882352941176	0.0
lom-	0.138004246284	0.11889596603	0.743099787686	0.0
lëq-	0.188635305077	0.597112249651	0.018630647415	0.195621797857
dya-	0.135659667323	0.104797071251	0.360921156901	0.398622104524
raz-	0.402423051308	0.417022266124	0.103669604292	0.0768850782761
zia-	0.172514226823	0.565577810638	0.0	0.26190796254
bi'-	0.143548209953	0.425802018557	0.119750678005	0.310899093486
lat-	0.227947476438	0.0713093426624	0.0270090850319	0.673734095868
jam-	0.0721732157177	0.846030473136	0.0336808340016	0.0481154771452
rzu-	0.333164795171	0.549220367026	0.0351881918495	0.0824266459534
uzi-	0.458453677358	0.335111455797	0.0999871935118	0.106447673333
aca-	0.0708649545158	0.815198271096	0.0119113434186	0.10202543097
lay-	0.04912240647	0.741585644653	0.0199542385887	0.189337710288
bej-	0.648729446936	0.144992526158	0.0697558545092	0.136522172397
ane-	0.44486573521	0.349452033449	0.0888173271698	0.116864904171
nig-	0.0665130277496	0.326535293614	0.014792630847	0.59215904779
por-	0.144709654947	0.0630044029847	0.015675276497	0.776610665571
alf-	0.0	1.0	0.0	0.0
pas-	0.033887861984	0.927603203943	0.026494146642	0.0120147874307
cos-	0.270299805275	0.474352551288	0.0384748211237	0.216872822314
mor-	0.0	0.0	1.0	0.0
lëz-	0.11498546485	0.0573987316209	0.0289914315746	0.798624371954
ver-	0.317148760331	0.369834710744	0.0495867768595	0.263429752066
gap-	0.362658057618	0.374065222411	0.123917403946	0.139359316025
nai-	0.466666666667	0.0944444444445	0.327777777778	0.111111111111
jas-	0.0355439965323	0.943649761595	0.0208062418726	0.0
red-	0.372608012344	0.35403058578	0.126617356852	0.146744045024
ped-	0.0309211696058	0.890636365106	0.00475212956827	0.0736903357202
tuë-	0.294374009509	0.415610142631	0.0998415213946	0.190174326466
rat-	0.330460755031	0.461587425941	0.0884786760026	0.119473143025
che-	0.624176789112	0.140641006878	0.0863456753988	0.148836528611
yë'-	0.365746757015	0.278557910334	0.145808066806	0.209887265845
epa-	0.143426294821	0.856573705179	0.0	0.0
yac-	0.0335897335006	0.0656104344039	0.0199325031411	0.880867328954
oro-	0.00435888122049	0.741009807483	0.252088630585	0.00254268071195
asi-	0.00881575080812	0.988665463247	0.00251878594518	0.0
gun-	0.402109062188	0.381571386601	0.0381357834685	0.178183767742
nan-	0.351669095244	0.194628427606	0.0528215657703	0.400880911379
gax-	0.0268778669725	0.397219036697	0.513546444954	0.0623566513761
nux-	0.415094339623	0.38936535163	0.102915951973	0.0926243567753
blu-	0.537406089707	0.298857273753	0.0542947195667	0.109441916973
bëg-	0.109898989899	0.67797979798	0.0258585858586	0.186262626263
nis-	0.0763422566172	0.812253455389	0.00562723960372	0.105777048391
z̃ë-	0.10243750556	0.475980784628	0.326305488835	0.0952762209768
usi-	0.641267629854	0.274572496991	0.036724308286	0.0474355648694
psë-	0.52852317535	0.222315487059	0.0721504467578	0.177010890833
dao-	0.180354675404	0.25919422672	0.233250265997	0.32720083188
xch-	0.0813364064834	0.90058883652	0.0	0.0180747569963
bir-	0.293586077509	0.181531271763	0.0993826648123	0.425499985916
tol-	0.0608695652174	0.939130434783	0.0	0.0
alm-	0.101876675603	0.839142091153	0.0455764075067	0.0134048257373
zua-	0.223254062872	0.0547154420531	0.0312480391542	0.69078245592
cue-	0.212569209733	0.319940433087	0.0405958396272	0.426894517552
dub-	0.700913242009	0.235159817352	0.0547945205479	0.00913242009133
lao-	0.109839661796	0.0812579731077	0.024718775525	0.784183589572
mir-	0.0412249705536	0.893992932862	0.0412249705536	0.0235571260306
isa-	0.0528809892722	0.927067928208	0.0137664148643	0.00628466765544
eut-	0.0	1.0	0.0	0.0
pud-	0.0	1.0	0.0	0.0
dio-	0.0655737704918	0.934426229508	0.0	0.0
igu-	0.59642828348	0.242824316698	0.0532129323551	0.107534467468
yah-	0.18	0.78	0.04	0.0
bab-	0.487199853663	0.29322034352	0.077405859318	0.142173943499
ita-	0.149728471683	0.549650892164	0.135376260667	0.165244375485
bga-	0.554027013507	0.278139069535	0.0822911455728	0.0855427713857
tuh-	0.413833528722	0.31652989449	0.0703399765534	0.199296600234
lëd-	0.220684839464	0.380435361122	0.0889177691935	0.30996203022
rca-	0.331215097246	0.532062391681	0.0577700751011	0.0789524359715
bgü-	0.202247191011	0.696629213483	0.101123595506	0.0
láz-	0.119860017498	0.752697579469	0.0489938757655	0.0784485272674
cac-	0.0	0.949183303085	0.043557168784	0.00725952813065
sor-	0.308529945553	0.691470054447	0.0	0.0
moi-	0.0468222097502	0.901276854925	0.0109201266609	0.0409808086634
bdz-	0.472445381301	0.232535730343	0.213263589926	0.0817552984306
rio-	0.233184353992	0.462094818296	0.21384462524	0.0908762024719
biu-	0.410637859094	0.347723617201	0.105851602151	0.135786921554
rid-	0.486932022015	0.186547901336	0.15747197844	0.169048098209
be'-	0.0679324550254	0.813370320705	0.0275813289584	0.0911158953115
jud-	0.0164906839942	0.939041899464	0.00500463544103	0.0394627811005
nu'-	0.382260580817	0.44445893205	0.0886403027191	0.0846401844145
uba-	0.121977454608	0.542509250495	0.0331296790294	0.302383615868
uzí-	0.0	1.0	0.0	0.0
cis-	0.0	1.0	0.0	0.0
bël-	0.382070784969	0.339795080684	0.0743422783168	0.20379185603
aoz-	0.542453958383	0.297392968189	0.0644821812963	0.095670892131
adá-	0.0159477521264	0.932222053463	0.0239216281895	0.0279085662212
rao-	0.448252595699	0.363129585506	0.0463154074621	0.142302411333
rey-	0.290467808498	0.242973761822	0.0336486486287	0.432909781051
nin-	0.0	1.0	0.0	0.0
use-	0.602493410372	0.255490074658	0.0283282901257	0.113688224844
yër-	0.221507578023	0.185303632474	0.428373971021	0.164814818482
rdu-	0.254353144337	0.474924449561	0.21573847556	0.0549839305416
rup-	0.25085097033	0.280434381555	0.0902566049031	0.378458043212
hui-	0.281077082948	0.298156853655	0.0916687284973	0.329097334899
guc-	0.619225003224	0.121192517442	0.0367701286986	0.222812350635
acu-	0.434888715346	0.207340882468	0.0536899648574	0.304080437329
uni-	0.274399332793	0.224523624715	0.0803521732141	0.420724869277
rch-	0.223586130615	0.715314513802	0.0357314609984	0.025367894585
lëy-	0.415402609661	0.375842736337	0.0676697043554	0.141084949647
sir-	0.0481870649396	0.742873821482	0.169618468588	0.0393206449907
duc-	0.785079450579	0.0282790196607	0.0169674117964	0.169674117964
xqu-	0.167023484388	0.51107268007	0.0991564896343	0.222747345908
ca'-	0.745651367722	0.225422501633	0.0	0.0289261306444
pub-	0.0390243902439	0.892682926829	0.0	0.0682926829269
rei-	0.323377960865	0.512873326468	0.0494335736354	0.114315139032
aot-	0.314685314685	0.421911421911	0.249417249417	0.013986013986
pxi-	0.615783950958	0.23896835478	0.0463908985475	0.0988567957144
esr-	0.0	1.0	0.0	0.0
ba'-	0.155741593548	0.0663219586063	0.0538386708773	0.724097776968
yu'-	0.158644067777	0.319636734008	0.0470674817625	0.474651716453
jue-	0.0870280184681	0.828537094428	0.0398456770603	0.0445892100436
and-	0.0172872340426	0.960106382979	0.0	0.0226063829787
apa-	0.36044362292	0.392791127542	0.00924214417745	0.23752310536
ALL	0.219491881211	0.271301316475	0.049582270344	0.45962453197
ana-	0.373831491545	0.484731305247	0.0489515901666	0.092485613042
yaq-	0.755524356431	0.164232418239	0.0197169067953	0.0605263185342
zed-	0.20804603676	0.767553502139	0.0244004611015	0.0
ine-	0.553904249329	0.131482601476	0.0665140171257	0.248099132069
ucu-	0.496165341746	0.303065521868	0.0929597499309	0.107809386455
mae-	0.00515611572616	0.972118781629	0.000763868996465	0.0219612336484
cil-	0.0	1.0	0.0	0.0
per-	0.0510312534517	0.0240855046122	0.00774491983029	0.917138322106
nuc-	0.201400210991	0.728109715163	0.0704900738467	0.0
cal-	0.0985782940897	0.0731999662747	0.0180381263592	0.810183613276
nex-	0.0	0.864049002118	0.0479827051348	0.0879682927472
big-	0.481569245681	0.251397654512	0.0783256433912	0.188707456416
rur-	0.0875	0.7875	0.0749999999999	0.05
nuz-	0.140313337104	0.108432674144	0.0478249965315	0.70342899222
zor-	0.0	1.0	0.0	0.0
duy-	0.285714285714	0.666666666667	0.0	0.047619047619
ptë-	0.851711026616	0.0	0.125475285171	0.0228136882129
xcu-	0.0927226240732	0.502421778508	0.180406035824	0.224449561594
lid-	0.212353674319	0.683265804468	0.0235948527021	0.0807856685108
div-	0.374015748031	0.614173228346	0.0118110236221	0.0
yed-	0.160465179343	0.363121516189	0.0598333421489	0.416579962319
gas-	0.323436278497	0.410906765006	0.207498598356	0.0581583581418
xus-	0.411149825784	0.421602787456	0.12543554007	0.0418118466899
ya'-	0.11956042306	0.801843144983	0.0192385296133	0.0593579023433
tie-	0.170641426939	0.401094715225	0.127059836704	0.301204021132
far-	0.0134464751958	0.965992167102	0.00156657963446	0.0189947780679
ces-	0.0336574420344	0.932311144353	0.0	0.0340314136126
fra-	0.0	0.865418373318	0.108250438853	0.0263311878291
izu-	0.659574468085	0.106382978723	0.234042553192	0.0
si'-	0.406844077228	0.25530475784	0.177012784541	0.16083838039
ins-	0.443017656501	0.213483146067	0.304975922953	0.0385232744783
rud-	0.405362135217	0.471459850875	0.0497898095938	0.0733882043136
isc-	0.0	0.9963099631	0.0	0.00369003690037
mal-	0.105658907952	0.322465305647	0.319509630183	0.252366156218
tac-	0.0949033349532	0.102664597842	0.0577356266017	0.744696440604
lev-	0.0457489980591	0.912534973408	0.0386913013889	0.00302472714441
zuj-	0.456541878788	0.229585579544	0.0512444965987	0.262628045068
z̃a-	0.166720397654	0.555155324542	0.0426520345894	0.235472243215
bda-	0.362271822409	0.417126638195	0.0228576116598	0.197743927736
adi-	0.0	1.0	0.0	0.0
rba-	0.275845716092	0.66566550743	0.0237116661397	0.0347771103383
apt-	0.511177347243	0.408984458165	0.0479029167554	0.0319352778369
ami-	0.0957283047912	0.828651144891	0.044160092361	0.0314604579565
zat-	0.627906976744	0.320685434516	0.00734394124847	0.0440636474908
suj-	0.443225452551	0.25068568294	0.181020296215	0.125068568294
gue-	0.44140149418	0.341369695019	0.145927743691	0.0713010671089
cás-	0.0390738060781	0.960926193922	0.0	0.0
abd-	0.484152618997	0.252574866998	0.0365260965376	0.226746417467
tío-	0.489512137639	0.377327362715	0.083667216592	0.0494932830544
sec-	0.277777777778	0.654761904762	0.047619047619	0.0198412698413
pcu-	0.689483104997	0.217215621306	0.0547091462253	0.0385921274725
cau-	0.226281012343	0.34222665503	0.30669492582	0.124797406807
jai-	0.0851788756388	0.853492333901	0.0408858603066	0.0204429301533
guz-	0.769123820424	0.146764783826	0.0195875853116	0.0645238104383
uze-	0.475815627973	0.411889794624	0.0767781529221	0.035516424481
tal-	0.212205443314	0.218345566278	0.0942511206671	0.475197869741
aos-	0.50891284624	0.351612673676	0.0560388536051	0.0834356264788
saú-	0.431578947368	0.526315789474	0.0210526315789	0.0210526315789
aod-	0.421199205497	0.325675051356	0.108663809495	0.144461933652
bin-	0.357055817575	0.301332608135	0.0974085516823	0.244203022608
aoc-	0.462716189396	0.296285795294	0.0669123901332	0.174085625177
rod-	0.0	1.0	0.0	0.0
rob-	0.0	1.0	0.0	0.0
naa-	0.0113744075829	0.965876777251	0.0227488151659	0.0
sud-	0.293263115151	0.540264271183	0.0658399042028	0.100632709463
pue-	0.159061838081	0.0968633985484	0.0360342141442	0.708040549227
lud-	0.182972582973	0.687157287157	0.0340548340549	0.0958152958153
taz-	0.154416348365	0.44556126274	0.218147212408	0.181875176487
loc-	0.17955801105	0.209944751381	0.593922651934	0.0165745856354
pon-	0.0595238095238	0.89880952381	0.0	0.0416666666667
req-	0.576837416481	0.289532293987	0.0	0.133630289532
nec-	0.186289002431	0.287375365842	0.228344659953	0.297990971774
cuë-	0.28006094431	0.374620378717	0.0424581262904	0.302860550683
hig-	0.0132076702322	0.921243151578	0.06261414036	0.00293503782938
rap-	0.31359343356	0.446785944708	0.0751227702361	0.164497851495
chi-	0.0911684018172	0.103203647993	0.0246396596863	0.780988290504
pil-	0.0692780835221	0.833140637284	0.0427322758174	0.054849003376
gol-	0.48300741601	0.31623658449	0.0890649055159	0.111691093984
ben-	0.0462092159013	0.151278541386	0.00607791444581	0.796434328267
dió-	0.183673469388	0.816326530612	0.0	0.0
xti-	0.132962449136	0.627747742545	0.0601717339318	0.179118074387
uzë-	0.52614510559	0.306743724523	0.0389658620609	0.128145307827
seg-	0.381567994738	0.162574890298	0.063663176068	0.392193938896
beg-	0.467967903249	0.299238359629	0.0565420563788	0.176251680744
bëc-	0.206566347469	0.605335157319	0.0410396716826	0.147058823529
pin-	0.0552504576469	0.802962223332	0.131802296555	0.0099850224663
euf-	0.0	1.0	0.0	0.0
rso-	0.355253212396	0.355253212396	0.0476190476191	0.241874527589
ptz-	0.455782649577	0.365962290296	0.0875934082248	0.0906616519028
der-	0.135386122582	0.43097008579	0.166817473654	0.266826317974
lam-	0.0114416475973	0.988558352403	0.0	0.0
nar-	0.221767703863	0.483838519313	0.0851663090129	0.209227467811
gat-	0.388800625059	0.254059286099	0.0647333778161	0.292406711026
nut-	0.193469686989	0.329435014119	0.0579207385892	0.419174560303
re'-	0.37050278114	0.15099503875	0.0319077213091	0.446594458801
act-	0.354995150339	0.520853540252	0.0611057225994	0.063045586809
cua-	0.221544462386	0.659300542979	0.0660641595044	0.0530908351305
dám-	0.0588235294118	0.941176470588	0.0	0.0
imp-	0.287769784173	0.704236610711	0.00319744204636	0.00479616306954
zid-	0.381228659619	0.283744434429	0.206397333989	0.128629571963
lám-	0.0139563400787	0.972436228344	0.00697817003938	0.00662926153741
ago-	0.0666666666667	0.866666666667	0.0666666666667	0.0
sat-	0.0723215787408	0.914223243819	0.00504569154006	0.00840948590009
pur-	0.24204568753	0.245507297512	0.157727352917	0.35471966204
sió-	0.01	0.99	0.0	0.0
esl-	0.0	1.0	0.0	0.0
ani-	0.232978509741	0.730869652541	0.0120506125728	0.0241012251456
rla-	0.279912670346	0.515038709775	0.138706253427	0.0663423664525
gud-	0.500483252803	0.0753128994283	0.0154643522393	0.408739495529
nad-	0.282995934174	0.561290449403	0.0679428753026	0.0877707411205
yad-	0.554269175109	0.141823444284	0.150506512301	0.153400868307
ard-	0.789189189189	0.0486486486486	0.162162162162	0.0
rex-	0.384961418121	0.375830930085	0.154756204835	0.0844514469597
abi-	0.308324417837	0.506309136297	0.0377106523108	0.147655793555
eub-	0.0	1.0	0.0	0.0
nëp-	0.0	1.0	0.0	0.0
luz-	0.03663003663	0.92380952381	0.00439560439561	0.0351648351648
ru'-	0.240958170442	0.348740422071	0.0749906720317	0.335310735456
cag-	0.0709680773631	0.763439742123	0.0	0.165592180514
inë-	0.519825864265	0.301787513401	0.0706204562483	0.107766166086
bix-	0.130737959621	0.0164206421155	0.00821032105776	0.844631077206
gál-	0.225	0.60625	0.13125	0.0375
ban-	0.479562395059	0.247398070947	0.103023472772	0.170016061222
zeq-	0.516703786192	0.256124721604	0.200445434298	0.0267260579065
adr-	0.113421550095	0.739130434783	0.147448015123	0.0
yug-	0.0886949108024	0.247106135659	0.0458356438241	0.618363309715
ute-	0.382019570596	0.466822494959	0.0276628899637	0.123495044481
cés-	0.0868055555555	0.898313492064	0.0148809523809	0.0
ter-	0.185029436501	0.470142977292	0.0201850294365	0.32464255677
zai-	0.286749851456	0.303862150921	0.125371360665	0.284016636958
rlë-	0.44533204923	0.270678027523	0.132142987838	0.151846935409
tra-	0.462544978737	0.464834805365	0.0549558390579	0.0176643768401
idz-	0.409233609523	0.330251917389	0.171773239997	0.0887412330909
itz-	0.0952535234084	0.309630026542	0.384634076437	0.210482373612
sie-	0.301702028445	0.354394963861	0.230823035673	0.113079972021
arq-	0.17942583732	0.82057416268	0.0	0.0
isë-	0.366537300561	0.206554549375	0.264481816875	0.16242633319
ale-	0.0266195672743	0.901974389705	0.0714060430203	0.0
tue-	0.528662420382	0.394904458599	0.0764331210192	0.0
sid-	0.00712667667794	0.982183308305	0.0	0.0106900150169
oli-	0.092439546985	0.84817875727	0.0355065809611	0.0238751147842
luc-	0.0938683647144	0.762584399187	0.0867870670253	0.0567601690729
bze-	0.544393497291	0.385577323885	0.0425177157149	0.0275114631096
taq-	0.0150375939849	0.962406015038	0.0	0.0225563909774
led-	0.171911902016	0.433075190861	0.181358818037	0.213654089087
biq-	0.458585698706	0.301810744352	0.0701869005182	0.169416656423
tzo-	0.0531276401541	0.0544418502	0.163751370633	0.728679139013
jec-	0.0	1.0	0.0	0.0
ero-	0.295736747011	0.300618921308	0.0	0.40364433168
net-	0.222085829413	0.421874460911	0.213979738404	0.142059971273
bic-	0.0616833095152	0.799897317935	0.0470019520704	0.0914174204798
ciu-	0.106548207658	0.213098960437	0.00411546164773	0.676237370258
zey-	0.579723967925	0.117253851834	0.042712533076	0.260309647166
eli-	0.00912582227462	0.942963610784	0.0	0.0479105669417
aps-	0.560081606455	0.223661287365	0.0623280762883	0.153929029892
azu-	0.206275503025	0.584775573378	0.130856901646	0.0780920219502
zi'-	0.313175705455	0.186928568364	0.0911995186216	0.408696207559
di'-	0.149909880588	0.210727153812	0.0156520154226	0.623710950177
col-	0.0	1.0	0.0	0.0
bri-	0.645083932854	0.231814548361	0.0191846522782	0.103916866507
rza-	0.482431669727	0.334758266563	0.109072777629	0.0737372860812
ene-	0.130826100932	0.765027322404	0.0308582449373	0.0732883317261
pan-	0.0	0.980291207465	0.012200681093	0.00750811144183
huu-	0.426505503993	0.148284049212	0.0535290308656	0.371681415929
jë'-	0.20725388601	0.259067357513	0.227979274611	0.305699481865
uyë-	0.403639274028	0.267225347803	0.060191615075	0.268943763094
suë-	0.628509719222	0.254859611231	0.0647948164147	0.0518358531318
zëd-	0.185646452279	0.255105813177	0.163518859897	0.395728874647
lec-	0.0	1.0	0.0	0.0
sen-	0.286516853933	0.446629213483	0.165730337079	0.101123595506
tul-	0.0654910501758	0.291977752749	0.169355788482	0.473175408593
uz̃-	0.532628135178	0.272988496516	0.047071821809	0.147311546497
enn-	0.420560747664	0.308411214953	0.18691588785	0.0841121495327
ina-	0.436323790228	0.209400367277	0.0448439557893	0.309431886705
ema-	0.0555555555556	0.861111111111	0.0833333333334	0.0
cre-	0.00416088765604	0.929264909847	0.0124826629681	0.0540915395284
rul-	0.376368315145	0.363444310594	0.048384710368	0.211802663892
mai-	0.0	1.0	0.0	0.0
pen-	0.254284779096	0.365025629672	0.0255627361048	0.355126855127
sao-	0.0447915895462	0.87599022729	0.015547493892	0.0636706892722
ape-	0.0	1.0	0.0	0.0
bëz-	0.450154162384	0.25950668037	0.151593011305	0.13874614594
luë-	0.0208964887166	0.0154183233768	0.00353933917948	0.960145848727
uza-	0.447974177974	0.126035011612	0.0302782724647	0.395712537949
jon-	0.0	0.985	0.0	0.015
fre-	0.0662983425414	0.834254143646	0.0994475138122	0.0
aja-	0.0815217391304	0.070652173913	0.0	0.847826086957
udz-	0.529178576735	0.314508910231	0.0759948432934	0.0803176697408
isr-	0.0359254574424	0.801310182668	0.0996342126588	0.0631301472312
lab-	0.437882215517	0.265607346483	0.0585822234901	0.237928214511
azi-	0.366260303572	0.170779203457	0.149918638461	0.31304185451
gao-	0.490811214698	0.29982386065	0.0501240423612	0.15924088229
ber-	0.212625327511	0.490641048035	0.0242794759825	0.272454148472
tia-	0.243880729862	0.617267467735	0.00534045393858	0.133511348465
zun-	0.365739042082	0.128418616466	0.0351387203296	0.470703621123
tir-	0.00315955766193	0.996840442338	0.0	0.0
iba-	0.0993959997502	0.510271768705	0.107045444777	0.283286786768
tel-	0.278761061947	0.442477876106	0.238938053097	0.0398230088496
rux-	0.559246198764	0.264816289387	0.0891062829409	0.0868312289083
byë-	0.468095125971	0.358841535201	0.10878267012	0.0642806687073
de'-	0.577319587629	0.164948453608	0.216494845361	0.0412371134021
rdë-	0.375272315947	0.290885105729	0.190071403249	0.143771175075
yex-	0.51880853211	0.350255911904	0.0580865124732	0.0728490435132
mañ-	0.0105263157895	0.947368421053	0.0421052631579	0.0
ruq-	0.415792922674	0.405541239976	0.0801197325455	0.0985461048049
yes-	0.340898536914	0.565577732791	0.036138295784	0.0573854345113
le'-	0.0223265312734	0.0150197888479	0.00213789872696	0.960515781152
pól-	0.247924080664	0.680901542112	0.0711743772242	0.0
oné-	0.0141709966935	0.626830420406	0.245630609353	0.113367973547
dug-	0.276822020644	0.220832030028	0.319361901783	0.182984047545
në'-	0.0409778223984	0.0664548298294	0.00102105282115	0.891546294951
tur-	0.165401995055	0.318782504902	0.166254582658	0.349560917384
tah-	0.181699037371	0.172449936728	0.375994417947	0.269856607954
fia-	0.0	1.0	0.0	0.0
cai-	0.0681348933241	0.931865106676	0.0	0.0
sod-	0.0047518031396	0.990496393721	0.00475180313958	0.0
zap-	0.370022371365	0.465548098434	0.11744966443	0.0469798657718
dex-	0.644910999544	0.230944774076	0.00456412596988	0.119580100411
ide-	0.508841223091	0.175459096672	0.0817368319659	0.233962848271
har-	0.0	0.979381443299	0.020618556701	0.0
dem-	0.0485580975799	0.385054127124	0.123779698763	0.442608076533
zab-	0.205692599621	0.577988614801	0.0569259962049	0.159392789374
abg-	0.156862745098	0.548202614379	0.15931372549	0.135620915033
xel-	0.301414079311	0.374654165386	0.112588379957	0.211343375346
nez-	0.379415304208	0.223728023862	0.0408880984801	0.355968573449
ida-	0.0747205443355	0.788376521569	0.0258710906674	0.111031843428
rse-	0.339887357791	0.49895256919	0.107185451408	0.0539746216117
óni-	0.0	0.891891891892	0.108108108108	0.0
nup-	0.0	0.853226750857	0.144431122826	0.00234212631611
bia-	0.10699488534	0.301587424116	0.0106823872137	0.58073530333
lër-	0.284434735117	0.50873839432	0.099016930639	0.107809939924
fue-	0.223651748282	0.343850698704	0.195850512267	0.236647040747
uhu-	0.248758496813	0.607755432677	0.0214489486845	0.122037121826
taf-	0.341721854305	0.396026490066	0.246357615894	0.0158940397351
zër-	0.343609505459	0.274887604367	0.317919075144	0.0635838150289
met-	0.111479361253	0.849352214522	0.0271166013859	0.0120518228382
tao-	0.124138779528	0.302842027559	0.466443159449	0.106576033465
ze'-	0.206896551724	0.708222811671	0.0636604774536	0.0212201591512
udu-	0.303585214818	0.171935085261	0.453049432287	0.0714302676342
mna-	0.0425531914894	0.914893617021	0.0425531914894	0.0
nef-	0.0	1.0	0.0	0.0
psi-	0.478773338896	0.457598831751	0.0245123604882	0.0391154688641
rus-	0.314231551843	0.527816641818	0.0896621929709	0.0682896133687
dap-	0.0831315577078	0.0112994350283	0.0	0.905569007264
ded-	0.818965517241	0.181034482759	0.0	0.0
tuy-	0.154766499421	0.339637205712	0.084909301428	0.420686993439
rej-	0.413929040736	0.172141918528	0.0	0.413929040736
iqu-	0.509007206705	0.345380769489	0.02539506463	0.120216959176
inv-	0.867967853042	0.0597014925373	0.0585533869116	0.0137772675086
uxë-	0.54253214639	0.311572700297	0.106330365974	0.0395647873392
así-	0.0	1.0	0.0	0.0
ruc-	0.399445857037	0.438817591649	0.111839104632	0.0498974466818
juz-	0.0236220472441	0.905511811024	0.0236220472441	0.0472440944882
cob-	0.0169971671388	0.974504249292	0.00849858356942	0.0
aob-	0.769679300292	0.0641399416909	0.113702623907	0.0524781341108
nit-	0.151894689825	0.2847586823	0.0285467310764	0.534799896799
stu-	0.0841409360679	0.397115167906	0.44718653745	0.0715573585756
bde-	0.255319148936	0.744680851064	0.0	0.0
tró-	0.0064585575888	0.993541442411	0.0	0.0
aor-	0.601518026566	0.242884250474	0.0759013282733	0.0796963946869
xi'-	0.0883242639129	0.718995469757	0.13818868656	0.05449157977
yëz-	0.653428863869	0.339406345957	0.00716479017401	0.0
mad-	0.0	0.936170212766	0.063829787234	0.0
par-	0.139680043695	0.420101955053	0.0383946318969	0.401823369355
zëy-	0.629183400268	0.204819277108	0.0481927710843	0.117804551539
ala-	0.225623224992	0.710213526875	0.0641632481329	0.0
jul-	0.0258064516129	0.961290322581	0.0	0.0129032258065
cop-	0.32074805928	0.650670430487	0.0148200423429	0.0137614678899
nah-	0.101181948424	0.711318051576	0.128402578797	0.0590974212034
utz-	0.29106510783	0.595108458038	0.045826649271	0.0679997848608
álo-	0.0234375	0.9765625	0.0	0.0
feb-	0.118811881188	0.881188118812	0.0	0.0
anu-	0.140684410646	0.391634980989	0.262357414449	0.205323193916
amé-	0.0548294302759	0.0779967951812	0.00115836824527	0.866015406298
saq-	0.323021094602	0.141100802261	0.105752541847	0.43012556129
tre-	0.0056064287049	0.283311530555	0.305550364418	0.405531676322
yen-	0.51698139106	0.266432896411	0.0991912929946	0.117394419535
gay-	0.0155009056709	0.179775672287	0.0306012261391	0.774122195903
beb-	0.560593395713	0.207500223173	0.12538243672	0.106523944394
gob-	0.0706894192203	0.814775825587	0.0279494278526	0.0865853273399
con-	0.16177201622	0.108899690157	0.0323276847967	0.697000608827
iyu-	0.1302461956	0.485557817195	0.0934137830765	0.290782204129
dan-	0.123162814841	0.0220615797646	0.00420073612668	0.850574869268
ubi-	0.494986518781	0.338917116204	0.0754045245451	0.0906918404709
iro-	0.372835476295	0.443254647506	0.0390111858604	0.144898690339
bza-	0.506738544474	0.280023959269	0.0813262614845	0.131911234772
yuz-	0.0686201963396	0.737704109319	0.155197079572	0.0384786147699
zez-	0.572497820093	0.207635566658	0.0559564489902	0.163910164259
gre-	0.0357142857143	0.928571428571	0.0357142857143	0.0
aru-	0.507106310404	0.318931210915	0.0989198408186	0.0750426378624
uyu-	0.511241320936	0.152792286733	0.11981843802	0.216147954311
dë'-	0.315789473684	0.342105263158	0.342105263158	0.0
dza-	0.103122549709	0.460525563403	0.0103122549709	0.426039631917
unë-	0.428329971218	0.0847031086656	0.0185734586852	0.468393461431
mis-	0.0	1.0	0.0	0.0
ted-	0.177464788732	0.738028169014	0.0845070422535	0.0
elm-	0.0	1.0	0.0	0.0
ulu-	0.397899020272	0.277998509832	0.103863378306	0.22023909159
sac-	0.453554889676	0.406837374013	0.0599291746119	0.0796785616998
z̃'-	0.0705128205128	0.615384615385	0.0641025641025	0.25
apó-	0.0603131325649	0.871452472425	0.0279361341761	0.0402982608337
zel-	0.221411169059	0.311688682477	0.384198104229	0.0827020442346
nac-	0.417596070973	0.101830481801	0.0415018054471	0.439071641778
lax-	0.165582414092	0.313654034546	0.089316372804	0.431447178558
zëg-	0.469314079422	0.140794223827	0.303249097473	0.086642599278
agr-	0.0197388597184	0.959072533804	0.0	0.0211886064774
dyë-	0.233150249698	0.156055184405	0.0469067786414	0.563887787256
naq-	0.532090902313	0.0783566745191	0.0219051498666	0.367647273301
sos-	0.0	0.968085106383	0.031914893617	0.0
ibi-	0.659196958473	0.217299380781	0.031565451754	0.0919382089921
ule-	0.541534539975	0.312713659542	0.0571052968236	0.0886465036591
suy-	0.566439522998	0.220045428734	0.12265758092	0.0908574673481
tat-	0.0699080480367	0.0701237419239	0.0215030213736	0.838465188666
bit-	0.283677126921	0.365510140249	0.114569435628	0.236243297202
uri-	0.788732394366	0.19014084507	0.0211267605634	0.0
xil-	0.0388416385854	0.868897481614	0.0306896897464	0.0615711900538
leg-	0.378203199336	0.116421199873	0.153562453746	0.351813147044
pti-	0.663822525597	0.218941979522	0.0391638225256	0.078071672355
uzu-	0.468110029938	0.233184448452	0.0740790492307	0.224626472379
nët-	0.0350129004266	0.016852113749	0.00165188389285	0.946483101932
cef-	0.225563909774	0.639097744361	0.0	0.135338345865
yës-	0.382113821138	0.121951219512	0.0	0.49593495935
nia-	0.308082326758	0.12552726538	0.0140701414611	0.552320266401
lës-	0.0450900635621	0.0218878668327	0.0194292245608	0.913592845044
lap-	0.440571627745	0.281979783897	0.0257929592192	0.251655629139
utu-	0.331727413978	0.393212237772	0.146467152949	0.128593195301
esa-	0.0985790408525	0.817051509769	0.0	0.0843694493783
már-	0.0	1.0	0.0	0.0
rga-	0.303802938634	0.529386343993	0.0276577355229	0.13915298185
rtz-	0.317628045748	0.520263550472	0.0182744903033	0.143833913476
rep-	0.512820512821	0.435897435897	0.0	0.0512820512821
lën-	0.038628297815	0.0643822194897	0.0108267791159	0.886162703579
zur-	0.286061936346	0.315980340698	0.0682349572936	0.329722765663
rqu-	0.51377623278	0.326058967426	0.0343118321102	0.125852967684
laz-	0.328044435371	0.254645953785	0.0431141737894	0.374195437054
aug-	0.150684931507	0.849315068493	0.0	0.0
cri-	0.0448973424948	0.822131073552	0.0035273677214	0.129444216232
mos-	0.0163710777626	0.746248294679	0.225102319236	0.012278308322
li'-	0.0932362122789	0.906763787721	0.0	0.0
zën-	0.417965182855	0.226876748467	0.0113061502558	0.343851918422
bec-	0.140908947085	0.785999810153	0.038444095219	0.0346471475431
bët-	0.561591277917	0.319750436271	0.0454231602974	0.0732351255148
fri-	0.0	0.980132450331	0.0198675496689	0.0
reg-	0.466603362028	0.347832256314	0.0702547031305	0.115309678527
rëc-	0.165680473373	0.763313609467	0.0	0.0710059171598
pla-	0.0409409786001	0.903290769469	0.048465266559	0.0073029853719
mac-	0.00993669954365	0.972950095687	0.00938466068011	0.0077285440895
ged-	0.131386861314	0.868613138686	0.0	0.0
ico-	0.0186467767715	0.981353223229	0.0	0.0
tuj-	0.442906574394	0.352941176471	0.166089965398	0.038062283737
bet-	0.187186933839	0.465304727672	0.27729800575	0.0702103327385
cru-	0.360754910217	0.513407475554	0.0102791691821	0.115558445047
til-	0.42033658595	0.420303513119	0.0582831927624	0.101076708169
pxa-	0.77390659748	0.172720533729	0.0	0.0533728687917
sal-	0.0352190182699	0.953775038521	0.00440237728373	0.0066035659256
asu-	0.268137746573	0.42494149114	0.0220661985958	0.284854563691
guë-	0.674183334621	0.272144567148	0.0127422967024	0.0409298015291
lëj-	0.0438515078455	0.0603785295413	0.00506790721248	0.890702055401
yël-	0.0295475530933	0.908279470606	0.00369344413666	0.0584795321638
xud-	0.241353383459	0.197744360902	0.506766917293	0.0541353383459
gab-	0.170786884821	0.626598160525	0.0654639601258	0.137150994528
nub-	0.621278201795	0.182147949342	0.0730730520841	0.123500796779
den-	0.234579566901	0.140014552057	0.061257255084	0.564148625958
rël-	0.0165137614679	0.830275229358	0.0	0.153211009174
yan-	0.368421052632	0.631578947368	0.0	0.0
bad-	0.370267061732	0.311304501393	0.21159883835	0.106829598524
sim-	0.00956102427669	0.979880279348	0.000166278683073	0.010392417692
yun-	0.199590083935	0.47247706422	0.199590083935	0.128342767909
zil-	0.0444159041044	0.631722587895	0.105956012201	0.217905495799
rug-	0.581894369899	0.314863278774	0.0409556435015	0.0622867078252
efa-	0.0210526315789	0.978947368421	0.0	0.0
lic-	0.217363177643	0.599236641221	0.108681588821	0.0747185923146
diu-	0.164413404117	0.611734730093	0.00604892785135	0.217802937938
ich-	0.340134020184	0.296280946447	0.0640288943391	0.299556139029
ren-	0.0377450515506	0.896986146299	0.0218335418238	0.0434352603271
lëa-	0.0558659217877	0.687150837989	0.256983240223	0.0
rëz-	0.719676935766	0.176473578554	0.0675021656923	0.0363473199882
dui-	0.344594594595	0.533783783784	0.0	0.121621621622
onz-	0.0560747663551	0.943925233645	0.0	0.0
sul-	0.418829353273	0.233575460775	0.111981890633	0.235613295319
sla-	0.120970357398	0.342479081533	0.511253810728	0.0252967503405
tab-	0.157603853256	0.492981753851	0.212148603453	0.13726578944
rcu-	0.460589764127	0.374642430979	0.0978308841558	0.0669369207381
naz-	0.168908202753	0.724275201421	0.0751760451691	0.0316405506566
gal-	0.247839514794	0.444829049279	0.044607398802	0.262724037125
nul-	0.388001623672	0.305570078766	0.0955210968953	0.210907200667
ixë-	0.379959455546	0.570518389806	0.00390964378801	0.0456125108601
usu-	0.693807167491	0.138251611936	0.161643424801	0.00629779577148
cui-	0.251827749413	0.238177765545	0.133791645419	0.376202839623
tza-	0.270934090321	0.211370517445	0.107671372887	0.410024019348
z̃i-	0.0854023706482	0.716006150564	0.0402248987982	0.15836657999
bdi-	0.570439739414	0.355863192182	0.0614820846906	0.0122149837134
bii-	0.393949092331	0.332063799315	0.141398929818	0.132588178536
ixa-	0.133928571429	0.657738095238	0.0967261904762	0.111607142857
lil-	0.776315789474	0.078947368421	0.0657894736842	0.078947368421
tej-	0.0571428571429	0.857142857143	0.0857142857143	0.0
val-	0.19996990105	0.325219157982	0.213514428684	0.261296512284
ray-	0.742907801418	0.171985815603	0.0212765957447	0.063829787234
udy-	0.545317061376	0.302951005209	0.0590048930131	0.0927270404022
lu'-	0.0520806740574	0.0166501775348	0.00221179431667	0.929057354091
aon-	0.580947463452	0.189620032627	0.0966735828437	0.132758921076
tuz-	0.113488774547	0.139466385453	0.13124655121	0.61579828879
lob-	0.0617513869557	0.876497226089	0.043225970869	0.0185254160867
sën-	0.734939759036	0.21686746988	0.0	0.0481927710843
tay-	0.192532088681	0.554259043174	0.166861143524	0.0863477246208
z̃g-	0.0930881201927	0.748730690802	0.0932253508366	0.0649558381689
nel-	0.711299564009	0.191516649869	0.0843212261936	0.0128625599278
lëg-	0.240696251303	0.11413807171	0.0372754332684	0.607890243718
ihu-	0.1125	0.1375	0.0	0.75
naí-	0.0392156862745	0.960784313725	0.0	0.0
niz-	0.616541353383	0.203007518797	0.0	0.18045112782
zë'-	0.367630057804	0.450867052023	0.0404624277456	0.141040462428
gog-	0.0568181818182	0.943181818182	0.0	0.0
saf-	0.0477707006369	0.952229299363	0.0	0.0
tes-	0.14148566107	0.789325919636	0.0416335698047	0.0275548494892
lë'-	0.260650210022	0.100205049158	0.0254645325289	0.613680208291
dyi-	0.213686661585	0.490441049539	0.0437339162374	0.252138372639
sil-	0.0594844679445	0.892399206874	0.0100462656973	0.0380700594845
evo-	0.0	1.0	0.0	0.0
lal-	0.119365589619	0.431654336162	0.10423806935	0.344742004869
xma-	0.118568232662	0.805369127517	0.0134228187919	0.0626398210291
vie-	0.164122137405	0.790076335878	0.0	0.0458015267176
bëb-	0.175548660304	0.676115389653	0.0944441120782	0.0538918379655
ri'-	0.419814096586	0.450342589502	0.0821457700263	0.0476975438862
níg-	0.576470588235	0.211764705882	0.0882352941176	0.123529411765
cho-	0.106842909776	0.0710393727668	0.0560298119873	0.76608790547
cad-	0.096268422703	0.43723215219	0.0427511236543	0.423748301453
gus-	0.32691626573	0.342970427369	0.124167437195	0.205945869705
yeb-	0.255426655733	0.297392793401	0.363579904491	0.083600646375
gen-	0.0206896551724	0.965517241379	0.0137931034483	0.0
gra-	0.128603730921	0.451341479323	0.383528286298	0.0365265034569
zud-	0.308722150065	0.428364471975	0.157258467379	0.10565491058
ga'-	0.214077512581	0.196388653471	0.0639687130664	0.525565120882
xu'-	0.13533035904	0.118121946038	0.246866369237	0.499681325685
egi-	0.0274694783574	0.851692563818	0.0707547169811	0.0500832408435
run-	0.419654560212	0.370931612451	0.0739046824018	0.135509144935
rax-	0.385108603667	0.367728067701	0.133734555712	0.11342877292
zig-	0.178970917226	0.686800894855	0.134228187919	0.0
esm-	0.0100908173562	0.848637739657	0.141271442987	0.0
sei-	0.0375469336671	0.315394242804	0.0438047559449	0.603254067584
pri-	0.121840033154	0.700787401575	0.0886862826358	0.0886862826357
tro-	0.166882948352	0.833117051648	0.0	0.0
mat-	0.00284225485551	0.997157745144	0.0	0.0
ser-	0.257689678742	0.598769651401	0.143540669856	0.0
rze-	0.126146419952	0.641834271923	0.159935639582	0.0720836685438
ude-	0.227347173478	0.100220093986	0.0120555985168	0.660377134019
iza-	0.0257223126029	0.926106811068	0.0292766685262	0.0188942078029
ela-	0.0	1.0	0.0	0.0
