jer-	0.0139235020046	0.946148011702	0.0122981904865	0.0276302958067
xdë-	0.0305015702289	0.909297962214	0.0230768458968	0.0371236216601
xpr-	0.0578978045464	0.792889061589	0.101418301923	0.0477948319409
mla-	0.0142990892842	0.902289556558	0.0834113541578	0.0
fig-	0.0384615384615	0.961538461538	0.0	0.0
del-	0.23068103646	0.262095849576	0.0227012153176	0.484521898647
rrë-	0.223423423423	0.717117117117	0.0270270270271	0.0324324324324
rne-	0.232059399915	0.677250575896	0.0395479046315	0.0511421195566
maa-	0.0844924192785	0.433916219096	0.0262688837381	0.455322477888
jac-	0.000593941793705	0.984557513364	0.0148485448426	0.0
nzo-	0.325241597253	0.354029051672	0.242784681401	0.077944669674
fal-	0.499635568513	0.14777696793	0.184220116618	0.168367346939
bya-	0.233333333333	0.714666666667	0.048	0.004
pro-	0.03630780029	0.887061535534	0.0573680467374	0.0192626174381
gyu-	0.314572041186	0.472287288166	0.170681027167	0.0424596434809
wde-	0.649936394728	0.07810912238	0.0227760904844	0.249178392408
júp-	0.0	1.0	0.0	0.0
nrë-	0.444785276074	0.447852760736	0.0398773006135	0.0674846625767
abí-	0.0	0.985185185185	0.0148148148148	0.0
mah-	0.0	1.0	0.0	0.0
wte-	0.724279133254	0.191093670022	0.0296877665927	0.0549394301314
nle-	0.32453285931	0.351399006238	0.298972992109	0.0250951423428
eno-	0.0714940421632	0.917506874427	0.0109990834097	0.0
wux-	0.341954022988	0.55459770115	0.0344827586207	0.0689655172414
sol-	0.124121588049	0.800090639555	0.020475803061	0.0553119693354
xex-	0.159453302961	0.647304479878	0.149962034928	0.0432801822324
lis-	0.245529179312	0.293073440133	0.379378786071	0.0820185944833
sga-	0.0385760209549	0.108465293487	0.0257173473032	0.827241338255
wye-	0.694632969367	0.13089790036	0.0313158056325	0.143153324641
san-	0.0898124419107	0.797073269375	0.0695011024823	0.043613186232
rli-	0.768824306473	0.151915455746	0.0475561426684	0.0317040951123
xje-	0.215913634546	0.50299880048	0.0743702518992	0.206717313075
nzh-	0.219293883699	0.33296506459	0.392192773205	0.0555482785061
mén-	0.061404131726	0.508888849701	0.0180224657419	0.411684552831
bëë-	0.106000156458	0.775091918955	0.0910584369866	0.0278494876007
sni-	0.550787844682	0.328925154755	0.0611986494091	0.0590883511536
wii-	0.906336903142	0.0315112377121	0.00404033573668	0.0581115234094
nun-	0.129829171425	0.132171673592	0.19164306044	0.546356094542
tse-	0.404781398395	0.496315703291	0.0772883576224	0.021614540691
der-	0.198321091291	0.711437565582	0.0188877229801	0.0713536201469
wbë-	0.830611092198	0.0611117988714	0.00649933459194	0.101777774339
ski-	0.0716417910448	0.923880597015	0.00447761194031	0.0
kat-	0.721452754694	0.150200061557	0.0707910126193	0.0575561711296
zax-	0.336283185841	0.445618041679	0.0628033114473	0.155295461033
neg-	0.117045843739	0.0963530146272	0.0230940064217	0.763507135212
zin-	0.0	1.0	0.0	0.0
ruy-	0.103390651756	0.734730228998	0.118904067351	0.0429750518949
mil-	0.0545256270447	0.886586695747	0.0130861504907	0.0458015267175
xlë-	0.135794190264	0.803852836285	0.0502941445423	0.0100588289085
yza-	0.341296278943	0.262165719861	0.140615788195	0.255922213001
rro-	0.574531350417	0.35228599618	0.0356409026313	0.0375417507717
yer-	0.369565217391	0.0	0.336956521739	0.29347826087
wlu-	0.441728523799	0.0910191677072	0.0210954543584	0.446156854136
ych-	0.550394797956	0.260463436032	0.0972802807451	0.091861485266
sen-	0.591744052057	0.317257506948	0.0635463973429	0.0274520436522
lya-	0.174147151697	0.67486812565	0.128278606239	0.0227061164145
ykw-	0.158221887361	0.384193222487	0.0107878559564	0.446797034196
gbi-	0.00776964658069	0.937676809265	0.0142775556825	0.0402759884717
zon-	0.546843853821	0.289700996678	0.0279069767442	0.135548172757
nka-	0.472026922962	0.361529768275	0.0619568152497	0.104486493514
axt-	0.162765186503	0.0415959115716	0.0284939197604	0.767144982165
rto-	0.682737397421	0.269783118406	0.0052754982415	0.042203985932
ngy-	0.174756889666	0.359582061121	0.328726608101	0.136934441112
ylá-	0.576287887634	0.274197820224	0.0790631576849	0.0704511344575
paf-	0.0	1.0	0.0	0.0
rse-	0.368332454656	0.395954887256	0.0783999152433	0.157312742845
fch-	0.235216819974	0.754927726675	0.00197109067017	0.00788436268067
stx-	0.187129445453	0.266056162536	0.0577128196258	0.489101572385
abr-	0.0517433411475	0.899086258245	0.025748124502	0.0234222761055
yto-	0.47329023722	0.359742286203	0.0776592914308	0.0893081851455
zaq-	0.0350877192982	0.943859649123	0.0	0.0210526315789
así-	0.0	1.0	0.0	0.0
nen-	0.0974188176519	0.584512905912	0.0849292256453	0.233139050791
rbe-	0.544690480039	0.313560691773	0.0492969128818	0.0924519153063
zac-	0.0656025405315	0.865744609727	0.0233160621762	0.0453367875648
rlá-	0.43119266055	0.440366972477	0.0366972477064	0.0917431192661
mka-	0.414615084017	0.499023055881	0.0132864400156	0.073075420086
sël-	0.760169491525	0.191525423729	0.0152542372881	0.0330508474576
yuz-	0.219785138764	0.610116383169	0.111906893465	0.0581915846016
wxa-	0.826961052341	0.0548909575644	0.0122106925572	0.105937297537
har-	0.111111111111	0.888888888889	0.0	0.0
kam-	0.643316878233	0.241778002418	0.0144200612128	0.100485058136
rzh-	0.377738773069	0.307709548625	0.230196252301	0.0843554260055
sin-	0.0383697968268	0.0501910261804	0.0189923453808	0.892446831612
rdi-	0.362917398946	0.311556875341	0.0637840130901	0.261741712623
urí-	0.0	1.0	0.0	0.0
nzë-	0.211685908514	0.44499234169	0.275431186448	0.0678905633485
mew-	0.0565895845084	0.189321300996	0.726452340666	0.0276367738297
yzu-	0.524172890313	0.316461921621	0.0748323491789	0.0845328388873
pat-	0.107444104254	0.803245817526	0.0380814546723	0.0512286235474
nbá-	0.388308977035	0.436325678497	0.0939457202505	0.0814196242171
dol-	0.206734244941	0.57629349994	0.154329669835	0.0626425852839
maw-	0.0820045558087	0.863325740319	0.0546697038725	0.0
xbu-	0.0360018948366	0.935575556608	0.0284225485552	0.0
jor-	0.0	1.0	0.0	0.0
naí-	0.037037037037	0.925925925926	0.0	0.037037037037
cap-	0.0179443724454	0.965506928522	0.00358887448908	0.0129598245439
nye-	0.306929482423	0.220228053668	0.362587509689	0.110254954219
him-	0.00803212851405	0.935742971888	0.0	0.0562248995984
raz-	0.330406147091	0.557628979144	0.0987925356751	0.01317233809
guu-	0.353272956552	0.496377393099	0.0386334976499	0.1117161527
xem-	0.0236165743514	0.883274402631	0.0333889499451	0.0597200730726
rgo-	0.314622338522	0.632115775089	0.021727228442	0.031534657947
ngw-	0.0601807528842	0.518090724105	0.382394147088	0.0393343759229
rzu-	0.246529393889	0.38842708169	0.297035415761	0.0680081086591
sne-	0.39362870104	0.325060193646	0.0471609794204	0.234150125894
ane-	0.205211726384	0.755700325733	0.0260586319218	0.0130293159609
nig-	0.102452338971	0.16547347249	0.0794847186683	0.65258946987
por-	0.05788547397	0.0369601119359	0.00520736917268	0.899947044921
izg-	0.0318725099601	0.513944223108	0.0199203187251	0.434262948207
euf-	0.0	1.0	0.0	0.0
alf-	0.0	1.0	0.0	0.0
pas-	0.0496410828998	0.759055914116	0.141881960345	0.0494210426388
cos-	0.0188679245283	0.981132075472	0.0	0.0
rwi-	0.636759266779	0.189659908254	0.0465099782131	0.127070846754
sig-	0.030250945342	0.119027157099	0.0962530079065	0.754468889653
gap-	0.556210548535	0.204606865558	0.0549822962144	0.184200289693
zer-	0.236312629995	0.17652063124	0.0295163038236	0.557650434942
xka-	0.228776371308	0.68388185654	0.0299578059071	0.0573839662448
xma-	0.0888829167786	0.799175848786	0.0752844217504	0.0366568126847
nkw-	0.0392156862745	0.21568627451	0.647058823529	0.0980392156862
rgy-	0.535790830473	0.331399111518	0.0721354122184	0.0606746457911
rat-	0.405214253225	0.501866874597	0.0401365542543	0.0527823179235
che-	0.283064212622	0.0605548089538	0.0119089639335	0.644472014491
gug-	0.452171843108	0.350573388717	0.0793015762249	0.117953191949
epa-	0.091503267974	0.901960784314	0.00653594771243	0.0
nla-	0.404284720398	0.281733784172	0.174434164128	0.139547331302
asi-	0.00406228842248	0.993906567366	0.0	0.00203114421124
gun-	0.420452054682	0.249630380907	0.0809413174545	0.248976246956
nan-	0.718087525042	0.102768214422	0.0615436945522	0.117600565984
gax-	0.529411764706	0.0	0.191176470588	0.279411764706
bts-	0.263707571802	0.289817232376	0.289817232376	0.156657963447
blu-	0.140845070423	0.802816901408	0.0	0.056338028169
bëg-	0.0268231349539	0.9128248114	0.0201173512154	0.0402347024308
xtr-	0.505714285714	0.487142857143	0.00714285714286	0.0
wzo-	0.741630596352	0.12482354371	0.0224368263109	0.111109033627
tér-	0.00967741935484	0.970967741935	0.0193548387097	0.0
ruk-	0.706973033716	0.172862665685	0.0631534423276	0.0570108582715
xch-	0.130954207003	0.288143930504	0.31444181783	0.266460044663
nru-	0.233611442193	0.395709177592	0.208581644815	0.162097735399
tol-	0.157894736842	0.842105263158	0.0	0.0
mel-	0.0677842565598	0.884110787172	0.0284256559767	0.0196793002916
yle-	0.46751012183	0.356853956541	0.0592057075447	0.116430214084
bni-	0.152467532038	0.729814703042	0.107618437113	0.0100993278071
sku-	0.727272727273	0.242424242424	0.0	0.030303030303
mir-	0.025	0.945833333333	0.0291666666666	0.0
isa-	0.00651465798046	0.986970684039	0.00279199627734	0.00372266170311
tee-	0.628350075068	0.0889620677356	0.015677231517	0.267010625679
wsa-	0.648680877254	0.178110420548	0.0546772394313	0.118531462767
ytx-	0.727584906511	0.158910404452	0.0853540825347	0.0281506065019
eut-	0.102272727273	0.897727272727	0.0	0.0
rle-	0.31286021124	0.432062257736	0.106533197994	0.148544333029
dio-	0.04	0.96	0.0	0.0
xpé-	0.0962566100945	0.773455836013	0.0296541256311	0.100633428262
bab-	0.0489573889392	0.937443336355	0.0081595648232	0.00543970988213
ita-	0.0172413793104	0.810344827586	0.172413793103	0.0
nyu-	0.372806193393	0.245994463026	0.152880604307	0.228318739274
xko-	0.0814670782603	0.449535922464	0.105278860415	0.363718138861
yru-	0.107053078718	0.0497642898649	0.0090088072267	0.83417382419
tye-	0.0742803837953	0.73368869936	0.047974413646	0.144056503198
fwe-	0.162431406487	0.248313435478	0.38883425447	0.200420903566
fla-	0.39645082122	0.59222201246	0.0113271663206	0.0
moi-	0.074690595419	0.868746207966	0.0102213787031	0.0463418179114
doo-	0.115346238276	0.877469566953	0.00239473159051	0.004789463181
kom-	0.305393711153	0.24138345486	0.0455008527833	0.407721981204
ata-	0.0	1.0	0.0	0.0
mee-	0.0482725982016	0.529274558853	0.0262321682104	0.396220674735
xim-	0.0890389035993	0.814502284168	0.0964588122327	0.0
roo-	0.494088391699	0.424994177769	0.0465821964953	0.0343352340364
jud-	0.0360089321965	0.910254770605	0.00439098660171	0.0493453105968
zam-	0.545454545454	0.404958677686	0.0495867768595	0.0
non-	0.064093520935	0.188766025951	0.365483262912	0.381657190202
wch-	0.910273972603	0.0770547945205	0.00308219178082	0.00958904109589
fam-	0.324166061129	0.553141604977	0.0374534492938	0.0852388845996
uzí-	0.0	1.0	0.0	0.0
zha-	0.139191557601	0.269102376227	0.166535685467	0.425170380705
bël-	0.0345047923322	0.935889243876	0.0212992545261	0.00830670926519
mal-	0.091702136825	0.377675309524	0.439656866419	0.090965687232
adá-	0.12398232147	0.83554314957	0.00976971388696	0.0307048150733
wya-	0.623902000864	0.188473991566	0.0436549687973	0.143969038773
sab-	0.00369458128079	0.992610837438	0.0	0.00369458128079
nli-	0.174855879652	0.271239297644	0.181864665665	0.372040157038
loo-	0.144203581527	0.790763430726	0.0282752120641	0.0367577756833
nin-	0.153846153846	0.593406593407	0.021978021978	0.230769230769
wut-	0.327447833066	0.0409309791332	0.602728731942	0.0288924558587
xsi-	0.264557009486	0.722057665629	0.0118105807807	0.00157474410408
rsa-	0.523211800244	0.254880426729	0.0760131914277	0.1458945816
guc-	0.0972710078357	0.805457984329	0.0648473385571	0.0324236692786
zud-	0.133246366008	0.517331345509	0.188222139396	0.161200149087
wka-	0.625559285146	0.193606101199	0.0514126318472	0.129421981807
rch-	0.794551645857	0.094211123723	0.0431328036322	0.0681044267877
sir-	0.0504987531172	0.938279301746	0.00374064837905	0.00748129675811
sós-	0.0384615384615	0.961538461538	0.0	0.0
xer-	0.0395446375075	0.931096464949	0.0293588975435	0.0
yxi-	0.371134020619	0.505154639175	0.123711340206	0.0
esr-	0.0	1.0	0.0	0.0
red-	0.505128205128	0.198974358974	0.0733333333333	0.222564102564
sak-	0.391858110337	0.415486974817	0.0513333523624	0.141321562484
rko-	0.696594427245	0.266253869969	0.0371517027864	0.0
ALL	0.2415676585	0.309133152457	0.0577360603428	0.3915631287
ana-	0.0565601848164	0.906795188401	0.0143392017844	0.022305424998
dud-	0.0676484123332	0.889093419236	0.0331339162448	0.0101242521859
wuu-	0.648977459621	0.0877537134021	0.044444909067	0.21882391791
nii-	0.080613068029	0.853455229901	0.00354934122076	0.0623823608497
cil-	0.0	0.994219653179	0.0	0.0057803468208
per-	0.090093120772	0.0583133949614	0.0134790538064	0.83811443046
heb-	0.0	1.0	0.0	0.0
teb-	0.150089736937	0.24158858224	0.131605008828	0.476716671995
arm-	0.0	1.0	0.0	0.0
xec-	0.0317647058824	0.901176470588	0.0105882352941	0.0564705882353
nex-	0.436928423889	0.373887431168	0.0317502638798	0.157433881064
mor-	0.352941176471	0.102941176471	0.5	0.0441176470588
nuz-	0.0796552928846	0.223360894375	0.657156166298	0.0398276464423
zor-	0.0	1.0	0.0	0.0
nke-	0.372476646161	0.518067897015	0.0914103440419	0.018045112782
tel-	0.202797202797	0.545454545454	0.20979020979	0.041958041958
mbi-	0.229486786519	0.437077708331	0.271332809147	0.0621026960033
gaa-	0.0759515597722	0.213978532084	0.041408769098	0.668661139046
wli-	0.627646903123	0.108390682901	0.0198517734251	0.244110640551
lid-	0.0103806228374	0.989619377163	0.0	0.0
lwa-	0.188976377953	0.413385826772	0.173228346457	0.224409448819
guy-	0.483629963542	0.257771950935	0.0724124925917	0.186185592931
yed-	0.340163136372	0.416300655575	0.137216296328	0.106319911725
ynë-	0.628764711334	0.335557408952	0.0180706144009	0.0176072653137
gro-	0.294117647059	0.141176470588	0.352941176471	0.211764705882
far-	0.00976219297904	0.981191508194	0.00520650292215	0.00383979590509
gox-	0.524752475248	0.237623762376	0.207920792079	0.029702970297
yky-	0.395732078369	0.375256302205	0.109925577325	0.119086042102
rud-	0.597318896623	0.239236916731	0.0185614849188	0.144882701727
xpa-	0.0835195187355	0.843063182798	0.0456655596462	0.0277517388203
xpe-	0.0274999842409	0.917602011561	0.00951305071762	0.0453849534806
ydx-	0.353721323876	0.219534376284	0.122949002924	0.303795296916
srë-	0.72	0.16	0.04	0.08
xni-	0.322033898305	0.364406779661	0.186440677966	0.127118644068
num-	0.212121212121	0.69696969697	0.0707070707071	0.020202020202
kla-	0.0332105549182	0.818549604492	0.102147615885	0.0460922247046
xor-	0.05	0.606818181818	0.0477272727273	0.295454545454
adi-	0.0	1.0	0.0	0.0
rba-	0.432729148246	0.480106100796	0.0691128794577	0.0180518715001
ami-	0.0	1.0	0.0	0.0
zat-	0.46871829557	0.328035170781	0.0750760906324	0.128170443017
rxe-	0.821529745043	0.178470254957	0.0	0.0
gue-	0.411065340719	0.206974028217	0.0335416557891	0.348418975274
sbë-	0.282608695652	0.304347826087	0.391304347826	0.0217391304348
cás-	0.122807017544	0.754385964912	0.122807017544	0.0
tek-	0.378640776699	0.480582524272	0.0	0.140776699029
yze-	0.486476973598	0.411299955441	0.0872827759742	0.0149402949866
lni-	0.088033446399	0.827719491993	0.0283978859352	0.0558491756725
tsa-	0.67051829417	0.17662263197	0.03452608425	0.118332989609
nsi-	0.263513513514	0.358108108108	0.175675675676	0.202702702703
laf-	0.477659477659	0.41769041769	0.0600600600601	0.04459004459
jai-	0.0871559633027	0.857798165138	0.045871559633	0.00917431192661
nze-	0.218228282643	0.327358739923	0.063117122014	0.39129585542
win-	0.32510123259	0.350509500289	0.140168201842	0.184221065278
tal-	0.0	1.0	0.0	0.0
dëd-	0.0747503405052	0.785989996205	0.0179176366906	0.1213420266
mez-	0.251777297264	0.660252321765	0.0182007684769	0.0697696124948
fky-	0.0	1.0	0.0	0.0
bin-	0.0387904816197	0.752266890266	0.200264079684	0.00867854843017
kos-	0.0873770742747	0.771876331652	0.0249471476267	0.115799446446
rod-	0.0185185185185	0.981481481482	0.0	0.0
fko-	0.0	0.922413793103	0.0775862068966	0.0
gwc-	0.0	0.835968379447	0.164031620553	0.0
wlá-	0.537351443124	0.24688737974	0.13921901528	0.0765421618562
zaf-	0.0333333333333	0.966666666667	0.0	0.0
mëd-	0.125358207889	0.691725878304	0.146988765113	0.035927148694
wan-	0.707325544984	0.143241389412	0.0481677146934	0.10126535091
pon-	0.0145454545455	0.978181818182	0.0	0.00727272727272
xsë-	0.193840189533	0.683825113073	0.106612104243	0.015722593151
gól-	0.0	0.989208633094	0.0107913669065	0.0
sgw-	0.454545454546	0.238636363636	0.272727272727	0.0340909090909
rap-	0.464235225133	0.171836908972	0.0580188068842	0.305909059011
chi-	0.468896377666	0.143459482328	0.0330200357093	0.354624104297
nod-	0.230711610487	0.343071161049	0.0764044943821	0.349812734082
pwe-	0.360619469027	0.639380530973	0.0	0.0
nga-	0.159896108339	0.0913604697934	0.0336902978639	0.715053124003
ben-	0.199976491428	0.122765267941	0.0217248074205	0.65553343321
dió-	0.449929478138	0.449820982966	0.0859281761962	0.0143213626993
xti-	0.123669191314	0.772798229168	0.0384891759516	0.0650434035664
sgy-	0.605504587156	0.224770642202	0.0688073394495	0.100917431193
seg-	0.460280268553	0.274861442797	0.0189248862254	0.245933402424
nni-	0.536810474351	0.18458896759	0.0862846104314	0.192315947628
byu-	0.171184022824	0.72182596291	0.0392296718972	0.067760342368
rso-	0.443897940363	0.386105133723	0.0722410083001	0.0977559176145
lam-	0.0137931034483	0.972413793103	0.0137931034483	0.0
til-	0.282323458991	0.299568187926	0.0605443986616	0.357563954421
nda-	0.0604335788318	0.15521967171	0.699084525704	0.0852622237541
nut-	0.425219941349	0.353321872788	0.161290322581	0.0601678632824
wun-	0.474445811474	0.183936342925	0.134437672331	0.20718017327
yla-	0.501419414387	0.160876867887	0.0428938295271	0.294809888199
cua-	0.0327868852459	0.967213114754	0.0	0.0
kaj-	0.0370484717505	0.950602037666	0.0123494905835	0.0
ses-	0.0573248407643	0.936305732484	0.0	0.00636942675159
pur-	0.218487394958	0.699579831933	0.0567226890756	0.0252100840336
gur-	0.558221872541	0.197875688434	0.0519276160503	0.191974822974
sió-	0.119318181818	0.846590909091	0.0340909090909	0.0
peg-	0.374142280195	0.119185476598	0.0247807504803	0.481891492727
rak-	0.36997553068	0.242871401296	0.0778903947375	0.309262673287
rla-	0.42954211178	0.36426598088	0.0420069779468	0.164184929393
gud-	0.665920492555	0.198163383506	0.0321162863749	0.103799837564
nad-	0.496528076916	0.156193462791	0.0719368678602	0.275341592432
ryu-	0.291800274851	0.40952817224	0.260192395786	0.0384791571232
nib-	0.149006622517	0.841059602649	0.00993377483444	0.0
goo-	0.495838335208	0.446707990707	0.0340281740397	0.0234255000452
abi-	0.0	0.99782574934	0.00217425066004	0.0
zhe-	0.448504983389	0.451827242525	0.0199335548173	0.0797342192691
rdo-	0.357366996001	0.296203984292	0.0790761892808	0.267352830426
xdi-	0.145165712387	0.594710130149	0.127505865623	0.132618291842
eub-	0.0999999999999	0.9	0.0	0.0
mli-	0.0167049880343	0.721880718878	0.00225235793722	0.259161935151
luz-	0.226782093231	0.413024762203	0.218659801387	0.141533343179
fle-	0.0	1.0	0.0	0.0
ysu-	0.504587155963	0.435779816514	0.0504587155963	0.00917431192661
doc-	0.014	0.962	0.024	0.0
ban-	0.270432692308	0.621394230769	0.0	0.108173076923
yub-	0.283018867925	0.547169811321	0.150943396226	0.0188679245283
adr-	0.272727272727	0.659090909091	0.0681818181818	0.0
azo-	0.0	1.0	0.0	0.0
kac-	0.446153846154	0.553846153846	0.0	0.0
rru-	0.387882976552	0.271285633068	0.11798009667	0.22285129371
wen-	0.0959856766638	0.136152146583	0.535999797982	0.231862378771
for-	0.0388349514563	0.95145631068	0.0	0.00970873786407
rlë-	0.769736842105	0.151315789474	0.0	0.0789473684211
guk-	0.579015975112	0.280315020347	0.0424780058514	0.0981909986892
xeg-	0.0417835109366	0.927089175547	0.0294447560292	0.00168255748738
ork-	0.191872251682	0.20395154658	0.0398503907339	0.564325811004
wug-	0.423478960064	0.395604395604	0.0160814794961	0.164835164835
arq-	0.17	0.79	0.01	0.03
ale-	0.0930232558139	0.56976744186	0.313953488372	0.0232558139535
sid-	0.0246687985382	0.937871174052	0.00456829602558	0.0328917313842
oli-	0.0889395667046	0.897377423033	0.0	0.0136830102622
won-	0.846796515622	0.0947629724083	0.0141648265586	0.0442756854108
bze-	0.0534152422143	0.828893541411	0.0785113152711	0.0391799011033
gan-	0.184970799655	0.0453722459032	0.0566860023952	0.712970952047
led-	0.076587999613	0.19280924829	0.0107119633557	0.719890788741
wkw-	0.68532526475	0.245839636914	0.0325264750378	0.0363086232981
jec-	0.0	1.0	0.0	0.0
dec-	0.0183629380701	0.933389342295	0.000720115218435	0.0475276044167
wke-	0.693061778945	0.137398959354	0.0131740487136	0.156365212988
kon-	0.124099764037	0.0734823564061	0.0312784951929	0.771139384364
xli-	0.206978119456	0.722057953874	0.0709639266706	0.0
eli-	0.0420829512843	0.847315336342	0.0	0.110601712374
yul-	0.019801980198	0.841584158416	0.138613861386	0.0
zak-	0.283335566556	0.219825107565	0.104281625077	0.392557700803
col-	0.0	1.0	0.0	0.0
waw-	0.0	1.0	0.0	0.0
ene-	0.0337837837838	0.858108108108	0.108108108108	0.0
wbi-	0.737463269234	0.0990508830468	0.0363838221718	0.127102025547
pan-	0.0	1.0	0.0	0.0
rdx-	0.390469723635	0.297468001852	0.228513353318	0.0835489211952
mëë-	0.108536387456	0.831332910632	0.0389579195482	0.0211727823632
pox-	0.0377480141673	0.83506413122	0.0251882672535	0.101999587359
wgo-	0.719892760176	0.219955241006	0.0163586172424	0.0437933815761
zëd-	0.48172488516	0.267653254004	0.039740351142	0.210881509695
lec-	0.21875	0.78125	0.0	0.0
rik-	0.0398481973434	0.248576850095	0.677419354839	0.034155597723
efr-	0.0	1.0	0.0	0.0
wbe-	0.619909203588	0.0766048889247	0.0361572142077	0.26732869328
baa-	0.368853180588	0.432517767749	0.090760770689	0.107868280974
mai-	0.0	1.0	0.0	0.0
pen-	0.132433809034	0.06876597591	0.0177326705591	0.781067544497
rab-	0.270893371758	0.538904899135	0.0	0.190201729107
ape-	0.0384615384615	0.961538461538	0.0	0.0
wze-	0.624797443454	0.120461791241	0.0877729331695	0.166967832136
rky-	0.218030470831	0.589834696605	0.10162579367	0.0905090388938
fre-	0.157894736842	0.771929824561	0.0701754385965	0.0
gyo-	0.115878663942	0.550185284796	0.163447902014	0.170488149248
isr-	0.0	0.992974238876	0.00468384074941	0.00234192037471
xiz-	0.19512195122	0.530487804878	0.164634146341	0.109756097561
bay-	0.102069950036	0.882226980728	0.0157030692363	0.0
ber-	0.056347115033	0.914507825467	0.0185110513039	0.0106340081959
tia-	0.0	0.955555555556	0.0444444444444	0.0
zun-	0.276054912341	0.286226411239	0.125690805295	0.312027871125
mig-	0.214754424339	0.659972161464	0.125273414198	0.0
kod-	0.25	0.420731707317	0.146341463415	0.182926829268
car-	0.029197080292	0.941605839416	0.0	0.029197080292
rux-	0.0809332335946	0.831115661233	0.0330866032932	0.0548645018788
bas-	0.289074869939	0.624066953178	0.0868581768831	0.0
yuu-	0.176319784952	0.770714587948	0.0106279712273	0.0423376558728
teo-	0.068376068376	0.871794871795	0.025641025641	0.034188034188
ubr-	0.0436831515408	0.938843587843	0.0	0.0174732606163
yde-	0.299596066716	0.288102316561	0.118680482237	0.293621134486
pez-	0.172789568041	0.132726694767	0.0327498497487	0.661733887443
ang-	0.0225843500527	0.929686323241	0.0122382888989	0.0354910378069
pun-	0.0697079254173	0.4655725718	0.464719502783	0.0
mdë-	0.0340136054422	0.948979591837	0.0102040816327	0.00680272108845
wax-	0.75547039189	0.0536531091606	0.0103844727408	0.180492026208
sud-	0.466943156868	0.243961941937	0.15369602342	0.135398877775
wru-	0.376876786438	0.0660363256053	0.0738038395409	0.483283048416
cai-	0.0764774044032	0.902665121669	0.0104287369641	0.0104287369641
xyu-	0.311716978881	0.413260763816	0.0472084293227	0.227813827981
zap-	0.73565011976	0.114942747579	0.0600778681031	0.0893292645576
wba-	0.458481871142	0.293670115642	0.191461612034	0.0563864011826
dex-	0.331442750798	0.600673520028	0.0561857497341	0.0116979794399
ndr-	0.0161673799335	0.978601997147	0.00285306704708	0.00237755587256
cum-	0.0	0.888059701493	0.0	0.111940298507
kan-	0.521455613963	0.399030058366	0.0377162416674	0.0417980860038
zab-	0.468339988591	0.314888762122	0.102681118083	0.114090131204
rxo-	0.682949400139	0.237465710414	0.0518227187097	0.0277621707373
sle-	0.40243902439	0.367595818815	0.0836236933798	0.146341463415
xel-	0.183648997576	0.742095093377	0.0250837655225	0.0491721435244
sus-	0.0588235294118	0.941176470588	0.0	0.0
óni-	0.0	0.845588235294	0.154411764706	0.0
sey-	0.151421874063	0.74188821834	0.105022877791	0.0016670298062
tso-	0.0590034965035	0.0935397540848	0.0980595234149	0.749397225997
nbë-	0.459016393443	0.421545667447	0.11943793911	0.0
lër-	0.211512380636	0.532237168218	0.241061738947	0.0151887121991
xme-	0.117276090072	0.801438603239	0.0264422082	0.0548430984888
sbá-	0.79132231405	0.0185950413223	0.0247933884298	0.165289256198
ygu-	0.591737545565	0.3390036452	0.0145808019441	0.0546780072904
log-	0.218572201822	0.208201182343	0.0460572063549	0.527169409481
ndí-	0.378746402751	0.174633256124	0.392012353478	0.0546079876465
bzh-	0.340414769853	0.616590794133	0.0349013657056	0.00809307030854
kow-	0.660693079996	0.281010471769	0.0	0.0582964482349
met-	0.0254560882478	0.847263470513	0.101824352991	0.0254560882478
rte-	0.0222222222222	0.866666666667	0.0444444444444	0.0666666666667
rwe-	0.00890868596881	0.603563474388	0.356347438753	0.0311804008909
mna-	0.0148148148148	0.82962962963	0.111111111111	0.0444444444445
nef-	0.0	1.0	0.0	0.0
org-	0.0849129050384	0.0732852594119	0.00619966285822	0.835602172692
ces-	0.00257842715943	0.970348087666	0.0206274172755	0.0064460678986
waa-	0.435628310063	0.259508907077	0.0593163216177	0.245546461242
rëë-	0.416666666667	0.208333333333	0.319444444444	0.0555555555556
wgu-	0.644810208966	0.202894374548	0.0541759379115	0.0981194785745
xyú-	0.553846153846	0.184615384615	0.246153846154	0.0153846153846
azu-	0.0354430379747	0.964556962025	0.0	0.0
msi-	0.0131578947368	0.986842105263	0.0	0.0
wgy-	0.594901219052	0.252734103004	0.0663971100567	0.0859675678879
mat-	0.0377413692218	0.937975424225	0.0	0.0242832065536
nit-	0.24482274812	0.568368832807	0.147714283782	0.039094135291
ybi-	0.554407423028	0.247574862927	0.0619991564741	0.136018557571
nya-	0.213894996711	0.51884636882	0.11007022652	0.15718840795
tró-	0.089219330855	0.905204460967	0.00557620817843	0.0
yxo-	0.801184169523	0.0972265503272	0.0560922405734	0.0454970395762
mba-	0.240611075748	0.521323997454	0.199872692553	0.0381922342457
tsu-	0.483637847989	0.202672425126	0.108200528982	0.205489197903
xfa-	0.0773441392156	0.755173146917	0.0386498570463	0.128832856821
par-	0.0	1.0	0.0	0.0
too-	0.356937248129	0.504893494531	0.13816925734	0.0
ala-	0.0134529147982	0.798206278027	0.188340807175	0.0
jul-	0.00653594771241	0.993464052288	0.0	0.0
gwd-	0.408934435959	0.574447038341	0.0149566731294	0.00166185256994
orn-	0.128571428571	0.142857142857	0.107142857143	0.621428571429
nah-	0.0	1.0	0.0	0.0
duu-	0.0933694181326	0.882273342355	0.0	0.0243572395129
wud-	0.446952595937	0.313769751693	0.0541760722348	0.185101580135
zhi-	0.0744550637091	0.456691311944	0.0667289885568	0.40212463579
lyu-	0.205091360997	0.51438280355	0.0091263908037	0.271399444649
feb-	0.15625	0.84375	0.0	0.0
wrë-	0.589338893186	0.300155706873	0.0410183030275	0.0694870969134
rbá-	0.0886075949367	0.164556962025	0.746835443038	0.0
rnë-	0.578373251126	0.222433009248	0.123784681053	0.0754090585724
xmi-	0.0376332031296	0.876125514816	0.0565029089321	0.0297383731222
ree-	0.566494179929	0.354480135096	0.0387787794303	0.0402469055445
yen-	0.560471976401	0.421828908555	0.0	0.0176991150442
gay-	0.0161290322581	0.983870967742	0.0	0.0
lma-	0.0	0.893805309735	0.106194690265	0.0
rzo-	0.297656863751	0.515876430191	0.129451314978	0.0570153910798
rkw-	0.131086142322	0.256554307116	0.0187265917603	0.593632958802
suz-	0.525423728814	0.384987893462	0.00484261501211	0.0847457627118
gob-	0.121908653524	0.807432522234	0.0278279616018	0.0428308626393
sxa-	0.840186140236	0.123934024594	0.0143519340681	0.0215279011022
rbo-	0.549236788676	0.284146952769	0.0511887230291	0.115427535526
xek-	0.156237218814	0.700613496933	0.0122699386503	0.130879345603
lug-	0.1757912135	0.315403921889	0.0821311241252	0.426673740486
bza-	0.0525391396998	0.892260548546	0.042274618919	0.012925692835
ate-	0.00985221674876	0.987684729064	0.00246305418719	0.0
wuk-	0.700528036208	0.223283882323	0.0316821724918	0.0445059089766
gre-	0.0571428571429	0.914285714286	0.0285714285714	0.0
min-	0.0276609869441	0.816331046692	0.118831599911	0.0371763664527
ser-	0.084388185654	0.915611814346	0.0	0.0
kag-	0.475332541112	0.377851036915	0.0597999003335	0.0870165216391
nbe-	0.35536159601	0.175810473815	0.00374064837905	0.465087281795
rga-	0.368222756393	0.426719223851	0.0632861733353	0.14177184642
ndi-	0.246666666667	0.42	0.333333333333	0.0
cri-	0.039159698144	0.864409545176	0.0056292066082	0.0908015500714
mis-	0.025	0.975	0.0	0.0
elm-	0.0	1.0	0.0	0.0
wla-	0.667031161287	0.171942983678	0.054879604326	0.106146250709
ran-	0.38050660793	0.438325991189	0.13986784141	0.0412995594714
enó-	0.0	1.0	0.0	0.0
paz-	0.258539514445	0.0993763390968	0.0129645045512	0.629119641907
zel-	0.0	1.0	0.0	0.0
nac-	0.0901677181105	0.823665179258	0.0603169718418	0.0258501307894
wky-	0.679824055617	0.228771629243	0.0258644832869	0.0655398318534
kob-	0.0997624703087	0.893111638955	0.00712589073634	0.0
xle-	0.0471705210574	0.90904440198	0.0221182347542	0.0216668422082
ter-	0.493213572854	0.32375249501	0.0167664670659	0.16626746507
was-	0.593571936137	0.293922973948	0.0387312604626	0.0737738294526
rts-	0.470496876281	0.337823204634	0.111828689534	0.0798512295512
sos-	0.0	1.0	0.0	0.0
tan-	0.335651188855	0.132684173104	0.109666301112	0.421998336929
deg-	0.247315087666	0.0316555700052	0.0538503812174	0.667178961112
ope-	0.0	0.764705882353	0.235294117647	0.0
bit-	0.0	1.0	0.0	0.0
ydi-	0.465994097866	0.279390570311	0.150847573948	0.103767757875
ron-	0.759717280096	0.116994728687	0.0909126301283	0.0323753610888
zal-	0.621165862984	0.184181242332	0.0602619339744	0.13439096071
cef-	0.25	0.6875	0.0	0.0625
mam-	0.366847826087	0.494565217391	0.114130434783	0.0244565217391
yku-	0.733333333333	0.213333333333	0.0533333333334	0.0
már-	0.0	1.0	0.0	0.0
wre-	0.107395780783	0.552204987948	0.185924358531	0.154474872739
wat-	0.646860416763	0.255787090514	0.0465739500069	0.0507785427159
dël-	0.0857142857143	0.914285714286	0.0	0.0
laz-	0.132570162482	0.620999507632	0.176760216642	0.0696701132447
aug-	0.0240963855422	0.951807228916	0.0240963855422	0.0
rlo-	0.614634146341	0.385365853659	0.0	0.0
mos-	0.0700248626861	0.743076649316	0.136335055853	0.0505634321454
bec-	0.0115278886229	0.969140728917	0.0102864236942	0.00904495876563
xbi-	0.0901639344263	0.729508196721	0.106557377049	0.0737704918033
dor-	0.22602739726	0.705479452055	0.0684931506849	0.0
fri-	0.0	0.952830188679	0.0471698113207	0.0
reg-	0.321989528796	0.293193717277	0.0471204188482	0.337696335079
wxi-	0.393034825871	0.383084577114	0.213930348259	0.00995024875625
pla-	0.0277557494052	0.905542338532	0.0667019120627	0.0
mac-	0.0134994807892	0.973001038422	0.00934579439253	0.00415368639669
ged-	0.0	1.0	0.0	0.0
ico-	0.0560747663551	0.943925233645	0.0	0.0
wza-	0.550768291804	0.158909504097	0.101193379929	0.18912882417
bet-	0.170159532372	0.3723643836	0.0610499423795	0.396426141649
rke-	0.269978897147	0.603289292596	0.069501789155	0.0572300211028
yxa-	0.673687903176	0.114248847576	0.0219181624957	0.190145086752
bre-	0.116	0.432	0.368	0.084
raa-	0.461629048086	0.328753680079	0.15897939156	0.0506378802748
adu-	0.229533668301	0.736036281454	0.0183626934641	0.0160673567811
sya-	0.661557797717	0.0686817023356	0.0305484760675	0.23921202388
zuk-	0.363922363229	0.423323024421	0.106377306175	0.106377306175
neá-	0.0	1.0	0.0	0.0
zez-	0.85401459854	0.102189781022	0.043795620438	0.0
xud-	0.128164556962	0.830696202532	0.0158227848101	0.0253164556962
gab-	0.265907918007	0.672142208622	0.0142961246241	0.0476537487468
nub-	0.181818181818	0.818181818182	0.0	0.0
den-	0.0371900115592	0.907082363095	0.022268093341	0.0334595320047
nsa-	0.371428571429	0.285714285714	0.185714285714	0.157142857143
mya-	0.221402214022	0.690036900369	0.0664206642067	0.0221402214022
zeg-	0.145659641812	0.0642478802961	0.0231481559607	0.766944321931
ruu-	0.28284094795	0.433302591629	0.0352320653244	0.248624395096
her-	0.0674132624471	0.798098123749	0.0453856832703	0.0891029305339
wbá-	0.254023351215	0.245029977911	0.388923950773	0.112022720101
rug-	0.151654900848	0.702188797049	0.133385363085	0.0127709390188
yee-	0.0545454545454	0.927272727273	0.0181818181818	0.0
lic-	0.0614035087719	0.868421052632	0.0526315789473	0.0175438596491
guz-	0.410417143466	0.388085719015	0.11377232882	0.0877248086988
est-	0.098944591029	0.873350923483	0.0277044854881	0.0
wyu-	0.327835051546	0.121649484536	0.0556701030928	0.494845360825
dám-	0.0	1.0	0.0	0.0
ren-	0.0795565699381	0.871100967286	0.0284751657429	0.0208672970329
rëz-	0.0492496333968	0.930548188824	0.00538204736202	0.0148201304172
cre-	0.0	1.0	0.0	0.0
sul-	0.572395809506	0.128962898577	0.261311130427	0.0373301614895
sla-	0.409519864462	0.219438647603	0.0917984125706	0.279243075365
lul-	0.00600319737258	0.0254809598508	0.929294953276	0.0392208895009
tab-	0.0347322720694	0.921852387844	0.0260492040521	0.0173661360347
yra-	0.0722682959994	0.0696443364962	0.0128716037961	0.845215763708
naz-	0.0	1.0	0.0	0.0
gal-	0.090637426408	0.700570632599	0.0154632759767	0.193328665016
nul-	0.506458797327	0.264587973274	0.157683741648	0.0712694877505
yli-	0.704874152139	0.183628566624	0.0612141936207	0.050283087617
bne-	0.0857664233577	0.609489051095	0.229927007299	0.0748175182482
kar-	0.100119189511	0.88200238379	0.0	0.0178784266985
sel-	0.534217379562	0.367550301744	0.0162815997835	0.0819507189102
kay-	0.580921371221	0.28165316748	0.0270512514348	0.110374209864
mëk-	0.0257860967434	0.966326391312	0.00318534136242	0.00470217058261
sye-	0.251428781079	0.237816378909	0.077817079333	0.432937760679
wad-	0.447437011295	0.140747176368	0.297132927889	0.114682884448
nlá-	0.655339805825	0.228155339806	0.0873786407767	0.0291262135922
gak-	0.49078252079	0.188883543148	0.0857707306309	0.234563205431
rxa-	0.747847340254	0.180303690073	0.0247222261241	0.0471267435491
nwi-	0.641025641026	0.235517568851	0.017094017094	0.106362773029
gwr-	0.101321086936	0.351040497544	0.0302727637798	0.51736565174
wzh-	0.589690555368	0.264780808076	0.102786092781	0.0427425437743
max-	0.00726480470777	0.956411171753	0.0289046485182	0.0074193750207
lza-	0.233169794143	0.688685448384	0.061959435537	0.0161853219362
mku-	0.55421686747	0.409638554217	0.0361445783133	0.0
wtu-	0.542168674699	0.277108433735	0.166265060241	0.0144578313253
nlu-	0.530877573131	0.109425785482	0.242686890574	0.117009750813
meg-	0.0318566984876	0.0336801458758	0.934463155637	0.0
xfw-	0.123409669211	0.239185750636	0.522900763359	0.114503816794
mer-	0.2074323737	0.291550889209	0.266721473616	0.234295263475
lob-	0.0468118306263	0.925881268175	0.0273069011987	0.0
yte-	0.989743589744	0.0102564102564	0.0	0.0
lel-	0.295481754082	0.182291297628	0.062888344407	0.459338603883
esl-	0.0	1.0	0.0	0.0
kak-	0.591333846215	0.267535249566	0.0492101179186	0.0919207863007
swe-	0.526595744681	0.377659574468	0.0	0.095744680851
abb-	0.139534883721	0.767441860465	0.0	0.093023255814
one-	0.0	1.0	0.0	0.0
nob-	0.0582792244519	0.898486459582	0.00380081898599	0.0394334969797
gog-	0.0	0.964285714286	0.0357142857143	0.0
saf-	0.117229129662	0.494849023091	0.00746003552398	0.380461811723
tes-	0.192997325888	0.407040643881	0.165291154743	0.234670875489
orr-	0.130744566708	0.117728123921	0.0242429853367	0.727284324034
sil-	0.0485791769839	0.882914750619	0.0233463035019	0.0451597688952
ake-	0.0998438620923	0.453053129088	0.328606996666	0.118496012153
evo-	0.179104477612	0.820895522388	0.0	0.0
lal-	0.171156546957	0.367136629763	0.179604939172	0.282101884108
sdo-	0.203703703704	0.240740740741	0.0740740740741	0.481481481481
jas-	0.0284218399401	0.953627524308	0.0179506357517	0.0
nis-	0.0417771681195	0.841490952381	0.0694110057362	0.0473208737632
gye-	0.145524251056	0.731023756438	0.0773636776614	0.0460883148442
mep-	0.250497017893	0.159045725646	0.0357852882704	0.554671968191
xgo-	0.352980576021	0.630944407234	0.00803750837241	0.0080375083724
gus-	0.455677674204	0.369631264079	0.0793604646049	0.0953305971117
sbo-	0.572347266881	0.176848874598	0.135048231511	0.11575562701
wzi-	0.143507972665	0.777904328018	0.0666287015945	0.0119589977221
egi-	0.00547445255474	0.975755995829	0.00156412930135	0.0172054223149
run-	0.283542483897	0.425345153799	0.101173199105	0.189939163199
xdx-	0.235156430395	0.642166460539	0.0677975751787	0.0548795338877
sau-	0.0614371654587	0.736740719688	0.0101053163438	0.191716798509
sín-	0.0363636363636	0.963636363636	0.0	0.0
way-	0.744668246445	0.141587677725	0.0124407582939	0.101303317536
esm-	0.02	0.69	0.29	0.0
pri-	0.0440190806679	0.187720993287	0.418666882496	0.349593043549
diz-	0.196214273629	0.52179899304	0.204831191258	0.0771555420724
tro-	0.147671336615	0.850056796668	0.00227186671715	0.0
xmo-	0.0242797337912	0.964284159713	0.00738948419732	0.00404662229853
rze-	0.426649208826	0.3482560731	0.152941831959	0.0721528861155
sru-	0.244186046512	0.46511627907	0.112403100775	0.178294573643
ntu-	0.221795855718	0.425940138143	0.306216423638	0.0460475825019
gol-	0.457401490948	0.122470713525	0.376996805112	0.0431309904153
tex-	0.48731884058	0.295289855073	0.0760869565217	0.141304347826
ysa-	0.570413012591	0.18996129538	0.0711626083974	0.168463083631
wle-	0.461587107063	0.228670523864	0.0635926925358	0.246149676537
fin-	0.0114942528736	0.245210727969	0.743295019157	0.0
jam-	0.153846153846	0.807692307692	0.0384615384615	0.0
sba-	0.330117576123	0.567380162798	0.0226107928851	0.0798914681941
nag-	0.377696377696	0.309727309727	0.02442002442	0.288156288156
xnu-	0.0666666666667	0.893333333333	0.0	0.04
nza-	0.250898604878	0.390238206446	0.220620189672	0.138242999005
leg-	0.309695512821	0.363782051282	0.110576923077	0.215945512821
sew-	0.0983606557377	0.55737704918	0.327868852459	0.016393442623
itu-	0.0	0.992779783394	0.0072202166065	0.0
sda-	0.147540983607	0.655737704918	0.147540983607	0.0491803278689
sky-	0.3265917603	0.464419475656	0.0898876404494	0.119101123596
kad-	0.388020522611	0.51413912421	0.0598973869467	0.0379429662331
des-	0.136262393996	0.164784890521	0.0312422548848	0.667710460598
fen-	0.0882352941177	0.791176470588	0.0411764705882	0.079411764706
xef-	0.125159371016	0.701869953251	0.144921376966	0.0280492987675
ras-	0.33327335753	0.5292227417	0.0863932707148	0.0511106300552
gul-	0.530518403869	0.295784120013	0.0725989520734	0.101098524045
nal-	0.16155088853	0.668416801292	0.09450726979	0.0755250403877
man-	0.155526992288	0.74641346712	0.0597479061282	0.0383116344639
men-	0.0352577031496	0.170561396089	0.051760125604	0.742420775158
rob-	0.56511627907	0.293023255814	0.0796511627907	0.0622093023256
kes-	0.240672499907	0.0625066274032	0.241848310983	0.454972561707
zag-	0.457002258793	0.38770571152	0.0843013875443	0.0709906421426
woo-	0.681681465438	0.245866406696	0.030409952751	0.0420421751148
ceb-	0.0	0.980582524272	0.0194174757282	0.0
tap-	0.050437988746	0.0732230429072	0.16649596954	0.709842998807
xyo-	0.1875	0.375	0.289772727273	0.147727272727
bye-	0.513120899719	0.267338331771	0.111996251172	0.107544517338
nse-	0.670929241262	0.202898550725	0.0426257459505	0.0835464620631
xrë-	0.0602502520311	0.930261519303	0.00355808574987	0.00593014291644
xoo-	0.173076923077	0.711538461538	0.115384615385	0.0
ylu-	0.705266174596	0.182263215151	0.0386891880827	0.0737814221713
teg-	0.181303445023	0.147796657992	0.0743729876603	0.596526909326
and-	0.0	1.0	0.0	0.0
fku-	0.0441954480727	0.8453883833	0.110416168628	0.0
xgy-	0.230334372465	0.645033305339	0.0718636519476	0.0527686702483
mag-	0.059829059829	0.940170940171	0.0	0.0
xbe-	0.14241468791	0.808476799018	0.025781969363	0.0233265437094
job-	0.0410958904109	0.876712328767	0.027397260274	0.0547945205479
yni-	0.585854171475	0.283874709574	0.0527552003726	0.0775159185787
wap-	0.576909260723	0.23593648969	0.0785976004023	0.108556649185
esp-	0.00925808547783	0.959624266465	0.0231696690147	0.0079479790423
aqu-	0.0350877192983	0.953947368421	0.0	0.0109649122807
wak-	0.475286359527	0.157761414102	0.08366083502	0.283291391351
chí-	0.05657708628	0.304101838755	0.045261669024	0.594059405941
dru-	0.030303030303	0.939393939394	0.030303030303	0.0
nil-	0.0	1.0	0.0	0.0
