jer-	0.0381139242377	0.902064026959	0.00199529996009	0.0578267488435
yie-	0.446043165468	0.363309352518	0.190647482014	0.0
ni'-	0.105753285273	0.479954070561	0.0192562184225	0.395036425743
tut-	0.921254101349	0.0459351075465	0.0109369303682	0.0218738607364
vas-	0.0929498421607	0.868116450368	0.0	0.038933707471
rlu-	0.299748630627	0.23565882394	0.154987191537	0.309605353895
lur-	0.0636416073832	0.0242261103634	0.0140357623534	0.8980965199
e'n-	0.146511997457	0.165262990624	0.645479103766	0.0427459081519
son-	0.222011385199	0.607210626186	0.0474383301708	0.123339658444
ye'-	0.451611889379	0.269466411459	0.0790782634155	0.199843435747
ure-	0.551680305077	0.301574375679	0.0841476655809	0.0625976536638
maa-	0.0	1.0	0.0	0.0
uti-	0.692079952152	0.199560838192	0.0353229776577	0.0730362319989
jac-	0.00031017369727	0.991728701406	0.00610008271298	0.00186104218362
fal-	0.220884742702	0.416792055372	0.173638278664	0.188684923262
xuc-	0.162866174363	0.664265820556	0.119039970677	0.0538280344033
ver-	0.235294117647	0.764705882353	0.0	0.0
udi-	0.641358118615	0.228197834442	0.032827879854	0.0976161670892
yul-	0.583203732504	0.307931570762	0.0155520995334	0.0933125972005
abí-	0.0	0.984962406015	0.0	0.015037593985
nél-	0.580597014925	0.316417910448	0.0268656716418	0.0761194029851
mah-	0.0	1.0	0.0	0.0
eda-	0.0	1.0	0.0	0.0
joe-	0.0	1.0	0.0	0.0
eno-	0.0	1.0	0.0	0.0
i'y-	0.0475561834619	0.856250627263	0.0389096046506	0.0572835846245
xex-	0.667202572347	0.15152733119	0.0478295819936	0.133440514469
lis-	0.0687441200257	0.835822866291	0.0798356082988	0.015597405384
mol-	0.109965635739	0.821993127148	0.0432989690722	0.0247422680412
san-	0.0957123388103	0.814407555115	0.0537481652542	0.0361319408204
rli-	0.3276049175	0.476921864522	0.139994739569	0.0554784784101
nel-	0.191430014572	0.34295943148	0.238853629267	0.226756924682
yal-	0.38704741329	0.240243883519	0.0999140951422	0.272794608048
pre-	0.411084289587	0.513476635779	0.0501086625656	0.0253304120683
fig-	0.0	1.0	0.0	0.0
ele-	0.179575265459	0.579169269207	0.0515302935665	0.189725171768
a'l-	0.344116686126	0.206280059873	0.0859848494442	0.363618404557
une-	0.661599751806	0.151794644347	0.0325586240033	0.154046979843
lac-	0.19363936737	0.254282985612	0.0950703630548	0.457007283963
one-	0.0290456431535	0.946058091286	0.0248962655602	0.0
nun-	0.0144927536232	0.173913043478	0.0	0.811594202899
tse-	0.43679717892	0.412627690241	0.070762083345	0.0798130474938
der-	0.0821566110398	0.915275994865	0.00256739409499	0.0
rut-	0.544269427214	0.317759182376	0.11949942259	0.01847196782
rne-	0.699083423955	0.198384340531	0.00932111231942	0.093211123194
abi-	0.19360574232	0.767673109216	0.00184386421257	0.0368772842514
ayu-	0.0953717606346	0.130385860553	0.0989862702183	0.675256108594
ruy-	0.74896779521	0.186622625929	0.0445912469034	0.0198183319571
lia-	0.0816309317708	0.120323894155	0.0543537653805	0.743691408693
úni-	0.563909774436	0.195488721805	0.195488721805	0.0451127819549
dis-	0.70076750727	0.093292653859	0.0	0.205939838871
tib-	0.0091743119266	0.97247706422	0.0183486238532	0.0
gan-	0.060773480663	0.900552486188	0.0386740331492	0.0
yer-	0.0894736842105	0.157894736842	0.0592105263157	0.693421052632
ari-	0.282356911927	0.549152662806	0.0648381710306	0.103652254237
mig-	0.056943056943	0.843156843157	0.00599400599402	0.0939060939061
luí-	0.171641791045	0.805970149254	0.0	0.0223880597015
paf-	0.0	1.0	0.0	0.0
za'-	0.415119904179	0.312143749097	0.107225681496	0.165510665228
uyi-	0.844444444444	0.111111111111	0.0444444444444	0.0
uli-	0.529001577129	0.270034567207	0.107054088991	0.0939097666731
abr-	0.0142392128615	0.950909463447	0.0192517706602	0.0155995530311
lua-	0.0536527630525	0.0475022367679	0.0137328963373	0.885112103842
zaq-	0.0353348035285	0.888682838813	0.00651563753007	0.0694667201283
nor-	0.0	0.595744680851	0.153191489362	0.251063829787
nen-	0.303278688525	0.214375788146	0.46343001261	0.0189155107188
has-	0.113600771073	0.0458885688852	0.0342177104786	0.806292949563
ya'-	0.57702145971	0.226220105197	0.0602948020695	0.136463633023
zac-	0.130569948187	0.587268689859	0.250777202072	0.0313841598815
her-	0.0396557932543	0.870414654639	0.040255939136	0.0496736129705
lui-	0.0780503177688	0.0597720468512	0.00819370765271	0.853983927727
ate-	0.0	1.0	0.0	0.0
e'y-	0.126621482113	0.639615781678	0.00565555006955	0.228107186139
tii-	0.147242751563	0.496873223422	0.0	0.355884025014
xne-	0.143099831269	0.032400223493	0.0059944213575	0.81850552388
har-	0.059420289855	0.940579710145	0.0	0.0
sin-	0.110924961456	0.15894094605	0.0455650429687	0.684569049525
rdi-	0.471888755502	0.248299319728	0.091536614646	0.188275310124
urí-	0.0	1.0	0.0	0.0
dor-	0.107491856678	0.615635179153	0.100977198697	0.175895765472
zab-	0.010989010989	0.978021978022	0.010989010989	0.0
pat-	0.184727275299	0.748051123566	0.0368699534487	0.0303516476854
lál-	0.0606060606061	0.191919191919	0.565656565657	0.181818181818
lla-	0.278301365771	0.433138815813	0.180421352641	0.108138465775
uxu-	0.0823643468931	0.48570495262	0.419815872597	0.01211482789
jor-	0.0	1.0	0.0	0.0
lom-	0.0390218522373	0.612382934443	0.28616024974	0.0624349635796
núc-	0.612903225806	0.225806451613	0.161290322581	0.0
xel-	0.272003279264	0.619663875388	0.080224863852	0.0281079814956
gen-	0.179788484136	0.781433607521	0.00705052878967	0.0317273795534
guu-	0.0105263157895	0.989473684211	0.0	0.0
bi'-	0.521701407502	0.261635359672	0.0651379394034	0.151525293422
jam-	0.0424028268551	0.840989399293	0.0848056537102	0.0318021201413
nza-	0.539286758389	0.123910999968	0.0480621758861	0.288740065756
uzi-	0.562625095875	0.250106101681	0.0839155758449	0.103353226599
mar-	0.0227106227106	0.76336996337	0.00323565323565	0.210683760684
por-	0.419543973941	0.250814332248	0.145928338762	0.183713355049
ulu-	0.558841211018	0.263951818725	0.0578194012887	0.119387568969
alf-	0.0	0.981179633675	0.018820366325	0.0
cos-	0.221736036838	0.589043988264	0.128301328736	0.060918646163
noe-	0.00856531049252	0.978586723769	0.0	0.0128479657388
sig-	0.13407821229	0.223463687151	0.642458100559	0.0
och-	0.0	0.0473933649289	0.050778605281	0.90182802979
put-	0.0	1.0	0.0	0.0
jas-	0.0265193370166	0.95138121547	0.0220994475138	0.0
lix-	0.28641705384	0.353921836567	0.262913364307	0.0967477452856
ped-	0.0320959560044	0.903980783514	0.0122947581346	0.0516285023467
sau-	0.0574093264249	0.860932642487	0.00870466321243	0.0729533678757
rat-	0.403469816017	0.41486506271	0.110414328242	0.0712507930311
che-	0.142368264482	0.0631201919375	0.0106312846132	0.783880258968
epa-	0.106194690266	0.886725663717	0.0	0.00707964601769
yac-	0.462555066079	0.246696035242	0.224669603524	0.0660792951542
oro-	0.012988290859	0.776345567254	0.206533503887	0.00413263800059
rtu-	0.216484057231	0.391751742524	0.351868346798	0.0398958534473
asi-	0.00168539325843	0.984831460674	0.00926966292134	0.00421348314607
dia-	0.238976612806	0.685478908142	0.055172934139	0.0203715449129
nan-	0.445698166432	0.194640338505	0.224259520451	0.135401974612
nux-	0.350775755576	0.369702496956	0.183200064219	0.0963216832491
uva-	0.0492348502356	0.945489987239	0.0	0.00527516252524
ses-	0.00394529195161	0.0105207785376	0.0	0.985533929511
líl-	0.534333550772	0.154729288976	0.138725809959	0.172211350294
unz-	0.364956856317	0.510734694807	0.086059695376	0.0382487535004
tér-	0.0	0.979274611399	0.020725388601	0.0
hor-	0.0766323603847	0.425889994938	0.0274590855407	0.470018559136
exq-	0.128805620609	0.682669789227	0.188524590164	0.0
tol-	0.262626262626	0.636363636364	0.040404040404	0.060606060606
alm-	0.0	0.957446808511	0.0425531914894	0.0
uqu-	0.575439751834	0.224573726072	0.0453247726736	0.15466174942
cue-	0.174059427013	0.258053238132	0.0422657361825	0.525621598672
u'n-	0.332724593581	0.615852177835	0.0158710099463	0.0355522186375
más-	0.11025330106	0.0957960369394	0.328522139483	0.465428522517
náb-	0.376470588235	0.576470588235	0.0235294117647	0.0235294117647
mir-	0.0175182481752	0.973722627737	0.00875912408759	0.0
xun-	0.0948756586883	0.0922348741761	0.212479416346	0.600410050789
mus-	0.0133037694013	0.90243902439	0.0487804878049	0.0354767184035
eut-	0.0163934426229	0.983606557377	0.0	0.0
rle-	0.25501883988	0.520347543715	0.134115803724	0.0905178126806
dio-	0.097928779995	0.726592893043	0.0101250481276	0.165353278834
igu-	0.158217453192	0.290758786817	0.363516916676	0.187506843315
xam-	0.636363636364	0.064935064935	0.025974025974	0.272727272727
bab-	0.0189513581807	0.969677826911	0.0113708149084	0.0
ita-	0.276430252789	0.572612833896	0.108996008597	0.0419609047181
se'-	0.317818417618	0.225090085283	0.120981047206	0.336110449893
fiñ-	0.0780286683107	0.268649815043	0.627889950678	0.025431565968
rca-	0.46048140456	0.424742208001	0.0693731789223	0.0454032085169
láz-	0.0634495084898	0.830205540661	0.0545129579982	0.0518319928507
cac-	0.59733764306	0.178825225072	0.149386353169	0.0744507787002
moi-	0.123291386543	0.830307418261	0.00627478021031	0.0401264149859
exc-	0.521739130435	0.0217391304348	0.413043478261	0.0434782608696
neq-	0.423893624638	0.366280611844	0.106383279541	0.103442483977
tua-	0.0979991833402	0.270722743977	0.619028174765	0.0122498979175
be'-	0.156412302357	0.719478155165	0.0976946764107	0.0264148660677
ali-	0.569852941176	0.386029411765	0.0	0.0441176470588
jud-	0.0200584998606	0.943252480147	0.00351058165028	0.0331784383418
nu'-	0.301077415403	0.191810848273	0.0387524770541	0.468359259269
gro-	0.121739130435	0.226086956522	0.469565217391	0.182608695652
mi'-	0.0368098159509	0.963190184049	0.0	0.0
uzí-	0.0	1.0	0.0	0.0
cis-	0.0	1.0	0.0	0.0
esq-	0.178567354433	0.17181692513	0.08463822982	0.564977490617
laq-	0.265977278709	0.659674094219	0.0365163610843	0.0378322659882
sux-	0.461432506887	0.331955922865	0.0826446280992	0.123966942149
adá-	0.0296345077379	0.88335528482	0.0425584458347	0.0444517616069
sab-	0.0417045991449	0.952971409475	0.0	0.0053239913802
leq-	0.813829787234	0.0478723404255	0.0957446808511	0.0425531914894
nin-	0.26010410625	0.228174763412	0.0230531470482	0.48866798329
rdu-	0.423694352563	0.455442600067	0.0602069614299	0.0606560859406
cie-	0.216519647153	0.172413793103	0.0	0.611066559743
uni-	0.680635280888	0.0809502439859	0.012857003596	0.22555747153
xic-	0.548979591837	0.377551020408	0.0428571428571	0.030612244898
tes-	0.0961787037658	0.836797809289	0.0197719286487	0.0472515582961
chá-	0.719188767551	0.181747269891	0.0530421216849	0.0460218408737
duc-	0.496986353928	0.351999112625	0.0581777300986	0.0928368033489
xqu-	0.526544821584	0.154046997389	0.145343777198	0.174064403829
ca'-	0.161661787258	0.0785724243692	0.00685905478879	0.752906733584
sós-	0.0	0.961165048544	0.0194174757281	0.0194174757282
rei-	0.0	0.971428571429	0.0	0.0285714285714
ta'-	0.54374480617	0.270808123515	0.0559840212273	0.129463049088
esr-	0.0	1.0	0.0	0.0
yu'-	0.225229441686	0.540512255186	0.0638652876825	0.170393015445
uch-	0.472241769821	0.245615800563	0.0375845260405	0.244557903576
and-	0.00862068965516	0.979885057471	0.0	0.0114942528736
ALL	0.226616745922	0.283639154854	0.0523913439435	0.43735275528
ana-	0.384025484985	0.288199755023	0.0906246917984	0.237150068194
xat-	0.157894736842	0.674217188541	0.00799467021987	0.159893404397
ast-	0.793103448276	0.186206896552	0.0	0.0206896551724
rah-	0.0113085621971	0.988691437803	0.0	0.0
nii-	0.448714453274	0.44328423812	0.0590908799133	0.0489104286923
ucu-	0.658768091412	0.18897884776	0.0246232648756	0.127629795952
lax-	0.184548974514	0.287799088113	0.311708424665	0.215943512707
cil-	0.00514579759862	0.994854202401	0.0	0.0
per-	0.0768716377612	0.0562541455156	0.0084249950393	0.858449221684
nuc-	0.206844064775	0.179070441414	0.0246820312743	0.589403462537
cal-	0.23079654397	0.531305479938	0.109953840691	0.127944135401
efr-	0.0	1.0	0.0	0.0
mor-	0.0	0.0	1.0	0.0
zor-	0.0	1.0	0.0	0.0
tel-	0.172277227723	0.720792079208	0.0623762376238	0.0445544554456
últ-	0.0636994691712	0.176398530012	0.668844426296	0.0910575745202
lid-	0.0	1.0	0.0	0.0
zi'-	0.285	0.595	0.09	0.03
gas-	0.520217134108	0.459426543253	0.020356322639	0.0
ata-	0.0642201834862	0.74006116208	0.0733944954128	0.122324159021
tie-	0.0713032592501	0.504310109229	0.0490077668362	0.375378864684
far-	0.0159778371936	0.979963276745	0.000193280288632	0.00386560577264
fra-	0.0161725067386	0.894878706199	0.088948787062	0.0
arm-	0.0288461538461	0.913461538462	0.0384615384615	0.0192307692307
si'-	0.464554008633	0.369463576754	0.0680161722051	0.0979662424087
ins-	0.239316239316	0.504273504274	0.25641025641	0.0
sir-	0.021327014218	0.950236966825	0.021327014218	0.00710900473934
isc-	0.0	0.996413628213	0.0	0.00358637178721
mal-	0.338121546961	0.596316758748	0.00810313075506	0.0574585635359
lum-	0.336283185841	0.433628318584	0.12389380531	0.106194690265
tac-	0.0318064732893	0.0433419195879	0.249972001344	0.674879605779
mes-	0.0492282019191	0.906549853984	0.0241969128077	0.0200250312891
sed-	0.0285714285714	0.6	0.371428571429	0.0
arc-	0.369951534733	0.468497576737	0.10662358643	0.0549273021002
med-	0.0415964270858	0.830563887004	0.0194116659734	0.108428019937
suc-	0.524555188777	0.301106137672	0.0677847411238	0.106553932427
elu-	0.100288097904	0.421572162752	0.0720283830412	0.406111356303
saú-	0.924812030075	0.0300751879699	0.0	0.0451127819549
ami-	0.0833720822096	0.783130289222	0.0337580210174	0.0997396075514
nec-	0.478746666551	0.131644761827	0.0887053760409	0.300903195581
riy-	0.606382813441	0.196598849517	0.106920767351	0.0900975696912
cás-	0.0491803278689	0.852459016393	0.0737704918033	0.0245901639344
úti-	0.741565236771	0.197213822493	0.0256466103083	0.0355743304276
sec-	0.400049421551	0.288169447247	0.0926815140648	0.219099617137
tsa-	0.483341575662	0.271337313593	0.0716764538846	0.173644656861
ult-	0.295514511873	0.182058047493	0.253298153034	0.269129287599
adi-	0.0	1.0	0.0	0.0
jai-	0.0888252148997	0.830229226361	0.0100286532951	0.0709169054441
nze-	0.316117422175	0.324620646655	0.133092559294	0.226169371875
uze-	0.574703074539	0.264762378864	0.0415871944485	0.118947352149
tal-	0.300707044893	0.474827498083	0.0212965329245	0.203168924099
pác-	0.0	0.87253414264	0.0424886191199	0.0849772382398
lle-	0.221748870747	0.269646618131	0.325852692852	0.18275181827
paa-	0.0370413820891	0.790946706235	0.00317951777589	0.1688323939
axi-	0.697742051371	0.240387228971	0.0283407812628	0.0335299383953
sca-	0.638297872341	0.244680851064	0.031914893617	0.0851063829787
xan-	0.463756819953	0.316101433776	0.0380648552629	0.182076891008
naa-	0.187584812784	0.390840365707	0.289654198629	0.13192062288
zaf-	0.0	1.0	0.0	0.0
nem-	0.548387096774	0.0322580645161	0.384164222874	0.0351906158358
pue-	0.0780913513476	0.867188217102	0.00536613264232	0.0493542989077
loc-	0.150943396226	0.641509433962	0.132075471698	0.0754716981132
pon-	0.00499168053243	0.987520798669	0.0	0.00748752079868
cañ-	0.396056955093	0.358817086528	0.1143483023	0.130777656079
gól-	0.0	0.989690721649	0.0	0.0103092783505
hig-	0.0333827893175	0.895029673591	0.0682492581602	0.00333827893176
chi-	0.323064447588	0.172175047579	0.0988784683931	0.40588203644
eub-	0.122448979592	0.877551020408	0.0	0.0
ben-	0.0524134572328	0.470362802936	0.0160410113555	0.461182728476
dió-	0.0	0.941747572816	0.0291262135922	0.0291262135922
a'q-	0.0	1.0	0.0	0.0
seg-	0.0	0.874125874126	0.125874125874	0.0
aah-	0.0446428571428	0.176020408163	0.0229591836735	0.75637755102
inz-	0.116948255705	0.749647859741	0.029226286636	0.104177597918
euf-	0.0	1.0	0.0	0.0
már-	0.0	1.0	0.0	0.0
ili-	0.0726049785498	0.790280015983	0.0357731945182	0.101341810949
lam-	0.0205479452055	0.952054794521	0.013698630137	0.013698630137
til-	0.280671452475	0.362012198413	0.0852809413288	0.272035407783
nut-	0.493043194984	0.334582898582	0.0953226286195	0.0770512778142
re'-	0.0169329073482	0.922523961661	0.00974440894568	0.0507987220447
die-	0.284874104025	0.693071126631	0.0	0.0220547693439
cua-	0.212995287789	0.129764573804	0.0413688544614	0.615871283946
dám-	0.0	1.0	0.0	0.0
nér-	0.507575757576	0.313131313131	0.0	0.179292929293
uts-	0.560909795723	0.223265509064	0.0691347067499	0.146689988463
ray-	0.203778259523	0.707339733664	0.060699907092	0.0281820997213
pur-	0.240912775939	0.32482755871	0.252382281408	0.181877383943
sió-	0.00578592092574	0.976856316297	0.0	0.0173577627772
esl-	0.0	1.0	0.0	0.0
ani-	0.438664733548	0.328476961703	0.0689557622264	0.163902542523
rla-	0.604102643684	0.25715408393	0.0685696519594	0.0701736204264
evo-	0.125	0.875	0.0	0.0
nib-	0.29662338488	0.370648872251	0.0698772334459	0.262850509423
sun-	0.132387393361	0.79100914998	0.0352738363612	0.0413296202979
riñ-	0.458873468783	0.27500271637	0.0451848130772	0.220939001769
dém-	0.0	1.0	0.0	0.0
dus-	0.708108108108	0.221621621622	0.0216216216216	0.0486486486486
luz-	0.117322755236	0.190103203684	0.121692943826	0.570881097254
fle-	0.0	1.0	0.0	0.0
ahu-	0.314743399585	0.377929397805	0.0682290121626	0.239098190448
bix-	0.689122250842	0.219338220725	0.0344759262929	0.0570636021399
doc-	0.0397738163696	0.839467126701	0.0460034502588	0.0747556066705
ban-	0.115008156607	0.87030995106	0.0	0.0146818923328
zeq-	0.534181413913	0.296566974673	0.0634237912118	0.105827820202
cus-	0.362327147668	0.48291180053	0.111771870746	0.0429891810561
azo-	0.0	1.0	0.0	0.0
rde-	0.495128907541	0.283031431791	0.0458684971171	0.175971163551
rru-	0.122269117142	0.203410980084	0.637876839782	0.0364430629926
mil-	0.104600157463	0.580755820493	0.0795878286599	0.235056193385
aiq-	0.831683168317	0.029702970297	0.019801980198	0.118811881188
for-	0.110981308411	0.647196261682	0.227803738318	0.0140186915888
tra-	0.175490779298	0.731707317073	0.0571088637716	0.0356930398572
dañ-	0.0446521090207	0.878587521746	0.0414579194038	0.0353024498294
arq-	0.12620929765	0.116739336234	0.0212353148839	0.735816051232
ale-	0.0574482297929	0.810287241149	0.128256513026	0.00400801603206
sid-	0.00357311486288	0.984516502261	0.0	0.0119103828763
oli-	0.0446354311062	0.907540892709	0.0440809537011	0.00374272248406
luc-	0.217298117271	0.60062132961	0.103928755748	0.0781517973713
mod-	0.165046385586	0.142000693005	0.152379426898	0.540573494511
jec-	0.0	1.0	0.0	0.0
ula-	0.565006130464	0.262357350609	0.0279780282504	0.144658490676
net-	0.292533781642	0.463177481521	0.202984133116	0.0413046037203
bic-	0.0440932226955	0.745119038098	0.0146344286118	0.196153310595
eli-	0.259479063104	0.353109254765	0.163589026179	0.223822655953
ust-	0.137031531015	0.765620775784	0.0474289066584	0.0499187865434
ats-	0.478350283123	0.362763050399	0.0777530495535	0.0811336169254
luq-	0.0635450604486	0.156271035838	0.0574867390075	0.722697164706
di'-	0.222762662272	0.345200359857	0.129359487455	0.302677490415
col-	0.0	1.0	0.0	0.0
sib-	0.283356024506	0.466034150216	0.143004027683	0.107605797595
nañ-	0.106374252785	0.799874397109	0.0367510551958	0.05700029491
var-	0.083916083916	0.916083916084	0.0	0.0
cop-	0.272143774069	0.709150926096	0.00220062351	0.0165046763249
pan-	0.0743234939907	0.892643842013	0.0185808734977	0.0144517904982
yab-	0.268357105124	0.592181722134	0.0855784469097	0.053882725832
diá-	0.12962962963	0.800925925926	0.0694444444444	0.0
a'c-	0.320818923165	0.321057627721	0.205174892722	0.152948556393
ebe-	0.0	1.0	0.0	0.0
tor-	0.0747552654999	0.906555918125	0.0	0.018688816375
lec-	0.206405055393	0.197644825607	0.0696622851644	0.526287833836
all-	0.423024523161	0.279972752044	0.25204359673	0.0449591280654
sen-	0.387709350955	0.499850208464	0.0430846548019	0.0693557857787
mic-	0.311320754717	0.688679245283	0.0	0.0
yam-	0.330540465887	0.257342786115	0.055703894669	0.356412853328
aye-	0.622332831518	0.243899051735	0.0598845638926	0.0738835528545
ema-	0.0561797752809	0.921348314607	0.0224719101123	0.0
cre-	0.0354223433243	0.945504087193	0.0190735694823	0.0
rul-	0.167967391274	0.686949515597	0.0504405740285	0.0946425191006
lat-	0.172594507721	0.745650199148	0.062888687024	0.0188666061072
agü-	0.218181818182	0.727272727273	0.0545454545455	0.0
pen-	0.0996332518337	0.802567237164	0.0110024449878	0.0867970660147
güi-	0.292263610315	0.449856733524	0.25787965616	0.0
rab-	0.0338983050847	0.762711864407	0.0	0.203389830508
ape-	0.149392423159	0.323445318084	0.372051465332	0.155110793424
nzi-	0.426785039851	0.306573619765	0.140319627055	0.126321713329
uza-	0.616709160326	0.234331694869	0.0814387047739	0.0675204400313
jon-	0.0152664472115	0.976527837412	0.00286245885216	0.00534325652402
fre-	0.03	0.82	0.15	0.0
rec-	0.278792209044	0.396006682645	0.156511877402	0.168689230909
xtu-	0.388367729831	0.307692307692	0.135084427767	0.168855534709
xet-	0.0935424354243	0.820110701107	0.0863468634686	0.0
itá-	0.248736097068	0.305358948433	0.1567239636	0.2891809909
lab-	0.225033703204	0.458882090636	0.0412734626154	0.274810743545
azi-	0.196078431373	0.509803921569	0.235294117647	0.0588235294117
ber-	0.0713532850336	0.893116889908	0.012332666549	0.0231971585089
tia-	0.317740013393	0.542859343476	0.0132391672247	0.126161475906
nal-	0.448586118252	0.448586118252	0.0411311053984	0.0616966580977
car-	0.354126849942	0.509716645606	0.0350114206019	0.10114508385
dét-	0.128571428571	0.771428571429	0.0428571428571	0.0571428571428
rod-	0.296636085627	0.678899082569	0.00611620795106	0.0183486238532
bas-	0.0	0.55685212197	0.366743071473	0.0764048065569
de'-	0.457671957672	0.359788359788	0.0396825396825	0.142857142857
yex-	0.158420046719	0.163729029518	0.0280314291782	0.649819494585
bol-	0.0821917808219	0.876712328767	0.041095890411	0.0
yuu-	0.10720994081	0.649481373905	0.0251157352553	0.21819295003
le'-	0.13742017491	0.0577236774108	0.0732438357755	0.731612311903
pól-	0.0616438356164	0.917808219178	0.0	0.0205479452055
téx-	0.582832618026	0.309012875536	0.0	0.108154506438
pun-	0.109783989835	0.78043202033	0.100635324015	0.00914866581959
yar-	0.445901639344	0.504918032787	0.0295081967213	0.0196721311475
bax-	0.0	0.979982006298	0.00967161493477	0.0103463787674
zec-	0.193392998027	0.140461620866	0.0549898018256	0.611155579281
ñie-	0.980445834963	0.0195541650371	0.0	0.0
tah-	0.534881342062	0.252454991817	0.0837765957447	0.128887070376
cai-	0.00497512437809	0.99315920398	0.00186567164179	0.0
sod-	0.00919922854732	0.990800771453	0.0	0.0
u't-	0.351851851852	0.648148148148	0.0	0.0
dex-	0.179347826087	0.505434782609	0.233695652174	0.0815217391305
cum-	0.156626506024	0.624497991968	0.170682730924	0.0481927710843
era-	0.0	1.0	0.0	0.0
ñia-	0.317233061336	0.37198169331	0.213887755171	0.0968974901831
nei-	0.0566929133858	0.874015748031	0.0692913385827	0.0
abo-	0.0717417297728	0.910322837784	0.0179354324432	0.0
yea-	0.341721854305	0.206622516556	0.417218543046	0.0344370860927
nez-	0.497772343149	0.429973189412	0.0409151803568	0.0313392870818
diy-	0.90099009901	0.0990099009901	0.0	0.0
tih-	0.510638297872	0.191489361702	0.212765957447	0.0851063829787
óni-	0.0	0.747368421053	0.252631578947	0.0
ill-	0.525423728814	0.203389830508	0.135593220339	0.135593220339
cah-	0.727678571429	0.120535714286	0.100446428571	0.0513392857143
luh-	0.0356831421435	0.078815251204	0.0062564447396	0.879245161913
uhu-	0.505672654352	0.299236614276	0.0774437714263	0.117646959946
páq-	0.880677444188	0.0367590454196	0.0	0.0825635103926
met-	0.0	0.806830907055	0.041993281075	0.15117581187
rte-	0.547924297924	0.329975579975	0.10989010989	0.01221001221
ze'-	0.312059998017	0.0477632765712	0.00560875998678	0.634567965425
udu-	0.587024492484	0.23145170991	0.076421351404	0.105102446202
súl-	0.611111111111	0.388888888889	0.0	0.0
nef-	0.0	1.0	0.0	0.0
xe'-	0.588950849741	0.226846096599	0.0459114368005	0.13829161686
ces-	0.0372923848324	0.916640551551	0.00282043246631	0.0432466311501
azu-	0.186964547735	0.699200075733	0.100818857386	0.0130165191461
des-	0.165646972879	0.0725546027345	0.0201891068479	0.741609317538
ulí-	0.505867819642	0.397776405188	0.0444718962322	0.0518838789376
ruc-	0.115960889839	0.1618692975	0.0697654924715	0.65240432019
eta-	0.339212469237	0.528712059065	0.0459392945037	0.0861361771944
mat-	0.00325127728751	0.996748722712	0.0	0.0
nit-	0.588037420484	0.228922667751	0.0639206221761	0.119119289589
stu-	0.106644360164	0.248349369798	0.199964475449	0.445041794589
nuh-	0.463700234192	0.0117096018735	0.0	0.524590163934
sih-	0.322935779816	0.552293577982	0.0807339449542	0.0440366972477
tró-	0.0	1.0	0.0	0.0
ru'-	0.144850534825	0.185618838482	0.0234634795264	0.646067147167
xi'-	0.23125715796	0.458549907497	0.0252841159369	0.284908818606
cul-	0.253886010363	0.43279487961	0.142029868942	0.171289241085
leh-	0.796610169492	0.203389830508	0.0	0.0
par-	0.0633370416244	0.0630678740702	0.00531583108846	0.868279253217
liñ-	0.0471980914407	0.421511712156	0.0471826020983	0.484107594305
ala-	0.406914868997	0.27499281352	0.0333583517886	0.284733965694
jul-	0.0125786163522	0.987421383648	0.0	0.0
ets-	0.19714144899	0.745687530803	0.0512567767373	0.00591424346968
nah-	0.100481761872	0.474191328286	0.353062629043	0.0722642807983
paí-	0.0	0.948252688172	0.051747311828	0.0
álo-	0.0363636363636	0.890909090909	0.0363636363636	0.0363636363636
feb-	0.326530612245	0.673469387755	0.0	0.0
axu-	0.170637021352	0.172872183989	0.0409387683077	0.615552026351
amé-	0.0286041189931	0.0885583524028	0.0	0.882837528604
tre-	0.0455212922173	0.136563876652	0.082966226138	0.734948604993
yen-	0.605587714905	0.294786496911	0.0389609450104	0.0606648431733
gay-	0.058116232465	0.868403473614	0.0	0.0734802939213
via-	0.16	0.64	0.08	0.12
gob-	0.0867402119836	0.837118754056	0.0444516547696	0.031689379191
dan-	0.0333333333333	0.833333333333	0.133333333333	0.0
ubi-	0.661279037051	0.159277174245	0.0807279046931	0.0987158840104
lug-	0.127221702526	0.657623947615	0.0112254443405	0.203928905519
urr-	0.0425625788483	0.0328394695651	0.00877786759164	0.915820083995
apó-	0.063881175629	0.873314513834	0.030652195651	0.0321521148861
gre-	0.0	1.0	0.0	0.0
aru-	0.0522919634627	0.492415989273	0.0331852845052	0.422106762759
uyu-	0.65358332752	0.13914157414	0.0369755715277	0.170299526812
un'-	0.84	0.16	0.0	0.0
ndi-	0.183505310504	0.697509165816	0.0883698076123	0.0306157160676
cri-	0.0290351810267	0.866840011031	0.017885986684	0.0862388212583
mis-	0.173319327731	0.650210084034	0.0409663865546	0.135504201681
elm-	0.0	1.0	0.0	0.0
cáb-	0.453027139875	0.526096033403	0.0208768267223	0.0
sac-	0.59437751004	0.25702811245	0.0341365461847	0.114457831325
lay-	0.250244297154	0.667579004152	0.0431775874495	0.0389991112447
yai-	0.42300765421	0.197095902747	0.0329243583971	0.346972084646
ech-	0.0448810483493	0.820475806603	0.134643145048	0.0
zel-	0.557213884317	0.198332521838	0.0635429689623	0.180910624882
nac-	0.521253816926	0.33436006203	0.0370421687068	0.107343952337
rin-	0.727836196459	0.241000503027	0.00969524904895	0.0214680514655
xle-	0.0956107992515	0.807089013633	0.0819032344293	0.0153969526864
sti-	0.190118885603	0.467984684314	0.0402298544395	0.301666575644
naq-	0.0344827586207	0.862068965517	0.0	0.103448275862
e'c-	0.272885218951	0.337542968166	0.200511881632	0.189059931251
riu-	0.439574078478	0.27044541615	0.137346733109	0.152633772263
sos-	0.0	1.0	0.0	0.0
luu-	0.0295728368017	0.876232201533	0.0810514786418	0.013143483023
ule-	0.134520925859	0.653312213874	0.183142260502	0.0290245997658
fél-	0.0400929692039	0.932016269611	0.0	0.0278907611854
tat-	0.243684176519	0.282463714961	0.0264448262299	0.44740728229
bit-	0.190855381454	0.752889802209	0.0244027742101	0.0318520421269
ser-	0.0879345332042	0.79412973991	0.111728583365	0.00620714352029
equ-	0.072249112399	0.0981943011364	0.0265352252184	0.803021361246
leg-	0.0	0.982954545455	0.0	0.0170454545454
ave-	0.410404624277	0.520231213873	0.0	0.0693641618497
du'-	0.540633744723	0.275712922375	0.0590476036427	0.124605729259
nom-	0.0788412333579	0.887007242292	0.00975757838589	0.0243939459647
nia-	0.496402154587	0.128482243988	0.0425090065817	0.332606594844
ra'-	0.628018867925	0.117405660377	0.0399056603774	0.214669811321
utu-	0.440704610444	0.387145151102	0.159593397532	0.0125568409226
esa-	0.0705244122966	0.80650994575	0.0	0.122965641953
néc-	0.408101571947	0.537484885127	0.0544135429262	0.0
sia-	0.0797949687363	0.246837283699	0.0538752362949	0.619492511269
imp-	0.0558799180864	0.925820225698	0.0169927236286	0.00130713258681
lár-	0.688405797101	0.224637681159	0.0869565217391	0.0
pri-	0.140820980616	0.656214367161	0.12086659065	0.0820980615736
mag-	0.051114922813	0.841166380789	0.0696397941681	0.0380789022298
aug-	0.0597014925373	0.940298507463	0.0	0.0
duñ-	0.53360910031	0.367114788004	0.0744570837642	0.0248190279214
mos-	0.0716874823977	0.831169926046	0.0182903084678	0.0788522830889
li'-	0.0545531841499	0.0548848794131	0.0102690142076	0.880292922229
sur-	0.106796116505	0.477115117892	0.228848821082	0.187239944521
riq-	0.418730730638	0.329182245836	0.140476924759	0.111610098768
fri-	0.0	0.972972972973	0.027027027027	0.0
reg-	0.0190476190476	0.92380952381	0.0571428571427	0.0
pla-	0.0537897310514	0.853300733496	0.0929095354523	0.0
viñ-	0.175510396305	0.789387524435	0.00668611033541	0.0284159689255
mac-	0.00815217391304	0.978804347826	0.00978260869566	0.00326086956521
ged-	0.0	1.0	0.0	0.0
ico-	0.0	1.0	0.0	0.0
bet-	0.0608017817372	0.913140311804	0.0	0.0260579064588
nar-	0.00700934579439	0.880841121495	0.11214953271	0.0
pér-	0.0	0.986754966887	0.0132450331126	0.0
sal-	0.204417293233	0.755827067669	0.0130639097744	0.0266917293233
fac-	0.0	0.205652173913	0.684782608696	0.109565217391
nih-	0.59740719046	0.115644990867	0.0268957918186	0.260052026855
ria-	0.264596292586	0.267365530551	0.148152036376	0.319886140486
rre-	0.339419369693	0.446494303953	0.175466260674	0.0386200656799
cim-	0.0576923076923	0.855769230769	0.0576923076923	0.0288461538462
yui-	0.217391304348	0.347826086957	0.0869565217391	0.347826086957
ran-	0.545545915565	0.339488536667	0.00825393676287	0.106711611006
gab-	0.0	1.0	0.0	0.0
arl-	0.126827074432	0.376208680009	0.441646053519	0.0553181920396
ull-	0.532443003288	0.230012412015	0.115334472517	0.12221011218
ind-	0.0404914770269	0.924547893052	0.0187591935623	0.0162014363589
yan-	0.202157164869	0.525885978428	0.00924499229583	0.262711864407
ruu-	0.337660770958	0.603710027653	0.0466862159203	0.011942985468
xiñ-	0.190553745928	0.35342019544	0.42345276873	0.0325732899023
zil-	0.165584415584	0.441558441558	0.0487012987013	0.344155844156
yee-	0.0902220966038	0.477768025825	0.0441813069932	0.387828570578
lic-	0.0812425328555	0.743130227001	0.172043010753	0.00358422939068
ich-	0.307458090211	0.572479466282	0.0367957197699	0.0832667237372
tsú-	0.587854050029	0.314331154564	0.0495509160944	0.0482638793127
fau-	0.400735294118	0.318933823529	0.0165441176471	0.263786764706
nee-	0.22184075345	0.0937453614917	0.0260948749252	0.658319010133
lul-	0.0611083555289	0.0317306133201	0.00701709847196	0.900143932679
tab-	0.187826086956	0.733913043478	0.0626086956522	0.015652173913
rcu-	0.421173525194	0.397918135194	0.138031404195	0.0428769354172
naz-	0.00714285714286	0.988839285714	0.00401785714285	0.0
gal-	0.011766358751	0.969793825296	0.0119419760458	0.00649783990727
nul-	0.310900394395	0.288831081648	0.0667114206596	0.333557103298
sel-	0.365816040381	0.597167694896	0.0134604598991	0.0235558048233
neb-	0.364259560557	0.303999903406	0.210348855812	0.121391680225
bii-	0.0643141718839	0.908556251186	0.00796812749004	0.0191614494403
rix-	0.530219821543	0.282754929894	0.0595173536865	0.127507894876
lil-	0.380952380952	0.0	0.0380952380952	0.580952380952
me'-	0.209692225927	0.332270377349	0.420350775475	0.0376866212494
enz-	0.141910586189	0.0908921220924	0.0191280781853	0.748069213533
ist-	0.164886064153	0.342776266573	0.0676174672779	0.424720201996
sat-	0.222222222222	0.5	0.0	0.277777777778
lan-	0.133125759417	0.785123025516	0.0293134872418	0.052437727825
agr-	0.00294695481335	0.989685658153	0.00294695481336	0.00442043222004
lu'-	0.373640792028	0.210168297634	0.100498540185	0.315692370154
max-	0.417293233083	0.231203007519	0.351503759398	0.0
qué-	0.0923076923077	0.315384615385	0.0384615384615	0.553846153846
rta-	0.459935897436	0.124465811966	0.0918803418804	0.323717948718
dec-	0.00444444444444	0.728888888889	0.00888888888889	0.257777777778
clo-	0.204545454545	0.704545454545	0.0454545454546	0.0454545454545
u'c-	0.124555160142	0.875444839858	0.0	0.0
sue-	0.00671366230278	0.986572675394	0.00671366230279	0.0
ché-	0.211717262238	0.406631567156	0.258429483589	0.123221687017
ihu-	0.204747774481	0.522255192878	0.0	0.272997032641
naí-	0.0198675496689	0.73178807947	0.228476821192	0.0198675496689
gog-	0.0	1.0	0.0	0.0
saf-	0.124137931034	0.875862068966	0.0	0.0
xla-	0.171119661825	0.499539345328	0.260513765445	0.0688272274008
náh-	0.3515625	0.53125	0.1171875	0.0
jup-	0.0	1.0	0.0	0.0
sil-	0.0906450510019	0.772199042033	0.0480643158967	0.0890915910683
lal-	0.25641025641	0.111111111111	0.512820512821	0.119658119658
xma-	0.0449050086356	0.544617156016	0.0725388601036	0.337938975245
ri'-	0.329254316936	0.0970606511266	0.0400232574635	0.533661774474
lán-	0.312	0.496	0.0	0.192
cad-	0.120430474889	0.1666692549	0.0688728763549	0.644027393857
gus-	0.670736419133	0.234603199135	0.0459778996986	0.0486824820339
yeb-	0.172808782314	0.187298670791	0.0480864276494	0.591806119245
him-	0.0632183908045	0.856321839081	0.0	0.0804597701149
nau-	0.0888888888889	0.911111111111	0.0	0.0
acu-	0.558060800413	0.320169198444	0.0274480717947	0.0943219293484
xu'-	0.214638715721	0.086307697277	0.349720598211	0.349332988792
egi-	0.0207134637514	0.912124699236	0.0577466262161	0.00941521079611
run-	0.716272639292	0.214572100097	0.0246370800498	0.0445181805613
anz-	0.522167487685	0.428571428571	0.0	0.0492610837438
sín-	0.0526315789474	0.947368421053	0.0	0.0
seq-	0.436006012154	0.34647784641	0.14216447536	0.0753516660758
esm-	0.0558139534884	0.767441860465	0.176744186046	0.0
aut-	0.442525634107	0.391976974276	0.102536427415	0.0629609642022
ñiá-	0.0775862068966	0.655172413793	0.241379310345	0.0258620689655
ziq-	0.626047551058	0.299459929232	0.0372462598547	0.0372462598547
tro-	0.310747905245	0.682321299266	0.00568945898417	0.00124133650564
zib-	0.314340526478	0.327506803462	0.268789292846	0.0893633772144
tex-	0.133858762075	0.421943620027	0.128814384914	0.315383232984
ela-	0.0606060606061	0.939393939394	0.0	0.0
uri-	0.524987832266	0.136184179858	0.0380677627688	0.300760225108
luy-	0.181921444798	0.3618997271	0.0523296518024	0.403849176299
yae-	0.366916195338	0.56303616737	0.0300204159822	0.0400272213096
xil-	0.451590106007	0.289045936396	0.146996466431	0.112367491166
nag-	0.0	1.0	0.0	0.0
bex-	0.0139014262502	0.863007763134	0.0447373172053	0.0783534934104
fla-	0.016713091922	0.857938718663	0.091922005571	0.033426183844
rac-	0.559939963828	0.344109982964	0.0540371429366	0.0419129102718
arp-	0.155523554824	0.832133305904	0.0123431392718	0.0
itu-	0.0	0.954198473282	0.0458015267176	0.0
teq-	0.119784341303	0.77027660572	0.0372714486639	0.0726676043132
fen-	0.025069637883	0.884401114206	0.0194986072424	0.0710306406685
que-	0.035034685015	0.0330494613953	0.0225142405956	0.909401612994
dic-	0.425146588696	0.455430212232	0.0812077753688	0.038215423703
tir-	0.014233241506	0.965105601469	0.0123966942149	0.00826446280992
man-	0.102709686488	0.830095904159	0.0274717474703	0.0397226618828
men-	0.133134624938	0.429210134128	0.343268753105	0.0943864878291
rob-	0.0	1.0	0.0	0.0
ric-	0.543465263661	0.294631113237	0.0747339471482	0.0871696759536
dim-	0.187772983545	0.688280006688	0.0436172221868	0.0803297875795
sie-	0.202546713236	0.284195028741	0.0717339890676	0.441524268955
rqu-	0.312115375779	0.204288601062	0.078749445496	0.404846577663
fue-	0.11614083219	0.388050602042	0.462353299802	0.0334552659655
lub-	0.118130723313	0.0525669415548	0.012663178662	0.81663915647
ceb-	0.0	1.0	0.0	0.0
tún-	0.241803278688	0.520491803279	0.237704918033	0.0
uru-	0.520210181081	0.322634239174	0.0789979919574	0.0781575877875
tsu-	0.418986093382	0.350472402726	0.110291213229	0.120250290662
deb-	0.164018144132	0.490071795488	0.238667427679	0.107242632701
mba-	0.0983606557377	0.868852459016	0.0	0.0327868852459
dom-	0.0490081680281	0.739789964994	0.0303383897316	0.180863477246
cuu-	0.156862745098	0.705882352941	0.0980392156863	0.0392156862745
liq-	0.492979524089	0.213264950458	0.0525416386988	0.241213886754
alá-	0.714927344782	0.0758256274769	0.069749009247	0.139498018494
squ-	0.0494752623688	0.866566716642	0.0119940029985	0.071964017991
cin-	0.00824742268041	0.303092783505	0.0835051546392	0.605154639175
nch-	0.304579456947	0.270992569008	0.0972484068059	0.327179567239
cla-	0.094112776088	0.573259869102	0.116566077997	0.216061276813
güe-	0.270769230769	0.553846153846	0.156923076923	0.0184615384615
com-	0.135893956789	0.697108861288	0.0995720697213	0.0674251122013
laz-	0.646766169154	0.26368159204	0.0	0.0895522388059
uxe-	0.573256452536	0.342307288731	0.00843073484145	0.0760055238918
job-	0.0	1.0	0.0	0.0
cef-	0.327272727273	0.545454545455	0.0	0.127272727273
end-	0.0651874387722	0.684239748057	0.0677591795001	0.182813633671
erl-	0.258019525802	0.177126917713	0.564853556485	0.0
esp-	0.0369229930722	0.912446913214	0.0289208883262	0.0217092053875
aqu-	0.201015962594	0.555939978093	0.154563855695	0.0884802036179
tuc-	0.060892301725	0.0525886730048	0.0201594711273	0.866359554143
chí-	0.233233660829	0.730884237505	0.035882101666	0.0
dru-	0.0	0.941176470588	0.0588235294118	0.0
tim-	0.040303141331	0.897795861697	0.0127273077887	0.0491736891837
nil-	0.455302577096	0.221510598116	0.074333438904	0.248853385884
xca-	0.0750208959471	0.885885993832	0.0242133796872	0.014879730534
leb-	0.0	0.913793103448	0.0431034482759	0.0431034482759
mon-	0.0278090339174	0.941006269089	0.01012698923	0.021057707764
xuú-	0.663157894737	0.231578947368	0.0736842105263	0.0315789473684
gri-	0.0161471181879	0.351872617179	0.621215519175	0.0107647454586
ram-	0.0379746835443	0.962025316456	0.0	0.0
teó-	0.045871559633	0.871559633028	0.0366972477064	0.045871559633
sáb-	0.0260190806591	0.973980919341	0.0	0.0
zañ-	0.492796885139	0.264763140818	0.138092147956	0.104347826087
bec-	0.0255536626917	0.897785349233	0.0766609880749	0.0
las-	0.266884763229	0.0916169133884	0.0393146315531	0.60218369183
meq-	0.0479041916168	0.916167664671	0.0	0.0359281437126
eti-	0.0	0.904761904762	0.0952380952381	0.0
laa-	0.533499643621	0.334283677833	0.0374198146828	0.0947968638631
vin-	0.0150943396226	0.596226415094	0.381132075472	0.00754716981132
elí-	0.00310366232154	0.994413407821	0.0	0.00248292985723
bes-	0.0559947563124	0.343631300854	0.0488011902039	0.551572752629
xal-	0.0919140479444	0.141307498033	0.332877903366	0.433900550656
ent-	0.388498284787	0.193109715064	0.0546567930586	0.36373520709
cáa-	0.813559322034	0.0169491525424	0.0338983050847	0.135593220339
lác-	0.506493506493	0.181818181818	0.0	0.311688311688
tíq-	0.00980392156863	0.990196078431	0.0	0.0
yey-	0.124546553809	0.398730350665	0.271160822249	0.205562273277
diq-	0.129448838336	0.16448773697	0.0983558603221	0.607707564372
sea-	0.627906976744	0.255813953488	0.0697674418605	0.046511627907
cle-	0.014598540146	0.970802919708	0.014598540146	0.0
reb-	0.31854660455	0.379994559119	0.25606148196	0.0453973543714
yax-	0.37272550405	0.308307478061	0.21575072446	0.103216293429
bar-	0.0810688547094	0.88877276178	0.0109194147194	0.0192389687913
núl-	0.462033233635	0.347516134198	0.111413619817	0.079037012349
adr-	0.0458598726115	0.885350318471	0.0535031847133	0.0152866242038
zeb-	0.0	1.0	0.0	0.0
pis-	0.0709677419354	0.81935483871	0.0967741935483	0.0129032258065
amó-	0.0	1.0	0.0	0.0
hua-	0.22455924252	0.28465597539	0.339794339421	0.150990442669
mie-	0.403470715835	0.245119305857	0.110629067245	0.240780911063
ten-	0.341960530573	0.495632481398	0.110643804594	0.0517631834358
nai-	0.33	0.22	0.21	0.24
his-	0.0229007633587	0.885496183206	0.0916030534351	0.0
anf-	0.0833333333333	0.916666666667	0.0	0.0
apo-	0.0352425128567	0.921145507714	0.0151255419986	0.0284864374307
fan-	0.0	1.0	0.0	0.0
bie-	0.184670020716	0.815329979284	0.0	0.0
rit-	0.239823732847	0.189316128073	0.513808833191	0.0570513058892
quí-	0.0	0.955882352941	0.0441176470588	0.0
heb-	0.0	0.966530308665	0.0278914094459	0.0055782818892
nín-	0.079659083082	0.920340916918	0.0	0.0
cáh-	0.908163265306	0.0561224489795	0.030612244898	0.00510204081632
túu-	0.766467065868	0.125748502994	0.0718562874251	0.0359281437126
nua-	0.321344060577	0.29531471841	0.10979649787	0.273544723142
caj-	0.0636515912897	0.929648241206	0.0	0.0067001675042
fir-	0.317072691878	0.526256095664	0.111908008898	0.0447632035593
