jer-	0.0276622863368	0.958935059149	0.000476786508469	0.0129258680056
toz-	0.364747551913	0.504039632382	0.00481514920017	0.126397666505
nxo-	0.127659574468	0.765957446809	0.106382978723	0.0
ris-	0.0258064516129	0.974193548387	0.0	0.0
zoq-	0.680337078652	0.0617977528089	0.00674157303371	0.251123595506
xom-	0.855153203343	0.144846796657	0.0	0.0
pco-	0.210214266761	0.710913169719	0.02986048602	0.0490120775001
waḻ-	0.671875	0.0	0.0	0.328125
son-	0.454277516797	0.231442440136	0.214853265806	0.0994267772611
rne-	0.666128343449	0.126581815168	0.0272453531291	0.180044488254
ziy-	0.399818565491	0.335662218135	0.0879672205945	0.17655199578
maa-	0.227787480366	0.115596269812	0.0705396469723	0.586076602849
xto-	0.153325250494	0.608000732171	0.111841269434	0.126832747901
jac-	0.00759141068614	0.984939620736	0.00220395794114	0.00526501063716
nzo-	0.38747645951	0.396421845574	0.138418079096	0.0776836158192
viu-	0.0294892048447	0.897840968931	0.0379146919431	0.0347551342812
fal-	0.176101690827	0.358064593936	0.220844689935	0.244989025302
dën-	0.808620588408	0.104175230489	0.0449233660227	0.0422808150802
pro-	0.0682388630069	0.631298969746	0.234853827305	0.0656083399431
guṉ-	0.468653674438	0.187066303351	0.0603398839834	0.283940138228
xts-	0.166258048712	0.589666486627	0.079759733208	0.164315731453
júp-	0.0	0.981308411215	0.018691588785	0.0
coo-	0.122350090854	0.301029678982	0.304058146578	0.272562083586
xeṉ-	0.589866226249	0.239508373848	0.0298594449831	0.14076595492
nas-	0.274449590549	0.31601557256	0.0829809370385	0.326553899852
mah-	0.0	1.0	0.0	0.0
joe-	0.0	1.0	0.0	0.0
nle-	0.289318149056	0.398731440104	0.174426985729	0.137523425112
eno-	0.0	1.0	0.0	0.0
noq-	0.50048856668	0.313318814832	0.084145223222	0.102047395266
lis-	0.0532717966342	0.896549607826	0.0175281395377	0.0326504560017
san-	0.0297634857845	0.901376467692	0.0631497668976	0.00571027962563
rli-	0.325336603411	0.513180415498	0.0375111931974	0.123971787894
beḻ-	0.136275716547	0.700193423598	0.147705292773	0.0158255670828
nzh-	0.271966146665	0.502275665119	0.174709627522	0.0510485606941
gow-	0.489593504147	0.400108958041	0.0494792692991	0.0608182685135
fig-	0.0	1.0	0.0	0.0
zaṉ-	0.567427001185	0.123168442643	0.0440051538772	0.265399402295
naḻ-	0.447367813171	0.283407636691	0.0986348201704	0.170589729967
tex-	0.166666666667	0.618055555556	0.0277777777778	0.1875
del-	0.324456688093	0.537802265075	0.0	0.137741046832
cod-	0.42658281515	0.399236856981	0.0628886376484	0.11129169022
pxu-	0.11320754717	0.735849056604	0.11320754717	0.0377358490566
zaa-	0.125064511699	0.200017883546	0.0399002029615	0.635017401794
seg-	0.360953461975	0.44608399546	0.0544835414302	0.138479001135
tse-	0.607571646903	0.343998729069	0.0316993902732	0.0167302337553
der-	0.018826528143	0.281833287625	0.691596625099	0.00774355913337
pró-	0.0	1.0	0.0	0.0
neg-	0.539215686275	0.28431372549	0.0196078431373	0.156862745098
zin-	0.351862496163	0.485035854795	0.0580094310667	0.105092217975
teḻ-	0.177972035001	0.0440232013122	0.0183561288776	0.759648634809
mil-	0.11779084814	0.599718131778	0.0763310407457	0.206159979336
xlë-	0.0300697618475	0.937454895357	0.0180418571085	0.0144334856868
dis-	0.65046728972	0.157009345794	0.0747663551401	0.117757009346
tib-	0.0458975877187	0.0846036348848	0.0228530474911	0.846645729905
gan-	0.297347554095	0.148800964627	0.0215623813326	0.532289099945
rro-	0.476380215993	0.342538216785	0.143180774083	0.0379007931396
xyu-	0.430956705843	0.278242249997	0.09846142742	0.19233961674
soq-	0.417498532002	0.288314738696	0.015854374633	0.278332354668
nug-	0.224345658496	0.378063980058	0.320731200665	0.0768591607811
gbi-	0.407547267241	0.278503047158	0.0862983711515	0.22765131445
mig-	0.394160583942	0.605839416058	0.0	0.0
lor-	0.0218181818182	0.156363636364	0.0	0.821818181818
rto-	0.247094535173	0.437299643496	0.269364249307	0.0462415720243
xfu-	0.128044971893	0.566520924422	0.286695815115	0.0187382885696
wba-	0.451399304098	0.30280385746	0.0841194732738	0.161677365169
paf-	0.0369458128079	0.950738916256	0.0123152709359	0.0
rse-	0.479682226185	0.394667413445	0.0322785089982	0.0933718513715
bzë-	0.579942468983	0.179639820771	0.0505260294669	0.189891680779
abr-	0.00596710320957	0.965776908063	0.0256234431941	0.00263254553364
pso-	0.568858381503	0.232947976879	0.0482658959538	0.149927745665
gbe-	0.388229475767	0.223541048467	0.373392680514	0.0148367952522
zaq-	0.166129032258	0.766129032258	0.0	0.0677419354838
nor-	0.301743159753	0.46326125331	0.151147396293	0.0838481906443
nen-	0.203465409642	0.253743481568	0.0975073848126	0.445283723977
rbe-	0.482567714081	0.336543690206	0.10978354957	0.0711050461422
zac-	0.347277288088	0.316879768665	0.0840562542824	0.251786688964
her-	0.0184110750538	0.915757039368	0.0468744878224	0.0189573977557
ira-	0.467532467532	0.0779220779221	0.0324675324675	0.422077922078
gaw-	0.371830985916	0.467605633803	0.0338028169014	0.12676056338
yuz-	0.0591549295775	0.793427230047	0.11455399061	0.0328638497653
yoz-	0.168002628892	0.394286854366	0.327214900184	0.110495616557
xne-	0.160739838566	0.530422943516	0.28174623389	0.0270909840279
bna-	0.659695978257	0.155261355295	0.0164119781799	0.168630688269
bee-	0.519699455767	0.213848271653	0.0550223093172	0.211429963263
sin-	0.0369615696521	0.0615357982847	0.0139977633024	0.887504868761
rdi-	0.309501821353	0.502462675081	0.131342670976	0.0566928325894
goc-	0.471685778825	0.179600001493	0.0491619816424	0.299552238039
urí-	0.0	1.0	0.0	0.0
bzo-	0.656353738216	0.179905643089	0.0348796195012	0.128860999194
mew-	0.168301269525	0.0914891960498	0.0109808619264	0.729228672499
pat-	0.256578947368	0.677631578947	0.0657894736842	0.0
taf-	0.217391304348	0.397621701969	0.274990709773	0.109996283909
gni-	0.653421987805	0.151489774155	0.0518085568788	0.143279681161
zuṉ-	0.324053456107	0.193659324998	0.083683863798	0.398603355097
pxa-	0.730745721271	0.138447432763	0.0654034229829	0.0654034229829
zgu-	0.65011365159	0.166289437544	0.115876738825	0.0677201720406
gwi-	0.263119212112	0.226664706747	0.0531278217593	0.457088259381
maw-	0.612575787506	0.288554756948	0.0359525292893	0.0629169262563
rxa-	0.823643683429	0.0345815841771	0.131647965794	0.0101267665995
saa-	0.756855575869	0.155393053016	0.0164533820841	0.0712979890311
jor-	0.0	0.993670886076	0.0	0.00632911392404
noy-	0.440025326569	0.320309343403	0.0857228785711	0.153942451457
brë-	0.496688741722	0.35761589404	0.119205298013	0.0264900662252
naí-	0.037037037037	0.925925925926	0.0	0.037037037037
lëq-	0.349570200573	0.616045845272	0.0343839541547	0.0
pic-	0.882725934055	0.0978734959659	0.0	0.0194005699792
gen-	0.242268041237	0.721649484536	0.0	0.0360824742268
raz-	0.114405969007	0.84541802181	0.0218098335565	0.0183661756265
zia-	0.503452733311	0.237256614875	0.0500335378925	0.209257113921
diz-	0.23178807947	0.551475015051	0.144491270319	0.0722456351595
naa-	0.0493294247744	0.0391531448685	0.00293992168613	0.908577508671
rgo-	0.455062203868	0.340080588608	0.127719216228	0.0771379912956
jam-	0.0	1.0	0.0	0.0
nza-	0.567401960784	0.362745098039	0.0183823529412	0.0514705882353
gzë-	0.271670190275	0.414376321353	0.285412262156	0.0285412262156
lëp-	0.18779342723	0.299295774648	0.0610328638497	0.451877934272
niu-	0.544612988763	0.229336122624	0.0754725684905	0.150578320123
mar-	0.0184351539072	0.791953143106	0.00653131166999	0.183080391317
cto-	0.448655358536	0.214722242936	0.297882029179	0.0387403693485
nig-	0.235294117647	0.725490196078	0.0392156862745	0.0
por-	0.12641502983	0.162914147699	0.0346542455829	0.676016576888
zne-	0.451896761923	0.19767475113	0.109499249557	0.240929237389
alf-	0.0	0.876957494407	0.0	0.123042505593
pas-	0.139855035989	0.762621432526	0.0453012533347	0.0522222781497
cos-	0.300964298803	0.260808850476	0.146946768874	0.291280081847
rwi-	0.438518618433	0.134324967566	0.0326028890029	0.394553524999
hor-	0.195297425361	0.15106593062	0.0358193778155	0.617817266204
gap-	0.284165061214	0.328661984961	0.249518364303	0.137654589522
put-	0.0192307692308	0.980769230769	0.0	0.0
abí-	0.0	0.971014492754	0.0289855072464	0.0
ped-	0.0275397109053	0.864046109234	0.00562594187893	0.102788237982
rat-	0.209074036806	0.639900717784	0.114621766061	0.0364034793498
lëë-	0.368146707877	0.179289656238	0.0685066919584	0.384056943927
wse-	0.268046024457	0.447173348468	0.0968818258432	0.187898801231
epa-	0.0871972318339	0.875432525952	0.0207612456747	0.0166089965398
áfr-	0.0	1.0	0.0	0.0
asi-	0.00178970917226	0.998210290828	0.0	0.0
dia-	0.0973181093999	0.889670738184	0.00185873605948	0.0111524163569
tip-	0.174986713234	0.281865462	0.0923050641562	0.45084276061
gax-	0.208032736677	0.362009119989	0.0319880215068	0.397970121827
blu-	0.553996657497	0.218927662439	0.0513905602645	0.175685119799
goṉ-	0.551637138288	0.0550185670615	0.0161281143918	0.377216180259
cxe-	0.458742249954	0.370001932865	0.0518652148702	0.11939060231
zom-	0.415444477701	0.219395390602	0.271176294523	0.0939838371745
zix-	0.513157894737	0.291666666667	0.138157894737	0.0570175438597
psë-	0.597494820582	0.282074449499	0.0447247584997	0.0757059714188
xvi-	0.184959349593	0.668699186992	0.0853658536586	0.0609756097561
nog-	0.24525316886	0.381537524959	0.0916267981395	0.281582508042
xch-	0.0305167503052	0.910484199105	0.00813780008137	0.0508612505086
nde-	0.460861917326	0.374750139922	0.087630926681	0.076757016071
tol-	0.278283485045	0.448634590377	0.109232769831	0.163849154746
mel-	0.0727044634838	0.882332815373	0.0281409041014	0.0168218170414
ndz-	0.155212408116	0.497867737931	0.187150412021	0.159769441931
cue-	0.28392475034	0.468087967291	0.0831195731109	0.164867709258
gaḻ-	0.180515569462	0.156215085917	0.0416579973752	0.621611347245
wec-	0.0	1.0	0.0	0.0
mir-	0.019656019656	0.965601965602	0.014742014742	0.0
isa-	0.0478083687517	0.941193200464	0.00501194314229	0.00598648764218
tee-	0.455073741584	0.460764668163	0.00961846745752	0.0745431227957
nël-	0.497777777778	0.368888888889	0.08	0.0533333333334
rle-	0.460076549504	0.309287284706	0.104315679942	0.126320485847
dio-	0.0681077397656	0.782422131654	0.0103639868136	0.139106141767
igu-	0.606173994387	0.360149672591	0.0	0.0336763330215
xam-	0.161137440758	0.75355450237	0.0284360189573	0.0568720379147
bab-	0.018176310209	0.965767949106	0.0124204786428	0.00363526204181
ita-	0.0	0.950338600452	0.0496613995485	0.0
bga-	0.518933872545	0.248482634877	0.0512886701738	0.181294822405
lëd-	0.151626565288	0.12149349434	0.0722470455042	0.654632894867
rca-	0.3409258786	0.379700234526	0.112445471347	0.166928415526
tsi-	0.318128182775	0.42268577776	0.0444175744034	0.214768465062
gla-	0.431202675897	0.290821440008	0.113186943195	0.1647889409
sor-	0.892857142857	0.0357142857143	0.0	0.0714285714286
moi-	0.0504826408365	0.922685375104	0.00799517777759	0.0188368062823
doo-	0.271320465947	0.708273106028	0.0102032140124	0.0102032140124
xid-	0.44847250619	0.179538670846	0.319840857128	0.052147965836
bdz-	0.635156090807	0.137607907015	0.0495419841786	0.177694017999
rio-	0.334359130563	0.354595559566	0.134274597278	0.176770712593
mee-	0.0533018324306	0.86446928662	0.0813645269102	0.000864354039412
biu-	0.411128570108	0.255568906553	0.210370644237	0.122931879102
rid-	0.553398058252	0.388349514563	0.0582524271845	0.0
tow-	0.182463451538	0.0644525265348	0.0275708140763	0.725513207851
roo-	0.63443193961	0.279038494563	0.0329096053638	0.0536199604634
jud-	0.0583600855266	0.896633226675	0.00365226089344	0.0413544269051
non-	0.310121525946	0.195368488941	0.135938871608	0.358571113505
tie-	0.197466042689	0.180344709508	0.474260929118	0.147928318685
raq-	0.495348814985	0.339387877854	0.0170928768772	0.148170430284
uzí-	0.0	1.0	0.0	0.0
zha-	0.0402700791209	0.10156259683	0.0145559564768	0.843611367572
mal-	0.0159659393294	0.871917686713	0.0908284548518	0.0212879191059
adá-	0.0417209908735	0.896023468057	0.0270534550196	0.0352020860496
sab-	0.13905586477	0.783566274995	0.0672850958565	0.0100927643785
nli-	0.298207388099	0.138368787059	0.0593126723557	0.504111152486
nqu-	0.255281991745	0.350045724012	0.332543124577	0.0621291596658
nin-	0.0	1.0	0.0	0.0
zow-	0.6547314578	0.230179028133	0.0127877237852	0.102301790281
tso-	0.279405531526	0.190786538734	0.147684475108	0.382123454632
paj-	0.0317965023847	0.89666136725	0.0715421303657	0.0
ncu-	0.187909963211	0.418886884785	0.0640642934642	0.329138858541
guc-	0.628481518012	0.0716265088535	0.0103330045559	0.289558968578
cie-	0.0	1.0	0.0	0.0
gzu-	0.26537428154	0.224752664795	0.49185103115	0.0180220225154
wga-	0.178571428571	0.517857142857	0.196428571429	0.107142857143
rch-	0.51703856525	0.39953309083	0.0600828854263	0.0233454584939
sir-	0.0197547683924	0.900544959128	0.0204359673025	0.0592643051771
pix-	0.139405204461	0.860594795539	0.0	0.0
xqu-	0.276913117896	0.559550784727	0.0818500412271	0.08168605615
zzh-	0.302758867789	0.442852024364	0.100322465066	0.15406664278
rei-	0.0	1.0	0.0	0.0
csa-	0.462327130291	0.256726385125	0.0721823432251	0.208764141359
pxi-	0.503013361373	0.305439437848	0.124945503039	0.0666016977406
red-	0.428868316645	0.177687511808	0.33251464198	0.0609295295673
and-	0.0	1.0	0.0	0.0
ALL	0.24982927244	0.298600083458	0.0573973411815	0.39417330292
ana-	0.0332778702163	0.963394342762	0.0	0.00332778702163
zed-	0.0429445952781	0.832247674695	0.12078167422	0.00402605580732
nii-	0.255111526718	0.0860272378414	0.0489044113984	0.609956824042
roq-	0.109090909091	0.818181818182	0.0	0.0727272727272
mae-	0.0167922497309	0.938571941155	0.00258342303552	0.0420523860782
cil-	0.0	1.0	0.0	0.0
per-	0.104957047085	0.0440301169063	0.0208884913603	0.830124344648
heb-	0.0	1.0	0.0	0.0
arm-	0.0	1.0	0.0	0.0
cal-	0.106382978723	0.893617021277	0.0	0.0
nex-	0.0574578445315	0.819073581151	0.085748157297	0.0377204170207
mor-	0.0213523131673	0.0284697508897	0.950177935943	0.0
xba-	0.191665707379	0.696673189824	0.104754230459	0.00690687233798
zor-	0.00347337082368	0.996526629176	0.0	0.0
zig-	0.116291705767	0.0743029738544	0.0411535635766	0.768251756802
sob-	0.549517112447	0.258642157839	0.0864349065544	0.10540582316
gaa-	0.0435971669261	0.046475945137	0.0471080892184	0.862818798718
wli-	0.263736263736	0.642857142857	0.0824175824175	0.010989010989
lid-	0.0710834112596	0.801457016543	0.0115298184115	0.115929753786
yed-	0.334225008116	0.263535214972	0.0550414808932	0.347198296019
gas-	0.37163613177	0.268503053165	0.0824272169361	0.277433598129
lev-	0.0288868917704	0.93452304532	0.0327384773398	0.00385158556939
gro-	0.0640671250717	0.124644418157	0.0305227241154	0.780765732656
far-	0.0232025530317	0.968988173456	0.00450535010325	0.00330392340905
nox-	0.242071382766	0.549669050665	0.0785847619363	0.129674804633
gox-	0.0415702744065	0.681175926256	0.263373313877	0.0138804854611
sxo-	0.0	0.429530201342	0.00671140939596	0.563758389262
rud-	0.0460829493088	0.953917050691	0.0	0.0
xpa-	0.234911894273	0.467511013216	0.0117841409692	0.285792951542
xcu-	0.0796175285148	0.814974796403	0.0298197173626	0.0755879577191
mes-	0.159228956293	0.349115714039	0.200463699247	0.29119163042
arc-	0.0578313253012	0.913253012048	0.0289156626506	0.0
xni-	0.018695188635	0.936451588937	0.00281760480446	0.0420356176233
sed-	0.214452214452	0.512820512821	0.251748251748	0.020979020979
lea-	0.0	1.0	0.0	0.0
bda-	0.3	0.496825396825	0.152380952381	0.0507936507937
adi-	0.0	1.0	0.0	0.0
rba-	0.520459081836	0.388023952096	0.0167664670659	0.074750499002
saú-	0.591304347826	0.369565217391	0.0260869565217	0.0130434782609
bin-	0.704603271781	0.144299321919	0.0137172029042	0.137380203395
pel-	0.0943010477894	0.252491694352	0.193968821876	0.459238435983
lbë-	0.433120235985	0.565354692761	0.0	0.00152507125347
nec-	0.519931171456	0.0813984775314	0.0203230425325	0.37834730848
rxe-	0.562686952106	0.243669884791	0.0547595181056	0.138883644998
gue-	0.45108630897	0.340917872345	0.0532105432866	0.154785275399
zba-	0.678913738019	0.0495207667731	0.0670926517572	0.20447284345
log-	0.266714209306	0.490818327688	0.242467463006	0.0
cás-	0.134328358209	0.701492537313	0.134328358209	0.0298507462687
mëc-	0.0138010350776	0.979298447384	0.0	0.00690051753881
psa-	0.504803910452	0.294247180079	0.0787927251197	0.122156184349
lni-	0.0740138037693	0.834447642285	0.0291136978737	0.062424856072
pcu-	0.731736634913	0.175346335307	0.0754274724284	0.0174895573519
nsi-	0.380435010244	0.333916896825	0.208343266303	0.0773048266281
wzi-	0.546840958606	0.420479302832	0.0130718954248	0.0196078431372
gaṉ-	0.332945495041	0.0633645117189	0.0105090315555	0.593180961684
win-	0.130868434347	0.256915586279	0.132345059199	0.479870920174
tal-	0.151862464183	0.696275071633	0.12893982808	0.0229226361031
loq-	0.758426966292	0.0859982713915	0.0	0.155574762316
mez-	0.229245744276	0.395211292224	0.0434937678773	0.332049195623
doḻ-	0.169426681314	0.586111737418	0.122689527136	0.121772054132
zle-	0.381422924901	0.425120772947	0.107158541941	0.0862977602108
nol-	0.366617663603	0.304641225226	0.0663177739453	0.262423337226
sca-	0.188276613924	0.100307015001	0.0584734661725	0.652942904902
paw-	0.349137931034	0.620689655172	0.0	0.0301724137931
cow-	0.450153038916	0.210975076519	0.0760822037604	0.262789680805
zaf-	0.0	1.0	0.0	0.0
mëd-	0.136411743954	0.757163576496	0.023127278429	0.083297401121
lud-	0.00737553779963	0.963122311002	0.0258143822987	0.00368776889982
noc-	0.515387953808	0.324977356782	0.0356630689109	0.1239716205
nín-	0.00485185517514	0.995148144825	0.0	0.0
pon-	0.00710900473934	0.985781990521	0.0	0.00710900473934
zni-	0.412022012135	0.278467616763	0.127592775504	0.181917595598
zhl-	0.240520250867	0.351448679659	0.22935286296	0.178678206514
cuë-	0.487390517954	0.121007096297	0.0264577487365	0.365144637012
wii-	0.438202247191	0.269662921348	0.224719101124	0.0674157303371
rap-	0.246263820914	0.354939631243	0.229648051514	0.169148496329
chi-	0.0364592955002	0.903869475052	0.0543258028569	0.00534542659127
bui-	0.69067612567	0.118575358332	0.00789054582307	0.182857970175
nga-	0.232629855664	0.496783281406	0.167457604794	0.103129258137
ben-	0.136154662266	0.853943180479	0.0	0.00990215725569
dió-	0.0512820512821	0.871794871795	0.0512820512821	0.025641025641
xti-	0.189724235361	0.609397163532	0.0617873989418	0.139091202165
gzi-	0.382209649127	0.505025478735	0.0632674200113	0.0494974521265
leḻ-	0.286820992813	0.11363028581	0.0575798094601	0.541968911917
sti-	0.0841067759982	0.080590787065	0.168013032131	0.667289404806
rev-	0.32507605389	0.528031290743	0.13124728379	0.0156453715776
mpa-	0.462333564789	0.449134475996	0.0196737687144	0.0688581905006
cxi-	0.522556184406	0.398318588933	0.0474751359965	0.0316500906643
rso-	0.489933411703	0.25702488397	0.0576613591052	0.195380345222
amp-	0.0	1.0	0.0	0.0
ili-	0.0909090909091	0.772727272727	0.0	0.136363636364
lam-	0.0197802197802	0.953846153846	0.0	0.0263736263736
nar-	0.305803003309	0.221430389412	0.0903537795877	0.382412827692
gat-	0.345729998301	0.409429675556	0.0841897401054	0.160650586037
yud-	0.157864849517	0.705848949461	0.0596252129472	0.0766609880749
cua-	0.646396851238	0.314598058813	0.0191274960331	0.0198775939168
dám-	0.0	1.0	0.0	0.0
zid-	0.567231638418	0.276271186441	0.0830508474576	0.0734463276836
gaq-	0.202158979392	0.534838076546	0.148184494603	0.11481844946
sat-	0.0260869565217	0.939130434783	0.0347826086957	0.0
isá-	0.00364409353174	0.995748557546	0.000607348921954	0.0
sió-	0.0384615384615	0.961538461538	0.0	0.0
esl-	0.0	1.0	0.0	0.0
saf-	0.0566037735849	0.943396226415	0.0	0.0
rla-	0.370219689669	0.344190405408	0.215777456226	0.0698124486965
zdz-	0.22575819474	0.154324836896	0.0708917613772	0.549025206987
nad-	0.144450098569	0.3992851675	0.150642827706	0.305621906225
yad-	0.0149428600778	0.947012509631	0.0115453974609	0.0264992328307
goo-	0.388418777529	0.438976629789	0.0406510440253	0.131953548657
abi-	0.0	1.0	0.0	0.0
zhe-	0.206088992974	0.625292740047	0.140515222483	0.0281030444965
wdz-	0.166657568205	0.572510538468	0.0983508688681	0.162481024459
xdi-	0.0727802412454	0.805547048514	0.0147722271835	0.106900483057
tsa-	0.372851526196	0.414461037479	0.0936328706786	0.119054565647
fle-	0.172084130019	0.820267686424	0.0	0.0076481835564
bix-	0.227681167515	0.673656993229	0.0	0.0986618392564
doc-	0.0451127819549	0.300751879699	0.157894736842	0.496240601504
ban-	0.0751252086811	0.884808013356	0.0400667779633	0.0
adr-	0.121951219512	0.780487804878	0.0975609756098	0.0
ise-	0.24861878453	0.422651933702	0.0883977900552	0.240331491713
rde-	0.408880825706	0.277245988114	0.0562545234039	0.257618662776
rru-	0.852575488455	0.00888099467141	0.0	0.138543516874
lia-	0.388413968716	0.400145507457	0.0691160421971	0.14232448163
pez-	0.330357142857	0.616071428571	0.0	0.0535714285714
rlë-	0.308992227899	0.410592585096	0.0631005528414	0.217314634163
tra-	0.27153444296	0.664682298627	0.0492042279189	0.0145790304945
nri-	0.368218360372	0.373754392721	0.11312761758	0.144899629327
nam-	0.199266029372	0.242095823236	0.0541255636755	0.504512583717
zlë-	0.39979401719	0.22213252343	0.0950274404188	0.283046018961
arq-	0.163533834586	0.813909774436	0.0112781954887	0.0112781954887
ale-	0.0558375634518	0.539763113367	0.394247038917	0.010152284264
maz-	0.14068478585	0.124117493238	0.191630430902	0.54356729001
sid-	0.0	1.0	0.0	0.0
oli-	0.00801832760598	0.973654066438	0.0137457044674	0.00458190148912
luc-	0.118909991742	0.703550784476	0.161023947151	0.0165152766309
bze-	0.574133481073	0.152784045299	0.0384168018217	0.234665671806
led-	0.111223865457	0.055141908662	0.0199344926363	0.813699733244
saṉ-	0.0879568547756	0.0528997315344	0.0234651987191	0.835678214971
jai-	0.13358971764	0.808723813379	0.0182167796782	0.0394696893027
dec-	0.0176991150442	0.730088495575	0.0	0.252212389381
yca-	0.477664136683	0.298761594304	0.0700460988232	0.15352817019
bic-	0.528430081957	0.208926069047	0.0660325279205	0.196611321075
nze-	0.51226993865	0.294478527607	0.0736196319018	0.11963190184
xli-	0.514298588629	0.398993219569	0.0680064249427	0.0187017668592
itu-	0.0	1.0	0.0	0.0
eli-	0.0	0.971098265896	0.028901734104	0.0
jua-	0.035293655007	0.918583731493	0.0115761222203	0.0345464912798
yul-	0.10029717682	0.837295690936	0.035661218425	0.0267459138187
soo-	0.39823248216	0.288310823475	0.149604331402	0.163852362964
col-	0.181358625526	0.310353599999	0.256803813745	0.25148396073
nsa-	0.367945823928	0.381900266776	0.194746562692	0.0554073466038
bri-	0.477687251066	0.128232366799	0.0758442948383	0.318236087297
rco-	0.358372053003	0.127086559972	0.434520736534	0.0800206504904
loz-	0.230983470958	0.160691480771	0.117994971604	0.490330076668
wbi-	0.517485625891	0.16594965996	0.0541327557928	0.262431958356
pan-	0.0	1.0	0.0	0.0
rsë-	0.444610778443	0.461077844311	0.0494011976048	0.0449101796408
gle-	0.385550240139	0.389376116514	0.086692553138	0.138381090209
mëë-	0.0984713616959	0.704226744673	0.0876237903348	0.109678103297
aná-	0.0340909090909	0.600852272727	0.365056818182	0.0
pox-	0.0551169047047	0.820760700772	0.0508519061263	0.073270488397
jez-	0.146341463415	0.804878048781	0.0	0.0487804878048
sco-	0.493615168811	0.280013543581	0.188642739673	0.0377285479346
ari-	0.0182186234818	0.981781376518	0.0	0.0
efr-	0.0	1.0	0.0	0.0
wnc-	0.0	1.0	0.0	0.0
ntr-	0.62729564278	0.0378105869643	0.0414115952466	0.293482175009
bel-	0.0801067889366	0.900809720818	0.0157932333062	0.0032902569388
baa-	0.0743376230129	0.826495079485	0.0772142316427	0.0219530658592
mai-	0.015753837903	0.932761279078	0.0482670778306	0.00321780518871
dip-	0.124595490456	0.222070826837	0.249125473293	0.404208209415
pen-	0.31403887689	0.431533477322	0.111879049676	0.142548596112
paa-	0.247188655777	0.154991303287	0.285644261885	0.312175779051
rab-	0.512482657593	0.468961935839	0.018555406568	0.0
ape-	0.0384615384615	0.961538461538	0.0	0.0
nzi-	0.165588642867	0.205763385492	0.471114445623	0.157533526017
fav-	0.31462585034	0.551020408163	0.0272108843538	0.107142857143
jon-	0.00313961586742	0.967034033392	0.0125584634697	0.0172678872708
rec-	0.161807666194	0.725382763712	0.0837525596146	0.0290570104786
ruṉ-	0.522991674794	0.201345460422	0.066663428284	0.208999436499
mde-	0.147692307692	0.533846153846	0.309230769231	0.00923076923076
lab-	0.129748025574	0.849943587815	0.0203083866115	0.0
bay-	0.317056552351	0.0831251419487	0.0292982057688	0.570520099932
ber-	0.0462434321372	0.924558235505	0.0172744060546	0.0119239263031
tia-	0.0	1.0	0.0	0.0
zon-	0.344345684301	0.392080745342	0.139751552795	0.123822017563
car-	0.11552393273	0.84851228978	0.0243208279431	0.0116429495472
yqu-	0.421952151992	0.329611265447	0.13921039081	0.109226191751
rod-	0.0	1.0	0.0	0.0
zod-	0.560992999741	0.232888255121	0.147783251232	0.0583354939072
gda-	0.268502581756	0.432013769363	0.216867469879	0.0826161790017
mid-	0.173027339172	0.766562253617	0.0604104072109	0.0
pól-	0.0769230769231	0.923076923077	0.0	0.0
oné-	0.0710227272727	0.775568181818	0.0	0.153409090909
rlo-	0.443978444236	0.274518616341	0.0670209593593	0.214481980063
rob-	0.0	1.0	0.0	0.0
bax-	0.0864629483942	0.886436724497	0.0271003271086	0.0
zec-	0.669172932331	0.15037593985	0.135338345865	0.0451127819549
nxe-	0.211417816813	0.309284818068	0.402760351317	0.0765370138018
puñ-	0.405529953917	0.552995391705	0.0207373271889	0.020737327189
cai-	0.00416377515614	0.993754337266	0.00208188757807	0.0
mbi-	0.168170272401	0.570401395049	0.173903349869	0.0875249826813
xse-	0.203319502075	0.796680497925	0.0	0.0
ndr-	0.0156821745949	0.978044955567	0.0	0.00627286983795
cum-	0.278212290503	0.60782122905	0.0670391061453	0.0469273743017
can-	0.117663460198	0.849017147637	0.0241182211069	0.00920117105813
zab-	0.0	1.0	0.0	0.0
rxo-	0.582715713606	0.337730332495	0.0489562793228	0.0305976745768
lig-	0.405071119357	0.352504638219	0.0992578849722	0.143166357452
xuv-	0.754838709677	0.216129032258	0.0	0.0290322580645
óni-	0.0	1.0	0.0	0.0
pse-	0.636011619315	0.25235957128	0.0317384525836	0.0798903568219
hoz-	0.0	1.0	0.0	0.0
xme-	0.153955420054	0.744836755287	0.0450823044377	0.0561255202221
ygu-	0.354087942288	0.361860185503	0.0882428718653	0.195809000343
xia-	0.687393235395	0.210112743423	0.0	0.102494021182
zla-	0.129511677282	0.366359990564	0.0853974994103	0.418730832744
bzh-	0.529234409498	0.295846047078	0.0537292136298	0.121190329794
tod-	0.64005075452	0.252277155934	0.0119635655051	0.0957085240403
met-	0.221022318215	0.685385169187	0.0287976961843	0.0647948164147
rte-	0.361561209277	0.488281154532	0.0646186181782	0.0855390180121
nëḻ-	0.236842105263	0.657894736842	0.0	0.105263157895
rwe-	0.196	0.593333333333	0.130666666667	0.08
mna-	0.0995850622407	0.601659751037	0.248962655602	0.0497925311203
nef-	0.0	1.0	0.0	0.0
mox-	0.059983466742	0.910579268907	0.0282275137609	0.00120975058975
ces-	0.012754085293	0.97568752491	0.00478278198485	0.00677560781187
waa-	0.284270443546	0.0727085351795	0.0111303406798	0.631890680594
wgu-	0.447934845841	0.450843513671	0.066317626527	0.0349040139616
poc-	0.467091295117	0.418259023355	0.0148619957537	0.0997876857749
líd-	0.166666666667	0.347222222222	0.0	0.486111111111
así-	0.0	1.0	0.0	0.0
msi-	0.295871559633	0.662844036697	0.0275229357798	0.0137614678899
wid-	0.00520833333333	0.927083333333	0.046875	0.0208333333333
cob-	0.631176470588	0.254117647059	0.06	0.054705882353
mat-	0.0103181427343	0.984236170823	0.0	0.00544568644311
ste-	0.495636202664	0.489344518467	0.00500642628953	0.0100128525791
nit-	0.411887518972	0.319696978282	0.139601696016	0.12881380673
ged-	0.0	1.0	0.0	0.0
bde-	0.550226784233	0.162837556526	0.0600569840758	0.226878675166
tró-	0.0134228187919	0.986577181208	0.0	0.0
mad-	0.177383592018	0.738359201774	0.0842572062084	0.0
mba-	0.380365327614	0.302716362477	0.125902107633	0.191016202276
pca-	0.562729263539	0.166020673141	0.0946811332562	0.176568930064
xfa-	0.540600667408	0.226918798665	0.174638487208	0.0578420467185
par-	0.169752852055	0.123903193285	0.0347493093168	0.671594645343
ené-	0.0	1.0	0.0	0.0
jul-	0.00779220779222	0.976623376623	0.0155844155844	0.0
cop-	0.281932495036	0.616810059563	0.04831237591	0.0529450694904
nah-	0.0	1.0	0.0	0.0
duu-	0.195121951219	0.804878048781	0.0	0.0
zie-	0.502977752397	0.21790432111	0.0686046742706	0.210513252222
leṉ-	0.142204990049	0.0559527814184	0.0143116618295	0.787530566703
zhi-	0.238754778392	0.487962631274	0.0934221349339	0.1798604554
wri-	0.192293885366	0.247696541821	0.0981213354074	0.461888237406
álo-	0.0526315789473	0.877192982456	0.0350877192983	0.0350877192982
feb-	0.131578947368	0.868421052632	0.0	0.0
pec-	0.0765306122449	0.897959183673	0.0	0.0255102040816
cso-	0.539656735549	0.313095945228	0.0289179979367	0.118329321287
saz-	0.0	1.0	0.0	0.0
sag-	0.0	0.980952380952	0.0190476190476	0.0
xmi-	0.6	0.4	0.0	0.0
tre-	0.102549889135	0.533074648928	0.209164818921	0.155210643016
val-	0.0816110227874	0.745274686451	0.0296767355591	0.143437555202
gay-	0.0286654659824	0.313011632398	0.0439195889517	0.614403312668
lma-	0.0833333333334	0.854166666667	0.0625	0.0
rzo-	0.384064358094	0.435670718002	0.0586630240214	0.121601899882
via-	0.607627666451	0.282482223659	0.0129282482223	0.0969618616678
mul-	0.150537634409	0.827956989247	0.0215053763441	0.0
gob-	0.114324142569	0.800941492939	0.0739744451917	0.0107599193006
pii-	0.0428571428571	0.614285714286	0.342857142857	0.0
dan-	0.0905343657812	0.727407137886	0.0889041649826	0.0931543313504
lug-	0.240975007714	0.403424868868	0.0481332921938	0.307466831225
bza-	0.601737067913	0.26404827514	0.056611671143	0.0776029858035
ate-	0.0325226244344	0.91657239819	0.0	0.0509049773755
gre-	0.0159085259757	0.636589609744	0.323639075317	0.0238627889635
min-	0.0	1.0	0.0	0.0
ser-	0.035294117647	0.947058823529	0.0176470588235	0.0
rga-	0.309850330211	0.397760151408	0.0938676795365	0.198521838845
ndi-	0.408511483736	0.224298994279	0.0637824621447	0.303407059841
cri-	0.153194337055	0.746786219744	0.0177249646179	0.082294478583
zoz-	0.265554617117	0.355081644144	0.269988738739	0.109375
naw-	0.168690095847	0.582108626198	0.0153354632588	0.233865814696
ted-	0.300495826564	0.217932109342	0.0532381334345	0.42833393066
wla-	0.259480129192	0.31457313796	0.045989948271	0.379956784577
sac-	0.144805218743	0.0318983400541	0.00894158716666	0.814354854036
zuf-	0.00947368421053	0.990526315789	0.0	0.0
gua-	0.0528649386085	0.930081855389	0.00477489768076	0.012278308322
cch-	0.562456524394	0.349488757223	0.0445882172701	0.0434665011124
xal-	0.0317848410758	0.940097799511	0.0232273838631	0.00488997555012
zel-	0.0	1.0	0.0	0.0
nac-	0.416162423634	0.0962594309312	0.0276501351527	0.459928010282
rin-	0.0312093628089	0.953185955787	0.0156046814044	0.0
toq-	0.521338668932	0.316357783193	0.0147548679887	0.147548679886
xle-	0.0974675283667	0.836747152811	0.0130518072543	0.0527335115677
agr-	0.003300330033	0.99504950495	0.0	0.0016501650165
rts-	0.342800076264	0.486301264737	0.106578878705	0.0643197802936
lëg-	0.665369649805	0.311284046693	0.0233463035019	0.0
izl-	0.174578866769	0.696784073507	0.0643185298622	0.0643185298621
sos-	0.0	1.0	0.0	0.0
luu-	0.0363058378749	0.0455125167848	0.00869182097839	0.909489824362
cad-	0.314492832616	0.648716411402	0.0269798877201	0.00981086826185
zri-	0.273204116219	0.237904711073	0.149863425794	0.339027746914
soz-	0.583677925171	0.161599788283	0.13536670085	0.119355585696
bit-	0.122887163088	0.85883965281	0.0182731841023	0.0
leg-	0.18906805534	0.23314448221	0.0682679871056	0.509519475345
pti-	0.473762284443	0.379287965882	0.0389393658446	0.108010383831
zal-	0.331828442438	0.365688487585	0.176072234763	0.126410835215
cef-	0.329896907216	0.592783505155	0.0	0.0773195876289
nia-	0.225217467461	0.311245109709	0.145445173009	0.318092249821
lës-	0.291891891892	0.397297297297	0.262162162162	0.0486486486486
esa-	0.0285714285714	0.814285714286	0.142857142857	0.0142857142857
már-	0.0	0.898734177215	0.101265822785	0.0
ade-	0.400510611138	0.242061592468	0.161161640338	0.196266156056
bod-	0.517933593378	0.143849300733	0.066977452193	0.271239653696
sia-	0.451097804391	0.303393213573	0.185628742515	0.059880239521
rep-	0.28841607565	0.479229989868	0.0236406619385	0.208713272543
cte-	0.558815639024	0.221596251468	0.0640678027905	0.155520306717
xnë-	0.211288887799	0.608789461664	0.0240059857261	0.155915664811
cts-	0.457906279221	0.328118334701	0.100045576985	0.113929809094
aug-	0.333333333333	0.666666666667	0.0	0.0
zga-	0.297613732566	0.215549988103	0.0966549902021	0.390181289128
ama-	0.13474134474	0.73051731052	0.13474134474	0.0
xib-	0.603684829479	0.396315170521	0.0	0.0
mts-	0.589648394846	0.397248307491	0.0131032976632	0.0
xbi-	0.058292852186	0.871616932686	0.0700902151285	0.0
mis-	0.0	1.0	0.0	0.0
zbi-	0.395135218351	0.164827833941	0.122132703854	0.317904243855
nzë-	0.533292420988	0.33323105247	0.0257747775391	0.107701749003
fri-	0.0	0.861788617886	0.138211382114	0.0
reg-	0.10843373494	0.89156626506	0.0	0.0
pla-	0.136054421769	0.778333101948	0.0536813364802	0.0319311398028
gna-	0.398500036517	0.330029491703	0.0338656389461	0.237604832834
mac-	0.0603143140309	0.854594365001	0.0791448393034	0.00594648166501
ico-	0.0	1.0	0.0	0.0
bet-	0.0256985058699	0.800021177573	0.0395543471653	0.134725969391
vis-	0.260367097213	0.629503738953	0.0693405846363	0.0407885791979
bre-	0.737232814195	0.159331774247	0.0332353939687	0.0702000175894
raa-	0.592334494774	0.240418118467	0.0894308943089	0.0778164924507
teb-	0.423615464995	0.168321142459	0.0316962730756	0.376367119471
cim-	0.0526315789473	0.912280701754	0.0	0.0350877192982
ran-	0.24394955917	0.689662439847	0.0379360005621	0.0284520004215
gab-	0.0792692652823	0.839442200104	0.0722277106916	0.00906082392189
cam-	0.026582278481	0.973417721519	0.0	0.0
mbe-	0.198667768302	0.252843945908	0.422861419585	0.125626866206
rfa-	0.0	1.0	0.0	0.0
yga-	0.342799386631	0.163515545219	0.074094838469	0.419590229681
yew-	0.419642857143	0.4375	0.0178571428571	0.125
liu-	0.0615397449518	0.709503007098	0.0647740013845	0.164183246566
zil-	0.127826086957	0.609565217391	0.212173913043	0.0504347826087
yee-	0.115615661468	0.520216381285	0.202012869451	0.162155087796
lic-	0.079687230495	0.878571839246	0.0303570401886	0.0113838900707
guz-	0.0317348377997	0.87658674189	0.0916784203103	0.0
est-	0.195121951219	0.585365853659	0.219512195122	0.0
lmu-	0.0	1.0	0.0	0.0
noo-	0.329346092504	0.543062200957	0.103668261563	0.0239234449761
bli-	0.61825547604	0.214794693197	0.0297210291603	0.137228801602
ant-	0.0940696986025	0.847629619928	0.0185886230771	0.0397120583921
nee-	0.522433460076	0.242585551331	0.0988593155894	0.136121673004
lul-	0.158052991301	0.196309692881	0.0439375110953	0.601699804722
mxi-	0.140071178361	0.762956467389	0.0969723542499	0.0
tab-	0.0571065989848	0.942893401015	0.0	0.0
rcu-	0.130015809682	0.404727847625	0.219077015734	0.246179326959
yow-	0.625331213567	0.311075781664	0.0317965023847	0.0317965023848
gal-	0.0949304786514	0.842254214347	0.0244862803002	0.0383290267011
see-	0.466334804068	0.213892758857	0.159886218538	0.159886218538
ibl-	0.160151052025	0.107652247155	0.0384433508343	0.693753349986
bne-	0.609102890216	0.20613759837	0.0346756881929	0.150083823222
sel-	0.290182213761	0.644547185205	0.0163176502583	0.0489529507751
bdi-	0.522257409276	0.3234466129	0.0489125105812	0.105383467242
bii-	0.197512386351	0.327168602627	0.1406024059	0.334716605123
zaw-	0.0	0.873949579832	0.0756302521008	0.0504201680672
gde-	0.515408384766	0.261314952889	0.05165729133	0.171619371014
nwi-	0.823529411765	0.103806228374	0.0207612456747	0.0519031141868
wzh-	0.0824931255729	0.835013748854	0.0274977085242	0.0549954170486
max-	0.33730834753	0.652470187394	0.0	0.0102214650767
not-	0.3009852115	0.47685682419	0.139984715796	0.0821732485129
lop-	0.193396226415	0.183962264151	0.537735849057	0.0849056603774
diḻ-	0.151902240705	0.651364445303	0.0414175397877	0.155315774204
nlu-	0.361413043478	0.260869565217	0.163043478261	0.214673913043
zbe-	0.68597471332	0.176418700382	0.0317553660688	0.105851220229
sën-	0.613468900348	0.215568448416	0.037437076913	0.133525574323
xco-	0.119755769574	0.797181142331	0.0305164448357	0.052546643259
clo-	0.176470588235	0.794117647059	0.0	0.0294117647059
peg-	0.158203125	0.544921875	0.234375	0.0625
cax-	0.336684090604	0.520037528481	0.0644685698968	0.0788098110173
nel-	0.632075471698	0.254716981132	0.0	0.11320754717
cub-	0.116210567354	0.0663557135095	0.692420739752	0.125012979385
one-	0.0	1.0	0.0	0.0
nob-	0.453856639949	0.299611842482	0.132534661995	0.113996855574
diu-	0.438596491228	0.424561403509	0.0631578947369	0.0736842105262
niz-	0.0732040720889	0.379833806971	0.526457786251	0.0205043346883
sto-	0.419205140409	0.224238457877	0.310149928605	0.046406473108
gog-	0.0652173913043	0.934782608696	0.0	0.0
zhm-	0.067385444744	0.820485175202	0.0355795148248	0.0765498652291
mgu-	0.0591883230472	0.766147966242	0.0340661755179	0.140597535193
rdo-	0.313609467456	0.650887573965	0.0	0.0355029585799
cot-	0.595198886698	0.29521048359	0.0789052533921	0.0306853763191
sil-	0.181738323333	0.663373885371	0.0243643716644	0.130523419631
gud-	0.405980979645	0.16197448447	0.037569090077	0.394475445809
lal-	0.223296127504	0.30203733762	0.181558141806	0.29310839307
let-	0.0768351608559	0.82890314696	0.06416131989	0.0301003722941
xma-	0.218652037617	0.65987460815	0.0595611285267	0.0619122257054
lib-	0.097667638484	0.883381924198	0.0131195335277	0.00583090379009
nis-	0.0526719462343	0.88012860392	0.0130591602234	0.0541402896226
psi-	0.479203222928	0.192661035893	0.073946308756	0.254189432423
raṉ-	0.543970496366	0.161631514703	0.0533191700522	0.241078818879
xgo-	0.397590361446	0.457831325301	0.0240963855422	0.120481927711
gus-	0.542442191876	0.125455401621	0.0252794369129	0.30682296959
him-	0.072072072072	0.87987987988	0.0	0.0480480480481
nuw-	0.208845208845	0.438574938575	0.141277641278	0.211302211302
saw-	0.15	0.466666666667	0.35	0.0333333333333
egi-	0.0220244103882	0.906625676792	0.0685968615216	0.00275305129852
sxe-	0.595253581789	0.352827581644	0.00346125577117	0.0484575807963
sau-	0.0424104147095	0.944973829016	0.00161052207757	0.0110052341967
sín-	0.122448979592	0.877551020408	0.0	0.0
efé-	0.00921234454167	0.974205435283	0.0124366651313	0.00414555504376
pri-	0.0472069236821	0.862650331572	0.0685624367765	0.021580307969
nan-	0.142947371994	0.135649376155	0.0228274521024	0.698575799749
tro-	0.157757348769	0.842242651231	0.0	0.0
gnë-	0.554882664143	0.148247718675	0.0438583988533	0.253011218328
xmo-	0.341387024608	0.623713646533	0.0295302013423	0.00536912751677
rze-	0.48344545768	0.174385761553	0.0777289500906	0.264439830676
cta-	0.8125	0.1875	0.0	0.0
nse-	0.555671175859	0.296566077003	0.0	0.147762747138
nie-	0.456199441924	0.210641177935	0.0703774329291	0.262781947212
gol-	0.500582327391	0.250469287368	0.172875875204	0.0760725100366
osé-	0.0	0.636363636364	0.0606060606061	0.30303030303
ela-	0.0416666666667	0.958333333333	0.0	0.0
wle-	0.00600600600601	0.984984984985	0.00900900900901	0.0
nëw-	0.545059717698	0.318132464712	0.0195439739414	0.117263843648
sow-	0.075	0.6	0.225	0.1
nag-	0.231782426358	0.092124986893	0.0293425698883	0.646750016861
dze-	0.105072183339	0.528763017569	0.0294476445496	0.336717154543
rzu-	0.258982035928	0.217065868264	0.457335329341	0.066616766467
naṉ-	0.548161252183	0.172236484025	0.0536769209658	0.225925342827
arp-	0.0968586387435	0.903141361257	0.0	0.0
zey-	0.677766720632	0.129294339567	0.0286660626495	0.164272877152
sro-	0.0	1.0	0.0	0.0
ron-	0.555261563964	0.191988067334	0.0760153755552	0.176734993146
des-	0.184473995637	0.217350460663	0.0260579859308	0.572117557769
fen-	0.0346320346321	0.852813852814	0.017316017316	0.0952380952381
rui-	0.167079207921	0.756188118812	0.0544554455446	0.0222772277228
ras-	0.151960784314	0.808823529412	0.0343137254902	0.00490196078431
que-	0.140630938807	0.217027746104	0.091220068415	0.551121246674
gul-	0.101694915254	0.389830508475	0.440677966102	0.0677966101695
nal-	0.57293056735	0.28027821586	0.0987504549314	0.0480407618585
man-	0.275779376499	0.644284572342	0.0590955806783	0.0208404704808
pte-	0.376274652245	0.318562165362	0.107407108456	0.197756073937
ric-	0.0430653548498	0.079221698689	0.868484656136	0.00922829032493
cor-	0.135020242777	0.798331467172	0.0395006029399	0.0271476871115
xii-	0.0310283687943	0.910460992908	0.0132978723404	0.0452127659575
rqu-	0.346532892252	0.357593401715	0.156189502298	0.139684203734
fue-	0.0960247805885	0.683014971606	0.152813629324	0.0681466184822
eub-	0.0888888888889	0.911111111111	0.0	0.0
ceb-	0.0	1.0	0.0	0.0
tap-	0.0305273656027	0.0896696681668	0.108861872607	0.770941093623
