jer-	0.0243543506197	0.970733325042	0.00124362641462	0.00366869792314
xom-	0.178043627444	0.154118372749	0.0368643830914	0.630973616715
agu-	0.0	0.874737656026	0.125262343974	0.0
mla-	0.623410476293	0.146973910224	0.0425199856996	0.187095627783
fig-	0.0	1.0	0.0	0.0
del-	0.121790816992	0.353123086037	0.0335853489563	0.491500748015
son-	0.276250308315	0.621882390494	0.0	0.101867301191
dok-	0.0374379792512	0.886783942264	0.0703653585926	0.00541271989175
maa-	0.0	1.0	0.0	0.0
ngy-	0.464539007092	0.368794326241	0.113475177305	0.0531914893617
nzo-	0.39132175549	0.182809548058	0.0642704589739	0.361598237478
pro-	0.0444464879611	0.184636841541	0.758042515365	0.0128741551336
xey-	0.0757909873583	0.816122540499	0.0354679583872	0.0726185137553
kaz-	0.624592109166	0.208469296945	0.0537674280629	0.113171165826
abí-	0.0	0.970149253731	0.0298507462687	0.0
nél-	0.585032714074	0.038874826878	0.335975930083	0.040116528965
mah-	0.0	1.0	0.0	0.0
alm-	0.317829457364	0.674418604651	0.0	0.0077519379845
nle-	0.551620615151	0.215052217451	0.0533244247243	0.180002742673
nyu-	0.475230069799	0.302101647496	0.178498713717	0.0441695689874
mte-	0.451413443832	0.404418994065	0.0967828122647	0.0473847498384
lis-	0.246396451261	0.268165386076	0.444146913635	0.0412912490289
xjw-	0.297234173325	0.213767670559	0.019176398279	0.469821757837
ana-	0.00777345918933	0.973903387007	0.00166574125486	0.0166574125486
yal-	0.159646865288	0.747580701008	0.0634628350338	0.0293095986705
nzh-	0.571951760911	0.137274366374	0.0532216376679	0.237552235047
myu-	0.850843656013	0.082989244023	0.0400672885762	0.0260998113881
yaz-	0.432896064581	0.441977800202	0.0534813319879	0.0716448032291
lac-	0.0824959481361	0.863587250135	0.00713128038897	0.0467855213398
wii-	0.592091445582	0.287845067157	0.0278823888621	0.0921810983987
zaa-	0.483777381995	0.218481648328	0.0192069555956	0.278534014082
seg-	0.535545023697	0.379146919431	0.041074249605	0.044233807267
byu-	0.0209167204648	0.942930923176	0.00593931568754	0.0302130406714
der-	0.217479674797	0.684959349594	0.0813008130081	0.0162601626016
ski-	0.0217584011604	0.953098557499	0.0130550406963	0.0120880006447
kat-	0.638844301766	0.284109149278	0.0650080256822	0.0120385232745
pró-	0.0	1.0	0.0	0.0
neg-	0.426287744227	0.413854351687	0.106571936057	0.0532859680284
ayu-	0.467600700525	0.500875656743	0.031523642732	0.0
mil-	0.0116654490609	0.297539650743	0.0253340560413	0.665460844154
tic-	0.259717493606	0.128645441371	0.0218643009904	0.589772764032
tib-	0.0194174757282	0.961165048544	0.0194174757282	0.0
gan-	0.492481214394	0.228570235572	0.0752563788287	0.203692171205
yer-	0.00541638456331	0.779282329045	0.215301286391	0.0
mbi-	0.305801134917	0.593354952737	0.0217873146035	0.0790565977422
ari-	0.0191082802548	0.965878070974	0.0122838944495	0.00272975432211
bay-	0.218181818182	0.69696969697	0.0484848484848	0.0363636363636
lij-	0.205670926518	0.124201277955	0.0682907348243	0.601837060703
nka-	0.478792813566	0.372727379161	0.0647626823998	0.0837171248737
mkw-	0.706398348813	0.177502579979	0.0750773993808	0.0410216718266
ked-	0.429906542056	0.336448598131	0.177570093458	0.0560747663551
spe-	0.351063829787	0.622823984526	0.0232108317215	0.00290135396518
mey-	0.397218185593	0.138924641893	0.130786796761	0.333070375753
paf-	0.018018018018	0.981981981982	0.0	0.0
lao-	0.0	1.0	0.0	0.0
abr-	0.0475281342989	0.910857713906	0.0397497184706	0.00186443332414
xog-	0.281141266527	0.662491301322	0.0542797494781	0.00208768267223
zaq-	0.0765306122449	0.897959183673	0.015306122449	0.0102040816327
así-	0.0	1.0	0.0	0.0
nen-	0.472556456312	0.099060509717	0.0288798699639	0.399503164007
adm-	0.0	1.0	0.0	0.0
rep-	0.71709620303	0.152567381468	0.0796773558923	0.0506590596104
zac-	0.0562157221206	0.882084095064	0.0233089579525	0.0383912248629
xbz-	0.0276243093923	0.845303867403	0.0718232044199	0.0552486187845
mka-	0.562183657449	0.272643517623	0.0406861155227	0.124486709405
mul-	0.15625	0.84375	0.0	0.0
gaw-	0.548972990335	0.380157971438	0.0312644117197	0.0396046265079
ate-	0.0245649948823	0.950870010235	0.0184237461617	0.00614124872057
nta-	0.635858191079	0.290640207771	0.0443783252225	0.0291232759273
naw-	0.163579205344	0.342829967993	0.350730326207	0.142860500456
xne-	0.0	1.0	0.0	0.0
har-	0.0	1.0	0.0	0.0
kam-	0.0215827338129	0.978417266187	0.0	0.0
cil-	0.00510204081632	0.994897959184	0.0	0.0
ngn-	0.529209621993	0.29381443299	0.0798969072165	0.0970790378006
sin-	0.0394063165161	0.0645615099392	0.0225403084518	0.873491865093
urí-	0.0	1.0	0.0	0.0
bzo-	0.438496969458	0.304913872449	0.143435602445	0.113153555648
tag-	0.496212121212	0.486742424242	0.0	0.0170454545454
ler-	0.296190859227	0.61942989129	0.0528089880965	0.0315702613865
pat-	0.150702987698	0.638400702988	0.0896309314587	0.121265377856
yiz-	0.0884139048458	0.677469152435	0.0344871624321	0.199629780287
gwi-	0.407283016758	0.443711001501	0.0993373211605	0.0496686605803
axt-	0.0969674803154	0.0918088361658	0.0442498213775	0.766973862141
laj-	0.275327771156	0.513706793802	0.0750893921335	0.135876042908
xbu-	0.175648702595	0.770459081836	0.0479041916167	0.0059880239521
jor-	0.0013501350135	0.995949594959	0.002700270027	0.0
lom-	0.0980392156863	0.862745098039	0.0392156862745	0.0
nye-	0.222077493819	0.187845858124	0.12684277282	0.463233875238
gen-	0.107344632768	0.892655367232	0.0	0.0
saw-	0.0692276473527	0.744528908591	0.143824925075	0.042418518981
guu-	0.403932464202	0.476383842701	0.119683693097	0.0
naa-	0.534169841517	0.360441529607	0.0202009428713	0.085187686005
ngw-	0.326161903786	0.585999641576	0.0202814455275	0.0675570091107
nza-	0.411989753476	0.233253570026	0.141292668632	0.213464007866
rek-	0.68989688627	0.121653883273	0.032000812719	0.156448417738
mwi-	0.673715650513	0.279791236295	0.00374650716259	0.0427466060287
por-	0.279047659287	0.529892682102	0.0628485719114	0.128211086699
zne-	0.557692307692	0.230769230769	0.153846153846	0.0576923076923
alf-	0.0	1.0	0.0	0.0
pas-	0.0156555772994	0.957925636008	0.00880626223092	0.0176125244618
cos-	0.0570342205323	0.942965779468	0.0	0.0
dam-	0.035175879397	0.962311557789	0.00251256281407	0.0
nge-	0.230241873363	0.325073178247	0.376151594515	0.0685333538746
zer-	0.312506393488	0.0960849932046	0.0431469113972	0.54826170191
xka-	0.106381317841	0.86271318526	0.0203056777151	0.0105998191846
xma-	0.199509528432	0.734583354621	0.0252899402238	0.0406171767231
nkw-	0.609933180007	0.117614282556	0.135108114021	0.137344423416
ped-	0.434523809524	0.151785714286	0.1875	0.226190476191
néy-	0.275483958305	0.392852308109	0.0649790171923	0.266684716394
rat-	0.184158415842	0.479207920792	0.194059405941	0.142574257426
che-	0.093180723461	0.0986161532952	0.0182176344051	0.789985488839
epa-	0.135294117647	0.808823529412	0.0176470588235	0.0382352941176
yac-	0.459016393443	0.147540983607	0.295081967213	0.0983606557377
asi-	0.0030158331239	0.990952500628	0.0060316662478	0.0
gun-	0.349416045509	0.277969170847	0.0990131710067	0.273601612637
nan-	0.385820801626	0.229330015563	0.131222585281	0.25362659753
mch-	0.558408900106	0.31208347987	0.0675700012611	0.0619376187626
rye-	0.419031719532	0.420701168614	0.0751252086811	0.0851419031719
blu-	0.446729749295	0.460083893393	0.0677718962269	0.0254144610851
pok-	0.422700587084	0.389432485323	0.0587084148728	0.12915851272
tér-	0.287292817679	0.690607734807	0.0220994475138	0.0
mxu-	0.877133105802	0.102389078498	0.0	0.0204778156997
xch-	0.224585940527	0.541563107802	0.0763321412109	0.15751881046
nru-	0.535117056856	0.374581939799	0.0200668896321	0.0702341137124
tol-	0.0294117647059	0.970588235294	0.0	0.0
mel-	0.0588758524291	0.934770638316	0.00508280740396	0.00127070185099
kri-	0.0	0.840490797546	0.159509202454	0.0
wec-	0.043768392419	0.674664139	0.0698012784828	0.211766190099
yoo-	0.152779895916	0.763085470556	0.0146892262938	0.0694454072345
isa-	0.00357142857143	0.967857142857	0.0	0.0285714285714
tee-	0.534440137944	0.407269508957	0.0311288796655	0.0271614734336
mle-	0.663908599745	0.124766060289	0.0239879157159	0.187337424251
mus-	0.0278810408922	0.855018587361	0.117100371747	0.0
eut-	0.0	1.0	0.0	0.0
pud-	0.037037037037	0.962962962963	0.0	0.0
dio-	0.128683699448	0.731723625701	0.00919460111548	0.130398073736
bab-	0.0898437499999	0.87646484375	0.03076171875	0.0029296875
ita-	0.00653594771241	0.836601307189	0.156862745098	0.0
bga-	0.374345549738	0.395287958115	0.107329842932	0.123036649215
xon-	0.42388142402	0.161518215819	0.140878237983	0.273722122177
wdi-	0.184193825183	0.616612461647	0.0887974003241	0.110396312846
lau-	0.425925925926	0.358024691358	0.216049382716	0.0
doo-	0.260911861893	0.0332420211225	0.208394990077	0.497451126908
kom-	0.387552416685	0.464135952328	0.0741558154933	0.0741558154933
ata-	0.0	1.0	0.0	0.0
bxi-	0.457692307692	0.323076923077	0.15	0.0692307692308
roo-	0.0944644608653	0.224650283369	0.0178313288376	0.663053926928
jud-	0.022271102557	0.951952158372	0.00329942260104	0.0224773164696
non-	0.10167821885	0.329236230611	0.424068511669	0.145017038871
teu-	0.243902439024	0.719512195122	0.0	0.0365853658536
uzí-	0.0	1.0	0.0	0.0
zha-	0.605422761327	0.184266856939	0.0156974669997	0.194612914734
mal-	0.0745790089611	0.576511226199	0.315215885765	0.0336938790746
sab-	0.00351144317364	0.990911558845	0.0	0.00557699798166
nli-	0.515151515152	0.060606060606	0.272727272727	0.151515151515
nyi-	0.527098309724	0.378425518256	0.0590476075121	0.0354285645073
nin-	0.0	1.0	0.0	0.0
zow-	0.47191011236	0.323595505618	0.125842696629	0.0786516853932
paj-	0.176501724276	0.813393215174	0.00606303633011	0.00404202422006
toy-	0.510638297872	0.106382978723	0.297872340426	0.0851063829787
sir-	0.150791656195	0.540085448605	0.189746167379	0.119376727821
gaz-	0.0245486594627	0.0410231274213	0.0805368301672	0.853891382949
sós-	0.0	1.0	0.0	0.0
bkw-	0.474386941836	0.303216155376	0.157830060044	0.0645668427451
esr-	0.0	1.0	0.0	0.0
xja-	0.436049649218	0.186184565569	0.0971397733405	0.280626011873
sma-	0.113007083065	0.478106889891	0.067611075338	0.341274951706
nii-	0.640632346072	0.187769910771	0.0195918057894	0.152005937367
pre-	0.526634906886	0.389346037246	0.0415764400173	0.042442615851
ALL	0.239071465943	0.301381647454	0.0572446598238	0.402302226779
san-	0.0	1.0	0.0	0.0
swe-	0.264285714286	0.733035714286	0.00267857142857	0.0
zed-	0.0388802119185	0.794490308431	0.155520847674	0.0111086319767
kix-	0.66634581275	0.239265288484	0.0640318364215	0.0303570623449
mae-	0.0126009265387	0.944090006618	0.0294374586367	0.0138716082065
mtu-	0.630136986301	0.369863013699	0.0	0.0
per-	0.0350914126408	0.0428453652799	0.00668589448206	0.915377327597
nuc-	0.659509202454	0.00920245398773	0.331288343558	0.0
cal-	0.0816326530612	0.918367346939	0.0	0.0
nex-	0.345983554712	0.27514231499	0.0755850727388	0.303289057558
mor-	0.208406304728	0.213660245184	0.577933450088	0.0
xba-	0.129348973942	0.752604389645	0.0634186716899	0.054627964723
zor-	0.0	1.0	0.0	0.0
nke-	0.466679097967	0.283196969957	0.0878789149335	0.162245017142
tel-	0.237207095748	0.163998474433	0.0810690133115	0.517725416508
gaa-	0.188385177521	0.306460583328	0.0851839875833	0.419970251568
wli-	0.136690990417	0.376390850033	0.188587476149	0.298330683401
lid-	0.013986013986	0.986013986014	0.0	0.0
guy-	0.297417218215	0.101931000276	0.0245950721494	0.57605670936
yed-	0.2999470921	0.521509096089	0.125228928412	0.0533148833991
gas-	0.695718654434	0.145259938838	0.159021406728	0.0
lev-	0.079107505071	0.905679513185	0.00608519269777	0.00912778904666
gro-	0.135250214906	0.532392567063	0.265519429917	0.0668377881147
far-	0.0154725682553	0.976759311057	0.00280161729726	0.00496650339059
zye-	0.0623455053465	0.158919831369	0.657963065174	0.120771598111
gox-	0.0936691626957	0.273791695031	0.597413206263	0.0351259360109
rud-	0.0281690140845	0.971830985915	0.0	0.0
xpa-	0.162874306946	0.818504392717	0.0081933721482	0.0104279281886
xin-	0.0713287405518	0.871799645996	0.00947467410184	0.0473969393503
mes-	0.0835791543756	0.836774827925	0.070796460177	0.00884955752212
sed-	0.043956043956	0.637362637363	0.318681318681	0.0
xni-	0.0948477906225	0.760791849334	0.129827585449	0.0145327745947
num-	0.0613718411552	0.747292418773	0.00722021660651	0.184115523466
kla-	0.19808900292	0.274705830311	0.160488365921	0.366716800849
adi-	0.0	1.0	0.0	0.0
saú-	0.53711790393	0.436681222707	0.0	0.0262008733625
bin-	0.509769588921	0.30968204067	0.0918062795973	0.0887420908114
kax-	0.69656833233	0.19686935581	0.0957254665864	0.0108368452739
nec-	0.150882247029	0.203817068779	0.529348217501	0.115952466691
zba-	0.529113924051	0.235443037975	0.106329113924	0.129113924051
cás-	0.263888888889	0.652777777778	0.0555555555556	0.0277777777778
kub-	0.0570034379505	0.146667406011	0.778973050904	0.0173561051347
wri-	0.222641509434	0.479245283019	0.135849056604	0.162264150943
mda-	0.0185185185185	0.0	0.981481481481	0.0
jai-	0.139638210092	0.841320215805	0.0142811805776	0.00476039352586
nze-	0.429498158582	0.322002872638	0.10203262218	0.146466346601
win-	0.0773581581024	0.648372008626	0.221525634566	0.0527441987061
tal-	0.263932233616	0.380294248774	0.169415960767	0.186357556843
zgi-	0.284518828452	0.439330543933	0.0251046025104	0.251046025105
zle-	0.361226920786	0.304943418702	0.118522930316	0.215306730196
ami-	0.0	1.0	0.0	0.0
xiz-	0.348996006694	0.515120394061	0.124152641037	0.0117309582082
rod-	0.0304054054054	0.969594594595	0.0	0.0
xan-	0.19996963391	0.19851384783	0.0467101913957	0.554806326864
wan-	0.0795810898763	0.862730015975	0.0381634222827	0.0195254718656
pon-	0.00769230769232	0.976923076923	0.0	0.0153846153846
dil-	0.177813808945	0.520470206729	0.0533711660586	0.248344818268
gól-	0.0	1.0	0.0	0.0
ged-	0.0425531914894	0.957446808511	0.0	0.0
chi-	0.0399249876687	0.200163232861	0.0170396060791	0.742872173391
pwe-	0.0337009292781	0.938937920219	0.010510685864	0.016850464639
nga-	0.373757025689	0.391550831609	0.0814397857306	0.153252356972
ben-	0.17366906345	0.71867416075	0.0906056313885	0.0170511444115
dió-	0.109090909091	0.854545454545	0.0363636363636	0.0
xti-	0.277109704819	0.514104809013	0.0438640634348	0.164921422733
mze-	0.747873469233	0.126877141444	0.0268667293674	0.0983826599558
bte-	0.475308641975	0.422839506173	0.0416666666667	0.0601851851852
mat-	0.0168185003504	0.98318149965	0.0	0.0
zné-	0.323529411765	0.147058823529	0.0	0.529411764706
xmb-	0.0683142251324	0.885048537612	0.0218262270357	0.0248110102201
lam-	0.0220440881764	0.959919839679	0.0180360721443	0.0
nar-	0.271596490205	0.33959014162	0.180985216527	0.207828151648
jwe-	0.221312783444	0.403799328848	0.132400880976	0.242487006732
cua-	0.09900990099	0.831683168317	0.0	0.069306930693
kaj-	0.0983358547655	0.829046898639	0.0453857791225	0.0272314674735
pur-	0.416149068323	0.335403726708	0.198757763975	0.0496894409938
sió-	0.0649350649351	0.92987012987	0.0	0.00519480519481
esl-	0.0	1.0	0.0	0.0
ani-	0.0	1.0	0.0	0.0
dik-	0.132870169344	0.429439861051	0.435084672167	0.00260529743812
nad-	0.310021113398	0.345446380675	0.247767710989	0.0967647949385
xaa-	0.0410307879508	0.0793631553041	0.00110271323778	0.878503343507
goo-	0.25111909895	0.650061873015	0.0434177881362	0.0554012398987
abi-	0.0	0.99778883361	0.00221116639028	0.0
zhe-	0.120250935056	0.681844302295	0.0687148200319	0.129189942618
aka-	0.168	0.576	0.144	0.112
xdi-	0.0398048836974	0.897520517608	0.00825046680273	0.0544241318917
eub-	0.135135135135	0.864864864865	0.0	0.0
mli-	0.602976808584	0.239875389408	0.061613014884	0.0955347871236
luz-	0.0935005701254	0.865450399088	0.0319270239453	0.0091220068415
ded-	0.459554111224	0.15810072144	0.0442202758065	0.338124891529
bix-	0.309001168983	0.597285361735	0.0734510975451	0.0202623717366
mru-	0.817496229261	0.176470588235	0.00452488687782	0.00150829562594
ban-	0.588342606951	0.333576575755	0.0392228404634	0.0388579768312
adr-	0.153005464481	0.743169398907	0.0928961748633	0.0109289617487
kac-	0.469830325675	0.470176992855	0.0303333782717	0.029659303199
ter-	0.0338983050847	0.966101694915	0.0	0.0
wen-	0.144994682458	0.204818818255	0.389237955239	0.260948544047
tra-	0.361763884252	0.365613523476	0.097821717416	0.174800874856
nri-	0.86592178771	0.0670391061453	0.0	0.0670391061452
nam-	0.40675967893	0.322648764268	0.172027535424	0.0985640213776
arq-	0.192893401015	0.802030456853	0.00507614213197	0.0
ale-	0.0321428571429	0.646428571429	0.314285714286	0.00714285714285
ker-	0.311627906977	0.632558139535	0.0186046511628	0.0372093023256
sid-	0.0138408304498	0.968858131488	0.0	0.0173010380623
bon-	0.368031751759	0.610319321667	0.0	0.0216489265741
oli-	0.0662507427214	0.851752822341	0.0606060606061	0.0213903743315
bze-	0.696449629557	0.234715232638	0.0364421317791	0.0323930060259
led-	0.0903614457831	0.873493975904	0.0361445783132	0.0
mod-	0.193876142925	0.0638445957157	0.0763516115541	0.665927649805
jec-	0.0	1.0	0.0	0.0
dec-	0.0287539936102	0.769968051118	0.0	0.201277955272
net-	0.480801335559	0.254312743461	0.20367278798	0.0612131329994
yib-	0.0226013805996	0.859248306173	0.0772533065693	0.0408970066578
itu-	0.0	0.990338164251	0.00966183574879	0.0
eli-	0.0848096494534	0.89709762533	0.00678477195628	0.0113079532605
yul-	0.63791423002	0.0950292397661	0.173489278752	0.0935672514619
nal-	0.255015067745	0.235160769797	0.178648323285	0.331175839173
nag-	0.334574249177	0.324257370954	0.19447493312	0.146693446749
col-	0.0	1.0	0.0	0.0
jab-	0.65917843389	0.181964056483	0.0250320924262	0.133825417202
bri-	0.641428784659	0.304411918163	0.0463290373456	0.00783025983306
koz-	0.54339314845	0.372756933116	0.0613376835237	0.0225122349103
loz-	0.147600713959	0.825109527813	0.00973580563791	0.0175539525896
ene-	0.0	0.983193277311	0.0168067226891	0.0
bdi-	0.480237870767	0.427224599318	0.0526506635725	0.0398868663428
pan-	0.0278041407431	0.962002179338	0.00379626700411	0.00639741291433
diz-	0.00872093023258	0.991279069767	0.0	0.0
rom-	0.0453252858221	0.780453833208	0.139864198247	0.034356682723
aná-	0.0277777777778	0.935185185185	0.0277777777778	0.00925925925926
lad-	0.0564261330622	0.453442765834	0.312772370715	0.177358730389
jez-	0.288	0.688	0.0	0.024
lec-	0.0320056899004	0.955192034139	0.0	0.0128022759602
rik-	0.0381611643592	0.0764675509084	0.855520056798	0.0298512279343
efr-	0.0	1.0	0.0	0.0
baa-	0.15973317601	0.338922542217	0.0212328637501	0.480111418023
nki-	0.347536007182	0.261496331965	0.0936924775992	0.297275183253
lat-	0.365217391304	0.582608695652	0.0347826086956	0.0173913043478
pen-	0.209353217701	0.425838871778	0.117442048954	0.247365861566
pra-	0.164658634538	0.488353413655	0.0971887550201	0.249799196787
ape-	0.0	1.0	0.0	0.0
wal-	0.0401785714286	0.939732142857	0.0133928571429	0.00669642857142
éfe-	0.0317508315694	0.943150892047	0.0133051103719	0.0117931660115
nzi-	0.314695565677	0.606146275064	0.0483744306581	0.0307837286006
zya-	0.635874105945	0.318797263355	0.00738500163091	0.0379436290692
fre-	0.0882352941176	0.823529411765	0.0882352941176	0.0
aja-	0.0482193507721	0.124487866372	0.00850929719508	0.81878348566
xga-	0.185620174722	0.646924365744	0.034686686625	0.132768772909
lab-	0.604001667361	0.269047288222	0.0758186281321	0.0511324162846
ber-	0.072020216201	0.897515091956	0.0116523936544	0.018812298189
xkw-	0.152372341342	0.704210798243	0.0950228192543	0.0483940411608
ndu-	0.463133640553	0.509216589862	0.0207373271889	0.00691244239631
mig-	0.106552357624	0.840171463564	0.0275566442131	0.0257195345989
car-	0.0234375	0.8359375	0.0	0.140625
bas-	0.0268476774227	0.968593283015	0.00455903956233	0.0
zii-	0.743124805426	0.251701131525	0.00323378940568	0.00194027364341
yex-	0.262626262626	0.586724386724	0.117748917749	0.0329004329004
lii-	0.0245368230148	0.874826642011	0.0615909818286	0.0390455531453
yuu-	0.0222364217252	0.88089456869	0.0161022364217	0.0807667731629
teo-	0.0	1.0	0.0	0.0
pól-	0.192307692308	0.705128205128	0.0769230769231	0.025641025641
oné-	0.190869086909	0.498899889989	0.085808580858	0.224422442244
pun-	0.0687022900763	0.786259541985	0.137404580153	0.00763358778628
yar-	0.8	0.166666666667	0.0333333333333	0.0
bax-	0.62	0.34	0.0	0.04
gor-	0.117922408896	0.104548168643	0.00626054171911	0.771268880743
nxe-	0.559675141243	0.349223163842	0.0826271186441	0.00847457627116
kee-	0.614016226503	0.151333845281	0.0354913024607	0.199158625755
zon-	0.547619047619	0.185714285714	0.159523809524	0.107142857143
lus-	0.0	0.778626481872	0.192340925587	0.0290325925414
cai-	0.0160523186682	0.983947681332	0.0	0.0
sod-	0.0186783862535	0.976652017183	0.0	0.00466959656337
miy-	0.138714354761	0.556790720155	0.0338327694539	0.270662155631
kun-	0.627586206897	0.186206896552	0.0620689655173	0.124137931034
dex-	0.577730393954	0.289349215015	0.0782928712748	0.054627519756
ndr-	0.0102189781022	0.983941605839	0.0	0.0058394160584
bna-	0.622193713919	0.237331622835	0.0558050032072	0.0846696600385
kan-	0.315260669933	0.438904651967	0.0508433092925	0.194991368807
zab-	0.0	0.973333333333	0.0266666666667	0.0
xob-	0.314489311164	0.581472684086	0.0641330166271	0.0399049881235
óni-	0.0	0.846153846154	0.153846153846	0.0
sey-	0.216797369087	0.777131292689	0.0	0.00607133822415
xme-	0.3	0.625882352941	0.0458823529412	0.0282352941176
daw-	0.696273608984	0.21235324145	0.0533435426238	0.0380296069423
jes-	0.012529733713	0.717200903774	0.0039170285117	0.266352334002
zla-	0.139018268572	0.440721804138	0.126518501352	0.293741425938
bzh-	0.290611028316	0.569299552906	0.0625931445604	0.0774962742176
met-	0.121985815603	0.780141843972	0.0170212765957	0.0808510638298
mna-	0.809579100969	0.117616665626	0.0176865031824	0.0551177302226
nef-	0.0	1.0	0.0	0.0
ces-	0.0129032258065	0.975268817204	0.00752688172043	0.00430107526882
xbr-	0.073147201942	0.918330793948	0.00852200410975	0.0
mki-	0.652068732956	0.234964665865	0.0398058821804	0.0731607189984
ken-	0.749707875672	0.187426968918	0.0186959569993	0.0441691984108
azu-	0.0301507537688	0.964824120603	0.00502512562815	0.0
msi-	0.353846153846	0.638461538462	0.0	0.00769230769232
bla-	0.381584776254	0.437767885416	0.0957343623902	0.0849129759394
bka-	0.517605457942	0.324359960444	0.105702670036	0.0523319115781
xde-	0.171867211644	0.764729339049	0.0191406639418	0.0442627853654
nit-	0.113864701942	0.564634963161	0.277294038848	0.0442062960483
stu-	0.0521468484091	0.152402420219	0.27202096107	0.523429770302
ngd-	0.534161490683	0.283229813665	0.0596273291925	0.12298136646
nya-	0.549358831754	0.179878643287	0.0802394468513	0.190523078108
tró-	0.0629770992366	0.910305343511	0.0229007633588	0.00381679389313
kin-	0.550632911392	0.363924050633	0.0569620253165	0.0284810126582
sol-	0.0977045433915	0.827056379917	0.0380493691365	0.0371897075549
gok-	0.475735084213	0.311047673423	0.150727947474	0.0624892948901
mad-	0.067175448514	0.463238263109	0.204233790689	0.265352497688
par-	0.217363799691	0.284148131279	0.143285508237	0.355202560793
seb-	0.55740493025	0.367953372826	0.0409325434741	0.0337091534492
ala-	0.0384615384615	0.58547008547	0.376068376068	0.0
jul-	0.167741935484	0.767741935484	0.0	0.0645161290322
nah-	0.0	1.0	0.0	0.0
duu-	0.392307692308	0.469230769231	0.0461538461539	0.0923076923076
zeu-	0.0375	0.9625	0.0	0.0
zhi-	0.398677764196	0.445462483513	0.0324137252923	0.123446026999
feb-	0.0645161290323	0.935483870968	0.0	0.0
xmi-	0.136803766545	0.750377542862	0.0605549139795	0.0522637766131
tre-	0.0184049079755	0.360736196319	0.422085889571	0.198773006135
yen-	0.639261532573	0.167168455416	0.0532660742271	0.140303937784
gay-	0.0926560946931	0.388579103751	0.0454260853628	0.473338716193
bwi-	0.617603648335	0.246026085667	0.0605023011119	0.0758679648864
mza-	0.68747016907	0.126003657834	0.0282321020419	0.158294071054
lot-	0.134091832588	0.747054043072	0.106663957741	0.012190166599
gob-	0.313463838358	0.636180524958	0.0428022911815	0.00755334550261
dan-	0.0393347092388	0.881024644895	0.0495325968192	0.030108049047
lug-	0.38720103426	0.515837104072	0.0465416936006	0.0504201680672
bza-	0.0970465366229	0.818104005875	0.0383274244612	0.0465220330411
tye-	0.0996460658862	0.727742989382	0.111080860332	0.0615300843997
xky-	0.342539747283	0.557771954206	0.021476268464	0.078212030047
ser-	0.0	1.0	0.0	0.0
kag-	0.578140687374	0.369344469017	0.0410570595493	0.0114577840603
ndi-	0.372594680721	0.432528496139	0.116844384524	0.0780324386159
cri-	0.207592592593	0.72462962963	0.0188888888889	0.0488888888889
zoz-	0.292452830189	0.292452830189	0.0283018867924	0.38679245283
ted-	0.501445086705	0.272027808155	0.0581940321825	0.168333072957
elm-	0.0	1.0	0.0	0.0
jef-	0.0	1.0	0.0	0.0
jwa-	0.14066142023	0.720356096097	0.0988870554569	0.0400954282154
ran-	0.175438596491	0.59649122807	0.210526315789	0.0175438596491
twa-	0.030303030303	0.969696969697	0.0	0.0
xal-	0.698978442347	0.116127330076	0.164350424513	0.0205438030641
ech-	0.216931216931	0.481481481482	0.063492063492	0.238095238095
zel-	0.459661102681	0.309559939302	0.0417298937785	0.189049064239
nac-	0.268629410367	0.425888076663	0.248988195622	0.0564943173472
kob-	0.0913520097442	0.88780099316	0.0145226271901	0.00632436990537
xle-	0.199337172966	0.754395186515	0.0319186588943	0.0143489816243
beg-	0.400228050171	0.353477765108	0.246294184721	0.0
kex-	0.261306532663	0.482412060301	0.13567839196	0.120603015075
gre-	0.0	0.967741935484	0.0322580645161	0.0
sos-	0.0	1.0	0.0	0.0
luu-	0.650680423251	0.185347293582	0.058088704974	0.105883578193
nch-	0.356631046057	0.456967264983	0.141880721656	0.0445209673037
gap-	0.216426193119	0.703662597114	0.0532741398446	0.0266370699223
yii-	0.610415500001	0.257176135341	0.0699420949035	0.0624662697545
bos-	0.0341083721686	0.947900398556	0.0138682392334	0.00412299004235
cef-	0.169014084507	0.746478873239	0.0	0.0845070422535
nol-	0.254347826087	0.645652173913	0.0478260869565	0.0521739130435
lap-	0.0615384615385	0.876923076923	0.0615384615385	0.0
esa-	0.0147058823529	0.838235294118	0.117647058824	0.0294117647059
byo-	0.129239230064	0.771769019248	0.0797433547204	0.019248395967
loy-	0.196927129061	0.207199297629	0.051097453907	0.544776119403
laz-	0.152868428581	0.707572123319	0.0708579979315	0.0687014501683
aug-	0.137142857143	0.851428571429	0.0	0.0114285714286
zga-	0.448172558418	0.446375074895	0.0659077291791	0.0395446375075
mos-	0.0439645890657	0.816570676602	0.120827850221	0.0186368841112
yig-	0.696741854637	0.213032581454	0.0551378446115	0.0350877192982
sur-	0.102996053265	0.810270428196	0.0650501389042	0.0216833796347
xbi-	0.0243497509685	0.90979524073	0.0475926950747	0.0182623132264
mis-	0.074074074074	0.925925925926	0.0	0.0
sak-	0.0	0.978417266187	0.0	0.0215827338129
fri-	0.0254777070064	0.917197452229	0.0445859872611	0.0127388535032
reg-	0.09375	0.875	0.03125	0.0
pla-	0.00509683995921	0.931829765545	0.0605249745158	0.00254841997961
bty-	0.265432098765	0.691358024691	0.0432098765432	0.0
mac-	0.031746031746	0.945932539683	0.0223214285714	0.0
bke-	0.581778483525	0.296744739976	0.0396982929734	0.0817784835252
ico-	0.0	0.980456026059	0.0195439739413	0.0
bet-	0.0226385636222	0.969555035129	0.0015612802498	0.00624512099922
law-	0.175438596491	0.785964912281	0.0350877192983	0.00350877192982
bre-	0.791308629868	0.167736394834	0.0128715636651	0.028083411633
sal-	0.0583365421641	0.92664613015	0.00404312668464	0.0109742010012
neá-	0.0	1.0	0.0	0.0
tec-	0.228762673491	0.112314204154	0.129048134659	0.529874987696
gab-	0.25553995538	0.675395191814	0.00517986396043	0.0638849888451
sek-	0.798111768072	0.148292962045	0.0364295250811	0.0171657448026
byi-	0.149546827795	0.675981873112	0.165407854985	0.00906344410878
mbe-	0.629050358069	0.244137072686	0.0310152987637	0.0957972704814
mya-	0.502855419044	0.367218435975	0.0477156908962	0.0822104540849
yan-	0.253153265938	0.507730587462	0.122687865794	0.116428280805
bad-	0.1728	0.7696	0.0288	0.0288
her-	0.0332559292889	0.901669053678	0.0457008310506	0.0193741859829
mse-	0.424319451777	0.509906974956	0.0349948568435	0.030778716424
jan-	0.0124688279302	0.98753117207	0.0	0.0
yee-	0.136340153919	0.706429599811	0.133447327774	0.0237829184963
lic-	0.0708661417323	0.850393700787	0.0629921259842	0.0157480314961
guz-	0.699137720069	0.258396072956	0.0166985763024	0.0257676306736
est-	0.0470219435737	0.758620689655	0.194357366771	0.0
bde-	0.546809668094	0.362281528525	0.0637718471475	0.027136956233
dám-	0.0	1.0	0.0	0.0
bli-	0.420323325635	0.531177829099	0.027713625866	0.0207852193995
nee-	0.160544515041	0.16192349522	0.0213611835293	0.656170806209
yéy-	0.138053097345	0.628318584071	0.106194690265	0.127433628319
mxi-	0.646313364055	0.266129032258	0.0529953917051	0.0345622119816
tab-	0.0404685835996	0.879659211928	0.0447284345048	0.0351437699681
lok-	0.152195080944	0.283044273015	0.0106854140234	0.554075232017
naz-	0.0880978853143	0.20149602477	0.0607669705403	0.649639119376
gal-	0.14106718803	0.669112789473	0.0273180138197	0.162502008678
see-	0.366262753237	0.22154679357	0.0599048829393	0.352285570254
yon-	0.096349925411	0.131523122613	0.476343629819	0.295783322156
kre-	0.843497922268	0.112625274994	0.0278660474212	0.0160107553165
kar-	0.244292774771	0.680983760885	0.0403624382208	0.0343610261238
sel-	0.549881523104	0.282518355146	0.124083051545	0.0435170702049
kay-	0.55412177536	0.32410970494	0.0433827274626	0.0783857922373
neb-	0.0934110365617	0.0786482972139	0.0619203454504	0.766020320774
bii-	0.622861797448	0.234591365734	0.0594623947868	0.0830844420309
rix-	0.46511627907	0.372093023256	0.139534883721	0.0232558139535
yin-	0.228571428571	0.771428571429	0.0	0.0
xre-	0.0451388888889	0.940606725146	0.00822368421053	0.00603070175438
gak-	0.643915084172	0.0618955824276	0.0277613939127	0.266427939488
mba-	0.320281448431	0.494390489947	0.0565091182717	0.128818943351
agr-	0.0147347740668	0.97347740668	0.00294695481336	0.00884086444008
ngr-	0.447513812155	0.527624309392	0.0	0.024861878453
max-	0.0471271393643	0.829003667482	0.091228606357	0.0326405867971
mir-	0.0433070866142	0.944881889764	0.0118110236221	0.0
mku-	0.833935018051	0.166064981949	0.0	0.0
xda-	0.030303030303	0.929292929293	0.0	0.040404040404
nlu-	0.296931656846	0.485842524299	0.0780288198202	0.139196999035
lew-	0.711629695866	0.25522204278	0.0105792323469	0.0225690290067
lob-	0.0256913416424	0.940053536168	0.0256913416424	0.00856378054746
luk-	0.0131578947368	0.973684210526	0.0	0.0131578947368
dop-	0.397171145686	0.404243281471	0.154455445545	0.0441301272984
kop-	0.309611829944	0.650184842884	0.029112754159	0.0110905730129
kak-	0.678295957874	0.189178141488	0.0539569738313	0.078568926807
nel-	0.153711780113	0.024266481153	0.00747926812682	0.814542470607
one-	0.0851063829787	0.86170212766	0.0531914893617	0.0
naí-	0.0357142857143	0.892857142857	0.0	0.0714285714286
niz-	0.172379032258	0.755040322581	0.0725806451612	0.0
sto-	0.35223880597	0.513432835821	0.0238805970149	0.110447761194
gog-	0.147058823529	0.823529411765	0.0294117647059	0.0
saf-	0.0439330543933	0.851464435147	0.092050209205	0.0125523012552
mgu-	0.319083969466	0.564885496183	0.0893129770992	0.0267175572519
sil-	0.0789066529139	0.890923156266	0.00850954100051	0.0216606498195
evo-	0.0851063829787	0.914893617021	0.0	0.0
lal-	0.169518442011	0.316063475385	0.299585666695	0.214832415909
ngi-	0.494978479197	0.382472501196	0.0824964131995	0.0400526064084
nis-	0.062334868647	0.890598261491	0.00932256059664	0.037744309265
yad-	0.843137254902	0.0882352941176	0.0686274509804	0.0
nic-	0.0222222222222	0.977777777778	0.0	0.0
gus-	0.22480620155	0.542635658915	0.077519379845	0.15503875969
yeb-	0.730158730159	0.15873015873	0.111111111111	0.0
nra-	0.537136066548	0.395127748069	0.048128342246	0.0196078431373
dya-	0.0703125	0.799479166667	0.0989583333334	0.03125
tik-	0.209140960857	0.467632048671	0.145486084923	0.177740905548
xng-	0.0742898761836	0.899854333576	0.0176620538966	0.00819373634377
wel-	0.136867761899	0.289575092423	0.0220283362496	0.551528809428
egi-	0.0173150919196	0.888841385207	0.0778110303549	0.0160324925182
rex-	0.647058823529	0.239862935465	0.0	0.113078241005
sau-	0.0314500730091	0.90778389307	0.00539144108727	0.0553745928339
sín-	0.0727272727273	0.927272727273	0.0	0.0
mta-	0.656735489946	0.154953258457	0.124756204183	0.0635550474141
esm-	0.0194174757282	0.834951456311	0.145631067961	0.0
pri-	0.0642115203021	0.91029272899	0.0	0.0254957507082
bxo-	0.786941580756	0.13058419244	0.0721649484536	0.0103092783505
tro-	0.171344165436	0.824224519941	0.00295420974889	0.00147710487444
xmo-	0.0650257873694	0.891388356297	0.0248584295715	0.0187274267624
bit-	0.460448642267	0.42266824085	0.0301905886322	0.086692528251
gol-	0.162700910062	0.727978560165	0.077323414817	0.0319971149563
tex-	0.77358490566	0.0	0.0	0.22641509434
ela-	0.0	1.0	0.0	0.0
yud-	0.48642828397	0.319671710036	0.073304391756	0.120595614238
fin-	0.0456096188468	0.945702834706	0.008687546447	0.0
jam-	0.133333333333	0.866666666667	0.0	0.0
sba-	0.167204784012	0.150923398298	0.0998141522106	0.582057665479
xko-	0.202758215962	0.700410798122	0.0580985915493	0.0387323943661
sew-	0.730290456432	0.207468879668	0.045643153527	0.0165975103734
zey-	0.214545454545	0.167272727273	0.250909090909	0.367272727273
had-	0.0496277915633	0.854425144748	0.0794044665012	0.0165425971878
kad-	0.305391606328	0.25226913086	0.0620973318993	0.380241930912
cap-	0.0144927536232	0.979296066253	0.00207039337474	0.00414078674948
fen-	0.0322878228782	0.824723247232	0.0184501845018	0.124538745387
yek-	0.175534162965	0.384156647617	0.0369986544396	0.403310534979
ras-	0.475561426684	0.326287978864	0.114927344782	0.0832232496697
zxa-	0.956518348087	0.0434816519128	0.0	0.0
gul-	0.716171617162	0.224422442244	0.029702970297	0.029702970297
tir-	0.190307846338	0.164756347126	0.219281864119	0.425653942416
man-	0.0114383061572	0.976601884365	0.00559746897055	0.00636234050691
men-	0.0	1.0	0.0	0.0
rob-	0.528548358552	0.290361472436	0.129745155296	0.0513450137156
fle-	0.0	1.0	0.0	0.0
tap-	0.0641390854894	0.0458038432547	0.0300333813006	0.860023689955
muu-	0.268513585509	0.0799147575919	0.628129994672	0.023441662227
bye-	0.385217645124	0.347999423603	0.206549490665	0.0602334406071
nse-	0.294877672202	0.63176745632	0.0405861851026	0.0327686863752
yic-	0.200515807825	0.689538445861	0.0977796186475	0.0121661276658
xoo-	0.0714285714286	0.928571428571	0.0	0.0
skw-	0.0	1.0	0.0	0.0
mar-	0.0197480530649	0.965679794875	0.00119443869344	0.0133777133666
kos-	0.103703703704	0.735802469136	0.0938271604938	0.0666666666666
and-	0.0	0.968253968254	0.031746031746	0.0
laa-	0.556853752913	0.160744322168	0.0277574541587	0.25464447076
mag-	0.0167814113597	0.98321858864	0.0	0.0
dmi-	0.00460122699387	0.906441717791	0.0529141104295	0.0360429447852
xbe-	0.0468749999999	0.3671875	0.2578125	0.328125
job-	0.0	1.0	0.0	0.0
elí-	0.0192719486081	0.955032119914	0.0128479657388	0.0128479657387
aqu-	0.0142642642643	0.972222222222	0.0	0.0135135135135
yis-	0.325198637911	0.423382519864	0.132803632236	0.118615209989
dru-	0.0	1.0	0.0	0.0
yil-	0.175191444215	0.317442808589	0.215015658873	0.292350088324
sye-	0.0364985606795	0.212084159042	0.713757297221	0.0376599830578
leb-	0.0673261008296	0.89629865986	0.0363752393108	0.0
mon-	0.439516129032	0.492741935484	0.0193548387097	0.0483870967742
xla-	0.163882157888	0.440577914625	0.224643358172	0.170896569315
alo-	0.0555555555555	0.847222222222	0.0277777777778	0.0694444444444
ram-	0.0596186525288	0.845105606109	0.00684616105594	0.0884295803059
mye-	0.0744761132738	0.721665744153	0.0648956747765	0.138962467796
yaw-	0.596330275229	0.091743119266	0.128440366972	0.183486238532
zek-	0.66969535008	0.234099412079	0.0844468198824	0.0117584179583
bec-	0.0859277708593	0.719800747198	0.194271481943	0.0
las-	0.0190812720848	0.802826855124	0.0296819787986	0.148409893993
bra-	0.310344827586	0.672413793103	0.0172413793103	0.0
eti-	0.0975609756097	0.823966065748	0.0625662778367	0.0159066808059
bki-	0.44235924933	0.517426273458	0.0	0.0402144772118
esp-	0.0235266439243	0.971179861193	0.00352899658864	0.00176449829432
bes-	0.387053525889	0.445650748313	0.0973462934088	0.0699494323895
bto-	0.70432728552	0.236216515052	0.0525958687239	0.00686033070313
tíq-	0.0078125	0.9921875	0.0	0.0
yey-	0.179913009094	0.784499802293	0.0320284697509	0.00355871886121
arf-	0.0	1.0	0.0	0.0
cle-	0.131313131313	0.858585858586	0.010101010101	0.0
ble-	0.509904150134	0.316275922977	0.0575942629402	0.116225663949
yax-	0.567028985507	0.313405797101	0.0434782608696	0.0760869565217
ema-	0.00947867298577	0.971563981043	0.0189573459715	0.0
msa-	0.782112274025	0.123374563907	0.0399619410085	0.0545512210593
zeb-	0.154037267081	0.831055900621	0.00993788819876	0.00496894409938
pis-	0.0140077821012	0.698832684825	0.24046692607	0.0466926070039
amó-	0.0	1.0	0.0	0.0
zol-	0.854632452972	0.0984097199418	0.0	0.0469578270864
ten-	0.825552825553	0.120393120393	0.029484029484	0.02457002457
yep-	0.56	0.306666666667	0.133333333333	0.0
his-	0.0344827586207	0.896551724138	0.0689655172414	0.0
anf-	0.0384615384615	0.961538461538	0.0	0.0
apo-	0.0589588124608	0.836086138407	0.0075266569099	0.0974283922225
fan-	0.0	1.0	0.0	0.0
zyi-	0.478935698448	0.280487804878	0.059866962306	0.180709534368
yas-	0.376505576208	0.493828996282	0.0797026022306	0.0499628252788
bdu-	0.669398907104	0.330601092896	0.0	0.0
bak-	0.0877192982456	0.80701754386	0.0526315789474	0.0526315789474
quí-	0.0	0.967213114754	0.0327868852459	0.0
heb-	0.0	0.954311821816	0.0342661336379	0.011422044546
nín-	0.286422597816	0.713577402184	0.0	0.0
yit-	0.728823415391	0.271176584609	0.0	0.0
fir-	0.309090909091	0.463636363636	0.127272727273	0.1
tig-	0.0	0.843137254902	0.156862745098	0.0
xop-	0.0229007633588	0.0421856167135	0.3302531137	0.604660506227
arm-	0.0	1.0	0.0	0.0
rub-	0.657378087397	0.328689043699	0.00759974667511	0.00633312222926
zob-	0.555661156412	0.300933769453	0.0627229670046	0.0806821071298
chu-	0.159431211604	0.430169782375	0.282073327618	0.128325678402
dix-	0.360701787179	0.53968451769	0.0468602344829	0.0527534606478
xek-	0.39620758483	0.313872255489	0.204590818363	0.0853293413173
nre-	0.500294835181	0.376394686029	0.0553249546185	0.0679855241707
jwy-	0.0659340659341	0.802197802198	0.10989010989	0.021978021978
lep-	0.708133971292	0.105263157895	0.0430622009569	0.143540669856
reb-	0.200822453787	0.570407633649	0.123368068032	0.105401844532
yix-	0.256116962562	0.583742108251	0.0678275854243	0.0923133437624
gwl-	0.109951878721	0.179919087695	0.221886153767	0.488242879818
dav-	0.00942203837757	0.978513156383	0.00206825232678	0.00999655291278
pát-	0.295238095238	0.542857142857	0.0	0.161904761905
bzi-	0.610580985189	0.294531429274	0.00825109439447	0.0866364911417
jop-	0.0116354234001	0.984486102133	0.0	0.00387847446671
mxe-	0.546192609183	0.303471444569	0.114781634938	0.0355543113102
tan-	0.31603919416	0.264920217297	0.127892083562	0.291148504981
loo-	0.136094674556	0.822485207101	0.0355029585799	0.00591715976331
ley-	0.0561246504838	0.897389434778	0.0154567113761	0.0310292033618
bar-	0.354702930475	0.457979417022	0.0244278231849	0.162889829318
bil-	0.159066808059	0.760339342524	0.0445387062566	0.0360551431601
bsi-	0.583011583012	0.401544401544	0.00772200772201	0.007722007722
aga-	0.0883977900552	0.90423572744	0.0073664825046	0.0
ama-	0.0	1.0	0.0	0.0
mzi-	0.728005781446	0.219433456316	0.033733026511	0.0188277357271
xkr-	0.228310502283	0.715551974214	0.0107440236369	0.0453934998657
rem-	0.187619530854	0.796065727333	0.0163147418133	0.0
caí-	0.0	0.987096774194	0.0129032258064	0.0
nik-	0.0658376269258	0.179051080127	0.0114023335521	0.743708959395
rop-	0.0797147798072	0.0849975126146	0.0518797526828	0.783407954895
mdo-	0.373992108423	0.49802710585	0.00772002058672	0.12026076514
ngu-	0.607572348899	0.144790572481	0.0983146611336	0.149322417487
sii-	0.251366120219	0.748633879781	0.0	0.0
zch-	0.444261869757	0.272247686586	0.152209634178	0.131280809478
bel-	0.244806893368	0.711801815664	0.0249269118326	0.0184643791352
boa-	0.0222222222222	0.955555555556	0.0222222222222	0.0
nxa-	0.661018823074	0.195251388927	0.0713120871223	0.0724177008762
xsp-	0.52725280745	0.397425362914	0.0602574637085	0.0150643659271
mri-	0.495625942685	0.219607843137	0.206938159879	0.0778280542986
ren-	0.112599040286	0.845999330432	0.0100435219284	0.0313581073541
ant-	0.0288065843622	0.950068587106	0.0	0.0211248285322
yaa-	0.278247140955	0.652080345814	0.0165722894794	0.0531002237514
zet-	0.189075630252	0.346638655462	0.114495798319	0.349789915966
nak-	0.628832829972	0.0786701319328	0.0365701732922	0.255926864803
xto-	0.167832167832	0.519813519814	0.153846153846	0.158508158508
