jer-	0.0173052902437	0.946399466908	0.00710789050848	0.0291873523396
toz-	0.0769314456924	0.138143761256	0.124263398498	0.660661394554
nxo-	0.31746031746	0.548794826573	0.0455614344503	0.0881834215168
so'-	0.452317745559	0.249540535021	0.0929140289973	0.205227690423
xom-	0.0706013363029	0.845434298441	0.0796213808463	0.0043429844098
šiž-	0.0553972636574	0.0689643005214	0.0229351728518	0.852703262969
fig-	0.0	1.0	0.0	0.0
del-	0.213787761425	0.749695695474	0.0298771716277	0.00663937147285
šla-	0.240138338112	0.0579253736143	0.0167282244877	0.685208063786
rne-	0.155185465556	0.822104466313	0.0227100681302	0.0
cho-	0.333999774499	0.281311688509	0.0541348951931	0.330553641799
maa-	0.0	1.0	0.0	0.0
xto-	0.175853698265	0.552420606266	0.071679266045	0.200046429424
jac-	0.0441740215744	0.920522421325	0.0177409289471	0.0175626281537
nzo-	0.454545454546	0.363147605083	0.0865102639296	0.0957966764418
fal-	0.18947368421	0.378947368421	0.305263157895	0.126315789474
man-	0.520683011598	0.254769370254	0.00828737108535	0.216260247063
ṉal-	0.532254117753	0.171825982817	0.0243698740707	0.271550025359
júp-	0.0892857142857	0.885204081633	0.0255102040816	0.0
abí-	0.0	1.0	0.0	0.0
lc̱-	0.0963922186251	0.12809519643	0.748534429959	0.0269781549859
xda-	0.262352757219	0.392082768686	0.263733972688	0.0818305014073
mah-	0.0	1.0	0.0	0.0
bžo-	0.615709756957	0.154984149348	0.142655864741	0.0866502289539
vas-	0.0348412786196	0.958522287358	0.0	0.00663643402278
žin-	0.231293061198	0.260726927647	0.0419666258103	0.466013385345
eno-	0.0220183486238	0.977981651376	0.0	0.0
no'-	0.0504003870849	0.552814222571	0.0229388272011	0.373846563143
ḻeb-	0.260322770498	0.255986122727	0.0518848929777	0.431806213797
lis-	0.113239822101	0.833390352378	0.0431063975367	0.010263427985
san-	0.0564435170616	0.0433362163007	0.0203224137404	0.879897852897
beḻ-	0.110621941136	0.764710483384	0.0339352358817	0.0907323395982
šej-	0.537032452915	0.251579571196	0.0767974889833	0.134590486906
liž-	0.133914214197	0.71462973161	0.0152885347401	0.136167519453
yaz-	0.2	0.533333333334	0.0866666666666	0.18
boš-	0.745844269466	0.0979877515311	0.150043744532	0.00612423447069
gwp-	0.421564653425	0.468990676936	0.109444669639	0.0
lac-	0.2762384076	0.648693734449	0.0113567820252	0.0637110759255
bte-	0.750677506775	0.119241192412	0.0650406504065	0.0650406504065
euf-	0.0	0.96261682243	0.0373831775701	0.0
der-	0.0702781844802	0.92972181552	0.0	0.0
gws-	0.547820536809	0.250858742253	0.0395485217722	0.161772199166
lož-	0.503649635036	0.204379562044	0.0875912408759	0.204379562044
ye'-	0.526007052115	0.264382682974	0.0403204629476	0.169289801963
pró-	0.0	1.0	0.0	0.0
neg-	0.0778658976208	0.864455659697	0.0230713770728	0.0346070656092
zin-	0.0	1.0	0.0	0.0
ḻel-	0.638613861386	0.207920792079	0.123762376238	0.0297029702971
zoe-	0.261208052032	0.186197500472	0.0254650191517	0.527129428344
dis-	0.144172124376	0.373898779948	0.00640318003856	0.475525915638
tib-	0.0355731225296	0.95256916996	0.0118577075099	0.0
gan-	0.12865197599	0.0478338551833	0.00705995852794	0.816454210298
šo'-	0.517826013573	0.233737551232	0.0846920184484	0.163744416746
mbi-	0.504708097929	0.291902071563	0.0326428123038	0.170747018205
jež-	0.371959942775	0.456366237482	0.124463519313	0.0472103004292
chd-	0.389395600676	0.413376639128	0.0779241275073	0.119303632689
sen-	0.37134605392	0.422256594927	0.0439863207376	0.162411030416
ṉao-	0.408124704771	0.211620217289	0.00708549834673	0.373169579594
bay-	0.0150300601203	0.96993987976	0.0150300601202	0.0
zon-	0.219110013926	0.150957927164	0.0199392328143	0.609992826096
spe-	0.0	0.973509933775	0.00993377483443	0.0165562913907
xse-	0.411764705883	0.331932773109	0.205882352941	0.0504201680672
paf-	0.0432401268377	0.933698472182	0.0230614009801	0.0
za'-	0.340926068642	0.100823017589	0.0459690138103	0.512281899959
abr-	0.0516576586362	0.923543822981	0.0179060935025	0.00689242487993
riz-	0.247549019608	0.496323529412	0.216911764706	0.0392156862745
zaq-	0.176041942233	0.265145138405	0.310285947909	0.248526971453
nor-	0.0425531914894	0.744680851064	0.191489361702	0.0212765957447
nen-	0.296806376403	0.592365667191	0.0926096622025	0.0182182942038
ya'-	0.118302408296	0.66951313005	0.0872984184775	0.124886043177
zac-	0.185526155119	0.341293012318	0.258174598909	0.215006233653
tot-	0.159663865546	0.403361344538	0.36974789916	0.0672268907563
her-	0.0279635924992	0.884471981577	0.0518697225573	0.0356947033666
lax-	0.206827775898	0.607719122773	0.0954653095445	0.0899877917837
ša'-	0.62445561139	0.195477386935	0.0202680067002	0.159798994975
yoz-	0.486540292565	0.278672206353	0.132389855449	0.102397645633
cum-	0.0408163265306	0.795918367347	0.0	0.163265306122
biž-	0.0848563968669	0.681343460717	0.0741751720863	0.15962497033
gwn-	0.385798883345	0.303890553911	0.0308991166802	0.279411446064
jat-	0.577282667576	0.298778163433	0.0523142667978	0.0716249021929
šje-	0.466792630549	0.391382814236	0.0452275156393	0.0965970395754
bod-	0.555066079295	0.392070484581	0.0	0.0528634361233
per-	0.0583460369732	0.0330495790897	0.00859108869849	0.900013295239
ja'-	0.747501239916	0.0470989372029	0.0160784970944	0.189321325787
urí-	0.0	1.0	0.0	0.0
bzo-	0.406228853235	0.462947278603	0.0245302029204	0.106293665241
tag-	0.0350877192982	0.964912280702	0.0	0.0
laž-	0.249690554393	0.381951277022	0.128987914276	0.239370254309
pat-	0.0493601462523	0.873857404022	0.0	0.0767824497258
toe-	0.0862033204951	0.119500808904	0.0335527638351	0.760743106766
žo'-	0.386187228037	0.0589497824297	0.0463071856992	0.508555803834
zgu-	0.0330503463731	0.119331926915	0.175369184837	0.672248541875
diž-	0.283627258703	0.322451853539	0.0225465630307	0.371374324727
yo'-	0.19824777678	0.435607923054	0.0672635413226	0.298880758843
jor-	0.00470219435738	0.951410658307	0.0109717868338	0.0329153605016
naí-	0.0357142857143	0.892857142857	0.0	0.0714285714286
nye-	0.254654368469	0.48020829788	0.119805316361	0.14533201729
cbi-	0.173484174212	0.147592111748	0.0307468241767	0.648176889863
gen-	0.192789968652	0.761755485894	0.0141065830721	0.0313479623824
bxo-	0.198183319571	0.618084227911	0.158959537572	0.0247729149463
bi'-	0.153238666565	0.598257616027	0.0715730468939	0.176930670514
ḻe'-	0.044725637823	0.0379666627303	0.00257322927119	0.914734470176
jam-	0.054945054945	0.923076923077	0.010989010989	0.010989010989
bex-	0.622336920712	0.275220502387	0.0446495659311	0.0577930109702
ḻal-	0.710962284103	0.125132181882	0.079309129362	0.0845964046528
x̱o-	0.155789580596	0.468111443317	0.0559660515574	0.32013292453
bej-	0.0446411574339	0.888730249381	0.0119931467733	0.0546354464116
boc-	0.400791073163	0.411648491279	0.0809649546247	0.106595480934
ṉio-	0.180327868852	0.0983606557377	0.639344262295	0.0819672131148
bac-	0.521280822718	0.105987300845	0.0292158466752	0.343516029761
por-	0.2	0.8	0.0	0.0
izg-	0.48085106383	0.391489361702	0.102127659574	0.0255319148936
bož-	0.578064478122	0.219281579994	0.0306337354011	0.172020206483
bšo-	0.647058823529	0.306429548564	0.0300957592339	0.016415868673
alf-	0.0	1.0	0.0	0.0
pas-	0.0091176172627	0.930098267653	0.00759801438561	0.0531861006991
gwg-	0.384917304688	0.564923243774	0.019883025835	0.0302764257033
big-	0.260869565217	0.217391304348	0.434782608696	0.0869565217391
hor-	0.171606978343	0.595440387231	0.0188643376278	0.214088296799
biš-	0.0604710622896	0.831555306008	0.032872943741	0.0751006879616
gap-	0.244714905188	0.433922289471	0.208895723743	0.112467081598
yod-	0.0753631061146	0.866065352402	0.010985617756	0.047585923727
šḻa-	0.154653996769	0.423665689953	0.0835912040967	0.338089109182
xma-	0.101364204576	0.619435838904	0.182999076037	0.0962008804826
chṉ-	0.473617044993	0.308060678332	0.051222902968	0.167099373707
ped-	0.0239844548012	0.930686811464	0.00401169579949	0.0413170379349
lin-	0.107171439507	0.841678555273	0.0511500052194	0.0
che-	0.333944113257	0.327426284716	0.0742368161319	0.264392785895
epa-	0.0	1.0	0.0	0.0
oro-	0.0352391295294	0.673051356226	0.282723536215	0.00898597803001
asi-	0.00306853051483	0.980906921241	0.0	0.0160245482441
dia-	0.0654229218719	0.86602222507	0.0152230935056	0.0533317595527
nan-	0.273022894854	0.133717457056	0.0382048536031	0.555054794487
gax-	0.434570067686	0.236400100276	0.0482577086989	0.280772123339
uva-	0.0405602654433	0.920447799377	0.0117624769785	0.0272294582009
mpe-	0.32047089601	0.0156965336821	0.572269457162	0.0915631131458
šti-	0.270491803279	0.254098360656	0.172131147541	0.303278688525
zix-	0.13101072347	0.522538696686	0.294046290456	0.0524042893882
dao-	0.188623739333	0.12701939488	0.178941815361	0.505415050427
boḻ-	0.524390243902	0.0863039399625	0.0356472795497	0.353658536585
tol-	0.0698706099815	0.173633057063	0.100769184903	0.655727148053
šon-	0.425797395305	0.4153474226	0.0622319270062	0.0966232550886
ita-	0.0	0.982456140351	0.0175438596491	0.0
sio-	0.111524163569	0.888475836431	0.0	0.0
cue-	0.270175758584	0.521252003647	0.0685561807769	0.140016056992
gaḻ-	0.187660005349	0.201721370983	0.0444193955141	0.566199228153
lao-	0.0769359390966	0.132906821005	0.00652416007388	0.783633079824
mir-	0.0293083235639	0.935521688159	0.0281359906213	0.00703399765533
isa-	0.00408305230843	0.993194912819	0.00181468991486	0.00090734495743
joe-	0.0	1.0	0.0	0.0
eut-	0.117302052786	0.882697947214	0.0	0.0
pud-	0.0	1.0	0.0	0.0
dio-	0.10877876532	0.598454496707	0.00765407208771	0.285112665885
bab-	0.028296410951	0.438787849473	0.0157202283061	0.51719551127
ṉab-	0.324800174812	0.510229050594	0.044685925167	0.120284849428
bga-	0.650498972703	0.245670678016	0.068608746698	0.0352216025829
se'-	0.403433476395	0.353361945637	0.0758226037196	0.167381974249
šan-	0.503664921466	0.233856893543	0.113089005236	0.149389179756
siy-	0.562488038277	0.278086124402	0.0970334928229	0.0623923444976
bgü-	0.505617977528	0.426966292135	0.0112359550562	0.0561797752809
láz-	0.0945229681979	0.770023557126	0.0833333333334	0.0521201413427
ne'-	0.146267181927	0.426646453298	0.109301082182	0.317785282592
cac-	0.173540439207	0.245848955544	0.0803427959293	0.50026780932
asó-	0.141722473135	0.498520479676	0.0	0.359757047189
moi-	0.101807679846	0.843168690717	0.0166746734892	0.0383489559476
ḻoe-	0.760869565217	0.195652173913	0.0	0.0434782608696
be'-	0.395672560241	0.361731364349	0.058640636532	0.183955438878
jud-	0.0237849752906	0.9282184378	0.00447968144487	0.0435169054645
ṉez-	0.49672219275	0.0841581233321	0.0308302344577	0.38828944946
non-	0.197905657989	0.1758048781	0.0368925358628	0.589396928048
tie-	0.150557677062	0.550289782275	0.0340315139485	0.265121026715
dod-	0.188547486034	0.643854748603	0.0837988826815	0.0837988826816
uzí-	0.0	1.0	0.0	0.0
cis-	0.0	0.967741935484	0.0322580645161	0.0
lia-	0.0742102279559	0.849518148867	0.028859533094	0.0474120900829
mal-	0.110602266137	0.374340391156	0.309889376688	0.205167966018
adá-	0.070796460177	0.874631268437	0.0457227138643	0.00884955752212
šcu-	0.0932780574475	0.813443885105	0.0932780574475	0.0
sab-	0.0	1.0	0.0	0.0
rey-	0.0558045241144	0.847838715797	0.0189690330535	0.0773877270356
nyi-	0.105427317104	0.813819844262	0.0493489569425	0.0314038816907
naa-	0.0	0.93850658858	0.0614934114202	0.0
nin-	0.0	1.0	0.0	0.0
chb-	0.384850594697	0.372986458937	0.119402227798	0.122760718568
yox-	0.284805005664	0.55768919575	0.0577161659205	0.0997896326663
box-	0.673381294964	0.221582733813	0.0618705035971	0.0431654676259
xsi-	0.13251783894	0.728848114169	0.138634046891	0.0
ncu-	0.395800933126	0.487558320373	0.0699844479005	0.0466562986003
ži'-	0.346842331376	0.408229509762	0.193804000191	0.0511241586711
yoḻ-	0.427978198806	0.488710096029	0.0109005969375	0.0724111082274
šag-	0.0829197373038	0.341404722515	0.351952674588	0.223722865594
žit-	0.0210584142098	0.805896355979	0.0109869987182	0.162058231093
sir-	0.0485151426051	0.903851808292	0.0441046750956	0.00352837400763
ca'-	0.125322863783	0.0143138185202	0.00771392072505	0.852649396972
sós-	0.0	1.0	0.0	0.0
tch-	0.394736842105	0.292369680181	0.117728531856	0.195164945857
ta'-	0.349375289218	0.539565016196	0.0277649236464	0.0832947709394
esr-	0.0	1.0	0.0	0.0
gwš-	0.543659004423	0.306939254501	0.0941567242793	0.0552450167966
šen-	0.183168316832	0.594059405941	0.0668316831683	0.155940594059
gwḻ-	0.510955025591	0.370891865404	0.0569802896657	0.06117281934
and-	0.00846262341326	0.983074753173	0.00564174894217	0.00282087447109
ALL	0.209642833381	0.264213023722	0.0497783745608	0.476365768336
ana-	0.0602703301573	0.824506979836	0.031907821848	0.0833148681587
zed-	0.435883338255	0.398963528001	0.0675861887128	0.0975669450317
ziž-	0.202230600646	0.289829501133	0.340022658891	0.16791723933
mae-	0.0256384898094	0.938261337758	0.0061394851076	0.0299606873251
cil-	0.0	0.968215158924	0.0317848410758	0.0
yoš-	0.67627836198	0.246698011979	0.0557192188384	0.0213044072029
gaž-	0.00532401620671	0.0543886873794	0.100124521841	0.840162774573
yet-	0.0927389735014	0.307615350944	0.132844751301	0.466800924254
arm-	0.0	1.0	0.0	0.0
bar-	0.0895828269659	0.871511589367	0.00860640342931	0.0302991802373
cal-	0.0416666666667	0.958333333333	0.0	0.0
nex-	0.275229357798	0.412844036697	0.293577981651	0.0183486238532
mor-	0.0	0.0304526748971	0.969547325103	0.0
ḻeg-	0.0329044995178	0.0300003998924	0.00540193436027	0.93169316623
šin-	0.0986040327942	0.37486151119	0.0526257478396	0.473908708176
zor-	0.0	1.0	0.0	0.0
yal-	0.0475357884384	0.791826029942	0.123483772265	0.0371544093541
tel-	0.824137931035	0.155172413793	0.0137931034483	0.00689655172414
sož-	0.342143374366	0.308472121651	0.327661115134	0.0217233888487
fel-	0.003402003402	0.983556983557	0.00170100170101	0.01134001134
xcu-	0.0405858676208	0.0675983899821	0.854919499106	0.0368962432916
lid-	0.015444015444	0.984555984556	0.0	0.0
yed-	0.456296027236	0.37425644959	0.060273737142	0.109173786032
gas-	0.266056278354	0.400830844589	0.263235126952	0.0698777501059
ata-	0.257995735608	0.690831556503	0.0	0.0511727078892
že'-	0.11100680465	0.172109080019	0.0195411229096	0.697342992421
far-	0.0156164295163	0.976639886426	0.00445261833317	0.00329106572452
zye-	0.522580645161	0.0709677419355	0.0	0.406451612903
xba-	0.365703404614	0.257562248752	0.0430715056142	0.33366284102
gox-	0.822467083524	0.135720095572	0.0137257892329	0.028087031671
si'-	0.412393767935	0.320876830266	0.0739514973768	0.192777904423
izz-	0.672064777328	0.0607287449393	0.242914979757	0.0242914979757
xpa-	0.22131147541	0.766393442623	0.0	0.0122950819672
bc̱-	0.498184439083	0.362534215964	0.064793960974	0.0744873839787
gos-	0.539943122114	0.171990869932	0.0450837923561	0.242982215597
tac-	0.272028846568	0.637659765738	0.00985215138474	0.080459236309
mes-	0.148611116619	0.807897460709	0.00999377372034	0.0334976489515
sed-	0.0	0.674008810573	0.325991189427	0.0
arc-	0.150684931507	0.821917808219	0.0	0.0273972602739
med-	0.429071803853	0.46584938704	0.0630472854641	0.0420315236427
bda-	0.234056358917	0.557749351131	0.132554690397	0.0756395995551
adi-	0.0	1.0	0.0	0.0
ḻo'-	0.0212914709415	0.0351253542865	0.00703125633684	0.936551918435
saú-	0.618090452261	0.286432160804	0.0201005025126	0.0753768844221
ami-	0.0	1.0	0.0	0.0
ṉec-	0.0840520859406	0.0823943849182	0.0169147231424	0.816638805999
nec-	0.12579345514	0.111059583675	0.636937430669	0.126209530516
ḻi'-	0.295473277119	0.495783934572	0.110790591517	0.097952196792
gue-	0.559103995335	0.2732595571	0.122811919194	0.0448245283707
zba-	0.0840033601344	0.426577063082	0.432617304692	0.0568022720908
cás-	0.0481927710843	0.879518072289	0.0481927710843	0.0240963855422
naḻ-	0.461682593217	0.439385422522	0.0989319842607	0.0
bta-	0.0619469026548	0.821902654867	0.0	0.116150442478
eub-	0.11320754717	0.88679245283	0.0	0.0
nsi-	0.460636438885	0.321277476317	0.0780603329348	0.140025751862
jai-	0.133226324238	0.813804173355	0.0144462279294	0.0385232744783
gaṉ-	0.182266009852	0.0872624912034	0.0464461646728	0.684025334272
xmo-	0.0695890192955	0.852815391258	0.01805737098	0.059538218467
tal-	0.329876434245	0.430494263019	0.191637246249	0.0479920564872
rov-	0.688473520249	0.0778816199377	0.140186915888	0.0934579439253
güi-	0.429072868182	0.31825259477	0.0711791726766	0.181495364371
ḻse-	0.233104102442	0.414512686744	0.277922693858	0.0744605169552
bin-	0.135614879189	0.393962673987	0.0572486729108	0.413173773913
zoa-	0.36475113987	0.133173507081	0.0413912649833	0.460684088065
laš-	0.113667868034	0.618796784031	0.250901025783	0.0166343221514
rod-	0.030612244898	0.969387755102	0.0	0.0
fru-	0.306826706677	0.533383345836	0.155288822206	0.00450112528133
gwc-	0.528944991216	0.226419187961	0.146758512583	0.09787730824
zaf-	0.0	1.0	0.0	0.0
pue-	0.0904244524896	0.888409743981	0.00852314236083	0.0126426611686
noc-	0.161475116362	0.308091657716	0.0888530850937	0.441580140828
loc-	0.0845410628019	0.693236714976	0.207729468599	0.0144927536232
pon-	0.0675273088381	0.908639523337	0.0	0.0238331678252
zni-	0.115522611678	0.318416591097	0.474983243307	0.091077553917
gól-	0.0	1.0	0.0	0.0
ged-	0.09375	0.90625	0.0	0.0
chi-	0.177003033257	0.112024633215	0.0131383021763	0.697834031351
gwb-	0.204721024418	0.448206819162	0.0592598544742	0.287812301945
pil-	0.044790343075	0.85779330792	0.0416137229987	0.0558026260059
nga-	0.143662204604	0.0405223069807	0.00753341624672	0.808282072169
ben-	0.209768245516	0.109042814549	0.0153355564435	0.665853383492
dió-	0.1	0.9	0.0	0.0
xti-	0.209951485931	0.415063225365	0.0223728621444	0.35261242656
seg-	0.154385964912	0.754385964912	0.0	0.0912280701754
mat-	0.05	0.942682926829	0.00243902439024	0.00487804878049
šeb-	0.363636363636	0.509090909091	0.127272727273	0.0
rso-	0.393640699523	0.420349761526	0.0152623211447	0.170747217806
biḻ-	0.422865973246	0.313686040063	0.20450948832	0.0589384983701
zgo-	0.0928578020426	0.569715255324	0.153019194915	0.184407747718
xṉa-	0.0553119730185	0.694266441821	0.174030354132	0.0763912310286
nar-	0.0366748166259	0.893643031785	0.0696821515892	0.0
gat-	0.415116087557	0.249662856645	0.071621811488	0.26359924431
xoz-	0.142699326043	0.760707416709	0.0356748315107	0.0609184257375
die-	0.314593301435	0.423444976077	0.107655502392	0.154306220096
ḻje-	0.082557678816	0.355512653571	0.100546112242	0.461383555371
cua-	0.211803299667	0.687127163192	0.0766075049712	0.0244620321698
dám-	0.0	1.0	0.0	0.0
ḻez-	0.38320610687	0.259541984733	0.0824427480917	0.274809160305
sat-	0.0656026196496	0.822739271354	0.0952296091687	0.0164284998274
pur-	0.381338742394	0.340770791075	0.0770791075051	0.200811359026
ṉac-	0.358729235763	0.111462051912	0.0582234709358	0.471585241389
sió-	0.014553014553	0.972972972973	0.0	0.012474012474
esl-	0.0	1.0	0.0	0.0
saf-	0.049504950495	0.361386138614	0.0	0.589108910891
gwṉ-	0.523488572899	0.225904316569	0.131183943853	0.119423166679
biṉ-	0.211555359374	0.140108670365	0.0197900710518	0.62854589921
nya-	0.196785413584	0.449066597668	0.223668792151	0.130479196597
xaḻ-	0.284560075686	0.543386944182	0.0877262693157	0.0843267108168
abi-	0.0	0.989010989011	0.0	0.010989010989
chx-	0.244062772267	0.472591525024	0.20424446969	0.0791012330188
xše-	0.0976440954215	0.862349977774	0.0118536079419	0.0281523188621
fle-	0.00538116591928	0.994618834081	0.0	0.0
yež-	0.142301461985	0.664200584695	0.0257089787488	0.16778897457
bix-	0.12729830016	0.0710055612618	0.0233878355495	0.778308303029
goṉ-	0.389573478445	0.204142785072	0.0518252735033	0.35445846298
ban-	0.404589319996	0.429929150059	0.0868837217311	0.0785978082145
šlo-	0.152181407555	0.386677736111	0.257411485487	0.203729370847
adr-	0.125	0.826923076923	0.0480769230769	0.0
žom-	0.0260610573344	0.878681284823	0.0305543430816	0.064703314761
ter-	0.306560239461	0.581192317286	0.0972811174856	0.014966325767
mil-	0.0370752827301	0.234731328614	0.0037324110131	0.724460977643
tra-	0.0	1.0	0.0	0.0
yej-	0.147351418825	0.697114969401	0.0505255319998	0.105008079774
ḻay-	0.102454369669	0.771772068919	0.0963359678743	0.0294375935386
šoṉ-	0.0453800855182	0.0906005594805	0.00831660212199	0.855702752879
arq-	0.00952380952382	0.990476190476	0.0	0.0
ale-	0.0768220617203	0.808929743926	0.110308601444	0.00393959290874
sid-	0.0304515225761	0.947380702368	0.00525026251312	0.0169175125423
bon-	0.451265822785	0.35253164557	0.151898734177	0.0443037974683
oli-	0.0368144252442	0.950788880541	0.00676183320812	0.00563486100676
luc-	0.0421455938697	0.939974457216	0.0	0.0178799489144
bze-	0.513265817617	0.215835706591	0.0908905323709	0.180007943422
taq-	0.115654205607	0.828271028037	0.0280373831776	0.0280373831776
led-	0.569252077562	0.31163434903	0.0	0.119113573407
jec-	0.0	1.0	0.0	0.0
dec-	0.196477109775	0.519979453374	0.0743209982236	0.209222438628
net-	0.0390103821719	0.0206212219466	0.00450704770631	0.935861348175
bic-	0.166408743972	0.120178954401	0.0740161646427	0.639396136984
xig-	0.193349161274	0.597551324426	0.126002824201	0.0830966900982
šac-	0.0850283333427	0.0105294740358	0.00257575843349	0.901866434188
bcu-	0.637252103388	0.279847730749	0.0593545566238	0.0235456092392
eli-	0.0479036023867	0.779580809933	0.0319357349244	0.140579852756
nal-	0.313384934869	0.592788370776	0.0711723617142	0.0226543326411
azu-	0.0911720873148	0.860611904971	0.0429560796002	0.0052599281143
zi'-	0.201225320402	0.411001905092	0.10395739522	0.283815379286
gwx-	0.365187640795	0.471591543756	0.0702361095148	0.0929847059344
yaš-	0.0862230552952	0.0901280849734	0.782411746329	0.0412371134021
goc-	0.575765342165	0.126790041289	0.0702252448223	0.227219371723
xis-	0.280216414863	0.654961208657	0.0	0.0648223764802
ene-	0.0	1.0	0.0	0.0
pan-	0.00823045267489	0.991769547325	0.0	0.0
žia-	0.528777215962	0.111560380561	0.0684281726452	0.291234230832
rom-	0.0613924774209	0.6990968332	0.212187035555	0.0273236538242
bx̱-	0.0494592719334	0.876651518289	0.0482968064895	0.0255924032883
lec-	0.0510638297872	0.463829787234	0.153191489362	0.331914893617
ari-	0.0106880427522	0.963927855711	0.0200400801603	0.00534402137608
niž-	0.233785822021	0.494720965309	0.27149321267	0.0
šež-	0.0553256567111	0.837846347607	0.0150683699172	0.0917596257647
la'-	0.306682702364	0.229240744614	0.303545283413	0.160531269609
ḻec-	0.125943479981	0.0507335843835	0.106381841916	0.716941093719
cre-	0.0227272727273	0.975454545455	0.0	0.00181818181818
lat-	0.270556612312	0.234694651731	0.045142445279	0.449606290678
bše-	0.157894736842	0.547368421053	0.294736842105	0.0
pen-	0.0	1.0	0.0	0.0
doḻ-	0.308349514563	0.308850281042	0.251170158406	0.131630045989
rab-	0.0677966101695	0.762711864407	0.0	0.169491525424
ape-	0.04	0.96	0.0	0.0
zle-	0.434582716434	0.146263539313	0.249435050261	0.169718693992
nzi-	0.482984406459	0.0759197189355	0.00614395901719	0.434951915588
lṉi-	0.4516765286	0.358974358974	0.165680473373	0.0236686390532
zya-	0.473900293255	0.336070381232	0.00703812316715	0.182991202346
fre-	0.114025085519	0.828962371722	0.0570125427594	0.0
got-	0.469515663098	0.295513044563	0.0932362118787	0.141735080461
gwq-	0.333333333333	0.484512251503	0.0286638927416	0.153490522423
lab-	0.356620633631	0.556187381533	0.012997562957	0.0741944218793
gao-	0.464516129032	0.4	0.135483870968	0.0
ber-	0.0725306718827	0.866847997862	0.0136540222474	0.0469673080084
tia-	0.28144239226	0.658366314864	0.0131926121372	0.0469986807388
žan-	0.389904755554	0.227269405308	0.0150538199454	0.367772019192
mig-	0.00944486421618	0.904440197342	0.0407573669941	0.0453575714476
car-	0.214336254286	0.69973602569	0.0136749578185	0.0722527622054
noṉ-	0.20779926979	0.604909500505	0.0824205701857	0.10487065952
de'-	0.324962941265	0.312047861245	0.160431035248	0.202558162242
yex-	0.472715291792	0.31765578024	0.0201803879577	0.189448540011
yes-	0.424570622598	0.29336269997	0.0695922822408	0.212474395191
do'-	0.0786026200872	0.606986899563	0.2096069869	0.10480349345
le'-	0.0641768317494	0.0313670134465	0.00398292749015	0.900473227314
pól-	0.0	0.978947368421	0.0	0.0210526315789
oné-	0.142011834319	0.662721893491	0.0177514792899	0.177514792899
pun-	0.0381315538608	0.752144899905	0.209723546234	0.0
zec-	0.613171839516	0.316275548827	0.0224072672218	0.048145344436
žen-	0.11077324066	0.801042571677	0.00912250217203	0.0790616854909
žat-	0.272539573297	0.18072952512	0.227942188575	0.318788713008
ješ-	0.280575539568	0.201438848921	0.194244604317	0.323741007194
cai-	0.0551301684533	0.91730474732	0.0183767228178	0.00918836140889
sod-	0.0137890781746	0.981614562434	0.00459635939154	0.0
beq-	0.361778231988	0.261585629496	0.104634251798	0.272001886718
dex-	0.754098360656	0.016393442623	0.0655737704918	0.16393442623
har-	0.020618556701	0.979381443299	0.0	0.0
tya-	0.0	0.829545454545	0.170454545455	0.0
zab-	0.0	1.0	0.0	0.0
xel-	0.289582762124	0.61422834379	0.0352241020595	0.0609647920262
nez-	0.0989254505164	0.685161182423	0.0407241710917	0.175189195969
óni-	0.0	0.846153846154	0.153846153846	0.0
sey-	0.118879472693	0.807674199623	0.0635593220339	0.00988700564972
xiš-	0.251851851852	0.678703703704	0.0555555555555	0.0138888888889
hoz-	0.0	1.0	0.0	0.0
mbe-	0.549706675123	0.329792294276	0.0443951165372	0.0761059140638
xme-	0.359974988742	0.540641773061	0.0726832637562	0.0266999744411
ngü-	0.440745672437	0.277296937417	0.147137150466	0.13482023968
yid-	0.608406504191	0.169574631924	0.0290437714581	0.192975092426
ḻsa-	0.20028556738	0.671671493939	0.0726310299291	0.0554119087516
bot-	0.598793390184	0.281695622943	0.0369472653716	0.0825637215008
met-	0.205092911218	0.706813489333	0.0	0.0880935994494
tao-	0.0	1.0	0.0	0.0
lez-	0.358813156482	0.593191750364	0.0197807252933	0.0282143678602
ze'-	0.228731045491	0.464804469274	0.0197924980048	0.286671987231
mna-	0.0441176470588	0.838235294118	0.0882352941176	0.0294117647059
nef-	0.0	1.0	0.0	0.0
xe'-	0.0699469368065	0.854799807043	0.0675349734684	0.00771828268211
ṉel-	0.530383795309	0.341684434968	0.0959488272921	0.0319829424307
nox-	0.326436426305	0.300723378493	0.0294503886453	0.343389806557
xpe-	0.255777139307	0.596909829391	0.123847238706	0.023465792597
beb-	0.560239523349	0.230002550848	0.0810974007378	0.128660525066
tgo-	0.361601377529	0.337064141197	0.271201033147	0.0301334481274
así-	0.0	1.0	0.0	0.0
cob-	0.0683778913292	0.114134865133	0.73780883472	0.0796784088177
jal-	0.565977306003	0.146916178624	0.104776720351	0.182329795022
xṉe-	0.297464494206	0.546310011327	0.0329354360896	0.123290058378
nit-	0.330257502544	0.175219380244	0.0509758324506	0.443547284761
bde-	0.442000369072	0.499538660269	0.0465030448422	0.0119579258166
tró-	0.0140186915888	0.985981308411	0.0	0.0
sol-	0.158277195581	0.735807499778	0.043311526801	0.06260377784
bem-	0.566496837667	0.375527055516	0.0105411103303	0.0474349964863
bye-	0.217790766062	0.0500595747793	0.0805249894106	0.651624669749
yiž-	0.222121372564	0.663918513476	0.0995890376421	0.014371076318
par-	0.129537736495	0.23679939112	0.0432469245665	0.590415947818
x̱a-	0.0426941691324	0.896038294346	0.00819845358547	0.0530690829363
bež-	0.244467219333	0.562174956171	0.0391251701999	0.154232654296
nže-	0.38493038493	0.266175266175	0.135954135954	0.21294021294
jul-	0.0326797385621	0.954248366013	0.0	0.0130718954248
gwd-	0.396636616438	0.25530739051	0.0816052784075	0.266450714644
nah-	0.0	1.0	0.0	0.0
ṉet-	0.468904244817	0.323790720632	0.0296150049358	0.177690029615
jaṉ-	0.668736031785	0.227464613856	0.0620809535634	0.0417184007946
toṉ-	0.267482642617	0.401832367046	0.215446281583	0.115238708754
seb-	0.0	1.0	0.0	0.0
feb-	0.0257510729614	0.974248927039	0.0	0.0
tža-	0.0873389292935	0.661218983831	0.0570686668427	0.194373420033
saq-	0.468553722469	0.304078385395	0.17837702035	0.0489908717863
x̱e-	0.149382613231	0.63447284331	0.0614099299112	0.154734613547
yen-	0.50204475433	0.285673824842	0.0765631548165	0.135718266012
gay-	0.0277910989866	0.109434822601	0.0657866807129	0.7969873977
šey-	0.437335670464	0.420683610868	0.0131463628396	0.128834355828
šaš-	0.801744647106	0.103092783505	0.071371927042	0.0237906423473
zc̱-	0.122005571031	0.296657381616	0.284122562674	0.29721448468
dan-	0.036670792346	0.0111413310038	0.00470233004356	0.947485546607
gwz-	0.540921247539	0.19055269318	0.0654713491116	0.20305471017
ṉa'-	0.178423793877	0.143104879903	0.0518425022147	0.626628824005
bsa-	0.699168628959	0.164832524388	0.0600701619491	0.0759286847037
chž-	0.340344725172	0.392040533723	0.119049608076	0.148565133028
bza-	0.587275280391	0.262696695575	0.0795159375396	0.0705120864948
ate-	0.0567908364617	0.865242082972	0.0606410626625	0.0173260179036
zez-	0.623665100385	0.231097821444	0.0410081161897	0.104228961982
gre-	0.262798634812	0.686006825939	0.0307167235495	0.0204778156997
ser-	0.0	0.983870967742	0.0161290322581	0.0
byo-	0.099356540506	0.722792854003	0.0749462758975	0.102904329594
xoa-	0.516304347826	0.329586063133	0.075938058368	0.0781715306731
ndi-	0.148936170213	0.553191489362	0.0	0.297872340426
cri-	0.0751174480198	0.757642112001	0.00776016834595	0.159480271633
mis-	0.0833333333333	0.916666666667	0.0	0.0
elm-	0.0	1.0	0.0	0.0
sac-	0.408683950334	0.391239728088	0.0761126424662	0.123963679112
chc-	0.366229023438	0.464743266737	0.0918181225611	0.0772095872646
gua-	0.131534873744	0.457793800826	0.235158509049	0.17551281638
sež-	0.596510359869	0.109051254089	0.218102508179	0.0763358778626
bla-	0.164950577083	0.409586625004	0.269416097244	0.156046700668
zel-	0.178497190964	0.220209611503	0.14174465813	0.459548539402
yon-	0.165763614237	0.741354917462	0.0111534682433	0.0817280000586
yin-	0.240963855422	0.732802176448	0.0	0.0262339681306
beg-	0.569525731125	0.244920499729	0.0943709891191	0.0911827800273
naq-	0.533653215149	0.0616364440714	0.023852872736	0.380857468043
sos-	0.0	0.932203389831	0.0338983050847	0.0338983050847
don-	0.0	1.0	0.0	0.0
fél-	0.035	0.944	0.0	0.021
bit-	0.203930192005	0.159099690894	0.0406389599119	0.596331157189
dog-	0.0764323294254	0.46383445876	0.299204606653	0.160528605162
xil-	0.0809156551863	0.532570168432	0.316828086339	0.0696860900428
leg-	0.141371032275	0.67457988797	0.15737530008	0.0266737796746
zal-	0.514107038976	0.223749272833	0.0916230366492	0.170520651542
taš-	0.270676691729	0.582706766917	0.0451127819549	0.101503759398
nom-	0.665031395048	0.201606955221	0.0331288822416	0.100232767489
ṉie-	0.341928251121	0.373878923767	0.256726457399	0.027466367713
chn-	0.289949680997	0.446342556253	0.0516101255342	0.212097637216
sin-	0.0785259513895	0.498420402828	0.227104919144	0.195948726639
lap-	0.319018404908	0.533742331288	0.0	0.147239263803
bša-	0.401941848932	0.427050164431	0.0781959597015	0.0928120269354
esa-	0.0	1.0	0.0	0.0
már-	0.0	0.943396226415	0.0566037735849	0.0
sad-	0.0473773265652	0.947546531303	0.005076142132	0.0
gwy-	0.527741998044	0.221107731617	0.0707810890261	0.180369181312
sia-	0.100880704564	0.525220176141	0.236989591673	0.136909527622
imp-	0.141667442077	0.760630873732	0.0977016841909	0.0
žie-	0.265653495441	0.592097264438	0.0255319148936	0.116717325228
ṉe'-	0.233528870128	0.0582775518931	0.0307065189278	0.677487059051
xo'-	0.146061701887	0.712773571402	0.05942291031	0.0817418164011
mag-	0.0222688397611	0.794739390027	0.126835565596	0.0561562046152
aug-	0.0615384615384	0.923076923077	0.0	0.0153846153846
güa-	0.244897959184	0.702623906706	0.0524781341108	0.0
mos-	0.0649737401449	0.775910172993	0.0504161970482	0.108699889814
xib-	0.404071204879	0.275506840284	0.00247239162683	0.317949563211
bec-	0.480306616734	0.304224327277	0.0470265311281	0.168442524862
dor-	0.0661764705882	0.344537815126	0.148109243697	0.441176470588
fri-	0.0	0.948051948052	0.038961038961	0.012987012987
reg-	0.117647058824	0.882352941176	0.0	0.0
pla-	0.0234271679577	0.877952012091	0.0978651048555	0.000755715095407
xja-	0.548262548263	0.436293436293	0.015444015444	0.0
šsa-	0.364341085271	0.263565891473	0.279069767442	0.093023255814
lo'-	0.730769230769	0.0769230769231	0.0	0.192307692308
ico-	0.0244271257415	0.888333139467	0.0628126090497	0.0244271257415
bet-	0.217289562207	0.416977907349	0.217897935027	0.147834595417
pér-	0.0	1.0	0.0	0.0
jaḻ-	0.359922178988	0.0856031128404	0.0175097276265	0.536964980545
nqu-	0.513513513514	0.221621621622	0.0324324324324	0.232432432432
bḻo-	0.633932272424	0.325697911222	0.0252311352208	0.0151386811325
neá-	0.0724637681159	0.797101449275	0.0579710144928	0.0724637681159
jem-	0.0530223481029	0.888653068984	0.0385191764159	0.0198054064972
ran-	0.0853018372703	0.879265091864	0.0314960629921	0.00393700787401
gab-	0.210713820639	0.621667012799	0.062824736667	0.104794429895
bti-	0.275	0.445833333333	0.254166666667	0.025
byi-	0.177064885465	0.678882326359	0.0600219950731	0.0840307931023
cam-	0.192392757563	0.770033250001	0.0271367723145	0.010437220121
nsa-	0.290265405244	0.350988651797	0.0751559514767	0.283589991483
yan-	0.0799086757991	0.680365296804	0.239726027397	0.0
sim-	0.019586821162	0.970846563028	0.000742237433509	0.00882437837615
bgu-	0.606322724364	0.301111453421	0.0414721425694	0.0510936796455
tio-	0.293597296976	0.608435064604	0.0159600658777	0.0820075725419
lic-	0.0796019900497	0.65008291874	0.270315091211	0.0
naš-	0.450881612091	0.261964735516	0.166246851385	0.120906801008
bži-	0.560521800834	0.15052581113	0.0390988794288	0.249853508607
tye-	0.213414634146	0.192073170732	0.548780487805	0.0457317073171
ren-	0.0	1.0	0.0	0.0
ḻox-	0.154177373429	0.772900895896	0.0312521702896	0.0416695603861
cep-	0.0102040816327	0.948979591837	0.0408163265306	0.0
tab-	0.0	1.0	0.0	0.0
vac-	0.0	0.95652173913	0.0434782608696	0.0
naz-	0.064542142135	0.907648703376	0.00809370914233	0.0197154453467
gal-	0.136428930546	0.807297277886	0.018315018315	0.0379587732529
nac-	0.194014601824	0.101840309797	0.0190866799071	0.685058408472
c̱o-	0.440677966102	0.101694915254	0.35593220339	0.101694915254
žeš-	0.715517241379	0.275862068965	0.0	0.00862068965517
cui-	0.231335462515	0.215748595867	0.0711027386354	0.481813202983
soa-	0.381831984166	0.252099184823	0.0765378429595	0.289530988051
sel-	0.411092747424	0.428008944196	0.125899280576	0.0349990278048
bdi-	0.522721302863	0.350932492776	0.030207512477	0.0961386918834
nze-	0.157894736842	0.78947368421	0.0526315789474	0.0
tej-	0.298611111111	0.694444444444	0.00694444444444	0.0
gde-	0.149115861705	0.803906043811	0.0142517814727	0.0327263130113
mba-	0.317420099294	0.442714365438	0.100299639006	0.139565896262
agr-	0.0349721236695	0.96249366447	0.00152052711607	0.00101368474404
xi'-	0.0763105348003	0.731111737223	0.0327452195734	0.159832508403
xṉi-	0.241158639272	0.589424048501	0.003704951162	0.165712361064
not-	0.142639320283	0.309157457894	0.0258316561942	0.522371565629
žaš-	0.158530774895	0.709360246026	0.0710356477672	0.061073331312
bag-	0.222266881029	0.425442122186	0.153536977492	0.198754019293
dop-	0.706677937447	0.280642434489	0.0126796280642	0.0
xco-	0.133333333333	0.781818181818	0.0848484848485	0.0
clo-	0.0634920634921	0.936507936508	0.0	0.0
toc-	0.130256499733	0.408820702078	0.050320748253	0.410602049936
c̱h-	0.087885129933	0.0752372627103	0.0251938163929	0.811683790964
one-	0.0	1.0	0.0	0.0
ḻaḻ-	0.430769230769	0.415384615385	0.0	0.153846153846
šez-	0.178894472362	0.305527638191	0.141708542714	0.373869346734
gog-	0.0	0.959183673469	0.0408163265306	0.0
bso-	0.730728616684	0.161562829989	0.012671594509	0.0950369588173
seḻ-	0.560113494277	0.157304991825	0.0303452919111	0.252236221987
caṉ-	0.0481406011207	0.664544065206	0.0596026490067	0.227712684666
jaz-	0.731808731809	0.129313929314	0.0224532224533	0.116424116424
sil-	0.0861890999174	0.86916804294	0.00387076796036	0.0407720891825
evo-	0.222222222222	0.777777777778	0.0	0.0
lal-	0.69203539823	0.232743362832	0.0274336283186	0.0477876106194
jas-	0.577360818992	0.297703610964	0.0342556217282	0.0906799483163
lib-	0.0629357798165	0.919449541284	0.0	0.0176146788991
nis-	0.21124388209	0.727829227578	0.00895913225774	0.0519677580747
chy-	0.390969863909	0.375016140149	0.079808001454	0.154205994488
šne-	0.0742778541953	0.0591471801926	0.00412654745529	0.862448418157
bxi-	0.701996790872	0.188803708326	0.0530397575325	0.0561597432697
yeb-	0.340776319187	0.400100313921	0.112450644051	0.146672722841
him-	0.0448877805486	0.917705735661	0.00748129675812	0.0299251870324
nep-	0.186464088398	0.772099447514	0.0414364640884	0.0
ga'-	0.381711909245	0.230059105317	0.288957077147	0.0992719082915
rei-	0.256983240223	0.743016759777	0.0	0.0
egi-	0.0478939491127	0.887748556767	0.0382723968356	0.0260850972846
sau-	0.0231018183367	0.916194694034	0.0	0.0607034876294
zig-	0.333333333333	0.533333333333	0.133333333333	0.0
chḻ-	0.20993165016	0.53166410936	0.186218440508	0.0721857999721
esm-	0.00990099009901	0.841584158416	0.148514851485	0.0
pri-	0.0709426627794	0.91739552964	0.0	0.0116618075802
chg-	0.448830470982	0.361398478466	0.0890800568983	0.100690993653
tro-	0.186785967041	0.801334546557	0.0118794864018	0.0
ṉeb-	0.318584070796	0.433628318584	0.230088495575	0.0176991150442
yaž-	0.434686164969	0.31317778508	0.0677785080513	0.184357541899
yi'-	0.11058566441	0.831453960341	0.0217671512347	0.0361932240139
ṉia-	0.281720286268	0.0565848438231	0.0209350545114	0.640759815397
gol-	0.206172357292	0.569992693306	0.161422878769	0.0624120706327
ela-	0.0	1.0	0.0	0.0
xc̱-	0.16928286616	0.74734740896	0.0270779354362	0.0562917894437
xgü-	0.223214285714	0.125	0.392857142857	0.258928571429
nag-	0.176134236674	0.680811464137	0.0414046899643	0.101649609225
šec-	0.368597060415	0.325032428559	0.0638139613639	0.242556549662
arp-	0.165071770335	0.834928229665	0.0	0.0
zey-	0.34702454439	0.478433304122	0.120003326318	0.05453882517
fen-	0.0200521355524	0.959895728895	0.0	0.0200521355524
tam-	0.0	1.0	0.0	0.0
que-	0.635669975239	0.303192838487	0.0376228838612	0.0235143024133
ned-	0.0439510559454	0.0330487677297	0.0020168262569	0.920983350068
yoa-	0.162337662338	0.766233766234	0.0584415584415	0.012987012987
las-	0.258041458184	0.418870621873	0.0571837026448	0.265904217298
šol-	0.214592274678	0.210300429185	0.0772532188841	0.497854077253
rob-	0.0583438774075	0.895121608323	0.00857584704064	0.037958667229
sie-	0.120603015075	0.788944723618	0.0904522613065	0.0
zag-	0.0703908862877	0.774456521739	0.14052048495	0.0146321070234
fue-	0.298880275624	0.532299741602	0.093023255814	0.0757967269596
ceb-	0.146186440678	0.834745762712	0.00635593220339	0.0127118644068
tap-	0.0487355851594	0.202178526682	0.0146385742412	0.734447313917
ces-	0.0853778213935	0.823683349689	0.045142296369	0.0457965325482
lch-	0.228127555192	0.0515126737531	0.132461161079	0.587898609976
toš-	0.267857142857	0.642857142857	0.0892857142857	0.0
deb-	0.505263157895	0.494736842105	0.0	0.0
nse-	0.415036024645	0.437654283822	0.0975374796797	0.049772211853
bib-	0.150540964384	0.222187093108	0.0678367179575	0.559435224551
zo'-	0.48167539267	0.259400285578	0.0361732508329	0.222751070919
jet-	0.891891891892	0.0675675675676	0.0405405405406	0.0
žta-	0.0376084860173	0.0279652844744	0.21118611379	0.723240115718
ced-	0.0576923076923	0.942307692308	0.0	0.0
squ-	0.213735938425	0.667850799289	0.0669034931912	0.0515097690942
toḻ-	0.138824152262	0.26636034653	0.335662163543	0.259153337665
nch-	0.493502516124	0.340036991221	0.108991989239	0.0574685034169
bos-	0.588275412273	0.269345562764	0.047565387491	0.0948136374718
jed-	0.0232858990944	0.976714100906	0.0	0.0
güe-	0.179464028534	0.312899463632	0.306874071791	0.200762436042
com-	0.0408163265306	0.908163265306	0.0306122448979	0.0204081632653
laz-	0.341085271318	0.627906976744	0.0	0.031007751938
dmi-	0.0818604651163	0.735813953488	0.0372093023256	0.14511627907
xbe-	0.163411336634	0.724848173958	0.0953080644952	0.016432424913
job-	0.0	1.0	0.0	0.0
cef-	0.312101910828	0.611464968153	0.0	0.0764331210191
elí-	0.0128583473862	0.980396290051	0.000421585160204	0.00632377740304
aqu-	0.0492206726825	0.940935192781	0.0	0.0098441345365
enó-	0.0194174757282	0.961165048544	0.0194174757282	0.0
dru-	0.0666666666667	0.88	0.0533333333333	0.0
gob-	0.0893179410439	0.824286753904	0.0273826409469	0.0590126641056
nil-	0.342555618939	0.289503707929	0.0256702795208	0.342270393611
nca-	0.259410961576	0.35147259606	0.260386190755	0.128730251609
xca-	0.293537198132	0.653518343147	0.0435737580627	0.00937070065864
leb-	0.357246845681	0.450663215788	0.0760271756713	0.11606276286
ḻa'-	0.182030588177	0.0869479989686	0.0599415690706	0.671079843784
xla-	0.381676420836	0.330170519725	0.257821158445	0.0303319009936
alo-	0.0710059171598	0.85798816568	0.0710059171598	0.0
coš-	0.0359624029424	0.95913363302	0.0	0.00490396403759
ram-	0.126907387823	0.809638918266	0.0	0.0634536939115
pit-	0.0	1.0	0.0	0.0
xao-	0.948717948718	0.0512820512821	0.0	0.0
