jer-	0.0248983843624	0.964970689761	0.00183827284054	0.00829265303621
toz-	0.0662278754481	0.127659734576	0.136275213729	0.669837176247
nxo-	0.465381870093	0.2284082798	0.124197002141	0.182012847966
ni'-	0.367961342081	0.146963837956	0.0786296822028	0.40644513776
kaj-	0.170868347339	0.768907563025	0.0350140056022	0.0252100840336
lbe-	0.143198090692	0.128878281623	0.727923627685	0.0
fig-	0.0444444444444	0.955555555556	0.0	0.0
del-	0.154671717172	0.380681818182	0.146464646465	0.318181818182
son-	0.45166163142	0.472809667674	0.0347432024169	0.0407854984894
ye'-	0.40458424035	0.474184953773	0.0577707315605	0.0634600743158
dok-	0.686567164179	0.238805970149	0.0	0.0746268656716
maa-	0.0	1.0	0.0	0.0
xto-	0.239430919652	0.613337926327	0.0973034831022	0.0499276709191
jac-	0.116586922558	0.824731251997	0.0308749511771	0.0278068742677
nzo-	0.445349706774	0.366513165663	0.0641555476837	0.12398157988
ll--	0.3462148431	0.490333212437	0.063580859585	0.0998710848778
ta'-	0.151911216408	0.756701008009	0.0171876091693	0.0742001664136
mil-	0.0130208333333	0.901041666667	0.0104166666667	0.0755208333333
wde-	0.151156117976	0.636542628449	0.110565839855	0.101735413719
júp-	0.0	1.0	0.0	0.0
abí-	0.0	1.0	0.0	0.0
jai-	0.109218436874	0.800601202405	0.0300601202405	0.0601202404809
mah-	0.0	1.0	0.0	0.0
llx-	0.345345141185	0.463168770763	0.141371315639	0.0501147724125
wte-	0.307450384991	0.542620106279	0.14992950873	0.0
nle-	0.596844396083	0.175734494015	0.0979325353645	0.129488574538
eno-	0.216216216216	0.765765765766	0.0	0.018018018018
mar-	0.00405814456308	0.829897215847	0.00312011442637	0.162924525164
no'-	0.0818393414595	0.534387754421	0.0285156291931	0.355257274927
gáb-	0.0	1.0	0.0	0.0
lis-	0.0399864452728	0.952219586581	0.00508302270417	0.00271094544222
wye-	0.882352941176	0.117647058824	0.0	0.0
san-	0.231234369751	0.700179164645	0.0411518793625	0.0274345862416
yal-	0.288385198947	0.321672085462	0.298535376993	0.0914073385973
pre-	0.362831858407	0.530973451327	0.070796460177	0.0353982300885
dil-	0.352022807494	0.457507466739	0.129378224274	0.0610915014934
yaz-	0.315315315315	0.018018018018	0.306306306306	0.36036036036
lac-	0.733333333333	0.174358974359	0.0307692307692	0.0615384615384
seg-	0.0241935483871	0.927419354839	0.0483870967742	0.0
euf-	0.0	1.0	0.0	0.0
xhi-	0.111535696822	0.604250151637	0.12806669407	0.156147457471
ski-	0.0418476115278	0.818791946309	0.0872483221476	0.0521121200158
kat-	0.120027379478	0.0640349984534	0.0234371537799	0.792500468289
pró-	0.0	1.0	0.0	0.0
abi-	0.0	0.977212614446	0.0	0.0227873855544
zoe-	0.333798317782	0.163532239922	0.101823806587	0.400845635709
tib-	0.0	1.0	0.0	0.0
gan-	0.125750105375	0.0721234925004	0.0102477954708	0.791878606654
rro-	0.137741046832	0.782369146006	0.0165289256198	0.0633608815427
yer-	0.420724222237	0.422469797528	0.0636833496843	0.0931226305512
zak-	0.401873767258	0.156558185404	0.171597633136	0.269970414201
nné-	0.600494135263	0.0783544422261	0.0255599575742	0.295591464936
sen-	0.442240546765	0.444840650769	0.0843919471064	0.0285268553599
gák-	0.501556768088	0.209470082308	0.107093313604	0.181879836
bay-	0.473680671073	0.222682807393	0.055723541371	0.247912980163
mig-	0.138103161398	0.846921797005	0.0149750415974	0.0
nka-	0.383314773761	0.476517883596	0.0586414392693	0.0815259033745
wba-	0.556586270872	0.289424860853	0.13172541744	0.0222634508349
paf-	0.0	1.0	0.0	0.0
za'-	0.289338800957	0.241749184769	0.19781856981	0.271093444464
dek-	0.269912220379	0.160086566077	0.0814085190729	0.48859269447
abr-	0.0410620558544	0.935793975172	0.0172057137761	0.00593825519705
bik-	0.3606370876	0.312855517634	0.167235494881	0.159271899886
riz-	0.356449756986	0.434368935374	0.126230099438	0.0829512082024
zaq-	0.0108401084011	0.915989159892	0.0731707317073	0.0
nor-	0.197341873246	0.204481089942	0.066065667658	0.532111369153
bde-	0.278094228636	0.189806987058	0.0253976019038	0.506701182402
wex-	0.0	0.96511627907	0.0232558139535	0.0116279069767
ya'-	0.102506214956	0.54135689884	0.307408399422	0.0487284867826
zac-	0.0029695619896	0.912645384806	0.0103934669636	0.0739915862411
her-	0.0209885269969	0.920558969061	0.0443695285738	0.0140829753684
gaw-	0.503890200192	0.303202494391	0.123845324475	0.0690619809424
ate-	0.0	1.0	0.0	0.0
naw-	0.611086970017	0.163262772363	0.0111738779564	0.214476379663
bna-	0.636644665385	0.155652101262	0.0423594285237	0.165343804829
xhb-	0.266985873019	0.362021862957	0.0600999184174	0.310892345607
jat-	0.614492864573	0.225914919066	0.0407834081897	0.118808808172
kan-	0.113381081722	0.0671176038519	0.0174354835758	0.802065830851
akg-	0.277777777778	0.722222222222	0.0	0.0
urí-	0.0	1.0	0.0	0.0
bzo-	0.46570020204	0.263873595473	0.0492785594692	0.221147643018
ler-	0.598992684974	0.217532078187	0.0863412879242	0.0971339489147
pat-	0.0456273764259	0.954372623574	0.0	0.0
toe-	0.130491940204	0.141523611777	0.011116960423	0.716867487596
llj-	0.517823210011	0.337324742868	0.0629525338337	0.0818995132879
lla-	0.328143864622	0.328978599523	0.0734014418158	0.26947609404
der-	0.0207468879668	0.979253112033	0.0	0.0
dol-	0.41935483871	0.258064516129	0.0752688172043	0.247311827957
yo'-	0.152259748056	0.461398417825	0.112940817217	0.273401016902
jor-	0.0	1.0	0.0	0.0
naí-	0.0357142857143	0.892857142857	0.0	0.0714285714286
sil-	0.0143786374529	0.961999315303	0.00513522766176	0.0184868195823
gen-	0.281731474688	0.683052090976	0.013206162876	0.02201027146
raz-	0.483189047715	0.361787799477	0.102677672639	0.0523454801691
zia-	0.388681086356	0.344608879493	0.170759473085	0.0959505610668
bxo-	0.115402546295	0.82174223051	0.0440151104834	0.0188401127116
bi'-	0.0193604380973	0.85989177444	0.0248415475627	0.0959062399005
jam-	0.0963855421687	0.807228915663	0.0602409638554	0.0361445783133
bex-	0.497550140459	0.340062280874	0.0576424729427	0.104745105725
wch-	0.525817388877	0.331093288728	0.0579430783906	0.085146244004
bll-	0.51243603223	0.203055312907	0.0682465456322	0.216262109231
bej-	0.0934650455928	0.860508033	0.0134607034303	0.0325662179766
por-	0.310756972112	0.689243027888	0.0	0.0
zra-	0.0	0.886554621849	0.113445378151	0.0
lls-	0.362807054396	0.515435841831	0.0520015240449	0.0697555797289
pas-	0.101978793814	0.847538326467	0.0330924562707	0.0173904234484
cos-	0.0	1.0	0.0	0.0
dam-	0.0514820592824	0.91224648986	0.00351014040561	0.0327613104524
hor-	0.0626743345156	0.768587072558	0.0318192775233	0.136919315403
tia-	0.196231397024	0.744959193471	0.0324051848296	0.0264042246759
gap-	0.306715152223	0.359026301104	0.189877849955	0.144380696718
zer-	0.342528357966	0.275661229712	0.145594611513	0.236215800809
yod-	0.0388238100932	0.912383621791	0.0118014544832	0.0369911136323
bak-	0.389022051774	0.315036752956	0.0990731863215	0.196868008949
lix-	0.113407102885	0.321549522792	0.356140319105	0.208903055219
nkw-	0.40483701367	0.398790746583	0.155099894847	0.0412723449001
276-	0.0	0.378378378378	0.0	0.621621621622
wej-	0.259727073873	0.369990049822	0.0464768410137	0.323806035291
ped-	0.0144076211108	0.939418557016	0.00499927093965	0.0411745509335
lin-	0.0983453740387	0.537636914472	0.1067350268	0.257282684689
che-	0.372719409029	0.157460554698	0.0487500708947	0.421069965378
wse-	0.569615207352	0.26237852941	0.0447805721653	0.123225691073
epa-	0.0829059829059	0.883760683761	0.0034188034188	0.0299145299145
500-	0.147783251232	0.150246305419	0.192118226601	0.509852216749
oro-	0.0092429984287	0.83153094864	0.158301753089	0.000924299842871
llk-	0.505310311864	0.306545349247	0.143745791628	0.0443985472611
asi-	0.00231803430691	0.995827538248	0.0	0.00185442744552
dia-	0.0637069629567	0.870657830716	0.0207710775484	0.0448641287787
nan-	0.0957446808511	0.744680851064	0.11170212766	0.0478723404255
gax-	0.243400748545	0.155025295137	0.0235549111495	0.578019045168
uva-	0.0545629312117	0.934140836936	0.0	0.0112962318524
art-	0.226952480887	0.403237895368	0.258881726878	0.110927896867
153-	0.0	0.0851063829788	0.113475177305	0.801418439716
nis-	0.210133515407	0.743492432133	0.0090455567129	0.0373284957463
chn-	0.117093511684	0.246691611272	0.140568288406	0.495646588638
dao-	0.165048543689	0.781994704325	0.0105913503972	0.0423654015887
xch-	0.201853632885	0.610901938572	0.0708074401994	0.116436988344
bir-	0.149696866678	0.631763839311	0.0627231004589	0.155816193552
tol-	0.48669527897	0.441201716738	0.0154506437768	0.0566523605151
mel-	0.16609754237	0.738666499145	0.0275782228066	0.0676577356781
ita-	0.0	0.845814977973	0.154185022027	0.0
bni-	0.29493870931	0.214695518592	0.12498083886	0.365384933238
arc-	0.0529411764706	0.911764705882	0.0	0.0352941176471
mir-	0.0192186297484	0.156196224588	0.0030265558659	0.821558589798
isa-	0.0070681784715	0.98718892652	0.00176704461787	0.00397585039022
joe-	0.0769230769231	0.923076923077	0.0	0.0
eut-	0.0	1.0	0.0	0.0
pud-	0.0434782608696	0.95652173913	0.0	0.0
dio-	0.0888437585319	0.674295470707	0.011663364206	0.225197406555
bab-	0.452663435466	0.252938317964	0.058920550583	0.235477695986
lsi-	0.0301003344482	0.969899665552	0.0	0.0
bga-	0.353594227033	0.432139883431	0.0949208992507	0.119344990286
se'-	0.365341670388	0.3934792318	0.146493970523	0.0946851272889
siy-	0.601150315231	0.260590642628	0.0487593555285	0.0894996866128
war-	0.2281515409	0.363521906075	0.291120734919	0.117205818106
láz-	0.0673719376392	0.799832962138	0.065144766147	0.0676503340757
akr-	0.146520097215	0.064968823701	0.0161731691905	0.772337909894
boo-	0.0338983050847	0.966101694915	0.0	0.0
sor-	0.338523622316	0.252756103382	0.0621404711109	0.34657980319
moi-	0.0959681248085	0.856976303944	0.00252405363013	0.0445315176172
yia-	0.243902439024	0.726829268293	0.0292682926829	0.0
be'-	0.0749403502325	0.207363931099	0.00986995249239	0.707825766176
jud-	0.034554723049	0.946799411543	0.00153956686852	0.0171062985391
kba-	0.166379704136	0.203064057064	0.0298675287255	0.600688710074
bpe-	0.5	0.35	0.06	0.09
non-	0.14677707087	0.413042606257	0.0324872962604	0.407693026613
efa-	0.197674418605	0.802325581395	0.0	0.0
dod-	0.0	1.0	0.0	0.0
uzí-	0.0	1.0	0.0	0.0
cis-	0.0	0.961038961039	0.038961038961	0.0
mal-	0.100146281085	0.80983458985	0.0832676943851	0.00675143467987
adá-	0.0434549356223	0.899141630901	0.00268240343347	0.054721030043
wya-	0.543587913781	0.304280130399	0.106719431695	0.0454125241254
rao-	0.0293518083852	0.0429918869727	0.00790111209092	0.919755192551
nyi-	0.159050623815	0.706810295859	0.100604310245	0.0335347700815
joa-	0.0	1.0	0.0	0.0
nin-	0.383975026015	0.0601320345951	0.00153528598967	0.554357653401
zit-	0.121548986074	0.332091375519	0.406486684583	0.139872953824
xsi-	0.670967741935	0.154838709677	0.135483870968	0.0387096774194
sét-	0.047619047619	0.277777777778	0.626984126984	0.0476190476191
wka-	0.396164360157	0.467794293525	0.0732530326329	0.0627883136853
100-	0.0427748668667	0.0978169152189	0.248834562061	0.610573655853
sir-	0.0325621251071	0.917737789203	0.0462724935733	0.00342759211655
sós-	0.0	0.986666666667	0.0	0.0133333333333
tch-	0.281437125749	0.604790419162	0.0269461077845	0.0868263473053
bkw-	0.525661111885	0.348293406838	0.0600972462595	0.0659482350175
esr-	0.0	1.0	0.0	0.0
ba'-	0.428571428572	0.103896103896	0.409090909091	0.0584415584415
gos-	0.582218257508	0.2863514719	0.049955396967	0.0814748736247
wne-	0.0918690147456	0.810321797747	0.0577469652082	0.0400622222994
and-	0.0182384341637	0.973754448399	0.0	0.00800711743775
ALL	0.216589014071	0.280970898326	0.0520752321848	0.450364855418
ana-	0.0559701492537	0.914645522388	0.0139925373134	0.0153917910448
xat-	0.300044124136	0.322694513899	0.218414472717	0.158846889248
zed-	0.317287617255	0.398594407034	0.0950392566237	0.189078719087
llb-	0.487217962707	0.379920528166	0.0816357844147	0.051225724712
mae-	0.0176518406689	0.961444663802	0.00278713273719	0.0181163627918
cil-	0.0	1.0	0.0	0.0
per-	0.0365019011407	0.925475285171	0.0273764258555	0.0106463878327
sok-	0.297693920335	0.41556772841	0.191384324068	0.095354027186
arm-	0.0	1.0	0.0	0.0
awc-	0.0	0.0	0.0	1.0
cal-	0.0222222222222	0.977777777778	0.0	0.0
nex-	0.100705882353	0.416941176471	0.472470588235	0.00988235294118
mor-	0.0	0.0919540229885	0.908045977011	0.0
plo-	0.407224958949	0.592775041051	0.0	0.0
zor-	0.236242499146	0.223732545616	0.0506723818195	0.489352573418
vis-	0.130434782609	0.586956521739	0.0217391304348	0.260869565217
tel-	0.382438508331	0.515736577625	0.0343824385083	0.0674424755356
wli-	0.594298445722	0.217165495635	0.0526964139064	0.135839644736
lid-	0.0198895027624	0.973480662983	0.00662983425417	0.0
lwa-	0.0842181333038	0.82392943836	0.0727666907554	0.0190857375804
yed-	0.593751163332	0.200141099721	0.0561547047643	0.149953032183
gas-	0.197736351531	0.440745672437	0.340213049268	0.0213049267643
ata-	0.0	1.0	0.0	0.0
tie-	0.447204968944	0.500621118012	0.00372670807454	0.0484472049689
far-	0.0147757734295	0.975900337991	0.00174822910866	0.00757565947088
zye-	0.512195121951	0.0670731707317	0.0	0.420731707317
gox-	0.850335677697	0.0922616427503	0.0152921651293	0.0421105144232
si'-	0.217754797747	0.487333824235	0.201606989541	0.0933043884762
rud-	0.0	0.949579831933	0.0504201680672	0.0
baw-	0.43725390823	0.252426805973	0.192585084402	0.117734201396
dat-	0.387628865979	0.326804123711	0.120618556701	0.164948453608
xpa-	0.172131147541	0.827868852459	0.0	0.0
tac-	0.398850161696	0.304707150557	0.145526410349	0.150916277398
lev-	0.0782421289356	0.875374812594	0.0365442278861	0.00983883058472
sed-	0.0304568527919	0.357868020305	0.543147208122	0.0685279187818
lnn-	0.0898801597869	0.816173307385	0.0228413397521	0.0711051930759
kla-	0.0	1.0	0.0	0.0
nej-	0.0551523947751	0.854862119013	0.066763425254	0.0232220609579
adi-	0.0	1.0	0.0	0.0
saú-	0.330798479087	0.634980988593	0.0114068441064	0.0228136882129
ami-	0.0	1.0	0.0	0.0
kax-	0.266666666667	0.733333333333	0.0	0.0
nec-	0.252521479268	0.332088158386	0.0463205080314	0.369069854315
zba-	0.132904961968	0.40352033391	0.347639838537	0.115934865585
cás-	0.17803030303	0.753787878788	0.0454545454545	0.0227272727273
bda-	0.601061536887	0.260374945486	0.0525944550473	0.0859690625802
wpé-	0.130434782609	0.326086956522	0.478260869565	0.0652173913043
sec-	0.429411093358	0.401487483832	0.0722342691928	0.0968671536179
wri-	0.0426395939086	0.875126903553	0.0456852791878	0.0365482233502
xhm-	0.123326310099	0.699851530057	0.0774873090771	0.0993348507668
nsi-	0.680672268908	0.290616246499	0.0	0.0287114845938
wzi-	0.423825023817	0.498769450619	0.0238170847888	0.0535884407749
nze-	0.410041841004	0.489539748954	0.0418410041841	0.0585774058577
win-	0.0502763680169	0.830816031435	0.0574587063051	0.0614488942429
tal-	0.0459159768858	0.803217241918	0.0262377010776	0.124629080119
lle-	0.598658659857	0.151749484976	0.0603925173026	0.189199337864
bin-	0.246229066119	0.292563983014	0.0350945726275	0.42611237824
xiz-	0.472551130248	0.236813778256	0.032292787944	0.258342303552
llw-	0.442884662951	0.323960958532	0.0514685175354	0.181685860982
dax-	0.047088568274	0.745738659505	0.155870966761	0.0513018054594
450-	0.178217821782	0.108910891089	0.0594059405941	0.653465346535
pue-	0.0111524163569	0.960966542751	0.0278810408922	0.0
dak-	0.45587162655	0.35594456601	0.122538293217	0.0656455142232
wan-	0.186971923957	0.67930381975	0.0580883647245	0.0756358915684
pon-	0.0605769230769	0.922115384615	0.0	0.0173076923077
zni-	0.336218360493	0.242635291996	0.180877679356	0.240268668154
gól-	0.0	1.0	0.0	0.0
hig-	0.0159857904085	0.942051509769	0.039298401421	0.00266429840142
chi-	0.31250121073	0.387110079487	0.0689374715001	0.231451238283
nga-	0.379775000455	0.309578002611	0.119267257019	0.191379739915
ben-	0.476692124357	0.192222758746	0.0452109472141	0.285874169683
dió-	0.111111111111	0.825396825397	0.063492063492	0.0
xti-	0.193821848439	0.477766829715	0.0248295356879	0.303581786158
bte-	0.218045112782	0.691729323308	0.0451127819549	0.0451127819549
kia-	0.0611566270621	0.0339301812723	0.00606578844566	0.89884740322
mat-	0.0254555198285	0.971864951768	0.002679528403	0.0
we'-	0.425110690579	0.225681784529	0.0791371309747	0.270070393917
nni-	0.450692188344	0.151543252024	0.0797252488812	0.318039310751
ko'-	0.17285839807	0.196152978506	0.0436771120392	0.587311511385
rso-	0.163742690058	0.761069340017	0.0401002506265	0.0350877192982
lln-	0.276914297785	0.548727979521	0.0431383446179	0.131219378076
lij-	0.365979381443	0.319587628866	0.0962199312715	0.218213058419
lam-	0.0	1.0	0.0	0.0
til-	0.323860617882	0.48099123239	0.0919222432052	0.103225906523
gat-	0.378672552106	0.311568747272	0.0973811512623	0.21237754936
re'-	0.0890308720616	0.0605616851578	0.00652239638296	0.843885046398
cua-	0.0	1.0	0.0	0.0
tek-	0.622950819672	0.311475409836	0.0327868852459	0.0327868852459
nér-	0.376963350785	0.497382198953	0.125654450262	0.0
chr-	0.297556122132	0.30850071513	0.0749331509235	0.319010011815
sat-	0.173276388042	0.683343502135	0.143380109823	0.0
bxh-	0.541437335626	0.318483415346	0.0654047673669	0.0746744816603
sió-	0.0511848341232	0.948815165877	0.0	0.0
esl-	0.0	1.0	0.0	0.0
ani-	0.146739130435	0.788043478261	0.0652173913044	0.0
nyo-	0.54263554292	0.337797396379	0.0172078407901	0.102359219911
evo-	0.134078212291	0.865921787709	0.0	0.0
nad-	0.0566608858779	0.0420368401285	0.00128542324521	0.900016850748
lot-	0.0882249147159	0.768850723444	0.121750382308	0.0211739795318
bta-	0.566724436742	0.215771230503	0.0823223570191	0.135181975737
eub-	0.133333333333	0.866666666667	0.0	0.0
fle-	0.0	1.0	0.0	0.0
bix-	0.146157567274	0.0480318029589	0.00772214201095	0.798088487756
ban-	0.322656489889	0.429146210196	0.086117943994	0.162079355921
adr-	0.182278481013	0.774683544304	0.0278481012658	0.0151898734177
xi'-	0.128730883078	0.756259250123	0.0789343857918	0.0360754810064
nba-	0.227040271943	0.586521809831	0.0833831894627	0.103054728763
lia-	0.14862738241	0.552019583843	0.0702920090925	0.229061024655
tra-	0.0	0.99173553719	0.00826446280992	0.0
yej-	0.128879754894	0.743586338172	0.0650196924481	0.0625142144862
arq-	0.129967776584	0.857142857143	0.0128893662728	0.0
ale-	0.00780141843972	0.88865248227	0.103546099291	0.0
ker-	0.0682840198383	0.0484918574278	0.0220315276029	0.861192595131
sid-	0.0172413793103	0.972413793103	0.0	0.0103448275862
oli-	0.0250534996607	0.942063782035	0.0266193433895	0.00626337491518
soy-	0.571585768431	0.210172392713	0.119207727106	0.0990341117496
luc-	0.00808625336926	0.987870619946	0.0	0.00404312668463
bze-	0.530953077567	0.245941472356	0.0539088261452	0.169196623932
led-	0.793416277864	0.0914981855884	0.0627268014515	0.0523587350959
wkw-	0.689439031339	0.179722603154	0.0855183148214	0.0453200506857
jec-	0.0	1.0	0.0	0.0
dec-	0.0106382978723	0.739361702128	0.0106382978723	0.239361702128
net-	0.0322601087303	0.0172690131616	0.00428008726651	0.946190790842
bic-	0.0847435585262	0.765583884391	0.0833832637044	0.0662892933781
wke-	0.681670634062	0.243965296768	0.0247880230568	0.0495760461136
kon-	0.148670356611	0.123284303335	0.0697168382477	0.658328501807
lló-	0.413621262458	0.398671096346	0.0730897009966	0.114617940199
eli-	0.0606446299554	0.884325983604	0.00898438962303	0.046044996818
ra'-	0.234291700148	0.404688099668	0.139817607766	0.221202592417
nay-	0.121953751731	0.826370929738	0.0124020764473	0.039273242083
nná-	0.672791824224	0.235022757553	0.009703728234	0.082481689989
di'-	0.263054922069	0.261257051356	0.0779719455659	0.397716081009
nag-	0.0	1.0	0.0	0.0
col-	0.0	1.0	0.0	0.0
jab-	0.629646868988	0.0893688326196	0.0214112828151	0.259573015577
xis-	0.170561375235	0.820037604083	0.00940102068226	0.0
waw-	0.215675271231	0.438458660681	0.248222970445	0.0976430976431
ene-	0.034188034188	0.91452991453	0.051282051282	0.0
díd-	0.0	1.0	0.0	0.0
bdi-	0.564710830355	0.297841437719	0.050448232702	0.0869994992244
pan-	0.0	1.0	0.0	0.0
rom-	0.03090351498	0.670323189432	0.277777777778	0.0209955178108
jez-	0.347215807695	0.440187250834	0.12181649566	0.0907804458107
lec-	0.557565357337	0.323650544586	0.0239695184136	0.0948145796632
lly-	0.46492599608	0.331399487842	0.0717677474078	0.131906768671
ari-	0.0092936802974	0.985130111524	0.00185873605948	0.00371747211896
yoe-	0.299540285507	0.370917009436	0.0604887490927	0.269053955964
lyi-	0.035	0.92	0.00750000000002	0.0375
cre-	0.0301409820126	0.953330092368	0.00291686922703	0.0136120563928
lat-	0.277290767005	0.226681842638	0.0244159443059	0.471611446051
pen-	0.0126582278481	0.962025316456	0.0126582278481	0.0126582278481
ka'-	0.0977875391772	0.0173508858825	0.0100106717553	0.874850903185
wix-	0.448966408269	0.414082687339	0.0710594315245	0.0658914728682
éfe-	0.0288819875776	0.959937888199	0.00652173913043	0.00465838509317
wze-	0.485042860161	0.279167757444	0.0911451857734	0.144644196622
nzi-	0.209464972417	0.0691225687729	0.010086581927	0.711325876883
zya-	0.56311972769	0.303685067338	0.0310788811603	0.102116323812
got-	0.457923052668	0.333825063547	0.111144407116	0.0971074766689
akx-	0.070034216395	0.05660188891	0.011232540987	0.862131353708
nen-	0.134812450382	0.0504855439261	0.00517808505412	0.809523920638
xet-	0.389830508475	0.449152542373	0.0	0.161016949152
lab-	0.398272047203	0.197134127068	0.0	0.40459382573
gao-	0.583074172977	0.316254776981	0.0357892671804	0.0648817828619
yor-	0.2033126294	0.756935817805	0.00621118012423	0.0335403726708
zon-	0.240880685947	0.329893910769	0.0539165818922	0.375308821392
jua-	0.0290762443741	0.930618065149	0.00811015551892	0.0321955349583
rod-	0.0	1.0	0.0	0.0
bas-	0.686402038944	0.205477458727	0.0379656413151	0.0701548610132
lwe-	0.0715968673033	0.275660942549	0.0891722403198	0.563569949828
yex-	0.558500263543	0.328361949234	0.0553118070867	0.0578259801361
yes-	0.536882167169	0.325678991803	0.0775385583439	0.0599002826846
do'-	0.227612839336	0.416005181359	0.193331653371	0.163050325935
le'-	0.0395846125622	0.0548927168047	0.00287345799237	0.902649212641
pól-	0.0	0.973799126638	0.0	0.0262008733624
lek-	0.204425235757	0.242705747469	0.138691685583	0.414177331191
ang-	0.0216825549988	0.951377125732	0.00616281813348	0.0207775011357
yar-	0.0917332182172	0.834340600043	0.0712281459098	0.00269803582992
bax-	0.674646524548	0.202940166672	0.0813695808234	0.0410437279566
gor-	0.184292243949	0.538273711116	0.218988297832	0.0584457471033
nxe-	0.157354129568	0.593692218071	0.0838888848651	0.165064767496
zaf-	0.0	1.0	0.0	0.0
wax-	0.362828246179	0.487505102272	0.112930291623	0.0367363599256
666-	0.0	0.0	0.0	1.0
bér-	0.61935483871	0.264516129032	0.116129032258	0.0
cai-	0.0292263610315	0.96217765043	0.00687679083095	0.00171919770773
sod-	0.0317144872395	0.959224230692	0.00906128206843	0.0
bij-	0.321899736148	0.488126649077	0.102022867194	0.0879507475813
wre-	0.579435521077	0.223106103496	0.123961417863	0.073496957564
jot-	0.0	1.0	0.0	0.0
dex-	0.0247933884298	0.925619834711	0.0495867768595	0.0
wey-	0.427966101695	0.572033898305	0.0	0.0
tya-	0.0536912751678	0.845637583893	0.10067114094	0.0
zab-	0.01108033241	0.98891966759	0.0	0.0
xob-	0.569721115538	0.322709163347	0.0717131474103	0.0358565737052
óni-	0.0	0.803921568627	0.196078431373	0.0
sey-	0.0825215436494	0.872517796928	0.0379355563882	0.00702510303485
rox-	0.0509884855672	0.877991838107	0.0309572948087	0.0400623815171
hoz-	0.14	0.02	0.84	0.0
jaw-	0.693879356094	0.174627041689	0.0468777640191	0.0846158381981
jes-	0.0132568973017	0.732972796687	0.00519075374392	0.248579552267
zla-	0.0775969962453	0.338548185231	0.551939924906	0.0319148936171
zre-	0.318324197337	0.405246671887	0.0853563038371	0.191072826938
jel-	0.485948477752	0.299765807962	0.11943793911	0.0948477751756
met-	0.135371179039	0.729257641921	0.0524017467249	0.0829694323144
lez-	0.196143617021	0.359375	0.115596504559	0.328884878419
ze'-	0.257596524016	0.369673687277	0.0375976169285	0.335132171779
mna-	0.0	0.911764705882	0.0441176470588	0.0441176470588
nef-	0.0	1.0	0.0	0.0
xe'-	0.0757868048283	0.785867827812	0.0520862040456	0.0862591633136
dap-	0.0790655884995	0.0907457322551	0.0970350404313	0.733153638814
xpe-	0.165347423396	0.604329021992	0.164225386593	0.0660981680199
ken-	0.225371221829	0.220811034899	0.0469209316349	0.506896811638
nne-	0.479723024204	0.23109888409	0.0386422450419	0.250535846664
azu-	0.0406976744186	0.959302325581	0.0	0.0
tbe-	0.475	0.3375	0.1125	0.075
daz-	0.384	0.048	0.376	0.192
ele-	0.0	1.0	0.0	0.0
jal-	0.538071003721	0.303459411221	0.0582185741908	0.100251010867
bka-	0.56338028169	0.140845070423	0.093896713615	0.201877934272
nit-	0.113697888468	0.526258798051	0.113697888468	0.246345425014
ged-	0.0	1.0	0.0	0.0
nya-	0.102389957733	0.565293942368	0.245673655423	0.0866424444766
tró-	0.010989010989	0.945054945055	0.032967032967	0.010989010989
lay-	0.112251311361	0.822371551253	0.0579759520215	0.00740118536445
bem-	0.532743362832	0.202654867257	0.138053097345	0.126548672566
gok-	0.570973759788	0.136828545275	0.0597186192044	0.232479075733
lkw-	0.320200125078	0.559724828018	0.0656660412758	0.0544090056285
olí-	0.0	0.90977443609	0.0902255639098	0.0
par-	0.0	1.0	0.0	0.0
llt-	0.46806421244	0.394169588365	0.0605035060382	0.0772626931567
jul-	0.0372670807453	0.888198757764	0.0	0.0745341614907
nti-	0.738095238095	0.0714285714286	0.047619047619	0.142857142857
nah-	0.0	1.0	0.0	0.0
nse-	0.357436232281	0.451313267477	0.0914126840365	0.0998378162057
baj-	0.235294117647	0.270588235294	0.352941176471	0.141176470588
yób-	0.469387755102	0.0204081632653	0.479591836735	0.0306122448979
rag-	0.0	1.0	0.0	0.0
feb-	0.0434782608696	0.95652173913	0.0	0.0
wyi-	0.440201894399	0.305627478614	0.101848513651	0.152322113336
raw-	0.220045768629	0.251276454769	0.0569045484663	0.471773228136
bse-	0.657714415757	0.153843261787	0.0204206160813	0.168021706375
yen-	0.480680133432	0.331854614529	0.0631833765752	0.124281875463
gay-	0.0137723159681	0.247614764176	0.0206584739521	0.717954445904
bwi-	0.61446471454	0.188724920598	0.0455592997134	0.151251065148
beb-	0.149937218406	0.834552034862	0.0155107467317	0.0
bzó-	0.0864197530864	0.716049382716	0.197530864197	0.0
kin-	0.263008148127	0.146424146545	0.0161025396813	0.574465165646
rwe-	0.0367440450483	0.03412459617	0.0056680832989	0.923463275483
déb-	0.516556291391	0.423841059603	0.0397350993377	0.0198675496689
sll-	0.677304964539	0.179964539007	0.0159574468085	0.126773049645
dan-	0.0428834822126	0.0235162696649	0.00266825664323	0.930931991479
yér-	0.189562764457	0.715655853314	0.0473906911142	0.0473906911142
bza-	0.534618177765	0.226705700209	0.0473304923137	0.191345629712
zez-	0.80833917309	0.149614576034	0.0	0.0420462508759
gre-	0.311072056239	0.664323374341	0.0175746924429	0.00702987697714
ser-	0.417551803788	0.318298461829	0.172091405347	0.092058329036
nbe-	0.502608695652	0.269316770186	0.15850931677	0.0695652173913
ney-	0.403811252269	0.449183303085	0.0381125226861	0.10889292196
ndi-	0.405816706121	0.452147446737	0.103990530944	0.0380453161989
cri-	0.0350207879608	0.8289223437	0.0106360002254	0.125420868114
zoz-	0.249323559797	0.589511487185	0.128105475476	0.0330594775422
ted-	0.335051546392	0.226804123711	0.0309278350516	0.407216494845
elm-	0.0	1.0	0.0	0.0
jef-	0.0	1.0	0.0	0.0
jwa-	0.886411889597	0.0562632696391	0.0127388535032	0.0445859872612
ran-	0.187524119892	0.724679473436	0.0540285579521	0.03376784872
twa-	0.0580554867619	0.074740679733	0.062893443992	0.804310389513
xal-	0.00557103064067	0.952055372668	0.00101291466194	0.0413606820292
zel-	0.348099832405	0.446029804774	0.116863704308	0.0890066585133
yon-	0.113585746102	0.766146993319	0.0	0.120267260579
rin-	0.26213592233	0.665048543689	0.0395284327323	0.0332871012483
kob-	0.0693269143927	0.101310359181	0.741175592842	0.0881871335844
nxh-	0.290693962806	0.373241520273	0.193094673855	0.142969843066
was-	0.325949932862	0.425434396121	0.0893787679128	0.159236903104
sos-	0.0	0.966666666667	0.0	0.0333333333333
don-	0.311232949987	0.34455736828	0.312917892485	0.0312917892485
fél-	0.00477897252091	0.933094384707	0.0286738351254	0.0334528076463
zán-	0.490196078431	0.5	0.0	0.00980392156862
bit-	0.149709589412	0.302340448454	0.0369588270771	0.510991135057
dog-	0.284680409905	0.123390087324	0.387575262172	0.2043542406
koe-	0.15	0.67	0.18	0.0
leg-	0.405568920319	0.33065073909	0.0693638539701	0.194416486621
nom-	0.685732693334	0.18307514006	0.0204627500638	0.110729416542
xoz-	0.110050368006	0.574226835758	0.0313298644141	0.284392931821
nia-	0.454657281866	0.177030502777	0.0319931321489	0.336319083208
sin-	0.103116290854	0.881682290347	0.0	0.0152014187991
esa-	0.149159663865	0.850840336135	0.0	0.0
már-	0.0	0.905660377358	0.0943396226415	0.0
sia-	0.0272513315992	0.474957677856	0.304306536191	0.193484454354
gag-	0.181413466889	0.252643294379	0.146911519199	0.419031719533
bla-	0.499388603571	0.433113230619	0.0410858400586	0.026412325752
xo'-	0.118162336263	0.389376244278	0.186403925895	0.306057493565
wat-	0.079568335558	0.294812334563	0.574647632407	0.0509716974729
nwa-	0.183266932271	0.673306772909	0.143426294821	0.0
aug-	0.032967032967	0.967032967033	0.0	0.0
zga-	0.0729259989249	0.0976527504032	0.214298512811	0.615122737861
mos-	0.0655795504627	0.797972675187	0.130101366241	0.0063464081093
bec-	0.516834280717	0.424136423262	0.0275470048098	0.0314822912112
mis-	0.0377358490566	0.962264150943	0.0	0.0
wdo-	0.414821878619	0.525100469995	0.0	0.0600776513862
dor-	0.0	1.0	0.0	0.0
fri-	0.0258064516129	0.935483870968	0.0387096774193	0.0
reg-	0.0454545454545	0.954545454545	0.0	0.0
pla-	0.0767169995129	0.835119337555	0.0823185582075	0.0058451047248
mac-	0.0155734939134	0.973213590469	0.00778674695668	0.00342616866094
bke-	0.981818181818	0.0181818181818	0.0	0.0
ico-	0.0623441396509	0.849542809643	0.0349127182045	0.0532003325021
wza-	0.345672626964	0.544634500764	0.0683156002167	0.0413772720555
bet-	0.340838971463	0.439935467143	0.0414499504701	0.177775610924
wed-	0.464168912988	0.237351334975	0.214139782023	0.0843399700145
nar-	0.279593592087	0.584937103537	0.0812815826255	0.0541877217504
bre-	0.710335984622	0.104908935836	0.0210454697828	0.16370960976
sal-	0.0156882591093	0.97520242915	0.000759109311743	0.00835020242915
aks-	0.341001446011	0.208190254477	0.121293712873	0.329514586639
wla-	0.46799803762	0.380153956185	0.0819234474836	0.0699245587108
neá-	0.043321299639	0.924187725632	0.0	0.0324909747292
gab-	0.15477265951	0.73829350301	0.07210998909	0.0348238483898
bti-	0.497906357061	0.42139322421	0.0677578987438	0.0129425199848
byi-	0.0430122326494	0.855382432392	0.0529930216199	0.0486123133387
cam-	0.0538116591928	0.919282511211	0.0269058295964	0.0
nsa-	0.317525529659	0.354934792489	0.0412891033229	0.28625057453
yan-	0.310306009925	0.548635361147	0.0119463333946	0.129112295534
bad-	0.498488699975	0.258967066972	0.0627530101033	0.179791222949
nwe-	0.864705882353	0.0529411764706	0.0823529411765	0.0
sim-	0.0108868109239	0.985315464335	0.00101272659758	0.00278499814333
yew-	0.363357187903	0.313043239834	0.177346384799	0.146253187464
zil-	0.185185185185	0.258373074604	0.424180964388	0.132260775823
lba-	0.044140929374	0.886494753038	0.0436558642161	0.0257084533717
nox-	0.15597112203	0.0467762959992	0.0163441291487	0.780908452823
sot-	0.352536827104	0.336112159832	0.0904734208817	0.220877592183
est-	0.0803968525488	0.809784468012	0.0472117687307	0.0626069107081
dám-	0.0	1.0	0.0	0.0
ren-	0.0455304208282	0.0352563636302	0.0130642012704	0.906149014271
ror-	0.4645942293	0.2997002997	0.103484750544	0.132220720456
nna-	0.266987950307	0.109349058795	0.0358038047173	0.587859186181
pru-	0.876739562624	0.123260437376	0.0	0.0
sul-	0.0201342281879	0.342281879195	0.637583892617	0.0
cep-	0.0392156862745	0.921568627451	0.0392156862745	0.0
tab-	0.183175033921	0.759837177748	0.0	0.056987788331
naz-	0.0736705823381	0.881631145827	0.0145187817274	0.0301794901075
gal-	0.0259979888713	0.449383054407	0.0683513569329	0.456267599789
nac-	0.0	1.0	0.0	0.0
xhg-	0.100706713781	0.795053003534	0.0371024734982	0.0671378091873
zid-	0.0720288115246	0.451380552221	0.406962785114	0.0696278511405
bne-	0.523583466572	0.127942589062	0.0145267787407	0.333947165626
kar-	0.286403861625	0.694288012872	0.00965406275141	0.0096540627514
soa-	0.40625	0.181818181818	0.0142045454545	0.397727272727
sel-	0.363455149502	0.455813953488	0.0863787375415	0.0943521594684
xhn-	0.121922249927	0.603226219194	0.161772204833	0.113079326045
neb-	0.178947368421	0.252631578947	0.536842105263	0.0315789473684
wko-	0.563985374771	0.322669104205	0.0502742230348	0.063071297989
wad-	0.297240881837	0.445432098816	0.129133084526	0.128193934821
nlá-	0.0815217391304	0.146739130435	0.760869565217	0.0108695652174
gde-	0.137300843486	0.837160262418	0.0142924086223	0.0112464854733
gak-	0.384917794445	0.174338893986	0.0583999370764	0.382343374493
nwi-	0.438479936221	0.348923731066	0.112941801754	0.0996545309594
max-	0.19165154265	0.448275862069	0.347005444646	0.0130671506352
not-	0.139397982198	0.287647025001	0.0281595831521	0.544795409649
mer-	0.0	0.882352941176	0.117647058824	0.0
wao-	0.166658764402	0.757479493623	0.0516808117206	0.0241809302546
dop-	0.702549575071	0.237960339943	0.042492917847	0.0169971671388
lel-	0.560919208104	0.298807908518	0.0479064638565	0.092366419522
nel-	0.15751291565	0.172233685106	0.503035831686	0.167217567558
bnn-	0.533725483503	0.289180356439	0.0353716697854	0.141722490273
one-	0.0	1.0	0.0	0.0
cei-	0.0898229144443	0.80392575208	0.0921698314486	0.0140815020269
niz-	0.395900196708	0.105600993892	0.198260689512	0.300238119888
gog-	0.0	1.0	0.0	0.0
saf-	0.0662983425415	0.546961325967	0.0	0.386740331492
kap-	0.409256249906	0.552557568562	0.0182629563852	0.0199232251475
jaz-	0.499674344248	0.359109479543	0.0738942506957	0.0673219255136
nye-	0.1	0.225	0.625	0.05
430-	0.412587412587	0.0	0.0	0.587412587413
lal-	0.161503520873	0.394361796727	0.0605638203274	0.383570862073
jas-	0.484078425919	0.405200584023	0.0442362511298	0.0664847389279
txh-	0.0662235073684	0.229232975447	0.0201365510003	0.684406966184
wpe-	0.15859030837	0.488986784141	0.352422907489	0.0
cho-	0.160829819686	0.185816151077	0.1114609535	0.541893075737
llo-	0.328194337709	0.245091269734	0.0549834842485	0.371730908309
bxi-	0.28560760691	0.529197988749	0.0925972021705	0.0925972021706
yeb-	0.144166741879	0.718715539528	0.0780882760328	0.0590294425604
nra-	0.202565632458	0.693019093079	0.0751789976133	0.0292362768496
lme-	0.0354565024693	0.831581613271	0.129162973281	0.00379891097886
yox-	0.0281456953643	0.866997792495	0.0430463576159	0.0618101545253
ga'-	0.271143940735	0.213004271563	0.0730450148334	0.442806772869
egi-	0.0660416666667	0.890833333333	0.033125	0.00999999999999
rax-	0.316118907196	0.627511358593	0.0294659974286	0.0269037367826
sín-	0.0	1.0	0.0	0.0
ley-	0.163202465845	0.745296272571	0.038679181748	0.0528220798361
esm-	0.00995024875622	0.840796019901	0.149253731343	0.0
pri-	0.049889135255	0.916851441242	0.0	0.0332594235033
twe-	0.223315778871	0.227200782756	0.0962329851219	0.45325045325
tro-	0.117946407273	0.877547774921	0.00291552916854	0.00159028863739
yi'-	0.107387996059	0.796070443876	0.0669553529784	0.0295862070869
nie-	0.0722864264673	0.770904146839	0.0326308633583	0.124178563336
gol-	0.653391124585	0.073061187925	0.0113845076548	0.262163179835
ela-	0.0	1.0	0.0	0.0
jwe-	0.501750291715	0.339556592765	0.0816802800466	0.0770128354726
yoj-	0.0882352941177	0.911764705882	0.0	0.0
nza-	0.329411764706	0.374394463668	0.242214532872	0.0539792387543
arp-	0.0438756855576	0.946983546618	0.0	0.00914076782449
itu-	0.0	1.0	0.0	0.0
cap-	0.00635593220339	0.988347457627	0.0	0.00529661016949
fen-	0.035661218425	0.915304606241	0.0178306092125	0.0312035661219
yek-	0.586931307561	0.181672798777	0.0867815253209	0.144614368341
ras-	0.0489933968397	0.57285226223	0.0142718195104	0.36388252142
yoa-	0.214536106567	0.690348212199	0.0465061930358	0.0486094881982
man-	0.0	0.994141769186	0.0	0.00585823081429
men-	0.120401337793	0.859531772575	0.0	0.0200668896321
rob-	0.0	1.0	0.0	0.0
kes-	0.0150905432596	0.891348088531	0.0935613682092	0.0
sie-	0.461837157145	0.40007479587	0.035364012033	0.102724034953
ceb-	0.024557956778	0.918958742633	0.0270137524558	0.0294695481336
tap-	0.0285453725228	0.22730229419	0.0170576006539	0.727094732633
lch-	0.0595440213437	0.228413776376	0.696458889158	0.0155833131215
bye-	0.669801694355	0.1786656345	0.0370440985223	0.114488572623
xhy-	0.0753396116343	0.804233686141	0.0624218684891	0.0580048337361
sol-	0.387544908187	0.195228654699	0.0881209395407	0.329105497573
bib-	0.116499734227	0.233697832191	0.0473647574266	0.602437676155
ces-	0.0089071599863	0.917437478589	0.00205549845838	0.0715998629668
jet-	0.123689727463	0.844863731656	0.0	0.0314465408805
kre-	0.239261340827	0.320085641643	0.197511039743	0.243141977787
ced-	0.0	1.0	0.0	0.0
wll-	0.339960455794	0.239950311601	0.18563457061	0.234454661995
teg-	0.492857142857	0.257142857143	0.164285714286	0.0857142857143
nch-	0.3423795889	0.358453008462	0.203259528086	0.0959078745517
com-	0.0	1.0	0.0	0.0
mag-	0.015	0.940833333333	0.0266666666667	0.0175
dmi-	0.0362068965517	0.876724137931	0.0413793103449	0.0456896551725
sko-	0.723684210526	0.0394736842105	0.0	0.236842105263
job-	0.422535211268	0.483568075117	0.093896713615	0.0
cef-	0.0887096774193	0.875	0.0362903225806	0.0
wap-	0.435013968338	0.425302647333	0.0625249434615	0.0771584408673
elí-	0.00373443983402	0.992531120332	0.00124481327801	0.00248962655601
aqu-	0.0759919300605	0.917955615333	0.0	0.00605245460659
ket-	0.0986732695221	0.08470379541	0.0202520418345	0.796370893233
dru-	0.0	0.977777777778	0.0222222222222	0.0
pau-	0.0176991150442	0.823008849558	0.159292035398	0.0
nil-	0.328903654485	0.167774086379	0.014950166113	0.488372093023
bko-	0.351269691169	0.579537329612	0.0283691214798	0.0408238577392
taw-	0.0	1.0	0.0	0.0
leb-	0.147762644312	0.27413165566	0.0328562723365	0.545249427692
bzá-	0.473429951691	0.270531400966	0.169082125604	0.0869565217391
llz-	0.458332860541	0.340276204211	0.0694428700746	0.131948065174
alf-	0.0	1.0	0.0	0.0
zek-	0.516574812865	0.254339063914	0.0839022785227	0.145183844698
kox-	0.275312705727	0.64944042133	0.0136273864384	0.0616194865043
las-	0.037037037037	0.962962962963	0.0	0.0
bra-	0.163156046604	0.396535055965	0.356154145223	0.0841547522086
yál-	0.55980559158	0.244023218208	0.0904049515868	0.105766238625
eti-	0.0	0.871657754011	0.128342245989	0.0
jad-	0.7557167784	0.151712737625	0.033474148223	0.0590963357517
esp-	0.436293436293	0.428571428571	0.0926640926641	0.0424710424711
bes-	0.6911529191	0.237669249559	0.0208680460068	0.0503097853341
aky-	0.527182866557	0.245469522241	0.148270181219	0.0790774299835
pad-	0.0576923076923	0.778846153846	0.0	0.163461538462
ter-	0.548825710754	0.160692212608	0.146477132262	0.144004944376
tíq-	0.00793650793652	0.984126984127	0.0	0.00793650793651
yey-	0.422310492836	0.293478656112	0.119568510341	0.164642340711
zok-	0.404048390923	0.242705780027	0.0880973089797	0.265148520071
go'-	0.578237664532	0.262340295	0.0399635163591	0.119458524109
wen-	0.174457056331	0.262067749135	0.336571529742	0.226903664791
wxh-	0.222632711962	0.404043667702	0.246332751936	0.1269908684
arf-	0.0	1.0	0.0	0.0
wro-	0.539061749973	0.232703424642	0.0603766048531	0.167858220532
cum-	0.0441176470588	0.779411764706	0.0	0.176470588235
xho-	0.211557449539	0.674287316118	0.0289738205566	0.0851814137871
bar-	0.204870793473	0.663965756513	0.0534720701654	0.0776913798484
nko-	0.0	0.752941176471	0.176470588235	0.0705882352941
zeb-	0.0387897595035	0.910007757952	0.0232738557021	0.0279286268425
pis-	0.163895486936	0.814726840855	0.0	0.021377672209
amó-	0.0	1.0	0.0	0.0
zol-	0.157967734871	0.180670121907	0.149353967443	0.512008175779
ten-	0.381026438569	0.133748055988	0.398133748056	0.0870917573873
yep-	0.616622585442	0.09609407744	0.124390723288	0.16289261383
his-	0.0	0.932735426009	0.067264573991	0.0
rad-	0.165131727119	0.236009553919	0.0139485726466	0.584910146316
spí-	0.00562645852989	0.956477688431	0.031993587719	0.00590226532057
fan-	0.0	1.0	0.0	0.0
zje-	0.5	0.31052631579	0.0315789473684	0.157894736842
wsi-	0.569637307561	0.319411261011	0.0821551966754	0.028796234753
quí-	0.0	1.0	0.0	0.0
heb-	0.0408141053548	0.889529821506	0.0598606878537	0.00979538528516
da'-	0.177047754598	0.265352666063	0.175349998381	0.382249580958
nín-	0.0	1.0	0.0	0.0
yit-	0.576972172581	0.236150114884	0.132754659178	0.0541230533572
akj-	0.343065693431	0.248175182482	0.204379562044	0.204379562044
soe-	0.3744833413	0.203699865089	0.129485392141	0.29233140147
awa-	0.0198150594452	0.0739762219287	0.0	0.906208718626
zi'-	0.246084218999	0.442657534333	0.0995937664378	0.21166448023
