jer-	0.0157933489306	0.962793048312	0.00557668596723	0.0158369167897
ñaz-	0.599039615846	0.200480192077	0.117647058823	0.0828331332533
agu-	0.41717791411	0.509202453988	0.0368098159509	0.0368098159509
ni'-	0.168716817527	0.0915731792562	0.0158059652439	0.723904037973
soh-	0.214323607427	0.257824933687	0.171352785146	0.35649867374
xer-	0.473197781886	0.264325323475	0.218114602588	0.0443622920518
xpr-	0.4	0.367647058824	0.161764705882	0.0705882352941
fig-	0.0711407705867	0.915638378242	0.0075547720977	0.00566607907328
del-	0.222070195542	0.343274107017	0.0648952723004	0.36976042514
ziy-	0.231031766868	0.64295090575	0.0525072197427	0.0735101076398
maa-	0.0804767869229	0.863384867205	0.0342710261831	0.0218673196891
ruu-	0.467419251165	0.372087417644	0.096215651615	0.0642776795758
jac-	0.00362378861923	0.983019961898	0.00993953449846	0.00341671498385
aay-	0.462264150943	0.452830188679	0.0283018867925	0.0566037735849
viu-	0.166467065868	0.658083832335	0.085628742515	0.0898203592814
ta'-	0.603514680322	0.261958996019	0.0886070981368	0.0459192255219
pro-	0.0492558749462	0.513570447098	0.397159234093	0.0400144438635
xts-	0.308604814865	0.488046695657	0.0602523300659	0.143096159413
júp-	0.0	1.0	0.0	0.0
coo-	0.460285132383	0.417515274949	0.0773930753564	0.0448065173116
abí-	0.0	1.0	0.0	0.0
sto-	0.170674441061	0.21491272987	0.0184896205648	0.595923208504
mah-	0.188565472383	0.121956665627	0.222036786494	0.467441075496
alm-	0.0	0.954545454545	0.0454545454545	0.0
bux-	0.0512212473322	0.891866255632	0.0341474982215	0.0227649988143
uuh-	0.307032700997	0.397466342644	0.0540550529924	0.241445903366
eno-	0.0241286863271	0.975871313673	0.0	0.0
ola-	0.559701492537	0.417910447761	0.0223880597015	0.0
ñul-	0.760773258155	0.145791381394	0.0700765203383	0.0233588401128
lis-	0.0448008849558	0.821349557522	0.132190265487	0.0016592920354
xjw-	0.299779693609	0.494550246327	0.125479511393	0.0801905486716
rac-	0.474228893783	0.277903286875	0.0983777287376	0.149490090605
ohr-	0.012527073699	0.745477960546	0.232628929345	0.00936603641046
tom-	0.00833333333333	0.973333333333	0.0	0.0183333333333
pre-	0.406817970709	0.544880329442	0.0380840325727	0.0102176672756
bap-	0.160714285714	0.732142857143	0.107142857143	0.0
lac-	0.145631067961	0.519417475728	0.179611650485	0.155339805825
ñib-	0.43695165392	0.28341572556	0.184927384311	0.0947052362079
seg-	0.439893926479	0.112635466981	0.0321670657954	0.415303540745
euf-	0.00869565217391	0.95652173913	0.0	0.0347826086956
der-	0.059014397935	0.34029367808	0.531562317605	0.0691296063803
pró-	0.0	1.0	0.0	0.0
abi-	0.0	0.969103258871	0.0308967411294	0.0
zin-	0.385707202182	0.447254245692	0.0199578529813	0.147080699145
ruy-	0.0694444444444	0.513888888889	0.333333333333	0.0833333333333
mil-	0.113049410389	0.808400740669	0.0612026118312	0.0173472371114
ña'-	0.360574328598	0.314315158872	0.240089268824	0.0850212437055
tib-	0.00975609756097	0.985365853659	0.0	0.00487804878048
gan-	0.318814175045	0.360960249887	0.158522934635	0.161702640432
rro-	0.538575632358	0.260882806369	0.043298746184	0.157242815089
cef-	0.202898550725	0.739130434783	0.0	0.0579710144928
nug-	0.47796232761	0.338609540846	0.113885957986	0.0695421735576
bay-	0.429088479937	0.327933706123	0.10511806135	0.13785975259
mig-	0.0744985673352	0.925501432665	0.0	0.0
mas-	0.206576175373	0.0946044509353	0.0714524229301	0.627366950761
rcl-	0.586983267717	0.221087598425	0.0983636811024	0.0935654527558
xse-	0.0782608695652	0.869565217391	0.0521739130435	0.0
paf-	0.0350877192982	0.964912280702	0.0	0.0
za'-	0.142793044274	0.21247513982	0.468039227927	0.176692587978
cah-	0.10101010101	0.693509165732	0.100074822297	0.105405910961
abr-	0.022885227445	0.943681122394	0.0246281421179	0.00880550804339
ñut-	0.558235754306	0.266109610251	0.0602149413166	0.115439694126
ñir-	0.504979513712	0.343691120615	0.0427669946467	0.108562371026
así-	0.0	1.0	0.0	0.0
nen-	0.300851226828	0.195753278397	0.0707080214682	0.432687473307
has-	0.153280553986	0.0918206435439	0.0104041978583	0.744494604612
ya'-	0.176823176823	0.371828171828	0.354645354645	0.0967032967033
zac-	0.288314524556	0.587302040875	0.0717459223352	0.0526375122337
dah-	0.0432343775628	0.903231097261	0.0306380186977	0.0228965064786
her-	0.0848249914491	0.825637517577	0.0451487857713	0.0443887052027
mul-	0.46441495778	0.53558504222	0.0	0.0
ate-	0.0	1.0	0.0	0.0
tii-	0.31571449601	0.34084014021	0.111883616538	0.231561747243
xne-	0.220391964035	0.299955511848	0.214918750585	0.264733773532
har-	0.122504141599	0.824309006888	0.0531868515128	0.0
caz-	0.499384425977	0.352723915051	0.0989535241613	0.0489381348107
sin-	0.0847889863359	0.0939881780529	0.0312643247078	0.789958510903
rdi-	0.398530748304	0.415804872746	0.117875291752	0.067789087198
urí-	0.0	1.0	0.0	0.0
dor-	0.126262626263	0.639730639731	0.0117845117845	0.222222222222
zab-	0.421856915531	0.316387291226	0.112506570545	0.149249222698
xsw-	0.769911504425	0.230088495575	0.0	0.0
pat-	0.0528634361233	0.947136563877	0.0	0.0
buh-	0.187984189723	0.783557312253	0.018023715415	0.0104347826087
gni-	0.0666666666666	0.733333333333	0.0	0.2
lla-	0.0844922366734	0.73583444058	0.0851338483424	0.0945394744041
laj-	0.361237488626	0.466787989081	0.0818926296633	0.0900818926296
yo'-	0.266835443038	0.569113924051	0.0789873417722	0.0850632911392
gu'-	0.510786134773	0.0834805717453	0.0211760940996	0.384557199382
jor-	0.0	1.0	0.0	0.0
noy-	0.217058634021	0.437419458763	0.0	0.345521907216
tió-	0.0	0.991935483871	0.00806451612903	0.0
gen-	0.0930232558139	0.858676207513	0.00536672629697	0.0429338103756
ñiñ-	0.482257837947	0.269183806518	0.102810291234	0.1457480643
zia-	0.172740435114	0.194658179427	0.493037009785	0.139564375675
guu-	0.432521854476	0.184415529509	0.0859672245579	0.297095391457
bi'-	0.428493813121	0.249930278509	0.236906249636	0.0846696587336
jam-	0.153846153846	0.846153846154	0.0	0.0
rzu-	0.298033702095	0.455030754024	0.208048056656	0.0388874872254
aca-	0.0126939351199	0.984485190409	0.0	0.00282087447109
mar-	0.0149847338246	0.827909697483	0.0173929946178	0.139712574074
bac-	0.555238360259	0.286872174419	0.0510532363871	0.106836228935
por-	0.274725274725	0.725274725275	0.0	0.0
alf-	0.0	1.0	0.0	0.0
pas-	0.10515374621	0.619315721091	0.155132091815	0.120398440883
cos-	0.31848792648	0.565799754437	0.0881794843175	0.0275328347658
ñux-	0.870503597122	0.0359712230216	0.0359712230216	0.0575539568345
sig-	0.258427600745	0.467353046359	0.102204069341	0.172015283555
buu-	0.130019120459	0.804971319312	0.0592734225621	0.0057361376673
och-	0.0	0.309118147424	0.0	0.690881852576
zer-	0.181818181818	0.681818181818	0.111570247934	0.0247933884298
nai-	0.0	0.925925925926	0.0	0.0740740740741
zux-	0.442494914269	0.400335567422	0.10758364211	0.0495858761988
xma-	0.0409619847907	0.903392302276	0.020741768988	0.0349039439451
rat-	0.330419210803	0.308564041543	0.327171427562	0.0338453200926
che-	0.470372284404	0.371678874529	0.0525089607316	0.105439880335
gug-	0.506936304034	0.390532109417	0.0393648055502	0.0631667809992
epa-	0.0236171535115	0.931634555625	0.0	0.0447482908639
yac-	0.459422283356	0.243466299862	0.148555708391	0.148555708391
bwa-	0.788981869293	0.116152141509	0.0170878650654	0.0777781241321
xed-	0.0443655723158	0.902395740905	0.0532386867791	0.0
asi-	0.00481540930979	0.992241840556	0.00294275013376	0.0
gun-	0.40328431567	0.328425122698	0.023334093846	0.244956467786
nan-	0.207585454933	0.484857038484	0.161158036906	0.146399469678
gax-	0.474482763438	0.301505958174	0.0875541916768	0.136457086711
seq-	0.178947368421	0.473684210526	0.0	0.347368421053
uva-	0.0900118436636	0.838926174497	0.0710619818397	0.0
ses-	0.0	0.085	0.04	0.875
zix-	0.601474352901	0.320429382908	0.0252925401073	0.0528037240835
xch-	0.161588875111	0.464036057845	0.0507128391879	0.323662227855
bu'-	0.495833333333	0.3625	0.075	0.0666666666667
bir-	0.49177491519	0.154406313544	0.0628940682908	0.290924702975
tol-	0.0123456790123	0.987654320988	0.0	0.0
mel-	0.0409223099293	0.957831325301	0.00124636476942	0.0
biy-	0.581766465187	0.290736828896	0.0717796415201	0.0557170643967
ndx-	0.0440314881802	0.824454065377	0.0165631950819	0.114951251361
ñii-	0.158812003712	0.575641951119	0.0546560791997	0.210889965969
mir-	0.00956937799043	0.980861244019	0.0	0.00956937799042
isa-	0.00778804967045	0.987452586642	0.00173067770455	0.00302868598295
joe-	0.0	1.0	0.0	0.0
eut-	0.054794520548	0.835616438356	0.0821917808219	0.027397260274
pud-	0.0	1.0	0.0	0.0
dio-	0.0967741935484	0.903225806452	0.0	0.0
yah-	0.0754352497213	0.812865353667	0.0553383686956	0.0563610279159
bab-	0.548935670961	0.244279339937	0.0504372470803	0.156347742021
ita-	0.0	0.845637583892	0.154362416108	0.0
zus-	0.647796164713	0.232384173053	0.0520135189501	0.0678061432839
tuh-	0.031813469758	0.059821056045	0.019318897793	0.889046576404
rca-	0.42300579002	0.391748058008	0.12118496787	0.0640611841021
cac-	0.331638901438	0.424995070815	0.156845744409	0.0865202833374
moi-	0.0713552906215	0.882215000834	0.00664581111745	0.0397838974271
exc-	0.0510638297872	0.370212765957	0.502127659574	0.0765957446809
rio-	0.0840827825333	0.13067504605	0.739516740709	0.0457254307076
mee-	0.203359858532	0.49566755084	0.0406719717065	0.260300618921
ruñ-	0.48918300941	0.375604608214	0.0850848650075	0.0501275173688
rid-	0.369390834676	0.388206570739	0.167659090409	0.074743504176
yih-	0.0852336716802	0.536643885621	0.0148234055367	0.363299037162
roo-	0.132088193167	0.15922751604	0.392935842164	0.315748448629
jud-	0.023326022798	0.948914250129	0.00243684509788	0.0253228819755
nu'-	0.148162395976	0.0377416086191	0.0126543004452	0.801441694959
rbw-	0.528876957786	0.332578429792	0.0623651933941	0.0761794190277
ñin-	0.431623418395	0.497511408087	0.0477522246166	0.0231129489012
uzí-	0.0	1.0	0.0	0.0
cis-	0.0	0.921052631579	0.0789473684211	0.0
mal-	0.394202898551	0.415942028986	0.110144927536	0.0797101449276
sab-	0.122969837587	0.849187935035	0.0278422273782	0.0
raq-	0.0863309352518	0.870503597122	0.0	0.0431654676259
guñ-	0.660136384439	0.147312793044	0.0241656475631	0.168385174953
nin-	0.0433805709795	0.0116290941532	0.000486182970675	0.944504151897
lás-	0.0856150104239	0.810979847116	0.00333564975678	0.100069492703
rdu-	0.222222222222	0.686868686869	0.0909090909091	0.0
xsi-	0.093023255814	0.906976744186	0.0	0.0
rsa-	0.16704805492	0.662090007628	0.155606407323	0.0152555301297
guc-	0.473329289065	0.241676425169	0.0945690647548	0.190425221012
coh-	0.147755212278	0.570165772621	0.061336931645	0.220742083457
xic-	0.323514678382	0.384046012269	0.129736711784	0.162702597565
rch-	0.464491680068	0.353327631241	0.102893346432	0.0792873422593
sir-	0.0999832879107	0.836092970638	0.0606456008639	0.00327814058723
xas-	0.197860086453	0.437926123833	0.234407490958	0.129806298756
xqu-	0.145738401437	0.715723060184	0.0555237571285	0.0830147812512
ca'-	0.44815460291	0.349246567034	0.0550066716013	0.147592158455
sós-	0.0701754385964	0.912280701754	0.0175438596491	0.0
ñu'-	0.397314936932	0.279733522708	0.228264177742	0.0946873626189
lim-	0.57965139846	0.25415484394	0.0202675314147	0.145926226186
snu-	0.115886168699	0.444873002942	0.147552633308	0.291688195051
esr-	0.0	1.0	0.0	0.0
yu'-	0.130668890053	0.203839326215	0.174830556808	0.490661226924
and-	0.0252212389381	0.966814159292	0.0	0.00796460176993
ALL	0.221527613811	0.266439606749	0.0482660492343	0.463766730206
ana-	0.0554749818709	0.912980420595	0.0174039158811	0.0141406816534
swe-	0.196383302349	0.783336150076	0.0101402737874	0.0101402737874
zed-	0.739130434783	0.208695652174	0.0521739130435	0.0
a'g-	0.876923076923	0.123076923077	0.0	0.0
nii-	0.314316469322	0.458557588805	0.207750269107	0.0193756727664
lax-	0.18045112782	0.203007518797	0.285714285714	0.330827067669
loh-	0.0155954263808	0.00507624300173	0.00407649472141	0.975251835896
per-	0.0469204521396	0.0295925559752	0.00407281222268	0.919414179662
ñwa-	0.663373711806	0.126031459049	0.067329596818	0.143265232327
nuc-	0.322690992018	0.437856328392	0.184720638541	0.054732041049
bar-	0.33599297646	0.348246680245	0.120218549583	0.195541793711
cal-	0.288903061224	0.483782798834	0.0719752186589	0.155338921283
mor-	0.0	0.941512125535	0.0470756062768	0.0114122681883
rur-	0.433775339125	0.510745313215	0.0463344002439	0.00914494741655
nuz-	0.706784125379	0.274227644387	0.0050635280624	0.0139247021716
zor-	0.0	1.0	0.0	0.0
sín-	0.0	1.0	0.0	0.0
gaa-	0.57329929634	0.198756582302	0.0835863012782	0.144357820079
yuh-	0.0621156384263	0.733067442809	0.016159085015	0.188657833749
lid-	0.0300751879699	0.96992481203	0.0	0.0
ñan-	0.616633663366	0.0982178217822	0.110891089109	0.174257425743
guy-	0.57478889078	0.108376562899	0.0531449367206	0.2636896096
gas-	0.466991046576	0.322427897639	0.107901036849	0.102680018937
mes-	0.0666666666667	0.866666666667	0.0266666666666	0.04
far-	0.00777133825079	0.980571654373	0.000790305584826	0.0108667017914
biz-	0.124176334497	0.799563058269	0.0229248617532	0.0533357454816
arm-	0.0	1.0	0.0	0.0
si'-	0.699868593955	0.117739816031	0.0362680683311	0.146123521682
rud-	0.499723565064	0.238234016987	0.0624593396142	0.199583078335
uhv-	0.0555330160977	0.935428591955	0.00388947194459	0.00514892000283
xpa-	0.192062369299	0.719324016674	0.0418622935231	0.0467513205039
muh-	0.138888888889	0.708333333333	0.0	0.152777777778
xcu-	0.0737435653869	0.862901347683	0.0244348718643	0.0389202150653
lev-	0.0618675483418	0.902564873259	0.0348161506863	0.000751427712653
arc-	0.580868193003	0.395260511394	0.0	0.0238712956029
rgo-	0.635272082712	0.275799526987	0.0549739140041	0.0339544762966
rba-	0.357877706199	0.503118905874	0.0467529401259	0.0922504478011
ami-	0.0597014925373	0.925373134328	0.0	0.0149253731343
zat-	0.260668618087	0.170851948852	0.209828993992	0.35865043907
raz-	0.37002386978	0.461048282919	0.107826285511	0.0611015617897
rxe-	0.207057199551	0.592787507549	0.0517642998879	0.148390993012
gue-	0.193438378118	0.607572751312	0.0881959402105	0.110792930359
cás-	0.144	0.808	0.0	0.048
sec-	0.146341463415	0.804878048781	0.0243902439024	0.0243902439024
inv-	0.298245614035	0.59649122807	0.105263157895	0.0
adi-	0.0	1.0	0.0	0.0
jai-	0.194950911641	0.691444600281	0.00420757363254	0.109396914446
tal-	0.230711088349	0.281779794898	0.164362801503	0.323146315249
loq-	0.304625169701	0.353517695412	0.228468877276	0.113388257611
yi'-	0.0468083533574	0.0500902403754	0.00699222865823	0.896109177609
lle-	0.486227415508	0.439217714114	0.0745548703779	0.0
paa-	0.0674358285754	0.35354195968	0.110788444956	0.468233766789
bin-	0.684772929653	0.211338676165	0.024339566637	0.0795488275453
meh-	0.0877192982456	0.824561403509	0.0614035087719	0.0263157894737
alb-	0.146901300689	0.811782708493	0.0321346595256	0.00918133129304
zaf-	0.0	1.0	0.0	0.0
sud-	0.349753694581	0.532019704434	0.0295566502463	0.0886699507389
xcl-	0.560558875826	0.104533904499	0.0267309732864	0.308176246389
loc-	0.0355263157895	0.956578947368	0.0	0.00789473684212
pon-	0.00680272108845	0.993197278912	0.0	0.0
cañ-	0.556165781014	0.175433089433	0.0191002063084	0.249300923244
gól-	0.0	1.0	0.0	0.0
ged-	0.0166666666667	0.983333333333	0.0	0.0
chi-	0.183296491324	0.0473329569383	0.00770853889533	0.761662012843
pwe-	0.27767053575	0.383671074358	0.0632613502213	0.27539703967
xmi-	0.491606714628	0.470023980815	0.0	0.0383693045563
ben-	0.065335753176	0.888384754991	0.046279491833	0.0
dió-	0.316030534351	0.558778625954	0.0885496183205	0.036641221374
veh-	0.212296983759	0.757540603248	0.0208816705337	0.0092807424594
ñim-	0.834080717489	0.165919282511	0.0	0.0
nun-	0.286913259186	0.240442193072	0.178801016594	0.293843531147
aah-	0.0	0.943502824859	0.0	0.0564971751412
hac-	0.0	1.0	0.0	0.0
rso-	0.43838992333	0.288882803943	0.0372398685652	0.235487404162
ñuh-	0.421398429933	0.135907665423	0.0557583803518	0.386935524293
peh-	0.036577558	0.90242231009	0.0050833443258	0.0559167875838
lam-	0.188811188811	0.713286713287	0.0559440559441	0.041958041958
nar-	0.107204004377	0.710824070244	0.175374755879	0.00659716950012
gat-	0.267766323024	0.320137457045	0.318900343643	0.0931958762887
cua-	0.0453781512605	0.52268907563	0.0	0.431932773109
rgu-	0.495398858074	0.2978405836	0.116617997836	0.0901425604894
raa-	0.357350597733	0.474100622811	0.131848641994	0.0367001374622
zid-	0.573441456084	0.236695891814	0.0488269537079	0.141035698394
sat-	0.0851281178173	0.899548820976	0.0102153741381	0.00510768706905
pur-	0.0600459804468	0.0648674908652	0.0136893218104	0.861397206878
gur-	0.401040618529	0.355328744313	0.122375125232	0.121255511926
foo-	0.15986949429	0.466231647635	0.246655791191	0.127243066884
ani-	0.0454545454545	0.954545454545	0.0	0.0
rla-	0.353831429084	0.478076209846	0.0538374110187	0.114254950051
gud-	0.642791904687	0.210415080016	0.0371830017698	0.109610013526
nad-	0.321286451944	0.363586489846	0.236583093035	0.0785439651739
xaa-	0.0474811279465	0.851745364406	0.0237621099278	0.0770113977195
goo-	0.457319850597	0.104764507607	0.348212930066	0.0897027117306
tor-	0.053675612602	0.946324387398	0.0	0.0
riñ-	0.291021671827	0.476780185758	0.0	0.232198142415
xqi-	0.315789473684	0.631578947368	0.0526315789474	0.0
ayu-	0.532924961715	0.361408882083	0.0689127105666	0.0367534456355
fle-	0.0	1.0	0.0	0.0
bix-	0.0242161563308	0.893497569027	0.0647136542442	0.0175726203977
gál-	0.326530612245	0.428571428571	0.244897959184	0.0
ban-	0.434966415875	0.1367000729	0.0473194511273	0.381014060098
adr-	0.0870646766169	0.889125799574	0.0238095238095	0.0
xrr-	0.0414746543779	0.943548387097	0.00230414746544	0.0126728110599
azo-	0.0281690140845	0.957746478873	0.0140845070423	0.0
nba-	0.532751091703	0.467248908297	0.0	0.0
ñe'-	0.343898715992	0.420400466912	0.0808117087187	0.154889108378
tra-	0.430488699959	0.334059006733	0.0994501446601	0.136002148648
bwe-	0.123583627387	0.602097733031	0.133151361485	0.141167278096
arq-	0.164435946463	0.835564053537	0.0	0.0
leh-	0.0488168823404	0.846508456487	0.0438029105965	0.0608717505758
sid-	0.0383056217041	0.0349122887718	0.00281893142448	0.9239631581
oli-	0.0461119262209	0.928736114022	0.0125759798784	0.0125759798784
luc-	0.00792079207921	0.988118811881	0.0	0.0039603960396
mod-	0.140625	0.34375	0.348958333333	0.166666666667
jec-	0.0	1.0	0.0	0.0
dec-	0.0254237288136	0.716101694915	0.00847457627119	0.25
xol-	0.111731843575	0.77094972067	0.0167597765363	0.100558659218
bic-	0.123185765951	0.121451068092	0.191386094396	0.563977071561
xig-	0.214350316294	0.425200295188	0.0960691309167	0.264380257602
xli-	0.278991339005	0.659896272451	0.0538054725224	0.00730691602156
zey-	0.728795811518	0.13612565445	0.0659685863874	0.0691099476439
eli-	0.0190755704097	0.978539983289	0.00238444630121	0.0
nal-	0.291317736807	0.227192660377	0.380956444133	0.100533158684
soo-	0.703043563813	0.0983497105412	0.0565716003873	0.142035125258
di'-	0.272517321016	0.10623556582	0.013856812933	0.607390300231
col-	0.0526662277814	0.719113451832	0.201887206496	0.0263331138907
but-	0.0327862588127	0.674869600107	0.275951011674	0.0163931294064
rza-	0.404917821467	0.327694685741	0.193002380712	0.0743851120799
loz-	0.212903225806	0.787096774194	0.0	0.0
nu--	0.0	0.94923857868	0.0	0.0507614213198
ene-	0.0	1.0	0.0	0.0
pan-	0.0189226048415	0.914592567337	0.0127855438118	0.0536992840096
rdx-	0.341949080791	0.407775024016	0.155872264141	0.0944036310514
ilí-	0.116504854369	0.883495145631	0.0	0.0
xih-	0.264001014413	0.489674119785	0.139109852487	0.107215013314
ari-	0.0121703853955	0.987829614604	0.0	0.0
lin-	0.0128205128205	0.929487179487	0.0576923076923	0.0
hoh-	0.157443096947	0.452257842123	0.0447860194499	0.34551304148
dux-	0.261480029605	0.0596065674605	0.231388710305	0.44752469263
ntr-	0.575843869841	0.0526255837795	0.0170862284998	0.35444431788
duu-	0.22231054584	0.334128245893	0.251192368839	0.192368839428
baa-	0.22127503365	0.598564261533	0.129338826121	0.0508218786964
rul-	0.283902829339	0.513258065652	0.066445675681	0.136393429327
lat-	0.185619799445	0.701941540431	0.0384040964369	0.0740345636868
pen-	0.0194174757281	0.961165048544	0.0194174757281	0.0
rab-	0.561355252907	0.346923826763	0.0399102105867	0.0518107097434
ape-	0.0377358490566	0.962264150943	0.0	0.0
xmw-	0.210803257726	0.690236842722	0.0436917292363	0.055268170316
fav-	0.717391304348	0.282608695652	0.0	0.0
fre-	0.063829787234	0.744680851064	0.191489361702	0.0
got-	0.340425531915	0.617021276596	0.0	0.0425531914894
ñaa-	0.240478248568	0.592570661602	0.0338682791628	0.133082810667
xtu-	0.219490750346	0.557208076832	0.115015736283	0.108285436539
isr-	0.0270195394918	0.830817356206	0.104368406568	0.0377946977342
xga-	0.448103558134	0.510848787686	0.0307857406351	0.0102619135451
lab-	0.0804449042939	0.0636316606312	0.805354371443	0.0505690636317
gul-	0.522552710606	0.284717734311	0.0899066195147	0.102822935568
ber-	0.070005792917	0.890673633492	0.0159305217763	0.0233900518144
tia-	0.0	1.0	0.0	0.0
zun-	0.418685812795	0.246807216076	0.0502734748842	0.284233496245
zon-	0.105263157895	0.657894736842	0.0	0.236842105263
car-	0.363313966649	0.485588168717	0.0950728137025	0.0560250509319
rod-	0.0687134502924	0.90350877193	0.0219298245614	0.00584795321636
rux-	0.457462900127	0.346878704877	0.0991374023956	0.0965209926005
bas-	0.645053835691	0.199939801632	0.055059313025	0.0999470496524
de'-	0.0	0.742268041237	0.154639175258	0.103092783505
ziñ-	0.457546675919	0.23681514417	0.0486364296107	0.2570017503
lii-	0.159132841328	0.47647601476	0.34594095941	0.0184501845018
yuu-	0.135262645853	0.738337287011	0.0356078718263	0.0907921953092
pól-	0.045871559633	0.954128440367	0.0	0.0
oné-	0.193661971831	0.727112676057	0.0	0.0792253521126
pun-	0.20251177394	0.463108320251	0.0989010989011	0.235478806907
bax-	0.495742075162	0.437595747812	0.0232623221915	0.043399854835
zec-	0.0985915492958	0.87323943662	0.0281690140845	0.0
ñie-	0.268453090561	0.570869259346	0.0599190451767	0.100758604916
puñ-	0.407103825137	0.527322404372	0.0327868852459	0.0327868852459
tah-	0.0654092123371	0.422812272322	0.0233141746944	0.488464340646
núm-	0.083885209713	0.916114790287	0.0	0.0
xah-	0.0917690949668	0.795198916314	0.0655096987664	0.0475222899525
cai-	0.00646551724138	0.851293103448	0.14224137931	0.0
sod-	0.00457552741591	0.986273417752	0.0	0.00915105483176
ñuu-	0.354111526878	0.243953636944	0.094186364881	0.307748471297
ñis-	0.17968870463	0.663425725846	0.0912125404213	0.0656730291033
cum-	0.474376005034	0.302174369014	0.0328602391107	0.190589386842
can-	0.304644275179	0.331385917005	0.0514911903388	0.312478617477
ñia-	0.574174889418	0.219632528071	0.0903368492684	0.115855733243
sie-	0.423588039867	0.347176079734	0.139534883721	0.0897009966777
yaq-	0.33542608772	0.236071475611	0.0640997497476	0.364402686921
tih-	0.0787341408828	0.748790808985	0.0578860199289	0.114589030204
óni-	0.0	0.808	0.192	0.0
sio-	0.0244360902256	0.961466165414	0.0	0.0140977443609
juu-	0.115567308163	0.312619362421	0.096959012781	0.474854316635
slo-	0.791666666667	0.125	0.0	0.0833333333333
luh-	0.0797341534561	0.822504841002	0.0499205134681	0.0478404920737
nez-	0.12305207544	0.168275247487	0.0173158583844	0.691356818689
suu-	0.369636570807	0.351082464584	0.26142412544	0.0178568391694
tod-	0.445134575569	0.192546583851	0.0973084886128	0.265010351967
met-	0.132915360502	0.603761755486	0.157993730408	0.105329153605
rte-	0.463728080711	0.444671310753	0.0458003042677	0.0458003042678
ze'-	0.56261505594	0.131020481458	0.0286820237448	0.277682438858
mna-	0.0746268656716	0.850746268657	0.0447761194029	0.0298507462687
nef-	0.0	1.0	0.0	0.0
ñur-	0.309427744918	0.474987350835	0.116669477592	0.0989154266543
ñix-	0.793522267206	0.0121457489879	0.145748987854	0.0485829959514
ces-	0.0210368144252	0.954545454545	0.0	0.0244177310293
waa-	0.61452011688	0.0711770435304	0.125121750206	0.189181089383
zaq-	0.0203389830508	0.928813559322	0.0305084745762	0.0203389830508
cwi-	0.487226775007	0.34190906911	0.0495622960979	0.121301859785
nne-	0.180952380952	0.685714285714	0.0	0.133333333333
ñac-	0.428535696709	0.324744654434	0.108745768573	0.137973880284
ruc-	0.520656559291	0.327881970264	0.0786630213496	0.0727984490954
cob-	0.138916716757	0.852400988446	0.00868229479729	0.0
mat-	0.0216264924533	0.972966884433	0.0	0.00540662311332
stu-	0.0511900823526	0.088768775726	0.204500431445	0.655540710476
zii-	0.119259259259	0.703703703704	0.0955555555556	0.0814814814815
sih-	0.278738656851	0.373777892314	0.0612258321408	0.286257618693
tró-	0.077868852459	0.885245901639	0.0368852459016	0.0
ru'-	0.304180651272	0.220920051652	0.0255563784943	0.449342918581
sol-	0.138870867372	0.0808651210826	0.0534908046129	0.726773206933
xi'-	0.101682139052	0.860146846228	0.0166294469318	0.0215415677889
cha-	0.34517672615	0.191067856523	0.144681956599	0.319073460727
adm-	0.0	1.0	0.0	0.0
xfa-	0.0671015843429	0.892513202858	0.00869835352593	0.0316868592731
zuñ-	0.813723368912	0.103147084264	0.0304132488381	0.0527162979859
par-	0.0692586236372	0.0435905535046	0.0348047971844	0.852346025674
too-	0.339195979899	0.62311557789	0.037688442211	0.0
jul-	0.0121212121212	0.987878787879	0.0	0.0
cop-	0.0	1.0	0.0	0.0
guh-	0.550801743717	0.180594898557	0.0846873971071	0.183915960618
nah-	0.541927912619	0.0971604800468	0.0590592504302	0.301852356904
mba-	0.146249528835	0.517527327554	0.315868827742	0.0203543158688
anf-	0.0727272727273	0.927272727273	0.0	0.0
bib-	0.40459697733	0.354093198992	0.136146095718	0.10516372796
rag-	0.400647812598	0.443786117001	0.0617049776452	0.0938610927562
ayi-	0.141097680478	0.0488561250355	0.0172548886968	0.79279130579
ñuñ-	0.496515679443	0.205574912892	0.0993031358885	0.198606271777
ñax-	0.190082644628	0.669421487603	0.140495867769	0.0
tre-	0.152281335923	0.328577746159	0.0346093945278	0.48453152339
val-	0.0640898053421	0.192468452689	0.303968791051	0.439472950918
gay-	0.017941568675	0.0705540065463	0.0423081585647	0.869196266214
puu-	0.397801442803	0.377533493645	0.117485400206	0.107179663346
rzo-	0.385365953379	0.478603837923	0.0896273804972	0.0464028282006
via-	0.280898876404	0.531835205992	0.0374531835206	0.149812734082
gob-	0.0752621290208	0.867276820094	0.0420591197204	0.0154019311652
dan-	0.0625372245384	0.822811197141	0.11465157832	0.0
lug-	0.2252042007	0.614935822637	0.0805134189032	0.0793465577596
zez-	0.425531851904	0.249400500915	0.126418814502	0.198648832679
gre-	0.161354581673	0.782868525896	0.0478087649402	0.00796812749002
ser-	0.0912280701754	0.866666666667	0.0105263157895	0.0315789473684
rga-	0.401113335504	0.247968678045	0.186147078832	0.164770907619
zur-	0.308533916849	0.332603938731	0.319474835886	0.0393873085339
cri-	0.044557732282	0.877782680896	0.0103062255409	0.0673533612811
mis-	0.0	1.0	0.0	0.0
elm-	0.0	1.0	0.0	0.0
jwa-	0.0469041626174	0.883432888621	0.0149027963583	0.0547601524029
sac-	0.469797010384	0.214374027923	0.0733235655359	0.242505396157
acw-	0.353535353535	0.525252525253	0.0606060606061	0.0606060606061
xal-	0.178246741089	0.366961941575	0.11140421318	0.343387104156
rom-	0.0686729953545	0.706321955161	0.207836800646	0.0171682488386
nac-	0.115225314643	0.488469887745	0.270923930554	0.125380867058
rin-	0.0462962962963	0.692901234568	0.0231481481482	0.237654320988
xle-	0.0623762441816	0.887435549904	0.026659032342	0.0235291735726
agr-	0.00161030595813	0.985507246377	0.0	0.0128824476651
xpw-	0.091544860614	0.746977018966	0.0318412916354	0.129636828784
riu-	0.464377973878	0.268441806188	0.0983609789019	0.168819241032
sos-	0.0	1.0	0.0	0.0
luu-	0.105792187561	0.0944567325137	0.662305365071	0.137445714854
cad-	0.310157408082	0.296530601618	0.0761516560348	0.317160334265
xoh-	0.168224794658	0.655282273329	0.0174902905599	0.159002641454
ahy-	0.240506329114	0.721518987342	0.0	0.0379746835443
gap-	0.333296975752	0.260753032881	0.168966392663	0.236983598705
xil-	0.295703204778	0.37279877294	0.110868903773	0.220629118509
leg-	0.0	0.922330097087	0.0	0.0776699029125
rig-	0.558545305575	0.357379613422	0.0527913299319	0.0312837510707
zal-	0.294625625593	0.337803800988	0.236727617677	0.130842955742
du'-	0.334232797743	0.576434032462	0.0419068645489	0.0474263052455
nom-	0.472600570162	0.391194171682	0.0380107697181	0.0981944884384
esa-	0.0532741398446	0.830188679245	0.0799112097669	0.0366259711432
lic-	0.0140515222482	0.751756440281	0.234192037471	0.0
nea-	0.0	1.0	0.0	0.0
xo'-	0.0476854345553	0.0150185355344	0.517664205824	0.419631824087
glo-	0.121621621622	0.344594594595	0.054054054054	0.47972972973
aug-	0.0176991150442	0.982300884956	0.0	0.0
ama-	0.0	0.659574468085	0.340425531915	0.0
li'-	0.111053151997	0.800870210212	0.064142768826	0.0239338689649
xña-	0.249099439176	0.281123638833	0.215065504172	0.25471141782
xbi-	0.0909090909091	0.69696969697	0.030303030303	0.181818181818
zoz-	0.326923076923	0.653846153846	0.0	0.0192307692308
fri-	0.0111940298507	0.936567164179	0.0522388059701	0.0
reg-	0.238235294118	0.498529411765	0.0441176470588	0.219117647059
pla-	0.0818299665118	0.865237117857	0.0529329156314	0.0
mac-	0.0379303637425	0.920248978798	0.0211534720871	0.0206671853725
ico-	0.0	1.0	0.0	0.0
bet-	0.00736497545009	0.990998363339	0.0	0.00163666121113
law-	0.0311603696753	0.1555539818	0.785241315817	0.0280443327078
pér-	0.0	1.0	0.0	0.0
anc-	0.0	0.718120805369	0.181208053691	0.10067114094
asu-	0.12	0.786428571429	0.0807142857143	0.0128571428571
nih-	0.431578947368	0.178947368421	0.368421052632	0.0210526315789
ran-	0.465186527715	0.435130644918	0.0430448572723	0.0566379700951
gab-	0.378553610251	0.404119679049	0.061177214581	0.156149496119
nub-	0.780487804878	0.19512195122	0.0243902439024	0.0
cam-	0.0283613445378	0.94012605042	0.031512605042	0.0
ziu-	0.290068184901	0.247064174015	0.0905776606056	0.372289980478
ñoo-	0.613095238095	0.190476190476	0.160714285714	0.0357142857143
yan-	0.211987008484	0.0672082065044	0.0229822012597	0.697822583752
bad-	0.734869761271	0.123840083159	0.0334457625968	0.107844392973
zeg-	0.37329566675	0.302226541135	0.0712195795433	0.253258212572
biñ-	0.212250728575	0.617970244156	0.130141886301	0.0396371409677
xiñ-	0.360277653381	0.112180922526	0.0810568741603	0.446484549933
zil-	0.724145730811	0.18590967905	0.0422188892489	0.04772570089
rug-	0.275282767798	0.672821024618	0.0518962075848	0.0
min-	0.0624071322437	0.772659732541	0.164933135215	0.0
guz-	0.601981732723	0.211286188172	0.0577593749513	0.128972704154
ayy-	0.0798990748528	0.677880571909	0.0857863751051	0.156433978133
ren-	0.0	1.0	0.0	0.0
scw-	0.273846153846	0.44	0.286153846154	0.0
nna-	0.296259712904	0.13893513071	0.0464536840944	0.518351472292
nee-	0.0358920211779	0.014966685981	0.00458921920248	0.944552073639
lul-	0.115384615385	0.241758241758	0.032967032967	0.60989010989
tab-	0.0461861441567	0.71588523443	0.130160951714	0.107767669699
tid-	0.632653061224	0.265306122449	0.0204081632653	0.0816326530612
gal-	0.170972122866	0.406957845132	0.130125202239	0.291944829763
see-	0.0625	0.916666666667	0.0	0.0208333333333
ñag-	0.460396039604	0.287747524752	0.0587871287129	0.193069306931
nue-	0.0218974287979	0.0127909183626	0.0510940005283	0.914217652311
bii-	0.505584839945	0.148557678804	0.196429073001	0.14942840825
zoh-	0.679188734769	0.145862137012	0.0386762369472	0.136272891272
lu'-	0.0652631573416	0.0429313646262	0.00555146201345	0.886254016019
rta-	0.248880417217	0.364518776592	0.328758242822	0.0578425633691
duh-	0.218083986295	0.557971950276	0.13546469353	0.0884793698992
xco-	0.266640296307	0.572080980977	0.0711999712323	0.0900787514834
xsu-	0.265381083563	0.616161616162	0.0771349862259	0.0413223140496
esl-	0.0	1.0	0.0	0.0
cax-	0.515668170247	0.253312489483	0.071162207494	0.159857132776
aii-	0.0575447570333	0.076726342711	0.673913043478	0.191815856778
zaa-	0.328547166898	0.455627605373	0.106993978694	0.108831249035
aan-	0.0219550654911	0.938899887203	0.0151930204185	0.023952026887
gog-	0.0496894409938	0.913043478261	0.0372670807453	0.0
saf-	0.0907668231612	0.316118935837	0.0	0.593114241002
tes-	0.00200133422282	0.98599066044	0.0	0.0120080053369
rdo-	0.418840784093	0.560005640953	0.0169228599633	0.00423071499083
sil-	0.0927243920228	0.873425043382	0.0154917888489	0.0183587757463
evo-	0.123287671233	0.876712328767	0.0	0.0
jas-	0.0358208955224	0.941791044776	0.0223880597015	0.0
ri'-	0.261167518411	0.0955438769365	0.0186417809035	0.624646823748
chu-	0.501265763941	0.122874952011	0.041780222774	0.334079061274
zio-	0.44262295082	0.529274004684	0.0140515222482	0.0140515222482
llo-	0.175361129895	0.731297724026	0.0429135501648	0.0504275959135
gus-	0.543766794871	0.28118727279	0.078148663589	0.0968972687498
him-	0.300160513644	0.688282504013	0.0	0.0115569823435
fél-	0.0602449520026	0.911287653095	0.0	0.0284673949023
zud-	0.590365553501	0.175264033086	0.0195701288454	0.214800284567
ga'-	0.253007282148	0.114690494307	0.0840169304012	0.548285293144
rei-	0.0	0.360995850622	0.639004149378	0.0
egi-	0.0144675296421	0.875883824649	0.0750571086697	0.034591537039
run-	0.386845596245	0.324868663689	0.101625290871	0.186660449195
sau-	0.0622848856509	0.806646050632	0.00209654594056	0.128972517777
ñad-	0.454839315319	0.449630170178	0.00855497144802	0.0869755430546
xwe-	0.407837445573	0.357039187228	0.0957910014514	0.139332365748
esm-	0.010595358224	0.835771947528	0.153632694248	0.0
pri-	0.0500707213578	0.844695898161	0.105233380481	0.0
ñar-	0.485516372796	0.274559193955	0.0717884130982	0.168136020151
tro-	0.17278934361	0.810622879404	0.00552925899554	0.011058517991
xmo-	0.0733569904657	0.819783344764	0.0553755818272	0.0514840829427
beh-	0.144414168937	0.795640326976	0.0435967302452	0.0163487738419
bit-	0.103371775685	0.306690729818	0.0213927282331	0.568544766265
dis-	0.17094017094	0.444444444445	0.222222222222	0.162393162393
ela-	0.0	1.0	0.0	0.0
jwe-	0.364010050756	0.232315438616	0.253743458339	0.149931052288
fin-	0.0672268907563	0.201680672269	0.731092436975	0.0
yii-	0.189518586228	0.388787324802	0.00853138330285	0.413162705667
nag-	0.201116337525	0.19418168278	0.136037494456	0.468664485239
arp-	0.0384615384615	0.903846153846	0.0576923076923	0.0
itu-	0.0	1.0	0.0	0.0
zah-	0.332266474658	0.121837962446	0.113749730944	0.432145831952
des-	0.257004378681	0.256286883484	0.0395541554901	0.447154582345
fen-	0.0284135753749	0.933701657459	0.0284135753749	0.00947119179162
lda-	0.157303370786	0.269662921348	0.539325842697	0.0337078651685
ras-	0.482293846798	0.342486395982	0.0914190037672	0.0838007534533
que-	0.0364358357161	0.0209464838359	0.00998275951407	0.932634920934
dic-	0.609504359162	0.174485350923	0.195811925144	0.0201983647713
tir-	0.0331674958541	0.950248756219	0.0132669983416	0.00331674958541
las-	0.128925923406	0.320207885692	0.169014318706	0.381851872196
xip-	0.366972477064	0.467889908257	0.165137614679	0.0
men-	0.4375	0.375	0.145833333333	0.0416666666667
rob-	0.0	1.0	0.0	0.0
ric-	0.365504752011	0.236702090323	0.382294722951	0.0154984347143
env-	0.203947368421	0.644736842105	0.138157894737	0.0131578947368
zag-	0.282195755898	0.304919116097	0.101061840955	0.31182328705
cag-	0.602986846045	0.274920763156	0.0534510742471	0.0686413165522
eub-	0.0	1.0	0.0	0.0
ceb-	0.0882352941176	0.676470588235	0.235294117647	0.0
tap-	0.0	0.492957746479	0.0	0.507042253521
ñio-	0.391937078005	0.326913391373	0.0522582770673	0.228891253555
amw-	0.453793159676	0.266397619339	0.100444335738	0.179364885247
rañ-	0.234100135318	0.492557510149	0.0460081190798	0.227334235453
muu-	0.058862001308	0.90800087203	0.0331371266623	0.0
fii-	0.214285714286	0.714285714286	0.0178571428571	0.0535714285714
caa-	0.463057986782	0.282878391764	0.0530990695484	0.200964551906
nse-	0.0504579784669	0.866784509079	0.0789008516793	0.00385666077455
ame-	0.345454545455	0.509090909091	0.0363636363636	0.109090909091
zo'-	0.582835239328	0.306832122123	0.0545510815134	0.0557815570362
xoo-	0.589354381704	0.373810969439	0.0	0.0368346488565
cuu-	0.226140523844	0.222849691795	0.141277115714	0.409732668647
cil-	0.0048270313757	0.983909895414	0.01126307321	0.0
squ-	0.282897145444	0.0620900415752	0.0287785055392	0.626234307442
dit-	0.689320388349	0.252427184466	0.0582524271845	0.0
com-	0.238658418244	0.531598738477	0.0964337700145	0.133309073265
mag-	0.0315369261477	0.912574850299	0.0203592814371	0.0355289421158
job-	0.11320754717	0.88679245283	0.0	0.0
rwa-	0.249190952052	0.308259141954	0.0417662238099	0.400783682184
elí-	0.00135961930659	0.998640380693	0.0	0.0
aqu-	0.0304942166141	0.920434630214	0.0	0.0490711531721
tuc-	0.298250474064	0.269822596092	0.273377251666	0.158549678179
ojl-	0.594684385382	0.199335548173	0.046511627907	0.159468438538
elo-	0.0	0.979797979798	0.0	0.020202020202
dru-	0.0	0.984126984127	0.015873015873	0.0
maz-	0.200680272109	0.574829931973	0.163265306122	0.0612244897958
xca-	0.114910304599	0.688659114941	0.103340025653	0.0930905548065
leb-	0.0	0.921052631579	0.0263157894737	0.0526315789474
ñud-	0.668124875721	0.193262411348	0.0620567375887	0.076555975343
xla-	0.120794173229	0.38439505193	0.117399203205	0.377411571636
gri-	0.0286522815706	0.39900955076	0.547930668553	0.0244074991157
ram-	0.0428571428571	0.957142857143	0.0	0.0
opa-	0.348925410872	0.169405815423	0.163084702908	0.318584070796
vee-	0.125698324022	0.72905027933	0.0782122905028	0.0670391061453
dyx-	0.146341463415	0.619512195122	0.0	0.234146341463
man-	0.109462356289	0.796964984303	0.0600277437714	0.033544915637
eti-	0.102079395085	0.846880907372	0.0396975425331	0.0113421550095
laa-	0.197862759373	0.0930799027248	0.0134364722726	0.695620865629
vin-	0.0194621754224	0.905396903817	0.0649867422799	0.0101541784812
esp-	0.0618672665917	0.938132733408	0.0	0.0
hor-	0.0112359550562	0.966292134831	0.0224719101123	0.0
ter-	0.0	1.0	0.0	0.0
tíq-	0.009009009009	0.990990990991	0.0	0.0
go'-	0.790697674419	0.186046511628	0.0	0.0232558139535
gah-	0.217897144112	0.12620917137	0.132811701087	0.523081983431
nuh-	0.225368322701	0.138314932427	0.0694183214363	0.566898423435
cle-	0.0279613624809	0.91103202847	0.045754956787	0.0152516522623
cwa-	0.312257060664	0.537996028855	0.0721704975453	0.0775764129349
ñuc-	0.461825585341	0.384628435697	0.0897522904649	0.0637936884968
dum-	0.0250569476082	0.840546697039	0.0113895216401	0.123006833713
ema-	0.0224719101124	0.932584269663	0.0112359550562	0.0337078651686
zih-	0.0969870773289	0.439025181473	0.0556258992873	0.408361841911
zeb-	0.0149732620321	0.967914438503	0.0	0.0171122994652
pis-	0.0276497695853	0.972350230415	0.0	0.0
sóp-	0.118421052632	0.881578947368	0.0	0.0
rsi-	0.113402373807	0.737512608904	0.0673659869479	0.0817190303411
lih-	0.0517985611511	0.556834532374	0.342446043165	0.0489208633093
amo-	0.0	1.0	0.0	0.0
rri-	0.0786017704666	0.103208201156	0.794178031671	0.0240119967058
zul-	0.411202449567	0.249298559044	0.109293151974	0.230205839415
his-	0.019801980198	0.910891089109	0.0693069306931	0.0
oqu-	0.588235294118	0.254901960784	0.0980392156862	0.0588235294118
spí-	0.0140541292702	0.953087038197	0.0241758853406	0.00868294719265
fan-	0.0	1.0	0.0	0.0
rll-	0.337777612048	0.535348924527	0.0772273255635	0.0496461378622
bie-	0.450671708988	0.232943954548	0.0639535606124	0.252430775851
yoo-	0.034924330617	0.139697322468	0.0628637951106	0.762514551804
zas-	0.538306451613	0.0625	0.0544354838709	0.344758064516
lot-	0.0312160904757	0.800997423217	0.167786486307	0.0
gag-	0.226685721597	0.13281272025	0.0236813171323	0.61682024102
rlu-	0.373418106585	0.241095512569	0.121911918691	0.263574462156
tu'-	0.0576443569554	0.214645669291	0.221811023622	0.505898950131
zi'-	0.216667679369	0.0978231118201	0.0362623210041	0.649246887807
fir-	0.461538461538	0.230769230769	0.192307692308	0.115384615385
nay-	0.237800918803	0.279516212171	0.375456981199	0.107225887827
zuh-	0.180852616214	0.0701484556058	0.0718804299026	0.677118498278
nus-	0.511904761905	0.40873015873	0.0476190476191	0.031746031746
sa'-	0.499701136441	0.277559739975	0.107914181593	0.114824941991
sea-	0.25779403918	0.26412074091	0.0632670173032	0.414818202607
neh-	0.376952866411	0.30350522971	0.0376506024096	0.281891301469
cun-	0.0108337672056	0.00312171022706	0.00182015683569	0.984224365732
rub-	0.0	1.0	0.0	0.0
fes-	0.0184956843403	0.972872996301	0.00493218249075	0.00369913686806
xuu-	0.124740498962	0.796059184237	0.0554402217609	0.0237600950404
reb-	0.224525043178	0.73402417962	0.020725388601	0.020725388601
dav-	0.00446281924089	0.972891276433	0.00139359411239	0.0212523102141
na'-	0.0945825302164	0.0322632999228	0.00648829868601	0.866665871175
xpo-	0.0943117458754	0.761881310022	0.0339817778872	0.109825166215
jop-	0.0	0.988439306358	0.00385356454721	0.00770712909441
