jer-	0.0214837193689	0.967396777442	0.00125881168177	0.00986069150721
do̱-	0.707281903389	0.237442922374	0.0249939918289	0.030281182408
ris-	0.140775941259	0.494159528948	0.150421917291	0.214642612501
zi̱-	0.39388216249	0.320292738862	0.0288354524299	0.256989646218
pco-	0.539646749342	0.34611048478	0.0691469372416	0.0450958286359
del-	0.0546295576069	0.152705820087	0.0538599134389	0.738804708867
sñu-	0.187637282938	0.158709436777	0.0766712254963	0.576982054789
dug-	0.419860723609	0.423049278333	0.0486571682841	0.108432829773
maa-	0.139737991266	0.729257641921	0.0131004366812	0.117903930131
uti-	0.115578416964	0.0944782699979	0.0245381062356	0.765405206802
ica-	0.216366975998	0.240868910138	0.0365384669644	0.5062256469
jac-	0.00412371134021	0.976357388316	0.0137457044674	0.00577319587629
dib-	0.691060223291	0.191589927471	0.0684540787222	0.0488957705158
fal-	0.291471940277	0.312936855306	0.307340813063	0.0882503913539
gyu-	0.458742842124	0.369858070465	0.0610008315847	0.110398255826
gu'-	0.721360660461	0.120890747787	0.0233466127542	0.134401978998
júp-	0.0	1.0	0.0	0.0
coo-	0.528893383415	0.363912164114	0.0242704420688	0.0829240104016
abí-	0.0	0.942857142857	0.0571428571429	0.0
ren-	0.345291479821	0.233183856502	0.0	0.421524663677
mah-	0.0	1.0	0.0	0.0
yuñ-	0.143110807674	0.117746700638	0.045145365197	0.69399712649
alm-	0.0	1.0	0.0	0.0
joe-	0.112449799197	0.839357429719	0.0321285140562	0.0160642570281
rya-	0.469091466028	0.303313917798	0.145656593601	0.0819380225731
lis-	0.112211221122	0.835643564356	0.0429042904291	0.00924092409241
san-	0.00092535471931	0.996761258482	0.000925354719308	0.00138803207896
orz-	0.0419648879922	0.0163442623924	0.00029089911522	0.9413999505
za̱-	0.496033689159	0.35963666634	0.0605964156302	0.0837332288709
yal-	0.147146640982	0.713797254996	0.0910185408139	0.0480375632073
and-	0.0	0.969696969697	0.030303030303	0.0
gow-	0.697606099486	0.274812492167	0.0108052909578	0.0167761173898
fig-	0.0357142857143	0.964285714286	0.0	0.0
lac-	0.125643636926	0.10711704257	0.0273296921231	0.73990962838
wii-	0.681056701031	0.247422680412	0.0579896907217	0.013530927835
zaa-	0.470657257582	0.253234625174	0.0678276557969	0.208280461447
nun-	0.00815931766616	0.00374858089508	0.00155531514509	0.986536786294
byu-	0.454451521481	0.429712236056	0.0449469714302	0.0708892710325
der-	0.0417794800759	0.0501998879296	0.00669003576563	0.901330596229
thr-	0.0124223602484	0.633540372671	0.354037267081	0.0
rne-	0.691584315458	0.0639132890423	0.0152310917766	0.229271303723
neg-	0.326636370077	0.632068501331	0.0306170990172	0.0106780295746
zin-	0.338983050847	0.367231638418	0.0790960451977	0.214689265537
gál-	0.191011235955	0.719101123596	0.0898876404494	0.0
mil-	0.00653594771242	0.993464052288	0.0	0.0
ña'-	0.0291077831681	0.919173170217	0.0385572663995	0.0131617802151
tib-	0.300236599494	0.407766990291	0.00807701721465	0.283919393
gan-	0.568164795919	0.313276986525	0.0528949388588	0.0656632786972
yer-	0.368421052632	0.526315789474	0.0263157894737	0.0789473684211
mbi-	0.268924334169	0.60705116458	0.0309680170016	0.0930564842491
sen-	0.449843260188	0.403213166144	0.0842476489028	0.0626959247649
lya-	0.188386652116	0.701721134149	0.0961078245554	0.0137843891793
bay-	0.160813308688	0.794824399261	0.0443622920517	0.0
mig-	0.297752808989	0.696629213483	0.0	0.00561797752809
lor-	0.0852074056106	0.0458385699601	0.00670490471048	0.862249119719
tus-	0.656579060012	0.309391319236	0.00834688810889	0.0256827326427
rto-	0.771929824561	0.0877192982456	0.140350877193	0.0
paf-	0.0	1.0	0.0	0.0
za'-	0.444657041804	0.232237490578	0.173641792776	0.149463674842
abr-	0.0152641181968	0.947588002314	0.0336433625562	0.00350451693293
pso-	0.709167236161	0.2189788148	0.0167919554818	0.0550619935565
zaq-	0.0827586206896	0.864827586207	0.0331034482758	0.0193103448276
así-	0.0	1.0	0.0	0.0
bde-	0.408300470161	0.166586952794	0.0869663306652	0.338146246379
cul-	0.0204081632653	0.979591836735	0.0	0.0
rbe-	0.765451664025	0.15911251981	0.0256735340729	0.0497622820919
zac-	0.62459575843	0.220416660373	0.0288619071625	0.126125674035
zan-	0.100656455142	0.856263676149	0.000820568927789	0.0422592997812
her-	0.00983743875951	0.931917131753	0.0492845941813	0.00896083530569
ate-	0.00671140939597	0.993288590604	0.0	0.0
tii-	0.0691314061449	0.530549222094	0.02668838664	0.373630985121
dzu-	0.0621301775148	0.541420118343	0.0887573964497	0.307692307692
har-	0.0934579439252	0.906542056075	0.0	0.0
pcy-	0.64128537726	0.208669397506	0.0388478961214	0.111197329112
dey-	0.0645712540135	0.026925905453	0.000302890323106	0.90819995021
coz-	0.141486147068	0.45248275062	0.0150342058334	0.390996896479
sin-	0.0376024323859	0.064840228099	0.0104424342959	0.887114905219
bod-	0.179104477612	0.820895522388	0.0	0.0
urí-	0.0	1.0	0.0	0.0
dor-	0.0	1.0	0.0	0.0
pat-	0.0298450990333	0.94013925851	0.0224386418038	0.00757700065254
cya-	0.390675015061	0.218891687226	0.0423915049175	0.348041792795
mni-	0.654998757239	0.157451646187	0.0203890340751	0.167160562499
wes-	0.70562194015	0.0923721373194	0.0214282525558	0.180577669975
alt-	0.20347879003	0.271913588073	0.416846268922	0.107761352976
zgu-	0.038906689335	0.765905970052	0.177859151246	0.0173281893677
yeg-	0.193484630143	0.109308701052	0.172120075337	0.525086593468
urb-	0.0353799352989	0.951954216742	0.00506633918361	0.00759950877543
jor-	0.00538687561215	0.994613124388	0.0	0.0
lom-	0.117568603207	0.107750377002	0.0114466679879	0.763234351803
gen-	0.0971428571428	0.891428571429	0.0114285714286	0.0
ñiñ-	0.554583738257	0.289925494007	0.0621963070942	0.0932944606414
guu-	0.615778962047	0.222939118139	0.0801186245617	0.0811632952521
bi'-	0.0204081632653	0.959183673469	0.0204081632653	0.0
yeñ-	0.339983275594	0.359335802174	0.0278341894636	0.272846732768
jam-	0.125	0.875	0.0	0.0
rzu-	0.31175440166	0.48719608725	0.120263578754	0.0807859323357
tañ-	0.30220713073	0.445387662705	0.153933220147	0.0984719864176
nín-	0.0195441101159	0.980455889884	0.0	0.0
mar-	0.0443154840411	0.886573463466	0.00474808757584	0.0643629649169
nig-	0.228758569795	0.058444761384	0.0361221891263	0.676674479694
por-	0.108425652157	0.759471160697	0.0333067629275	0.0987964242184
euf-	0.0175953079179	0.964809384164	0.0	0.0175953079179
alf-	0.0	1.0	0.0	0.0
pas-	0.106232848585	0.637889227119	0.176533279448	0.0793446448475
cos-	0.124062759408	0.82006164666	0.037502941012	0.01837265292
mor-	0.0486066104991	0.951393389501	0.0	0.0
csy-	0.202732306717	0.726311385932	0.0709563073511	0.0
tio-	0.029702970297	0.940594059406	0.009900990099	0.019801980198
och-	0.0	0.0454545454545	0.0	0.954545454545
red-	0.455664463187	0.444495099157	0.0834283109186	0.0164121267381
rgy-	0.5385485255	0.369384331158	0.0533812379184	0.0386859054234
rat-	0.171320470625	0.192525601552	0.577277597074	0.0588763307498
che-	0.510408295247	0.331176071415	0.0944938531372	0.0639217802005
gug-	0.309443233971	0.338185526865	0.29086891351	0.0615023256533
epa-	0.0834224598931	0.900534759358	0.00962566844919	0.00641711229948
yac-	0.664317642888	0.180802793791	0.0504469047249	0.104432658596
bas-	0.50067294751	0.399730820996	0.0592193808883	0.0403768506056
rtu-	0.365379540857	0.494766470226	0.0545342598294	0.085319729088
asi-	0.00646011865524	0.985629531971	0.00791034937376	0.0
gun-	0.0738062409268	0.061680815298	0.00339358753714	0.861119356238
nan-	0.331592689295	0.468015665796	0.048955613577	0.151436031332
be'-	0.558620689655	0.4	0.0	0.0413793103448
nis-	0.240963605243	0.654427301951	0.0189552933918	0.085653799414
tér-	0.0152671755725	0.931297709924	0.0381679389313	0.0152671755725
mue-	0.0828267984771	0.854585532029	0.0414133992385	0.0211742702558
cel-	0.00801603206413	0.97995991984	0.0120240480962	0.0
bir-	0.178391114103	0.759003702457	0.0363513968361	0.0262537866038
tol-	0.125	0.875	0.0	0.0
mel-	0.0452763887012	0.952020543317	0.00270306798216	0.0
ndz-	0.16393442623	0.803278688525	0.0327868852459	0.0
cue-	0.257192774739	0.308625892446	0.0346373262016	0.399544006613
ñii-	0.125025860025	0.0697782487148	0.0145501708615	0.790645720398
wec-	0.188905547226	0.413043478261	0.398050974513	0.0
mir-	0.0254057868737	0.949188426253	0.00846859562455	0.0169371912491
isa-	0.0118503309538	0.955665820667	0.00460071672322	0.0278831316559
tee-	0.0397406016243	0.0254493052297	0.00688754652493	0.927922546621
gnu-	0.638053447087	0.296496417854	0.0534983712658	0.0119517637934
mus-	0.0680713128039	0.849270664506	0.0777957860616	0.00486223662885
dus-	0.581730769231	0.407451923077	0.0108173076923	0.0
rle-	0.400051026917	0.34991708126	0.0821533358847	0.167878555938
dio-	0.08	0.866666666667	0.0	0.0533333333333
bab-	0.0176010430248	0.974576271186	0.00782268578877	0.0
ita-	0.0	0.922248803828	0.0741626794258	0.00358851674641
eno-	0.0225988700565	0.960451977401	0.0	0.0169491525424
se'-	0.120173144911	0.442787206515	0.245419200674	0.1916204479
fiñ-	0.0655199048433	0.453766002238	0.0953427580823	0.385371334836
rca-	0.470736351184	0.369486833849	0.089420645412	0.0703561695548
bgü-	0.741970573081	0.0883952596325	0.0254193622259	0.144214805061
cye-	0.814113597246	0.149741824441	0.0051635111876	0.0309810671256
gla-	0.515758588359	0.28746186839	0.158062722241	0.0387168210096
cac-	0.185158832673	0.260141865709	0.532149659566	0.0225496420518
moi-	0.0440779062252	0.914163082402	0.00538764972445	0.0363713616486
doo-	0.114931309021	0.698585634087	0.125688599225	0.0607944576679
bdz-	0.634253418782	0.198011808044	0.110713024171	0.0570217490033
ruñ-	0.362068965517	0.544334975369	0.0591133004926	0.0344827586207
rid-	0.307832422587	0.297510625379	0.0291438979964	0.365513054038
tow-	0.630541871921	0.300492610837	0.0492610837438	0.0197044334975
jud-	0.0124974729549	0.968057960075	0.00379406184785	0.0156505051224
nu'-	0.752021563342	0.129380053908	0.0485175202156	0.0700808625336
zam-	0.655792022429	0.17369695425	0.0114693513445	0.159041671977
uba-	0.160319576079	0.14303237466	0.0615764553877	0.635071593873
mñu-	0.0277777777778	0.194444444444	0.75	0.0277777777778
mi'-	0.0859409322447	0.161796136294	0.592504620853	0.159758310608
uzí-	0.0	1.0	0.0	0.0
cis-	0.0769230769231	0.923076923077	0.0	0.0
mal-	0.0275482093664	0.865013774105	0.0909090909091	0.0165289256198
sab-	0.0267007402186	0.94236869933	0.00907648924921	0.021854071202
rey-	0.0368391498919	0.905959491115	0.0235668464667	0.0336345125264
guñ-	0.689267807898	0.255703914167	0.0274547131815	0.0275735647537
nin-	0.172838161621	0.133631017208	0.0421476802439	0.651383140928
adm-	0.0	1.0	0.0	0.0
gra-	0.313861809736	0.600510344406	0.0748097668307	0.010818079027
rdu-	0.495246792799	0.345365287228	0.105237928961	0.0541499910122
too-	0.227808831132	0.394923147093	0.0353084580574	0.341959563717
rsa-	0.528096864328	0.316671841043	0.0512263272276	0.104004967401
rch-	0.489514202283	0.425006636581	0.0615874701354	0.0238916910008
sa̱-	0.57345971564	0.42654028436	0.0	0.0
dun-	0.372611173468	0.128715982061	0.0696523504407	0.429020494031
sir-	0.413015365638	0.552245602633	0.0328821569811	0.00185687474717
ily-	0.0961549807412	0.314373730478	0.485073368901	0.10439791988
ca'-	0.0353204533776	0.130396262411	0.800262245507	0.0340210387048
lim-	0.311111111111	0.0444444444444	0.2	0.444444444444
ta'-	0.257111893796	0.580059604443	0.0727896685632	0.0900388331979
esr-	0.0	1.0	0.0	0.0
yu'-	0.178927676899	0.290113515321	0.0265933015418	0.504365506238
pre-	0.395137023106	0.432025792585	0.0916711445459	0.0811660397636
ALL	0.232187668696	0.295557954903	0.0547143106147	0.417540065787
pe̱-	0.604495660834	0.150092474036	0.093896713615	0.151515151515
dud-	0.407576060849	0.47232786229	0.0638010408327	0.0562950360289
zed-	0.134578079534	0.459941804074	0.396750727449	0.00872938894277
ñaa-	0.0420673565442	0.935984457433	0.00447092678247	0.0174772592406
nii-	0.573032820692	0.127127560624	0.0227227126755	0.277116906008
teñ-	0.408	0.496	0.0	0.096
ja̱-	0.128834355828	0.539877300613	0.0	0.331288343558
per-	0.217255687611	0.777290194708	0.0	0.00545411768061
ger-	0.0255319148936	0.948936170213	0.0255319148936	0.0
arm-	0.0	1.0	0.0	0.0
cal-	0.0366972477064	0.963302752294	0.0	0.0
big-	0.227755572775	0.596968052913	0.138561678154	0.0367146961577
lo̱-	0.120429332865	0.0180305532398	0.00569859581017	0.855841518085
zor-	0.0	1.0	0.0	0.0
zig-	0.0326113899733	0.469944847245	0.46747898205	0.0299647807317
rsu-	0.350021579629	0.348295209322	0.229607250755	0.0720759602935
gaa-	0.239805311384	0.194148832094	0.0450488329996	0.520997023522
mii-	0.0318449258837	0.199954389966	0.192702394527	0.575498289624
zim-	0.373267769334	0.261510952168	0.0643719266875	0.30084935181
guy-	0.372017081491	0.411133583442	0.176370792521	0.0404785425457
yed-	0.818181818182	0.0727272727273	0.0363636363636	0.0727272727273
gas-	0.132911372935	0.139103023833	0.0955263830425	0.63245922019
ata-	0.0	1.0	0.0	0.0
tie-	0.0821545400752	0.643386662796	0.0386294365238	0.235829360605
far-	0.0101685794025	0.981383677709	0.00225273143687	0.00619501145138
biz-	0.00625	0.129166666667	0.860416666667	0.00416666666667
rud-	0.0357142857142	0.964285714286	0.0	0.0
waa-	0.0231152361861	0.949888287397	0.0108180188454	0.0161784575713
mes-	0.0476173864509	0.927672736575	0.0	0.0247098769739
sed-	0.4375	0.1875	0.34375	0.03125
num-	0.196115789139	0.256640443146	0.0183283251244	0.528915442591
bda-	0.427026136613	0.447781682407	0.0280035141665	0.0971886668131
rgo-	0.714992272025	0.264605873261	0.0111282843895	0.00927357032459
rni-	0.566930929282	0.200205627435	0.0318748060504	0.200988637233
ami-	0.0494352699581	0.894155899718	0.0390818858561	0.0173269444682
zat-	0.407598449937	0.48482666527	0.0443810222036	0.063193862589
ele-	0.0	1.0	0.0	0.0
riy-	0.438860583603	0.321831094643	0.0370541917554	0.202254129998
cás-	0.230769230769	0.717948717949	0.0512820512821	0.0
sec-	0.20527306968	0.207156308851	0.553672316384	0.0338983050847
pcu-	0.705679781383	0.185789903204	0.0578724912782	0.0506578241349
cau-	0.170731707317	0.719512195122	0.0121951219512	0.0975609756098
adi-	0.0	1.0	0.0	0.0
jai-	0.0921875	0.821875	0.01875	0.0671875
nze-	0.245614035088	0.631578947368	0.0350877192982	0.0877192982456
win-	0.828193832599	0.118942731278	0.0264317180616	0.0264317180617
tal-	0.039603960396	0.960396039604	0.0	0.0
rco-	0.562803608605	0.390006939625	0.0388619014573	0.00832755031228
rsh-	0.626911719919	0.254055163464	0.0628897922432	0.0561433243734
mez-	0.097394022098	0.835475634987	0.000440198969935	0.0666901439451
paa-	0.251652866707	0.333914530627	0.336262957015	0.0781696456504
beñ-	0.272444338042	0.131434043572	0.372516159923	0.223605458463
lem-	0.0135593220339	0.966101694915	0.0203389830509	0.0
rod-	0.0540540540541	0.927927927928	0.018018018018	0.0
rob-	0.0	1.0	0.0	0.0
cow-	0.0616859882639	0.81286675254	0.123300415057	0.00214684413911
zaf-	0.0384615384615	0.961538461538	0.0	0.0
pue-	0.0	1.0	0.0	0.0
taz-	0.201997670211	0.793541031551	0.0	0.00446129823779
wan-	0.488619291137	0.249847328297	0.108310738044	0.153222642521
pon-	0.1257976299	0.857793983592	0.0	0.0164083865086
cañ-	0.81520119225	0.148368935254	0.00894187779434	0.0274879947011
gól-	0.0115606936416	0.953757225434	0.0346820809248	0.0
ged-	0.0932159502849	0.906784049715	0.0	0.0
chi-	0.190849174324	0.691877697708	0.0946649524651	0.0226081755027
csu-	0.564184810071	0.277368895138	0.148955335369	0.00949095942175
nga-	0.362704131845	0.330902100118	0.27223973711	0.0341540309263
ben-	0.109012978467	0.0503027912557	0.0129789955496	0.827705234728
dió-	0.412162162162	0.547297297297	0.0202702702703	0.0202702702703
seg-	0.284939577502	0.424743041116	0.108035038276	0.182282343107
beg-	0.401954397394	0.578501628665	0.0	0.0195439739414
nni-	0.668965517241	0.21724137931	0.0	0.113793103448
reñ-	0.200821427237	0.50122294363	0.130816167573	0.16713946156
rso-	0.481539846916	0.326654660063	0.1492570914	0.0425484016209
gol-	0.487376879392	0.345314639622	0.0945656631656	0.0727428178197
ili-	0.0289855072464	0.927536231884	0.0	0.0434782608696
lam-	0.285292165107	0.268013810968	0.0308208479232	0.415873176002
til-	0.646752219706	0.182213595025	0.114957403214	0.0560767820554
gat-	0.364952328595	0.479028097842	0.124386728076	0.0316328454858
wun-	0.814814814815	0.185185185185	0.0	0.0
act-	0.0714285714286	0.928571428571	0.0	0.0
cua-	0.13774213062	0.610957100936	0.123118822232	0.128181946212
dám-	0.0	1.0	0.0	0.0
fin-	0.0647548566142	0.702127659575	0.233117483811	0.0
cir-	0.019528071603	0.973962571196	0.00488201790075	0.00162733930024
yem-	0.246376811594	0.68115942029	0.0	0.0724637681159
zañ-	0.0532132744143	0.105280175581	0.702246695604	0.139259854401
gur-	0.287029687252	0.259056993174	0.356882044769	0.0970312748055
sió-	0.0237623762376	0.976237623762	0.0	0.0
esl-	0.0	1.0	0.0	0.0
saf-	0.05	0.95	0.0	0.0
rla-	0.467363143045	0.138353388835	0.055039404524	0.339244063596
gud-	0.580507303465	0.171806429116	0.185074067856	0.0626121995635
yad-	0.482349417894	0.14922019964	0.134855050538	0.233575331929
goo-	0.47149122807	0.34649122807	0.0964912280701	0.0855263157895
abi-	0.0	1.0	0.0	0.0
riñ-	0.13402732596	0.633702016916	0.0487963565387	0.183474300585
eub-	0.0	1.0	0.0	0.0
ñam-	0.431406384814	0.490077653149	0.0681622088007	0.0103537532355
ñcy-	0.397014925373	0.417910447761	0.0143283582089	0.170746268657
ded-	0.457096801916	0.179512192856	0.12128982508	0.242101180148
bel-	0.0325662978682	0.910261756986	0.0265600340178	0.0306119111285
ruy-	0.414448669202	0.397338403042	0.02154626109	0.166666666667
ban-	0.0414616270547	0.958538372945	0.0	0.0
cus-	0.39054685132	0.315011189948	0.0626598106906	0.231782148041
rom-	0.059199762011	0.730607615648	0.189740443255	0.0204521790867
yug-	0.0741758241758	0.876373626374	0.0494505494506	0.0
tey-	0.568549980245	0.218095614382	0.0237060450415	0.189648360332
rde-	0.470161313186	0.200672847031	0.04670238804	0.282463451743
ter-	0.0243902439024	0.918699186992	0.0487804878048	0.00813008130081
tiy-	0.412678873673	0.368979843053	0.0581627942761	0.160178488998
cuñ-	0.927631578947	0.0427631578947	0.0197368421053	0.00986842105262
dab-	0.00820994606396	0.930489123325	0.00189460293784	0.0594063276731
tra-	0.0762401526342	0.887063023141	0.0188484736583	0.0178483505662
nri-	0.214285714286	0.721428571429	0.0514285714286	0.0128571428571
dañ-	0.057090473132	0.849129631192	0.0656405155536	0.0281393801219
wug-	0.324199150907	0.221922037823	0.0	0.45387881127
nam-	0.245672857599	0.0749051048991	0.00103743572491	0.678384601777
dzo-	0.455421686747	0.409638554217	0.0674698795181	0.0674698795181
arq-	0.171875	0.817708333333	0.0104166666667	0.0
ale-	0.0518565941101	0.787451984635	0.156850192061	0.00384122919334
feñ-	0.0461798547225	0.435685963976	0.468249835042	0.049884346259
elm-	0.0	1.0	0.0	0.0
oli-	0.0216403954048	0.971947635586	0.00480897675661	0.0016029922522
luc-	0.0078431372549	0.976470588235	0.00784313725489	0.0078431372549
bze-	0.591591364239	0.264383173995	0.0209451761829	0.123080285583
led-	0.130977683001	0.521368108988	0.102356875217	0.245297332794
mod-	0.169273074604	0.32871186513	0.0396466617134	0.462368398553
jec-	0.0192307692308	0.980769230769	0.0	0.0
dec-	0.0185185185185	0.759259259259	0.0	0.222222222222
bic-	0.506537066938	0.297772741199	0.0139021942372	0.181787997626
rir-	0.317142499077	0.378503005842	0.030691209588	0.273663285494
eli-	0.0457904884319	0.949630462725	0.00457904884318	0.0
nu̱-	0.0	0.0	0.0258620689655	0.974137931034
soo-	0.671124216122	0.184185389759	0.0406993645916	0.103991029528
di'-	0.450510338506	0.520303775777	0.0224506813209	0.00673520439628
col-	0.0184501845018	0.363468634686	0.59963099631	0.0184501845019
jul-	0.0462555066079	0.953744493392	0.0	0.0
bri-	0.705061001531	0.13077175079	0.0345672288908	0.129600018788
nañ-	0.0813876645373	0.0478159548552	0.0263897330873	0.84440664752
csh-	0.770597738288	0.153069466882	0.0726978998384	0.00363489499192
pan-	0.0306748466258	0.944785276074	0.0184049079755	0.00613496932515
orn-	0.138087109317	0.018335729975	0.005116241985	0.838460918723
cyi-	0.359091353533	0.441243033276	0.116005948596	0.0836596645952
gle-	0.653066210604	0.220620571708	0.110188126069	0.0161250916198
nim-	0.122781812182	0.231650796573	0.0836161228641	0.561951268381
tor-	0.0873015873016	0.871428571429	0.0111111111111	0.0301587301587
lec-	0.0248962655602	0.896265560166	0.0788381742739	0.0
ari-	0.00571918787531	0.987131827281	0.00428939090649	0.00285959393766
lin-	0.00492368291481	0.751354012802	0.243722304284	0.0
tug-	0.41703539823	0.428097345133	0.0132743362832	0.141592920354
yam-	0.68258278989	0.135066353297	0.010350465996	0.172000390816
ina-	0.0289653698162	0.809640872168	0.140551517743	0.0208422402736
baa-	0.0243883311923	0.927896767544	0.0247422515658	0.0229726496982
lat-	0.0665541334593	0.0413427364951	0.00793488054982	0.884168249496
pen-	0.012987012987	0.974025974026	0.012987012987	0.0
güi-	0.575400944186	0.270553621053	0.0606020022098	0.0934434325509
rab-	0.917671309254	0.0469594497356	0.0207692435422	0.0145999974678
ape-	0.0425531914894	0.957446808511	0.0	0.0
éfe-	0.0148942508192	0.953232052428	0.0318736967531	0.0
uza-	0.00404934130453	0.939255790188	0.000920304841938	0.0557745636653
fre-	0.177083333333	0.520833333333	0.1875	0.114583333333
gyo-	0.207375990561	0.743514517595	0.0241082959963	0.025001195848
rly-	0.296940141393	0.586184629945	0.0627027838207	0.0541724448417
lab-	0.318426391461	0.641880568052	0.0238158242922	0.0158772161948
yur-	0.411473087819	0.439801699717	0.0892351274787	0.0594900849858
ca̱-	0.632434239284	0.199403460955	0.108765524157	0.0593967756036
tia-	0.0102040816327	0.989795918367	0.0	0.0
ndu-	0.432999088423	0.485870556062	0.0136736554239	0.0674567000911
car-	0.764268419232	0.184884123141	0.0171221030785	0.0337253545486
sca-	0.145454545455	0.8	0.0181818181818	0.0363636363636
a̱'-	0.138988343515	0.147949713172	0.292536303202	0.420525640111
shu-	0.0675244701585	0.819654229999	0.0296473660988	0.0831739337433
mim-	0.286239281339	0.236014699878	0.0710494079216	0.406696610862
de'-	0.08508867499	0.331271063611	0.17752308562	0.406117175779
ryi-	0.419079259611	0.350261034646	0.170859041291	0.0598006644518
yes-	0.718945489328	0.165751932195	0.0406950276977	0.0746075507792
do'-	0.65625	0.33125	0.0	0.0125
yuu-	0.175868187851	0.74373904019	0.051595361108	0.028797410851
le'-	0.293835925175	0.278425738111	0.374887311246	0.0528510254677
pól-	0.335526315789	0.585526315789	0.0789473684211	0.0
yay-	0.53672742401	0.151329987779	0.0111807379287	0.300761850282
rlo-	0.490363513895	0.38552462899	0.0568846011777	0.0672272559372
yar-	0.471819675632	0.315344838791	0.0373664324108	0.175469053167
ric-	0.674600672319	0.127684059492	0.0285123723301	0.16920289586
reg-	0.22182402578	0.575624563968	0.161738812664	0.0408125975881
anc-	0.0145706173385	0.964840097251	0.00964007004777	0.0109492153629
cai-	0.0117275597654	0.977447000451	0.00541271989175	0.00541271989175
sod-	0.00472123863084	0.985836284107	0.00944247726167	0.0
ñuu-	0.303476487072	0.129517283372	0.183743614719	0.383262614837
ndr-	0.152987026337	0.809431378062	0.0182919270621	0.0192896685382
cum-	0.0	0.847619047619	0.0	0.152380952381
era-	0.0125	0.9875	0.0	0.0
zab-	0.152857499376	0.607811330172	0.173820813576	0.0655103568755
lig-	0.459016393443	0.180327868852	0.229508196721	0.131147540984
óni-	0.0	0.70612244898	0.29387755102	0.0
sey-	0.147001352773	0.821433939576	0.0293100856757	0.00225462197505
fis-	0.295221843003	0.564846416382	0.139931740614	0.0
yap-	0.813638801543	0.051187774753	0.0137760057699	0.121397417934
ngü-	0.300910069478	0.671689989236	0.0117428319796	0.0156571093062
rcy-	0.469658438041	0.2825492291	0.0655847516073	0.182207581251
nez-	0.35705497189	0.492057921612	0.00406526266042	0.146821843838
ne̱-	0.268101556495	0.0756146112568	0.0109326752028	0.645351157045
met-	0.0332374243477	0.863180871118	0.0232165889473	0.0803651155869
rte-	0.530256390149	0.315599310389	0.0875539620944	0.0665903373675
gzu-	0.500055485398	0.238223060063	0.125945501423	0.135775953115
lez-	0.759539672926	0.178679588128	0.0363416111448	0.0254391278013
mna-	0.159420289855	0.782608695652	0.0289855072464	0.0289855072464
nef-	0.0131795716639	0.986820428336	0.0	0.0
psi-	0.467766757866	0.432199042408	0.0282147742818	0.0718194254446
ces-	0.0217691776088	0.927090532135	0.0138217000691	0.0373185901866
lol-	0.0105810057382	0.932444347979	0.0138366998114	0.043137946471
nne-	0.536507716797	0.347248944564	0.0804761575196	0.0357671811198
saa-	0.456362166029	0.350331249417	0.096575534198	0.0967310503561
ruc-	0.513966480447	0.430167597765	0.0111731843575	0.0446927374302
na̱-	0.33775490002	0.239556523461	0.294001187884	0.128687388636
mat-	0.00567375886526	0.994326241135	0.0	0.0
uzh-	0.0389294403893	0.905109489051	0.0340632603406	0.021897810219
nuu-	0.282091395636	0.628983120626	0.0619184849732	0.0270069987649
nit-	0.660453064421	0.191986773535	0.0417677827302	0.105792379313
stu-	0.421718502899	0.213494992093	0.0284659989457	0.336320506062
sug-	0.514834205934	0.297847585806	0.168121000582	0.0191972076788
rdo-	0.310182958643	0.628013232336	0.0321240137282	0.0296797952923
ru'-	0.268839334968	0.329957856808	0.0719590500684	0.329243758156
mba-	0.336056683077	0.579358177763	0.0668284313038	0.0177567078559
zee-	0.594174269011	0.279267590459	0.0291840981808	0.0973740423491
pca-	0.557661013026	0.288719118078	0.0459330389821	0.107686829914
zuñ-	0.246329526917	0.221044045677	0.249184339315	0.283442088091
par-	0.0402309301478	0.0405186405737	0.0157763452731	0.903474084005
liñ-	0.286532951289	0.467048710602	0.246418338109	0.0
ala-	0.0331034482759	0.804137931035	0.16275862069	0.0
ber-	0.0313716438112	0.933164758837	0.018550189384	0.0169134079678
lay-	0.254058932532	0.380766756598	0.0192985319674	0.345875778902
pa̱-	0.350311850312	0.446985446985	0.159043659044	0.0436590436591
to̱-	0.316857515582	0.31366864763	0.0614581823452	0.308015654443
duu-	0.197674418605	0.722719141324	0.0143112701252	0.0652951699463
rag-	0.231211105792	0.501416148077	0.216550981331	0.0508217647998
zir-	0.111145041741	0.0565947056946	0.370658343439	0.461601909125
le̱-	0.474294616583	0.367318677514	0.0467370607582	0.111649645144
ení-	0.0212765957447	0.978723404255	0.0	0.0
gay-	0.0710384464356	0.201037613489	0.118397410726	0.609526529349
wid-	0.051195624523	0.600992113966	0.294708725515	0.0531035359959
bid-	0.263279445727	0.660508083141	0.0554272517321	0.0207852193995
lyu-	0.40310028995	0.499887289524	0.0620817217478	0.0349306987777
rbo-	0.344244732319	0.581010178163	0.0382295422955	0.0365155472218
lug-	0.0928402848973	0.537261492044	0.0149312090366	0.354967014022
bza-	0.712167839931	0.145102285095	0.0231202645554	0.119609610419
gre-	0.0333333333333	0.933333333333	0.0333333333333	0.0
ser-	0.0380952380952	0.961904761905	0.0	0.0
rga-	0.4254585082	0.33912414436	0.0607538403385	0.174663507102
dza-	0.354859347021	0.254959312995	0.222364613925	0.167816726059
cri-	0.0388715256801	0.883456879698	0.0194055078957	0.0582660867258
mis-	0.0560747663551	0.943925233645	0.0	0.0
ted-	0.750788643533	0.223974763407	0.01261829653	0.01261829653
cup-	0.388226645467	0.398946293206	0.0252517989975	0.187575262329
sac-	0.148857264114	0.274248819433	0.170023629145	0.406870287308
fee-	0.104765042547	0.817241019586	0.0440288358924	0.0339651019741
gua-	0.689555160666	0.125034423388	0.109547973901	0.0758624420449
bla-	0.550810737315	0.209567675177	0.0786218299408	0.160999757568
yon-	0.01490454122	0.828356741076	0.136607351328	0.0201313663754
agr-	0.0	0.992195629553	0.00624349635795	0.00156087408949
was-	0.412051679604	0.381086149212	0.129682484842	0.0771796863429
miy-	0.108791208791	0.582417582418	0.0219780219781	0.286813186813
loñ-	0.221596891463	0.144118285195	0.0482585863747	0.586026236967
sos-	0.0119760479042	0.976047904192	0.0	0.0119760479042
don-	0.168583376895	0.776529012023	0.0313643491898	0.0235232618923
cad-	0.123514232093	0.849038160776	0.0213481388802	0.00609946825149
suy-	0.385578279267	0.0465444287729	0.0296191819464	0.538258110014
tat-	0.578599279831	0.341431714014	0.0423365326705	0.0376324734849
bit-	0.0	1.0	0.0	0.0
pti-	0.709270433352	0.274273176083	0.0016456390565	0.0148107515085
rig-	0.79	0.175	0.035	0.0
du'-	0.553379040157	0.287952987267	0.0352595494613	0.123408423115
nom-	0.0944691570968	0.162237301984	0.0434614860878	0.699832054832
cho-	0.0593732198434	0.0622798562163	0.256793897706	0.621553026234
la̱-	0.0894583346987	0.111274954215	0.086043116223	0.713223594863
esa-	0.0	0.953488372093	0.046511627907	0.0
tuñ-	0.150133915372	0.238982024159	0.364822129148	0.246061931321
rdi-	0.658511328402	0.234167911492	0.0377077766338	0.0696129834731
rep-	0.375	0.117647058824	0.176470588235	0.330882352941
gly-	0.413358978842	0.320685434517	0.154222766218	0.111732820423
loy-	0.19407737854	0.096524064393	0.0120768861644	0.697321670903
mag-	0.00555415299167	0.991668770512	0.00277707649584	0.0
aug-	0.109061748196	0.881315156375	0.0	0.00962309542902
duñ-	0.228001425009	0.645885286783	0.027787673673	0.0983256145352
mos-	0.0349794238683	0.949588477366	0.00771604938272	0.00771604938272
li'-	0.316353887399	0.635388739946	0.0160857908847	0.0321715817694
bec-	0.467171206173	0.361029044748	0.0442483845293	0.12755136455
fri-	0.0	0.952702702703	0.0472972972973	0.0
gop-	0.230942162273	0.0414878397711	0.690782750869	0.0367872470877
go̱-	0.156552779194	0.0724120346762	0.697603263641	0.0734319224885
pla-	0.0446993843601	0.859445269179	0.0869154695892	0.00893987687205
zeñ-	0.66812940974	0.250559284116	0.0283944243676	0.0529168817759
mac-	0.0105472142946	0.971584563842	0.0178682218638	0.0
lo'-	0.167346164786	0.73812458519	0.031288518062	0.0632407319617
ico-	0.0	0.974304068523	0.0192719486081	0.00642398286937
bet-	0.383961972542	0.285120716023	0.102557210814	0.228360100621
wed-	0.0432354530715	0.945955683661	0.00864709061431	0.00216177265358
nar-	0.250669842215	0.506698422149	0.0815718963977	0.161059839238
bre-	0.913451029431	0.0454899026201	0.0106340032099	0.0304250647394
raa-	0.586411598306	0.303636227011	0.0977352663843	0.012216908298
asu-	0.09915356711	0.822652156389	0.0540104796453	0.0241837968561
sya-	0.78329764454	0.148394004283	0.0430406852249	0.0252676659529
rsy-	0.0683435103702	0.919914868269	0.0011399632389	0.0106016581218
neá-	0.0	1.0	0.0	0.0
ran-	0.0949900872958	0.340245579254	0.525173472324	0.0395908611262
gab-	0.286425005261	0.316439611233	0.080029665334	0.317105718172
byi-	0.739130434783	0.0745341614907	0.0	0.186335403727
cam-	0.199594141166	0.735709549738	0.016877298025	0.0478190110707
nsa-	0.804707578512	0.0832445308092	0.0244468125117	0.0876010781671
yan-	0.260175031632	0.671024884015	0.0640552509489	0.00474483340363
rña-	0.167335167567	0.789902874001	0.0286405675075	0.0141213909239
zeg-	0.253353204173	0.275707898659	0.336810730253	0.134128166915
ruu-	0.651789191767	0.131240946825	0.0664213101338	0.150548551273
bgu-	0.663588873682	0.190161343177	0.0522775025541	0.0939722805868
zil-	0.246184599597	0.611055495113	0.0968767955194	0.0458831097706
rug-	0.320323014805	0.419919246299	0.110363391655	0.149394347241
yee-	0.674287354123	0.114884254831	0.068458644219	0.142369746827
lic-	0.0581395348837	0.726744186047	0.21511627907	0.0
guz-	0.272695254028	0.446860966805	0.223738663379	0.0567051157876
ich-	0.404300726388	0.0791922986104	0.0436265447656	0.472880430236
noo-	0.61322150962	0.17710902812	0.10705476073	0.102614701529
goy-	0.268306492199	0.265790135883	0.0264217413186	0.439481630599
ptu-	0.462569385408	0.409661449217	0.0440066009902	0.0837625643846
ri̱-	0.285062713797	0.598631698974	0.0262257696693	0.0900798175599
sul-	0.688138351808	0.235180438879	0.044943659152	0.0317375501606
das-	0.743546387104	0.164468492842	0.0	0.0919851200541
tab-	0.292062321379	0.69576841523	0.0	0.0121692633908
rcu-	0.411408386974	0.407014931909	0.116915531812	0.0646611493045
naz-	0.0150457915395	0.981029219363	0.00392498909725	0.0
gal-	0.0618260584177	0.0918582221271	0.0135521122476	0.832763607208
see-	0.087949425185	0.88774260916	0.00921565730868	0.0150923083461
nac-	0.377875407344	0.0846311746361	0.00552124143904	0.531972176581
zum-	0.442063979455	0.237996873604	0.0468819785619	0.273057168379
cui-	0.46590903058	0.225351634297	0.172162171633	0.13657716349
nsh-	0.262626262626	0.686868686869	0.0	0.050505050505
sel-	0.0344827586207	0.931034482759	0.0344827586207	0.0
ibe-	0.549504950495	0.450495049505	0.0	0.0
bdi-	0.598376498738	0.326606853088	0.0435086346116	0.0315080135626
bii-	0.524476969857	0.305990915895	0.117795058431	0.0517370558167
wad-	0.389226496562	0.409145800089	0.0680232796373	0.133604423711
lil-	0.134932093947	0.433182074185	0.389037581764	0.0428482501037
tej-	0.0	0.954545454545	0.0454545454545	0.0
gde-	0.343487250172	0.411440385941	0.175603032391	0.0694693314955
ray-	0.0646900269541	0.88679245283	0.0485175202156	0.0
mne-	0.497652193488	0.165800908313	0.0179039889331	0.318642909266
wab-	0.513315819443	0.248741889756	0.140884407755	0.0970578830461
sha-	0.38535950372	0.507494880649	0.0722454877182	0.0349001279131
nya-	0.672380425767	0.160353884435	0.0995299972352	0.0677356925629
lew-	0.285714285714	0.678571428571	0.0	0.0357142857143
lob-	0.0073400016745	0.955959989953	0.0220200050235	0.014680003349
ñgy-	0.124008966717	0.802103301648	0.0259244783013	0.0479632533335
fi̱-	0.172521467603	0.273224043716	0.413739266198	0.140515222482
sue-	0.1875	0.447916666667	0.0801282051282	0.284455128205
cub-	0.0870369851107	0.197328697343	0.664554299975	0.0510800175719
one-	0.0	1.0	0.0	0.0
nob-	0.0392761227352	0.777220680879	0.0173845133418	0.166118683044
naí-	0.0333333333333	0.833333333333	0.0	0.133333333333
gog-	0.0	0.964285714286	0.0357142857143	0.0
ani-	0.333333333333	0.666666666667	0.0	0.0
deñ-	0.106746644284	0.607401603572	0.135045251326	0.150806500818
ni'-	0.103028055706	0.0574961386028	0.0509404574461	0.788535348245
sil-	0.0607175712972	0.918780391641	0.00394269943488	0.0165593376265
lal-	0.292249047014	0.376111817027	0.015247776366	0.316391359593
jas-	0.0432345876701	0.942353883106	0.0144115292234	0.0
ri'-	0.09139269477	0.308987721523	0.594052516005	0.00556706770173
gye-	0.288799344256	0.54882699307	0.0541002175052	0.108273445169
scy-	0.0526762956669	0.873406966865	0.0484282073067	0.0254885301614
gus-	0.510535805971	0.289915519429	0.0918424132906	0.10770626131
suu-	0.422727121413	0.503199336736	0.043597570347	0.0304759715046
him-	0.0	0.922330097087	0.0	0.0776699029125
nau-	0.0	1.0	0.0	0.0
ga'-	0.251257843388	0.193654051697	0.0974621727819	0.457625932133
raz-	0.551102688064	0.352867801915	0.0560172141789	0.040012295842
egi-	0.014871743687	0.913863659048	0.0628805269987	0.00838407026649
sau-	0.0465547191662	0.926693688477	0.00138969310944	0.0253618992473
sín-	0.0	1.0	0.0	0.0
way-	0.39359907055	0.268946163724	0.0983945092734	0.239060256452
esm-	0.0193548387097	0.858064516129	0.116129032258	0.00645161290322
pri-	0.0180904522613	0.969849246231	0.0	0.0120603015076
i'ñ-	0.0341502980118	0.899222767559	0.0121767882741	0.0544501461553
rze-	0.643003426034	0.183072712309	0.0870289203208	0.0868949413364
iza-	0.580508474576	0.402542372881	0.0	0.0169491525424
ela-	0.0	1.0	0.0	0.0
re'-	0.201307482799	0.733733872592	0.0553113211524	0.00964732345681
goñ-	0.597329585383	0.212930428672	0.126493323963	0.0632466619817
wac-	0.321242315923	0.234619984617	0.186845783643	0.257291915816
nag-	0.565020487384	0.36525052117	0.0150959672202	0.0546330242254
dze-	0.306696560768	0.462117686873	0.0996235035322	0.131562248826
nza-	0.561057572139	0.351209487044	0.0357430499625	0.0519898908545
arp-	0.0637845499645	0.936215450035	0.0	0.0
itu-	0.0	0.986547085202	0.0134529147982	0.0
des-	0.149364195874	0.0480423811708	0.0196930481376	0.782900374817
fen-	0.0568561872909	0.832775919732	0.0401337792642	0.0702341137124
ras-	0.329486109878	0.488552409692	0.121878050945	0.0600834294843
que-	0.0230769230769	0.930769230769	0.0	0.0461538461538
gul-	0.347813387431	0.259787451458	0.161798626604	0.230600534507
tir-	0.0851597794596	0.379645539282	0.021676335848	0.513518345411
man-	0.30232145791	0.581535698658	0.061516221684	0.0546266217482
men-	0.1	0.9	0.0	0.0
pte-	0.628622955043	0.205526214092	0.0570011593456	0.108849671519
su̱-	0.428691983122	0.403375527426	0.108860759494	0.0590717299578
sie-	0.307086614173	0.503937007874	0.173228346457	0.0157480314961
fle-	0.0	1.0	0.0	0.0
ze'-	0.172375661774	0.0083840250409	0.00194712207426	0.817293191111
tap-	0.0157706166362	0.203966641828	0.119479008237	0.660783733298
rnu-	0.426620643716	0.519786841069	0.0354255609047	0.0181669543101
bye-	0.714476748207	0.151292278606	0.0639184131449	0.0703125600412
caa-	0.394043138444	0.301651150925	0.238555446284	0.0657502643468
sol-	0.0299912174512	0.916838757151	0.0378005649315	0.0153694604667
coj-	0.212038642556	0.0656428040624	0.716373544711	0.0059450086698
cuu-	0.387163561077	0.564389233955	0.0223602484472	0.0260869565217
doc-	0.0320665083135	0.927553444181	0.0332541567696	0.00712589073633
yum-	0.115665780853	0.0683564779395	0.00331008984084	0.812667651366
teg-	0.143617021277	0.776595744681	0.0797872340426	0.0
nch-	0.295528419573	0.219537907406	0.264429412282	0.22050426074
güe-	0.925208702813	0.0643347992933	0.0016744065254	0.00878209136792
com-	0.19675460726	0.160267099956	0.064850843061	0.578127449723
laz-	0.312320024532	0.257535611785	0.259763594287	0.170380769397
rim-	0.471264367816	0.269157088123	0.0287356321839	0.230842911877
job-	0.0	1.0	0.0	0.0
cef-	0.28431372549	0.656862745098	0.0	0.0588235294118
ñañ-	0.275711159737	0.223924142961	0.418672501823	0.0816921954777
esp-	0.00914073603813	0.963951982937	0.0248475726649	0.00205970835956
aqu-	0.0086642599278	0.991335740072	0.0	0.0
dru-	0.307305441877	0.506879828232	0.0975516728485	0.0882630570425
nil-	0.429541664972	0.276383748831	0.112794338932	0.181280247265
nca-	0.411809815951	0.27990797546	0.0552147239264	0.253067484663
url-	0.0870945090732	0.838168679542	0.0516569936444	0.0230798177408
adr-	0.206611570248	0.603305785124	0.157024793388	0.0330578512397
leb-	0.0376017764619	0.881569207994	0.0737231680236	0.00710584752037
gri-	0.408588398685	0.403836273469	0.119618611796	0.0679567160494
ram-	0.00893617021278	0.982127659574	0.00893617021277	0.0
bin-	0.439393939394	0.5	0.030303030303	0.030303030303
zu̱-	0.545679201548	0.108427041628	0.0807647363078	0.265129020517
ryu-	0.839633806768	0.0740895357403	0.0303010703735	0.0559755871179
las-	0.25533607318	0.488399840912	0.145366565027	0.11089752088
eti-	0.0	0.709677419355	0.290322580645	0.0
laa-	0.236358087258	0.111037018429	0.125823143392	0.526781750922
elí-	0.0103553299492	0.985989847716	0.00243654822335	0.00121827411167
rum-	0.148148148148	0.597883597884	0.174603174603	0.0793650793651
waz-	0.652058985382	0.151496321632	0.0693175486071	0.127127144379
tíq-	0.0775716694772	0.878583473862	0.0202360876897	0.0236087689714
yey-	0.709645402869	0.232292700532	0.0580618965984	0.0
go'-	0.539057597666	0.393513376913	0.0420390837497	0.0253899416706
cuz-	0.0	1.0	0.0	0.0
arf-	0.0	1.0	0.0	0.0
de̱-	0.0141651275975	0.0231600161556	0.00254485015788	0.960130006089
ble-	0.765983451508	0.13766884299	0.0326277090345	0.0637199964673
ema-	0.0452674897119	0.898148148148	0.0452674897119	0.011316872428
zeb-	0.0	1.0	0.0	0.0
pis-	0.253685027153	0.709076803724	0.00930954228084	0.0279286268425
rup-	0.130404794747	0.11777285892	0.073360140241	0.678462206092
rsi-	0.375	0.513461538462	0.0769230769231	0.0346153846154
gdi-	0.692307692308	0.217948717949	0.0897435897436	0.0
his-	0.0111940298507	0.899253731343	0.089552238806	0.0
rad-	0.799893741453	0.0780440107657	0.0470705357093	0.0749917120716
da̱-	0.4579793309	0.390317279033	0.0653221538205	0.0863812362461
fan-	0.0742778480239	0.92088145225	0.00322713315093	0.00161356657547
yas-	0.0337510488672	0.938388415511	0.0243580682863	0.00350246733528
bdu-	0.626539527396	0.258839186863	0.0490483052407	0.0655729805
psa-	0.64841477032	0.283732737115	0.0337626811291	0.0340898114364
rit-	0.0496864447661	0.935841775205	0.0	0.014471780029
quí-	0.037037037037	0.888888888889	0.0740740740741	0.0
lot-	0.0116118330108	0.988388166989	0.0	0.0
ye̱-	0.469361147327	0.444589308996	0.0625814863103	0.0234680573664
ish-	0.00921658986174	0.084485407066	0.89247311828	0.0138248847926
pch-	0.572073683269	0.198515604042	0.17213627828	0.0572744344094
tu'-	0.293972232229	0.550274058765	0.146986116114	0.00876759289102
zi'-	0.115360156653	0.0894880983007	0.129024425381	0.666127319665
nay-	0.402945914261	0.0754960206194	0.00322665025098	0.518331414868
nus-	0.121469890085	0.761898132357	0.115796654531	0.000835323026375
sa'-	0.159980305937	0.773226261014	0.0246515339298	0.0421418991189
