zxa-	0.114196855691	0.355773715427	0.0361876184069	0.493841810475
usá-	0.575450833617	0.147243960531	0.216485199047	0.060820006805
lur-	0.540758762666	0.295617998556	0.0882282169879	0.0753950217896
fig-	0.0	1.0	0.0	0.0
rne-	0.547878371414	0.407387046899	0.0187596632881	0.0259749183989
luí-	0.27029478458	0.645804988662	0.0136054421769	0.0702947845805
dën-	0.256786500367	0.657617999511	0.00489117143555	0.0807043286867
gyu-	0.458063092875	0.348025590117	0.0637546878447	0.130156629164
cju-	0.0275103163686	0.944979367263	0.0137551581843	0.0137551581843
rju-	0.414473684211	0.371710526316	0.144736842105	0.0690789473684
bö́-	0.0825827252342	0.776040889713	0.056320146265	0.0850562387876
icj-	0.109024368484	0.554128477771	0.0364263589358	0.300420794808
der-	0.0108695652174	0.989130434783	0.0	0.0
ye'-	0.654033802876	0.199578786949	0.0494872419012	0.0969001682736
tib-	0.0	1.0	0.0	0.0
níg-	0.34	0.5	0.12	0.04
röx-	0.222727272727	0.640909090909	0.136363636364	0.0
xuy-	0.0354489961021	0.946900051482	0.00441273810401	0.013238214312
xbö-	0.170875261059	0.829124738941	0.0	0.0
bay-	0.228871392201	0.199172772307	0.136408455299	0.435547380193
jac-	0.00124714196633	0.991581791727	0.00436499688214	0.00280606942424
xse-	0.168897939324	0.762207958457	0.0280863246455	0.0408077775732
paf-	0.0	1.0	0.0	0.0
abr-	0.026459230537	0.947518553244	0.0162887154957	0.00973350072306
gúq-	0.515358664773	0.290571732955	0.0980113636364	0.0960582386364
cul-	0.449202350966	0.324937027708	0.0864819479429	0.139378673384
zac-	0.0983089853913	0.334259484262	0.0597233340004	0.507708196346
lzu-	0.029146725305	0.543138015781	0.0154788082611	0.412236450653
her-	0.0157145850397	0.896683746357	0.0446675174765	0.0429341511267
ate-	0.0	1.0	0.0	0.0
gbí-	0.574667872296	0.19718995618	0.0375599916533	0.190582179871
urí-	0.526746724891	0.448689956332	0.0	0.0245633187773
dor-	0.0483870967742	0.733870967742	0.0241935483871	0.193548387097
ler-	0.0579268292684	0.905487804878	0.0365853658537	0.0
pat-	0.0731707317072	0.914634146342	0.0	0.0121951219512
u'ë-	0.112951807229	0.859939759036	0.00903614457832	0.0180722891566
zgu-	0.225274725275	0.552197802198	0.214285714286	0.00824175824175
júp-	0.0	1.0	0.0	0.0
zia-	0.0421025682563	0.286211931594	0.568070445693	0.103615054457
gdy-	0.125714285714	0.388571428571	0.291428571429	0.194285714286
gá'-	0.54976097349	0.431116905693	0.019122120817	0.0
jam-	0.0220588235294	0.878676470588	0.0661764705882	0.0330882352941
rzu-	0.274860335196	0.26592178771	0.255067837191	0.204150039904
nig-	0.219512195122	0.759581881533	0.0209059233449	0.0
tsé-	0.715259965782	0.144409548275	0.068259301438	0.0720711845053
yé'-	0.568659345703	0.242118264837	0.0845713051519	0.104651084308
hor-	0.00544464609799	0.956442831216	0.0	0.038112522686
r‑r-	0.376622503195	0.182706750062	0.0411818772838	0.39948886946
yhu-	0.618197305739	0.102280972963	0.0441682178124	0.235353503486
asi-	0.00646452208712	0.991226720025	0.000461751577651	0.0018470063106
bts-	0.0727272727273	0.927272727273	0.0	0.0
blu-	0.2050067659	0.705683355886	0.0324763193505	0.0568335588633
tér-	0.0	0.979202772964	0.0207972270364	0.0
xch-	0.310352150424	0.540589476229	0.0324454845954	0.116612888752
bu'-	0.73653281097	0.146588312112	0.0	0.116878876918
tol-	0.0958904109589	0.904109589041	0.0	0.0
bni-	0.615656288575	0.303096283089	0.0486044438349	0.0326429845014
huá-	0.16915899542	0.639753991235	0.0704829147583	0.120604098587
xpë-	0.366823456621	0.508498648302	0.0441841824951	0.0804937125823
gsö-	0.627027191748	0.170077459437	0.0266260863272	0.176269262488
pud-	0.114285714286	0.885714285714	0.0	0.0
rdö-	0.383818215909	0.402975342864	0.0694089010286	0.143797540199
bga-	0.180011469123	0.70212537185	0.0820759112577	0.0357872477689
tuh-	0.137142857143	0.588571428571	0.171428571429	0.102857142857
moi-	0.0500354034377	0.908100358924	0.00733388104619	0.0345303565925
xid-	0.492520462884	0.340389500423	0.0220152413209	0.145074795371
uba-	0.618748915997	0.172544371856	0.0196565878476	0.189050124299
gzo-	0.335108907758	0.381820579083	0.127224302516	0.155846210643
gxo-	0.60551558753	0.166666666667	0.0317745803357	0.196043165468
chb-	0.546707689268	0.242288077432	0.0598892048571	0.151115028443
rsa-	0.863228699552	0.0695067264574	0.0269058295964	0.0403587443946
uni-	0.791626467852	0.13324694156	0.0235769619401	0.0515496286486
nöx-	0.150342692903	0.365397370704	0.370567526659	0.113692409735
nún-	0.669257453204	0.161082781012	0.0467283253217	0.122931440462
gáh-	0.307181403072	0.569669295697	0.0428947004289	0.0802546008026
ta'-	0.363543573442	0.351586355348	0.0781449511229	0.206725120087
dxí-	0.150186083761	0.403731097187	0.127384934282	0.318697884769
san-	0.0341367754771	0.00908256871922	0.00361440461976	0.953166251184
töd-	0.318710353516	0.153081602545	0.0365637669688	0.491644276971
arm-	0.0	1.0	0.0	0.0
cal-	0.308112324493	0.636245449818	0.0270410816432	0.0286011440458
zxá-	0.116279069767	0.790697674419	0.093023255814	0.0
tsh-	0.556643356643	0.100699300699	0.0251748251748	0.317482517482
mes-	0.0721649484536	0.900343642612	0.0103092783505	0.0171821305842
xni-	0.228118328759	0.61055199756	0.00243976822202	0.158889905459
arc-	0.476923076923	0.373076923077	0.0923076923077	0.0576923076923
yje-	0.454789915966	0.23731092437	0.0242016806723	0.283697478992
bda-	0.034804670982	0.891438701493	0.0635103926097	0.0102462349153
adi-	0.0	1.0	0.0	0.0
ami-	0.0	1.0	0.0	0.0
bya-	0.485354573484	0.309352517986	0.115364850976	0.0899280575539
sön-	0.501554573719	0.398870888562	0.0283914252987	0.0711831124203
gól-	0.0	1.0	0.0	0.0
ged-	0.0	1.0	0.0	0.0
yöl-	0.141920063668	0.156437736715	0.0366141797456	0.665028019871
rdj-	0.937212863706	0.062787136294	0.0	0.0
uzë-	0.397633038978	0.5206400123	0.00471501627246	0.0770119324502
gdë-	0.498925244805	0.254597563888	0.0367805111058	0.209696680201
bun-	0.0558103779043	0.364164648606	0.0435610301624	0.536463943327
gat-	0.358273334228	0.226779813517	0.0487534776307	0.366193374624
nut-	0.104676820986	0.197159868785	0.0333567773906	0.664806532839
sat-	0.0915821222923	0.881272278585	0.00740334521525	0.0197422539073
saf-	0.0	1.0	0.0	0.0
upi-	0.426510522743	0.288357094365	0.114052953157	0.171079429735
duq-	0.230769230769	0.769230769231	0.0	0.0
abi-	0.0	0.998193315266	0.00180668473352	0.0
ban-	0.117743432284	0.539692723669	0.26339607942	0.0791677646277
bár-	0.0259140665723	0.959490654554	0.00625511951746	0.00834015935662
yö́-	0.457692469639	0.474095773157	0.0378954206692	0.0303163365354
arq-	0.163179916318	0.811715481172	0.0	0.0251046025105
ale-	0.0	0.902511078287	0.0974889217134	0.0
bup-	0.582610318127	0.227073421028	0.0979568989645	0.0923593618808
sid-	0.0	0.985549132948	0.0	0.014450867052
luc-	0.507333504355	0.339248469166	0.0714389283603	0.0819790981184
dec-	0.03515625	0.759765625	0.0	0.205078125
net-	0.0178056055355	0.00775863109973	0.00354723406311	0.970888529302
xli-	0.234644479195	0.733406160914	0.0172840799407	0.0146652799497
rö́-	0.564593301435	0.392344497608	0.0143540669856	0.0287081339713
luq-	0.498421468035	0.323599052881	0.0493291239148	0.12865035517
rdx-	0.21284628064	0.201733397139	0.082575636731	0.502844685489
yöz-	0.0436046511628	0.816860465116	0.122093023256	0.0174418604651
yúl-	0.0807705039486	0.788473967118	0.0353095099229	0.0954460190104
cre-	0.00169491525423	0.983050847458	0.00508474576271	0.0101694915254
xga-	0.0207886487378	0.954462959908	0.0247483913546	0.0
tia-	0.0	1.0	0.0	0.0
bít-	0.19195748873	0.230826641192	0.0494074096188	0.527808460459
rdë-	0.671771523179	0.263658940397	0.00993377483444	0.0546357615894
oné-	0.0207373271889	0.947580645161	0.0	0.0316820276498
dug-	0.916348490108	0.0454703228046	0.0	0.0381811870878
tút-	0.599006547754	0.37570557688	0.0252878753669	0.0
zui-	0.635090660705	0.286667908594	0.0537133631396	0.0245280675609
cum-	0.0	0.836734693878	0.0	0.163265306122
lút-	0.673076923077	0.288461538462	0.0	0.0384615384616
zab-	0.0	1.0	0.0	0.0
gdx-	0.34468061221	0.221297631731	0.0541226701466	0.379899085912
bát-	0.180371352785	0.368700265252	0.0238726790451	0.427055702918
leq-	0.0173589831539	0.029053558685	0.000268224209429	0.953319233952
nef-	0.0	1.0	0.0	0.0
zaq-	0.0594451783355	0.809775429326	0.0752972258917	0.0554821664465
rej-	0.1754045891	0.711689131317	0.079231844205	0.0336744353785
ulí-	0.595924644367	0.196462898885	0.0653594771242	0.142252979623
böl-	0.0289196447015	0.94096478544	0.00978484219224	0.0203307276661
nit-	0.298443405182	0.284492482053	0.0751794723423	0.341884640422
ru'-	0.331410375279	0.267778869652	0.0239143617847	0.376896393284
nah-	0.259055982437	0.637760702525	0.0724478594951	0.0307354555433
gúc-	0.614532972346	0.262956874879	0.0456874879133	0.0768226648618
uda-	0.754901960784	0.22342621259	0.0	0.0216718266254
chd-	0.170489382322	0.686809817973	0.0608184281486	0.0818823715561
bxu-	0.0108842986911	0.93789071193	0.0412713184568	0.00995367092193
bza-	0.223918575064	0.294317217981	0.0330788804071	0.448685326548
uyu-	0.580930952046	0.303051610181	0.0400787512305	0.0759386865419
xöh-	0.134807115229	0.280733201739	0.346278653173	0.23818102986
elm-	0.0	1.0	0.0	0.0
ráh-	0.183229813665	0.740683229814	0.0248447204969	0.0512422360249
agr-	0.0	0.983242753623	0.00860507246377	0.00815217391304
rë'-	0.51333955853	0.0549423438993	0.0125153632912	0.419202734279
leg-	0.32500268154	0.588115413494	0.0482677249812	0.038614179985
gúl-	0.639240506329	0.0949367088608	0.0759493670886	0.189873417721
lí'-	0.171641791045	0.701492537313	0.126865671642	0.0
upá-	0.587755102041	0.240816326531	0.122448979592	0.0489795918367
rí'-	0.188976377953	0.787401574803	0.0236220472441	0.0
neá-	0.0	1.0	0.0	0.0
yui-	0.372093023256	0.0883720930232	0.125581395349	0.413953488372
yan-	0.652415667861	0.143704435932	0.163103916965	0.0407759792413
est-	0.0928016937191	0.779816513761	0.0356386732534	0.0917431192661
lul-	0.524562369213	0.277220033777	0.0548631097296	0.143354487281
cxö-	0.0535117056857	0.780100334448	0.0652173913043	0.101170568562
rjö-	0.24064171123	0.695187165775	0.0320855614973	0.0320855614973
uyú-	0.450095663265	0.477200255102	0.00956632653062	0.063137755102
zá'-	0.556841670112	0.205870194295	0.0338983050847	0.203389830508
gch-	0.479459302533	0.382232837514	0.0594308655721	0.0788769943807
zë'-	0.697537198563	0.0654181631606	0.0102616726526	0.226782965623
gog-	0.0	1.0	0.0	0.0
ruf-	0.0	0.9795221843	0.0204778156997	0.0
rje-	0.379834254144	0.335635359116	0.102209944751	0.182320441989
bua-	0.440972222222	0.240162037037	0.0219907407407	0.296875
run-	0.342797425155	0.114903218951	0.0360460086795	0.506253347214
sau-	0.0254007911722	0.868831980012	0.0	0.105767228815
usp-	0.667741408365	0.201948553427	0.0594978467868	0.0708121914217
cuí-	0.237149229207	0.212879956003	0.444397958047	0.105572856743
pri-	0.0428870292887	0.953974895397	0.0	0.00313807531381
gnë-	0.531178763155	0.119364296972	0.0505469368651	0.298910003008
gzá-	0.156862745098	0.764705882353	0.078431372549	0.0
xui-	0.317885117494	0.633159268929	0.0293733681462	0.0195822454308
túg-	0.28	0.6	0.12	0.0
cöz-	0.435890509634	0.333963623267	0.13596254277	0.0941833243292
arp-	0.0	1.0	0.0	0.0
zí'-	0.181854405673	0.164411554131	0.0849023234407	0.568831716755
zög-	0.0	0.0113801638131	0.908244239749	0.0803755964379
bus-	0.696342123221	0.185947299121	0.0504338220038	0.0672767556548
lub-	0.494198705521	0.369443396878	0.0248399266018	0.111517970999
lch-	0.203237410072	0.743405275779	0.0497601918465	0.00359712230216
rzö-	0.327431979128	0.439495589514	0.113927195925	0.119145235433
zxg-	0.218682766681	0.413706849703	0.133480238522	0.234130145094
squ-	0.120411160059	0.625550660793	0.130690161527	0.123348017621
laz-	0.0900709234977	0.803025813425	0.0719851118212	0.0349181512566
gsa-	0.739389360031	0.153236630444	0.0608452720639	0.0465287374606
bqu-	0.0	1.0	0.0	0.0
ara-	0.0832369942196	0.91676300578	0.0	0.0
eti-	0.0488656195462	0.705061082024	0.235602094241	0.0104712041885
elí-	0.00934191405439	0.988166908864	0.00124558854059	0.00124558854059
pad-	0.262256809339	0.611673151751	0.0	0.12607003891
cle-	0.00819672131148	0.983606557377	0.00819672131148	0.0
ble-	0.625453995157	0.238044794189	0.03299031477	0.103510895884
gdi-	0.404252051525	0.481486330208	0.0459744875148	0.0682871307519
anf-	0.0740740740741	0.925925925926	0.0	0.0
quí-	0.463433747436	0.318528591514	0.0626915896466	0.155346071404
heb-	0.159151610369	0.72568735271	0.0188531029065	0.0963079340141
bég-	0.389684813754	0.527220630373	0.0372492836676	0.0458452722063
tu'-	0.307859810522	0.542866431461	0.0663963536321	0.0828774043851
lúg-	0.7533632287	0.213004484305	0.0201793721973	0.0134529147982
rú'-	0.2026670339	0.614175216324	0.102366361404	0.0807913883725
zuh-	0.666666666667	0.277777777778	0.0277777777778	0.0277777777778
yö'-	0.20782122905	0.772067039106	0.0201117318436	0.0
xop-	0.015948021264	0.0968694624926	0.0513880685175	0.835794447726
cun-	0.163660389405	0.42229060819	0.336310102423	0.077738899982
bau-	0.281637717122	0.589330024814	0.0645161290322	0.0645161290322
chu-	0.0878085059739	0.689878120864	0.199009162763	0.0233042103987
xnë-	0.0207223208999	0.947615002445	0.0115839060931	0.0200787705614
dav-	0.0162404047249	0.971491663648	0.00105153699658	0.0112163946301
pát-	0.0	1.0	0.0	0.0
dëz-	0.402723735409	0.402723735409	0.0525291828794	0.142023346303
gya-	0.656187998002	0.11001735695	0.0226954389633	0.211099206086
gug-	0.445595854922	0.523316062176	0.0	0.0310880829015
rni-	0.341687861863	0.0880868087064	0.0908091665495	0.479416162881
byé-	0.277173913043	0.00543478260869	0.0	0.717391304348
caí-	0.0255863539446	0.974413646055	0.0	0.0
lah-	0.125761076503	0.11458446362	0.0184988880322	0.741155571845
ngu-	0.0224899091329	0.693492130505	0.0122944836593	0.271723476703
rza-	0.362916153854	0.506303716038	0.0452481668029	0.0855319633051
dët-	0.188474576271	0.290169491525	0.290847457627	0.230508474576
usl-	0.641118052219	0.266178119494	0.0300336376742	0.0626701906135
gui-	0.335666817508	0.537276147419	0.0370348066125	0.0900222284604
gun-	0.375687894152	0.0834907881018	0.0262450825472	0.514576235199
tsë-	0.224337185588	0.510537049626	0.265125764786	0.0
bee-	0.071129707113	0.928870292887	0.0	0.0
put-	0.0	1.0	0.0	0.0
tin-	0.131067961165	0.781553398058	0.0582524271845	0.0291262135922
pub-	0.149584487535	0.800554016621	0.00831024930748	0.0415512465374
top-	0.0	1.0	0.0	0.0
xba-	0.142905319956	0.678357642695	0.099485709468	0.0792513278813
tun-	0.330624184722	0.153194647532	0.0655745240672	0.450606643678
dad-	0.129365402908	0.351678217149	0.407256420709	0.111699959233
buá-	0.431034482759	0.448275862069	0.0	0.120689655172
gzi-	0.0867099307411	0.895293668539	0.00490810928724	0.0130882914326
zuz-	0.4444286179	0.428107814699	0.0741067252334	0.053356842168
bet-	0.0296900014554	0.953718527143	0.00174647067384	0.0148450007277
rom-	0.0379922779922	0.6138996139	0.328648648649	0.0194594594595
ti'-	0.240177089098	0.4875484228	0.22136137244	0.0509131156613
nöz-	0.484256316944	0.327566823465	0.0225797956137	0.165597063977
can-	0.286599357503	0.645250114732	0.0243230839835	0.0438274437816
bre-	0.0137962750057	0.935157507473	0.0289721775121	0.0220740400092
jes-	0.00653286627588	0.652128710058	0.00279190194865	0.338546521717
tá'-	0.616710865086	0.206560696901	0.0542947832818	0.122433654731
cue-	0.47697196064	0.345850818876	0.0268712535271	0.150305966957
cap-	0.0618720629647	0.926002256354	0.00186548933562	0.0102601913459
tsj-	0.55681606425	0.268592105075	0.0537536424492	0.120838188226
ugú-	0.410939691445	0.402992052361	0.141187470781	0.0448807854138
gad-	0.0319290005704	0.0959499803685	0.0322623660056	0.839858653055
nud-	0.424413422389	0.323742098437	0.0818405081543	0.17000397102
zea-	0.407097563293	0.314646368689	0.0698237780839	0.208432289935
cu'-	0.346623986841	0.403079084311	0.0879984386448	0.162298490203
uca-	0.639675224929	0.175959217434	0.0546918519269	0.129673705711
yöj-	0.0890530064861	0.865936984313	0.01749412467	0.0275158845312
jus-	0.046511627907	0.953488372093	0.0	0.0
teó-	0.0	0.959595959596	0.020202020202	0.020202020202
eze-	0.0	1.0	0.0	0.0
jos-	0.016167192429	0.978049421661	0.0034174553102	0.00236593059937
gdé-	0.526063578947	0.320468197347	0.0785426599436	0.074925563762
rua-	0.452893599734	0.266166857481	0.138198471027	0.142741071758
yec-	0.123287685229	0.13958629518	0.477160176468	0.259965843123
iga-	0.942028985507	0.0579710144928	0.0	0.0
nöt-	0.0	0.848101265823	0.113924050633	0.0379746835443
nút-	0.107480507904	0.342413400367	0.0256089006316	0.524497191097
bur-	0.309517260752	0.0958455983474	0.357978452589	0.236658688312
cor-	0.0334652899645	0.915112435212	0.0353698186617	0.0160524561618
chz-	0.292391438652	0.165838355826	0.0837943958594	0.457975809662
lzë-	0.161730014661	0.546553044938	0.0470584396467	0.244658500754
xag-	0.0176688355396	0.98233116446	0.0	0.0
gyá-	0.421400264201	0.19749009247	0.0369881109644	0.344121532365
gát-	0.302504527894	0.241827913632	0.0282592328252	0.427408325649
tuí-	0.806358381503	0.171965317919	0.00433526011561	0.0173410404624
lua-	0.433333333333	0.416666666667	0.15	0.0
sër-	0.48502994012	0.323353293413	0.0898203592814	0.101796407186
rzá-	0.260869565217	0.247035573122	0.337944664032	0.154150197629
aca-	0.020979020979	0.976223776224	0.0	0.00279720279721
rtu-	0.497942386831	0.189300411523	0.263374485597	0.0493827160493
chë-	0.171743016368	0.208346476931	0.0588833198976	0.561027186803
uqu-	0.288696983498	0.645442469667	0.0285560766982	0.0373044701375
bsë-	0.574297188755	0.126104417671	0.150200803213	0.149397590361
yöx-	0.0169189670525	0.892252894034	0.0908281389136	0.0
ced-	0.0615384615385	0.938461538462	0.0	0.0
xye-	0.236641221374	0.610687022901	0.030534351145	0.12213740458
biz-	0.0532424952591	0.0725136416833	0.0178017069891	0.856442156068
bnë-	0.397964746502	0.591132109758	0.0109031437398	0.0
uts-	0.561577689259	0.33351537317	0.0573973589468	0.047509578624
uzú-	0.351424117897	0.533796230693	0.0637664730055	0.0510131784044
for-	0.0	1.0	0.0	0.0
rcu-	0.104514680366	0.398224066955	0.444595652026	0.0526656006532
rdé-	0.548092598631	0.277469840235	0.0521682425823	0.122269318552
ber-	0.0421344302568	0.88659410975	0.00657011454851	0.0647013454452
uzí-	0.308171836038	0.523404348397	0.107397523951	0.0610262916138
rën-	0.154296875	0.18212890625	0.01025390625	0.6533203125
lsa-	0.0970886858332	0.474823069305	0.302152084493	0.125936160369
lay-	0.00826641473785	0.991733585262	0.0	0.0
ida-	0.0961538461539	0.259615384615	0.0153846153846	0.628846153846
bid-	0.524725162255	0.397076411034	0.0178347288991	0.0603636978122
lúd-	0.171380090498	0.496040723982	0.227375565611	0.105203619909
zar-	0.0	1.0	0.0	0.0
gxí-	0.886055344547	0.0447639717851	0.0203472599023	0.0488334237656
lgu-	0.618466898955	0.226480836237	0.134146341463	0.0209059233449
nax-	0.295805739514	0.651214128035	0.0529801324503	0.0
lég-	0.158413402316	0.0473022912047	0.0225424981522	0.771741808327
bat-	0.359074046905	0.0557709638882	0.00454802674323	0.580606962463
zóa-	0.364390140876	0.166172910559	0.079128120663	0.390308827902
cht-	0.440627981612	0.483042761731	0.0459710295776	0.0303582270795
loi-	0.0	1.0	0.0	0.0
oso-	0.0	0.865771812081	0.134228187919	0.0
udá-	0.266045431371	0.659604599785	0.0339885571857	0.0403614116581
abe-	0.0804769001491	0.901639344262	0.0	0.0178837555887
bch-	0.636705924955	0.178757476682	0.069166686093	0.11536991227
dau-	0.372372372372	0.0930930930931	0.162162162162	0.372372372372
tam-	0.0	1.0	0.0	0.0
uye-	0.672131147541	0.0491803278688	0.147540983606	0.131147540984
jan-	0.0	0.942720763723	0.0214797136038	0.035799522673
lag-	0.228581399407	0.622229977316	0.0953876577677	0.0538009655092
bön-	0.0351638770947	0.195556668758	0.00157781874433	0.767701635403
yjë-	0.764246975516	0.229606265968	0.00614675851621	0.0
dö'-	0.163323113466	0.285273477457	0.37666907371	0.174734335367
bëd-	0.20769013886	0.706104179883	0.0311905265384	0.0550151547191
në'-	0.181646245502	0.303668669089	0.015386091438	0.499298993971
ré'-	0.118241347053	0.2604303087	0.513938260056	0.107390084191
xön-	0.695652173913	0.217391304348	0.0289855072464	0.0579710144928
lbi-	0.0127903946773	0.0341757248893	0.00384927093529	0.949184609498
tim-	0.0144635894856	0.979499434033	0.0	0.00603697648094
tri-	0.0	1.0	0.0	0.0
zen-	0.0298507462687	0.761194029851	0.0597014925373	0.149253731343
idx-	0.0208238433006	0.195375371467	0.0198260341424	0.76397475109
rah-	0.446817979528	0.517578994215	0.0258121940365	0.00979083222074
lza-	0.0763265309804	0.462657211162	0.0792432272014	0.381773030656
mol-	0.0	1.0	0.0	0.0
ucá-	0.441396882494	0.427458033573	0.0951738609113	0.0359712230216
elo-	0.0	0.963636363636	0.0181818181818	0.0181818181818
zan-	0.167084976694	0.778026771842	0.0141030237839	0.0407852276801
tes-	0.0	0.995215311005	0.00478468899521	0.0
dac-	0.114840989399	0.837455830389	0.0212014134276	0.0265017667844
nál-	0.385994515925	0.322927652394	0.205652815862	0.0854250158194
uzó-	0.642922871248	0.182471106378	0.0555012182489	0.119104804125
uxi-	0.627628811777	0.289563617245	0.0630914826498	0.0197160883281
jon-	0.0	0.992785286048	0.0	0.00721471395184
jer-	0.00316017316018	0.976558441558	0.00025974025974	0.0200216450216
uzá-	0.19153614253	0.736722805268	0.0316204637668	0.0401205884353
rbö-	0.503674992526	0.301088237619	0.07877896555	0.116457804305
upë-	0.780977312391	0.0161431064572	0.11780104712	0.0850785340314
xnö-	0.625197724725	0.200317407109	0.0764448308733	0.0980400372927
nij-	0.13829787234	0.829787234043	0.0159574468085	0.0159574468085
mah-	0.0	1.0	0.0	0.0
eno-	0.0	1.0	0.0	0.0
bör-	0.0	1.0	0.0	0.0
rnö-	0.211764705882	0.670588235294	0.0	0.117647058824
zxö-	0.17942810393	0.233227896554	0.335336684688	0.252007314828
yal-	0.205811252785	0.543797696355	0.0317580698678	0.218632980993
sni-	0.0705324128497	0.789043965204	0.0885929852309	0.0518306367153
seg-	0.0	1.0	0.0	0.0
tse-	0.498314391965	0.297964526929	0.0754758512031	0.128245229903
böá-	0.585698886094	0.286381602587	0.0251527128997	0.102766798419
mil-	0.119641710416	0.280481426803	0.0107248545193	0.589152008262
yer-	0.135270284132	0.68753205457	0.0125012821828	0.164696379116
nug-	0.473528260748	0.344496002683	0.123273886063	0.0587018505059
rád-	0.362367974964	0.287390794106	0.231320902334	0.118920328596
bö'-	0.0457311103591	0.862495644656	0.030808974368	0.0609642706167
gbi-	0.27181186465	0.594437123367	0.0555814912111	0.0781695207719
za'-	0.462174189745	0.145133456994	0.0631158369341	0.329576516327
así-	0.0	1.0	0.0	0.0
rbe-	0.263628007356	0.623703597105	0.0142521328553	0.0984162626838
rún-	0.335449304645	0.395093560109	0.144790739987	0.124666395259
nuq-	0.683760683761	0.239316239316	0.042735042735	0.034188034188
rdi-	0.484568317205	0.327960322381	0.0994635974016	0.0880077630125
ná'-	0.451346884614	0.363823715141	0.14418755641	0.0406418438345
dja-	0.86799474606	0.0887697022767	0.0114929947461	0.0317425569177
ubí-	0.518653852984	0.265268627753	0.0472387045251	0.168838814738
jor-	0.00150905432595	0.998490945674	0.0	0.0
naí-	0.0	0.862068965517	0.0	0.137931034483
gzë-	0.522123471708	0.304736314928	0.0333879199326	0.139752293432
uxú-	0.132641007973	0.397086327395	0.439265675755	0.0310069888769
alf-	0.0	1.0	0.0	0.0
cos-	0.0	1.0	0.0	0.0
gcu-	0.475051546392	0.275051546392	0.220206185567	0.0296907216495
rur-	0.476018695965	0.411684111031	0.024887486017	0.0874097069867
uní-	0.692949174561	0.288260536975	0.00962429409112	0.0091659943725
ped-	0.0172376856018	0.904863136731	0.00145020681927	0.0764489708476
ryë-	0.240347399226	0.367884451997	0.235532899084	0.156235249693
gní-	0.389925373134	0.412313432836	0.0690298507462	0.128731343284
áfr-	0.063829787234	0.872340425532	0.0425531914894	0.0212765957447
mel-	0.0315015750787	0.929121456073	0.00262513125656	0.0367518375919
rle-	0.274085288851	0.433161991814	0.211193826626	0.0815588927096
usí-	0.178066704353	0.755794234031	0.0356133408705	0.0305257207462
olí-	0.0	0.962025316456	0.0379746835443	0.0
xní-	0.662447747329	0.27659080353	0.0365768694845	0.0243845796563
láz-	0.0081053698075	0.922661263087	0.00202634245187	0.0672070246538
zxe-	0.0	0.980392156863	0.0196078431373	0.0
ggu-	0.599381283836	0.258313998453	0.109822119103	0.0324825986079
jud-	0.0368199520082	0.804850320601	0.106122890524	0.0522068368672
cis-	0.0	1.0	0.0	0.0
yög-	0.253472222222	0.612847222222	0.112847222222	0.0208333333333
zéa-	0.736262462323	0.0498492928357	0.0173892881985	0.196498956643
rdu-	0.128134543421	0.363499505355	0.470428835649	0.0379371155749
xsi-	0.0	0.444152431012	0.220762155059	0.335085413929
xqu-	0.562913907285	0.337748344371	0.0993377483443	0.0
ca'-	0.0887337856526	0.0905837429847	0.0516379344975	0.769044536865
gáq-	0.540607988592	0.215147609319	0.091116016948	0.153128385142
usë-	0.0952082586219	0.859698924558	0.0112661527861	0.0338266640341
yu'-	0.203834373496	0.530106494462	0.0207003553551	0.245358776687
and-	0.0	1.0	0.0	0.0
dud-	0.667853328587	0.185475258099	0.0170879316483	0.129583481666
bdí-	0.65	0.14	0.0	0.21
per-	0.0	0.986666666667	0.0	0.0133333333333
lid-	0.13170468294	0.668396924209	0.0212936085592	0.178604784292
rön-	0.0778790332067	0.889876071658	0.00678111528588	0.025463779849
ata-	0.0	1.0	0.0	0.0
gro-	0.168326727555	0.115836636223	0.0816818886783	0.634154747544
lev-	0.0535873771956	0.932122655552	0.00535873771955	0.0089312295326
cuh-	0.324837739433	0.481399398449	0.0683868925123	0.125375969606
saú-	0.400921658986	0.543778801843	0.0276497695852	0.0276497695852
jai-	0.0	0.920792079208	0.0792079207921	0.0
tal-	0.270607375271	0.58568329718	0.0930947216197	0.0506146059292
láh-	0.281243537603	0.305025160267	0.225546287999	0.188185014131
güi-	0.475159923071	0.244790189717	0.120247687104	0.159802200108
dzá-	0.109737248841	0.778979907264	0.032457496136	0.0788253477589
xan-	0.024939865237	0.916087817086	0.00803064208361	0.050941675593
zjö-	0.357142857143	0.5	0.0	0.142857142857
taz-	0.049853372434	0.727272727273	0.222873900293	0.0
chi-	0.144001573884	0.377835621201	0.117269750407	0.360893054508
böa-	0.331699892088	0.516619526325	0.0650423127165	0.0866382688703
xti-	0.108110999374	0.669891243615	0.0288222493821	0.193175507629
beg-	0.31906614786	0.68093385214	0.0	0.0
bëc-	0.0775053480336	0.876090176074	0.0197465854863	0.0266578904065
til-	0.367346938775	0.62358276644	0.0090702947846	0.0
lar-	0.227999200924	0.653371125219	0.0166802682818	0.101949405575
huí-	0.371663244353	0.308008213552	0.305954825462	0.0143737166325
cir-	0.0592991913746	0.935309973046	0.00539083557951	0.0
evo-	0.1	0.9	0.0	0.0
tsa-	0.223301722614	0.199471228996	0.163355728446	0.413871319943
dád-	0.551546391753	0.386597938144	0.0	0.0618556701031
ter-	0.0	1.0	0.0	0.0
cuz-	0.285340774267	0.226853275915	0.208067847256	0.279738102562
did-	0.280196742869	0.236557603492	0.0127814759388	0.4704641777
oli-	0.00740969435011	0.981475764125	0.00740969435011	0.00370484717505
uzé-	0.60896571404	0.249840707688	0.0881091709373	0.0530844073349
jec-	0.0	1.0	0.0	0.0
ula-	0.514661808654	0.392505758544	0.0312438454227	0.06158858738
cut-	0.157938056699	0.0568580294275	0.0272319600572	0.757971953816
yul-	0.58904109589	0.283105022831	0.0730593607306	0.0547945205479
col-	0.0	1.0	0.0	0.0
díd-	0.419655851383	0.350911737009	0.0787603801045	0.150672031504
zuí-	0.435379644588	0.327140549273	0.169628432956	0.0678513731825
bös-	0.0783874580067	0.631578947368	0.212765957447	0.0772676371781
tul-	0.055414681065	0.0917020067328	0.0153893236567	0.837493988545
lin-	0.160883280757	0.668769716088	0.15141955836	0.018927444795
mai-	0.0	1.0	0.0	0.0
ape-	0.0384615384615	0.961538461538	0.0	0.0
éfe-	0.014553686934	0.965071151358	0.00776196636481	0.0126131953428
yji-	0.0454545454545	0.893939393939	0.0606060606061	0.0
gád-	0.187848018343	0.300524074681	0.492957746479	0.0186701604979
pól-	0.0880626223092	0.882583170254	0.0293542074364	0.0
rág-	0.425974843179	0.464824367638	0.0715769878673	0.0376238013149
tur-	0.0449888641426	0.0458797327394	0.037416481069	0.871714922049
gts-	0.735849056604	0.11320754717	0.150943396226	0.0
rö'-	0.453752302998	0.365150937517	0.0528164671989	0.128280292287
cúd-	0.32625383828	0.242944874982	0.0424038602135	0.388397426524
gap-	0.124263369733	0.315007727188	0.010087801233	0.550641101846
nup-	0.0665012006989	0.109599781353	0.00516869530935	0.818730322639
uhu-	0.187096774193	0.651612903226	0.109677419355	0.0516129032258
udu-	0.330871491876	0.110782865583	0.0177252584933	0.540620384047
mna-	0.0705882352941	0.788235294118	0.0705882352941	0.0705882352942
soë-	0.632397779689	0.222187475569	0.0297083887108	0.115706356032
ruc-	0.359937606411	0.532173478646	0.0496548982026	0.0582340167402
bub-	0.658049022906	0.162683378872	0.0261682817344	0.153099316488
cob-	0.0149253731343	0.776119402985	0.208955223881	0.0
tsu-	0.29457370196	0.374973093205	0.133382174673	0.197071030162
but-	0.560154314757	0.227838252435	0.109216887976	0.102790544832
léy-	0.72	0.0533333333333	0.173333333333	0.0533333333333
rnë-	0.717104172513	0.057207638694	0.0149955007692	0.210692688024
lyu-	0.281652070494	0.459076656936	0.00648718780409	0.252784084766
lug-	0.534003364176	0.246123526142	0.144186328866	0.0756867808166
ser-	0.0	0.984848484848	0.0151515151515	0.0
dza-	0.0702128187377	0.634789236803	0.0182242826275	0.276773661832
cri-	0.0677713954351	0.794040996962	0.00549882603207	0.132688781571
lëg-	0.249462365591	0.698924731183	0.0516129032258	0.0
fél-	0.0303262955854	0.939731285989	0.0092130518234	0.0207293666027
bit-	0.0519031141868	0.702422145329	0.166089965398	0.0795847750865
uri-	0.579514824798	0.330637915544	0.0575022461815	0.0323450134771
cef-	0.0275292498279	0.821059876118	0.0206469373709	0.130763936683
utu-	0.335716754478	0.305977660695	0.287618124341	0.0706874604847
yöt-	0.0641689240713	0.874868587756	0.0253800960651	0.0355823921072
bët-	0.721804511278	0.0401002506266	0.0	0.238095238095
utú-	0.452830188679	0.547169811321	0.0	0.0
fri-	0.0	0.953333333333	0.0466666666667	0.0
ico-	0.0	1.0	0.0	0.0
urú-	0.53748870822	0.323396567299	0.0469738030714	0.0921409214092
sal-	0.0148857604431	0.980267712901	0.000692360950842	0.00415416570505
guë-	0.579256720853	0.217995293505	0.0528667324564	0.149881253185
láy-	0.101568373983	0.772856181821	0.106185118255	0.0193903259421
lna-	0.378522768692	0.524477634586	0.0403637834252	0.0566358132963
xhu-	0.128211258022	0.39369977381	0.336490189227	0.14159877894
rël-	0.0606451612903	0.881720430108	0.0129032258064	0.0447311827957
bad-	0.5594639866	0.239530988275	0.150753768844	0.0502512562814
ulá-	0.176519442415	0.541872646278	0.0592678984155	0.222340012892
zil-	0.0243445692884	0.512640449438	0.107677902622	0.355337078652
lic-	0.0343249427917	0.752860411899	0.212814645309	0.0
guz-	0.442057523525	0.487511250973	0.0399561760061	0.0304750494962
ren-	0.139390310261	0.526318928012	0.276894751619	0.0573960101077
dui-	0.0351386022645	0.142520497518	0.478275419711	0.344065480506
sla-	0.0459459459459	0.255405405405	0.690540540541	0.00810810810811
dxi-	0.15563811019	0.341978021165	0.315469391261	0.186914477383
naz-	0.348742348285	0.334077151605	0.0607296100816	0.256450890029
cui-	0.161463518039	0.170952602555	0.0776310317987	0.589952847608
deu-	0.0680666183924	0.898624185373	0.0159304851557	0.0173787110789
úni-	0.174071618037	0.670424403183	0.127652519894	0.0278514588859
lág-	0.189905047476	0.692653673164	0.11744127936	0.0
dëg-	0.0487804878049	0.829268292683	0.121951219512	0.0
dëq-	0.277264325323	0.584103512015	0.138632162662	0.0
gru-	0.577239284321	0.270177247645	0.0822139234156	0.0703695446185
niz-	0.280649926145	0.350073855244	0.0443131462334	0.324963072378
yjé-	0.823529411765	0.0588235294118	0.0392156862745	0.078431372549
bëb-	0.0204776160155	0.950853721563	0.0245731392185	0.00409552320309
ri'-	0.425122133518	0.481449787146	0.0822167098151	0.0112113695203
leu-	0.0	0.976744186047	0.0	0.0232558139535
bxi-	0.150971599402	0.803188839063	0.0318883906327	0.0139511709018
raj-	0.460289147578	0.304752367839	0.147963866984	0.0869946175991
tro-	0.129185951538	0.858562482984	0.0089844813504	0.00326708412742
ela-	0.0363636363636	0.963636363636	0.0	0.0
re'-	0.89880952381	0.0327380952381	0.0505952380952	0.0178571428571
rát-	0.696135988642	0.129081769694	0.0151951191436	0.15958712252
itu-	0.0	0.993865030675	0.00613496932517	0.0
rsë-	0.146597824083	0.463396643924	0.320302415637	0.0697031163563
fen-	0.0479233226838	0.82428115016	0.0431309904154	0.0846645367412
gul-	0.592774338835	0.221250719492	0.0618239289517	0.124151012721
nal-	0.235080479423	0.480331112702	0.196387073548	0.0882013343279
rob-	0.0	1.0	0.0	0.0
gáy-	0.404594921403	0.158645707376	0.0677146311971	0.369044740024
gna-	0.523763319259	0.200979003722	0.0160325524158	0.259225124603
bye-	0.653883495146	0.214077669903	0.0543689320388	0.0776699029127
dom-	0.00560224089635	0.977591036415	0.0168067226891	0.0
com-	0.138461538462	0.769230769231	0.0923076923076	0.0
job-	0.0294117647059	0.852941176471	0.0588235294118	0.0588235294118
gré-	0.681222707424	0.161572052402	0.0393013100437	0.117903930131
tuc-	0.0368521376055	0.94317872379	0.0092584188073	0.0107107197967
böt-	0.272482527736	0.0976379044123	0.0209378249701	0.608941742881
nil-	0.391691394659	0.234421364985	0.293768545994	0.080118694362
zjá-	0.754312908983	0.133848899465	0.0136823319453	0.0981558596074
yaj-	0.635866501568	0.22935646775	0.0628205333767	0.0719564973055
man-	0.0	0.983820224719	0.00269662921348	0.0134831460674
esp-	0.0	1.0	0.0	0.0
xúz-	0.0851788756388	0.873935264055	0.0	0.0408858603066
súd-	0.252927400468	0.436182669789	0.25644028103	0.0544496487119
tíq-	0.00921658986175	0.990783410138	0.0	0.0
yus-	0.0168150346192	0.917903066271	0.053412462908	0.0118694362018
arf-	0.0	1.0	0.0	0.0
zeb-	0.0	0.996405032954	0.00359496704613	0.0
rup-	0.502250409165	0.310556464812	0.156505728314	0.0306873977087
his-	0.114285714286	0.885714285714	0.0	0.0
rad-	0.241029641186	0.602769110764	0.127340093604	0.0288611544462
tuq-	0.373303167421	0.626696832579	0.0	0.0
gag-	0.7613474165	0.16471595775	0.0231230373965	0.0508135883529
nua-	0.287977051158	0.599196866865	0.0587176590043	0.0541084229733
zi'-	0.246589958495	0.161465255627	0.179179563523	0.412765222356
cöd-	0.434629456549	0.420384469065	0.0637807220654	0.0812053523204
nus-	0.43350989685	0.468218567048	0.0585447449122	0.0397267911904
rhu-	0.0647482014389	0.0	0.63309352518	0.302158273381
rub-	0.480903133015	0.35858723313	0.110813181268	0.0496964525876
gaq-	0.504084459423	0.27086128107	0.0669655029502	0.158088756557
rja-	0.115519459283	0.756430829609	0.0981358334242	0.0299138776845
na'-	0.179921579049	0.0632945031694	0.00538610715397	0.751397810628
jop-	0.0	0.996031746032	0.0	0.00396825396825
bsi-	0.206896551724	0.772413793104	0.00689655172414	0.0137931034483
ugǘ-	0.380334994567	0.147525012178	0.0141641997977	0.457975793458
bue-	0.413091605337	0.509304134506	0.041464728056	0.0361395321008
ziá-	0.25157873294	0.309635363618	0.355265838256	0.0835200651864
boa-	0.0277777777778	0.944444444444	0.0277777777778	0.0
zxu-	0.141887687065	0.697064885033	0.0976845054487	0.0633629224532
ant-	0.0361084364121	0.926672098363	0.0	0.0372194652248
dut-	0.595453129866	0.2232949237	0.112737464964	0.0685144814699
cué-	0.969230769231	0.0307692307692	0.0	0.0
mar-	0.0108208100056	0.918704776872	0.0	0.0704744131225
fel-	0.00783216783217	0.973706293706	0.0	0.0184615384615
rlu-	0.411764705882	0.529411764706	0.0147058823529	0.0441176470588
art-	0.0714285714286	0.892857142857	0.0	0.0357142857143
të́-	0.475	0.1875	0.3375	0.0
zu'-	0.126310669117	0.0878283428818	0.0308074802724	0.755053507729
xtí-	0.308124821246	0.279378979383	0.0418091808775	0.370687018493
sós-	0.0	1.0	0.0	0.0
lut-	0.575746766158	0.299811700311	0.0675422797128	0.0568992538186
asó-	0.0	0.962216624685	0.0	0.0377833753149
nda-	0.0118694362018	0.474777448071	0.495548961424	0.0178041543027
rde-	0.729206963249	0.154738878143	0.116054158607	0.0
xbë-	0.17024463305	0.369445831253	0.0229655516725	0.437343984024
yös-	0.113241818777	0.46332966084	0.137867373373	0.285561147009
era-	0.0	1.0	0.0	0.0
sus-	0.0414855788226	0.74935796128	0.209156459897	0.0
bia-	0.483159024933	0.348828886149	0.0729709309261	0.095041157991
bro-	0.263513513514	0.219594594595	0.516891891892	0.0
bla-	0.118571888096	0.302514620282	0.423000607305	0.155912884317
bës-	0.275469263954	0.704804036837	0.0042271498305	0.0154995493785
xít-	0.366666666667	0.483333333333	0.0	0.15
zhu-	0.442449721623	0.17444987312	0.0119304624475	0.371169942809
uxö-	0.184885290148	0.632928475034	0.157894736842	0.0242914979757
sam-	0.0111940298508	0.981056257176	0.0	0.0077497129736
buy-	0.72798567897	0.1080044327	0.0288125479499	0.13519734038
bdë-	0.613380131887	0.362688789619	0.00957243139759	0.0143586470963
gná-	0.530719420916	0.328893774803	0.0162734091492	0.124113395131
xaj-	0.0264084507042	0.973591549296	0.0	0.0
uná-	0.110019166037	0.757639128404	0.0509056934919	0.0814360120672
duh-	0.654166666667	0.241666666667	0.0499999999999	0.0541666666666
rea-	0.354838709677	0.112903225806	0.516129032258	0.016129032258
lib-	0.286713286713	0.545454545455	0.0	0.167832167832
chy-	0.269421688096	0.336602160972	0.195943045888	0.198033105044
lad-	0.160695783898	0.20671045648	0.0601625215556	0.572431238067
dit-	0.42533872311	0.410327246135	0.0950659164314	0.0692681143229
gri-	0.153248876175	0.206783816919	0.584389047814	0.0555782590928
cla-	0.0	1.0	0.0	0.0
da'-	0.206975000667	0.577854961825	0.0249876737398	0.190182363769
zja-	0.637610299809	0.12824449146	0.0495381598638	0.184607048867
xná-	0.577271977569	0.353455385123	0.0	0.0692726373081
bsö-	0.791815368199	0.0810009176016	0.00773135339218	0.119452360807
tál-	0.575757575758	0.287878787879	0.0681818181818	0.0681818181817
clo-	0.0505689001264	0.949431099874	0.0	0.0
bgu-	0.219303728225	0.700682526582	0.0539542226762	0.0260595225171
huë-	0.382013057613	0.298530496955	0.185886871214	0.133569574218
böc-	0.0196422746842	0.788153583567	0.0257067616221	0.166497380126
tíl-	0.575813331103	0.272810905746	0.080287697583	0.0710880655683
res-	0.0	1.0	0.0	0.0
rgu-	0.516818024334	0.345086669402	0.065851136449	0.0722441698154
bey-	0.0	1.0	0.0	0.0
blo-	0.155313351499	0.820163487738	0.00817438692098	0.0163487738419
pil-	0.0223509933775	0.905111754967	0.0431498344371	0.0293874172185
bcö-	0.0380952380953	0.923809523809	0.0380952380952	0.0
idu-	0.0	1.0	0.0	0.0
rjá-	0.259927797834	0.58844765343	0.086642599278	0.0649819494585
asa-	0.0	0.857142857143	0.0	0.142857142857
cho-	0.128948291339	0.11113935373	0.0298585259283	0.730053829002
gze-	0.0	0.818181818182	0.181818181818	0.0
cud-	0.236125612401	0.368030586877	0.132967745189	0.262876055533
aná-	0.0194174757282	0.966019417476	0.0145631067961	0.0
yub-	0.0304705064096	0.569676706213	0.240512848807	0.15933993857
tst-	0.703577512777	0.260647359455	0.0	0.0357751277683
naa-	0.00961538461538	0.884615384615	0.105769230769	0.0
nác-	0.245477085686	0.336757190916	0.215605247535	0.202160475863
rye-	0.0	0.366972477064	0.577981651376	0.0550458715596
ude-	0.986394557823	0.0136054421769	0.0	0.0
bë́-	0.579522144064	0.189586198766	0.0516367351751	0.179254921995
joa-	0.0	1.0	0.0	0.0
tub-	0.0945296178802	0.0847583150029	0.0478616984823	0.772850368635
bzx-	0.747801495371	0.178979583931	0.0	0.0732189206988
uyé-	0.139072847682	0.82119205298	0.0	0.0397350993377
zxë-	0.173719376392	0.730512249443	0.0267260579065	0.0690423162583
cés-	0.0655435640958	0.914714398526	0.0150039484075	0.00473808897078
api-	0.0933660933661	0.87714987715	0.0	0.0294840294841
cur-	0.355247151821	0.312054677938	0.223560137559	0.109138032681
rus-	0.386891985615	0.507470483785	0.0396904951608	0.0659470354395
uzx-	0.510825571158	0.389392982495	0.0702627684691	0.0295186778776
rag-	0.367000866444	0.497215001857	0.0912241614061	0.0445599702934
gún-	0.341649232227	0.31127383255	0.0785536651798	0.268523270043
nur-	0.81146025878	0.144177449168	0.0221811460259	0.0221811460259
yeg-	0.0636343556974	0.750146614165	0.0244483880058	0.161770642132
zoa-	0.310322485376	0.124745614175	0.0370116770327	0.527920223416
lqu-	0.179487179487	0.615384615385	0.166666666667	0.0384615384615
grú-	0.183098591549	0.732394366197	0.0845070422536	0.0
rqu-	0.489229427913	0.287763766107	0.119090912661	0.103915893319
are-	0.0331753554502	0.96682464455	0.0	0.0
ulu-	0.615485877594	0.24796229478	0.0369549351686	0.0995968924569
gdí-	0.633627342889	0.225909592062	0.0432194046307	0.097243660419
rsi-	0.0671641791045	0.149253731343	0.761194029851	0.0223880597015
bud-	0.606763377512	0.166920896264	0.0739192755762	0.152396450648
una-	0.56490763508	0.204796212551	0.0970934997793	0.13320265259
xlu-	0.885245901639	0.114754098361	0.0	0.0
