jer-	0.00777179340401	0.962916845989	0.00549457436896	0.0238167862381
kud-	0.531867395915	0.230754920564	0.0840867656361	0.153290917885
nxo-	0.348805768364	0.505182514646	0.0621901757548	0.0838215412348
vas-	0.0	1.0	0.0	0.0
fig-	0.0	1.0	0.0	0.0
tna-	0.0578703703705	0.900462962963	0.0	0.0416666666666
son-	0.499270605398	0.331874544128	0.065280816922	0.103574033552
maa-	0.436384472139	0.315742730268	0.212978083369	0.0348947142243
xto-	0.164604239143	0.57920680987	0.132809563129	0.123379387857
jac-	0.00213409212164	0.995020451716	0.00213409212164	0.000711364040547
viu-	0.0312149831919	0.920761965744	0.00800384184409	0.0400192092205
këë-	0.578970303468	0.27133395267	0.0264168959757	0.123278847887
niy-	0.208872656735	0.579561476605	0.0177804792855	0.193785387375
pka-	0.558091074506	0.257778204813	0.0635948187337	0.120535901947
xts-	0.30209789171	0.401288887162	0.157799190197	0.138814030932
abí-	0.0141843971631	0.936170212766	0.0496453900709	0.0
ñël-	0.247933884297	0.561983471074	0.0661157024793	0.123966942149
mah-	0.0	1.0	0.0	0.0
tum-	0.193182124835	0.646362360688	0.0671937825512	0.0932617319266
nle-	0.479983978282	0.183559936803	0.234317630566	0.102138454349
nyu-	0.532610207204	0.245551648555	0.0866162067664	0.135221937475
sol-	0.108640681457	0.803679037771	0.0356448674438	0.0520354133281
lis-	0.121908742598	0.672936259143	0.158829676071	0.0463253221874
san-	0.142317073171	0.675853658537	0.0369512195122	0.14487804878
sak-	0.360819616361	0.306309371156	0.108654122942	0.22421688954
gow-	0.470338983051	0.206779661017	0.0457627118644	0.277118644068
kch-	0.154545281701	0.165540746214	0.0357118380472	0.644202134038
pid-	0.361672473868	0.477700348432	0.0668989547039	0.0937282229965
del-	0.355995055624	0.473423980222	0.0	0.170580964153
ksa-	0.329256787773	0.184179092167	0.054489615621	0.432074504439
sni-	0.427657098526	0.236326609775	0.274922420481	0.061093871218
pxu-	0.059555994556	0.81960345202	0.0271205780047	0.0937199754198
seg-	0.428185014877	0.193129564512	0.051934000541	0.32675142007
tse-	0.107053584886	0.561365795149	0.0214358327471	0.310144787218
der-	0.0600858369099	0.931330472103	0.00858369098712	0.0
ski-	0.260952044068	0.677145408229	0.041677245251	0.0202253024524
kat-	0.564356435644	0.356435643564	0.0	0.079207920792
pró-	0.0	1.0	0.0	0.0
abi-	0.0	1.0	0.0	0.0
mil-	0.0229105168084	0.272429542818	0.0114552584042	0.69320468197
xlë-	0.250380125816	0.563347930557	0.101164934901	0.085107008726
tib-	0.00931677018633	0.990683229814	0.0	0.0
gan-	0.432389660629	0.25215403552	0.129124904754	0.186331399097
kik-	0.120725756751	0.431591187939	0.025787094014	0.421895961296
xuy-	0.591666666667	0.124358974359	0.0576923076923	0.226282051282
këk-	0.639107611549	0.263779527559	0.0616797900262	0.0354330708661
pkë-	0.519475393401	0.356379359132	0.0420539566498	0.0820912908169
xap-	0.0444444444445	0.873504273504	0.0410256410257	0.0410256410257
lya-	0.19923453115	0.481607484584	0.249415266851	0.0697427174144
bay-	0.180433039294	0.655172413793	0.0962309542903	0.0681635926222
mig-	0.388349514563	0.611650485437	0.0	0.0
tus-	0.24981791697	0.243080844865	0.165331391114	0.34176984705
xfu-	0.635379061372	0.256317689531	0.0758122743682	0.0324909747292
xse-	0.360538909359	0.295347843262	0.0731432493864	0.270969997993
paf-	0.0	1.0	0.0	0.0
mar-	0.00954317108822	0.881768846923	0.00238579277205	0.106302189217
fes-	0.00986193293886	0.984878369494	0.00525969756739	0.0
abr-	0.0282583255468	0.91388442864	0.0311864666459	0.0266707791678
pso-	0.591642876361	0.246810392576	0.0470753608384	0.114471370225
zaq-	0.0470085470085	0.893162393162	0.017094017094	0.042735042735
nor-	0.0501942037645	0.67373767553	0.0836570062742	0.192411114431
adm-	0.0	1.0	0.0	0.0
zac-	0.0445936226324	0.848717333973	0.0359625988972	0.0707264444977
fal-	0.283504392322	0.184664832835	0.168002602857	0.363828171986
her-	0.0218472076451	0.901680660664	0.053361321328	0.0231108103629
mul-	0.0363636363636	0.927272727273	0.0363636363636	0.0
syë-	0.666666666667	0.207992733878	0.0663033605813	0.0590372388738
yuz-	0.0597014925373	0.80223880597	0.0746268656717	0.0634328358209
tii-	0.162616186994	0.404551742877	0.0615764756458	0.371255594484
xne-	0.44419944479	0.382800340353	0.0609779380629	0.112022276795
bna-	0.682872928177	0.297237569061	0.00662983425416	0.0132596685083
xko-	0.400236757093	0.405655646733	0.112532692543	0.0815749036307
kle-	0.382543392963	0.360848707586	0.209087918072	0.0475199813799
nyë-	0.359513825365	0.131252660466	0.353952885983	0.155280628187
biy-	0.62291474409	0.216653652304	0.026620288209	0.133811315397
sin-	0.129726882534	0.0976480626142	0.0438374390777	0.728787615774
syu-	0.641304347826	0.0108695652174	0.0326086956522	0.315217391304
urí-	0.0	1.0	0.0	0.0
dor-	0.0266666666666	0.813333333333	0.106666666667	0.0533333333333
viñ-	0.167907260525	0.824771201952	0.0058572300183	0.00146430750458
mew-	0.262438490979	0.298523783488	0.0442864953526	0.39475123018
ger-	0.0421686746988	0.939759036145	0.0180722891566	0.0
pat-	0.289987032449	0.641505392754	0.014041925269	0.0544656495281
nwe-	0.115718418515	0.854869816779	0.0120540019286	0.0173577627773
ptu-	0.254545454545	0.745454545455	0.0	0.0
axt-	0.130923182409	0.0639435918253	0.0667066918188	0.738426533947
xbu-	0.491279069767	0.438953488372	0.0697674418605	0.0
saa-	0.290709290709	0.531468531469	0.126873126873	0.0509490509491
jor-	0.0	1.0	0.0	0.0
noy-	0.441207971217	0.408114236104	0.0709246527822	0.0797531398963
naí-	0.0344827586207	0.862068965517	0.0	0.103448275862
nye-	0.498912456866	0.225031481512	0.0920732006477	0.183982860974
noo-	0.0179317131168	0.0162370826627	0.00800844175478	0.957822762466
gen-	0.0357142857143	0.952380952381	0.0119047619048	0.0
ñab-	0.223529411765	0.458823529412	0.211764705882	0.105882352941
lig-	0.173977983899	0.286418425416	0.450349260404	0.0892543302813
ngw-	0.391305464916	0.375144523522	0.0817039644408	0.151846047121
tañ-	0.0914811193849	0.775983357714	0.0600563073825	0.0724792155191
kid-	0.305354271579	0.456690750057	0.112805132856	0.125149845508
rek-	0.298141891892	0.357263513514	0.0684121621621	0.276182432432
nig-	0.357142857143	0.535714285714	0.107142857143	0.0
por-	0.125556676664	0.0417316109403	0.00744569243674	0.825266019959
euf-	0.142857142857	0.778571428572	0.0785714285714	0.0
alf-	0.0	1.0	0.0	0.0
pas-	0.0419974391805	0.942637644046	0.00614596670935	0.00921895006402
cos-	0.211552261404	0.474619382612	0.0281926390339	0.28563571695
kpe-	0.286117979513	0.369480748852	0.296714941717	0.0476863299188
ent-	0.285714285714	0.666666666667	0.047619047619	0.0
xka-	0.331495457185	0.48110711091	0.0748114747832	0.112585957122
xma-	0.175064089802	0.591336877628	0.165465981404	0.0681330511662
nkw-	0.0507349959303	0.939299201298	0.00362392828073	0.00634187449129
ped-	0.0231299362154	0.932879288746	0.00577404247129	0.0382167325673
dyo-	0.327770528515	0.0565403944692	0.00555508941669	0.610133987599
che-	0.27081881486	0.548624429425	0.0808102612252	0.0997464944896
wse-	0.52808988764	0.337078651685	0.106741573034	0.0280898876404
epa-	0.0521327014218	0.92654028436	0.00710900473933	0.0142180094787
xña-	0.166975917259	0.456182198972	0.0744526824761	0.302389201293
sap-	0.0	0.139534883721	0.860465116279	0.0
asi-	0.00170648464164	0.995733788396	0.00085324232082	0.00170648464164
bot-	0.0	0.914081145585	0.0859188544153	0.0
nan-	0.634756417649	0.0997242404489	0.0385750873834	0.226944254519
chë-	0.941519175735	0.0238290015915	0.00304735838851	0.031604464285
blu-	0.561499369649	0.232831653102	0.0475072275683	0.15816174968
kwt-	0.667520782172	0.185916899643	0.0410401808354	0.105522137349
klë-	0.467866936926	0.327292237987	0.153094074162	0.051746750924
tér-	0.0	0.972972972973	0.027027027027	0.0
psë-	0.505172803507	0.327070502798	0.132239208451	0.0355174852434
xvi-	0.184931506849	0.547945205479	0.0821917808219	0.184931506849
xch-	0.349777869534	0.458711409832	0.0676255001254	0.123885220509
xso-	0.373953270925	0.404033168357	0.112975761485	0.109037799233
plë-	0.161290322581	0.774193548387	0.0322580645161	0.0322580645161
tol-	0.188884693883	0.627122353726	0.107191516604	0.0768014357863
kët-	0.585732296701	0.233820130279	0.064614414793	0.115833158227
kña-	0.466956160225	0.33579282587	0.0237949679942	0.173456045911
mir-	0.0201342281879	0.971812080537	0.00805369127516	0.0
isa-	0.00394782611896	0.985524637564	0.00175458938621	0.00877294693103
tee-	0.338354645895	0.203070845198	0.0434757366234	0.415098772283
nël-	0.463768115942	0.217391304348	0.144927536232	0.173913043478
mus-	0.0430622009569	0.734449760766	0.208133971292	0.0143540669856
eut-	0.0666666666667	0.9	0.0333333333333	0.0
pud-	0.0	1.0	0.0	0.0
dio-	0.0818439238997	0.695008996047	0.00959862911518	0.213548450938
xam-	0.0684547515424	0.810129619179	0.0369035903377	0.0845120389412
bab-	0.017825311943	0.956625074272	0.020202020202	0.00534759358288
ita-	0.0	0.982808022923	0.0171919770773	0.0
eno-	0.00646551724137	0.993534482759	0.0	0.0
lëd-	0.109745546278	0.0604210317833	0.0243925321325	0.805440889806
pke-	0.806916426513	0.184438040346	0.0	0.0086455331412
láz-	0.0367471929228	0.897243960531	0.00408302143586	0.0619258251105
fla-	0.215851602024	0.763912310287	0.0202360876897	0.0
lau-	0.365853658537	0.475609756098	0.109756097561	0.0487804878049
moi-	0.0572600678678	0.889214216517	0.00936294115418	0.0441627744614
doo-	0.289699570815	0.0718884120172	0.214592274678	0.423819742489
xid-	0.240633074935	0.715762273902	0.0290697674418	0.0145348837209
mee-	0.744479495268	0.132492113565	0.0	0.123028391167
tow-	0.18915250743	0.110244472314	0.0331575240091	0.667445496246
roo-	0.424757281553	0.458737864078	0.116504854369	0.0
jud-	0.0322010850518	0.944387590596	0.00483647119846	0.0185748531535
wti-	0.314417177914	0.515337423313	0.138036809816	0.032208588957
niw-	0.717314487633	0.134275618375	0.116607773852	0.0318021201413
non-	0.231307006555	0.219845337782	0.276386425423	0.272461230239
gro-	0.31711026616	0.418377693283	0.023700887199	0.240811153359
wor-	0.333925634599	0.200435736815	0.0265270921138	0.439111536472
uzí-	0.0	1.0	0.0	0.0
cis-	0.0	1.0	0.0	0.0
bël-	0.12200876306	0.85372430064	0.0182002022245	0.00606673407482
mal-	0.0558596724108	0.278070600288	0.517318715793	0.148751011508
adá-	0.0101066816395	0.974733295901	0.00842223469961	0.00673778775967
sab-	0.0206478814263	0.967553329187	0.00737424336654	0.00442454601992
nli-	0.156537420827	0.148618772312	0.138160741012	0.556683065849
nyi-	0.489155975245	0.182230361063	0.141661794394	0.186951869298
met-	0.0140023337223	0.760793465578	0.024504084014	0.200700116686
nin-	0.091765507414	0.104487710481	0.0419623918397	0.761784390266
xsi-	0.199022978107	0.688800434232	0.0967975393523	0.0153790483083
cie-	0.150748607646	0.0768155267753	0.744095127341	0.0283407382375
tën-	0.905453732678	0.0281627179258	0.0274921770228	0.0388913723737
xic-	0.151742103549	0.808205796158	0.0146532074243	0.0253988928688
xta-	0.335272587827	0.45317343806	0.0628111070682	0.148742867045
tuw-	0.129334582943	0.314901593252	0.0	0.555763823805
sir-	0.0271565495208	0.920127795527	0.0463258785942	0.00638977635782
pix-	0.300709448565	0.592873266688	0.106417284747	0.0
tug-	0.154819032598	0.102577959203	0.0562906611312	0.686312347068
sós-	0.00970873786408	0.970873786408	0.0194174757281	0.0
lim-	0.75505050505	0.214646464646	0.030303030303	0.0
pxi-	0.658650968844	0.215193660964	0.0742939636076	0.0518614065841
esr-	0.0	1.0	0.0	0.0
egi-	0.0303605313093	0.904490828589	0.0600885515497	0.00506008855154
gos-	0.568690095847	0.0670926517572	0.140575079872	0.223642172524
leñ-	0.0338712251249	0.0229318569654	0.00529960411316	0.937897313796
pre-	0.368857855944	0.359934465166	0.122860876655	0.148346802234
ALL	0.226297997429	0.280864702053	0.0511391824767	0.441698118041
ana-	0.0532831001076	0.928417653391	0.00215285252961	0.016146393972
mxe-	0.853868194842	0.139684813754	0.0	0.00644699140403
nii-	0.128239743641	0.0103778941865	0.000664138892928	0.860718223279
wkë-	0.121212121212	0.575757575758	0.212121212121	0.0909090909091
mae-	0.0123867895694	0.926215487241	0.0491181785521	0.012279544638
cil-	0.0	1.0	0.0	0.0
per-	0.0615364575594	0.0321430461184	0.00799520886437	0.898325287458
kxi-	0.432828588423	0.445202258231	0.0699193868248	0.0520497665213
arm-	0.0	1.0	0.0	0.0
cal-	0.039603960396	0.960396039604	0.0	0.0
nex-	0.0852986148369	0.724853884437	0.172146102057	0.0177013986691
big-	0.801548786784	0.0653071760454	0.0142488384099	0.118895198761
nis-	0.0556476539267	0.86248859751	0.0282216318809	0.0536421166824
zor-	0.0	1.0	0.0	0.0
iip-	0.194142746315	0.272032583398	0.0863460046548	0.447478665632
tel-	0.563154258994	0.310218396302	0.0483553855146	0.0782719591902
mbi-	0.321608040201	0.388657573582	0.222254127782	0.0674802584351
gaa-	0.246569039223	0.0764358563127	0.0420833771272	0.634911727337
wli-	0.23669563754	0.416855999134	0.0859509298328	0.260497433493
lid-	0.0541069078784	0.881426521135	0.0140835733629	0.0503829976235
ñan-	0.0519695465078	0.570671962926	0.0297914597815	0.347567030784
xye-	0.409308390126	0.357871854725	0.112958943012	0.119860812138
gas-	0.545454545455	0.0237154150198	0.134387351779	0.296442687747
ata-	0.0	1.0	0.0	0.0
tie-	0.12611329856	0.538524125706	0.129890885844	0.205471689889
far-	0.0144676294757	0.968069240673	0.00114721290997	0.0163159169418
byë-	0.622270104861	0.069541737491	0.0627403405452	0.245447817102
rud-	0.0	1.0	0.0	0.0
xpa-	0.302525216539	0.624777575118	0.0174336565463	0.0552635517971
xcu-	0.15115150755	0.627513985188	0.0377382503164	0.183596256945
lev-	0.0297779489154	0.932486202028	0.0277242972661	0.0100115517905
xni-	0.263297611014	0.584735996909	0.064836028831	0.0871303632458
sed-	0.00670070422104	0.916241197237	0.0770580985419	0.0
kla-	0.565564245193	0.22119687031	0.0817333446386	0.131505539858
xor-	0.251439539347	0.731285988484	0.0172744721689	0.0
adi-	0.0	1.0	0.0	0.0
saú-	0.530120481928	0.44578313253	0.0240963855421	0.0
bin-	0.0451555249303	0.796089535848	0.148418910626	0.0103360285963
nec-	0.301357466063	0.126696832579	0.0162895927602	0.555656108597
gue-	0.0769618099448	0.24118524455	0.0178946560402	0.663958289465
cás-	0.215909090909	0.75	0.0340909090909	0.0
tek-	0.505747126437	0.126436781609	0.0229885057471	0.344827586207
nëb-	0.204011039558	0.190910763569	0.493799448022	0.11127874885
sec-	0.577777777778	0.4	0.0	0.0222222222222
tsa-	0.446954944381	0.324832608638	0.0886974151039	0.139515031878
nsi-	0.0	0.366552119129	0.585337915235	0.0481099656357
jai-	0.0	0.94495412844	0.0550458715596	0.0
win-	0.331810240559	0.0642386775971	0.0198897997581	0.584061282086
tal-	0.0379746835443	0.962025316456	0.0	0.0
pkw-	0.813754805639	0.146518581803	0.0153780435711	0.0243485689876
këb-	0.647012079361	0.0899132604531	0.010443144087	0.252631516099
paa-	0.0403107513446	0.907209213886	0.00662791329385	0.0458521214755
ami-	0.151193633952	0.786472148541	0.054376657825	0.00795755968171
kos-	0.412844036697	0.577981651376	0.0	0.00917431192661
këp-	0.490835173227	0.144789370666	0.267923129491	0.0964523266166
rod-	0.0181818181818	0.981818181818	0.0	0.0
paw-	0.627204030227	0.176322418136	0.0	0.196473551637
pee-	0.207845092163	0.272255889425	0.407101544153	0.112797474259
kpi-	0.256712864377	0.520977407876	0.0564466781838	0.165863049562
zaf-	0.00769230769232	0.980769230769	0.0	0.0115384615385
pue-	0.0160493827161	0.969664902998	0.00740740740741	0.00687830687831
lud-	0.102681992337	0.862835249042	0.00919540229885	0.0252873563219
kye-	0.277886554412	0.458720277366	0.0347668861536	0.228626282068
xkë-	0.525169740897	0.325131704013	0.0587720952948	0.0909264597952
pon-	0.00760456273764	0.988593155894	0.0	0.00380228136882
gól-	0.0	1.0	0.0	0.0
wii-	0.213389121339	0.516039051604	0.21059972106	0.0599721059972
chi-	0.277902172887	0.273606545368	0.120853349615	0.32763793213
sik-	0.178990099719	0.139914081233	0.0251809132058	0.655914905843
nga-	0.30900414986	0.304314001375	0.105371228216	0.281310620549
ben-	0.0	1.0	0.0	0.0
dió-	0.166666666667	0.777777777778	0.0555555555555	0.0
xti-	0.0865510351512	0.403315677528	0.0450492081457	0.465084079175
kij-	0.72	0.22	0.03	0.03
kyë-	0.463375853711	0.305362753415	0.117207983555	0.11405340932
nip-	0.0744434675576	0.888334798664	0.0354492702655	0.00177246351328
xñe-	0.676945832094	0.0923685732042	0.0212968282037	0.209388766498
kwx-	0.483241606735	0.292380297841	0.162768419706	0.0616096757174
amp-	0.0	1.0	0.0	0.0
ili-	0.0392156862745	0.901960784314	0.0392156862745	0.0196078431373
lam-	0.0	1.0	0.0	0.0
til-	0.106062016948	0.740292392215	0.0623894217339	0.0912561691033
kyo-	0.145541653265	0.596998368164	0.0747692835902	0.182690694981
yud-	0.456033784184	0.288114265385	0.0768840546291	0.178967895801
cua-	0.288365725928	0.388771628225	0.0976967034367	0.22516594241
kaj-	0.908814589666	0.0911854103344	0.0	0.0
xwo-	0.126794258373	0.547248803828	0.0675837320574	0.258373205742
nap-	0.570063694268	0.420382165605	0.0063694267516	0.0031847133758
sió-	0.0	1.0	0.0	0.0
esl-	0.0	1.0	0.0	0.0
saf-	0.0	1.0	0.0	0.0
evo-	0.0625	0.9375	0.0	0.0
tiz-	0.264672036824	0.546605293441	0.0863060989644	0.102416570771
xaa-	0.0395908700365	0.0812347799641	0.00429872816113	0.874875621838
kis-	0.0621363150558	0.856092126508	0.0439260653	0.037845493136
lni-	0.10207980785	0.792292155685	0.0458540313336	0.0597740051313
nxi-	0.240861117169	0.340645335088	0.303666869408	0.114826678335
tyu-	0.135107853489	0.18137153714	0.160027796901	0.523492812469
kwn-	0.484779023033	0.322146695085	0.0330539765765	0.160020305306
xdi-	0.050683390329	0.84358326	0.00888908691923	0.0968442627516
eub-	0.318584070796	0.681415929204	0.0	0.0
fle-	0.175066312997	0.824933687003	0.0	0.0
doc-	0.0108695652174	0.956521739131	0.0326086956521	0.0
ban-	0.183463839651	0.442813524024	0.312568023109	0.0611546132169
syo-	0.573672627235	0.28833562586	0.0450894085282	0.0929023383769
adr-	0.214765100671	0.711409395973	0.0604026845637	0.0134228187919
azo-	0.027972027972	0.958041958042	0.013986013986	0.0
kac-	0.0526315789474	0.771929824561	0.175438596491	0.0
ter-	0.0	1.0	0.0	0.0
cuz-	0.0	0.971014492754	0.0289855072463	0.0
noj-	0.685048626697	0.161055893983	0.0448861814684	0.109009297852
wsi-	0.484617929209	0.4161429044	0.0595434998346	0.0396956665564
yej-	0.178082191781	0.602739726027	0.0	0.219178082192
nri-	0.190901200006	0.165763026813	0.0219219729287	0.621413800253
nam-	0.0690648834041	0.0727921945719	0.280644605578	0.577498316446
los-	0.222627737226	0.574452554745	0.0423357664234	0.160583941606
arq-	0.214285714286	0.785714285714	0.0	0.0
ale-	0.0149142431021	0.920954511559	0.055182699478	0.00894854586129
sid-	0.149680570445	0.758711648736	0.0695237622288	0.0220840185903
oli-	0.00826446280991	0.97520661157	0.0123966942149	0.00413223140496
luc-	0.00796812749004	0.98406374502	0.0	0.00796812749004
dox-	0.0694848661234	0.409924330617	0.456199068685	0.0643917345751
mod-	0.290882828352	0.209581456134	0.0426109983836	0.45692471713
pël-	0.102393617021	0.841755319149	0.0239361702127	0.031914893617
jec-	0.0172413793103	0.98275862069	0.0	0.0
dec-	0.0326530612245	0.722448979592	0.00816326530611	0.236734693877
bic-	0.533269735273	0.164798473647	0.0558072978774	0.246124493203
wke-	0.298642533937	0.470588235294	0.230769230769	0.0
xig-	0.322704367872	0.610420874391	0.0363547340718	0.0305200236653
xli-	0.376942639164	0.492512009042	0.0322124894038	0.0983328623905
wts-	0.256179775281	0.424719101124	0.166292134831	0.152808988764
eli-	0.05038821106	0.94390746316	0.00570432578038	0.0
jua-	0.0377495596911	0.882403655488	0.0120905332561	0.0677562515651
yul-	0.04788820851	0.923064845345	0.0113047574187	0.0177421887266
soo-	0.356281259194	0.31332744925	0.117975875257	0.212415416299
yut-	0.103036336486	0.773021403683	0.0358387257342	0.0881035340966
ksi-	0.303797468354	0.462025316456	0.208860759494	0.0253164556962
but-	0.738066095471	0.154222766218	0.0440636474908	0.0636474908201
xis-	0.256551195194	0.263837402531	0.321104435639	0.158506966637
var-	0.0584192439862	0.93470790378	0.0	0.00687285223368
tuk-	0.0327868852459	0.934426229508	0.0327868852459	0.0
ene-	0.0357142857143	0.878571428571	0.0857142857142	0.0
xob-	0.153586170865	0.783907095941	0.0248197775093	0.0376869556845
taa-	0.236307692308	0.357538461538	0.406153846154	0.0
pan-	0.0	1.0	0.0	0.0
pki-	0.472365244515	0.324246373406	0.147413848356	0.0559745337235
sch-	0.251210584277	0.13744842631	0.160794345034	0.450546644379
mëë-	0.0852282322108	0.819452481362	0.0513260727128	0.043993213714
pos-	0.0388107772992	0.919791060248	0.018111696073	0.0232864663795
jez-	0.160809214412	0.751476668636	0.0	0.0877141169521
rik-	0.030868261283	0.125155438519	0.807109940751	0.036866359447
lin-	0.08501569791	0.724603404111	0.0176362352047	0.172744662775
mez-	0.21978021978	0.738261738262	0.0	0.041958041958
cre-	0.0217864923747	0.875816993464	0.00653594771242	0.0958605664488
lat-	0.0	0.979591836735	0.0204081632653	0.0
pen-	0.159161636542	0.115875376531	0.0497003722953	0.675262614632
rab-	0.0	0.814814814815	0.0	0.185185185185
ape-	0.0384615384615	0.961538461538	0.0	0.0
fav-	0.52911316811	0.299790982383	0.003583159152	0.167512690355
kni-	0.545696582711	0.282142955109	0.0486054300749	0.123555032105
fre-	0.0555555555555	0.833333333333	0.111111111111	0.0
beñ-	0.421286801766	0.287149362161	0.062567346797	0.228996489277
xtu-	0.361946511265	0.532884125085	0.0286825537229	0.0764868099277
joe-	0.0	1.0	0.0	0.0
xiz-	0.526717557252	0.473282442748	0.0	0.0
lab-	0.00924280127977	0.847849271241	0.138642019197	0.00426590828297
ber-	0.0374268670414	0.908225306872	0.0132643111162	0.0410835149707
tia-	0.0	0.987012987013	0.012987012987	0.0
tir-	0.227601315731	0.267496259257	0.167054946304	0.337847478708
car-	0.0381194409149	0.93710292249	0.0209656925032	0.00381194409149
alb-	0.0149253731343	0.671641791045	0.313432835821	0.0
sit-	0.140467523659	0.578056614635	0.0679983956932	0.213477466013
koy-	0.507535267275	0.312669850592	0.0544521643029	0.125342717829
lii-	0.0172466244636	0.083653543214	0.00859572315047	0.890504109172
yuu-	0.213734960176	0.173769982489	0.149833361577	0.462661695758
pól-	0.135593220339	0.728813559322	0.0677966101695	0.0677966101695
ang-	0.0203591564001	0.926456462727	0.0214240968887	0.0317602839841
pun-	0.254385964912	0.617543859649	0.0964912280702	0.0315789473684
xaw-	0.225806451613	0.112903225806	0.387096774194	0.274193548387
nxe-	0.0547707020213	0.25355357531	0.636905020648	0.0547707020213
puñ-	0.632653061225	0.326530612245	0.0204081632653	0.0204081632653
lëë-	0.0718965813936	0.0174956872566	0.0022148309123	0.908392900438
kop-	0.387816769553	0.352909552676	0.110227462321	0.14904621545
cai-	0.0124666073018	0.948055802909	0.0323538141881	0.00712377560108
xyu-	0.679643561926	0.185534581437	0.0431527461566	0.0916691104797
kun-	0.697518318558	0.152695519175	0.0446794096499	0.105106752617
ndr-	0.00267260579065	0.991982182628	0.0	0.00534521158129
cum-	0.561818748054	0.210036926636	0.128308938026	0.0998353872847
kan-	0.555918030338	0.113414668855	0.0259216435234	0.304745657283
zab-	0.0	1.0	0.0	0.0
kux-	0.622194905806	0.112947028387	0.001286412624	0.263571653183
sle-	0.404547607769	0.38086215064	0.156324017054	0.0582662245381
sus-	0.171232876712	0.664383561644	0.150684931507	0.013698630137
óni-	0.0	0.873754152824	0.126245847176	0.0
sey-	0.650063165494	0.139445346809	0.041147807255	0.169343680443
tso-	0.322976333293	0.195440837389	0.0970235211686	0.38455930815
xan-	0.0686461826221	0.878462496341	0.0269458148544	0.0259455061823
hoz-	0.0	0.940594059406	0.0594059405941	0.0
xme-	0.137707948244	0.70887245841	0.1146025878	0.0388170055453
xva-	0.0450751252086	0.93489148581	0.0100166944908	0.0100166944908
wne-	0.150944533157	0.462926696996	0.340333222862	0.0457955469856
wan-	0.142857142857	0.821428571429	0.0	0.0357142857143
suu-	0.459322570434	0.21145932257	0.10636277303	0.222855333966
kow-	0.624764748186	0.287493332864	0.057613669672	0.030128249278
kël-	0.388743455497	0.214659685864	0.0667539267016	0.329842931937
bro-	0.197499641913	0.518510422786	0.230101902038	0.053888033264
bik-	0.496420400029	0.0680493025316	0.024798878146	0.410731419293
yañ-	0.353898364079	0.514531848242	0.109641489732	0.0219282979464
mna-	0.257142857143	0.64	0.0685714285714	0.0342857142857
nef-	0.0	1.0	0.0	0.0
psi-	0.301292289821	0.532307245535	0.135908232903	0.0304922317409
ces-	0.0223577235772	0.907520325203	0.0121951219512	0.0579268292683
xpe-	0.533768392538	0.388659730345	0.0221633934618	0.0554084836545
xyo-	0.358891274253	0.410145085336	0.126031513126	0.104932127286
sne-	0.563142437592	0.206314243759	0.0462555066079	0.184287812041
sty-	0.113954820294	0.285189815994	0.0448780930014	0.555977270711
des-	0.141468646312	0.15031672085	0.0323759091061	0.675838723732
así-	0.0	1.0	0.0	0.0
msi-	0.01875	0.95625	0.0125	0.0125
via-	0.127306273063	0.817343173432	0.0	0.0553505535055
cob-	0.268292682927	0.665853658537	0.0658536585366	0.0
mat-	0.00693481276006	0.990291262136	0.0	0.00277392510402
nit-	0.248699971525	0.254486839655	0.377869724178	0.118943464642
stu-	0.0562225916089	0.182222519168	0.238720129277	0.522834759946
ksu-	0.559419024612	0.259758664402	0.139383864718	0.0414384462675
nya-	0.324638099878	0.20551158117	0.260431756371	0.209418562581
tró-	0.0490797546012	0.926380368098	0.0245398773006	0.0
jki-	0.343687337489	0.368730888381	0.115609383537	0.171972390593
kiw-	0.336	0.376	0.024	0.264
cha-	0.491335187495	0.198435999886	0.0869209726752	0.223307839943
xfa-	0.361006889053	0.30636680421	0.0777892644844	0.254837042252
par-	0.101755080561	0.0413951816142	0.0066037615799	0.850245976245
too-	0.224779319042	0.168558217739	0.0986759142497	0.50798654897
jul-	0.0785340314136	0.82722513089	0.0	0.0942408376963
lay-	0.213934792318	0.579008485931	0.120053595355	0.0870031263958
nah-	0.0	1.0	0.0	0.0
mba-	0.345501235612	0.259019533669	0.256315280668	0.139163950051
zeu-	0.0	0.977443609023	0.0225563909774	0.0
xit-	0.284319423457	0.377891433221	0.0303382540974	0.307450889225
kwr-	0.494426006297	0.421124294013	0.0103462639238	0.0741034357658
rag-	0.0	1.0	0.0	0.0
feb-	0.24	0.76	0.0	0.0
pec-	0.132352941176	0.823529411765	0.0441176470588	0.0
amé-	0.0171402796572	0.13351375733	0.00811907983763	0.841226883175
ves-	0.402985074627	0.597014925373	0.0	0.0
tre-	0.0347994200096	0.304978250362	0.367327211213	0.292895118415
val-	0.325301204819	0.301204819277	0.16265060241	0.210843373494
gay-	0.016	0.984	0.0	0.0
wid-	0.020618556701	0.886597938144	0.0824742268041	0.0103092783505
sël-	0.259842519685	0.204724409449	0.535433070866	0.0
lyu-	0.0805447854946	0.738261386315	0.00522641001768	0.175967418173
dan-	0.143061516452	0.828326180257	0.0286123032904	0.0
lug-	0.218255499807	0.359899652644	0.116943265149	0.304901582401
ate-	0.0199225235196	0.98007747648	0.0	0.0
ndo-	0.494641274709	0.162880975789	0.214012902658	0.128464846844
gre-	0.221153846154	0.730769230769	0.0288461538461	0.0192307692308
ser-	0.0	0.981873111782	0.0181268882175	0.0
sëb-	0.366533864542	0.346613545817	0.203187250996	0.0836653386454
ndi-	0.374340949033	0.259226713532	0.198594024605	0.16783831283
cri-	0.0209232441037	0.909880712089	0.00459930081096	0.064596742996
mis-	0.183005263591	0.159405206688	0.177240021264	0.480349508457
naw-	0.389613355562	0.235458012652	0.0411080914427	0.333820540343
ted-	0.367735784515	0.164014259406	0.0829918956377	0.385258060442
elm-	0.0	1.0	0.0	0.0
wla-	0.582278481013	0.417721518987	0.0	0.0
twa-	0.0212765957447	0.978723404255	0.0	0.0
xal-	0.454487178355	0.162295658071	0.0585322523395	0.324684911235
nac-	0.0	1.0	0.0	0.0
kob-	0.301729660474	0.631646380525	0.0512491992313	0.0153747597694
xle-	0.194176338036	0.624145207299	0.0971207325492	0.0845577221158
sti-	0.616610953973	0.20519413731	0.0480843404474	0.130110568269
kex-	0.169293255585	0.231796966854	0.059380307115	0.539529470446
tio-	0.0143344346549	0.965946127964	0.00241661218246	0.017302825199
nës-	0.296703296703	0.230769230769	0.274725274725	0.197802197802
sos-	0.222222222222	0.620071684588	0.0573476702509	0.100358422939
sëp-	0.5	0.398305084746	0.0	0.101694915254
cad-	0.173837592005	0.599006642331	0.0288731972952	0.198282568368
kxo-	0.654463604719	0.220104648353	0.0435171366893	0.0819146102387
tat-	0.0161475156064	0.737205704162	0.00502683305219	0.241619947179
nch-	0.477687406407	0.16480391633	0.0409745750413	0.316534102222
bit-	0.6925919633	0.181972644635	0.0102370231926	0.115198368873
xil-	0.0450839494231	0.918296137636	0.0228010778691	0.0138188350722
pti-	0.554248442141	0.345466193	0.0490361656281	0.0512491992313
tyo-	0.634682892581	0.16288322022	0.0617832904283	0.14065059677
pëë-	0.259085472445	0.677155212071	0.0182169472812	0.0455423682031
nët-	0.337748344371	0.298013245033	0.284768211921	0.0794701986755
cef-	0.142857142857	0.761904761905	0.0	0.0952380952381
yës-	0.161290322581	0.774193548387	0.0645161290322	0.0
jkw-	0.611341767205	0.224539637571	0.109754310555	0.0543642846676
nol-	0.369816335682	0.235964949608	0.133353845952	0.260864868757
efe-	0.00217155266015	0.99348534202	0.00434310532031	0.0
arn-	0.0	1.0	0.0	0.0
esa-	0.102466793169	0.779886148008	0.0	0.117647058824
kxa-	0.552512552627	0.221238440812	0.0568965000084	0.169352506552
lën-	0.0294117647059	0.916666666667	0.0245098039216	0.0294117647059
xnë-	0.243221785558	0.390575999365	0.286411813743	0.0797904013338
aug-	0.144736842105	0.855263157895	0.0	0.0
mos-	0.036794717199	0.871037791376	0.0341068280973	0.0580606633273
kok-	0.618697207363	0.152914562201	0.0533890506403	0.174999179796
kuj-	0.579215368592	0.354125679898	0.0368012961463	0.0298576553639
xbi-	0.149493818453	0.769112088015	0.0439528105071	0.0374412830246
jku-	0.469135802469	0.393070489845	0.0828355236957	0.0549581839904
kne-	0.461738251567	0.308866606665	0.0599920500573	0.16940309171
fri-	0.0	0.96	0.04	0.0
reg-	0.0740740740741	0.888888888889	0.037037037037	0.0
xya-	0.449061775251	0.344186028403	0.120337250798	0.0864149455472
xty-	0.379011462217	0.391149026081	0.131242381125	0.0985971305761
pla-	0.0753623188406	0.850241545894	0.0695652173913	0.0048309178744
kse-	0.637177437561	0.252905999051	0.0320316423329	0.0778849210554
mdy-	0.0485419630156	0.868480322428	0.0635609293504	0.0194167852063
mac-	0.00155722813392	0.984427718661	0.0140150532053	0.0
nik-	0.131370078775	0.0724121879325	0.0534501527845	0.742767580508
ico-	0.0	1.0	0.0	0.0
bet-	0.0305568291155	0.835064478009	0.0247224894904	0.109656203385
vis-	0.100418410042	0.648535564854	0.125523012552	0.125523012552
nar-	0.322501505453	0.312844302696	0.0631175145527	0.301536677298
pxa-	0.603257753772	0.265983167757	0.0203150008924	0.110444077579
sal-	0.0371000894097	0.944885994345	0.00643354151614	0.011580374729
xim-	0.0708524089819	0.744204636291	0.131894484413	0.0530484703147
kiy-	0.0440995450897	0.928177682633	0.0108108108108	0.0169119614664
xsë-	0.504559270517	0.41641337386	0.0547112462006	0.0243161094225
neá-	0.0	1.0	0.0	0.0
cim-	0.35632183908	0.591954022989	0.0373563218391	0.014367816092
gab-	0.010889292196	0.989110707804	0.0	0.0
fie-	0.397435897436	0.487179487179	0.0897435897436	0.025641025641
cam-	0.00949367088608	0.962025316456	0.0	0.0284810126582
mbe-	0.424242424242	0.30303030303	0.181818181818	0.0909090909091
mya-	0.219545767378	0.735030970406	0.0	0.0454232622161
xak-	0.116739879465	0.0825272031922	0.0551464058633	0.745586511479
biñ-	0.760885328891	0.0967393486413	0.015569435802	0.126805886666
xiñ-	0.0426462196148	0.810659724015	0.0262016111172	0.120492445253
yee-	0.0322379830139	0.264573791631	0.693183334074	0.0100048912802
kñe-	0.489758378687	0.243207788547	0.075222070441	0.191811762325
spo-	0.0228758169935	0.977124183007	0.0	0.0
est-	0.0518838789376	0.896232242125	0.0518838789376	0.0
wyu-	0.538461538462	0.288461538462	0.115384615385	0.0576923076923
dám-	0.0	1.0	0.0	0.0
ren-	0.0659340659341	0.934065934066	0.0	0.0
xky-	0.183628767662	0.643654066607	0.0962948870434	0.0764222786874
pañ-	0.508438715557	0.243062675976	0.176968898003	0.0715297104634
nee-	0.308834867536	0.443631912398	0.129987816831	0.117545403235
sla-	0.303855998679	0.204029394765	0.227891999009	0.264222607547
lul-	0.0530297122359	0.171488731186	0.624190906964	0.151290649614
tab-	0.159214830971	0.798255179935	0.0294438386041	0.0130861504907
naz-	0.00552804330301	0.986179891742	0.00691005412876	0.00138201082575
gal-	0.021165370394	0.962259339538	0.0119852097412	0.0045900803264
see-	0.742002781641	0.257997218359	0.0	0.0
tsk-	0.0991448035947	0.801130598637	0.0974054210756	0.00231917669227
bne-	0.640871143506	0.184170582811	0.037596492558	0.137361781124
kar-	0.333843504063	0.0451266616076	0.00814283643557	0.612886997894
nue-	0.0	0.0457142857143	0.411428571429	0.542857142857
kay-	0.497209073091	0.263699611448	0.0359897761528	0.203101539308
kli-	0.474015428339	0.322980105562	0.130176613886	0.0728278522128
kus-	0.684423739113	0.169198568631	0.0267368847478	0.119640807508
bii-	0.476579881217	0.128148014958	0.0272442128032	0.368027891022
xik-	0.100144115551	0.731617170801	0.123352386813	0.0448863268347
xre-	0.0411255411255	0.94708994709	0.0021645021645	0.00962000962001
kya-	0.215366033929	0.635019853398	0.0808512996445	0.0687628130284
tej-	0.607196744548	0.192080837639	0.0827579900324	0.117964427781
gak-	0.139813303754	0.0692908327331	0.159880893236	0.631014970277
agr-	0.00706713780918	0.987632508834	0.00530035335689	0.0
ari-	0.00776699029126	0.992233009709	0.0	0.0
max-	0.0	0.982876712329	0.0	0.0171232876712
not-	0.342206768613	0.452717531793	0.129148018429	0.0759276811645
esp-	0.0	1.0	0.0	0.0
kej-	0.496128325347	0.19255760457	0.0464693197295	0.264844750354
nlu-	0.831632653061	0.00765306122448	0.0535714285714	0.107142857143
kwc-	0.666071405547	0.170229637557	0.0838737960467	0.0798251608495
këj-	0.226153846154	0.687692307692	0.0646153846154	0.0215384615384
sën-	0.814541622761	0.0874604847208	0.041095890411	0.0569020021074
xco-	0.0369107167218	0.284768441142	0.133327418974	0.544993423162
xsu-	0.653266331658	0.346733668342	0.0	0.0
xiy-	0.807400379507	0.181214421252	0.0	0.011385199241
kak-	0.539238591598	0.173153694583	0.0441653341069	0.243442379713
sue-	0.424778761062	0.504424778761	0.0	0.070796460177
lëg-	0.197080291971	0.627737226277	0.0875912408759	0.0875912408759
one-	0.0	1.0	0.0	0.0
nob-	0.314168377823	0.462012320328	0.198151950719	0.0256673511294
niz-	0.355762347888	0.262705798139	0.314960629921	0.0665712240515
aan-	0.0399109195522	0.00299972686376	0.00286964930855	0.954219704276
gog-	0.037037037037	0.925925925926	0.037037037037	0.0
nsy-	0.537710131758	0.259200363471	0.0586097228533	0.144479781917
mgu-	0.036853025533	0.893423692095	0.0318571835055	0.0378660988666
kap-	0.395166026034	0.389949223596	0.126450398274	0.0884343520968
sil-	0.109790058697	0.727538441225	0.0355183713644	0.127153128714
lal-	0.401290111482	0.24416294669	0.107743006053	0.246803935775
jas-	0.0180586907449	0.966139954853	0.0158013544018	0.0
jke-	0.613481118701	0.252695794132	0.0616488379086	0.0721742492589
ñal-	0.059000841951	0.682051018375	0.242751830119	0.0161963095552
lad-	0.103247048018	0.259477138064	0.0303925446514	0.606883269268
kiñ-	0.551001106708	0.258545590616	0.0328367763235	0.157616526353
him-	0.0	0.892857142857	0.0	0.107142857143
yox-	0.0955794504182	0.48827111927	0.335475128945	0.0806743013667
nuw-	0.254716981132	0.660377358491	0.0	0.0849056603774
kwy-	0.528805733076	0.167295316094	0.0703635341297	0.233535416701
snë-	0.419638925583	0.344341699692	0.140907089388	0.0951122853369
sau-	0.0330869714679	0.902801650052	0.00644551392231	0.0576658645583
sín-	0.0370370370371	0.962962962963	0.0	0.0
xwe-	0.0559157212317	0.634521880065	0.268233387358	0.0413290113452
esm-	0.00970873786408	0.834951456311	0.145631067961	0.0097087378641
kxe-	0.35124797317	0.450295882589	0.123342156686	0.0751139875549
pri-	0.061170212766	0.671542553192	0.219414893617	0.0478723404255
tro-	0.106984420095	0.886454354823	0.00437415005497	0.00218707502749
xmo-	0.212236886751	0.635532885858	0.0446982938169	0.107531933574
kit-	0.370259507078	0.438490812765	0.0158852351508	0.175364445007
gol-	0.464540897942	0.431801215741	0.069105257545	0.0345526287725
ela-	0.0526315789474	0.947368421053	0.0	0.0
wle-	0.316400070311	0.43047987344	0.110740024609	0.14238003164
nëw-	0.564328657315	0.201603206413	0.218036072144	0.0160320641283
jam-	0.291666666667	0.6875	0.0208333333333	0.0
lmu-	0.12064802614	0.571573832174	0.0419754590947	0.265802682591
nag-	0.232174688057	0.251559714795	0.10004456328	0.416221033868
xnu-	0.0566666666667	0.893333333333	0.02	0.03
arp-	0.0269662921348	0.969662921348	0.0	0.00337078651686
itu-	0.0857142857143	0.828571428571	0.0857142857143	0.0
sky-	0.542473919523	0.238450074516	0.0625931445603	0.156482861401
kad-	0.0177056370434	0.0260102099511	0.0318162208801	0.924467932125
klo-	0.114962284906	0.140547654593	0.290656674786	0.453833385715
fen-	0.0106257378985	0.904368358914	0.0212514757969	0.0637544273908
kin-	0.270768922908	0.147291010055	0.105548051428	0.476392015609
spa-	0.0468113975576	0.942333785617	0.00542740841248	0.00542740841249
que-	0.0249599107579	0.0220316530712	0.0376490274001	0.915359408771
dic-	0.568666906023	0.193925833616	0.204227124144	0.0331801362171
nal-	0.391787343781	0.382860543543	0.126165443364	0.0991866693117
las-	0.127279903025	0.692160234544	0.0194514137513	0.161108448679
xip-	0.238482080758	0.57663960893	0.145495948352	0.03938236196
men-	0.116339593444	0.108954069072	0.0367166068791	0.737989730604
rob-	0.0	1.0	0.0	0.0
kes-	0.218225419664	0.460431654676	0.136690647482	0.184652278177
bus-	0.227163038232	0.12300588289	0.0263490862607	0.623481992617
fue-	0.287882088143	0.453278152908	0.189501197996	0.0693385609526
woo-	0.294154358228	0.42042854171	0.0611608071562	0.224256292906
tap-	0.032416327244	0.0597378434689	0.010582472968	0.897263356319
lyë-	0.439393939394	0.166666666667	0.106060606061	0.287878787879
bye-	0.634738082659	0.102084772626	0.0191002560247	0.24407688869
mor-	0.18320610687	0.25572519084	0.56106870229	0.0
bib-	0.518026565465	0.222960151803	0.105313092979	0.153700189753
koo-	0.418950690616	0.482293813678	0.0606810877226	0.0380744079828
xoo-	0.359796705223	0.296354714336	0.0483701366983	0.295478443743
skw-	0.0952380952381	0.547619047619	0.0238095238095	0.333333333333
këm-	0.51968503937	0.312335958005	0.0259842519685	0.141994750656
cin-	0.157009345794	0.402803738318	0.179439252336	0.260747663551
pni-	0.305232596777	0.631130348913	0.0315369472685	0.0321001070411
and-	0.0	1.0	0.0	0.0
com-	0.361297678838	0.107891950591	0.027973394869	0.502836975702
mag-	0.0280592361652	0.971940763835	0.0	0.0
xbe-	0.0331753554502	0.96682464455	0.0	0.0
job-	0.0495867768595	0.925619834711	0.0247933884298	0.0
lëj-	0.100684861494	0.139629970357	0.121128488194	0.638556679955
elí-	0.00620090946672	0.991318726747	0.00124018189334	0.00124018189334
aqu-	0.0253651037663	0.967717140661	0.0	0.00691775557263
ket-	0.465552376925	0.370263276207	0.0199504383477	0.14423390852
dru-	0.0322580645161	0.967741935484	0.0	0.0
sye-	0.456940639332	0.193014017513	0.044942226683	0.305103116473
taw-	0.725155714419	0.186017045227	0.0234738653187	0.065353375035
kty-	0.350340977252	0.427890690617	0.15911838869	0.0626499434411
xla-	0.418679593679	0.343655837783	0.0348003557163	0.202864212822
gri-	0.0398230088496	0.119469026549	0.829329962073	0.0113780025284
kuc-	0.0265486725663	0.867256637168	0.106194690265	0.0
ram-	0.0592105263158	0.940789473684	0.0	0.0
nts-	0.116534369171	0.624482034676	0.17220943343	0.0867741627235
sáb-	0.30625	0.58125	0.075	0.0375
ace-	0.0712090419693	0.843033832218	0.0834600599425	0.00229706586998
kox-	0.120201681592	0.748390583632	0.0998009181028	0.0316068166736
bec-	0.048439181916	0.938643702906	0.0129171151776	0.0
man-	0.287081339713	0.618181818182	0.0433811802233	0.051355661882
pxe-	0.263048635824	0.535290628707	0.0854092526691	0.1162514828
sts-	0.450171553804	0.187679263247	0.0689807967522	0.293168386197
eti-	0.281602002503	0.665832290363	0.0375469336671	0.0150187734668
kso-	0.43139028245	0.35750637977	0.121768428837	0.0893349089433
laa-	0.10443512297	0.388923220363	0.0237291825888	0.482912474078
bña-	0.638736763031	0.283295369181	0.047980226331	0.0299876414569
wna-	0.455858125787	0.305359046419	0.141098943696	0.0976838840973
kte-	0.509757947267	0.279240025192	0.0856919372762	0.125310090264
nly-	0.707894736842	0.205263157895	0.0394736842105	0.0473684210526
sem-	0.0	1.0	0.0	0.0
tíq-	0.0148148148148	0.977777777778	0.0074074074074	0.0
yus-	0.659246575342	0.340753424658	0.0	0.0
peñ-	0.0952595936794	0.843340857788	0.0424379232506	0.0189616252822
yos-	0.0471567267684	0.93411927878	0.0187239944521	0.0
