laẕ-	0.142659505296	0.704264581085	0.0828783792672	0.0701975343521
del-	0.256971943719	0.72870502991	0.00674024770409	0.00758277866711
ẕpá-	0.1375	0.65	0.13125	0.08125
ye'-	0.562117664248	0.303139622961	0.0555792662999	0.0791634464913
bdá-	0.730720829988	0.207098401635	0.029496005512	0.0326847628646
júp-	0.0	1.0	0.0	0.0
ḻas-	0.168168168168	0.618618618619	0.195195195195	0.018018018018
beḻ-	0.241230619454	0.666611849679	0.0279229843245	0.0642345465429
bḻo-	0.621790462794	0.224141408395	0.0531626062089	0.100905522602
gós-	0.615658362989	0.370106761566	0.0	0.0142348754448
der-	0.0102564102564	0.989743589744	0.0	0.0
tib-	0.0	0.978540772532	0.0	0.0214592274678
nné-	0.704303461687	0.0920457751277	0.0483698660076	0.155280897178
bay-	0.224370860927	0.41527593819	0.0896247240618	0.270728476821
paf-	0.0	1.0	0.0	0.0
bik-	0.515	0.455	0.0	0.03
her-	0.0218505917869	0.90977047295	0.0470554410848	0.021323494178
noẕ-	0.121937839132	0.122895387807	0.0350851819342	0.720081591127
ate-	0.0	1.0	0.0	0.0
naw-	0.61079237091	0.272910528764	0.0744301442084	0.0418669561172
biž-	0.120701297385	0.0741794096325	0.0749934055119	0.730125887471
ẕga-	0.457451773491	0.466513690106	0.05678282514	0.0192517112632
urí-	0.0	1.0	0.0	0.0
ẕyi-	0.34375	0.4296875	0.109375	0.1171875
pat-	0.0648648648649	0.935135135135	0.0	0.0
yo'-	0.232089078578	0.544288031066	0.0325086334854	0.191114256871
wtí-	0.0978260869565	0.836956521739	0.0	0.0652173913044
zia-	0.747359870024	0.252640129976	0.0	0.0
gá'-	0.590889622357	0.195824629767	0.0848908692314	0.128394878644
jam-	0.040404040404	0.828282828283	0.121212121212	0.010101010101
yé'-	0.525814942296	0.242457987447	0.0541405142741	0.177586555983
hor-	0.015247776366	0.984752223634	0.0	0.0
táḻ-	0.719665271966	0.217573221757	0.0376569037657	0.0251046025105
nkw-	0.411910669975	0.217535153019	0.292803970223	0.0777502067824
nák-	0.2322968169	0.484329669432	0.120541004372	0.162832509296
che-	0.115576552019	0.0698852046839	0.0166904259945	0.797847817302
nap-	0.36363785609	0.38759815682	0.116502733056	0.132261254034
yac-	0.0403014367687	0.172547080768	0.764678562332	0.0224729201312
asi-	0.00965073529412	0.983714384191	0.00180951286764	0.00482536764706
tér-	0.110565110565	0.859950859951	0.029484029484	0.0
tol-	0.0152907770224	0.0459628855844	0.00905545170533	0.929690885688
bni-	0.495752123938	0.392303848076	0.055972013993	0.055972013993
bíg-	0.440583307477	0.3561898852	0.0597269624574	0.143499844865
táp-	0.344262295082	0.188524590164	0.467213114754	0.0
ẕle-	0.428571428571	0.49547920434	0.0542495479204	0.0216998191682
wẕi-	0.638628441243	0.228894728684	0.0663645834459	0.0661122466268
pud-	0.0384615384615	0.961538461538	0.0	0.0
žá'-	0.473896720266	0.305447333003	0.136360416519	0.0842955302119
bga-	0.421616081089	0.433517453448	0.0744832298844	0.0703832355789
wló-	0.676285795473	0.166293057178	0.0577779181005	0.0996432292489
moi-	0.0462066740413	0.917755577065	0.00420584439529	0.0318319044985
žle-	0.621951219512	0.329268292683	0.0487804878049	0.0
bo'-	0.358974358974	0.269230769231	0.371794871795	0.0
uba-	0.0407516905652	0.953774201747	0.00547410768785	0.0
wya-	0.604054021289	0.106502921708	0.0222340760856	0.267208980918
aki-	0.0266272189349	0.966715976331	0.0	0.00665680473374
žjw-	0.463235294118	0.470588235294	0.0220588235294	0.0441176470588
ẕož-	0.136508715934	0.809477043948	0.027989197152	0.0260250429659
bẕó-	0.807807807808	0.15015015015	0.003003003003	0.039039039039
ta'-	0.58630952381	0.35119047619	0.0446428571429	0.0178571428572
san-	0.030923292263	0.00719260241672	0.00421754252583	0.957666562794
arm-	0.0	1.0	0.0	0.0
yjw-	0.382186773014	0.56907056608	0.0398803589232	0.00886230198293
plo-	0.339869281046	0.657679738562	0.00245098039216	0.0
žsé-	0.434929425272	0.390794894307	0.0611535084757	0.113122171946
tel-	0.434911242604	0.565088757396	0.0	0.0
tón-	0.0549828178694	0.656357388316	0.164948453608	0.123711340206
x̱s-	0.0211137503299	0.707046714173	0.139878595936	0.131960939562
gox-	0.229172814006	0.750172125504	0.00885216878134	0.0118028917084
yoḻ-	0.524079612251	0.200886872229	0.173249458595	0.101784056925
ẕpa-	0.4944612286	0.396777442095	0.0966767371601	0.012084592145
mes-	0.0894039735099	0.890728476821	0.00993377483443	0.00993377483443
sed-	0.0535714285714	0.946428571429	0.0	0.0
yje-	0.715193054604	0.227233264793	0.0153529814942	0.042220699109
bda-	0.491694002705	0.266782615502	0.0593320466437	0.182191335148
adi-	0.0	1.0	0.0	0.0
ḻo'-	0.432076162578	0.512998901501	0.0439399487367	0.0109849871842
ami-	0.0	1.0	0.0	0.0
bya-	0.592908578058	0.17924903004	0.149146053851	0.0786963380509
wzi-	0.05118768819	0.931415189026	0.00602208096354	0.01137504182
str-	0.14966956071	0.833808474796	0.00291564079305	0.0136063237009
žsi-	0.365853658537	0.487804878049	0.0975609756098	0.0487804878049
wan-	0.167741935484	0.81935483871	0.0129032258065	0.0
ẕbé-	0.58502544221	0.285825054519	0.0659074388175	0.0632420644536
ené-	0.256097560976	0.670731707317	0.0	0.0731707317073
bzó-	0.480122105364	0.378097350409	0.0486513557988	0.0931291884286
nni-	0.310366167598	0.163923824021	0.126503271125	0.399206737256
gat-	0.356107795265	0.264185621762	0.202971082252	0.17673550072
ḻez-	0.0417398362537	0.0447149917273	0.0705649759479	0.842980196071
sat-	0.0552868002763	0.691085003456	0.212163096061	0.0414651002073
saf-	0.0	1.0	0.0	0.0
abi-	0.0	0.997050147493	0.00294985250737	0.0
ẕgá-	0.365550116317	0.515563674768	0.106897683646	0.0119885252687
ẕto-	0.438197744955	0.410104293044	0.138474895095	0.0132230669056
yež-	0.146459724189	0.627532449037	0.0171303570108	0.208877469763
bix-	0.327688314023	0.557013945857	0.0121366042231	0.103161135896
ban-	0.0789374335038	0.743573463294	0.157171294231	0.0203178089714
wen-	0.0832516007534	0.674549288738	0.112934450322	0.129264660187
ẕo'-	0.067364799538	0.873745934883	0.0105473311485	0.0483419344308
ale-	0.0141557128413	0.688574317492	0.297269969666	0.0
ẕan-	0.170428304653	0.169678654378	0.107059429864	0.552833611105
ẕwí-	0.603539400552	0.262795376274	0.0402359600369	0.0934292631364
net-	0.0142351839072	0.0102242458186	0.00223154010021	0.973309030174
bžé-	0.49498658223	0.209575459516	0.195618733228	0.0998192250256
taḻ-	0.325056433409	0.593679458239	0.0812641083521	0.0
wbi-	0.481038589272	0.285231859911	0.101034340091	0.132695210726
bsí-	0.494741073223	0.362229516983	0.0961345213372	0.0468948884571
ẕnn-	0.380218385857	0.300936364281	0.0526614892922	0.26618376057
bné-	0.367491476079	0.39838980927	0.101047587814	0.133071126837
též-	0.553971486762	0.162932790224	0.030549898167	0.252545824847
tia-	0.119894912825	0.872940052544	0.0	0.007165034631
bít-	0.174941829687	0.253926239633	0.0190166652304	0.552115265449
wi'-	0.121387283237	0.277456647399	0.601156069364	0.0
wá'-	0.616899097621	0.136177194422	0.0344544708778	0.21246923708
oné-	0.0732356857523	0.894806924101	0.0	0.0319573901465
ẕon-	0.563176895307	0.332851985559	0.0	0.103971119134
sod-	0.00481347773765	0.995186522262	0.0	0.0
lig-	0.16570327553	0.680154142582	0.104046242775	0.0500963391137
bát-	0.119133574007	0.342960288809	0.043321299639	0.494584837545
x̱e-	0.0334555090327	0.937769683886	0.00805694598265	0.0207178610982
we'-	0.528901924785	0.226138374414	0.0770805618023	0.167879138999
wiž-	0.00846262341326	0.898448519041	0.0366713681241	0.0564174894217
nef-	0.0	1.0	0.0	0.0
nox-	0.233504023409	0.705925384053	0.0570592538405	0.00351133869788
žéḻ-	0.389113672762	0.34656416064	0.0972784181905	0.167043748408
rej-	0.0425531914894	0.957446808511	0.0	0.0
kég-	0.052792766516	0.0581887122648	0.0170628554762	0.871955665743
nit-	0.117692206582	0.303487700832	0.0356868949666	0.54313319762
x̱ó-	0.270015698587	0.578021978022	0.0332810047096	0.118681318681
nah-	0.0	1.0	0.0	0.0
néx-	0.0533333333333	0.0	0.546666666667	0.4
feb-	0.380952380952	0.619047619048	0.0	0.0
wží-	0.582495009812	0.263221981162	0.0473059006492	0.106977108377
ẕél-	0.248015873016	0.672619047619	0.0793650793651	0.0
líž-	0.0590773871874	0.642393262664	0.0310051535593	0.267524196589
beb-	0.58416502107	0.19248126956	0.0986427497309	0.124710959639
wzé-	0.697400089746	0.14950843747	0.0229803782924	0.130111094492
bza-	0.484090909091	0.340909090909	0.0343434343434	0.140656565657
zez-	0.405951272739	0.441816999984	0.0374340312977	0.11479769598
tio-	0.590340769796	0.341014954646	0.0686442755577	0.0
eba-	0.0733944954128	0.926605504587	0.0	0.0
ljé-	0.100395400987	0.347398198113	0.113596564211	0.438609836689
žop-	0.268208875768	0.182742099405	0.0747713303973	0.47427769443
elm-	0.0	1.0	0.0	0.0
ẕbi-	0.369983824272	0.435112589086	0.105638316966	0.0892652696754
žil-	0.690532290189	0.178054908291	0.100951587498	0.0304612140226
x̱á-	0.148637335418	0.69553320003	0.0751177931684	0.080711671383
zán-	0.436538461538	0.465384615385	0.051923076923	0.0461538461538
leg-	0.0800970873786	0.446601941748	0.458737864078	0.0145631067961
žio-	0.538461538462	0.369230769231	0.0615384615385	0.0307692307692
bec-	0.700785330651	0.170502574703	0.0141885531829	0.114523541463
dor-	0.0416	0.3776	0.0608	0.52
žáẕ-	0.120991253644	0.645772594752	0.137026239067	0.0962099125364
wsé-	0.518700806251	0.36735162878	0.0834977114733	0.030449853496
žén-	0.512321434175	0.150364194771	0.0492776381536	0.2880367329
neá-	0.0	1.0	0.0	0.0
byi-	0.337343358396	0.418045112782	0.192481203007	0.0521303258146
nži-	0.477837898125	0.372397200373	0.0743339143993	0.0754309871027
x̱k-	0.145814582443	0.522872096463	0.141783713139	0.189529607955
yan-	0.19251048532	0.578718884471	0.199030448282	0.0297401819271
wio-	0.581314878893	0.411764705882	0.00692041522493	0.0
est-	0.0805720265085	0.772584583188	0.0589466341123	0.0878967561911
bži-	0.614046742354	0.145880290225	0.0377257921081	0.202347175313
žyá-	0.479381443299	0.0257731958763	0.247422680412	0.247422680412
tež-	0.409856062454	0.352281044157	0.0622102951939	0.175652598195
wko-	0.430998348004	0.275258689416	0.130022766312	0.163720196267
gak-	0.418455134158	0.0746106779814	0.0705252209438	0.436408966917
žoá-	0.129465813653	0.746597161888	0.0704920622384	0.0534449622199
žón-	0.313476220033	0.356439408362	0.0719210739839	0.258163297622
zá'-	0.444575561477	0.275309288161	0.0545298819947	0.225585268367
kak-	0.180185054921	0.743520372274	0.0373356420107	0.0389589307938
sto-	0.326241134752	0.434988179669	0.205673758865	0.0330969267139
gog-	0.0988372093023	0.883720930233	0.0174418604651	0.0
gás-	0.647191964917	0.257320695997	0.0190974678172	0.0763898712689
nye-	0.478487217762	0.359389768039	0.010918573246	0.151204440953
séḻ-	0.710615608337	0.15075133301	0.0494425593795	0.0891904992729
yeb-	0.374315985557	0.387728636834	0.12600685847	0.111948519139
žé'-	0.534750293389	0.27487286478	0.050593297692	0.139783544139
yox-	0.0304568527919	0.934010152284	0.0355329949238	0.0
sau-	0.0506188990641	0.831941229747	0.00221394787159	0.115225923317
pri-	0.0455192034139	0.923660502608	0.0	0.0308202939782
ḻe'-	0.0476295843954	0.0315452132339	0.00474192310196	0.916083279269
yél-	0.682634730539	0.2874251497	0.0239520958084	0.0059880239521
o'o-	0.0713596914175	0.0973360655738	0.0229026036644	0.808401639344
žó'-	0.134101803241	0.826523624743	0.00342387582743	0.0359506961881
arp-	0.136363636364	0.863636363636	0.0	0.0
zí'-	0.321481005518	0.414363258033	0.081981298775	0.182174437674
ḻég-	0.0312120422277	0.0344507915145	0.00601251134467	0.928324654913
ze'-	0.421910395167	0.413491064687	0.0106972061415	0.153901334005
lch-	0.149265773762	0.734548975311	0.111344198806	0.004841052122
deb-	0.603965429588	0.329944077275	0.0477885104219	0.0183019827148
nse-	0.258241758242	0.590346907994	0.107196724844	0.0442146089205
zo'-	0.401287015628	0.0922639774912	0.0507006156503	0.45574839123
ẕko-	0.323062627287	0.363142935553	0.11545516844	0.19833926872
bos-	0.0576923076923	0.942307692308	0.0	0.0
laz-	0.207443821853	0.691895141855	0.0664348926458	0.0342261436458
žjá-	0.339622641509	0.311320754717	0.183962264151	0.165094339623
pit-	0.0	1.0	0.0	0.0
ara-	0.115960099751	0.876558603491	0.00748129675809	0.0
ḻáw-	0.117398195449	0.229070708763	0.0285043438883	0.625026751901
bra-	0.0165726236041	0.950203211932	0.0217022451959	0.0115219192676
eti-	0.01171875	0.765625	0.22265625	0.0
elí-	0.0917225950782	0.82774049217	0.0178970917226	0.0626398210291
bes-	0.704059076431	0.162048986684	0.0541639507141	0.0797279861712
ẕoḻ-	0.235434007134	0.478002378121	0.0796670630202	0.206896551724
pad-	0.241280627494	0.637108820047	0.0120962266548	0.109514325805
zje-	0.886380690345	0.113619309655	0.0	0.0
ble-	0.488028731046	0.438547486034	0.0502793296089	0.023144453312
téb-	0.894230769231	0.0480769230769	0.0576923076923	0.0
sák-	0.337829240361	0.336408364084	0.226226831234	0.0995355643211
anf-	0.0392156862745	0.960784313725	0.0	0.0
ẕía-	0.0466926070039	0.88326848249	0.0233463035019	0.0466926070039
lot-	0.0575657894737	0.893092105263	0.0394736842105	0.00986842105263
bég-	0.0501113585746	0.827394209354	0.115812917595	0.00668151447661
soe-	0.594547382869	0.258531411816	0.082350739285	0.0645704660303
fes-	0.0257142857143	0.952380952381	0.0133333333333	0.00857142857143
tíḻ-	0.367671554849	0.287237311926	0.0258506895828	0.319240443642
ẕoa-	0.109238724146	0.839833042612	0.0146399202592	0.0362883129828
pát-	0.0	1.0	0.0	0.0
nzí-	0.331015299026	0.596662030598	0.0556328233658	0.0166898470097
tan-	0.460431654676	0.129496402878	0.323741007194	0.0863309352518
zga-	0.155880051458	0.101044987465	0.16327169543	0.579803265647
byé-	0.436453926798	0.35240022071	0.0967445282325	0.11440132426
nžé-	0.356589147287	0.550387596899	0.046511627907	0.046511627907
ton-	0.219508502801	0.428672352021	0.219003885553	0.132815259626
nak-	0.493045243468	0.0799139044898	0.0402330903344	0.386807761708
yác-	0.294296855959	0.326102851572	0.360407019254	0.0191932732147
wtá-	0.772391125719	0.0550534100247	0.0986031224321	0.0739523418242
žoa-	0.212716835264	0.219253023653	0.0293232113665	0.538706929716
noe-	0.722241129162	0.113775994555	0.0636765838543	0.100306292429
put-	0.0	0.951219512195	0.0487804878049	0.0
ẕis-	0.022026431718	0.819383259912	0.132158590308	0.0264317180617
ẕia-	0.25606057161	0.257515745436	0.153111570906	0.333312112048
wch-	0.523963474593	0.348384714432	0.0531996620091	0.0744521489657
ža'-	0.208989223225	0.328237573409	0.171225101411	0.291548101955
pub-	0.0326086956521	0.91847826087	0.0326086956522	0.0163043478261
top-	0.0	0.707547169811	0.292452830189	0.0
žeb-	0.36766685833	0.367507090662	0.191477664394	0.0733483866143
ẕli-	0.793717136309	0.169880005393	0.0364028582985	0.0
nx̱-	0.721338592696	0.125970225219	0.00763455910421	0.14505662298
ẕá'-	0.888888888889	0.0555555555556	0.0	0.0555555555556
rom-	0.0728282828283	0.58602020202	0.303616161616	0.0375353535354
nlo-	0.845532559313	0.0181726400808	0.136294800606	0.0
wḻo-	0.521742103323	0.285053873151	0.0848380600323	0.108365963493
yáḻ-	0.0463652922669	0.779764861732	0.146050670641	0.0278191753601
jes-	0.00725394052442	0.615065256409	0.00289500882863	0.374785794238
to'-	0.60535683025	0.362782283947	0.0318608858027	0.0
agr-	0.0262634301632	0.948666931954	0.0131317150816	0.0119379228014
yó'-	0.47343198694	0.376217810311	0.0458159987361	0.104534204013
ẕne-	0.448819312671	0.252055660974	0.15944549863	0.139679527725
nik-	0.0571980553928	0.880172290931	0.0293749703083	0.0332546833679
teb-	0.673222390318	0.258698940998	0.0453857791225	0.0226928895613
ká'-	0.275397796818	0.37576499388	0.197878416973	0.15095879233
wéx-	0.0224299065421	0.0355140186916	0.942056074766	0.0
nḻa-	0.410709117221	0.279594790159	0.140955137482	0.168740955138
wéj-	0.177777777778	0.422222222222	0.0	0.4
bdo-	0.522445414847	0.157205240175	0.0335371179039	0.286812227074
wžo-	0.649111257406	0.260697827518	0.0585911784069	0.0315997366688
žal-	0.187628215244	0.687970122561	0.0965230655936	0.027878596602
sef-	0.0	0.709090909091	0.0	0.290909090909
gad-	0.0251836306401	0.97481636936	0.0	0.0
ẕse-	0.601941747573	0.233009708738	0.0	0.165048543689
žso-	0.428401428005	0.476398254661	0.0833002776676	0.0119000396668
žel-	0.380035532951	0.468710101655	0.100807170754	0.0504471946396
kán-	0.589261744966	0.29932885906	0.00268456375839	0.108724832215
bḻí-	0.726706138984	0.194141477096	0.0218136491119	0.0573387348084
kro-	0.370130268255	0.555457778227	0.00227212071813	0.0721398328008
kal-	0.0807174887893	0.919282511211	0.0	0.0
žós-	0.398968185727	0.49785038693	0.0	0.103181427343
god-	0.890909090909	0.109090909091	0.0	0.0
žót-	0.50243415304	0.38927724379	0.0652228186244	0.0430657845462
ẕí'-	0.0267177219709	0.64325367712	0.0790546398992	0.25097396101
jus-	0.0337711069418	0.966228893058	0.0	0.0
teó-	0.0	0.979797979798	0.020202020202	0.0
jos-	0.0172018348624	0.982798165138	0.0	0.0
gát-	0.341863655078	0.391372741321	0.0370790447995	0.229684558802
yec-	0.233203380411	0.3140640227	0.138540108073	0.314192488816
bur-	0.0262664165103	0.919324577861	0.031894934334	0.0225140712945
cor-	0.0	0.955056179775	0.0337078651685	0.0112359550562
ne'-	0.132058327386	0.363818642207	0.00659298462965	0.497530045777
ẕch-	0.376097271516	0.418623681031	0.0478671337406	0.157411913712
x̱g-	0.0517974487824	0.883262466177	0.0556629300348	0.00927715500581
wso-	0.707998435939	0.22083677282	0.0164226441326	0.0547421471086
nót-	0.0756112498233	0.317202148208	0.00953973712725	0.597646864842
wža-	0.0779220779221	0.805194805195	0.0389610389611	0.077922077922
yáž-	0.394750126199	0.444724886421	0.127208480565	0.0333165068147
aca-	0.015625	0.97265625	0.0	0.01171875
ẕže-	0.375357266246	0.373614121047	0.183344326141	0.0676842865668
wta-	0.523545706371	0.360110803324	0.0	0.116343490305
bét-	0.643124908372	0.285235975754	0.0219964477762	0.0496426680977
žož-	0.185714285714	0.528571428571	0.0285714285714	0.257142857143
biz-	0.2	0.736363636364	0.0636363636363	0.0
cir-	0.0431654676259	0.913669064748	0.0431654676259	0.0
tli-	0.031307372693	0.16745579283	0.498598898444	0.302637936032
for-	0.0	1.0	0.0	0.0
žóḻ-	0.360884353741	0.536394557823	0.074149659864	0.0285714285714
kaí-	0.0288065843621	0.958847736626	0.0123456790123	0.0
ber-	0.0796587622676	0.871007742204	0.0198048164121	0.0295286791164
ẕa'-	0.0779981325946	0.81136665693	0.0585179250487	0.0521172854265
ẕín-	0.477832512315	0.463054187192	0.0591133004926	0.0
wa'-	0.330120540429	0.483469694946	0.087628521832	0.0987812427924
lay-	0.0427768271816	0.88307667237	0.0199625193514	0.0541839810967
bid-	0.242574257426	0.252475247525	0.019801980198	0.485148514851
ẕez-	0.0322580645161	0.967741935484	0.0	0.0
lég-	0.269662921348	0.374531835206	0.25468164794	0.101123595506
bat-	0.211054980338	0.0735329494185	0.0175756415355	0.697836428708
zóa-	0.461821986316	0.182522863169	0.0922044221221	0.263450728393
lie-	0.597947011463	0.265436189563	0.00535807447723	0.131258724496
žib-	0.285174693107	0.521246458924	0.0925401322002	0.10103871577
jen-	0.0555555555555	0.944444444444	0.0	0.0
lew-	0.0949367088608	0.626582278481	0.0	0.278481012658
oso-	0.0	0.864457831325	0.135542168675	0.0
dáw-	0.0413177611283	0.912406346408	0.0115689731159	0.0347069193477
abe-	0.0461893764434	0.944572748268	0.0	0.00923787528867
bch-	0.504520184371	0.347056440049	0.0297301509221	0.118693224658
bwá-	0.457765961269	0.414507958179	0.0759889339992	0.0517371465526
tam-	0.0	1.0	0.0	0.0
bsé-	0.661854220454	0.216204585545	0.0252518404	0.0966893536008
jan-	0.0	0.93006993007	0.020979020979	0.048951048951
lag-	0.109664036997	0.772000816105	0.112214363438	0.00612078346029
wbe-	0.170731707317	0.829268292683	0.0	0.0
ẕḻo-	0.309928709279	0.468190238427	0.0722303307026	0.149650721591
ema-	0.0478260869566	0.926086956522	0.0260869565217	0.0
dég-	0.304225352113	0.509859154929	0.152112676056	0.0338028169014
chj-	0.571731050494	0.261374360066	0.0735751817284	0.0933194077113
nto-	0.040451799317	0.748708519394	0.183521583049	0.0273180982401
die-	0.439012096774	0.147177419355	0.301915322581	0.11189516129
bed-	0.148453352392	0.723829098818	0.0368623066366	0.0908552421533
ebo-	0.0	1.0	0.0	0.0
lbi-	0.0	0.970747562297	0.0227518959913	0.0065005417118
nyé-	0.388373031893	0.323375050464	0.165522809851	0.122729107792
tim-	0.0255009107468	0.900338277387	0.00234192037471	0.071818891491
tri-	0.0	1.0	0.0	0.0
ẕba-	0.481304529734	0.401841435186	0.0294713833745	0.0873826517053
zen-	0.111336032389	0.493927125506	0.358299595142	0.0364372469636
kwi-	0.230496437863	0.255268481313	0.0631691842977	0.451065896527
rah-	0.0175438596491	0.982456140351	0.0	0.0
gék-	0.474252116043	0.20591845965	0.0639658848614	0.255863539446
mol-	0.0803212851406	0.919678714859	0.0	0.0
yóg-	0.0343501050667	0.157814743773	0.0347628433157	0.773072307844
žon-	0.417397051233	0.162304226232	0.0429724942946	0.377326228241
elo-	0.0	0.963636363636	0.0181818181818	0.0181818181818
zan-	0.0640428360821	0.303407813626	0.527661004109	0.104888346183
tes-	0.0	1.0	0.0	0.0
dac-	0.0726893676164	0.789020152884	0.0915913829048	0.0466990965948
nál-	0.373939861218	0.397070161912	0.105628373169	0.123361603701
wni-	0.725945050892	0.164874791057	0.0502640727633	0.0589160852881
jon-	0.0	0.965278797684	0.0321578920778	0.00256331023809
jer-	0.00488785986576	0.989686381814	0.000701606679296	0.00472415164059
ẕžé-	0.324580598104	0.328227571116	0.277169948942	0.0700218818381
nzo-	0.318181818182	0.420454545455	0.215909090909	0.0454545454545
wde-	0.426398106105	0.335021539178	0.0806263825824	0.157953972135
mah-	0.0	1.0	0.0	0.0
jek-	0.03125	0.96875	0.0	0.0
žin-	0.228647862207	0.303151913674	0.031798937162	0.436401286958
eno-	0.0121951219512	0.987804878049	0.0	0.0
wžá-	0.135348918966	0.718755493057	0.14238003164	0.00351555633678
aba-	0.0	1.0	0.0	0.0
yal-	0.150231634679	0.82594308405	0.0198544010589	0.00397088021177
ẕdi-	0.561690627969	0.300150244435	0.0390964293111	0.0990626982849
sni-	0.059467444415	0.801901443127	0.0877492014191	0.0508819110387
wžó-	0.678621659634	0.175105485232	0.0808720112518	0.0654008438818
seg-	0.0	0.823970037453	0.0411985018726	0.134831460674
euf-	0.0833333333333	0.916666666667	0.0	0.0
ski-	0.089552238806	0.820895522388	0.0	0.089552238806
x̱p-	0.243216683955	0.526942184856	0.0737020254409	0.156139105749
mil-	0.0367918833335	0.158001758046	0.0	0.80520635862
kik-	0.36442516269	0.41431670282	0.0650759219089	0.156182212581
žjé-	0.284810126582	0.639240506329	0.0379746835443	0.0379746835443
gák-	0.442272965813	0.264999891836	0.0904102534753	0.202316888876
ḻíg-	0.704061895551	0.214700193424	0.0406189555126	0.0406189555126
za'-	0.464089854063	0.100308727282	0.0189001875926	0.416701231062
así-	0.0	1.0	0.0	0.0
ẕbe-	0.511524928293	0.262987117433	0.095323342251	0.130164612023
ya'-	0.0389905866824	0.873164939892	0.0438219774598	0.0440224959659
žey-	0.342228931684	0.531046951961	0.0889380150071	0.0377861013484
gaw-	0.470404674475	0.235562501386	0.0638006794402	0.230232144699
ná'-	0.248685772976	0.253628573717	0.0500041458468	0.44768150746
wák-	0.186567164179	0.235074626866	0.0	0.578358208955
yiz-	0.0178413880992	0.910253896677	0.0299480443094	0.0419566709146
wẕí-	0.668352326477	0.151264578234	0.0721687708077	0.108214324481
nwe-	0.874015748032	0.0472440944882	0.0314960629921	0.0472440944882
žo'-	0.0541125171931	0.113326505026	0.0119788976786	0.820582080102
nbá-	0.283099754268	0.369182742317	0.121496238588	0.226221264826
jor-	0.0	1.0	0.0	0.0
naí-	0.0357142857143	0.892857142857	0.0	0.0714285714286
ži'-	0.44649570032	0.405211861353	0.0949592851482	0.0533331531791
lóz-	0.567567567568	0.405405405405	0.027027027027	0.0
žap-	0.644284199952	0.0949646661541	0.0345002815773	0.226250852317
por-	0.288888888889	0.711111111111	0.0	0.0
alf-	0.0	1.0	0.0	0.0
wḻí-	0.525739212765	0.325379791795	0.0271157826747	0.121765212766
yod-	0.0330506851647	0.864376755469	0.0358275172355	0.0667450421313
ped-	0.394871794872	0.482051282051	0.0	0.123076923077
epa-	0.108470444851	0.891529555149	0.0	0.0
áfr-	0.0615384615385	0.938461538462	0.0	0.0
bwa-	0.544199742347	0.364701552052	0.063493037237	0.0276056683639
sóg-	0.0210896309315	0.908611599297	0.0702987697715	0.0
mel-	0.0288204213271	0.958827969533	0.00686200507789	0.00548960406231
sḻa-	0.221868563939	0.264182737315	0.491480996068	0.0224677026774
wec-	0.0975407649455	0.673655687549	0.0694960849822	0.159307462523
žas-	0.592026973423	0.283022610075	0.0654502181674	0.0595001983339
usí-	0.0	1.0	0.0	0.0
wež-	0.70765370138	0.100376411543	0.0	0.191969887077
láz-	0.335883560366	0.30957268147	0.0559805933943	0.29856316477
jud-	0.0452390302297	0.810543797136	0.109009966437	0.0352072061969
yéj-	0.301437409871	0.617062845979	0.0491231334605	0.0323766106899
yí'-	0.469281345	0.372909456466	0.0476264279397	0.110182770594
nyi-	0.676790730337	0.13360252809	0.168539325843	0.0210674157303
ḻaw-	0.102018230343	0.138430000432	0.0391563827292	0.720395386496
kwé-	0.497520953262	0.340125768778	0.0713333022392	0.0910199757208
yóž-	0.34903640257	0.556745182013	0.0342612419699	0.0599571734475
ca'-	0.598325151603	0.239965347964	0.14553855039	0.0161709500433
bkw-	0.581749707229	0.231648568083	0.0790748429682	0.10752688172
sak-	0.447513812155	0.482767692712	0.0420941857406	0.0276243093922
ziž-	0.30527174316	0.280077111292	0.216979313413	0.197671832135
per-	0.0137931034483	0.972413793103	0.0	0.0137931034483
wné-	0.49616171955	0.372569089048	0.0684493346981	0.0628198567042
big-	0.442176870748	0.142857142857	0.0986394557823	0.316326530612
gáḻ-	0.0863309352518	0.719424460432	0.0	0.194244604317
bág-	0.394094264622	0.340715502555	0.127484383873	0.13770584895
lid-	0.0244897959184	0.967346938776	0.0	0.00816326530611
ẕwa-	0.0832273915199	0.828433912813	0.0131603965268	0.07517829914
ata-	0.0	1.0	0.0	0.0
že'-	0.31099564384	0.300491282403	0.0658092182158	0.322703855541
žẕí-	0.469066366704	0.458942632171	0.0719910011249	0.0
ják-	0.838389731622	0.0624270711786	0.0262543757293	0.0729288214702
žíg-	0.256559766764	0.673469387755	0.0349854227405	0.0349854227405
dat-	0.0151515151515	0.689393939394	0.25	0.0454545454545
saú-	0.563265306122	0.436734693878	0.0	0.0
wpé-	0.762915782024	0.0488322717622	0.113941967445	0.0743099787686
bta-	0.760638297872	0.207446808511	0.031914893617	0.0
jai-	0.0185185185185	0.944444444444	0.037037037037	0.0
tal-	0.0	0.864406779661	0.135593220339	0.0
doḻ-	0.0962182507735	0.776639176357	0.0842787598016	0.0428638130676
ẕdé-	0.427674519799	0.505190526512	0.0248647976627	0.0422701560266
wlá-	0.132346357464	0.723705716834	0.0826454368021	0.0613024888994
chi-	0.107073828859	0.134555980583	0.0270648488202	0.731305341738
nga-	0.207278737941	0.326222854053	0.0362646002442	0.430233807762
xti-	0.284418796373	0.484748557296	0.0346248969497	0.196207749382
beg-	0.448916408669	0.391190186934	0.093663048164	0.066230356233
ẕge-	0.16215526047	0.297752808989	0.497957099081	0.0421348314607
rak-	0.102272727273	0.897727272727	0.0	0.0
ẕig-	0.197368421053	0.802631578947	0.0	0.0
bge-	0.543859649123	0.245614035088	0.21052631579	0.0
nba-	0.24138642923	0.554644369439	0.0732082645196	0.130760936811
dab-	0.0164521544488	0.966759932848	0.00302182428651	0.0137660884163
ẕtá-	0.61977515134	0.106370712021	0.00648601902566	0.267368117613
ker-	0.207885304659	0.781362007168	0.0	0.010752688172
oli-	0.00321715817694	0.983914209115	0.0128686327078	0.0
zák-	0.124290377564	0.292827661417	0.501352034452	0.081529926567
bzá-	0.507455012854	0.373778920308	0.0107969151671	0.107969151671
col-	0.124481327801	0.771784232365	0.0	0.103734439834
žia-	0.135172458992	0.648593738297	0.0439573814696	0.172276421242
žli-	0.075	0.8125	0.0875	0.025
efr-	0.0	1.0	0.0	0.0
lyi-	0.122336227308	0.289660615628	0.588003157064	0.0
mai-	0.0	1.0	0.0	0.0
ese-	0.0	0.955555555556	0.0	0.0444444444444
ka'-	0.108105444159	0.0886877563444	0.00799495312711	0.79521184637
ape-	0.0384615384615	0.961538461538	0.0	0.0
éfe-	0.0270058093892	0.964829643586	0.0065944418276	0.00157010519705
wze-	0.401845941896	0.462975311661	0.061637116619	0.0735416298238
ẕḻé-	0.492293181143	0.39621318618	0.0311967021827	0.0802969304948
got-	0.380917818377	0.304854799226	0.202972941798	0.111254440599
jws-	0.0530815363021	0.922419293097	0.00650759219089	0.0179915784101
žan-	0.46	0.1275	0.375	0.0375
x̱w-	0.702702702703	0.108108108108	0.027027027027	0.162162162162
gád-	0.591093117409	0.311740890688	0.0485829959514	0.0485829959514
yes-	0.509003213736	0.347441865158	0.0669521822924	0.0766027388136
pól-	0.100558659218	0.832402234637	0.0670391061453	0.0
zec-	0.155172413793	0.695402298851	0.114942528736	0.0344827586207
žen-	0.278505975068	0.565392536974	0.0334511834657	0.122650304493
žis-	0.308411214953	0.509345794393	0.168224299065	0.0140186915888
ndr-	0.00974103112378	0.974578284628	0.0	0.015680684248
kan-	0.090781026989	0.0635241338522	0.0177934557162	0.827901383443
žex-	0.404255319149	0.468085106383	0.0851063829787	0.0425531914894
zíž-	0.266081871345	0.119883040936	0.105263157895	0.508771929824
gap-	0.460630239749	0.329210215957	0.0912896898298	0.118869854464
ẕgó-	0.45351319435	0.417495571604	0.104464731798	0.0245265022483
káp-	0.944444444444	0.037037037037	0.0	0.0185185185185
brí-	0.512756349077	0.487243650923	0.0	0.0
mna-	0.0	0.906735751295	0.0310880829015	0.0621761658031
xe'-	0.0831024930748	0.667590027701	0.0914127423823	0.157894736842
nne-	0.626605301473	0.0912987828402	0.0573322883645	0.224763627323
gól-	0.288097529676	0.48989412897	0.170676932948	0.0513314084055
ẕwá-	0.296893667861	0.352648347272	0.229988052569	0.120469932298
žwi-	0.314285714286	0.4	0.142857142857	0.142857142857
ḻáẕ-	0.141953549335	0.438722581894	0.0705411135053	0.348782755265
x̱a-	0.0281167796796	0.887375597143	0.0084082068627	0.0760994163148
yoe-	0.437366599804	0.233339985725	0.17981754405	0.14947587042
žḻi-	0.526652428058	0.322032374101	0.0734150179856	0.0779001798561
ẕza-	0.35206711053	0.539903228939	0.0507791175901	0.0572505429414
ḻaẕ-	0.13797783307	0.651662519792	0.143858855463	0.0665007916761
wid-	0.43137254902	0.235294117647	0.0	0.333333333333
wpi-	0.4	0.446153846154	0.0923076923077	0.0615384615384
nsé-	0.411327854243	0.460936726409	0.0831765521339	0.0445588672145
žáb-	0.843971631206	0.0992907801418	0.0	0.0567375886525
ntó-	0.188295165394	0.689567430026	0.0916030534351	0.030534351145
ngó-	0.25284738041	0.485193621868	0.182232346241	0.0797266514807
ser-	0.0	0.982456140351	0.0175438596491	0.0
ḻéz-	0.258660508083	0.374903772132	0.0215550423402	0.344880677444
cri-	0.0254858416289	0.87768894583	0.00947479957215	0.0873504129691
wed-	0.188821752266	0.527190332326	0.253776435045	0.0302114803625
žát-	0.698615806515	0.165324728048	0.0393675513365	0.0966919141003
wla-	0.254654145292	0.422193033262	0.0555394671521	0.267613354294
ẕzo-	0.484558821795	0.31209085183	0.0832509630832	0.120099363292
ché-	0.0971513820784	0.0969002720882	0.0380501462754	0.767898199558
fij-	0.0	1.0	0.0	0.0
ngá-	0.134193279933	0.421096431915	0.241859981275	0.202850306876
deg-	0.265068990559	0.604212055193	0.108932461874	0.0217864923747
fél-	0.0435429847413	0.932638630443	0.0	0.0238183848158
bit-	0.0	1.0	0.0	0.0
ḻáz-	0.492359932088	0.421052631579	0.0662139219015	0.0203735144312
né'-	0.0399002493765	0.189526184539	0.531172069825	0.239401496259
fri-	0.0245398773006	0.920245398773	0.0490797546012	0.00613496932515
gót-	0.708729131323	0.154132956234	0.0393971634033	0.0977407490395
bet-	0.310618124175	0.479227007208	0.0381718424036	0.171983026214
mež-	0.166733052178	0.761308472672	0.0264459362665	0.045512538884
sal-	0.124967309743	0.864772978736	0.00241404976966	0.0078456617514
ẕíl-	0.0267484365601	0.687667956334	0.25910212101	0.0264814860954
ẕta-	0.50412082572	0.257085098939	0.0387785250554	0.200015550286
láy-	0.113184361155	0.73345082948	0.136387155192	0.0169776541733
lka-	0.0	1.0	0.0	0.0
isk-	0.0	1.0	0.0	0.0
kož-	0.524344569288	0.475655430712	0.0	0.0
žít-	0.311797752809	0.457865168539	0.0112359550562	0.219101123596
zil-	0.0316656111463	0.508760819084	0.110407430863	0.349166138906
náḻ-	0.648351648352	0.241758241758	0.021978021978	0.0879120879121
ẕíz-	0.75	0.144736842105	0.0789473684211	0.0263157894737
naz-	0.399314325934	0.49698314763	0.0357594918746	0.0679430345618
žiá-	0.443742643048	0.35749763142	0.0974706439666	0.101289081565
bíx-	0.238235294118	0.744117647059	0.0	0.0176470588235
nón-	0.687498274432	0.17744994119	0.0303251815225	0.104726602855
loi-	0.05	0.9	0.05	0.0
ge'-	0.580952380952	0.180952380952	0.219047619048	0.0190476190476
lág-	0.383693204398	0.487548019605	0.00119221088886	0.127566565108
nel-	0.251641137856	0.2647702407	0.426695842451	0.0568927789934
bnn-	0.509699129058	0.286619160728	0.0926365795725	0.111045130641
niz-	0.325506937033	0.320170757737	0.0757737459979	0.278548559232
yjé-	0.756756756757	0.14318573893	0.0517538815411	0.0483036227717
ẕzó-	0.547103272021	0.205977133902	0.156970313378	0.0899492806997
bxi-	0.109354557348	0.798081116441	0.0710859136502	0.02147841256
wía-	0.570278392441	0.222085999641	0.046872196639	0.160763411279
tro-	0.0324616771866	0.956717763751	0.0108205590622	0.0
nó'-	0.032690695725	0.776194467728	0.0553227158424	0.135792120704
ela-	0.0526315789474	0.947368421053	0.0	0.0
blá-	0.463055168293	0.330611431986	0.0669189404502	0.139414459271
sba-	0.0784534312274	0.52424655101	0.354076617917	0.0432233998461
wco-	0.518867924528	0.0487421383648	0.149371069182	0.283018867924
itu-	0.0	0.888888888889	0.111111111111	0.0
dác-	0.135100442847	0.228066234516	0.510236826905	0.126596495732
fen-	0.00884955752213	0.951327433628	0.0176991150443	0.0221238938053
nal-	0.622617534943	0.230326132994	0.0830156713257	0.064040660737
wḻi-	0.67306799834	0.270973897948	0.0376980909222	0.0182600127904
lek-	0.00969305331179	0.990306946688	0.0	0.0
rob-	0.0	1.0	0.0	0.0
bye-	0.332124730992	0.143390371827	0.091022695614	0.433462201567
nže-	0.457343453926	0.349905256355	0.113626655276	0.0791246344429
jet-	0.0	1.0	0.0	0.0
teg-	0.678321678322	0.102564102564	0.037296037296	0.181818181818
žẕo-	0.363577165183	0.530605600174	0.0759713479488	0.0298458866942
job-	0.0	1.0	0.0	0.0
ẕzá-	0.402348697615	0.446624263451	0.0575472217633	0.0934798171706
wsí-	0.376742830308	0.548442990624	0.0534386993344	0.0213754797338
nil-	0.180398492192	0.398671692694	0.0332076826422	0.387722132472
zjá-	0.581341107872	0.0769679300292	0.27055393586	0.0711370262391
žéb-	0.228071100796	0.304182710059	0.431035392162	0.036710796983
nén-	0.698630136986	0.219178082192	0.0821917808219	0.0
man-	0.0214477211797	0.967828418231	0.00268096514745	0.00804289544236
esp-	0.0	1.0	0.0	0.0
žét-	0.61308411215	0.0448598130841	0.0	0.342056074766
arf-	0.0	1.0	0.0	0.0
his-	0.0945945945946	0.864864864865	0.0405405405405	0.0
ḻow-	0.199115044248	0.371681415929	0.296460176991	0.132743362832
zi'-	0.172069560753	0.514222704012	0.122871301771	0.190836433464
yot-	0.29679144385	0.606951871658	0.0160427807486	0.0802139037433
yá'-	0.28125	0.1875	0.1875	0.34375
gáw-	0.49112615197	0.421733782442	0.0355673737093	0.0515726918786
yix-	0.0944088802873	0.691306734652	0.142476319854	0.0718080652064
na'-	0.0403777484664	0.0160917358004	0.0049125512489	0.938617964484
wak-	0.0860821063384	0.585460136567	0.104812235384	0.22364552171
jop-	0.0157016683023	0.979391560353	0.0	0.00490677134445
bsi-	0.257270693512	0.715883668904	0.0268456375839	0.0
bue-	0.0627177700348	0.843205574913	0.0209059233449	0.0731707317073
sid-	0.00365408038977	0.99634591961	0.0	0.0
yaḻ-	0.153695616876	0.409000401651	0.344240580428	0.0930634010444
boa-	0.0192307692308	0.942307692308	0.0384615384615	0.0
ant-	0.0543080481307	0.933395790028	0.0035131890974	0.00878297274351
twi-	0.0433743471718	0.854828715588	0.0539966362751	0.0478003009649
x̱d-	0.0174825174825	0.0128205128205	0.178321678322	0.791375291375
žóp-	0.335329341317	0.14371257485	0.449101796407	0.0718562874251
mar-	0.0	0.932735426009	0.0	0.067264573991
wie-	0.573248407643	0.276615104641	0.0354868061874	0.114649681529
wes-	0.101735487732	0.783363255536	0.0233393177738	0.0915619389587
sóe-	0.604862995003	0.205958000841	0.118168598361	0.0710104057951
ses-	0.0162412993039	0.981438515081	0.0	0.00232018561485
x̱j-	0.271428571429	0.728571428571	0.0	0.0
sós-	0.0	1.0	0.0	0.0
žáw-	0.532641671437	0.39766742988	0.0266170578134	0.0430738408701
asó-	0.0342205323194	0.855513307985	0.0	0.110266159696
nda-	0.167858253031	0.0317065589058	0.660553310538	0.139881877526
wẕá-	0.444845422832	0.364489354024	0.101407434139	0.0892577890052
žáp-	0.459411853157	0.347754172663	0.0785126629862	0.114321311194
wẕó-	0.37080942271	0.562569338462	0.02489145187	0.0417297869584
era-	0.0	1.0	0.0	0.0
sus-	0.0736842105263	0.787368421053	0.138947368421	0.0
bia-	0.173135090003	0.494385733451	0.0361929794478	0.296286197097
yid-	0.531888184773	0.300479668781	0.0500830638916	0.117549082554
bro-	0.116092969926	0.660320569477	0.20638750209	0.0171989585075
bḻi-	0.871850759664	0.0696888853822	0.017580022388	0.0408803325657
bla-	0.325929464215	0.469468991322	0.0758697555927	0.12873178887
sam-	0.0205373470249	0.96849064566	0.00337600225067	0.007596005064
wḻé-	0.391304347826	0.184782608696	0.358695652174	0.0652173913043
bag-	0.541868069377	0.23222917259	0.149772533409	0.0761302246232
žía-	0.18248841913	0.712468193384	0.0698114438573	0.0352319436289
lad-	0.122510242992	0.255466309683	0.030627560748	0.591395886577
jak-	0.297704509678	0.573094154889	0.00824554423474	0.120955791197
ẕoe-	0.788888888889	0.177777777778	0.0333333333333	0.0
dit-	0.382727642829	0.53041527153	0.0420978632355	0.0447592224055
gri-	0.0681581685744	0.165452653486	0.718002081166	0.0483870967742
bto-	0.505387143901	0.287801314828	0.031957633309	0.174853907962
da'-	0.0987775694041	0.123256188669	0.00468399977723	0.77328224215
zja-	0.644616566898	0.159723345737	0.0172908914415	0.178369195923
rub-	0.0	1.0	0.0	0.0
zgo-	0.198473282443	0.719083969466	0.0824427480916	0.0
noa-	0.275629655906	0.59772969138	0.0	0.126640652714
ẕze-	0.499917983495	0.310239320993	0.0854609816192	0.104381713893
ke'-	0.868531468532	0.0643356643357	0.0	0.0671328671328
dez-	0.313142857143	0.387428571429	0.16	0.139428571429
zag-	0.00407732682687	0.613508248497	0.325053555364	0.057360869312
bno-	0.68410041841	0.169456066946	0.0125523012552	0.133891213389
éuf-	0.0	1.0	0.0	0.0
ngo-	0.199745883848	0.359256710255	0.370586055376	0.0704113505214
tẕe-	0.0936852319481	0.0797644757727	0.0255074667501	0.801042825529
kil-	0.558370044053	0.116189427313	0.171806167401	0.153634361234
res-	0.0	1.0	0.0	0.0
tob-	0.303919828516	0.632046748495	0.00669005911829	0.0573433638709
loj-	0.206896551724	0.689655172414	0.103448275862	0.0
aso-	0.0	1.0	0.0	0.0
bey-	0.597929359756	0.191937063094	0.0718707988354	0.138262778315
blo-	0.0719360350969	0.347975384086	0.461015142965	0.119073437852
nas-	0.0131227758007	0.976201067616	0.00800711743773	0.00266903914591
tža-	0.0609976738176	0.521581804084	0.0506590850349	0.366761437064
ẕzé-	0.287616760267	0.556343345294	0.0921138731691	0.0639260212704
tiḻ-	0.482942097027	0.357433489828	0.115179968701	0.0444444444444
dít-	0.531967502649	0.350759448958	0.0693512304251	0.0479218179677
bek-	0.470970824599	0.301833226964	0.0466446122512	0.180551336186
idu-	0.0	1.0	0.0	0.0
wẕo-	0.512481089259	0.316376701967	0.113464447806	0.0576777609682
wyo-	0.655433479314	0.194670921987	0.0126014981781	0.137294100521
asa-	0.0	0.857142857143	0.0	0.142857142857
tlí-	0.0450997398092	0.0650477016479	0.603642671292	0.286209887251
zes-	0.366459627329	0.521739130435	0.0931677018634	0.0186335403727
cho-	0.242364456687	0.238564389977	0.164500805261	0.354570348075
doz-	0.387346675274	0.467398321498	0.0581020012912	0.0871530019368
zak-	0.142854111256	0.185193254485	0.302985116858	0.368967517401
cre-	0.0591618734594	0.906327033689	0.00986031224323	0.024650780608
naa-	0.0174418604651	0.973837209302	0.00872093023256	0.0
nko-	0.291666666667	0.513888888889	0.166666666667	0.0277777777778
nla-	0.198347107438	0.58347107438	0.0793388429752	0.138842975207
joa-	0.0	1.0	0.0	0.0
ẕni-	0.433369644154	0.232389251997	0.315177923021	0.0190631808279
tot-	0.213838936669	0.477326035966	0.0	0.308835027365
žep-	0.231306926499	0.569159076467	0.147426392713	0.0521076043211
api-	0.0	1.0	0.0	0.0
nbi-	0.560525516403	0.223534325638	0.191714763062	0.0242253948967
nág-	0.583672127227	0.268205189525	0.0143489178524	0.133773765395
rag-	0.0	1.0	0.0	0.0
lád-	0.159403830843	0.180361073385	0.045309792535	0.614925303236
zež-	0.732283464567	0.153543307087	0.0314960629921	0.0826771653544
bẕé-	0.612745098039	0.191176470588	0.166666666667	0.0294117647059
wẕa-	0.527943197435	0.386394869446	0.00870361887311	0.0769583142465
biá-	0.13778093952	0.679186360567	0.0417189157905	0.141313784123
yeg-	0.228586692488	0.61393857943	0.0480896850506	0.109385043031
zoa-	0.350086759573	0.0926958850878	0.0367367477495	0.52048060759
