jer-	0.317207046209	0.682792953791	0.0	0.0
kud-	0.356455538423	0.358150617589	0.100452916557	0.184940927431
agu-	0.393284747527	0.558302967205	0.0273295158772	0.0210827693909
ivi-	0.321428571429	0.369047619048	0.273809523809	0.0357142857143
omo-	0.0820474219044	0.871283402333	0.00338727888596	0.0432818968761
wav-	0.625703111267	0.108652663034	0.0112058358235	0.254438389875
mla-	0.896457765668	0.103542234332	0.0	0.0
son-	0.170120916344	0.0689582321002	0.0935922083958	0.66732864316
qwa-	0.0614124872057	0.414534288639	0.191402251791	0.332650972364
ure-	0.0	1.0	0.0	0.0
ica-	0.247283406755	0.168281938326	0.0229074889868	0.561527165932
bev-	0.24641490504	0.0454796088007	0.0313423739775	0.676763112182
emk-	0.137862319979	0.805956474456	0.0102527674929	0.0459284380717
uju-	0.0189464618918	0.948327831204	0.0146404478255	0.0180852590785
ogo-	0.049042503503	0.941616067258	0.00934142923865	0.0
yeh-	0.396751119727	0.208837489137	0.0193863226152	0.375025068521
ohi-	0.0	1.0	0.0	0.0
nij-	0.385221674877	0.51724137931	0.0827586206897	0.0147783251232
udi-	0.144110854503	0.85311778291	0.00277136258661	0.0
hle-	0.145833333333	0.770833333333	0.0	0.0833333333333
ize-	0.259180107946	0.299285558294	0.119021620441	0.322512713319
mah-	0.0303687635575	0.826464208243	0.0520607375271	0.0911062906724
akh-	0.391722784692	0.130276946615	0.0471880319161	0.430812236777
eda-	0.107837980011	0.606024530026	0.0819513275561	0.204186162408
eje-	0.00404780262143	0.994795682344	0.0	0.0011565150347
omv-	0.0228310502283	0.870624048706	0.0837138508371	0.0228310502283
eno-	0.197240924254	0.660986815577	0.0735590610833	0.068213199086
aku-	0.373149698268	0.190515733027	0.0697383683059	0.366596200398
ola-	0.65664236533	0.209700283516	0.0258201701094	0.107837181045
baf-	0.623247082398	0.127015615236	0.0500652816712	0.199672020695
ite-	0.287345563459	0.613440658929	0.0093597903407	0.0898539872707
ufu-	0.749028524965	0.136143598665	0.0228332088459	0.0919946675239
nya-	0.305433571475	0.446155862883	0.0603001900767	0.188110375565
efo-	0.393327480246	0.569798068481	0.0368744512731	0.0
xub-	0.163246268657	0.305037313433	0.44776119403	0.0839552238806
niw-	0.497942386831	0.201646090535	0.242798353909	0.0576131687243
umf-	0.058025414369	0.846503657295	0.022230694552	0.0732402337839
ana-	0.681727622029	0.156467909492	0.0153692898819	0.146435178597
yal-	0.251855833198	0.314406539023	0.0317925523284	0.40194507545
beq-	0.613866396761	0.15075348628	0.0953666216824	0.140013495277
yaz-	0.488078955206	0.271944870338	0.0403820911327	0.199594083323
bap-	0.534217957201	0.139031603513	0.0415317915343	0.285218647752
une-	0.184250437756	0.526694740823	0.187778090734	0.101276730687
zak-	0.0781246150934	0.0553636517237	0.0236950273771	0.842816705806
uwa-	0.661749332094	0.164014403531	0.132419560925	0.0418167034499
zip-	0.492262354428	0.341578345064	0.106546893348	0.0596124071595
umt-	0.0272163231864	0.923841869132	0.00849064707321	0.0404511606087
seg-	0.209201231661	0.433798224959	0.318963955805	0.0380365875747
azo-	0.238914465714	0.0424036830628	0.0426459898231	0.676035861401
kat-	0.089965727342	0.64225749498	0.0981444298276	0.16963234785
ihl-	0.537030412172	0.345965490966	0.0700326819183	0.0469714149431
neg-	0.0266213481601	0.896559853828	0.0229866991493	0.0538320988624
zin-	0.139397100519	0.590420966695	0.0736023017219	0.196579631064
dud-	0.560975609756	0.390243902439	0.0	0.0487804878049
dok-	0.169164882227	0.766595289079	0.0256959314775	0.0385438972162
sas-	0.396146755036	0.26125405235	0.0836309054646	0.25896828715
dwa-	0.138554216867	0.789156626506	0.0722891566265	0.0
igi-	0.03125	0.947916666667	0.0208333333333	0.0
mbi-	0.368852459016	0.151639344262	0.467213114754	0.0122950819672
imm-	0.604938271605	0.320987654321	0.0	0.0740740740741
sen-	0.434114031014	0.251552577845	0.0650121098406	0.2493212813
oku-	0.270908605481	0.19555912014	0.311423818024	0.222108456355
ink-	0.0249747971846	0.882542553477	0.0140448890383	0.0784377602998
ini-	0.326166180758	0.170189504373	0.376822157434	0.126822157434
ega-	0.0225672673414	0.87921500864	0.00794865465317	0.0902690693656
bay-	0.511070727234	0.18988062296	0.0754281163582	0.223620533447
zon-	0.0784934558854	0.0620649385955	0.0140406271651	0.845400978354
nka-	0.62	0.295294117647	0.0211764705882	0.0635294117647
omh-	0.0139867902537	0.858189487706	0.0951878781152	0.0326358439252
uga-	0.208018788794	0.742325113236	0.00897500419393	0.0406810937762
zap-	0.44125528494	0.295718454118	0.0391234442923	0.22390281665
uyi-	0.104695558853	0.792996410559	0.0264982808568	0.0758097497311
uli-	0.347088013825	0.587863226762	0.0283767436119	0.0366720158005
kum-	0.18021654975	0.48591507963	0.0576002939728	0.276268076647
aml-	0.611882944132	0.244457582028	0.0354714750221	0.108187998818
udo-	0.0946530360078	0.866821313253	0.015678366186	0.0228472845536
oko-	0.179847781586	0.34282117425	0.313538407138	0.163792637025
nen-	0.204709272691	0.620946135294	0.0416954440843	0.132649147931
gqo-	0.413793103448	0.586206896552	0.0	0.0
olu-	0.200071872962	0.225289527944	0.429889581595	0.144749017498
lod-	0.0910470409712	0.63277693475	0.115326251897	0.160849772382
wod-	0.148936170213	0.031914893617	0.127659574468	0.691489361702
imc-	0.789548022599	0.18220338983	0.0282485875706	0.0
naw-	0.108503920383	0.110410237753	0.0399838072081	0.741102034656
acw-	0.0606060606061	0.131313131313	0.808080808081	0.0
kam-	0.131773862828	0.476026279449	0.0168389337574	0.375360923965
ibi-	0.51393776884	0.263784146137	0.168538070499	0.0537400145243
aqe-	0.942028985507	0.0579710144927	0.0	0.0
vum-	0.737456242707	0.0875145857643	0.161026837806	0.0140023337223
sin-	0.283645482079	0.373632409497	0.0904573902773	0.252264718147
bod-	0.10593143479	0.0163250498821	0.15508797388	0.722655541448
olw-	0.45253281227	0.32939463206	0.117423683822	0.100648871848
kim-	0.0100553609762	0.00474522652807	0.00146876059202	0.983730651904
bec-	0.699736611062	0.221246707638	0.0263388937665	0.0526777875329
kho-	0.128729592415	0.0529019626879	0.00361026163778	0.81475818326
som-	0.0904486904579	0.737114496634	0.0888942553909	0.0835425575176
yiz-	0.261576401182	0.529580174369	0.122554852811	0.0862885716392
niy-	0.598462842076	0.206915436104	0.0480573811825	0.146564340637
mni-	0.242392559533	0.678412034581	0.0349552136325	0.0442401922537
udr-	0.0	1.0	0.0	0.0
wes-	0.0810785585619	0.737491016679	0.154970460039	0.02645996472
maw-	0.629968782518	0.159536197413	0.0374609781478	0.173034041921
oma-	0.162233186869	0.714473254692	0.0453720295059	0.0779215289341
noy-	0.0956761659219	0.628708709321	0.0140883823072	0.26152674245
osh-	0.644008930786	0.181096502109	0.0688414785413	0.106053088564
lom-	0.1149601826	0.775143302451	0.0573767511441	0.0525197638049
we--	0.0434782608696	0.63768115942	0.31884057971	0.0
sil-	0.400278616206	0.194659856048	0.158671929417	0.246389598328
saw-	0.0984496480655	0.633344067719	0.00368036067535	0.264525923541
mfi-	0.0141843971631	0.829787234043	0.141843971631	0.0141843971631
nza-	0.197298884322	0.668819729889	0.0211391661773	0.112742219612
uzi-	0.422392378209	0.244317460646	0.0519309624894	0.281359198655
ham-	0.457566047649	0.436430151327	0.0113349635789	0.0946688374446
woz-	0.953737367954	0.0170622083536	0.00171767198191	0.0274827517105
i-a-	0.0110093440651	0.960125821075	0.0166527893422	0.0122120455176
lal-	0.42831797082	0.332719800163	0.087435951666	0.15152627735
gam-	0.136576239476	0.788587464921	0.0140318054257	0.0608044901777
bac-	0.549185632859	0.215542829597	0.197153174224	0.0381183633206
wok-	0.163238837882	0.538660294303	0.137327128663	0.160773739152
nav-	0.681063122924	0.197372395047	0.0838115372999	0.0377529447297
ifa-	0.492183481314	0.337798850446	0.0646791760786	0.105338492161
sig-	0.615225246928	0.11693567815	0.200770898579	0.067068176343
nge-	0.115905267981	0.472636205984	0.0456028146102	0.365855711424
yod-	0.122257053291	0.012539184953	0.351097178683	0.514106583072
aci-	0.394736842105	0.394736842105	0.105263157895	0.105263157895
bak-	0.259162744668	0.200188786127	0.0237918926847	0.516856576521
eso-	0.324068948403	0.553066600493	0.0575572183939	0.0653072327104
say-	0.0907417753969	0.084217964308	0.00994182798172	0.815098432313
zis-	0.38185504931	0.280285108606	0.135395864696	0.202463977388
epa-	0.0	1.0	0.0	0.0
yac-	0.667108753316	0.277188328912	0.0397877984085	0.0159151193634
sap-	0.493142566881	0.281493396546	0.0486793091771	0.176684727396
asi-	0.519596709196	0.216493408786	0.0744453179931	0.189464564025
eve-	0.0539102267469	0.0252198056455	0.00485886163814	0.916011105969
nan-	0.139563947465	0.292205400239	0.0525179090951	0.515712743201
seq-	0.122580645161	0.8	0.0774193548386	0.0
uva-	0.489430894309	0.30243902439	0.0813008130081	0.126829268293
ka--	0.00745650251096	0.972745197719	0.0160957605926	0.00370253917786
izi-	0.0876349119713	0.786258666047	0.0467790353612	0.0793273866207
usi-	0.342128209268	0.575695403303	0.0392246677454	0.0429517196835
ufi-	0.288690901362	0.52263248304	0.154286251869	0.0343903637295
wom-	0.125541084175	0.663204364984	0.107251722392	0.104002828449
nog-	0.359564671411	0.496442025952	0.0192549183759	0.124738384261
oph-	0.335626782642	0.344773424337	0.194579873986	0.125019919035
axe-	0.273885350318	0.388535031847	0.261146496815	0.0764331210192
yis-	0.201441592075	0.574163127026	0.0952049952457	0.129190285654
ozo-	0.950959488273	0.0106609808102	0.0	0.0383795309169
ukl-	0.0	1.0	0.0	0.0
kri-	0.000618429189858	0.994411232506	0.0	0.00497033830367
weq-	0.0787373723082	0.856638557967	0.0401114915532	0.0245125781714
kaf-	0.146837784715	0.842756388022	0.0	0.0104058272633
wec-	0.105401844532	0.650856389987	0.0197628458498	0.223978919631
isa-	0.07950042662	0.821926196124	0.0202423588081	0.0783310184482
odu-	0.135317295728	0.248029863127	0.573102447117	0.0435503940273
luv-	0.61668797954	0.0930306905371	0.177749360614	0.112531969309
zim-	0.598316885224	0.206305484205	0.117305439142	0.0780721914289
mmu-	0.985915492958	0.0140845070422	0.0	0.0
yom-	0.0489400961699	0.873040189688	0.0167417017453	0.0612780123973
yah-	0.735770722072	0.133769844173	0.0497171214671	0.0807423122881
bab-	0.513818353971	0.193741235373	0.0410441647095	0.251396245946
ita-	0.0757041061984	0.830898490752	0.00116021618695	0.0922371868625
obo-	0.658865235399	0.192750818427	0.0876123641231	0.0607715820507
kug-	0.5825027427	0.1327816811	0.193214444107	0.0915011320931
siy-	0.480974461655	0.164037904021	0.0498872093849	0.305100424939
gij-	0.535211267606	0.464788732394	0.0	0.0
u-i-	0.0165712442545	0.973348923474	0.00221756309975	0.00786226917184
eka-	0.0382452658563	0.837302571736	0.043413545026	0.0810386173819
boq-	0.0612244897959	0.204081632653	0.224489795918	0.510204081633
ura-	0.0508474576271	0.949152542373	0.0	0.0
kom-	0.0596459908143	0.634576363897	0.062226204377	0.243551440912
neq-	0.111870363139	0.812638292334	0.0409996095276	0.0344917349994
agq-	0.772727272727	0.136363636364	0.0454545454545	0.0454545454545
ivu-	0.570891203704	0.216145833333	0.128472222222	0.0844907407408
emu-	0.34468250601	0.125335878942	0.0182081742328	0.511773440815
ukr-	0.0188406602568	0.961707330629	0.00100038904018	0.0184516200745
ali-	0.532725733613	0.26131436946	0.0424449673515	0.163514929575
jud-	0.24375	0.71875	0.0	0.0375
omz-	0.68253968254	0.293650793651	0.00793650793651	0.015873015873
may-	0.212100288773	0.475606372542	0.165968016785	0.1463253219
zam-	0.32809274377	0.167953312251	0.0398816260994	0.46407231788
non-	0.060208130895	0.432296285731	0.0186434326689	0.488852150705
uba-	0.176436656971	0.702208877094	0.0345778435594	0.0867766223758
muz-	0.0	0.980249480249	0.0	0.0197505197505
cis-	0.0767824497257	0.0219378427788	0.0329067641682	0.868372943327
kof-	0.088074104842	0.599855629444	0.261258282152	0.0508119835627
ney-	0.184815250489	0.577997345235	0.165105931818	0.0720814724572
mal-	0.505364271457	0.245758483034	0.156561876248	0.0923153692615
esi-	0.221817160166	0.39954304896	0.208053676491	0.170586114382
umb-	0.0402899616536	0.895055243298	0.0145768766087	0.0500779184395
eph-	0.388001287804	0.263194961467	0.129575225869	0.219228524861
sab-	0.271687178403	0.297758799645	0.0630558438731	0.367498178078
ens-	0.0323949093714	0.90975703818	0.0	0.057848052449
ku--	0.00187312687313	0.992507492507	0.00468281718281	0.000936563436564
qed-	0.453333333333	0.32	0.102222222222	0.124444444445
nin-	0.337609719621	0.173537403114	0.0653949863029	0.423457890963
ayo-	0.119157729017	0.122503197875	0.0764538030109	0.681885270097
hla-	0.420096904211	0.421640511105	0.0945888002744	0.0636737844095
lis-	0.342445061384	0.335512300312	0.0997775891076	0.222265049196
eko-	0.229828042328	0.659942680776	0.028659611993	0.081569664903
lit-	0.520683757279	0.224814024726	0.0330408890873	0.221461328907
mih-	0.0810389610389	0.729350649351	0.00415584415583	0.185454545454
uni-	0.170287944797	0.739491818594	0.0188676452905	0.0713525913182
yif-	0.168224299065	0.792523364486	0.00560747663551	0.0336448598131
oml-	0.11968935587	0.839195979899	0.0	0.0411146642302
uge-	0.673546756529	0.174810446504	0.0884582982308	0.0631844987363
ena-	0.33047819366	0.327399204278	0.151244970421	0.190877631642
yav-	0.526476019364	0.203822927584	0.0349353695663	0.234765683486
emo-	0.114416971851	0.551866860251	0.0195028929291	0.314213274969
fez-	0.674796747967	0.20325203252	0.0487804878049	0.0731707317073
ase-	0.26946319967	0.54390440848	0.0371310517816	0.149501340068
lim-	0.473350009621	0.251811942787	0.0388044384581	0.236033609133
mab-	0.521238263065	0.245995633992	0.11861865811	0.114147444833
aph-	0.539126015658	0.211715152169	0.093932680482	0.155226151691
ump-	0.0446790852084	0.857213666544	0.025515261896	0.0725919863519
fak-	0.584037558685	0.316431924883	0.0169014084507	0.0826291079812
and-	0.271818841361	0.0665202600025	0.0169854606418	0.644675437995
uzw-	0.498964203773	0.423072639387	0.0343037890094	0.0436593678302
ALL	0.234202981107	0.314388280564	0.0575005831049	0.393908155224
san-	0.597448639645	0.147959466963	0.0395585785675	0.215033314825
yaq-	0.754368932039	0.152427184466	0.0281553398058	0.0650485436893
ith-	0.245617625024	0.603453941862	0.0328722325347	0.118056200579
ine-	0.127266225639	0.60933309494	0.195744680851	0.0676559985697
neh-	0.171363064862	0.556171880778	0.15930774351	0.11315731085
amg-	0.709433962264	0.0415094339622	0.0452830188679	0.203773584906
alw-	0.28364389234	0.434782608696	0.182194616977	0.0993788819876
one-	0.210746763868	0.484804807315	0.137697653827	0.166750774991
uku-	0.227901748444	0.131675565826	0.0164453489173	0.623977336812
ice-	0.392775607529	0.476535944396	0.0422606666329	0.0884277814419
imq-	0.833333333333	0.166666666667	0.0	0.0
hwe-	0.20202020202	0.676767676768	0.0808080808081	0.040404040404
sok-	0.20225146373	0.42141339265	0.222225423165	0.154109720455
lum-	0.359728910291	0.258605314785	0.135544854646	0.246120920278
cal-	0.288964732651	0.29180887372	0.080204778157	0.339021615472
uhe-	0.0234516576058	0.939238887112	0.034751092634	0.0025583626479
uny-	0.0981784321714	0.782866786941	0.0505150439388	0.0684397369493
emv-	0.0596492269342	0.0209514200077	0.0153722883343	0.904027064724
liv-	0.394187102634	0.388132001211	0.0732667272177	0.144414168937
sob-	0.1257956834	0.797941936492	0.0421838647085	0.0340785153987
lid-	0.392857142857	0.0714285714286	0.142857142857	0.392857142857
lwa-	0.168069419978	0.235233031035	0.0523313977512	0.544366151236
yed-	0.0311778290993	0.0308891454965	0.140300230947	0.797632794457
lev-	0.0280561122244	0.671342685371	0.268537074148	0.0320641282565
tsh-	0.155513666352	0.833176248822	0.0	0.0113100848256
ofa-	0.210060374761	0.403290893734	0.149216379391	0.237432352113
izu-	0.0202974965706	0.883894890261	0.00771604938272	0.088091563786
ego-	0.0	1.0	0.0	0.0
ins-	0.0905901915674	0.687660873329	0.202956652468	0.0187922826359
baw-	0.501215684177	0.17005590913	0.054860062615	0.273868344078
oka-	0.35509785186	0.313656793007	0.0258343065435	0.30541104859
loh-	0.393013100437	0.371179039301	0.0786026200874	0.157205240175
muh-	0.106603023071	0.1861575179	0.618138424821	0.0891010342084
mes-	0.336614519248	0.573738794164	0.0316400070311	0.058006679557
sed-	0.123966942149	0.752066115702	0.123966942149	0.0
kaq-	0.433008526188	0.492387332521	0.0563337393423	0.0182704019488
omb-	0.436924309171	0.505006007209	0.0250300360433	0.0330396475771
nej-	0.0152016215063	0.874386601237	0.0304032430126	0.0800085342437
haw-	0.15625	0.5703125	0.109375	0.1640625
kuk-	0.176778945249	0.437931454468	0.0252397291883	0.360049871094
ami-	0.0830687376641	0.119711662233	0.0154466660946	0.781772934008
zat-	0.341683485694	0.158019707942	0.00213700581741	0.498159800546
kur-	0.0661417322835	0.933858267716	0.0	0.0
agc-	0.484088974032	0.144742443593	0.280172413793	0.0909961685824
emc-	0.0254237288136	0.974576271186	0.0	0.0
iku-	0.364021164021	0.14708994709	0.0190476190477	0.469841269841
okh-	0.505219544474	0.272258804599	0.0259643743075	0.19655727662
woy-	0.371508379888	0.385474860335	0.0670391061452	0.175977653631
sec-	0.473372781065	0.384615384615	0.14201183432	0.0
imn-	0.468085106383	0.182624113475	0.27304964539	0.0762411347517
nsi-	0.076497232008	0.634121791646	0.289380976346	0.0
laf-	0.615873015873	0.219047619048	0.0253968253968	0.139682539682
aqh-	0.619066715681	0.259755594916	0.0759504951598	0.045227194243
uze-	0.5590379597	0.148126227435	0.052594764736	0.240241048129
wet-	0.0349150677123	0.079540641218	0.014330220535	0.871214070535
bin-	0.149425287356	0.582375478927	0.0613026819923	0.206896551724
uke-	0.292372881356	0.707627118644	0.0	0.0
lem-	0.109743573285	0.697952437498	0.0844699765718	0.107834012645
mnt-	0.0162110616656	0.855054036872	0.0467260012714	0.0820089001907
paw-	0.0640635959785	0.891045125088	0.00280570493337	0.0420855740005
zaf-	0.292125317528	0.415749364945	0.0	0.292125317527
nem-	0.135663706637	0.642389491757	0.0439681516105	0.177978649996
lud-	0.231129315389	0.75599765945	0.00585137507314	0.00702165008777
ze--	0.0841121495327	0.915887850467	0.0	0.0
wan-	0.628474109395	0.0893337556401	0.0217213334714	0.260470801493
nec-	0.299395135778	0.181712347835	0.476374863969	0.0425176524182
umi-	0.532672096336	0.274413353762	0.0634895035347	0.129425046367
ilu-	0.209461663948	0.497553017945	0.212724306688	0.0802610114193
sik-	0.207053258091	0.539379712773	0.0333421892333	0.220224839903
nga-	0.166742112426	0.178539782685	0.0472176871556	0.607500417734
ben-	0.440073338703	0.23071232487	0.0821589261387	0.247055410289
oni-	0.656554568465	0.217228803434	0.0628318263657	0.0633848017352
iwu-	0.0	1.0	0.0	0.0
mze-	0.531235832804	0.468764167196	0.0	0.0
eqo-	0.554097131071	0.33339583724	0.0196887305456	0.0928183011438
nip-	0.627904193707	0.213666881908	0.090680402193	0.0677485221926
beg-	0.635778832899	0.242533312912	0.086307244601	0.035380609588
ome-	0.438184330817	0.13500584671	0.083448495801	0.343361326672
inz-	0.093090877528	0.752104852009	0.0675722593525	0.0872320111101
ela-	0.390133397533	0.341873598659	0.200136907231	0.0678560965776
uqa-	0.3429844098	0.267260579065	0.336302895323	0.053452115813
ade-	0.679518731201	0.148208914411	0.106644790812	0.0656275635767
edw-	0.0302158273381	0.698561151079	0.232374100719	0.0388489208633
aqa-	0.573248407643	0.18152866242	0.21178343949	0.0334394904459
ili-	0.170881888027	0.486747785171	0.278406793368	0.0639635334338
lam-	0.0606640917744	0.179140094569	0.0454650425344	0.714730771122
gat-	0.612214565599	0.349952709093	0.0378327253073	0.0
its-	0.0424125834559	0.810931311531	0.0393798800498	0.107276224963
ent-	0.0693511314602	0.671733676909	0.0969238510753	0.161991340555
nit-	0.552044298951	0.0993767894804	0.082287559261	0.266291352307
kaj-	0.0195297138618	0.856968095622	0.00267836075819	0.120823829758
usu-	0.266175590147	0.56276727677	0.023627266507	0.147429866575
yem-	0.305800743525	0.619327504206	0.027311055266	0.047560697003
sat-	0.358646380324	0.199160719896	0.0696782011579	0.372514698622
ziv-	0.261641479297	0.212986853422	0.128701314658	0.396670352623
umn-	0.07656910615	0.830677090683	0.0306387062177	0.062115096949
the-	0.365748033967	0.505877701138	0.0601891659501	0.068185098945
ani-	0.543475970137	0.195505782164	0.0616500242185	0.199368223481
upi-	0.00194363459669	0.902818270165	0.0621963070943	0.0330417881438
nad-	0.568925233645	0.108644859813	0.301401869159	0.0210280373831
yad-	0.246406570842	0.390143737166	0.301848049281	0.0616016427104
nib-	0.544788469962	0.112990760118	0.0432267977446	0.298993972176
kuv-	0.448473746244	0.110023165286	0.134060836619	0.307442251851
iqi-	0.0791243900308	0.838980618269	0.0313252711321	0.0505697205686
aka-	0.343848058977	0.25253340346	0.041273540829	0.362344996734
ele-	0.565511031067	0.244437071969	0.129623924738	0.0604279722268
sav-	0.484790874525	0.375475285171	0.0798479087452	0.0598859315589
wow-	0.655090765588	0.155485398579	0.0947119179163	0.0947119179163
lav-	0.773687386844	0.108630054315	0.086904043452	0.0307785153893
ded-	0.377747252747	0.326923076923	0.0370879120879	0.258241758242
ahu-	0.608823529412	0.152941176471	0.238235294118	0.0
ban-	0.410471424776	0.300640701015	0.114640443655	0.174247430554
zeq-	0.282608695652	0.717391304348	0.0	0.0
ndl-	0.0370432170866	0.874853996329	0.00700817620557	0.0810946103788
weg-	0.269076305221	0.634538152611	0.0843373493976	0.0120481927711
ise-	0.271693360228	0.340075665325	0.0473047713773	0.340926203069
odi-	0.926605504587	0.0183486238532	0.0183486238532	0.0366972477064
ter-	0.0	1.0	0.0	0.0
wen-	0.221550040716	0.187875433839	0.0163336943717	0.574240831074
iyi-	0.315852470424	0.474933890049	0.101990257481	0.107223382046
ums-	0.139460630595	0.761116495936	0.0319921951714	0.0674306782979
okw-	0.373318092348	0.264483179021	0.158182576932	0.204016151698
buk-	0.151291597195	0.686042527922	0.0811958979513	0.0814699769317
nam-	0.0634997201035	0.32817098156	0.0533186964861	0.55501060185
ebe-	0.438480194018	0.411192692663	0.041618815058	0.108708298261
ale-	0.661254936376	0.225391253474	0.014626298084	0.0987275120667
bup-	0.548008913865	0.327196977037	0.0189904079062	0.105803701192
bug-	0.597402597403	0.383116883117	0.0194805194805	0.0
ugw-	0.305084745763	0.440677966102	0.254237288136	0.0
sid-	0.635033192517	0.180044256689	0.0702574934621	0.114665057332
bon-	0.042296312134	0.138378313757	0.00817303381636	0.811152340293
ezu-	0.0267216228091	0.865100763541	0.00285891391573	0.105318699734
elu-	0.260083109264	0.138596920068	0.429234905891	0.172085064776
won-	0.131725545829	0.0582332791253	0.287187294557	0.522853880489
iha-	0.233185662505	0.652033830044	0.0604107933951	0.0543697140555
amv-	0.515998379911	0.239773187525	0.0194410692588	0.224787363305
yit-	0.438587248626	0.346472112688	0.0830739102902	0.131866728396
ula-	0.168024202932	0.697266429172	0.0936252483844	0.0410841195109
net-	0.160867678213	0.681844159974	0.0632280964106	0.0940600654025
low-	0.111659657304	0.101022637469	0.020534441551	0.766783263677
kon-	0.0600696838344	0.348488395666	0.00615489658247	0.585287023917
eli-	0.223579811561	0.263382799331	0.325024605383	0.188012783726
fut-	0.0944632390719	0.0267844740346	0.0233357584839	0.85541652841
kuw-	0.0661301707148	0.024045173965	0.00167418153708	0.908150473783
ahl-	0.590756143219	0.118243643516	0.0685647259544	0.222435487311
mut-	0.023919630043	0.947376813905	0.0191357040344	0.00956785201721
hlo-	0.463829787234	0.425531914894	0.0751773049645	0.0354609929078
uth-	0.380486764776	0.382371518599	0.0479478498613	0.189193866763
jab-	0.150684931507	0.602739726027	0.205479452055	0.041095890411
maf-	0.082056892779	0.823851203501	0.00328227571116	0.0908096280087
koz-	0.105808269119	0.0399370287514	0.34965614384	0.50459855829
waw-	0.472320341105	0.290268274655	0.0482814575262	0.189129926713
omp-	0.171078755791	0.16644606221	0.581072137657	0.0814030443415
ene-	0.350077329643	0.500655407321	0.0841924736223	0.0650747894136
ewu-	0.572755417957	0.046439628483	0.0371517027864	0.343653250774
leq-	0.043321299639	0.823104693141	0.12274368231	0.0108303249097
vez-	0.817204301075	0.150537634409	0.0322580645161	0.0
nim-	0.601552429351	0.208524417452	0.0556581556768	0.134264997521
upe-	0.00159521435693	0.991824526421	0.0011964107677	0.00538384845464
yim-	0.277183029324	0.119261945955	0.0156322727392	0.587922751983
oze-	0.705259313367	0.233016800584	0.0131482834185	0.0485756026296
obh-	0.385079458505	0.126103590347	0.100353148911	0.388463802237
gco-	0.512195121951	0.390243902439	0.0975609756098	0.0
kep-	0.0794709979247	0.0112944455503	0.00173060052787	0.907503955997
yam-	0.196672873818	0.198186585979	0.029182102367	0.575958437836
eyi-	0.158234413874	0.359993390069	0.205945266096	0.275826929962
zeh-	0.429589270746	0.347233864208	0.0377200335289	0.185456831517
ina-	0.123629652023	0.660401728513	0.0758681171398	0.140100502324
lat-	0.229196438386	0.64878531384	0.0450698032318	0.0769484445422
ese-	0.540021190627	0.166786414972	0.059823847079	0.233368547322
enq-	0.196692776327	0.769074557586	0.00986364955033	0.0243690165361
rab-	0.00233735878458	0.945851188157	0.00116867939229	0.0506427736658
uwe-	0.653979238754	0.297577854671	0.0	0.0484429065744
epo-	0.0643776824033	0.892703862661	0.0	0.0429184549356
umu-	0.0557280912267	0.581672649422	0.0118865750434	0.350712684308
bep-	0.536528592643	0.179303361631	0.0434752028113	0.240692842915
uza-	0.541088738289	0.212939407744	0.0571225487023	0.188849305265
sif-	0.476166734923	0.262014565268	0.108740941223	0.153077758587
ofe-	0.331225366853	0.396000801621	0.211984234786	0.0607895967401
eju-	0.0	0.976470588235	0.0	0.0235294117647
ogu-	0.0777051561365	0.0302590171871	0.82304526749	0.0689905591866
ne--	0.0185758513932	0.976780185759	0.0	0.00464396284829
mde-	0.807692307692	0.173076923077	0.0192307692308	0.0
lab-	0.159577555507	0.142721661959	0.0271074696578	0.670593312876
azi-	0.582659736467	0.232667465518	0.0555921604397	0.129080637576
sah-	0.455010038328	0.168643913123	0.0231794123015	0.353166636248
imk-	0.658088235294	0.231617647059	0.0	0.110294117647
kod-	0.0821391764482	0.0188275994833	0.0071426658882	0.89189055818
iba-	0.101238501013	0.827027843442	0.0232350658063	0.0484985897386
egc-	0.414045903278	0.24334569084	0.310117882284	0.0324905235973
ino-	0.278905560459	0.60105913504	0.0317740511915	0.0882612533098
bas-	0.233527997527	0.118233765305	0.0302890869603	0.617949150207
zod-	0.0430107526882	0.100358422939	0.0681003584229	0.78853046595
lwe-	0.0757738852749	0.559728624493	0.20453974157	0.159957748662
sit-	0.328674324578	0.219381744183	0.0448496532519	0.407094277988
eqi-	0.252755308706	0.611690958114	0.0540127483505	0.0815409848287
yes-	0.121126656158	0.541356282115	0.270812825457	0.0667042362694
efu-	0.520665094452	0.254579670788	0.0313013649682	0.193453869792
nid-	0.635988930935	0.187886728979	0.0851080077893	0.091016332297
thw-	0.298245614035	0.561403508772	0.0350877192982	0.105263157895
ang-	0.514525307042	0.189027880088	0.0797134868901	0.21673332598
ece-	0.155778894472	0.0964824120603	0.709547738694	0.0381909547738
inh-	0.111101829421	0.783793740857	0.0187418740589	0.0863625556634
bax-	0.4097986684	0.424944958752	0.142974614711	0.0222817581368
no--	0.0202264603694	0.964142941652	0.0111980403429	0.00443255763574
vuk-	0.499479044845	0.0951327904059	0.0	0.405388164749
omi-	0.407147247344	0.389586443059	0.0316094477127	0.171656861884
qho-	0.207920792079	0.792079207921	0.0	0.0
eha-	0.574836965166	0.289009066327	0.0152696039446	0.120884364562
lus-	0.237079311988	0.637054167921	0.0290618631753	0.0968046569151
kes-	0.0	0.977011494253	0.0229885057472	0.0
sod-	0.105882352941	0.278991596639	0.0151260504202	0.6
amm-	0.568656716418	0.285074626866	0.0477611940298	0.0985074626865
ont-	0.771256583898	0.189616252822	0.0391271632807	0.0
kun-	0.159079320699	0.354789955229	0.0821772196389	0.403953504432
ibh-	0.768595041322	0.181818181818	0.0495867768595	0.0
ide-	0.0617584423487	0.883480377244	0.0310313355644	0.0237298448433
adl-	0.740615254302	0.138104955146	0.0274900858584	0.0937897046935
kan-	0.0547468722437	0.277115534925	0.0428491942199	0.625288398611
zab-	0.139892022316	0.262131884027	0.0638664894048	0.534109604252
kux-	0.43137254902	0.0	0.56862745098	0.0
lig-	0.512966928384	0.153907922912	0.218697953843	0.114427194861
ida-	0.36420233463	0.175875486381	0.417898832685	0.0420233463035
igc-	0.45146480105	0.2490161784	0.247048535199	0.052470485352
sey-	0.570928753181	0.0871501272265	0.166984732824	0.174936386768
osi-	0.445322957342	0.40550370637	0.0536985239137	0.0954748123737
vul-	0.27027027027	0.675675675676	0.0	0.0540540540541
ifi-	0.644467101981	0.174949924435	0.0472771185399	0.133305855045
bum-	0.213123948401	0.703309029725	0.0723499719573	0.0112170499159
uya-	0.646937548856	0.160780070944	0.0658660413144	0.126416338886
luh-	0.448293428426	0.504839531329	0.0	0.0468670402446
qha-	0.0834579663583	0.0866707287801	0.0195720009601	0.810299303901
hha-	0.430904522613	0.195979899498	0.172110552764	0.201005025126
waj-	0.250922509225	0.0922509225092	0.619926199262	0.0369003690037
abr-	0.020618556701	0.907216494845	0.0515463917526	0.020618556701
kow-	0.179152978146	0.595093558063	0.12873160977	0.0970218540208
yen-	0.104939973437	0.181916132244	0.0156163484913	0.697527545828
afu-	0.644396943788	0.235219210478	0.029788975805	0.0905948699291
lez-	0.210239098988	0.193458683194	0.0202787014921	0.576023516326
bik-	0.557235421166	0.416846652268	0.0259179265659	0.0
udu-	0.14649384558	0.616654233495	0.0165982842223	0.220253636703
mna-	0.0	0.129895884978	0.870104115022	0.0
abh-	0.728143630036	0.169337330714	0.0235190737103	0.0789999655398
iho-	0.17773237998	0.773237997957	0.00306435137896	0.0459652706843
oke-	0.449612403101	0.0568475452196	0.00258397932817	0.490956072352
lol-	0.155145184283	0.541331235471	0.0262331347857	0.27729044546
ikr-	0.0	0.961722488038	0.0191387559808	0.0191387559808
beb-	0.562297096869	0.12941514408	0.0394288329463	0.268858926105
azu-	0.662100456621	0.109589041096	0.173515981735	0.054794520548
igo-	0.00510204081632	0.897959183674	0.0867346938775	0.0102040816326
nor-	0.0804020100502	0.889447236181	0.0	0.0301507537689
msi-	0.185185185185	0.327160493827	0.462962962963	0.0246913580247
ufa-	0.26761081022	0.202173864458	0.0979008823099	0.432314443012
bub-	0.0891984878732	0.473728921548	0.388013422249	0.0490591683303
eta-	0.00700716287761	0.914356898162	0.0397072563065	0.0389286826534
mat-	0.0	1.0	0.0	0.0
oya-	0.655826137462	0.191576346668	0.0552479780884	0.097349537782
ijo-	0.203457446808	0.768617021277	0.00398936170212	0.0239361702128
phu-	0.44119941492	0.168746952706	0.0448561677231	0.345197464651
sih-	0.431143317561	0.149003869564	0.027867018383	0.391985794492
eku-	0.236762789653	0.541454354216	0.0507394146601	0.171043441471
kin-	0.012299772332	0.00475156767794	0.00338040100516	0.979568258985
nif-	0.655578866049	0.145200454677	0.0370907128735	0.1621299664
bem-	0.658772639572	0.180587539678	0.043567560839	0.117072259912
mem-	0.705882352941	0.254901960784	0.0	0.0392156862745
ewi-	0.578723404255	0.404255319149	0.0170212765957	0.0
yip-	0.706760814869	0.128642155669	0.111192273354	0.0534047561074
ala-	0.498443140514	0.283249184354	0.132686606046	0.0856210690848
but-	0.408512720157	0.146771037182	0.410469667319	0.0342465753425
ets-	0.182592242195	0.797540208136	0.00283822138127	0.0170293282876
ecw-	0.18588362069	0.288793103448	0.525323275862	0.0
enx-	0.558011989286	0.391394923685	0.0	0.0505930870286
nah-	0.622013142175	0.207213261649	0.0810185185185	0.0897550776583
ong-	0.309444667304	0.410674510177	0.166741312526	0.113139509993
baj-	0.562174324964	0.287423022264	0.136191378493	0.0142112742776
idw-	0.0243902439024	0.934959349594	0.040650406504	0.0
iqe-	0.530303030303	0.318181818182	0.0378787878788	0.113636363636
wot-	0.302798889404	0.625403059869	0.00251603123421	0.0692820194928
seb-	0.594659721154	0.172737831008	0.0452991288313	0.187303319007
ayi-	0.278772605945	0.158548810028	0.0715122466017	0.491166337425
umj-	0.0343511450381	0.787022900763	0.137404580153	0.0412213740458
tha-	0.588110472708	0.332234264821	0.0274223034735	0.0522329589971
saz-	0.466874783212	0.0650364203954	0.0275754422477	0.440513354145
saq-	0.412683916794	0.281988838153	0.0892947742263	0.216032470827
val-	0.575471698113	0.349056603774	0.0754716981132	0.0
yi--	0.0	1.0	0.0	0.0
i-e-	0.0288461538462	0.971153846154	0.0	0.0
mza-	0.0442176870748	0.945578231293	0.0	0.0102040816327
izo-	0.0601856680923	0.831803483884	0.0386460832377	0.0693647647856
egu-	0.217948717949	0.423076923077	0.282051282051	0.0769230769232
ona-	0.343897601236	0.161254280854	0.210762864848	0.284085253063
uhl-	0.419236521827	0.338565222433	0.0745369503097	0.16766130543
ubi-	0.461937244202	0.472578444748	0.0	0.0654843110504
mub-	0.031113876789	0.421281891724	0.441817050404	0.105787181083
zez-	0.105186477589	0.777281381532	0.0439497462478	0.0735823946307
naq-	0.574578134092	0.181030581237	0.0271545871856	0.217236697485
idl-	0.263214883355	0.709223348755	0.0275617678905	0.0
eba-	0.354066385931	0.509838209816	0.0445767032647	0.0915187009884
uyu-	0.0	1.0	0.0	0.0
lug-	0.0	0.144927536232	0.855072463768	0.0
ndi-	0.172881355932	0.164406779661	0.628813559322	0.0338983050847
bam-	0.582273432593	0.110108038022	0.0687384046025	0.238880124782
zoz-	0.592105263158	0.0986842105264	0.289473684211	0.0197368421053
wed-	0.0600414078675	0.128364389234	0.155279503106	0.656314699793
mya-	0.10516605166	0.763837638376	0.00922509225093	0.121771217712
sac-	0.799620132953	0.0959164292497	0.0854700854701	0.0189933523267
lay-	0.359422703303	0.118789897308	0.0083263946711	0.513461004718
ech-	0.249653259362	0.414701803051	0.0471567267684	0.288488210818
zel-	0.0560783808173	0.936186670104	0.00773494907825	0.0
yon-	0.105390609963	0.0596042201005	0.0589954656747	0.776009704262
bov-	0.153529814942	0.385880740233	0.403015764222	0.0575736806032
kob-	0.159982623893	0.686535697334	0.0777547251774	0.0757269535961
eni-	0.547391246745	0.194358503486	0.090451858215	0.167798391553
uto-	0.0	1.0	0.0	0.0
was-	0.450081343495	0.365345011099	0.0435426433082	0.141031002097
omt-	0.4	0.218181818182	0.127272727273	0.254545454545
afe-	0.551838011645	0.291300947249	0.0434518119406	0.113409229165
imy-	0.643835616439	0.335616438356	0.0205479452055	0.0
sos-	0.512953367876	0.238341968912	0.124352331606	0.124352331606
mup-	0.59646344682	0.0762734230668	0.0158353127474	0.311427817366
sus-	0.667431192661	0.0309633027523	0.0137614678899	0.287844036697
ule-	0.391304347826	0.354940711462	0.0545454545455	0.199209486166
kua-	0.0	0.872340425532	0.127659574468	0.0
ope-	0.0	0.986970684039	0.0	0.0130293159609
uka-	0.0214237893327	0.935059138585	0.0167373354162	0.0267797366659
ams-	0.783431952663	0.091124260355	0.0	0.125443786982
oza-	0.67118994641	0.0946284747251	0.0169231251371	0.217258453728
ave-	0.281362150092	0.0640401945928	0.0114841693915	0.643113485924
yev-	0.00867678958786	0.736080983369	0.253796095445	0.00144613159797
kag-	0.692682926829	0.156097560976	0.0341463414634	0.117073170732
zal-	0.2431438544	0.335327848417	0.0958613812017	0.325666915981
kus-	0.218515688696	0.184413658111	0.0688992364285	0.528171416764
bhi-	0.918918918919	0.0810810810811	0.0	0.0
nom-	0.0668968058271	0.365078366352	0.034402970269	0.533621857552
enh-	0.0794832975191	0.447099653253	0.3184887185	0.154928330729
lap-	0.0713925699091	0.0730027135416	0.00253645299797	0.853068263551
esa-	0.399589103345	0.298307814175	0.0516709751554	0.250432107325
joh-	0.0322580645161	0.948766603416	0.0189753320683	0.0
oga-	0.490305902628	0.175355450237	0.0907654746518	0.243573172483
lic-	0.39601980099	0.60398019901	0.0	0.0
udl-	0.657363420427	0.156175771972	0.0887767220902	0.0976840855107
sis-	0.385706331916	0.228368577352	0.136632150473	0.249292940258
wat-	0.69952836869	0.0389233188563	0.0057493203666	0.255798992087
u-o-	0.193548387097	0.776674937965	0.0	0.029776674938
esh-	0.612263715998	0.100276625173	0.0491009681881	0.238358690641
ekh-	0.372625231276	0.394580360072	0.0565172530038	0.176277155648
emp-	0.0631865025364	0.698260567801	0.19433602508	0.0442169045827
qal-	0.0898876404494	0.280898876404	0.224719101124	0.404494382022
ama-	0.0917878648142	0.651022580071	0.0636798952986	0.193509659816
bun-	0.350077565192	0.348193839108	0.160818497451	0.140910098249
kok-	0.228560467703	0.435861632154	0.158583537021	0.176994363122
abu-	0.58770129014	0.163122704586	0.0815519352105	0.167624070063
nxa-	0.0936725623638	0.0220363291524	0.00639607808735	0.877895030396
mis-	0.354980737479	0.387176664832	0.0321959273528	0.225646670336
ifu-	0.379058090209	0.559475370098	0.0385248030474	0.0229417366462
enu-	0.0582830139144	0.0267786820688	0.0409556313993	0.873982672617
sak-	0.139332528592	0.172663540554	0.034801213303	0.653202717551
yaw-	0.505007720935	0.175646828345	0.0332008503097	0.28614460041
aje-	0.47191011236	0.370786516854	0.0898876404494	0.0674157303371
noq-	0.058699440521	0.250022929469	0.284050261396	0.407227368614
eml-	0.0893559288806	0.768235983417	0.00561398506056	0.136794102642
zob-	0.0982060237008	0.621901833776	0.245763808046	0.0341283344776
map-	0.834437086093	0.145695364238	0.0	0.0198675496689
umq-	0.0733562055671	0.854490149613	0.0339546563859	0.0381989884342
ika-	0.0375550116922	0.216682522622	0.091218645151	0.654543820535
bet-	0.398024398143	0.103131454892	0.039381769765	0.4594623772
o-e-	0.220183486238	0.779816513762	0.0	0.0
mgc-	0.28025477707	0.71974522293	0.0	0.0
law-	0.17618844596	0.116073331912	0.00905990193989	0.698678320188
kha-	0.354752342704	0.404283801874	0.0481927710843	0.192771084337
epr-	0.84126984127	0.126984126984	0.031746031746	0.0
sal-	0.331817216769	0.401414316278	0.0764237069459	0.190344760007
asu-	0.489121288616	0.0384661617983	0.00360620266859	0.468806346917
bop-	0.0	0.0862177470107	0.913782252989	0.0
end-	0.0526543522459	0.695683370997	0.0812730045121	0.170389272245
nih-	0.578412984689	0.194435866345	0.107705194448	0.119445954519
wap-	0.620098245352	0.102630954067	0.0203118347048	0.256958965877
isk-	0.0	0.995481927711	0.0	0.00451807228915
wun-	0.400313971743	0.599686028257	0.0	0.0
sek-	0.295922489176	0.436362498507	0.0861756054822	0.181539406835
imv-	0.119122560651	0.783061352961	0.0614982325311	0.036317853857
mbe-	0.50808753568	0.486203615604	0.0	0.0057088487155
ind-	0.0423450821041	0.876436754585	0.0148730375514	0.0663451257596
yan-	0.520115057206	0.212968187358	0.142316063496	0.12460069194
obu-	0.269539221922	0.320822920481	0.321990016511	0.0876478410865
zeg-	0.00993377483443	0.430463576159	0.559602649007	0.0
bat-	0.434775171334	0.0513597505343	0.036274119139	0.477590958993
yew-	0.0804347826087	0.828260869565	0.0	0.0913043478261
efi-	0.479086869925	0.22613758235	0.170369235483	0.124406312241
eme-	0.184308793925	0.599966418713	0.0727244742868	0.143000313076
ziy-	0.423995267253	0.288952819678	0.154815279726	0.132236633343
zil-	0.589458513486	0.182108297303	0.155771738384	0.0726614508269
ufe-	0.0750036059426	0.893804990625	0.0200129813933	0.0111784220395
efa-	0.37030233658	0.278011199682	0.13849953506	0.213186928678
min-	0.180061096834	0.0130630849052	0.00447073655627	0.802405081705
ikh-	0.295717523305	0.541576156675	0.0791948174121	0.0835115026084
umv-	0.142341751394	0.747487999046	0.0368228033036	0.0733474462566
mpi-	0.13211701793	0.590437244417	0.0924819125511	0.184963825102
kut-	0.259250033394	0.091740403395	0.0122383113296	0.636771251882
lul-	0.552224479318	0.316204210103	0.109382324709	0.0221889858696
amq-	0.585192216421	0.343616516374	0.0711912672045	0.0
waf-	0.780730012095	0.107696346711	0.0169501533798	0.0946234878148
yow-	0.206650093226	0.625543816035	0.132069608452	0.0357364822871
akw-	0.553047253932	0.271388259438	0.048118536254	0.127445950376
sho-	0.865834633385	0.115444617785	0.0	0.01872074883
nac-	0.0955769499093	0.242779405609	0.558811218083	0.102832426399
zid-	0.343119288929	0.362497974245	0.113747709338	0.180635027488
idu-	0.494736842105	0.284210526316	0.0	0.221052631579
kar-	0.0	1.0	0.0	0.0
bhe-	0.469158879565	0.178277945465	0.00957472505626	0.342988449913
sel-	0.329360737789	0.361839370268	0.0522545642827	0.25654532766
kay-	0.347249006672	0.478385671317	0.0609290868807	0.113436235131
ibe-	0.476015573349	0.171288474253	0.031495629178	0.32120032322
suk-	0.247173050737	0.4784204606	0.0049730625777	0.269433426085
amn-	0.557040769112	0.212122770038	0.152691378335	0.078145082515
yin-	0.13056223507	0.213018704534	0.0144940718128	0.641924988583
lil-	0.321110760492	0.271364419739	0.367832609171	0.0396922105978
aya-	0.573732212559	0.302876186291	0.0422740732192	0.081117527931
